,acreana,acrocephala,acuminata,alata,alba,aria,auristellae,bourgonii,brachyrhachis.aff,brachystachys,brachystachys.aff,brevialata,brevipes,capitata12,capitata33,capitata35,cayennensis,chartacea,cinnamomea,cocleensis,cordatoalata,coruscans,cylindrica,edulis,fastuosa,flagelliformis,fosteriana,glomeriflora,goldmanii,gracilifolia,grandiflora,heterophylla,huberi,ingoides,jenmanii,kursarii,LA17,LA41,LA48,lateriflora,laurina,leiocalycina,leiocalycina.aff,lomatophylla,longiflora,longipedunculata,loubryana,M18,M25,M27,M30,M71,marginata,melinonis,microcoma,multinervis,nobilis,nouragensis,obidensis,oerstediana,paraensis,pezizifera,pezizifera.aff,pitmanii,poeppigiana,punctata,retinocarpa,rubiginosa,ruiziana,sapindoides,sertulifera,setosa,spectabilis,splendens,stipularis,striata,suaveolens,subcapitata,T18,T21,T29,T50,T51,T82,T85,tenuistipula,thibaudiana,tomentosa,ulei,umbellifera,umbellifera.aff,umbratica,velutina,venusta,vera,virgultosa,vismiifolia,Zygia_mediana
acreana,1,0.251395518,0.050858726,0.090400695,0.071066778,0.056842187,0.338018172,0.096787423,0.043920798,0.049569264,0.058807752,0.066261362,0.05313031,0.046342425,0.046258252,0.044205355,0.061164934,0.296311605,0.071979177,0.055731527,0.049628778,0.087322213,0.111560687,0.074138613,0.081417771,0.05263897,0.04511288,0.050989584,0.068288236,0.054572644,0.071019063,0.043682234,0.045580883,0.066549556,0.070213158,0.038303404,0.042716668,0.049068291,0.056024188,0.054943781,0.058325531,0.087299539,0.064387716,0.067279454,0.057384395,0.057657147,0.048349966,0.105711437,0.05553411,0.069386212,0.059144125,0.075648539,0.173706299,0.249813587,0.06326418,0.232712217,0.072309871,0.102800569,0.04835061,0.073750477,0.069689551,0.071945819,0.088018872,0.306166147,0.082262792,0.074007206,0.058442212,0.070076246,0.072130668,0.063242827,0.062238484,0.056012601,0.057858975,0.057416066,0.071207823,0.095266155,0.0701154,0.028038944,0.171988615,0.052078663,0.104172833,0.059555283,0.069194009,0.065743013,0.03936919,0.050154798,0.075613145,0.287089037,0.037820005,0.064926216,0.053674104,0.061609854,0.035454898,0.072803441,0.060357985,0.042932046,0.060372082,0.079296417
acrocephala,0.251395518,1,0.024574734,0.06788719,0.041730265,0.034777289,0.308384241,0.101671395,0.034055243,0.028585186,0.028491618,0.036126892,0.031457778,0.026158191,0.033713161,0.028324971,0.02235723,0.500554849,0.046340305,0.026761065,0.037405093,0.046419247,0.057178595,0.092122578,0.048242645,0.046307229,0.044170593,0.028556518,0.082411109,0.02774073,0.048122953,0.021644911,0.03441215,0.03824653,0.042237009,0.019868382,0.024183217,0.027613154,0.042122495,0.019104411,0.03299588,0.081616221,0.033440157,0.027864279,0.048730917,0.034464066,0.032397333,0.063581663,0.028244322,0.037457332,0.024943777,0.046936715,0.12289546,0.369742505,0.04909968,0.42229001,0.041051021,0.062770801,0.028216508,0.033181752,0.038549131,0.034685304,0.049858701,0.211221083,0.045326444,0.052256376,0.036607446,0.045507447,0.038902008,0.04772904,0.038536894,0.021849057,0.033349603,0.040430136,0.040470257,0.059042808,0.026128799,0.01080307,0.2432745,0.037342829,0.05719934,0.050745901,0.044648415,0.045276257,0.014269929,0.053869741,0.044542628,0.198157585,0.020330285,0.043853509,0.053849743,0.030477392,0.023283874,0.035011714,0.033302797,0.033682852,0.055952247,0.044703672
acuminata,0.050858726,0.024574734,1,0.10167775,0.083555278,0.495525616,0.075865054,0.179645893,0.152500855,0.2225919,0.280193031,0.233641217,0.324093764,0.264173632,0.17405935,0.251991375,0.28807056,0.055699735,0.150002603,0.58562955,0.088778547,0.350135618,0.295054424,0.147396259,0.169876048,0.114135314,0.144444994,0.125802648,0.183147976,0.305457216,0.373427058,0.237064926,0.075306205,0.261982942,0.329138053,0.317043564,0.132933917,0.25707604,0.185782521,0.285111655,0.266063717,0.120463856,0.131629418,0.216409711,0.181868535,0.493915857,0.079767613,0.188035131,0.102589397,0.320975914,0.246527456,0.212239044,0.120467503,0.036753132,0.176410434,0.041235456,0.134156547,0.141743318,0.278144201,0.440509973,0.396212645,0.158918009,0.245568719,0.060777136,0.440229785,0.151415147,0.453001119,0.176663586,0.435409877,0.033888197,0.287624917,0.402710383,0.341100776,0.490675219,0.111445826,0.054009172,0.19271411,0.17025983,0.032524364,0.074108272,0.236113851,0.114497037,0.119216344,0.089790085,0.098443416,0.132333777,0.158414286,0.088096926,0.366430442,0.123813764,0.368837653,0.17283794,0.142081866,0.44281837,0.479748507,0.187904963,0.185787148,0.332683652
alata,0.090400695,0.06788719,0.10167775,1,0.134695731,0.155065667,0.160876275,0.102624661,0.305647234,0.169251747,0.102245368,0.104039171,0.063530245,0.180338827,0.295244378,0.259486255,0.078129206,0.112936792,0.064033291,0.112206205,0.136809396,0.121958543,0.145140872,0.20383279,0.090901778,0.063942548,0.045801545,0.104434104,0.110244703,0.109290137,0.159890101,0.142314143,0.138590046,0.100765999,0.172374675,0.085177265,0.092355943,0.073048561,0.056621148,0.074062357,0.18643113,0.108410033,0.094305137,0.084941587,0.216174419,0.143429999,0.179773476,0.098417611,0.115098899,0.192265051,0.066715692,0.073408407,0.173316548,0.050882969,0.057435238,0.050521556,0.064024181,0.108035602,0.147654013,0.125395807,0.174835336,0.153008098,0.302333497,0.075307829,0.167580108,0.165280786,0.160686799,0.177358068,0.149234341,0.050599169,0.154041146,0.096744108,0.229188361,0.165251046,0.114883705,0.10805291,0.061334659,0.05328692,0.037567475,0.142075231,0.088868225,0.226340875,0.081089076,0.140091462,0.035225305,0.057493759,0.194740131,0.069636812,0.088318356,0.131076273,0.065696698,0.1018353,0.027317724,0.156760312,0.150373192,0.183324523,0.062771595,0.223984502
alba,0.071066778,0.041730265,0.083555278,0.134695731,1,0.094985511,0.131211102,0.103449,0.074994975,0.204945205,0.206895924,0.198426733,0.17768915,0.072410593,0.076764566,0.074447826,0.092381243,0.069778275,0.068806858,0.088156114,0.135283553,0.081029326,0.119895017,0.157646351,0.105768916,0.186158866,0.04462559,0.105900913,0.089290238,0.072396037,0.107912169,0.200552006,0.165788828,0.127685448,0.225379638,0.058819356,0.086495243,0.068028602,0.064338368,0.091932866,0.210151843,0.144617138,0.070278753,0.123307551,0.143022648,0.106712557,0.199699152,0.090230826,0.237171927,0.243545793,0.086218283,0.109816929,0.24226092,0.030373215,0.071262037,0.032332237,0.08440107,0.076119217,0.199645333,0.10022416,0.105140631,0.082778137,0.090210438,0.048947604,0.147886831,0.226331371,0.094353996,0.193086134,0.084513461,0.202923484,0.213826541,0.069602875,0.103547294,0.099675239,0.11269008,0.198372238,0.069865038,0.037617512,0.028678995,0.122566608,0.069398542,0.141070205,0.064228653,0.143790901,0.03271482,0.058271589,0.197140291,0.049186604,0.068659617,0.200926125,0.06964413,0.218520445,0.032785338,0.103480467,0.092458857,0.181203383,0.064434877,0.153064324
aria,0.056842187,0.034777289,0.495525616,0.155065667,0.094985511,1,0.100469464,0.250928725,0.216856681,0.293801503,0.293281262,0.227399098,0.296706577,0.319615541,0.238534564,0.320744664,0.317536777,0.069463027,0.167819707,0.637495013,0.120198862,0.387440707,0.322177149,0.208648831,0.196856013,0.110703705,0.144662744,0.160505841,0.246570326,0.331857839,0.469262391,0.27424453,0.104270887,0.36815157,0.407517266,0.351970553,0.148718628,0.318086589,0.151256035,0.292029137,0.34649166,0.150802718,0.212616166,0.241078637,0.246058458,0.598719203,0.11831767,0.214628776,0.129818448,0.369351223,0.28411909,0.164649322,0.134733826,0.046341907,0.152536381,0.050951498,0.127841284,0.171562972,0.419721656,0.531875778,0.47900711,0.185125505,0.27387996,0.073243404,0.442884476,0.17045451,0.667615541,0.205727048,0.564134349,0.036207087,0.384422319,0.462907292,0.413545834,0.584550829,0.181154622,0.065284256,0.1888906,0.171983015,0.052415231,0.116816174,0.245246402,0.180633318,0.148890843,0.136604109,0.172948025,0.127235296,0.204951478,0.079459242,0.580328895,0.164550626,0.195236373,0.202826302,0.133784547,0.540066299,0.697740339,0.23622653,0.168689686,0.426969957
auristellae,0.338018172,0.308384241,0.075865054,0.160876275,0.131211102,0.100469464,1,0.114175195,0.095906211,0.083091706,0.076864419,0.08541092,0.057459637,0.07976953,0.098114515,0.083712175,0.067498635,0.307350071,0.075025153,0.078701932,0.111800818,0.089517004,0.117487613,0.175773299,0.085573939,0.062672379,0.053970107,0.077229992,0.093106822,0.075606461,0.116243697,0.066990691,0.097015805,0.068681319,0.12709686,0.064832935,0.065620933,0.061502302,0.058956464,0.051283637,0.093894899,0.141953998,0.06926791,0.059949228,0.194068753,0.108624076,0.101469487,0.100626152,0.071661666,0.106133178,0.066222603,0.089409684,0.246910513,0.284156021,0.065896305,0.242653196,0.060851357,0.094521223,0.083005106,0.092444633,0.106004978,0.084758366,0.094608606,0.283829255,0.14394085,0.174557309,0.111671501,0.180574934,0.103556707,0.110822111,0.10467654,0.066446104,0.097687922,0.105555984,0.084901121,0.121767397,0.05261398,0.037995691,0.186656188,0.087758624,0.109287602,0.127485671,0.065384661,0.113838371,0.028371383,0.062736758,0.216128225,0.248694692,0.063592405,0.085667942,0.069292143,0.089048886,0.029854761,0.113238967,0.099602509,0.079519456,0.065203299,0.142228502
bourgonii,0.096787423,0.101671395,0.179645893,0.102624661,0.103449,0.250928725,0.114175195,1,0.097663818,0.143942728,0.17724296,0.236800105,0.273621283,0.094417741,0.097141094,0.093823651,0.213720136,0.16342666,0.315349198,0.223428451,0.107735495,0.268024512,0.298170843,0.278590168,0.339975743,0.280181133,0.256736267,0.116252423,0.443355426,0.118953734,0.296166051,0.098951815,0.091711651,0.182653084,0.227892112,0.099277544,0.103911732,0.21987528,0.282359345,0.157363403,0.124066577,0.25528308,0.304072368,0.198815372,0.134389083,0.207433783,0.077921994,0.223510894,0.108634106,0.210402611,0.267537422,0.252700528,0.172465943,0.112636403,0.416262176,0.132345991,0.259758687,0.211049939,0.17529593,0.288340503,0.220108584,0.146013331,0.158594111,0.181059787,0.215001607,0.211101438,0.207013491,0.153895883,0.243960242,0.045505611,0.170107593,0.203892977,0.171689907,0.196722413,0.196638014,0.111121411,0.270887657,0.063446397,0.11992888,0.105358735,0.192356847,0.146269913,0.275439667,0.149932512,0.175325089,0.312959576,0.149446653,0.173633577,0.150840579,0.198812205,0.391808089,0.244408139,0.210002167,0.209540297,0.181116782,0.109562442,0.312843602,0.199999631
brachyrhachis.aff,0.043920798,0.034055243,0.152500855,0.305647234,0.074994975,0.216856681,0.095906211,0.097663818,1,0.180401064,0.111184723,0.128034984,0.079290155,0.31352911,0.849181254,0.458950394,0.105774947,0.071332698,0.077241116,0.161410878,0.164645938,0.145523345,0.139176175,0.226549683,0.079736087,0.065785643,0.068062168,0.148756925,0.131088115,0.178120028,0.201488716,0.156807495,0.148220181,0.070042034,0.178767646,0.135306471,0.141721068,0.106988518,0.062034143,0.097825812,0.205381032,0.123453946,0.118215564,0.11096805,0.276030431,0.19116936,0.179195624,0.096763341,0.084609795,0.198189204,0.060589712,0.081153556,0.092602878,0.017561246,0.040353587,0.021110423,0.072376699,0.073745699,0.180817826,0.172626517,0.241396439,0.152826017,0.104401,0.04159461,0.210766941,0.148251174,0.227065001,0.173572478,0.229034712,0.027004236,0.171523609,0.142143749,0.357020789,0.231886957,0.125591827,0.058499208,0.064556924,0.089587934,0.01311325,0.175444747,0.097123228,0.249667592,0.06208379,0.16292206,0.030275944,0.085257992,0.172124002,0.022704488,0.137067871,0.142163088,0.086530685,0.104966683,0.026978073,0.213778863,0.216908511,0.226296991,0.080448906,0.263764408
brachystachys,0.049569264,0.028585186,0.2225919,0.169251747,0.204945205,0.293801503,0.083091706,0.143942728,0.180401064,1,0.459160136,0.41954359,0.457809806,0.30300133,0.194032957,0.290987691,0.175729585,0.058823407,0.138141059,0.272216667,0.092802856,0.237569624,0.245659862,0.133599866,0.188368103,0.267645513,0.055201412,0.123300486,0.139665755,0.186013518,0.354049524,0.779386909,0.094895744,0.244101275,0.620046492,0.207106626,0.122709619,0.135488931,0.106364307,0.357832854,0.665462871,0.08915478,0.148723643,0.271143943,0.142946142,0.270135989,0.488591307,0.216907164,0.332440671,0.527974185,0.255278176,0.114472289,0.116947876,0.040581617,0.236127721,0.042271649,0.102048794,0.1296862,0.738382328,0.331030202,0.376800821,0.14670038,0.313196547,0.055913421,0.225183197,0.131002107,0.329480031,0.122521499,0.321548718,0.031619907,0.635013097,0.205192386,0.332770951,0.327219295,0.117218549,0.075272537,0.064412687,0.090764919,0.043362702,0.095292434,0.154203704,0.162443712,0.113562001,0.094743225,0.032168678,0.066377882,0.134870292,0.024288458,0.25199345,0.2596214,0.122150886,0.375305358,0.052941372,0.26583519,0.304462807,0.629130379,0.11038666,0.347516611
brachystachys.aff,0.058807752,0.028491618,0.280193031,0.102245368,0.206895924,0.293281262,0.076864419,0.17724296,0.111184723,0.459160136,1,0.445859738,0.367239852,0.214035561,0.125051949,0.185783784,0.156214304,0.05502255,0.128219606,0.281177016,0.100109839,0.243509603,0.282953301,0.144381787,0.216349135,0.289800989,0.107958062,0.127340039,0.205909172,0.326967174,0.266476129,0.459553026,0.094610283,0.240365965,0.506303586,0.264392042,0.126191782,0.297778205,0.1864169,0.233471939,0.479224012,0.115175654,0.129688408,0.152231228,0.130683674,0.251162351,0.305867212,0.163293281,0.286377948,0.464267307,0.127782508,0.136063764,0.124589057,0.03189575,0.165912669,0.043156662,0.145929977,0.126866419,0.397738066,0.262347805,0.292155258,0.20365663,0.19559923,0.07420661,0.307833156,0.138220502,0.283799259,0.132270861,0.286928626,0.036780503,0.601629637,0.224058121,0.255813716,0.283426657,0.156007854,0.081118667,0.152231563,0.128164924,0.033480329,0.128492881,0.175016981,0.151643972,0.090692129,0.130641804,0.056956618,0.108443434,0.130466369,0.054966479,0.268956789,0.281724446,0.143963403,0.552209188,0.101890105,0.299272117,0.290278296,0.419289964,0.126224917,0.309704974
brevialata,0.066261362,0.036126892,0.233641217,0.104039171,0.198426733,0.227399098,0.08541092,0.236800105,0.128034984,0.41954359,0.445859738,1,0.392275113,0.249089676,0.148978076,0.227964951,0.218131188,0.075863342,0.31464721,0.225951959,0.091682489,0.245857857,0.375244692,0.174938315,0.298974696,0.388614331,0.145791413,0.124599614,0.205801121,0.243271247,0.32043432,0.390847185,0.083121946,0.167827119,0.482828395,0.176934751,0.124514377,0.224835312,0.232835629,0.260869438,0.392987117,0.152689941,0.215732433,0.244772294,0.146884356,0.216110697,0.290489119,0.228806824,0.264877007,0.422367997,0.192553197,0.215091834,0.12325723,0.062574109,0.212735637,0.066586516,0.190835641,0.215957446,0.364702218,0.325540039,0.384069992,0.216706339,0.19543026,0.09610922,0.248012697,0.16024161,0.256893726,0.124082885,0.296167363,0.041015007,0.47661934,0.314079669,0.263346129,0.325516859,0.164274294,0.087502915,0.12729679,0.116155018,0.053384878,0.097854789,0.209942442,0.155115025,0.19866652,0.10724965,0.066851613,0.132742839,0.13776474,0.059003375,0.196661618,0.281591437,0.288525859,0.44293896,0.123592769,0.285993011,0.278647581,0.351247418,0.230812412,0.319563131
brevipes,0.05313031,0.031457778,0.324093764,0.063530245,0.17768915,0.296706577,0.057459637,0.273621283,0.079290155,0.457809806,0.367239852,0.392275113,1,0.170405232,0.096019453,0.144652096,0.213627313,0.062379381,0.189805199,0.337528844,0.073657122,0.229229377,0.223951454,0.133702816,0.282364401,0.306744544,0.197063704,0.110435786,0.284728068,0.201655866,0.357759504,0.43673472,0.056298485,0.248420018,0.534900803,0.218388904,0.111495306,0.199979015,0.220765067,0.403268241,0.315279051,0.121632238,0.13269753,0.264399197,0.100131427,0.260176081,0.179083466,0.215723716,0.274414725,0.440951112,0.366639717,0.245318302,0.094103558,0.036704468,0.417389464,0.052716007,0.202143225,0.134157332,0.503870182,0.35473557,0.268786584,0.145570616,0.28751051,0.081973301,0.249364939,0.140082515,0.285488048,0.09813308,0.27113576,0.036229791,0.41911624,0.228801393,0.231970315,0.296074274,0.118247379,0.053710259,0.128892793,0.117525355,0.038086605,0.062558563,0.19025524,0.138461347,0.119002224,0.085216785,0.085415149,0.190196191,0.121743976,0.073368263,0.277434896,0.260077796,0.316161749,0.376157144,0.17316961,0.265495219,0.28652166,0.298708471,0.211517856,0.297746798
capitata12,0.046342425,0.026158191,0.264173632,0.180338827,0.072410593,0.319615541,0.07976953,0.094417741,0.31352911,0.30300133,0.214035561,0.249089676,0.170405232,1,0.342328802,0.800339292,0.140186211,0.058337492,0.131965511,0.27167883,0.132983328,0.2380913,0.251992477,0.174544053,0.096078498,0.077382097,0.076424358,0.145018457,0.122056949,0.265663457,0.267214455,0.351259324,0.114293383,0.176602845,0.227197085,0.293883865,0.148562553,0.189107001,0.072977168,0.256023853,0.390165973,0.106403042,0.115243017,0.174751027,0.20489715,0.292147049,0.184025831,0.135868589,0.098000596,0.252164332,0.071347509,0.078966115,0.094958179,0.018783619,0.056437614,0.022191439,0.097936054,0.086812944,0.342140724,0.284657861,0.461949725,0.178819549,0.188505193,0.056344945,0.283165912,0.134133727,0.343163242,0.142310172,0.332510952,0.029381349,0.310723688,0.317030392,0.446949102,0.419190394,0.129065673,0.060597923,0.069374248,0.137329994,0.017425836,0.137012665,0.142503575,0.159516956,0.065249457,0.121333244,0.036697117,0.079160933,0.154363876,0.02273037,0.291847304,0.129750335,0.088507759,0.12737002,0.036877968,0.317457804,0.360441162,0.272798556,0.078653484,0.393258655
capitata33,0.046258252,0.033713161,0.17405935,0.295244378,0.076764566,0.238534564,0.098114515,0.097141094,0.849181254,0.194032957,0.125051949,0.148978076,0.096019453,0.342328802,1,0.489188053,0.118778463,0.070148676,0.08297654,0.184017472,0.164248582,0.16449311,0.162223729,0.228553624,0.081043386,0.065902243,0.069117463,0.145812947,0.131049913,0.202260765,0.227476,0.175235934,0.138677598,0.084103512,0.197565797,0.157094424,0.145716996,0.126139617,0.062501466,0.122362067,0.223970999,0.12786745,0.117678758,0.131858095,0.269517135,0.213135528,0.180967861,0.113375023,0.09160555,0.215291621,0.061892966,0.080397758,0.09796999,0.017719394,0.041701341,0.021264747,0.07663166,0.078477253,0.196151832,0.19725749,0.270529352,0.167034913,0.124806495,0.043377775,0.23147772,0.150177886,0.25275607,0.174582847,0.256279031,0.028450946,0.191030674,0.171041092,0.388206812,0.262244661,0.124991194,0.059469177,0.064421766,0.108035196,0.013347763,0.175948089,0.11410083,0.243178315,0.062095609,0.162501079,0.030522157,0.085854238,0.176039119,0.022547187,0.159324267,0.14263195,0.08896238,0.108090451,0.027224885,0.234152187,0.245861293,0.221435628,0.081469248,0.29078998
capitata35,0.044205355,0.028324971,0.251991375,0.259486255,0.074447826,0.320744664,0.083712175,0.093823651,0.458950394,0.290987691,0.185783784,0.227964951,0.144652096,0.800339292,0.489188053,1,0.126930855,0.062752351,0.118260861,0.269318762,0.143755702,0.229406175,0.230750824,0.200388718,0.080831388,0.064931311,0.070989409,0.148512856,0.122149944,0.257780095,0.269177383,0.322948992,0.12335765,0.145572728,0.225234133,0.253159266,0.151608637,0.185056165,0.064016359,0.220614828,0.364354992,0.108093727,0.111578856,0.164968581,0.231932509,0.279747288,0.194165012,0.127388033,0.099081345,0.252188742,0.067400694,0.075957468,0.09059913,0.017622865,0.044035449,0.02060815,0.084551502,0.080692075,0.294825865,0.274930312,0.450549618,0.171760145,0.172890153,0.055572337,0.278882988,0.138529301,0.331230624,0.152169101,0.345343009,0.026710899,0.284291767,0.303149151,0.515848904,0.405039663,0.120148462,0.056216916,0.064884175,0.135136767,0.014000676,0.156631699,0.14320411,0.193107551,0.060971805,0.134029154,0.035437447,0.082923568,0.164896734,0.019856303,0.260085628,0.129101296,0.085698674,0.1212165,0.028104837,0.313238179,0.354656927,0.275802892,0.078371507,0.399148135
cayennensis,0.061164934,0.02235723,0.28807056,0.078129206,0.092381243,0.317536777,0.067498635,0.213720136,0.105774947,0.175729585,0.156214304,0.218131188,0.213627313,0.140186211,0.118778463,0.126930855,1,0.046521594,0.191282122,0.380279388,0.08843829,0.208864417,0.26424406,0.142628032,0.260473179,0.289900066,0.127624514,0.124874703,0.225139361,0.222973353,0.313578541,0.148639465,0.060364047,0.192452873,0.256231088,0.17898727,0.116305874,0.273421021,0.15007057,0.304547416,0.136221,0.135469888,0.247891255,0.462142797,0.13662207,0.36268962,0.08550259,0.434802681,0.144250727,0.277027711,0.298952262,0.163743535,0.128660241,0.051893481,0.288669392,0.051895419,0.256391065,0.185066943,0.206644592,0.37779476,0.27068466,0.17495066,0.198252505,0.068042627,0.246378792,0.155627773,0.23461955,0.140399792,0.249961141,0.052373142,0.191019648,0.359636125,0.333516113,0.227332766,0.17503543,0.090218575,0.263753507,0.121838225,0.056196658,0.057273509,0.192386133,0.087666888,0.154346313,0.114660025,0.228735116,0.102307799,0.17998294,0.073982531,0.246684599,0.118165534,0.229971263,0.219173518,0.178917655,0.302969683,0.268818156,0.106902624,0.168861373,0.263973416
chartacea,0.296311605,0.500554849,0.055699735,0.112936792,0.069778275,0.069463027,0.307350071,0.16342666,0.071332698,0.058823407,0.05502255,0.075863342,0.062379381,0.058337492,0.070148676,0.062752351,0.046521594,1,0.098279758,0.058048085,0.070268262,0.073785607,0.089277374,0.196149298,0.087949612,0.102801582,0.094940882,0.056590841,0.17232371,0.05733181,0.089071034,0.044939497,0.072406835,0.056033241,0.083365322,0.039058607,0.046825844,0.058289597,0.084349891,0.040913921,0.06347171,0.162069969,0.063941597,0.046508057,0.092104659,0.070234725,0.072230566,0.083657893,0.042988215,0.073392333,0.051663208,0.094642105,0.146511531,0.242036062,0.069547498,0.334380265,0.084112563,0.087776255,0.05512061,0.062756252,0.070449389,0.064980781,0.073647815,0.251153077,0.101691476,0.124380467,0.076260429,0.104794817,0.07385483,0.057866479,0.076881574,0.044567813,0.069177758,0.087458722,0.076364055,0.079437326,0.054629742,0.022158915,0.230877162,0.072068128,0.077540732,0.099255494,0.067278715,0.082699099,0.027861652,0.124731015,0.091847455,0.216074747,0.040330003,0.087324524,0.120909318,0.059549422,0.047209098,0.071265343,0.066417091,0.075023551,0.109964159,0.084024009
cinnamomea,0.071979177,0.046340305,0.150002603,0.064033291,0.068806858,0.167819707,0.075025153,0.315349198,0.077241116,0.138141059,0.128219606,0.31464721,0.189805199,0.131965511,0.08297654,0.118260861,0.191282122,0.098279758,1,0.180954618,0.084254657,0.180642362,0.238780756,0.181881188,0.291901514,0.230401886,0.205612902,0.108194875,0.263640882,0.143467357,0.232090366,0.094098581,0.063002423,0.097313981,0.136922373,0.112011504,0.092775695,0.204722738,0.291120521,0.214628933,0.104357803,0.182809265,0.251659125,0.333353708,0.100876893,0.145036321,0.073750818,0.144731497,0.057220287,0.168527908,0.22697718,0.209277334,0.098878435,0.074381937,0.235666924,0.092653916,0.262077052,0.153146469,0.139135567,0.290355744,0.288452196,0.145259449,0.116725093,0.207841023,0.169272355,0.160842835,0.162864121,0.117284476,0.225216595,0.045746074,0.147583579,0.2457882,0.163450236,0.253217515,0.165760247,0.075235101,0.198051862,0.066623944,0.090870316,0.086498976,0.124489683,0.11029356,0.211249082,0.123656876,0.140429587,0.290163602,0.124077156,0.079919641,0.123361252,0.129852061,0.387945542,0.159715755,0.147794762,0.163724777,0.228725218,0.093220378,0.309662226,0.218704826
cocleensis,0.055731527,0.026761065,0.58562955,0.112206205,0.088156114,0.637495013,0.078701932,0.223428451,0.161410878,0.272216667,0.281177016,0.225951959,0.337528844,0.27167883,0.184017472,0.269318762,0.380279388,0.058048085,0.180954618,1,0.093796069,0.421341375,0.331492481,0.167623927,0.215103321,0.115772341,0.158715888,0.136332138,0.231503156,0.329153651,0.462502287,0.260681415,0.081482539,0.341332672,0.374340405,0.339457933,0.13251254,0.460781243,0.175851763,0.343860957,0.279683779,0.143054319,0.229802124,0.300698721,0.19271494,0.646544462,0.085909799,0.240867976,0.135544323,0.35615497,0.355362138,0.171973207,0.123328824,0.066826687,0.236670421,0.062815427,0.133090735,0.182399978,0.332957855,0.605918468,0.44343664,0.170772057,0.315809613,0.093730834,0.420822105,0.163868333,0.515055321,0.177148848,0.519705931,0.041385112,0.341829001,0.570721935,0.391043425,0.547745875,0.150997862,0.069083877,0.307962907,0.177505089,0.06348773,0.083079884,0.268556738,0.12526599,0.171115311,0.122912684,0.26901467,0.130119694,0.183365189,0.123381338,0.50963994,0.130942325,0.221061533,0.192612104,0.145251048,0.487413089,0.616337736,0.19681102,0.19911901,0.375224218
cordatoalata,0.049628778,0.037405093,0.088778547,0.136809396,0.135283553,0.120198862,0.111800818,0.107735495,0.164645938,0.092802856,0.100109839,0.091682489,0.073657122,0.132983328,0.164248582,0.143755702,0.08843829,0.070268262,0.084254657,0.093796069,1,0.088233627,0.138011622,0.212684118,0.094216817,0.066942138,0.065695608,0.365130186,0.125117774,0.094683972,0.125871352,0.077539875,0.342341129,0.060893033,0.111254964,0.077788108,0.311805293,0.096693889,0.077285897,0.075467983,0.109570419,0.159457354,0.116102542,0.073126084,0.226387491,0.126152962,0.098935434,0.072448379,0.092832607,0.160962078,0.080583748,0.085990581,0.134491433,0.02136822,0.06041967,0.026251919,0.094108442,0.063536592,0.100414085,0.104353103,0.126661434,0.106296395,0.067631695,0.046970051,0.207682278,0.182830301,0.125548791,0.235474945,0.118657113,0.046920049,0.11261804,0.080891897,0.13239019,0.126718202,0.192818058,0.087416791,0.083552986,0.052222342,0.01720929,0.212513625,0.060882126,0.176809043,0.058851308,0.195800104,0.036150303,0.077378791,0.220734366,0.027365077,0.08075841,0.13165301,0.084469267,0.104080869,0.035757162,0.127757843,0.130952359,0.101313316,0.08887395,0.175591331
coruscans,0.087322213,0.046419247,0.350135618,0.121958543,0.081029326,0.387440707,0.089517004,0.268024512,0.145523345,0.237569624,0.243509603,0.245857857,0.229229377,0.2380913,0.16449311,0.229406175,0.208864417,0.073785607,0.180642362,0.421341375,0.088233627,1,0.514658437,0.136344019,0.218114167,0.150318713,0.154064295,0.135732127,0.188613577,0.257613858,0.466115476,0.207190861,0.083984561,0.280713262,0.307205194,0.242858478,0.129693982,0.324576014,0.263665573,0.209373729,0.242018787,0.118311884,0.273352486,0.263415488,0.160434477,0.384817416,0.083110586,0.310205877,0.098662149,0.279584399,0.166850859,0.141572294,0.159301857,0.108938887,0.159080608,0.106230471,0.215831325,0.318094064,0.296460091,0.419639595,0.393750765,0.16836308,0.300260899,0.124201215,0.368219323,0.126926063,0.365537218,0.131294995,0.410040008,0.04250893,0.255101544,0.373318548,0.330580416,0.333798384,0.141901926,0.074653436,0.216187602,0.172919005,0.115716466,0.08099189,0.302424613,0.111380486,0.298417675,0.09909293,0.156241994,0.127728333,0.135506844,0.162780343,0.287072022,0.127617891,0.2014572,0.181802889,0.109957084,0.359758211,0.353738636,0.195400945,0.248309176,0.290116322
cylindrica,0.111560687,0.057178595,0.295054424,0.145140872,0.119895017,0.322177149,0.117487613,0.298170843,0.139176175,0.245659862,0.282953301,0.375244692,0.223951454,0.251992477,0.162223729,0.230750824,0.26424406,0.089277374,0.238780756,0.331492481,0.138011622,0.514658437,1,0.16941663,0.267711965,0.178225964,0.144360655,0.16358947,0.23109545,0.268040029,0.397253084,0.211557794,0.124099472,0.255531621,0.35350805,0.204090305,0.156777377,0.291989563,0.222807057,0.260228273,0.2450873,0.153311699,0.253894723,0.283126992,0.184161041,0.311317993,0.105749485,0.326914547,0.138552492,0.348798745,0.193058367,0.171327624,0.20353611,0.093055965,0.182754605,0.096056621,0.20721363,0.325007502,0.257318693,0.439349675,0.404122425,0.195897892,0.299452955,0.138345616,0.43578369,0.167094816,0.322471094,0.192805431,0.387435279,0.054119726,0.282077498,0.376205758,0.314494832,0.324305276,0.27378033,0.112523985,0.220181282,0.169664332,0.103605684,0.157846256,0.321419545,0.138179881,0.256058354,0.166053378,0.125995463,0.130022345,0.168474513,0.132601174,0.254095105,0.169067424,0.22314691,0.25756624,0.102605186,0.368729556,0.401565022,0.168324499,0.225684707,0.380853348
edulis,0.074138613,0.092122578,0.147396259,0.20383279,0.157646351,0.208648831,0.175773299,0.278590168,0.226549683,0.133599866,0.144381787,0.174938315,0.133702816,0.174544053,0.228553624,0.200388718,0.142628032,0.196149298,0.181881188,0.167623927,0.212684118,0.136344019,0.16941663,1,0.230183398,0.173642938,0.189202615,0.152662649,0.417828397,0.166489681,0.265720675,0.113731589,0.151941317,0.084373747,0.223484589,0.127751304,0.134631908,0.15692621,0.176892086,0.11323429,0.14977292,0.430141865,0.150975791,0.12130595,0.365447758,0.215596577,0.124273291,0.108351838,0.112405614,0.192954298,0.132770574,0.161460637,0.221541395,0.029407085,0.122356062,0.049841305,0.179964605,0.084024337,0.141591217,0.198439733,0.192255337,0.194159123,0.110638197,0.105950567,0.271448394,0.347765813,0.222367205,0.317569981,0.223145914,0.059965374,0.200312433,0.145083974,0.206092737,0.248736997,0.18887319,0.129321772,0.111668271,0.076339344,0.02522582,0.198935485,0.09659406,0.297125579,0.073276697,0.256800482,0.05929368,0.252045447,0.309739704,0.048019203,0.121122257,0.211898157,0.239004271,0.177578927,0.101137742,0.226351143,0.212650462,0.146487075,0.211044034,0.271914432
fastuosa,0.081417771,0.048242645,0.169876048,0.090901778,0.105768916,0.196856013,0.085573939,0.339975743,0.079736087,0.188368103,0.216349135,0.298974696,0.282364401,0.096078498,0.081043386,0.080831388,0.260473179,0.087949612,0.291901514,0.215103321,0.094216817,0.218114167,0.267711965,0.230183398,1,0.232456923,0.429596621,0.109334828,0.414177548,0.177726007,0.327226059,0.133366754,0.076819891,0.164920854,0.28203081,0.107325086,0.097426579,0.162942726,0.36192913,0.228079096,0.102939205,0.224527992,0.227690798,0.285585294,0.139151565,0.171066838,0.065571664,0.270417203,0.174929173,0.202905786,0.307856938,0.22438717,0.15429957,0.079114509,0.352812404,0.095556001,0.278746575,0.204052899,0.215066774,0.301903182,0.222092231,0.16077261,0.159030555,0.145698501,0.203933218,0.226211805,0.209015697,0.156865621,0.195691396,0.04405858,0.210868581,0.165100584,0.196929208,0.189504759,0.225163492,0.104355295,0.202981923,0.066052034,0.104707161,0.105431858,0.201704692,0.150389607,0.159346221,0.166722826,0.125059932,0.209493423,0.158618632,0.106779024,0.158443989,0.136438063,0.293272618,0.267534803,0.460949201,0.237213687,0.174426668,0.084351937,0.309056695,0.271360676
flagelliformis,0.05263897,0.046307229,0.114135314,0.063942548,0.186158866,0.110703705,0.062672379,0.280181133,0.065785643,0.267645513,0.289800989,0.388614331,0.306744544,0.077382097,0.065902243,0.064931311,0.289900066,0.102801582,0.230401886,0.115772341,0.066942138,0.150318713,0.178225964,0.173642938,0.232456923,1,0.193338231,0.075415624,0.25473945,0.132830765,0.169673808,0.24856803,0.063356156,0.084192516,0.351468642,0.079120894,0.068633419,0.115286025,0.233895788,0.174387082,0.257067523,0.17241413,0.148701942,0.247949959,0.096567881,0.1102997,0.247330654,0.304230544,0.224441658,0.305728029,0.138105412,0.172780053,0.094758722,0.044280122,0.177929106,0.065798111,0.363451543,0.123072082,0.241633639,0.144656291,0.135244139,0.114175631,0.081789898,0.119214429,0.141960181,0.151235384,0.124817177,0.103006999,0.123724082,0.036596232,0.303979072,0.104138385,0.200604376,0.14549797,0.130951132,0.068825355,0.109610788,0.057809363,0.038261546,0.063323965,0.096266748,0.141275404,0.152556385,0.092824568,0.063523524,0.221876197,0.114397596,0.0611552,0.088747118,0.326586193,0.284952696,0.316009594,0.148931779,0.154714072,0.107110286,0.264958428,0.237573,0.145674819
fosteriana,0.04511288,0.044170593,0.144444994,0.045801545,0.04462559,0.144662744,0.053970107,0.256736267,0.068062168,0.055201412,0.107958062,0.145791413,0.197063704,0.076424358,0.069117463,0.070989409,0.127624514,0.094940882,0.205612902,0.158715888,0.065695608,0.154064295,0.144360655,0.189202615,0.429596621,0.193338231,1,0.078188478,0.33050893,0.112098543,0.163454691,0.057443332,0.044922602,0.126362083,0.11758309,0.101975635,0.074319906,0.149384539,0.196654734,0.09197821,0.069796742,0.177612432,0.101060874,0.110676868,0.097443733,0.129059414,0.04331693,0.192349926,0.05637283,0.092133367,0.143269754,0.153403553,0.093586503,0.064691876,0.146569561,0.091076236,0.188796874,0.229405072,0.071569403,0.157114089,0.107751729,0.125338282,0.102199087,0.144517681,0.137893007,0.132577378,0.113767697,0.087928731,0.137781206,0.030157576,0.097704302,0.152768059,0.100724798,0.134939656,0.096000931,0.034661797,0.139964191,0.077881036,0.092954509,0.047487572,0.281188887,0.081182905,0.083593087,0.071126836,0.108113173,0.267891683,0.087372681,0.139847551,0.117719208,0.09465216,0.290842893,0.119838019,0.700515044,0.134389738,0.138098723,0.075863015,0.252585701,0.119855559
glomeriflora,0.050989584,0.028556518,0.125802648,0.104434104,0.105900913,0.160505841,0.077229992,0.116252423,0.148756925,0.123300486,0.127340039,0.124599614,0.110435786,0.145018457,0.145812947,0.148512856,0.124874703,0.056590841,0.108194875,0.136332138,0.365130186,0.135732127,0.16358947,0.152662649,0.109334828,0.075415624,0.078188478,1,0.133337635,0.134970499,0.177743292,0.105928262,0.409807748,0.092548669,0.153893324,0.112403028,0.728665978,0.134155734,0.091863218,0.12288107,0.143822078,0.124347732,0.128198484,0.118207167,0.170850812,0.165010998,0.086796752,0.109907622,0.103256639,0.187264016,0.090157364,0.089142054,0.109851172,0.027532449,0.062905906,0.031060611,0.101945651,0.09007934,0.143647855,0.152053611,0.166198008,0.130484835,0.099548876,0.05097774,0.219544921,0.146550749,0.169047437,0.175590577,0.170265322,0.034715788,0.150321611,0.116012111,0.181461079,0.160686162,0.185679739,0.078684562,0.101475935,0.080319316,0.025919595,0.202879144,0.098400774,0.140323847,0.078834843,0.153037652,0.055353118,0.086359164,0.158950248,0.040323908,0.117210513,0.133175053,0.096740703,0.131676591,0.034547289,0.185592737,0.164750639,0.123512771,0.104148973,0.215407065
goldmanii,0.068288236,0.082411109,0.183147976,0.110244703,0.089290238,0.246570326,0.093106822,0.443355426,0.131088115,0.139665755,0.205909172,0.205801121,0.284728068,0.122056949,0.131049913,0.122149944,0.225139361,0.17232371,0.263640882,0.231503156,0.125117774,0.188613577,0.23109545,0.417828397,0.414177548,0.25473945,0.33050893,0.133337635,1,0.137232174,0.302776489,0.09639101,0.10106831,0.140744893,0.222574914,0.104411057,0.123465626,0.183629134,0.328068316,0.154803127,0.127122616,0.310602508,0.231083043,0.159924759,0.188022274,0.224679982,0.084091259,0.162507419,0.084822007,0.207447447,0.210741863,0.211238408,0.136621979,0.050105941,0.280938813,0.080044537,0.301875862,0.146898408,0.150436389,0.265442314,0.198533461,0.182094108,0.139690837,0.145393197,0.255451007,0.229521773,0.217886556,0.179966636,0.244527949,0.039000469,0.199250428,0.201188722,0.204854136,0.216896649,0.21823123,0.093738283,0.197537712,0.071285457,0.05888899,0.134845592,0.161178698,0.190691854,0.136236624,0.168097709,0.111127612,0.383049925,0.167326372,0.078132,0.173230574,0.197495716,0.380708453,0.248118432,0.23047911,0.226699164,0.216821321,0.116652506,0.318497954,0.233632439
gracilifolia,0.054572644,0.02774073,0.305457216,0.109290137,0.072396037,0.331857839,0.075606461,0.118953734,0.178120028,0.186013518,0.326967174,0.243271247,0.201655866,0.265663457,0.202260765,0.257780095,0.222973353,0.05733181,0.143467357,0.329153651,0.094683972,0.257613858,0.268040029,0.166489681,0.177726007,0.132830765,0.112098543,0.134970499,0.137232174,1,0.331814969,0.180876313,0.081401214,0.166132132,0.303482294,0.57555521,0.129848957,0.228740696,0.109365469,0.204498629,0.201505985,0.13698907,0.087753558,0.168508478,0.183865423,0.31995534,0.089993848,0.173051646,0.110144564,0.247832227,0.133030892,0.119339174,0.096519551,0.025100862,0.083300425,0.032367974,0.112190814,0.09875535,0.221855126,0.303471951,0.33390036,0.211647807,0.172889121,0.054442326,0.314842046,0.123275485,0.315644539,0.135332662,0.347917335,0.035940314,0.29074246,0.281251849,0.309871246,0.33419643,0.141325546,0.05476796,0.093966465,0.159997952,0.021897646,0.074836215,0.188919778,0.133231418,0.063696487,0.089252086,0.067856102,0.126851766,0.152150715,0.034322186,0.299767793,0.114728111,0.13790515,0.17644493,0.071270512,0.380913327,0.330501707,0.18113772,0.131578238,0.325254876
grandiflora,0.071019063,0.048122953,0.373427058,0.159890101,0.107912169,0.469262391,0.116243697,0.296166051,0.201488716,0.354049524,0.266476129,0.32043432,0.357759504,0.267214455,0.227476,0.269177383,0.313578541,0.089071034,0.232090366,0.462502287,0.125871352,0.466115476,0.397253084,0.265720675,0.327226059,0.169673808,0.163454691,0.177743292,0.302776489,0.331814969,1,0.301724533,0.109057393,0.258433855,0.493899842,0.278315124,0.164451237,0.341036075,0.241647179,0.375732642,0.26525148,0.208800629,0.258763301,0.372967483,0.264453256,0.490247105,0.121487619,0.352941828,0.176660585,0.405038107,0.340847959,0.18789599,0.160537202,0.070167418,0.256298425,0.079892276,0.233322217,0.209642055,0.414693699,0.559374472,0.466407796,0.257416064,0.350330861,0.105075168,0.477975971,0.223672395,0.480864865,0.23133995,0.499234216,0.044559824,0.392004965,0.413319059,0.424336007,0.455274253,0.194681373,0.082846893,0.193310171,0.18508651,0.079779339,0.12197136,0.259097027,0.196772908,0.19491067,0.1456002,0.135393814,0.162558061,0.243855132,0.083304966,0.370610741,0.18718314,0.246903497,0.253858076,0.140410792,0.461261445,0.429934299,0.211987368,0.265080965,0.463722809
heterophylla,0.043682234,0.021644911,0.237064926,0.142314143,0.200552006,0.27424453,0.066990691,0.098951815,0.156807495,0.779386909,0.459553026,0.390847185,0.43673472,0.351259324,0.175235934,0.322948992,0.148639465,0.044939497,0.094098581,0.260681415,0.077539875,0.207190861,0.211557794,0.113731589,0.133366754,0.24856803,0.057443332,0.105928262,0.09639101,0.180876313,0.301724533,1,0.080565685,0.235768204,0.575463693,0.224818979,0.109791642,0.143922508,0.057849782,0.335498441,0.717472252,0.075477364,0.075149202,0.236823679,0.121828441,0.249982417,0.443305674,0.183900063,0.384620659,0.478726704,0.200437009,0.078969826,0.09368487,0.020165309,0.164417779,0.02299684,0.086022643,0.087344485,0.655856106,0.311122175,0.364820733,0.146638859,0.316180578,0.05811292,0.202843655,0.111005378,0.278016308,0.099015592,0.263735981,0.028720986,0.60408939,0.249043962,0.31477013,0.335074507,0.071670901,0.055205141,0.055813759,0.099633503,0.018933021,0.078413436,0.133456613,0.134729941,0.05719269,0.068414156,0.031637199,0.06455383,0.117316129,0.026493549,0.257954961,0.238815421,0.070493166,0.349764158,0.054394489,0.263659142,0.292610173,0.561949732,0.062407672,0.353863554
huberi,0.045580883,0.03441215,0.075306205,0.138590046,0.165788828,0.104270887,0.097015805,0.091711651,0.148220181,0.094895744,0.094610283,0.083121946,0.056298485,0.114293383,0.138677598,0.12335765,0.060364047,0.072406835,0.063002423,0.081482539,0.342341129,0.083984561,0.124099472,0.151941317,0.076819891,0.063356156,0.044922602,0.409807748,0.10106831,0.081401214,0.109057393,0.080565685,1,0.066475207,0.114449531,0.069110869,0.32046484,0.072219603,0.058358716,0.059695049,0.111349332,0.099867224,0.089925686,0.070901219,0.174605808,0.11209231,0.110941774,0.069331214,0.076105164,0.141727932,0.064311456,0.066718262,0.108130775,0.022310491,0.043678214,0.025585144,0.065584577,0.058445088,0.102721816,0.091627161,0.10791319,0.076365355,0.065788746,0.044952239,0.176546211,0.160184614,0.117341031,0.21273572,0.10275259,0.049555557,0.116569144,0.063780623,0.123120517,0.108275807,0.159348401,0.091671884,0.061219593,0.036049283,0.019548324,0.251900055,0.060663548,0.146213153,0.065034661,0.149510905,0.030417669,0.05963809,0.148249368,0.027257678,0.07170476,0.122278554,0.065385868,0.091097747,0.02395892,0.110917916,0.106315466,0.102739353,0.066800126,0.169744176
