"","acreana","acrocephala","acuminata","alata","alba","aria","auristellae","bourgonii","brachyrhachis.aff","brachystachys","brachystachys.aff","brevialata","brevipes","capitata12","capitata33","capitata35","cayennensis","chartacea","cinnamomea","cocleensis","cordatoalata","coruscans","cylindrica","edulis","fastuosa","flagelliformis","fosteriana","glomeriflora","goldmanii","gracilifolia","grandiflora","heterophylla","huberi","ingoides","jenmanii","kursarii","LA17","LA41","LA48","lateriflora","laurina","leiocalycina","leiocalycina.aff","lomatophylla","longiflora","longipedunculata","loubryana","M18","M25","M27b","M30","M71","marginata","melinonis","microcoma","multinervis","no phylogney","nobilis","nouragensis","obidensis","oerstediana","paraensis","pezizifera","pezizifera.aff","pitmanii","poeppigiana","punctata","retinocarpa","rubiginosa","ruiziana","sapindoides","sertulifera","setosa","spectabilis","splendens","stipularis","striata","suaveolens","subcapitata","T18","T21","T29","T50","T51","T82","T85","T88","tenuistipula","thibaudiana","tomentosa","ulei","umbellifera","umbellifera.aff","umbratica","velutina","venusta","vera","virgultosa","vismiifolia","Zygia mediana"
"acreana",1,0.25404163710763,0.10042799780777,0.111648165270583,0.12757264348991,0.112243216389944,0.20285809578543,0.151324260020668,0.0865953341877371,0.0978817660720294,0.116124512931745,0.130842756536727,0.104913571711891,0.091509900583512,0.0910351359896663,0.0872565246937594,0.120779080784613,0.210087743650055,0.142133417972939,0.110050030232903,0.0920239111812333,0.138926238333454,0.175535506509237,0.14358507020311,0.160771285206866,0.103943349649025,0.089081983368905,0.100032369217385,0.134845115165584,0.107761672709047,0.140237503194543,0.0862569643432434,0.0791705131016867,0.101284309224702,0.138646155583049,0.0756356756363886,0.084324387787096,0.096892521513753,0.110627958324118,0.108494535742326,0.113690680454127,0.172385672471511,0.12714296825971,0.125530936088592,0.113313886545406,0.113852474521109,0.0954740837362761,0.134642662242045,0.0861419543063881,0.137013229369255,0.116788729569689,0.149378843110813,0.197588053432204,0.163748851895189,0.0945823658418643,0.181629450466007,0.0952191740182085,0.142364064097341,0.125561658178696,0.0954753553581804,0.145631110104017,0.124998567151666,0.136675715289712,0.112693143833233,0.155008970400337,0.162412777686463,0.146137792978196,0.115402700187323,0.13837517454438,0.142432559344911,0.103520600894174,0.12289899525809,0.110605049210691,0.114251013520461,0.113376424784728,0.13825439159721,0.154975065293102,0.138453069928785,0.055366998431799,0.103254790005106,0.0974464864414596,0.128680794770774,0.117600621248322,0.0957961214602762,0.129775486479251,0.0777402278492532,0.0482962311903445,0.0990379886608861,0.149309194951207,0.111829581408006,0.0746811342631767,0.128206314677768,0.105987373046969,0.121657672807724,0.0700108846382215,0.143761048064126,0.119185673474829,0.0847756074556033,0.119213510429058,0.155535984610717
"acrocephala",0.25404163710763,1,0.0993399609110873,0.155863855709244,0.139543449224946,0.140582377527557,0.316903634334765,0.299218547494277,0.137310179966969,0.115551657400291,0.115173423581871,0.146037959352111,0.127163714382021,0.105740674314987,0.135613090412584,0.114423073015109,0.0903760079524576,0.539543778885102,0.187324268034896,0.10817789992242,0.138826961490359,0.122681422436707,0.142639202021029,0.366217762285956,0.195014213252732,0.187190563228542,0.17855351003357,0.113896120727861,0.333135499169753,0.112138060484362,0.194530376322212,0.0874965577881567,0.114984850703482,0.0855890915132064,0.17073726321433,0.0803151859615406,0.0977107815014456,0.111622353918423,0.170274357168042,0.07722693869521,0.130654026666715,0.329922273928442,0.135177205121165,0.0965362730703462,0.196987987075108,0.139316214884126,0.130961733124373,0.0984898279932813,0.0661251877632133,0.151416079018382,0.100831765612081,0.189735173466296,0.206219620113487,0.224497184163827,0.121758429061515,0.281199893418594,0.133493382858441,0.16497539701468,0.102096502110659,0.114061328205207,0.134132640222601,0.129510860068875,0.129768654061689,0.0970501973628368,0.232846596137188,0.183140561833401,0.211239167154784,0.147980532761996,0.183957556213279,0.157255981973713,0.105071629576913,0.155780060959932,0.0883217889925344,0.134811153570966,0.163433229272679,0.159651694570866,0.164834203648955,0.105622051854429,0.0436699170232973,0.121138524445347,0.139684079194022,0.0988563342777886,0.20513328206451,0.0960978332835618,0.182949860455051,0.0576842126613931,0.0429520378743352,0.217760970740575,0.180057406045689,0.133407757906581,0.0821823639474266,0.177271740126504,0.21768013013981,0.123200638579873,0.0941218362559155,0.141530008594372,0.134621945929808,0.136158265006012,0.226179211870357,0.178400020846204
"acuminata",0.10042799780777,0.0993399609110873,1,0.144149137436341,0.129073354249522,0.496771832737567,0.162072832795301,0.198996371778494,0.153289815415112,0.292057443425417,0.351771755318129,0.275765837033596,0.359040555474093,0.264180220684405,0.174426259261294,0.252071519757853,0.288159426066332,0.10918319139046,0.150002603391648,0.585767911448156,0.0910923463301094,0.387732329405534,0.347988883246216,0.1491673300138,0.169904655431063,0.135272460978164,0.14444499431895,0.127709357274454,0.183153916112213,0.305457216258368,0.373528268248928,0.312127538663379,0.0878096536986301,0.344765329779906,0.404447122082211,0.317043564017194,0.132955290948374,0.257076039788028,0.185782520909659,0.28511165473507,0.335491664482413,0.120512608341792,0.131629418469877,0.230945204084951,0.181868534805731,0.49391585700152,0.125141382980558,0.220054248680926,0.128929533258925,0.376943181702549,0.246527456311909,0.212766477532234,0.169041848736598,0.115705277592599,0.194929361926474,0.124024128951015,0.137877111953904,0.134329735957305,0.194457463523078,0.315474634959272,0.440509973412992,0.413378526713806,0.163553553983611,0.33354342995165,0.116415265317878,0.440927269479745,0.151788549628431,0.453001119227071,0.177698901456827,0.4354098765544,0.0764348137253281,0.352052808103661,0.402812939401045,0.341100776159144,0.490675219424923,0.112708411857416,0.0828150501698084,0.19280029217326,0.170259829743325,0.0679020311575297,0.0771414439224793,0.285315999671448,0.117861215110262,0.142234463997856,0.0898087437492688,0.0984434162570454,0.255803260345179,0.132333777152595,0.158450148213163,0.150860867630467,0.366430441622743,0.141744476102566,0.368837653180656,0.208190125899037,0.14208186645575,0.443503450842154,0.479748506985992,0.261742665049472,0.18578714833788,0.336106172114324
"alata",0.111648165270583,0.155863855709244,0.144149137436341,1,0.195148658828104,0.219837497557313,0.270567166222665,0.135056801856947,0.433215408926474,0.239949186067016,0.144953852191154,0.147496938150222,0.0900671971525727,0.25566740324462,0.418389508804347,0.367853500666255,0.110764173019729,0.157971886811842,0.090780368701964,0.159075344987057,0.191090531864026,0.155010692373096,0.17765821696876,0.287714854973623,0.128871948379266,0.090651722506411,0.064933116939514,0.147596259858492,0.156294556308723,0.154941262224246,0.226677075810676,0.201759587603896,0.185366736645838,0.106732376864514,0.244376579559995,0.120756303400174,0.13089191554447,0.103561370269011,0.0802721302348352,0.104998634634768,0.263462568768073,0.153693459504782,0.133696941577399,0.115332959929372,0.306471731128636,0.203341544089999,0.282033027392453,0.11970254770466,0.155207336542373,0.272575280371427,0.0945832240996927,0.104071065637917,0.204941631814922,0.0708399254393642,0.0721030541983982,0.0785088423129211,0.056504722386038,0.0906208757889305,0.107319546934858,0.20932995332692,0.177774365124525,0.24112130101051,0.205028277533749,0.196621176959417,0.0932075327613294,0.237559529303689,0.234319075023191,0.227806608472843,0.251433440069453,0.211570392408438,0.0879908144389917,0.218385028141337,0.137154636871151,0.324921671411791,0.234277368831626,0.161864309753378,0.135654798278396,0.0869544192519591,0.0755451763537887,0.0415424182520061,0.194977854950983,0.109001892870946,0.320884774280868,0.090773062930515,0.198589907727412,0.0499391198538065,0.0512973829030543,0.0815092365594069,0.276084174091636,0.0546287731983008,0.125209447485311,0.185827594014902,0.0931385906973478,0.144372497544826,0.0387284959086788,0.222240005546501,0.213184948999022,0.259900242270716,0.088991654500627,0.316859952909135
"alba",0.12757264348991,0.139543449224946,0.129073354249522,0.195148658828104,1,0.146730389451315,0.26519577839336,0.155227487751528,0.114478799549511,0.157212502449162,0.160225907806592,0.147142988643857,0.124130168750751,0.111857422720081,0.118175210787141,0.114955340181644,0.142705804289206,0.122780215765509,0.10629049558707,0.136179342931789,0.207644915527114,0.120056190079787,0.177309378288032,0.242787325242585,0.16338735312287,0.128192004462092,0.0689360942634852,0.161345197324968,0.137932525267717,0.111834937849414,0.166697625904605,0.150426038428297,0.193985548198958,0.140014896873623,0.18877892100585,0.0908621422434181,0.133609888929617,0.105088271714088,0.0993877237208006,0.142014767186725,0.165024682983885,0.223397540756307,0.108564228439451,0.168600647653045,0.220936526066978,0.164845931356261,0.151430821987348,0.133266024809687,0.204618699969771,0.216841379247076,0.133187073061751,0.169628599958353,0.363428999673531,0.07498760137981,0.106275312229609,0.0769522222562722,0.0667535159266719,0.130323662773147,0.104966541826302,0.149025440433837,0.15482287534084,0.16032244853019,0.125991271665258,0.128711984055843,0.0808836417233758,0.228401406134779,0.349616248239975,0.145754845908029,0.298242673716635,0.130553522702623,0.309602927550524,0.170932089069211,0.107518835430579,0.159956340520461,0.153974921625018,0.173825224706219,0.262275612464031,0.107922817252891,0.0581102544937674,0.0460560274008566,0.173959501839057,0.100686715309532,0.173827341278421,0.0890977445855285,0.222117497366489,0.0505367416368828,0.0586931937060174,0.0900159695507996,0.304534447818017,0.0726540006223479,0.106063043237493,0.151003965363041,0.107583885583042,0.178183071820909,0.0506456760892882,0.159853107914461,0.142827299978632,0.120536943826736,0.0995368085287694,0.233081042029026
"aria",0.112243216389944,0.140582377527557,0.496771832737567,0.219837497557313,0.146730389451315,1,0.214635985713768,0.277957401739662,0.217978584614223,0.385489839509733,0.368203533598352,0.268398287313415,0.328700228616347,0.320419354828207,0.239134464185592,0.32155131724013,0.318335362731534,0.136162135716945,0.168241763439458,0.639098274450544,0.123331555476303,0.429043148041438,0.379977581164941,0.211155895255492,0.197351094089773,0.131205340104825,0.145026562226843,0.162938524515427,0.247190435042662,0.332692441074265,0.47044255731175,0.36107943736346,0.121583480086357,0.484481533596862,0.500760042822376,0.352855737716912,0.149092646448917,0.318886557986764,0.151636435297043,0.292763573126764,0.436906861441192,0.151181978182525,0.213150882742994,0.257271057379911,0.246677280042779,0.60022494561452,0.185619655523398,0.2511763300532,0.163149724364458,0.433753496652779,0.284833632295367,0.165063404701457,0.189056551377859,0.145887879380176,0.168549096718659,0.15324712642953,0.164388707922804,0.128162797015656,0.235367006782785,0.476053556531894,0.533213413753919,0.499760056183991,0.190525508170642,0.371997140315775,0.14029371662085,0.443998304203596,0.170883193235289,0.669294553965331,0.206932686967497,0.565553112808552,0.0816650704458551,0.470532796763346,0.464071476400435,0.414585877127924,0.586020939262665,0.183206949230054,0.100103717968287,0.189365648625086,0.172415541700765,0.109426903125812,0.121597333821804,0.296351620416805,0.185940727392948,0.17763847267281,0.136947660442048,0.173382978693548,0.338518879161652,0.127555284946814,0.205466918987767,0.136063997448808,0.581788387051963,0.188380850762625,0.195727380657987,0.244312292771228,0.134121007585438,0.541424532937061,0.699495113936501,0.329052306747277,0.169113930058494,0.431362457774697
"auristellae",0.20285809578543,0.316903634334765,0.162072832795301,0.270567166222665,0.26519577839336,0.214635985713768,1,0.201771230010623,0.204742711385709,0.177511350785945,0.164207807874073,0.182465958375835,0.122752777946269,0.170414085284974,0.209275729671003,0.178801502296506,0.144199250229623,0.257416439184277,0.16027852724653,0.16813322975062,0.231595730952189,0.157226299679199,0.203998458118612,0.372411326745964,0.182814140714467,0.133888918581242,0.115297988811622,0.16428647331414,0.198906949021654,0.161520392525111,0.24833483317281,0.143114259098334,0.194959352806771,0.114159059655963,0.271520904821072,0.138504580183986,0.140159517390131,0.131389247884435,0.12595049589705,0.109558799915708,0.199120972639519,0.303260471515233,0.147979152700192,0.120198259366789,0.41459500646021,0.232056931996161,0.216772365605249,0.137734125213008,0.129641121303004,0.226735551836472,0.141473369214441,0.191007468731304,0.375730764601227,0.14981349442167,0.106633098453166,0.168065116328664,0.100795541241539,0.129621538977998,0.123087404603113,0.177326344035336,0.197492293170781,0.212328789936667,0.175069392904595,0.137882633219307,0.176436433115784,0.307472816203896,0.372891788171548,0.238567239624654,0.385719614746112,0.221231357947981,0.203864840188541,0.223623690543334,0.141950722297598,0.208693691669299,0.225502473231213,0.179262629201137,0.221662306916814,0.112400642655657,0.081171356185531,0.0915305228020251,0.181410908098444,0.12501484207239,0.27235153408236,0.0980736672878594,0.243157081188426,0.0606106524674283,0.0639831517531146,0.134026452532705,0.461721223804986,0.109544250028196,0.135854398297666,0.18301504290584,0.148030922685436,0.190237856346613,0.0637796381802626,0.241914352262516,0.212783883762835,0.169879843900902,0.139295800326348,0.302728062308088
"bourgonii",0.151324260020668,0.299218547494277,0.198996371778494,0.135056801856947,0.155227487751528,0.277957401739662,0.201771230010623,1,0.108092861318625,0.188863769112455,0.222521833285232,0.279494260800306,0.303125665037952,0.104587905927105,0.107423249580048,0.103906978409692,0.236740906911212,0.270647796833564,0.349316898279789,0.247494948407406,0.116628048205914,0.283838110549859,0.339013295342932,0.306412373122381,0.376596080951877,0.332068928720869,0.284390501511395,0.128323987144306,0.491111260795795,0.131766783639931,0.32806744679646,0.130283238629879,0.101822641285869,0.230274344059045,0.280035407350663,0.109971180606284,0.115094125415173,0.243559048785551,0.312773557944341,0.174313732343837,0.155790547058522,0.282780784892598,0.336825389010889,0.215635088072079,0.148864744369504,0.229777421814623,0.122245931367588,0.227255240296972,0.117974464530818,0.247089660721309,0.296355097434664,0.279920054044732,0.209120829342667,0.288295215768163,0.41632976676899,0.329296323254413,0.291134313657087,0.287026479137661,0.274883164681417,0.198822837893108,0.319398972993253,0.237754400732639,0.159265627139386,0.205577451446715,0.308788154435514,0.238136305247898,0.233840137048808,0.229311857723023,0.170472710769536,0.270238312384318,0.0938770644274297,0.208211640041952,0.225855219662633,0.190183410282196,0.217912280692473,0.216832413803163,0.16249562743055,0.300066201959293,0.0702804981805721,0.210594047933579,0.113391636427278,0.216347656043398,0.162025312658272,0.315610180878346,0.166064133221546,0.194210154183385,0.121997049405628,0.346669879358051,0.165544233462695,0.261125596282122,0.167088305639672,0.227604192202615,0.434011525034827,0.294399258098293,0.232622457743255,0.232110838136733,0.200625696047257,0.152615265110761,0.346541413128896,0.220855366963503
"brachyrhachis.aff",0.0865953341877371,0.137310179966969,0.153289815415112,0.433215408926474,0.114478799549511,0.217978584614223,0.204742711385709,0.108092861318625,1,0.236699868624313,0.139588215652074,0.151119203257346,0.0878399539015899,0.315144590952219,0.852948750817144,0.461253972132101,0.106322171439534,0.139661717505517,0.0776407210585882,0.162245934084963,0.168854047380611,0.161043789893875,0.164033481173767,0.229152145499337,0.0801486004470818,0.0779687332383761,0.0684142861413596,0.150809213396892,0.131766296827996,0.179041528984775,0.202531113788323,0.206457944215665,0.171922038208704,0.0918609409828984,0.219670923432926,0.136006476933974,0.142452607180363,0.107542021151348,0.0623550756974443,0.0983319118114482,0.258869877038594,0.124092632643419,0.118827149833258,0.11807066462532,0.277458469412121,0.19215837098253,0.281126479733808,0.113156390244366,0.106249977088254,0.232746650827523,0.0609031713207119,0.0815734022451136,0.129848754989659,0.055076021766666,0.0445155638194696,0.0632850428930856,0.0460582399981674,0.0727308724808111,0.101044487373787,0.205085842013754,0.173519597337313,0.251771035641035,0.157192893875192,0.141715370829449,0.0795402114198533,0.211834118390047,0.149018148864723,0.228239717065488,0.174527130714917,0.230219618431811,0.0604891365167443,0.209944842764174,0.142879126592686,0.358867829684125,0.23308661994166,0.126975147723585,0.0893940719551146,0.0648909083218259,0.0900514153823871,0.0272315112919091,0.181308071031966,0.117284017787938,0.257003382309012,0.0739319934170388,0.163763348666461,0.030432575795245,0.0610238594988938,0.0856990724073398,0.173014481786965,0.0387629471520421,0.137776988770873,0.162751149266014,0.0869783497699986,0.126436516144223,0.027117643809816,0.214884844245107,0.218030683069739,0.315220932691475,0.0808651066708888,0.266225480851306
"brachystachys",0.0978817660720294,0.115551657400291,0.292057443425417,0.239949186067016,0.157212502449162,0.385489839509733,0.177511350785945,0.188863769112455,0.236699868624313,1,0.335470944262007,0.350046804680158,0.472971802725542,0.397560709727722,0.254585945386594,0.381797904444322,0.230570533777056,0.115306243906055,0.181251539148154,0.357168898884634,0.121764381352884,0.311709353087667,0.322324357389195,0.175293150337914,0.247153227603796,0.14615135272709,0.0724284369091687,0.161779582165266,0.183252055940914,0.244063833566012,0.464539810025033,0.713006881835053,0.124510407812922,0.321233344814558,0.569343269093026,0.271739590337556,0.161004319864052,0.177771746616652,0.139558032352237,0.46950382489101,0.607734293992468,0.116977829046803,0.195136692290891,0.355761403980127,0.187556172825343,0.354438891924786,0.393370813092767,0.284598639349368,0.24529887820934,0.497929505840862,0.334944314968322,0.150196319300859,0.164103055026985,0.127758018177567,0.309817466003623,0.127140691186764,0.0609679925163066,0.133895752604666,0.177916319922472,0.81355431726469,0.434336714880254,0.494391236235842,0.192482017544509,0.42539884983155,0.107099087128981,0.295457420936845,0.171884693797011,0.432302772767978,0.160757493294942,0.421896288580068,0.0713186869619922,0.593136192677381,0.269227962936724,0.436620708573665,0.429336515438105,0.153799620216882,0.11541926476793,0.0845143271307479,0.11909045246858,0.090529532876491,0.125030896428579,0.202326946804288,0.175687152216776,0.149001952041226,0.124310292534864,0.0422077435739087,0.229640228703486,0.0870928120062594,0.176960044599,0.0415925737323147,0.33063450515026,0.174718685454089,0.160271220807027,0.269629134182972,0.0694630921132371,0.348795916890742,0.399478278809788,0.545036459753361,0.144835663946223,0.45596813212129
"brachystachys.aff",0.116124512931745,0.115173423581871,0.351771755318129,0.144953852191154,0.160225907806592,0.368203533598352,0.164207807874073,0.222521833285232,0.139588215652074,0.335470944262007,1,0.367981871038134,0.338856805971784,0.268713553547448,0.156997993288137,0.233244515944853,0.196121150893869,0.107855764975285,0.16097486618487,0.353007110885854,0.125684116738405,0.305717098141081,0.355237170010856,0.181265874272828,0.271618158217289,0.167660558134784,0.135537264631385,0.1598706040412,0.258511178394836,0.410494922282175,0.334550703313923,0.337153456272156,0.11877963263932,0.31631773691334,0.401977258145713,0.331934211125515,0.158429009955339,0.373849275246269,0.234039369119787,0.293115191140149,0.349214251240325,0.144598678665746,0.162818891620937,0.191120550647994,0.16406841144693,0.315324834173961,0.160626639680685,0.205008539408784,0.177066550739996,0.396463205142396,0.160426107169866,0.170822910822846,0.174825276313291,0.100413390803041,0.208297081916163,0.129802549701528,0.112528960175471,0.183209567486108,0.174047866200146,0.350784985754453,0.329367748525437,0.366789878970917,0.255683198113244,0.265672428492959,0.142138685611316,0.386472886997939,0.173530613257104,0.356299237346042,0.166061063715618,0.360228040205665,0.0829584092028976,0.525631808295565,0.28129649850127,0.321164447173256,0.355831450621327,0.19586196150395,0.124383437318396,0.191120970385634,0.160906215813799,0.0698978251891507,0.161317952778456,0.219727201442795,0.154547915278091,0.113860537960408,0.164015844187229,0.0715068803604211,0.209512029947117,0.13614663038458,0.163795592713873,0.0941269008643046,0.337665077689283,0.19492944146013,0.180740607854222,0.480091212706346,0.127919174143261,0.375724825496469,0.364433423653079,0.300612183248266,0.158470610461405,0.388822883516772
"brevialata",0.130842756536727,0.146037959352111,0.275765837033596,0.147496938150222,0.147142988643857,0.268398287313415,0.182465958375835,0.279494260800306,0.151119203257346,0.350046804680158,0.367981871038134,1,0.348118072716785,0.293999593758744,0.175838254534425,0.269066162282074,0.257459409512207,0.148708099318545,0.371376901635783,0.266690235566109,0.10821249250995,0.29018509054641,0.442899878743757,0.206479025610279,0.352878693533366,0.279538965111545,0.172077048773097,0.147064449401256,0.242906278269253,0.287132124498689,0.378207405689124,0.313480015430908,0.0981085159701418,0.220857784131222,0.405596433852785,0.20883541177103,0.146963844095508,0.265372260997546,0.274815004968325,0.307903202739336,0.302919397842484,0.180219354773337,0.254628167890464,0.288903804494482,0.173367044447813,0.255074631723295,0.216080601777729,0.27005982156585,0.150045178797186,0.323272890229365,0.227269803792272,0.253872071037044,0.172956436852583,0.196994222864296,0.251091060483411,0.20027266380782,0.132662032248882,0.225242578975422,0.296271724270768,0.290790990922862,0.384233666360161,0.453316346261702,0.255777665634051,0.265442925228965,0.184091931158763,0.29272843983187,0.189132561267845,0.303210684269733,0.1464545558931,0.349565208665253,0.0925093319794681,0.396409806963412,0.370707035072542,0.310826431758131,0.384206306223622,0.193892322732866,0.134172733572222,0.150247915347892,0.137097325037768,0.111453111450981,0.11549763451405,0.253690909738209,0.149391820501532,0.237024766630293,0.126586352968922,0.0789047034940139,0.145725530866573,0.156675866112367,0.162603197314931,0.101039852141124,0.232118957972035,0.18310179585581,0.34054597022776,0.349538000339611,0.145876073758434,0.337556460006877,0.32888667701785,0.276490437907399,0.272427009702844,0.377179144581315
"brevipes",0.104913571711891,0.127163714382021,0.359040555474093,0.0900671971525727,0.124130168750751,0.328700228616347,0.122752777946269,0.303125665037952,0.0878399539015899,0.472971802725542,0.338856805971784,0.348118072716785,1,0.188779902383345,0.106373159427897,0.160249824605545,0.236662588755164,0.122276700202257,0.210271754401503,0.37392433057015,0.0815995147215203,0.253947012510062,0.264129632629201,0.148119892632906,0.312811546024933,0.248192272136634,0.21831293772017,0.122343995167507,0.315430086481089,0.22340026920632,0.396336448337019,0.446866461729594,0.0656459908534554,0.326916740541335,0.537685332533449,0.241937618887665,0.1235177624281,0.22154260539989,0.244570001456913,0.446752358112694,0.274816898357304,0.134747752798739,0.147006206822465,0.292909168108623,0.110928524780465,0.288230676436035,0.12825083095682,0.252457719841043,0.22254694826521,0.40353243453153,0.40617420729717,0.271770794417673,0.132047556769216,0.115552074896604,0.462396262550306,0.158554248951112,0.201107290551051,0.223940179639773,0.184050260113151,0.461098620915374,0.39298644589436,0.297769643591459,0.161267388651157,0.390510818744082,0.157015354602717,0.276253776752698,0.155187509026049,0.316272013976385,0.108714697607073,0.30037212988426,0.0817162780872454,0.393861569699605,0.253472879172517,0.25698350368226,0.327999744527338,0.130997907211308,0.0823567107329421,0.142791207626662,0.13019802718333,0.0795144779551669,0.0693042064526973,0.229901226387562,0.121770144434864,0.141979002954934,0.0944056486431095,0.0946254015274775,0.232811394984662,0.210704906628572,0.134871538766833,0.125638887808915,0.3073504965966,0.186312552315284,0.350253238090445,0.335853698093107,0.191842361371082,0.294123372786157,0.31741708002846,0.28050528782398,0.23432567072726,0.329852616457607
"capitata12",0.091509900583512,0.105740674314987,0.264180220684405,0.25566740324462,0.111857422720081,0.320419354828207,0.170414085284974,0.104587905927105,0.315144590952219,0.397560709727722,0.268713553547448,0.293999593758744,0.188779902383345,1,0.343046479540565,0.800590285222935,0.140229456574883,0.114353667470032,0.13196880244583,0.271743017096493,0.136449218132175,0.263656964429597,0.297201375932154,0.176641323862862,0.0960946784228105,0.0917127784468339,0.0764262638761836,0.147216407677552,0.122060907781477,0.265670083030661,0.267286878520584,0.462479666946861,0.133270058109178,0.232406498649755,0.279181352973959,0.293891194851376,0.148586439840528,0.189111717133573,0.0729789883821055,0.256030238044052,0.491977760997471,0.106446103876262,0.115245891173669,0.186488450030493,0.204902260154626,0.292154335651103,0.288704226277073,0.159004651264093,0.123162543977575,0.296133203255599,0.0713492888015932,0.0791623526648061,0.133246774277303,0.0591341118049199,0.0623622297482841,0.0667453251752924,0.0503542932255339,0.0980624838989536,0.119098559039706,0.388060292209504,0.284664960315206,0.481963660513127,0.184035610427823,0.25603696110191,0.107925647193032,0.28361454927065,0.134464512142585,0.343171800880658,0.143144163897914,0.332519245333049,0.0662696200437572,0.380325696391988,0.317111129289276,0.446960248925528,0.419200849134439,0.130527876233851,0.0929179220777554,0.0694052726468221,0.13733341904231,0.0363804078298507,0.142620445734173,0.172198918944328,0.16420392003968,0.0778477280891891,0.121358456598205,0.0366980320334041,0.181056172280523,0.0791629073908112,0.154398821145675,0.0389244378700755,0.291854582699086,0.148540781168549,0.0885099663505595,0.153422220724536,0.0368788873825171,0.31794894063887,0.360450151153716,0.379995398471298,0.0786554460626141,0.397304347456288
"capitata33",0.0910351359896663,0.135613090412584,0.174426259261294,0.418389508804347,0.118175210787141,0.239134464185592,0.209275729671003,0.107423249580048,0.852948750817144,0.254585945386594,0.156997993288137,0.175838254534425,0.106373159427897,0.343046479540565,1,0.490121639479768,0.119028842359997,0.137182840183471,0.0831514510363939,0.184405372221754,0.1683723955403,0.181934174314356,0.191102359668118,0.23107242010172,0.081214221213971,0.0781069264854985,0.0692631591250857,0.147869301645448,0.131326160009897,0.202687121687986,0.22795550879888,0.23072143817886,0.161458004119628,0.11032695952614,0.242770221267301,0.157425571362196,0.14601642730926,0.126405513855931,0.0626332166207471,0.122620000177131,0.282168427134799,0.128136988959195,0.11792681940922,0.140334503837134,0.270085264483765,0.213584807796635,0.283906807881474,0.132428961884396,0.114812613055902,0.252831147518719,0.062023433188948,0.0805975539510523,0.137135766202756,0.0553009498235622,0.0459042036196881,0.0634959625974382,0.0468523350993608,0.0767038446533073,0.107401035736797,0.222477864018164,0.197673299799777,0.282055981121403,0.171748524591954,0.169358530063348,0.0827831945825172,0.231916580893297,0.150548237594038,0.253288868603404,0.175605968571858,0.256819255278005,0.0633766402569993,0.233821484426544,0.171401639142422,0.389025134177753,0.2627974605925,0.126321465389369,0.0909102235523066,0.0645575642250197,0.108262928838757,0.0276217977935504,0.182723544857198,0.13770996275627,0.250323435892096,0.0738366515808616,0.162835229880559,0.0305864962642627,0.0789007033811391,0.0860352145751237,0.176410201556407,0.0383347693109396,0.159660115538275,0.163287912385924,0.0891499085478576,0.130199217640087,0.0272822733335535,0.234645769197093,0.246379557581298,0.30844928583567,0.0816409817048142,0.293505237709405
"capitata35",0.0872565246937594,0.114423073015109,0.252071519757853,0.367853500666255,0.114955340181644,0.32155131724013,0.178801502296506,0.103906978409692,0.461253972132101,0.381797904444322,0.233244515944853,0.269066162282074,0.160249824605545,0.800590285222935,0.490121639479768,1,0.126971225041044,0.122970496433242,0.118298473593399,0.269404418555212,0.147485256301559,0.254015315003985,0.272123721285056,0.20277557621434,0.0808570963490355,0.0769561846617457,0.0710119866850582,0.150736298678469,0.122188793879732,0.257862081341537,0.269262993847594,0.42520534544384,0.143795384922921,0.191514593536756,0.276769264624823,0.253239783037172,0.151650206882951,0.185115021965187,0.064036719308658,0.220684994066504,0.45940455088328,0.108137473237407,0.111614343565712,0.175985057899924,0.232006273996024,0.279836260418088,0.304610822239048,0.149060015823666,0.124499843394457,0.296161869896443,0.0674221309806061,0.0761462288994724,0.127107775940862,0.0554267942252083,0.0486401523600756,0.06193145129192,0.0494602104535343,0.0846402469584611,0.110671834264753,0.334395186817396,0.275017752334747,0.470050220883773,0.176750491254229,0.234808636982082,0.106414520298803,0.279319971294199,0.138870925927629,0.331335971269068,0.153060869980035,0.345452844522743,0.060214005111334,0.347973033549706,0.303245566363442,0.516012968269996,0.405168484437537,0.12149918316832,0.0861655186278091,0.0649131915675629,0.135179746636546,0.0292003534881927,0.162980011113293,0.173027405515209,0.198781481892711,0.0727119514236093,0.134065021882243,0.0354487180083925,0.140745744371292,0.0829499412258497,0.164949179186369,0.0339737403569333,0.260168347087406,0.147797748263336,0.0857259298102781,0.14601006221237,0.0281137761333848,0.31372278760104,0.35476972453238,0.38418029564297,0.0783964330120843,0.403201698816873
"cayennensis",0.120779080784613,0.0903760079524576,0.288159426066332,0.110764173019729,0.142705804289206,0.318335362731534,0.144199250229623,0.236740906911212,0.106322171439534,0.230570533777056,0.196121150893869,0.257459409512207,0.236662588755164,0.140229456574883,0.119028842359997,0.126971225041044,1,0.0911919778192495,0.191341130377298,0.380160421892383,0.0907416392735298,0.231291769618824,0.311650962658293,0.144341809591628,0.260385104281528,0.343587747098486,0.127663884536235,0.126767347801021,0.225208813704901,0.223042137181378,0.31349204615825,0.195703645225688,0.070386534287142,0.253264879570884,0.314858537940201,0.179042484899973,0.116341753240765,0.273505367760262,0.150116864913913,0.304641364644456,0.17176716334553,0.135216198392451,0.247967725811148,0.493182952027609,0.136664215568328,0.362801504760107,0.13413855579059,0.508842028589484,0.181287535437373,0.325331908675872,0.299044484214707,0.16384129564755,0.18053771990492,0.163369740239043,0.318972857451325,0.156086163765751,0.216256675032658,0.256722052603346,0.253893086197806,0.234378883429062,0.377911304144737,0.282411551418063,0.180053641464753,0.269276236231129,0.130331914794186,0.246738271915653,0.15587734296477,0.234691926918972,0.141210578017948,0.250038250923618,0.118127590845213,0.233807988857991,0.359492387492081,0.333618997783826,0.227402894867521,0.177018431505541,0.138336614316997,0.263562929698901,0.12187581058077,0.117323345121438,0.0596176522427073,0.232476162053366,0.0902427363547692,0.184147278009866,0.114655229471511,0.228805677826703,0.142619047756132,0.102339359127381,0.179812062926459,0.126690785560341,0.246760698216561,0.135278269135409,0.230042205505909,0.264003160294665,0.178972849118517,0.303438404769738,0.268901082540587,0.148910264714578,0.168913464372198,0.266688104985318
"chartacea",0.210087743650055,0.539543778885102,0.10918319139046,0.157971886811842,0.122780215765509,0.136162135716945,0.257416439184277,0.270647796833564,0.139661717505517,0.115306243906055,0.107855764975285,0.148708099318545,0.122276700202257,0.114353667470032,0.137182840183471,0.122970496433242,0.0911919778192495,1,0.192648987963507,0.113786353431489,0.131775509204621,0.106848921685829,0.126879276450739,0.381494763827496,0.172399659481129,0.201512712371924,0.186104088677638,0.110207082059575,0.337790698856852,0.112382401057458,0.174597841213891,0.0880908621517482,0.130213973439311,0.0761865221326091,0.163413557575281,0.0765630819009837,0.091765255046611,0.114259865401709,0.165343519716778,0.0801998858386956,0.122812129319085,0.317691044929268,0.125338972047998,0.0832602116435205,0.180544494760922,0.137674827019819,0.14158709389173,0.0871220943926947,0.0601830408149576,0.143864402177823,0.101270748137333,0.185517405222403,0.145836090191461,0.140744097328103,0.101532629870501,0.213306502057128,0.136060523853147,0.164401669867661,0.086076065326575,0.108047984611325,0.123015446605779,0.124438211054839,0.121752872495482,0.0902346216154918,0.204107600430801,0.199298181346863,0.243810408183165,0.149486472466904,0.205416822530009,0.144770992997658,0.0888220132058552,0.150704047151418,0.0873621791843224,0.135602949441708,0.171437481367282,0.147581566501991,0.121484637740772,0.107085594969324,0.0434361313032322,0.0781922080568418,0.135765161875563,0.0860347935925286,0.194561634354595,0.0859361971185811,0.162069011947864,0.0546146955118283,0.0411949742971113,0.244499012460626,0.180040229180954,0.104152671165469,0.0790552842848383,0.171174425622783,0.237007683313609,0.116729387126536,0.0925397561766699,0.139695053824036,0.130191461138357,0.147061932745598,0.215552870338205,0.163570202917948
"cinnamomea",0.142133417972939,0.187324268034896,0.150002603391648,0.090780368701964,0.10629049558707,0.168241763439458,0.16027852724653,0.349316898279789,0.0776407210585882,0.181251539148154,0.16097486618487,0.371376901635783,0.210271754401503,0.13196880244583,0.0831514510363939,0.118298473593399,0.191341130377298,0.192648987963507,1,0.180997370066702,0.0864505513425504,0.200039299400784,0.281619396010073,0.184066619912525,0.291950671541064,0.273070876409133,0.205612901520111,0.109834714400778,0.263649431776976,0.143467357082093,0.232153270258962,0.123893310654854,0.0734630163226721,0.128063630558981,0.168251161711636,0.112011504470972,0.0927906118843357,0.204722738359435,0.291120521411569,0.214628932823466,0.131589430687427,0.182883249342794,0.251659124532882,0.355743926304439,0.100876892814311,0.145036320600932,0.115702087048661,0.16937675860171,0.071911768075881,0.197913435067238,0.226977179602761,0.20979740756075,0.138747737779895,0.234167330507511,0.260406382734024,0.278675736604442,0.260893967845662,0.262415380136507,0.210101431467362,0.157809301697432,0.290355744001245,0.300949365497729,0.14949658211805,0.158541722817372,0.398108061311897,0.169540544085618,0.161239487145589,0.162864121276213,0.117971807264004,0.225216594656227,0.103180251337214,0.180642254169578,0.245850794246979,0.163450236446191,0.253217514660755,0.167638168779593,0.115361862229181,0.198140431786799,0.0666239441875692,0.189712516227242,0.0900392860748534,0.150431235957512,0.113534230922652,0.252036751507563,0.123682572335542,0.140429586666577,0.0799505608026063,0.290163601968809,0.124105245090887,0.136857741536491,0.12336125217322,0.148657238638674,0.387945542399386,0.192383936336042,0.147794761521623,0.163978074185612,0.22872521782731,0.129851547508356,0.30966222603555,0.220954775734769
"cocleensis",0.110050030232903,0.10817789992242,0.585767911448156,0.159075344987057,0.136179342931789,0.639098274450544,0.16813322975062,0.247494948407406,0.162245934084963,0.357168898884634,0.353007110885854,0.266690235566109,0.37392433057015,0.271743017096493,0.184405372221754,0.269404418555212,0.380160421892383,0.113786353431489,0.180997370066702,1,0.0962394263514714,0.466583986833157,0.390964137591942,0.169638047770057,0.214985726775378,0.13721265572475,0.158753386724562,0.138398435812798,0.231557850591308,0.329231416458043,0.46246791759819,0.343221790681012,0.0950114399572634,0.449188296479347,0.459992086060659,0.339538133308489,0.132543847287391,0.460890107210358,0.175893310011714,0.34394219785938,0.352665810850945,0.142875913811447,0.229856417188222,0.3208953234116,0.192760471332771,0.646697214438198,0.134777394181554,0.281883610243685,0.170345735668407,0.418256267037422,0.355446095974147,0.172163785054499,0.173056664974923,0.210382081994185,0.261515223070853,0.188930337116006,0.293237498782179,0.133262548430582,0.250234279996028,0.377644967233118,0.606061622776051,0.462648115172094,0.175753203807375,0.42894804379428,0.179536263872825,0.421465193750783,0.164169642382889,0.515177007840822,0.178177808226168,0.519828717115444,0.0933440955160744,0.418398589764239,0.570631014359556,0.391135812989729,0.547875285236873,0.152708538690408,0.105929734022922,0.307864319065456,0.177547026459802,0.132545121441863,0.0864802536657207,0.324519438409272,0.128946584447269,0.204154009741096,0.122901560197451,0.269078227341747,0.290947167063029,0.130150436521221,0.183182128073105,0.211283371702287,0.509760347433729,0.14990539534061,0.221113760983032,0.232008887756538,0.145285364943847,0.488167161726624,0.616483352109483,0.274148379012064,0.199166054162978,0.379083638116614
"cordatoalata",0.0920239111812333,0.138826961490359,0.0910923463301094,0.191090531864026,0.207644915527114,0.123331555476303,0.231595730952189,0.116628048205914,0.168854047380611,0.121764381352884,0.125684116738405,0.10821249250995,0.0815995147215203,0.136449218132175,0.1683723955403,0.147485256301559,0.0907416392735298,0.131775509204621,0.0864505513425504,0.0962394263514714,1,0.0921907792998377,0.15792997463091,0.216717626663523,0.096671488400163,0.0793394039360768,0.0674078057570096,0.374265628841332,0.128378666742096,0.097151681458322,0.12915049566373,0.102091568941131,0.39776292424642,0.0780444134733382,0.136710871237674,0.0798154678780349,0.319921720955271,0.0992139822160193,0.079300167644653,0.0774348740860614,0.137086346103037,0.163611150936776,0.119128475313344,0.0763451119655834,0.232287735694508,0.129440834551161,0.155212328974209,0.0809206359332542,0.112531410068589,0.189028382247446,0.0826839695015126,0.0882190078597897,0.183952396905406,0.0567799357039937,0.0640898746995567,0.0698105566923528,0.062128403724444,0.0964690675571436,0.0824412262676913,0.113890912535391,0.107072814706888,0.127648110077276,0.107232423229278,0.0890579542865677,0.0842023377395927,0.213070624070438,0.187582718851732,0.128820917644727,0.24158215894299,0.121749625074224,0.102945572375471,0.137844445836437,0.0829988439418942,0.135840620783246,0.130020806500758,0.197286386584338,0.131655022973093,0.085728301193194,0.0535833919296543,0.0310596813712413,0.219297932179544,0.0703221743441077,0.182004087362072,0.0665853580473212,0.200891765764794,0.0370924733977503,0.0448863235844873,0.0793954830267762,0.226486114372386,0.0411942327321729,0.0828631829043918,0.150719001799635,0.0866707547195907,0.125369518565837,0.0366890859254719,0.131087543422578,0.13436531670298,0.141124624236433,0.0911902354506904,0.179569439213886
