"","acreana","acrocephala","acuminata","alata","alba","aria","auristellae","bourgonii","brachyrhachis.aff","brachystachys","brachystachys.aff","brevialata","brevipes","capitata12","capitata33","capitata35","cayennensis","chartacea","cinnamomea","cocleensis","cordatoalata","coruscans","cylindrica","edulis","fastuosa","flagelliformis","fosteriana","glomeriflora","goldmanii","gracilifolia","grandiflora","heterophylla","huberi","ingoides","jenmanii","kursarii","LA17","LA41","LA48","lateriflora","laurina","leiocalycina","leiocalycina.aff","lomatophylla","longiflora","longipedunculata","loubryana","M18","M25","M27","M30","M71","marginata","melinonis","microcoma","multinervis","nobilis","nouragensis","obidensis","oerstediana","paraensis","pezizifera","pezizifera.aff","pitmanii","poeppigiana","punctata","retinocarpa","rubiginosa","ruiziana","sapindoides","sertulifera","setosa","spectabilis","splendens","stipularis","striata","suaveolens","subcapitata","T18","T21","T29","T50","T51","T82","T85","tenuistipula","thibaudiana","tomentosa","ulei","umbellifera","umbellifera.aff","umbratica","velutina","venusta","vera","virgultosa","vismiifolia","Zygia.mediana"
"acreana",1,0.305511225936407,0.0956953720000081,0.297768200136804,0.211666691476169,0.166057363419622,0.270940696989293,0.221125523699422,0.216700486344336,0.117389493964641,0.110122712265946,0.138025032020235,0.170061479135109,0.186994825317822,0.239594260293473,0.217915327451459,0.132580977001515,0.303766584206972,0.16974278872798,0.281839968015718,0.230784138104945,0.128603200737097,0.326032015769029,0.302975820669694,0.196353215041424,0.3378598736769,0.29690312807068,0.127676267060941,0.206218878208874,0.258224377841053,0.21592866709598,0.0966104228308697,0.28181670043745,0.28655545230955,0.170182290530278,0.315473016492955,0.122205149546681,0.168345821072561,0.171411524398324,0.176668928001237,0.209542678516964,0.202955397385007,0.169460537139605,0.377548049565481,0.279786847859788,0.113148947017224,0.0993346198745851,0.215643762826615,0.182807781816315,0.192467497990852,0.194318041232213,0.142632171874414,0.231964748060644,0.213011143663784,0.207525095275424,0.198605302649887,0.24312882140676,0.0970583619499154,0.0780126631379856,0.156928357875356,0.259665883846194,0.230387087356792,0.209165544451437,0.172157202373315,0.353566457602591,0.188718702245971,0.291360154083736,0.204541100116188,0.132166374199525,0.330799444373774,0.143924412878066,0.256880401910872,0.186485387094625,0.134477028505556,0.227637370944384,0.188432459663639,0.194301132810581,0.0851429899808858,0.185862160808864,0.202994472828257,0.193222609412118,0.331161026353695,0.0625168773640144,0.18684454989833,0.144818756055271,0.223430555106053,0.251434106016431,0.299429939727915,0.181192661653953,0.137753196714438,0.29873949785622,0.149179346738296,0.370217050233468,0.225997910032468,0.187708650139523,0.141771176999562,0.154243845092393,0.274306829988141
"acrocephala",0.305511225936407,1,0.134603843773071,0.276643945824002,0.277736643343367,0.224593567901264,0.273065611669032,0.253293919069899,0.223405970455587,0.150789440821044,0.127187262203251,0.188210100506769,0.148316308883685,0.188877807882736,0.296476994862272,0.196263774821431,0.173926577405386,0.432815053393275,0.195293306275193,0.226381836598837,0.298674557088966,0.139731410926801,0.258992914262619,0.267558018642572,0.154275365954196,0.189857804707822,0.245146758114876,0.181702611337593,0.255537118537429,0.244351613698428,0.189856018595515,0.125471795047528,0.259062167408702,0.310715040191872,0.188778249327337,0.176800443318833,0.161366793348118,0.195187348955691,0.16944888172579,0.240934885625726,0.250235998494113,0.18890256111815,0.164546406894494,0.368348784554752,0.218689634525065,0.146729329643578,0.114898036334625,0.22437536128998,0.180703363620014,0.218650005601981,0.143841377632021,0.121620008015139,0.340564428755474,0.236652111541713,0.200420719919533,0.188520902822121,0.271190136451829,0.11689944585649,0.0887460483819614,0.161388268059067,0.242465198440878,0.222704968305405,0.213894663722763,0.182255258031587,0.250274310259019,0.217215399874538,0.240997531383936,0.237109068974118,0.155321390243977,0.257756013215541,0.190402183128831,0.246078645396155,0.187272150973358,0.149156781228543,0.222851417150104,0.228334674194833,0.228299895461149,0.134588563781811,0.216486318556761,0.232087224225976,0.190877869823728,0.346561676354858,0.110722661301178,0.225603780202798,0.158386486473542,0.180221953505578,0.303445744771354,0.201634580360112,0.205653611734649,0.17983358113919,0.200884970081357,0.152279412035244,0.204281057014987,0.218455131498326,0.148510848559711,0.124594658555973,0.149197532795462,0.266988743309616
"acuminata",0.0956953720000081,0.134603843773071,1,0.0714684366399419,0.0552868546299452,0.0442678297035963,0.0757237426420766,0.0743727768136128,0.0587627746307058,0.0365808682267271,0.0585851443893256,0.169902775271731,0.0404487918310428,0.0891556830662957,0.063512466615945,0.0450157300338964,0.078737634569655,0.119478668860158,0.0601485452953816,0.0733352536170286,0.120536011491274,0.105372675410519,0.097085773782238,0.0760275379293614,0.076355501802386,0.0448794265315131,0.0537827131696525,0.432383967921452,0.0783052337510058,0.0645616934163197,0.0678010544801545,0.0437309005107219,0.205370271041428,0.117251070650955,0.0612035952117605,0.0508958634849945,0.221550836738714,0.103445637675535,0.0438147332745465,0.0830174859311002,0.0660887819057198,0.0582784311952433,0.0690014474340935,0.217126847908513,0.0511881834928634,0.171387212354166,0.0687867443917618,0.0559370317299858,0.0684264498424447,0.0552751773016156,0.0404081918920578,0.0607861430839204,0.0644314462160199,0.106002404004363,0.0739561791268233,0.0558040995292783,0.0651686543544389,0.0524645737581013,0.027218201414391,0.0447123313367496,0.0772638120451474,0.0799644111663927,0.0719960169702826,0.059530952581289,0.0859417304404787,0.280005309958718,0.049263120918,0.0642704731782387,0.0608973949394873,0.0790882888307532,0.0568838315654023,0.0669979793017796,0.0622122888620764,0.0614622357582351,0.0550100015803496,0.0587582647134626,0.0846903544587616,0.232086296311881,0.0964545277831595,0.0665031140292833,0.0763757342896536,0.248894060327359,0.0690751703384164,0.0967713315382505,0.0398893996028195,0.0445462575270193,0.172331404820643,0.0414685078078807,0.0874106254762642,0.259536535048902,0.0368845749465996,0.060819480595711,0.0764773040836362,0.0881779814392972,0.0622633531064914,0.0651343566699951,0.0427422467480598,0.0746279842788358
"alata",0.297768200136804,0.276643945824002,0.0714684366399419,1,0.309645217009817,0.158344983912729,0.324159722750216,0.246336618572118,0.297606359890694,0.171564744764118,0.119080789379621,0.108674761050975,0.165255872911446,0.177178622708684,0.360114313992859,0.218338284593358,0.125980429041889,0.2820841916201,0.156284826941749,0.278651212215163,0.235405414733395,0.150392957743102,0.36945588343582,0.319637338699556,0.176656464434857,0.208271782014331,0.280568108310797,0.105380938761969,0.263248657547331,0.24496405518724,0.230125874354191,0.153535097062715,0.253371078386703,0.253564259567536,0.164512484045369,0.216983312820923,0.0956477117009565,0.178056676822094,0.165223545891874,0.177525436233544,0.269724816863333,0.202779321282083,0.158088711872694,0.288005061695727,0.232204595092232,0.125737430684262,0.117902823244609,0.220591644799487,0.176814908399564,0.257213549480174,0.192174622100265,0.138626079697001,0.310586942212528,0.201102441871481,0.216290124951479,0.177209450832866,0.276835475026082,0.102345427890654,0.0801399906425311,0.193210150690833,0.27959875692208,0.26187519385779,0.298049131781757,0.174248172635196,0.307320873358725,0.210489174511153,0.294221693545666,0.2583321029587,0.135601696409516,0.327672736100891,0.176729038392561,0.245519731805639,0.28147071465737,0.171532020657858,0.302832890412221,0.22654019974609,0.174613460534049,0.0610787019649537,0.202189295576541,0.243040573826187,0.225443850336471,0.216642516479997,0.0867098363161345,0.159559666857036,0.137589992172763,0.232432072369376,0.294606232951804,0.281820684055288,0.207161070201067,0.104284201262085,0.280416721461959,0.149582984760169,0.255038569193785,0.256993012627602,0.150080719910693,0.126114192188234,0.163700800503228,0.274616426010474
"alba",0.211666691476169,0.277736643343367,0.0552868546299452,0.309645217009817,1,0.138577997899355,0.258644079006334,0.219037081364417,0.23776291459817,0.275460304378419,0.230347803183626,0.213252421584789,0.23089892891794,0.145993377488738,0.287645204472732,0.196326341932197,0.12069439629465,0.259102688687656,0.121207646692861,0.216305626581602,0.172652140826286,0.103603505929139,0.257994765786592,0.277133242521654,0.166358041928872,0.283865352357264,0.249821842795647,0.133276184336805,0.197281176268619,0.221919183802153,0.169134455687064,0.213868295625405,0.197138341211971,0.207604801937093,0.265969997073931,0.18541837835912,0.0883490968397264,0.145112663251644,0.132898841047213,0.159764058416962,0.345595331013697,0.196134755207852,0.148064606668076,0.24510764376648,0.252973016081413,0.111786884101483,0.217718373871403,0.19728931901439,0.245840849039436,0.339858665741693,0.160066701325296,0.104112691223899,0.291286544471044,0.178949306101016,0.182006229232187,0.175730110169941,0.220934921664469,0.0932746488545895,0.240041878602281,0.150544318791394,0.232234873983652,0.200374769715228,0.200626086752513,0.160621708198955,0.245247386617702,0.190860256884094,0.244739797615781,0.215582677030842,0.131533899682722,0.26143302412513,0.265857753870076,0.225279375127093,0.200914987456626,0.12449100237426,0.248251386602628,0.179955964210903,0.142493828746575,0.0478642385987355,0.17008320750755,0.240551120144922,0.17214786858956,0.196868950123307,0.0881257777285695,0.158524143958715,0.124648315292818,0.200056993940351,0.248924625115499,0.222345478854027,0.181810133908457,0.191315286950731,0.223825365683651,0.248486656966364,0.201265068380675,0.230329765312159,0.127890119535149,0.218803723093239,0.184558650173932,0.252624769667604
"aria",0.166057363419622,0.224593567901264,0.0442678297035963,0.158344983912729,0.138577997899355,1,0.176301477273542,0.166620714021127,0.220176392964029,0.0985509126214044,0.0830487010722503,0.0956075413451757,0.13978999442828,0.167224472019043,0.260599278492204,0.186064018109408,0.132723847539999,0.200461312730539,0.19275063479965,0.186240821822928,0.162647593256458,0.106304086734043,0.168550996508767,0.228095219362708,0.100540764985717,0.17797910429006,0.202406270975299,0.105762739614467,0.141703893712687,0.192741579942995,0.152861763571983,0.0710467621166223,0.14074278335685,0.194073474781434,0.133431109422821,0.185673087576984,0.0693909819692189,0.0947941212712071,0.193061804552576,0.160827044286555,0.146635929841488,0.158764895492954,0.125603896495981,0.14887040126818,0.154217792140976,0.0921732996952915,0.0651224362564107,0.143535885408405,0.122114171875723,0.122577595629211,0.284241741696489,0.102985154628662,0.197406148948456,0.186126184214199,0.177684140988396,0.200291319960016,0.187964572104402,0.0928942328657984,0.0876971311363494,0.142652341676432,0.136661381326863,0.135295942581506,0.139674106343234,0.1226595836763,0.171735660613339,0.132872214408545,0.220953403364766,0.148687883316781,0.158169338254562,0.187101791848448,0.122587767683771,0.178500137757927,0.163819632696742,0.0777593546724545,0.15962178679235,0.172032233896401,0.150584752487988,0.0443750412566812,0.115837960948414,0.161418436437455,0.154564981209028,0.154814323237947,0.0462986148643699,0.171089771342247,0.104408995897626,0.177575526004052,0.153391187903491,0.170105175955597,0.113131221469208,0.0643373265555096,0.178883997878733,0.143242908217318,0.186044903113999,0.131735528722275,0.113209878178935,0.0820593846195171,0.100361841604029,0.191869877110223
"auristellae",0.270940696989293,0.273065611669032,0.0757237426420766,0.324159722750216,0.258644079006334,0.176301477273542,1,0.250527481990019,0.236726112948027,0.157687178749268,0.127724638435251,0.108893985529476,0.151724873875527,0.182487134029357,0.306625594503056,0.203813454230416,0.159563399652896,0.303372434034124,0.168059304253972,0.247113774957796,0.231378425182001,0.146243225330029,0.288693581570959,0.313502963433109,0.183385902931571,0.261406590683534,0.258504185899733,0.10037131342139,0.264234020670169,0.258976645970705,0.181951359123992,0.131236718862813,0.223601434277884,0.245105273691133,0.165809434447966,0.217031214834089,0.103000666158372,0.164003277705205,0.173950349448715,0.188214783986895,0.216337946802467,0.204256877149499,0.175142815440881,0.274552752211037,0.190502718104572,0.120894983134577,0.126997766520018,0.225599957530822,0.175652255329776,0.244476627573048,0.200571966975776,0.123658390426064,0.267146506206976,0.197468047752097,0.23583574553316,0.185977918520113,0.31644688715538,0.110764452851851,0.113345824308679,0.167246079093247,0.232832364801623,0.22384576200564,0.257800466050113,0.190377990589596,0.262829065173653,0.223120586852936,0.305484965690919,0.234424417208111,0.148658620342391,0.288329330354571,0.200142149729989,0.20194455863823,0.222981316243222,0.123812206064783,0.263609719555931,0.204396572934646,0.188770982617734,0.0659700794272858,0.181713106837691,0.255999889851826,0.173826068291522,0.246895924439461,0.0994144878572972,0.195414324440021,0.133128691549297,0.239860447502738,0.262305109493392,0.245029466392187,0.178473981981447,0.100118994840393,0.24488751539011,0.181646799852543,0.245505770428635,0.247843880088328,0.145358949641364,0.12433114895636,0.179202794980859,0.265599463031011
"bourgonii",0.221125523699422,0.253293919069899,0.0743727768136128,0.246336618572118,0.219037081364417,0.166620714021127,0.250527481990019,1,0.227940176201468,0.121911528803791,0.148585258207094,0.12991123147649,0.144414517106219,0.156732095931416,0.26020776401547,0.209191264777325,0.142779938575017,0.242629495540787,0.183869884795107,0.225413581015309,0.188578904974049,0.138636890770353,0.224365405938268,0.260371583499454,0.162690152565235,0.237068062557004,0.19155077781264,0.117230082872741,0.16967961582433,0.172283236243844,0.192201942674765,0.105355301892754,0.174417999787896,0.292012232767285,0.147960987933164,0.19462093874474,0.113297661303327,0.151133231929341,0.196437703694169,0.222075444148897,0.193214026066121,0.232700747325616,0.196751032147089,0.201344793637488,0.195876733381713,0.121187362198373,0.0851516603408886,0.181068372608873,0.154594219948713,0.177945020240617,0.178252690851789,0.123467574652894,0.231911506931208,0.19901891560279,0.202031997822386,0.192961406806926,0.21883441243901,0.0845148280085176,0.0828960933777538,0.168867424704905,0.196818370852677,0.195326268196803,0.231752833725875,0.166245664417426,0.212728079429962,0.196272105664909,0.277980355948969,0.188710135253063,0.16872413295774,0.232600615011493,0.161559381201579,0.238669582731247,0.177069047830339,0.134884998657818,0.213959437469153,0.220186373038657,0.204026716390321,0.0929106727621155,0.194199767896307,0.213081820330218,0.230792719094225,0.189672618916803,0.0808637842622542,0.179277619044079,0.147223452878608,0.172170375327787,0.224397106388364,0.173466215981228,0.164404011482222,0.106730346833139,0.172487778925259,0.170444496018267,0.203635442395148,0.233648865206874,0.179470651022092,0.167933619631564,0.124986524380095,0.22608084046457
"brachyrhachis.aff",0.216700486344336,0.223405970455587,0.0587627746307058,0.297606359890694,0.23776291459817,0.220176392964029,0.236726112948027,0.227940176201468,1,0.124397278408177,0.134125821389522,0.0910458294779074,0.154328778776269,0.200008391693127,0.525943481821384,0.309996592943543,0.175865337567903,0.226265086822699,0.22750516559949,0.212778598526857,0.211734146746305,0.115915467256421,0.274110082671397,0.34026152619763,0.152212640516905,0.191415981975266,0.202441396402893,0.109375051270597,0.196178051539826,0.21300942336423,0.236387647225068,0.127684087874248,0.214121335291724,0.260933089629625,0.1702233053213,0.205486234292784,0.0849315388214803,0.14048636125376,0.178399678285557,0.161592189236462,0.209180175443459,0.200689655752764,0.146465632644467,0.193489231293334,0.196584360059919,0.119492865621744,0.119318430495865,0.21248573425499,0.194347960265308,0.156272453900627,0.236106426834325,0.120149840950565,0.246551618313016,0.188369633457153,0.224050744549237,0.236321621319068,0.273440681418065,0.106910212740687,0.0903259570793419,0.193089272457817,0.218935703779842,0.197772050104614,0.302613993920373,0.168038835219651,0.267830824617648,0.186687385900853,0.257258707937099,0.224868330232364,0.158642674692617,0.261341985373878,0.194663899595912,0.210774395053194,0.306833146902273,0.218276648326196,0.204348793800075,0.214861469981424,0.166646581962445,0.0507320674423557,0.206560773573221,0.207364431164478,0.234163613481287,0.202113446537041,0.0763332132975069,0.197757322648494,0.124513672432573,0.188918117354157,0.193761041782538,0.181805000483664,0.132640176890901,0.0878062639568056,0.205030374850372,0.154791802730049,0.181095576659088,0.211243595846355,0.130641409653754,0.124039745044053,0.160548696942688,0.273780579776659
"brachystachys",0.117389493964641,0.150789440821044,0.0365808682267271,0.171564744764118,0.275460304378419,0.0985509126214044,0.157687178749268,0.121911528803791,0.124397278408177,1,0.2927345507406,0.215993981038287,0.171168434628921,0.104253963867047,0.181821701953404,0.100905660024055,0.228259487745047,0.142765420242559,0.093406839037118,0.113091056909241,0.122940177590706,0.0999125419185031,0.159128138426464,0.157678522057084,0.0933387638187989,0.258925227626015,0.111911144315605,0.115283674248712,0.14017786210342,0.140994936072046,0.0852207889639497,0.346299429314897,0.130669116894313,0.125428556895426,0.292379299443658,0.111996369359367,0.0660629875687003,0.125177425700927,0.0889023812764882,0.0991713360234558,0.327910643650417,0.10795107091969,0.0903834830492433,0.130984931730855,0.103182740877432,0.0769630386165194,0.298438937234962,0.13018058092119,0.251577150958828,0.258594163330398,0.0861547788638501,0.0731052272878303,0.135204838423864,0.0998734563818658,0.0968469466343793,0.0981613534653002,0.166434133490896,0.0566099062555899,0.475113881033497,0.0907349540233679,0.109180403036633,0.156288023181146,0.136396257912464,0.116630203172925,0.13190477120067,0.113028535085746,0.125066375923855,0.183120016481913,0.115692376992815,0.136646254888423,0.316872484780506,0.0950816141585058,0.14551487100782,0.0714872421955845,0.167170107830744,0.0965222595246525,0.107482011922942,0.0392699016141738,0.0915310462857724,0.119417857521324,0.120231808824433,0.211150071136602,0.055761404561197,0.0976061996626696,0.100463391726707,0.107922185034566,0.152202544730495,0.101398153902554,0.179812010120115,0.184726062880933,0.0988840594774885,0.267243151557127,0.108179473108402,0.117139208554918,0.0890602277846594,0.312732651449762,0.0841078418497241,0.117305534442921
"brachystachys.aff",0.110122712265946,0.127187262203251,0.0585851443893256,0.119080789379621,0.230347803183626,0.0830487010722503,0.127724638435251,0.148585258207094,0.134125821389522,0.2927345507406,1,0.237596001401565,0.176898217600836,0.102768090318725,0.149214781636764,0.0952273818950927,0.100911488398871,0.133964538709525,0.0770648500855882,0.102604398938646,0.115970745814096,0.102809859836129,0.144290643861742,0.126465122526559,0.135181956580613,0.27047960531282,0.104557844224303,0.0757736121276859,0.0876990573224458,0.118096493985223,0.103105119074183,0.291318953207229,0.121661042087065,0.138235090519281,0.292439587720395,0.0920809021692406,0.0776201494467157,0.144244122581888,0.110744108951071,0.17678601129218,0.307305223221102,0.142357638121983,0.150096663726564,0.108691230557838,0.12109703377365,0.0850493187354683,0.262204517225,0.10194165236155,0.253921764526335,0.232087131206488,0.104017976385652,0.100617551258099,0.11737400279628,0.140032466683441,0.0931380281458216,0.0872720451274079,0.119883784097667,0.08986537813972,0.216523562177162,0.0905754922965659,0.107733044350837,0.119895567901943,0.125243224954342,0.139618285690496,0.120920242718387,0.126353357090224,0.15988269140306,0.144917261772173,0.103578951521249,0.148244796579232,0.288210943276545,0.13195269242879,0.116035945555503,0.0855482322571521,0.115733931063301,0.11838348694727,0.122824796107931,0.0751899225959267,0.0972229574017567,0.126370019172957,0.10557404605344,0.160962582530422,0.123935443657908,0.108947183369558,0.0723496299477473,0.118181983924932,0.115967131490727,0.0940891129129027,0.1347855031772,0.203200766306784,0.090043643395791,0.332102942767948,0.105717694411392,0.0957631795715259,0.117014625276117,0.296409125949748,0.0875907348242369,0.125466475206005
"brevialata",0.138025032020235,0.188210100506769,0.169902775271731,0.108674761050975,0.213252421584789,0.0956075413451757,0.108893985529476,0.12991123147649,0.0910458294779074,0.215993981038287,0.237596001401565,1,0.167250908373562,0.133182470068066,0.0956149546769816,0.072968321248622,0.109607175974222,0.159659053077885,0.0756546429108686,0.11833024891713,0.140220668260565,0.15655648212288,0.109780356848602,0.111674666242828,0.117137861850073,0.240187829570992,0.0857112548738743,0.203509870802023,0.096337696805808,0.0989248746771523,0.0933339723752012,0.217071423324006,0.180408934814261,0.113143464781222,0.248799424786138,0.0946163536595873,0.248393683156792,0.117440670052229,0.0606205774426038,0.138856058052211,0.275214498580145,0.104811334259895,0.0879010727456675,0.229077444459531,0.0778368055469179,0.0946697900492006,0.233728234502955,0.0865956036551136,0.240676817725327,0.227687070351158,0.0570011051814886,0.0823471311600934,0.100340106305267,0.177974582691523,0.0982462615277903,0.0889175730338603,0.100664625490931,0.0812524310417737,0.163265273290042,0.069208170502213,0.100337662680166,0.108296298917684,0.100971217039687,0.088537195809041,0.106148180218342,0.211216624075394,0.0802906698824247,0.10628737188554,0.0750290608579453,0.148497605851081,0.241491321697311,0.131950233305995,0.10030225998706,0.086998191014739,0.100306904552267,0.0884441950742463,0.0945169488177483,0.128457457507868,0.120324442359418,0.0902304519823729,0.104432839624485,0.279561749935629,0.0885518011047174,0.111623600628656,0.066445207970183,0.0752693907954498,0.194432215900589,0.0749810299872435,0.11998544877045,0.323398772684129,0.0677577482586324,0.260142932866146,0.0900123071003022,0.114899854919595,0.0878827366688678,0.255625475132855,0.0706657481743685,0.118353841834441
"brevipes",0.170061479135109,0.148316308883685,0.0404487918310428,0.165255872911446,0.23089892891794,0.13978999442828,0.151724873875527,0.144414517106219,0.154328778776269,0.171168434628921,0.176898217600836,0.167250908373562,1,0.121801852922798,0.137881999762753,0.131996520240419,0.0987452082041075,0.147978225379225,0.116054509693856,0.169289293995363,0.186161725116969,0.0732674718977797,0.161358851868158,0.204246866803111,0.100178014522822,0.228178204915472,0.196743279741773,0.0814730672583159,0.121136801671622,0.155644887875383,0.239993417638327,0.217623532392098,0.147714881924326,0.178546228606696,0.231427954001636,0.172474245508844,0.0711788877848728,0.110002506794351,0.117463074639421,0.129927968305813,0.244939034648278,0.162158623912157,0.116659708699129,0.158430660484851,0.132270367694593,0.0847523927742972,0.152488023002389,0.146661126447477,0.229663452682979,0.198339429532824,0.141641815252506,0.100055444640688,0.177670051735801,0.143364686732802,0.126704646484987,0.319604045924385,0.182355337008513,0.109516314750676,0.162854855152576,0.162222499932571,0.160867020015486,0.126537745960051,0.156665772767745,0.110876081879159,0.166794340269205,0.0982822147820884,0.162044479551221,0.1458146519258,0.109967788981917,0.189275361303377,0.183694641781652,0.324675362888365,0.125752482278398,0.0802747127414257,0.17630840664938,0.203633893052702,0.103422291809192,0.0342719121249987,0.185218226616279,0.158196986709781,0.125395011113974,0.17898363152611,0.0409183361268818,0.104290901298113,0.105790346053473,0.186477292107929,0.151110327300276,0.174485242073796,0.118091054799713,0.165452345328219,0.169865534622416,0.211370508046938,0.155359032381986,0.127039512069131,0.095254973548947,0.245269544402797,0.127460445841376,0.199006035361614
"capitata12",0.186994825317822,0.188877807882736,0.0891556830662957,0.177178622708684,0.145993377488738,0.167224472019043,0.182487134029357,0.156732095931416,0.200008391693127,0.104253963867047,0.102768090318725,0.133182470068066,0.121801852922798,1,0.180893586606794,0.230107674771865,0.10541437366751,0.197702077361708,0.11532379863072,0.168411631658451,0.208051686692346,0.211486177679315,0.186798159922985,0.262208273455224,0.133006905854146,0.146333844797561,0.177864701950152,0.137696506222487,0.14086274502254,0.165726291775387,0.155485306245529,0.0930731487873085,0.371120042206815,0.188066433438026,0.146219244323375,0.21786442407009,0.12144095138737,0.122897815628299,0.117819204397277,0.137344876177068,0.166328067879039,0.136411554416541,0.112273172243164,0.218643236391282,0.162986412705201,0.113559298414279,0.0893663453918909,0.151300297533431,0.190516656508155,0.137767940699137,0.280883955748283,0.14406491252868,0.166029114756821,0.145780066215814,0.165394592499089,0.21284660358771,0.204608973246025,0.134999237676675,0.0860032084065028,0.14254586447806,0.186132218651128,0.143433132114822,0.139212096664367,0.119250753178257,0.216906029096388,0.225979944082253,0.206620337178323,0.158556762279125,0.112045424648781,0.253477907979423,0.135356069010834,0.171000315523089,0.122651740522761,0.0792068528383595,0.172477772543542,0.140996657651691,0.134299239583729,0.0756816123663483,0.127975292697938,0.161782692751622,0.162919599267208,0.211922148443094,0.0676755966972715,0.159939284638317,0.0830722040595117,0.143791676909741,0.221508918710879,0.177974573264549,0.16443905971753,0.277698987917257,0.178107038885266,0.117160577476001,0.171370366879858,0.18504771569974,0.102109353607923,0.108013287419268,0.168674845095018,0.294957277677979
"capitata33",0.239594260293473,0.296476994862272,0.063512466615945,0.360114313992859,0.287645204472732,0.260599278492204,0.306625594503056,0.26020776401547,0.525943481821384,0.181821701953404,0.149214781636764,0.0956149546769816,0.137881999762753,0.180893586606794,1,0.311662016929833,0.176478599280714,0.292195553669474,0.222409640895979,0.243458442225479,0.193207790028127,0.128021372702576,0.248392617043118,0.305790814238532,0.153018010309102,0.234819446614997,0.285599899440847,0.104256396133549,0.292592083112613,0.245229892612785,0.197771439032309,0.124478702282586,0.201551229433763,0.282236226436012,0.144468772623815,0.205975562633126,0.0812748961645726,0.148191792286405,0.205818795649474,0.202109159835832,0.250155321138623,0.250137376126504,0.16337690192938,0.262127191104462,0.23388307033567,0.125341166312268,0.136671524640327,0.200671091823835,0.157092304694125,0.242619697375911,0.238466984036232,0.122466159827191,0.322829019580829,0.211273155301087,0.252989280968387,0.202284204491909,0.27635826031975,0.0874876081441714,0.117112481269537,0.167840634343027,0.245465801233745,0.230174809905049,0.288421153588302,0.159960555685854,0.250193798522749,0.180963568616917,0.376444113834509,0.218680547584197,0.146594711174237,0.261898018253858,0.177756698115663,0.229269881387078,0.307785652954237,0.197373356735797,0.302858779771841,0.22115462147367,0.184500775567229,0.0666040192150684,0.179907171308666,0.214077473968513,0.187286532448159,0.196884461355886,0.0992976206322409,0.196563648887111,0.128403966162491,0.217625391776279,0.243043125465674,0.269801818017182,0.171064853000289,0.0925557644201516,0.273838297974751,0.149088560392008,0.236401217828407,0.285461849896397,0.150752433760963,0.109706451153066,0.142211635405526,0.231409576117969
"capitata35",0.217915327451459,0.196263774821431,0.0450157300338964,0.218338284593358,0.196326341932197,0.186064018109408,0.203813454230416,0.209191264777325,0.309996592943543,0.100905660024055,0.0952273818950927,0.072968321248622,0.131996520240419,0.230107674771865,0.311662016929833,1,0.14243041762919,0.319667875093435,0.149363918255363,0.184012018280819,0.155815256592491,0.081535686558513,0.186082692089319,0.24807514146822,0.11918395290807,0.185704821803125,0.209553639686929,0.0810629442176693,0.15270920351292,0.38745716962417,0.194509793284584,0.0845568572415171,0.191463674051015,0.201456394303137,0.149574199304235,0.172460242418403,0.0731050888186209,0.110713683557898,0.156125719264289,0.133145665520955,0.1762222071783,0.182589574711935,0.128255108736517,0.199763383063104,0.212456102861864,0.0966362222669081,0.0666920065037556,0.193403564887513,0.167757479547166,0.152480848458152,0.222092517386928,0.105318431256295,0.205591322899401,0.159708164945498,0.194486047731966,0.197559732517113,0.229288116975022,0.0977435231301014,0.065303259565374,0.191766305988618,0.220017647388031,0.157921354621429,0.164514160644849,0.124314517033572,0.208985726715813,0.157410600226657,0.259590493491711,0.161343734888208,0.123180142754203,0.212700102954009,0.127619912163135,0.210558005449864,0.146990266031835,0.0923584400216859,0.211335472946252,0.152526817742331,0.148762586793893,0.0408764524274659,0.142578241487388,0.251382260102671,0.186152636277279,0.175307897295948,0.0628536224291139,0.213283935857627,0.103239385081799,0.143238694566939,0.180788108984484,0.200728634930032,0.17326154730057,0.0788477721301017,0.203518475344294,0.111426877891711,0.174576004695955,0.181773114695561,0.123241993150595,0.0888916226863773,0.166585032179025,0.241918227529327
"cayennensis",0.132580977001515,0.173926577405386,0.078737634569655,0.125980429041889,0.12069439629465,0.132723847539999,0.159563399652896,0.142779938575017,0.175865337567903,0.228259487745047,0.100911488398871,0.109607175974222,0.0987452082041075,0.10541437366751,0.176478599280714,0.14243041762919,1,0.184672711149174,0.14199796510487,0.135222816987569,0.137299025832919,0.0974982027874175,0.132422122179777,0.153663636246999,0.10217680823645,0.10644660646553,0.117643048548005,0.0990586694201803,0.109708245396919,0.0951494051098978,0.103781486970314,0.113328720583366,0.12473337399966,0.174870411402575,0.0821021571700171,0.0878141641852157,0.0905945385397593,0.149673658351188,0.124557814778956,0.0986690453772589,0.114607783547675,0.118447996840238,0.115379602356848,0.134326526336535,0.0901229566409291,0.095227185196865,0.0816709517338659,0.103978562029077,0.0891697523011057,0.120408030298858,0.1166847868419,0.0633433706556152,0.104232371323131,0.156842656565381,0.163071440025608,0.133105937429828,0.122388412584734,0.077821665045632,0.248324169514173,0.0946687511841139,0.110591439843261,0.131126167503201,0.113454951532456,0.14262404515738,0.158893743124622,0.145065909851245,0.123604486547762,0.203081715868348,0.110154127154495,0.139132027819899,0.115183363750964,0.124641101456146,0.124717129270373,0.126663168703905,0.0937390288064465,0.136222232900621,0.160226669513507,0.0862474345600768,0.128158133704322,0.126850019063931,0.116355850265656,0.203231591855842,0.0735109913835509,0.169241575588362,0.0951217616012726,0.108013886155075,0.145932409353841,0.072864763810028,0.0885092691055459,0.109910204418189,0.0670196092881931,0.116414630150871,0.122613193428494,0.140178594940156,0.119006757852333,0.129638568658723,0.0617837734579021,0.122149637568965
"chartacea",0.303766584206972,0.432815053393275,0.119478668860158,0.2820841916201,0.259102688687656,0.200461312730539,0.303372434034124,0.242629495540787,0.226265086822699,0.142765420242559,0.133964538709525,0.159659053077885,0.147978225379225,0.197702077361708,0.292195553669474,0.319667875093435,0.184672711149174,1,0.193045186975885,0.235123584394765,0.259447103236405,0.156754954922388,0.282364279283072,0.290715001403821,0.170796372185527,0.207468697565394,0.254297388199379,0.157297168219484,0.238393243493094,0.380616141382894,0.188027895912801,0.104954378574576,0.271830563724399,0.31116874805961,0.173678023758756,0.201488079979604,0.135965334164381,0.187009909486827,0.162456547132415,0.19855976776141,0.218439916013642,0.196887143705682,0.164704949853427,0.352484651481401,0.215117528318498,0.159915227359486,0.12486836109597,0.214085286445731,0.180886319729261,0.207067155710773,0.160521169222368,0.121883037089863,0.266277172096088,0.251209523592404,0.216599888344926,0.185166069707977,0.257674303993435,0.108667600894619,0.0957399676594945,0.165441271729589,0.26539835938096,0.238114553227364,0.22491242906921,0.19076744789183,0.254885055681852,0.252063417397936,0.259196145172694,0.249613350209005,0.152184395802134,0.281656197132734,0.168050073056585,0.250618559446263,0.193667583676294,0.150890878216474,0.247536533376343,0.204624833077486,0.21451313959278,0.176092648991081,0.207936392266066,0.265114766036923,0.22885466063033,0.329236362866706,0.0831543011891045,0.227745837136124,0.117638119601579,0.177733215560547,0.353987663304893,0.233442651235036,0.199697563062474,0.178940109036961,0.227377803582897,0.174770746468124,0.229810476395646,0.227692917885697,0.185459046182653,0.139168371264689,0.155020741708135,0.299539902505031
"cinnamomea",0.16974278872798,0.195293306275193,0.0601485452953816,0.156284826941749,0.121207646692861,0.19275063479965,0.168059304253972,0.183869884795107,0.22750516559949,0.093406839037118,0.0770648500855882,0.0756546429108686,0.116054509693856,0.11532379863072,0.222409640895979,0.149363918255363,0.14199796510487,0.193045186975885,1,0.181257379514562,0.149767681939084,0.0943552824790642,0.147619986897641,0.194201134611619,0.110680469790535,0.154135978886273,0.119917327294103,0.0995155205315566,0.160915186191983,0.178395461167814,0.165950098537977,0.089760698584122,0.131257010075957,0.209793865816762,0.112616150657401,0.119191274838654,0.0845265894470557,0.217692449469638,0.182029408115804,0.119705655902323,0.142754645547927,0.166076992695311,0.139126340699263,0.128657395138006,0.126562593463048,0.133768303570057,0.0904316227445841,0.155098168599785,0.111895417547819,0.107151553811483,0.138435282110701,0.0915703493592658,0.165535430113337,0.162187034038774,0.143953665872346,0.16127755887407,0.184477643334442,0.0815499049408413,0.0869058341694301,0.141841793085095,0.128636123347469,0.158978171785406,0.181478545550427,0.160503483132492,0.224855405976017,0.1418149981502,0.164683031955369,0.150311838877159,0.207473505002491,0.155865114400279,0.132168213781828,0.155896305431186,0.148935898745416,0.127965990435937,0.13951306861752,0.1603535161585,0.148418182431982,0.0604982880386996,0.214991705905616,0.145014796390947,0.139827761492882,0.151197089010034,0.0560532441269789,0.171719241299781,0.109071232501001,0.121000101402276,0.157900093823787,0.117642637113947,0.107955824220638,0.0752450552080274,0.135707622591142,0.106020248471839,0.122990506865299,0.13691634548474,0.118062604246903,0.10674949070036,0.0949644515826766,0.14575905909528
"cocleensis",0.281839968015718,0.226381836598837,0.0733352536170286,0.278651212215163,0.216305626581602,0.186240821822928,0.247113774957796,0.225413581015309,0.212778598526857,0.113091056909241,0.102604398938646,0.11833024891713,0.169289293995363,0.168411631658451,0.243458442225479,0.184012018280819,0.135222816987569,0.235123584394765,0.181257379514562,1,0.198592406646964,0.115344192509368,0.259435207585626,0.297108531689274,0.166497976901557,0.22181638325487,0.259151720849165,0.115709547695669,0.195404544122295,0.20437872845566,0.228305020294575,0.109098582612116,0.228805732668637,0.225272284474848,0.202948904376186,0.206280480823272,0.113041142959871,0.168566558180157,0.16782099466147,0.152261729172482,0.197461425440776,0.206152877412109,0.167677153791847,0.24817090043337,0.191642768862729,0.151933736459989,0.0936020685012926,0.183801038234322,0.15520796194637,0.171751941158731,0.180084984850593,0.119931400895194,0.219294476039784,0.181920701716771,0.208921394371161,0.179867805136643,0.210615564762572,0.0915186495271612,0.0979324220551935,0.189729197020386,0.200236858833781,0.217605351021836,0.226366868267885,0.172677518919019,0.282925804229013,0.189567215340913,0.257546601261058,0.167520568577196,0.135006427692495,0.277191947291568,0.175207090523748,0.248714785669984,0.210904729941432,0.133754790782039,0.230940638678718,0.186063197548917,0.174403391733447,0.0603223061051752,0.179597621506418,0.20881699229024,0.19141789344651,0.227928721021414,0.0725972832343903,0.164272743728501,0.139162243083199,0.249686824202299,0.228474432798457,0.247649752098132,0.163212422820518,0.0981763892261003,0.237671179389317,0.148809495770402,0.300117539691957,0.223043185201431,0.174221796772832,0.140738612677436,0.124761443453938,0.213615851423895
"cordatoalata",0.230784138104945,0.298674557088966,0.120536011491274,0.235405414733395,0.172652140826286,0.162647593256458,0.231378425182001,0.188578904974049,0.211734146746305,0.122940177590706,0.115970745814096,0.140220668260565,0.186161725116969,0.208051686692346,0.193207790028127,0.155815256592491,0.137299025832919,0.259447103236405,0.149767681939084,0.198592406646964,1,0.147502519180679,0.222282174308471,0.250826816739194,0.137254782680064,0.154673921679989,0.173968323009641,0.172041944930541,0.201627950008495,0.209651780420238,0.200709052121984,0.119378123162355,0.283970052501247,0.270257998320468,0.209805588922397,0.189246685322942,0.154094123693309,0.177984911823225,0.135955091974529,0.169626452792399,0.198629784174404,0.161186025762725,0.141593477566494,0.289583513343712,0.150043129648144,0.156386239317071,0.0941348565974023,0.182280568589586,0.202421629470572,0.151761640870243,0.180318078139025,0.113790779784012,0.223006399415004,0.187422126670245,0.174669151530887,0.191460011867296,0.211690914599964,0.19317225287691,0.0592064407032373,0.148729335806123,0.290606032524365,0.167462404130058,0.15870367382723,0.149706586346587,0.217741204580951,0.224755301474808,0.19672601756869,0.297397181184599,0.115329666447807,0.237143816876917,0.166125130166029,0.212161859791974,0.154827599345627,0.125757843785103,0.214101168963417,0.197771091745299,0.185369201533211,0.187690294607462,0.177302091181629,0.202144635043564,0.171942701749272,0.302912445945649,0.0755239349487734,0.171860879041038,0.133708913403219,0.294584132977281,0.282516716227673,0.156962083760043,0.186164673326554,0.180801131584896,0.159291040043964,0.149087646869406,0.181158512909115,0.19960018507274,0.127677283614895,0.115086317665448,0.133877731506179,0.275892373570604
