"","acreana","acrocephala","acuminata","alata","alba","aria","auristellae","bourgonii","brachyrhachis.aff","brachystachys","brachystachys.aff","brevialata","brevipes","capitata12","capitata33","capitata35","cayennensis","chartacea","cinnamomea","cocleensis","cordatoalata","coruscans","cylindrica","edulis","fastuosa","flagelliformis","fosteriana","glomeriflora","goldmanii","gracilifolia","grandiflora","heterophylla","huberi","ingoides","jenmanii","kursarii","LA17","LA41","LA48","lateriflora","laurina","leiocalycina","leiocalycina.aff","lomatophylla","longiflora","longipedunculata","loubryana","M18","M25","M27b","M30","M71","marginata","melinonis","microcoma","multinervis","nobilis","nouragensis","obidensis","oerstediana","paraensis","pezizifera","pezizifera.aff","pitmanii","poeppigiana","punctata","retinocarpa","rubiginosa","ruiziana","sapindoides","sertulifera","setosa","spectabilis","splendens","stipularis","striata","suaveolens","subcapitata","T18","T21","T29","T50","T51","T82","T85","tenuistipula","thibaudiana","tomentosa","ulei","umbellifera","umbellifera.aff","umbratica","velutina","venusta","vera","virgultosa","vismiifolia","Zygia mediana"
"acreana",1,0.118134208274919,0.122919309644027,0.206822249922747,0.157818765673291,0.113412012233463,0.214269706956343,0.205240893886589,0.212787408687643,0.122331121283662,0.0808865484558237,0.17288579989617,0.124163803128189,0.195468556055873,0.18374384909147,0.160059463212121,0.164188067726881,0.141629713501517,0.148007922580107,0.200297142084383,0.161627169615625,0.17792826095895,0.18785690630391,0.185537595399576,0.0647207350975456,0.120359550956871,0.170312906946119,0.122775691724691,0.231269739856293,0.180361225845642,0.162837457249447,0.116190801670966,0.189572322010727,0.158807719122307,0.193144491702025,0.110677846284518,0.169030649909915,0.215891599653269,0.148156844628247,0.163032440918227,0.157605590243414,0.141325667773155,0.151715450399784,0.151214590014142,0.180454701338462,0.13517409201461,0.117862713287836,0.179651840600984,0.148481404563291,0.196483430248031,0.119071875043116,0.159251607799934,0.195541699338559,0.178648625768448,0.0794863976927148,0.163957182907504,0.166230368700168,0.119960747272918,0.139698311830038,0.16977713660081,0.151630173957991,0.198804659864734,0.179661616656109,0.168952895294127,0.214810310860354,0.182382705381817,0.160987466901463,0.217481761374943,0.184399848268362,0.200170596703777,0.148063198543991,0.207002716497907,0.200255243853563,0.173287824083835,0.114459046958039,0.169900440124485,0.183955159431976,0.131042524073582,0.0994004064970241,0.186104061401209,0.17959348935479,0.180304813599773,0.205305758167092,0.176778242812134,0.112361165460192,0.161743117564096,0.182468235830983,0.166848895722551,0.0654134208769048,0.131257984167161,0.146069980538593,0.135224936208882,0.0790573604851795,0.152719716948376,0.155862979749196,0.0599661987452118,0.123435197251515,0.200081518665199
"acrocephala",0.118134208274919,1,0.0911141142004664,0.181121681182033,0.204807874814962,0.192537683081269,0.20960816923513,0.152495384228533,0.256207675695445,0.179331500521787,0.328843767795174,0.145117718980294,0.126907519941496,0.160490358018365,0.154017128471432,0.14539737349189,0.207598334453481,0.318371954352857,0.184571794642214,0.155979891697122,0.175456717110046,0.114980621975922,0.145953444379664,0.227891879629353,0.147138061042727,0.244801479002097,0.16535376787282,0.170363657308256,0.15141321757344,0.284773030821967,0.164341953459729,0.123383472433318,0.17591728174893,0.121941857358802,0.173034374353091,0.266500782920715,0.391224359919901,0.100753919683853,0.0793107953076967,0.128364565917475,0.138197968513103,0.146526271340326,0.199197895989553,0.177024019219317,0.178875714940185,0.10875542349969,0.144867946106392,0.153737815685643,0.126205666943063,0.150254795137666,0.0741543425394354,0.129127138565266,0.163449701646332,0.171548819670793,0.319471303875293,0.157058182244064,0.149099296213006,0.449705273654565,0.108455006118063,0.189760807454857,0.141063920986648,0.133170428968197,0.265670587114755,0.149579992414817,0.184909316828699,0.296620033914546,0.275438739603074,0.212123830124469,0.263159756168082,0.219974149302751,0.145038950981128,0.134231252112121,0.218636098484967,0.159292944107866,0.128716508442723,0.175687742900661,0.0917195535464978,0.108844094758642,0.347885169865188,0.145670998398685,0.188882270357482,0.125025560097978,0.145912172044475,0.169707429681068,0.189347754907443,0.151919527333609,0.214131553394996,0.100287050838893,0.324664978236939,0.172859063823035,0.257340088831793,0.155441069409981,0.0524146634468907,0.171929965730378,0.157155750653497,0.0698289261160035,0.241514033636953,0.229046426245742
"acuminata",0.122919309644027,0.0911141142004664,1,0.143790754714646,0.108596038868551,0.0901104571944134,0.127325030724174,0.126923645577097,0.168421056911073,0.0924413533445086,0.0534274847813316,0.210171211432612,0.102338888398094,0.147340418745628,0.170257804714003,0.112258844498869,0.118464899823303,0.101122059085127,0.175597202483048,0.133740538568045,0.117938445329136,0.109256267282779,0.129556326115239,0.120128619047167,0.0536034198448274,0.0901177616475466,0.128643804670843,0.0999839070624933,0.113824467352179,0.117896883377401,0.121935018587986,0.178834069647229,0.140754715197898,0.108768048233583,0.124246538826697,0.0839728913998165,0.117441803258128,0.11014549768309,0.113012995880416,0.100497284158371,0.0880159033822151,0.110208079894366,0.114882781793293,0.120391403727648,0.115747617250885,0.0995125771463099,0.149106929738563,0.207177884228254,0.131616650921796,0.107300556670153,0.104401409284939,0.104266625097182,0.137497950248931,0.25236426467511,0.0507962649581818,0.116410194747958,0.0990122632436635,0.0809072188903472,0.106672490939291,0.136461247334364,0.103238853012566,0.13615012986202,0.113142612762096,0.117720995330815,0.136868098715009,0.121547026563228,0.113945917661619,0.182614856685532,0.152523704648824,0.149815573547627,0.0952321132553826,0.123029155160754,0.126647357875942,0.16444765834519,0.0932094845222902,0.123450858468258,0.232286153152912,0.113583216788764,0.0709549187232611,0.121287162137633,0.116545932741611,0.0895353519510919,0.106790064554948,0.118201711880118,0.0957997389800014,0.131397269499229,0.142729665365652,0.119648460510324,0.040200851226907,0.136094971895166,0.13650425662385,0.0936453132506332,0.0703210868667737,0.10486556154622,0.110361218564462,0.0468531515106615,0.0826702553831845,0.110686700108354
"alata",0.206822249922747,0.181121681182033,0.143790754714646,1,0.251797232212178,0.173556728400676,0.28391285227126,0.22973986262349,0.28185507227503,0.187807451317151,0.112549132097784,0.179518042563955,0.166875661223133,0.336362489565508,0.277985575809135,0.228923523705318,0.306556863520321,0.219490504811556,0.162293605126315,0.248456704183497,0.220147697181773,0.175552856737396,0.214923471832477,0.191582583996797,0.104850624539984,0.179200619451413,0.241048626903355,0.145097738199126,0.182197176887089,0.225306741666413,0.290711821425193,0.183017471198503,0.261679808796809,0.188308923327361,0.207214539191977,0.141579258004787,0.142512208601711,0.189551821861229,0.126030790344833,0.207263247322348,0.177629992717564,0.20979333664,0.179333978900296,0.230862567198288,0.217760242214046,0.16472288889448,0.156588685764819,0.24485631605305,0.221713727070681,0.189729026800987,0.142194097042994,0.175985187836734,0.246722458617109,0.258705419310167,0.102069186524715,0.20787527075748,0.218040312976275,0.190933324953286,0.160794149969529,0.256785370565823,0.184261252727757,0.289785019210971,0.248576741477061,0.271647068205582,0.278425836515711,0.320507842154362,0.263899251616599,0.355445264701742,0.269550820021964,0.289004996942369,0.202021917746122,0.176141511811766,0.241249881623596,0.254181401865335,0.152640035628899,0.241835732528787,0.176208319858784,0.147579846911251,0.112086592806343,0.240429316843683,0.200065525102195,0.199745248077275,0.158440394065628,0.24434824143068,0.235375069689762,0.245336148813416,0.270863760245385,0.214999069885183,0.0695807625757879,0.229697368747647,0.217760100122747,0.166104170291458,0.0971846745076944,0.206770368630405,0.200687668585974,0.0810890579609898,0.211805578171552,0.223186624708783
"alba",0.157818765673291,0.204807874814962,0.108596038868551,0.251797232212178,1,0.161434410094751,0.236405076698904,0.195479730466825,0.256719022401245,0.302585515834735,0.236426576187744,0.254838304832389,0.263651042165809,0.216399459513737,0.183152355485482,0.173394207387714,0.236859368137259,0.237162496481355,0.149328176770315,0.15422838638634,0.178761896513574,0.149617468303933,0.1474009814764,0.227343080369705,0.0708949766272584,0.307384460437023,0.186697399792815,0.133456625465051,0.146981048832247,0.278009920895092,0.271284751851316,0.279782699985874,0.222647423596438,0.137057650660888,0.30452280942624,0.195191288089792,0.13303049808911,0.142480887465999,0.0991440534427818,0.216623154685093,0.254492587171207,0.162370147742981,0.17654401974447,0.225988381206091,0.18763384943686,0.152960050387474,0.264561671314126,0.24466208015859,0.268398839874411,0.260500445853292,0.0829763291280047,0.152606400812037,0.178991095654787,0.233312622244391,0.119660911475714,0.183913993063224,0.166181768165429,0.203858664581467,0.228433072736092,0.243664420110411,0.154502906907414,0.166887597207833,0.255823016280477,0.289151664271597,0.213010290534093,0.302121629710692,0.330180512220502,0.259125759794856,0.236867336561219,0.316068464025764,0.26565596066566,0.161118109051224,0.199501820636063,0.230234772673098,0.12379441891482,0.223490740554099,0.127171592743548,0.114270041667681,0.117591460227662,0.177897380375864,0.168207450003408,0.194292177933377,0.125818166463616,0.237793013482184,0.213716893780889,0.175926688628623,0.242009482256141,0.159783082634858,0.0785426916839541,0.377108571635661,0.216929204566181,0.23743253295426,0.0639088021179841,0.205416062678927,0.143681854348036,0.17288267075569,0.208966225954745,0.250048289742066
"aria",0.113412012233463,0.192537683081269,0.0901104571944134,0.173556728400676,0.161434410094751,1,0.176271287298243,0.152480861835106,0.198983484802964,0.189298157778421,0.152131505074921,0.121545575580964,0.113727401348434,0.15910655542336,0.14101756651684,0.175955356990231,0.154508067509883,0.226498617632257,0.123420586599332,0.130521345019732,0.144490888033323,0.0985921849554574,0.110525463162629,0.142504979187681,0.152454332979777,0.190789416346131,0.154013770987507,0.158764515358384,0.128247675181931,0.19676902103623,0.181334698318811,0.14034318859928,0.153094700840381,0.145046950825574,0.173304300488398,0.18371213988247,0.169589526380983,0.103356559809664,0.0954677955630112,0.115274189259666,0.136100464171834,0.135248753673071,0.137027612329783,0.156241303810459,0.148356642555862,0.124230185497385,0.126153902035801,0.155461635969203,0.117398064275952,0.143980708304431,0.0724026978207421,0.10947592264307,0.15414827480494,0.179300955938948,0.132966872594644,0.130259621462133,0.127147821536328,0.180321770290328,0.100808738200542,0.170552879447134,0.130309999246509,0.1314154666909,0.172440751997055,0.16598927491355,0.160004394667863,0.193226232166565,0.185123183512969,0.172395650866847,0.16037989401643,0.191801598440181,0.120292884776106,0.112370183868683,0.179487611994674,0.169552841276502,0.163668254013475,0.164935508783505,0.117481296034106,0.0844019860122488,0.163478490051312,0.163547078981391,0.184925924299779,0.129934840920897,0.101228722769288,0.159274723640221,0.178951687552632,0.12984746318867,0.244746784478948,0.111454418255864,0.0929206784535648,0.18103611690235,0.137151632313628,0.210644882994244,0.0666647616440719,0.163320138863324,0.144943139857176,0.0622841470471609,0.208581125160393,0.196654690445373
"auristellae",0.214269706956343,0.20960816923513,0.127325030724174,0.28391285227126,0.236405076698904,0.176271287298243,1,0.214584650347598,0.27777981735244,0.21078851753527,0.173969174181239,0.163000762504172,0.155300972509223,0.269235614964112,0.233649541265032,0.174311888273538,0.215702923693696,0.262123989518739,0.236280933592851,0.210487030230663,0.223080012110275,0.178383388279804,0.180119689314679,0.232409240893463,0.149725354373392,0.220014974892053,0.214471107439631,0.169886343703167,0.183392973516296,0.314404181695584,0.192969936274297,0.165374495000682,0.271497467780263,0.17904717382103,0.20213002752074,0.22210706462114,0.194036561316137,0.179343527635156,0.135622477027537,0.15425230334812,0.173391417496126,0.175510076176205,0.243350487010632,0.190698135162717,0.207223894017865,0.257815161237756,0.118582652104937,0.18061506362582,0.161883308358995,0.247498793429438,0.207962801362384,0.18327457807944,0.234514981361281,0.193997631721221,0.15553260721302,0.203758140571718,0.217500253124017,0.213131140754547,0.254263519839439,0.191830634314638,0.175414648480234,0.217040403621118,0.196706194781362,0.209166209481528,0.265947270482746,0.314598961305644,0.249519448094086,0.269163933863431,0.201678067618198,0.229540264335182,0.174754104285941,0.163786737770164,0.308737528595205,0.190136268487915,0.199241889227823,0.207008118518963,0.139386225074758,0.130322380514501,0.188875644686949,0.302330974203929,0.256711178147555,0.213269623654526,0.155729893355374,0.212227576169857,0.177761481024998,0.201127475377401,0.29911215324467,0.161606612172382,0.124613672331989,0.189935458893849,0.18548530363831,0.171877914365271,0.0910961331666961,0.211721870017266,0.213523157487151,0.0865169124609843,0.180161356811333,0.300274557481979
"bourgonii",0.205240893886589,0.152495384228533,0.126923645577097,0.22973986262349,0.195479730466825,0.152480861835106,0.214584650347598,1,0.19634706986402,0.135476688812831,0.0900271831690868,0.180204988434824,0.138335900356808,0.186290637302501,0.230656040171917,0.226216722022726,0.20514309262432,0.168674868471199,0.183511294634584,0.256143244596377,0.178748931084915,0.231210176449173,0.225107329957075,0.176862646675359,0.091535597517356,0.136148765821217,0.168352625199947,0.228508349027039,0.142602922952781,0.185962037953148,0.158698142994934,0.165042032924787,0.216404847884266,0.173736377326425,0.205978402270149,0.153965077255227,0.193662104796402,0.183626776707057,0.10522368997629,0.147330131500057,0.165973917004901,0.197229955755468,0.185848491898208,0.179909853917884,0.252965179265394,0.109785659182708,0.126641986977698,0.164339842621389,0.294467479030298,0.170640187897011,0.118706416481766,0.169714714787766,0.260351158388089,0.15330007279475,0.0981876505027517,0.178458033244154,0.182160879696303,0.16128529551988,0.152168554041735,0.157835987259084,0.213818363830408,0.19581757185901,0.177256604425683,0.191485338463257,0.246855537766748,0.214780704991128,0.187567733691257,0.223644534397438,0.208797674761808,0.18245358981587,0.1751062878583,0.187508849796153,0.268921731619794,0.168705483775718,0.146159244472069,0.220614584026474,0.156274540504024,0.155065454240229,0.113026884865648,0.16535720206545,0.239113082418002,0.167753512118027,0.175272088690387,0.189528341608207,0.172634957834492,0.305747419862658,0.214740448764443,0.15400766143295,0.074930036803963,0.165316264860788,0.15713170560574,0.185096714381746,0.0680545353760457,0.184920487676202,0.198848026350931,0.0700969724365084,0.13712726837024,0.220520002827859
"brachyrhachis.aff",0.212787408687643,0.256207675695445,0.168421056911073,0.28185507227503,0.256719022401245,0.198983484802964,0.27777981735244,0.19634706986402,1,0.201723284780347,0.251863827358437,0.16849056195031,0.173223480492785,0.241631865536942,0.220374911623296,0.186745240405757,0.332871735109119,0.264608169989933,0.192525370092664,0.227494006166603,0.195356580701287,0.176450759482535,0.212708930515506,0.189801780398634,0.0961657429976556,0.369634094856739,0.259377495618251,0.152098597487323,0.176205287570193,0.41617632990753,0.377020594831397,0.191862694221501,0.226375289154353,0.14213576144164,0.206329812211139,0.197537513976626,0.235927480224744,0.182739196282903,0.131962585327786,0.188144699084132,0.163685452822817,0.147486198691733,0.246032602037314,0.270991535663846,0.203545001046627,0.179473442832363,0.173091431092616,0.250956127496024,0.212547473354914,0.212629840104883,0.090969758259639,0.170235276927903,0.189841549004511,0.320046411551941,0.171519905923313,0.231427493752483,0.18823609225084,0.347432877993805,0.135796167143582,0.356416940072956,0.150327534544718,0.179010047505982,0.30098877559761,0.256849375600393,0.254666980652279,0.298374853706113,0.344348866630854,0.327685265318521,0.30138432613399,0.344068730103816,0.184635136696445,0.183569057086166,0.265168853893541,0.272077911729094,0.115642485422089,0.269841132898634,0.153656186308833,0.146839260507281,0.164618283951323,0.224518439578218,0.193145861385048,0.166100504932726,0.162337071991664,0.274632694547834,0.28967463361827,0.221560774055179,0.295575125584552,0.153432091498174,0.193003595793498,0.23348483416625,0.272332986174018,0.180383788849478,0.0727131446967358,0.194863129532725,0.192347691620276,0.0683014509192488,0.255399066101711,0.243604213626537
"brachystachys",0.122331121283662,0.179331500521787,0.0924413533445086,0.187807451317151,0.302585515834735,0.189298157778421,0.21078851753527,0.135476688812831,0.201723284780347,1,0.371467318249304,0.292505925518174,0.219384174137606,0.19332412627592,0.188833728196444,0.133364559193224,0.145306894631864,0.247483914614399,0.131992930427582,0.136232480891421,0.192584384155581,0.115713739986619,0.13568163233487,0.194211425783444,0.113433637865919,0.372747463468493,0.148510583088963,0.145444828443372,0.150041105013042,0.24570281671899,0.215447352064709,0.39256072065521,0.181891398665692,0.131390614246012,0.394946602021083,0.198046191917844,0.121980044382622,0.115002535541184,0.0975738381570669,0.145149170054358,0.345069140160745,0.116108920155778,0.143003747587132,0.200432183113911,0.159465074459772,0.136009298580635,0.409631971714168,0.201560304068821,0.279438687395757,0.329304180214614,0.0838323059906501,0.14587687137582,0.17392261826713,0.205101329344508,0.118503119433721,0.257221942701835,0.146093628103891,0.179767352130851,0.250992131315657,0.214342926150736,0.134052035328364,0.130025484013972,0.175490471511588,0.215796953156,0.179537849380041,0.22943039586685,0.223450825675309,0.214174913328894,0.15360942554527,0.228717954487367,0.313542163575395,0.112142661539032,0.197319733110764,0.204320985123975,0.105203138701226,0.228943842260071,0.096801977983924,0.0969373391173418,0.13244237798058,0.186661961236746,0.169419546086537,0.166422970234443,0.11969425732522,0.206455101168999,0.208042798329584,0.153938499422589,0.223171888352306,0.118754517781556,0.101044212992222,0.342342728486548,0.138688558639581,0.31302434814056,0.0514385291588365,0.147812119521902,0.147066837250226,0.304723888253695,0.155592007631292,0.206862195841838
"brachystachys.aff",0.0808865484558237,0.328843767795174,0.0534274847813316,0.112549132097784,0.236426576187744,0.152131505074921,0.173969174181239,0.0900271831690868,0.251863827358437,0.371467318249304,1,0.237025254820363,0.183372622686104,0.114839559420456,0.0786923517426026,0.0893788238114908,0.133356844034078,0.311905483032047,0.206693513484726,0.105234081221029,0.0939400317219261,0.0657615228456801,0.0783934080564437,0.130225945317599,0.171718733526533,0.468713553958162,0.120390988541346,0.124446193869978,0.0973343900476785,0.262903157545822,0.134194114540177,0.28565178719221,0.101052203158424,0.107805530262373,0.28672543077458,0.22056543980876,0.423022902938413,0.0669175696319696,0.0502113699307151,0.0725504194202604,0.300075679320557,0.100189672346088,0.171560486965544,0.131956045428051,0.102523300077993,0.0760081562468374,0.294677913062408,0.117058067305557,0.218602885251493,0.311909173410979,0.0552280361582752,0.0857835091437257,0.111001430116161,0.14189820097891,0.439268377082503,0.108850472442546,0.100999399095835,0.478983735500642,0.189829241196616,0.143679824483615,0.0809001053302826,0.0777637744813961,0.130375193437667,0.142928581105949,0.107307983709105,0.223036544471833,0.228769802277764,0.11571908386316,0.115495693283835,0.164383002583129,0.256636314339931,0.100184847553213,0.221448026882133,0.125348415354967,0.0841663899858444,0.121711311751699,0.0819552947169547,0.0675392345100125,0.428183190664237,0.101433045102282,0.10687250944697,0.134985867094599,0.0643406121590583,0.111049613788136,0.151737454388944,0.10734644302692,0.149274680620948,0.0823497140265859,0.431321044456214,0.238794069606913,0.106322142436468,0.291028002077753,0.0305458918489058,0.108822806772562,0.0932341184385461,0.24263388064998,0.161243211380013,0.137849010734015
"brevialata",0.17288579989617,0.145117718980294,0.210171211432612,0.179518042563955,0.254838304832389,0.121545575580964,0.163000762504172,0.180204988434824,0.16849056195031,0.292505925518174,0.237025254820363,1,0.240815420738586,0.189786749174349,0.244193575985047,0.195882513105852,0.179975407558309,0.150478028363721,0.162165941004621,0.188932541766025,0.159231377783424,0.143174153242339,0.195624822432298,0.1435399383559,0.0674488892872771,0.292258180057658,0.147796276426651,0.125730245887312,0.147714260608621,0.216243094765988,0.185981455047289,0.418209783058768,0.157815470435404,0.143866826395654,0.316615581860861,0.142988377900245,0.139351526649504,0.0966100056662954,0.110511065899499,0.137239080400945,0.27618260687442,0.125241635918421,0.149293964714981,0.171430675161953,0.145868923698148,0.10546479628119,0.384090268628665,0.284666247906071,0.314673630647582,0.285252621472938,0.113343116108419,0.154498575398977,0.163788328765008,0.225150541356887,0.0793645195251991,0.154026550431709,0.133400366137433,0.151927310099552,0.269762243360639,0.222210409719942,0.131279859300226,0.150850005511431,0.174352490459722,0.148580495151575,0.18957868664636,0.21417911988378,0.206578591700615,0.199470905650542,0.193660898735913,0.231703150540101,0.296893331693599,0.162020202902916,0.198287383092938,0.277406750670414,0.110190037599072,0.190897112698277,0.169844609211377,0.148552014243893,0.107646909931845,0.146437913302018,0.206809181358574,0.17495016856497,0.182269369122835,0.174285452370088,0.175188345402831,0.156231996279386,0.206765611809594,0.148381558482978,0.0780547705732603,0.378834674799374,0.165706430317019,0.298835969831537,0.0575510045309562,0.152360650557315,0.173689044164346,0.210362119384874,0.120658074131358,0.179291725050882
"brevipes",0.124163803128189,0.126907519941496,0.102338888398094,0.166875661223133,0.263651042165809,0.113727401348434,0.155300972509223,0.138335900356808,0.173223480492785,0.219384174137606,0.183372622686104,0.240815420738586,1,0.181983168023826,0.174500754567895,0.150851139475952,0.156951426291588,0.145257140106513,0.150865231834375,0.157911701329136,0.143767090986598,0.153402893114648,0.234883697606008,0.129484434504047,0.0561975422625349,0.237110136385027,0.169056218390647,0.119032081711652,0.130504503883203,0.191445865175921,0.187133245479042,0.275624364530765,0.159639265064699,0.0998762130187744,0.248738245348311,0.126204673499438,0.104796710197833,0.132652969263458,0.0952857428151205,0.158623974690413,0.299349297584277,0.11101572320332,0.163007425636267,0.197202089668179,0.148277091930338,0.139030703498477,0.210762173740245,0.201009253871401,0.263320650727898,0.211719705631156,0.0909642156159159,0.108366184794328,0.149600381156244,0.174303136984861,0.0670631404420937,0.155663377957263,0.172104424767941,0.142271587211807,0.331169336058661,0.190112108631002,0.0977225654058763,0.13086001890806,0.175170566956848,0.192266241390906,0.19155153061761,0.208530158709225,0.183556524076055,0.195052544865404,0.161324963977482,0.220359941731724,0.26622968151417,0.116396736432287,0.169608150010693,0.216401963280162,0.150000200466961,0.212483119877808,0.143348837386668,0.157194406316258,0.0830636583994344,0.168581828852448,0.167643191997141,0.14560274012222,0.113691846100556,0.171981640694929,0.149783139408307,0.191040894738703,0.173418080891386,0.264562117781284,0.0535126920695136,0.286344377410796,0.168329046136952,0.19860387867049,0.124274410006171,0.124152288656106,0.163002679952174,0.152631418682772,0.101853436620051,0.172580129429679
"capitata12",0.195468556055873,0.160490358018365,0.147340418745628,0.336362489565508,0.216399459513737,0.15910655542336,0.269235614964112,0.186290637302501,0.241631865536942,0.19332412627592,0.114839559420456,0.189786749174349,0.181983168023826,1,0.262291902306384,0.203149428519705,0.248668470414071,0.205705061182675,0.19137429754689,0.289195266367669,0.206652889179881,0.161560701370792,0.210556048343432,0.197790381382822,0.106104918885928,0.16484304526149,0.219556747470027,0.14830804436268,0.198355486279869,0.229042694894036,0.23638115553564,0.242318141609361,0.24764852608032,0.154044684917311,0.19093771896658,0.146429914736066,0.14738596957823,0.160542465963215,0.158480252183283,0.233144772400991,0.161248964506655,0.177609345923019,0.170696926433941,0.229459789668632,0.209894212022014,0.165076642166265,0.165603632307564,0.248605669432696,0.219114501863776,0.179012702664527,0.153995426199771,0.166387684565802,0.256783749528021,0.243638912364978,0.113649039084836,0.183478973735477,0.188707570772162,0.158645865835121,0.16114802524863,0.273747306762585,0.144293918368442,0.242115544904501,0.235781952102504,0.227675796406328,0.285589818367617,0.289697952915893,0.254741018979294,0.315349259948294,0.229341241919435,0.307008859620055,0.17842903960158,0.161514974426702,0.301088736910412,0.273314825632171,0.160195305590049,0.245555252283876,0.184640912860834,0.127038775261282,0.131557625798066,0.2311083636303,0.203882494828708,0.189134073046791,0.147940272788533,0.228544758750406,0.199421645496137,0.274474675097536,0.239044571718997,0.222188462576799,0.0772388474235437,0.237213374544526,0.193218075935181,0.148551297821794,0.0668056498756824,0.186933856973083,0.179906058068427,0.0711773942550467,0.185066452763356,0.255610903902148
"capitata33",0.18374384909147,0.154017128471432,0.170257804714003,0.277985575809135,0.183152355485482,0.14101756651684,0.233649541265032,0.230656040171917,0.220374911623296,0.188833728196444,0.0786923517426026,0.244193575985047,0.174500754567895,0.262291902306384,1,0.175712708858867,0.203700268561029,0.171333719146201,0.153592025904731,0.259961027515531,0.203327805182657,0.211050995560314,0.260075321507365,0.172931460832466,0.089286815212325,0.148267645579802,0.191584234682745,0.155496598030838,0.162230209877978,0.218139049955343,0.221776148155283,0.284735006492203,0.238202813574937,0.156464350408182,0.180007641362328,0.151626930747337,0.134538000355905,0.165740626243776,0.115154769499451,0.163645910975994,0.166858981530709,0.165888977735584,0.180297563678945,0.209618597750093,0.219746907400354,0.150861478038743,0.183504687426573,0.26532857605492,0.276450581009758,0.152920956232851,0.135128259868627,0.143545916656454,0.220138080567277,0.218507679565492,0.0755898358031846,0.204724596300725,0.16940278805351,0.159946141507609,0.165227366578534,0.284403519982974,0.147414817877027,0.222097869834909,0.211077216926545,0.198965391830387,0.254319391868964,0.256666886366967,0.225108337922898,0.283316049186216,0.219967797890873,0.312067733217561,0.176683621958153,0.153725946000374,0.284678491764889,0.341294727775198,0.12805007134762,0.32104639947478,0.169442890678831,0.153005231320634,0.107740137832267,0.195282432837357,0.208814103386798,0.14916844974302,0.180584243376735,0.230271740354791,0.220782060876464,0.260317684624358,0.243901073002154,0.210990176752636,0.060868186647842,0.288115830428003,0.199081872597744,0.145397632337225,0.0781934917636763,0.175448594537342,0.19562837982752,0.0708446850614264,0.132624831116781,0.199030562459628
"capitata35",0.160059463212121,0.14539737349189,0.112258844498869,0.228923523705318,0.173394207387714,0.175955356990231,0.174311888273538,0.226216722022726,0.186745240405757,0.133364559193224,0.0893788238114908,0.195882513105852,0.150851139475952,0.203149428519705,0.175712708858867,1,0.243136563765642,0.174686829602476,0.163311103262724,0.18895910556852,0.170131022243673,0.153079809569115,0.158487426899206,0.154057703724902,0.0774967996972503,0.147650172358418,0.155719593547655,0.129457109026797,0.16819650694722,0.172508682039589,0.159730341768163,0.14337991530538,0.181437319610434,0.156572397518479,0.170445606166406,0.122076296622671,0.115638188043654,0.132228440998217,0.123390076561787,0.160989244909849,0.143962482223807,0.143944450731922,0.144124861719314,0.167221959982297,0.162576114598727,0.149558634093412,0.132221683439151,0.181782531331355,0.150466379160979,0.205403201258057,0.108744427954506,0.158817990290867,0.250590441246205,0.16375502709087,0.0765558985530388,0.181450153286382,0.170099268965744,0.130453196446896,0.145991979823945,0.163095006118858,0.196446608099545,0.170200048626103,0.196533439613366,0.166769339032141,0.186119179875432,0.208515075260896,0.18120335978955,0.198517024099762,0.183009951274751,0.190062356324259,0.202621187447118,0.155051435380062,0.188488545153834,0.17598970730629,0.123837477290793,0.176827722070131,0.157764007858033,0.146186410895195,0.105592276967263,0.175962918141875,0.154242817436069,0.173865139948118,0.124300413188313,0.198766855448118,0.158316469503186,0.154039752132519,0.211646001568683,0.15614725165302,0.0629538822808722,0.159048346385779,0.145958019646784,0.174559442130548,0.0613661317162626,0.183226159170128,0.240830604879902,0.0696620051925848,0.155489288788481,0.201191668296315
"cayennensis",0.164188067726881,0.207598334453481,0.118464899823303,0.306556863520321,0.236859368137259,0.154508067509883,0.215702923693696,0.20514309262432,0.332871735109119,0.145306894631864,0.133356844034078,0.179975407558309,0.156951426291588,0.248668470414071,0.203700268561029,0.243136563765642,1,0.183231681980686,0.15416554298089,0.247698197330347,0.145464877953575,0.168242998435384,0.186993562535781,0.174430476689841,0.0798572675097142,0.219874297808123,0.261422666554474,0.143085966620159,0.141066715837818,0.282621471853498,0.334141507432412,0.194882139057634,0.209347846853219,0.1402648476202,0.163784014530223,0.160197667652818,0.147853110640694,0.156062136310289,0.107526307195409,0.186383526654237,0.163990665763122,0.152273193170049,0.176885565599004,0.24434827566838,0.189253527694205,0.128611194630797,0.167214237029397,0.223332429993043,0.205429076150505,0.149141214008422,0.101222920096503,0.204436629306634,0.195569761795388,0.293304870114964,0.118235965458814,0.190473143473816,0.201594299980345,0.202449057433084,0.126802179666183,0.280812779438334,0.150375184490008,0.18949343298634,0.324624190420492,0.252897096387606,0.287132763445777,0.287954245756329,0.272220341016922,0.286573831632363,0.301270758288293,0.286394906353445,0.187483254639902,0.175495650314297,0.217451595092151,0.247920949317097,0.115212478402374,0.227148584126431,0.153533898325677,0.129179029773424,0.118694837020315,0.231110967275992,0.173987363280247,0.159414787724491,0.155748195324488,0.291194434791603,0.248585231493164,0.229226407466932,0.283152764615351,0.150972602791497,0.0853994725234059,0.202518290417921,0.303483144504763,0.147278682690213,0.0703640286225599,0.186209543728904,0.180831647417053,0.075714007737022,0.312265668214772,0.210977285712469
"chartacea",0.141629713501517,0.318371954352857,0.101122059085127,0.219490504811556,0.237162496481355,0.226498617632257,0.262123989518739,0.168674868471199,0.264608169989933,0.247483914614399,0.311905483032047,0.150478028363721,0.145257140106513,0.205705061182675,0.171333719146201,0.174686829602476,0.183231681980686,1,0.255777135463292,0.159525147175205,0.195062360834319,0.13152131934403,0.205644564447532,0.236136593342389,0.123546370940485,0.287324365982611,0.198118339750314,0.183633505061817,0.169901357170671,0.311814433086157,0.222704027074724,0.162307114461229,0.253820015698119,0.143479911430633,0.223248082302095,0.255252147431611,0.323368415617102,0.141139719217132,0.092183746597168,0.157671293325719,0.162282362902121,0.165338541713879,0.19898218217394,0.240600312554181,0.183028848403891,0.157333923713958,0.181395528879498,0.228316227638686,0.132872667782134,0.170307829523801,0.0841390787099232,0.137504906768141,0.207836574229755,0.233148521979972,0.285070160579147,0.209167061541277,0.178600815818454,0.368671786146226,0.127419057484687,0.234751643514591,0.146024689586207,0.202207404994729,0.210033381749317,0.288809888669098,0.183466566634301,0.283578895241045,0.27751929491412,0.263714005184974,0.183050165934374,0.253548199185837,0.14265726469382,0.13512562115965,0.282081190977619,0.217658057709422,0.129219715476274,0.283672642644424,0.118819978556127,0.114999592422066,0.288918968583134,0.22507762992782,0.170443042196314,0.173890212592766,0.119217349422914,0.189933540746178,0.225327683423337,0.156854940396851,0.235940147444865,0.118750337358438,0.27110534677183,0.231255689677647,0.160612889216955,0.187851900223833,0.0593136831398675,0.180643987406602,0.172995545568846,0.0742867553589419,0.240112402625901,0.27523433356203
"cinnamomea",0.148007922580107,0.184571794642214,0.175597202483048,0.162293605126315,0.149328176770315,0.123420586599332,0.236280933592851,0.183511294634584,0.192525370092664,0.131992930427582,0.206693513484726,0.162165941004621,0.150865231834375,0.19137429754689,0.153592025904731,0.163311103262724,0.15416554298089,0.255777135463292,1,0.168894396557914,0.166189587178186,0.148563749761258,0.243663855984165,0.196200088340754,0.0966387429740721,0.181334858393907,0.149783196141124,0.159006730924719,0.13106910857236,0.21901576582404,0.129106879399887,0.155628312650156,0.233559851047822,0.136752368692466,0.140348454769574,0.197981283390043,0.320607212425193,0.126757026021134,0.141128850008189,0.121636764782579,0.146679044821265,0.137309489828499,0.187803362306108,0.147942891785854,0.155047510911382,0.114883173455996,0.1162290236431,0.152375462326039,0.147475065370769,0.15915233729774,0.0929417233667326,0.11753384903405,0.190790639273322,0.199053830107354,0.145707123870253,0.151259694093002,0.170850287778497,0.247800556898108,0.170425500557772,0.140886903605258,0.135305167239025,0.222941659994928,0.162338365200735,0.151283718466183,0.163606980569987,0.221046946696982,0.176710632533359,0.174769393536251,0.176429959646461,0.154781030533615,0.128360914031756,0.129991153354798,0.328812444554191,0.145937957238955,0.156923743061281,0.153261227836305,0.23808137453372,0.13402901937513,0.167261435613655,0.131593993212477,0.189279200910945,0.143192896899355,0.131996412223369,0.171553904821944,0.11615591543204,0.178466690641363,0.214851736058932,0.128172209197825,0.191587631029049,0.128656966741445,0.144881451912456,0.166926056080046,0.0649647856668795,0.160968424203245,0.183513003974204,0.0620445374398854,0.138379197657573,0.232147105523286
"cocleensis",0.200297142084383,0.155979891697122,0.133740538568045,0.248456704183497,0.15422838638634,0.130521345019732,0.210487030230663,0.256143244596377,0.227494006166603,0.136232480891421,0.105234081221029,0.188932541766025,0.157911701329136,0.289195266367669,0.259961027515531,0.18895910556852,0.247698197330347,0.159525147175205,0.168894396557914,1,0.191499998177701,0.212702043920437,0.273324016612823,0.15743424981564,0.0856806665709941,0.1697202873308,0.265939646344445,0.170777196174177,0.162620993028487,0.215678252536581,0.20664105051292,0.146094057818148,0.210612889653099,0.150435185447072,0.168108926664987,0.142267681470258,0.164441552925038,0.212350238868197,0.145437460139212,0.152378487210072,0.134276778701494,0.190392957683633,0.186471814796268,0.205318320042634,0.217223968792404,0.141829125493961,0.128604901698913,0.209369112258034,0.257791096436941,0.136953992624644,0.135708338744057,0.167156905040027,0.189410695723845,0.216792161579215,0.0935089714586972,0.184714009866781,0.190477692377279,0.161346826011648,0.141940728660655,0.212729773091114,0.143063392969706,0.217379493366858,0.222083973319156,0.225870061043627,0.276393347456004,0.234065895354551,0.200158112722801,0.287187555108803,0.211044027333196,0.22836010281652,0.212439740409092,0.178289785936956,0.247221262088688,0.222677567790267,0.118324611970372,0.248137995477924,0.165883128351595,0.165043916435555,0.125867058292335,0.199285237870161,0.213996172563297,0.148573233021168,0.196203979109547,0.247812085742655,0.176116035358792,0.341227082642935,0.218720056572224,0.168057586683997,0.0824286491077008,0.164410183484368,0.224364305260424,0.144541074507154,0.0811473554820491,0.189838583230475,0.222504416450499,0.118659446221506,0.141272492328328,0.190108064526963
"cordatoalata",0.161627169615625,0.175456717110046,0.117938445329136,0.220147697181773,0.178761896513574,0.144490888033323,0.223080012110275,0.178748931084915,0.195356580701287,0.192584384155581,0.0939400317219261,0.159231377783424,0.143767090986598,0.206652889179881,0.203327805182657,0.170131022243673,0.145464877953575,0.195062360834319,0.166189587178186,0.191499998177701,1,0.164042436918898,0.169626872768802,0.197408793298707,0.0843016337885999,0.157834024279161,0.169725821237382,0.144325800795404,0.141240752871811,0.195120591546006,0.179394608911118,0.190417982760915,0.213383654014138,0.143770781223837,0.209101969812112,0.149135006151058,0.12576284794659,0.130800503669628,0.133125640022327,0.147910814042698,0.160524776376226,0.205672648976805,0.156754931579104,0.171825212257964,0.211167465601938,0.150359703687642,0.135167415274883,0.190801178436985,0.174411297565337,0.151901915354255,0.103367641269153,0.159986702198437,0.225570243616175,0.16782298291443,0.11555408105423,0.189336925925302,0.179257560545838,0.161400315262856,0.148871928165529,0.187312235200925,0.191175147983465,0.176493733884682,0.1700495764529,0.192870631392412,0.239044337886975,0.250746597343337,0.222363219978491,0.230406558784574,0.175245470367512,0.202301324799202,0.17855622583298,0.126743416981629,0.219469391941461,0.176789231788946,0.137502224109456,0.193660965652485,0.13844605344423,0.116256065987375,0.12101942773632,0.187581785274404,0.176449356914827,0.155214012439707,0.145110783571322,0.202332287129591,0.214907880712679,0.179935786521916,0.249492928352682,0.164692435552601,0.0649381233831245,0.208853839190423,0.157221183396084,0.14945491683913,0.105135773072995,0.175063337855487,0.18208570049813,0.0714746914646853,0.127296212304478,0.233192628920751
"coruscans",0.17792826095895,0.114980621975922,0.109256267282779,0.175552856737396,0.149617468303933,0.0985921849554574,0.178383388279804,0.231210176449173,0.176450759482535,0.115713739986619,0.0657615228456801,0.143174153242339,0.153402893114648,0.161560701370792,0.211050995560314,0.153079809569115,0.168242998435384,0.13152131934403,0.148563749761258,0.212702043920437,0.164042436918898,1,0.340113315042847,0.130006051603951,0.066137334728994,0.131798270894008,0.16501504799319,0.180033658636321,0.136213924913573,0.156044701425583,0.153946305917696,0.162128784522664,0.155345612840809,0.110970454031502,0.162096067924185,0.142920382918059,0.109569860666033,0.211603317101814,0.121547413838211,0.135634048953215,0.137323349530559,0.112119612209623,0.143093873007019,0.170426255862075,0.158453336253111,0.111381622099779,0.114962261684006,0.175044536842392,0.285289408618435,0.109445644550088,0.0948433690067313,0.162287999360389,0.132589256630255,0.169066895099389,0.0604976507975307,0.262530363392276,0.188621321489133,0.111511370240982,0.132819079711325,0.191037772559743,0.119831957835055,0.152746949774231,0.174432327514669,0.197029627754014,0.237055955845246,0.171781468967162,0.195254358095098,0.229280086042442,0.17224598901451,0.180783213199301,0.174916817554118,0.14845268931449,0.187673405445116,0.195533813338384,0.0947659243858139,0.207065868726165,0.157984911327957,0.149220293619993,0.078433375416779,0.181426649287842,0.173978905499757,0.137852000855648,0.177627999425387,0.171189465131052,0.209691347881029,0.365024595503974,0.180388396342615,0.158029110088078,0.0482895070272487,0.153318339126651,0.172084162953089,0.134323471340725,0.154431531750607,0.123843990456477,0.159053307267554,0.0661828017530227,0.101860588508141,0.150922072892788
