"","acreana","acrocephala","acuminata","alata","alba","aria","auristellae","bourgonii","brachyrhachis.aff","brachystachys","brachystachys.aff","brevialata","brevipes","capitata12","capitata33","capitata35","cayennensis","chartacea","cinnamomea","cocleensis","cordatoalata","coruscans","cylindrica","edulis","fastuosa","flagelliformis","fosteriana","glomeriflora","goldmanii","gracilifolia","grandiflora","heterophylla","huberi","ingoides","jenmanii","kursarii","LA17","LA41","LA48","lateriflora","laurina","leiocalycina","leiocalycina.aff","lomatophylla","longiflora","longipedunculata","loubryana","M18","M25","M27","M30","M71","marginata","melinonis","microcoma","multinervis","nobilis","nouragensis","obidensis","oerstediana","paraensis","pezizifera","pezizifera.aff","pitmanii","poeppigiana","punctata","retinocarpa","rubiginosa","ruiziana","sapindoides","sertulifera","setosa","spectabilis","splendens","stipularis","striata","suaveolens","subcapitata","T18","T21","T29","T50","T51","T82","T85","tenuistipula","thibaudiana","tomentosa","ulei","umbellifera","umbellifera.aff","umbratica","velutina","venusta","vera","virgultosa","vismiifolia","Zygia.mediana"
"acreana",1,0.15597773713661,0.13705571555107,0.169111581398466,0.150852890897797,0.102632950485454,0.178527324484261,0.14007054315447,0.131147783702502,0.123303243405014,0.133661049799397,0.113008875136919,0.0976557736200517,0.141243638163189,0.15198281921954,0.117961541484019,0.175809506812887,0.145115886500095,0.127120934055967,0.13567702979198,0.174161339793055,0.139970571022883,0.151293567463162,0.178464145216558,0.131532436440155,0.0491103546326202,0.125006120688203,0.12924769024046,0.13902886651264,0.165797617997718,0.182817681034675,0.112000362677538,0.195304310404906,0.122140814011785,0.133707877221693,0.12260716418744,0.133665892895744,0.122406228528498,0.0839326923368298,0.143885173693262,0.123980026669092,0.17586961470952,0.143321662460816,0.143131151906072,0.135588940689529,0.106085833178197,0.111183056135195,0.134703685776811,0.104368393324738,0.126686998082277,0.145192562906397,0.144638390726711,0.174863961026178,0.139815290533668,0.117606909554323,0.113661001897732,0.14856831516971,0.143193090621703,0.140224269726377,0.0916021710659295,0.174417640117018,0.159286755802707,0.167617812187769,0.145623620335511,0.167370662419124,0.211989934373184,0.135203604398703,0.198657250858517,0.143306875608694,0.165000204589583,0.103867074961887,0.111755230885839,0.152686065603876,0.116335374355618,0.116217317399801,0.126479609676501,0.101065855551649,0.127619634915052,0.113698700038171,0.151746129235581,0.170902478143176,0.169968418723894,0.116303666371886,0.113484489396614,0.0694507495415466,0.139544374067785,0.231458553866328,0.0897349166140759,0.105066715475802,0.165552545906554,0.210594418030382,0.119663165532363,0.0815162809015781,0.13989008925068,0.110720766352823,0.0943044329947577,0.106951432470001,0.165954391244881
"acrocephala",0.15597773713661,1,0.168916463261282,0.207108113128626,0.175300555412776,0.108790452755524,0.262925609442404,0.195817120793524,0.174915310486172,0.146153581089984,0.170319217454245,0.112116538717172,0.117658698204129,0.202301674628478,0.222503641892001,0.194202328923214,0.158166804267139,0.317939158654263,0.147833473415272,0.182338631289475,0.244434499573369,0.190461912579819,0.205967061919933,0.213321239859391,0.170933563340536,0.0504943228515099,0.0956270405805288,0.194406075468243,0.198738176031256,0.191644902488961,0.17007318874258,0.161583824071631,0.252414685879826,0.185444351979912,0.161372169594518,0.167243552878073,0.21203055186287,0.151533249890337,0.0829618779621368,0.15440129966584,0.174093242985157,0.220780563192176,0.175343391617289,0.198414221717025,0.195835723688938,0.146033851916204,0.139788301139619,0.197836488264071,0.200934151424811,0.174726248110715,0.190828340587269,0.147487475452022,0.205033197757831,0.194063584766841,0.151855416330134,0.161365681316355,0.184137507000746,0.198116715494129,0.208795438272435,0.168978415992807,0.181449350828722,0.237922881674195,0.183733336840207,0.196272484150059,0.227490122324525,0.24465327280046,0.173228681173033,0.276318643593233,0.188128664317369,0.299068077130716,0.158193780956857,0.127692808384214,0.199839318690741,0.160881762350693,0.133377768895485,0.230592473598709,0.143314731823644,0.15002022805001,0.126210235518679,0.152699861834731,0.175032107783205,0.222361360326722,0.164504798270733,0.167835845936897,0.114472569644033,0.185609403309495,0.281820498737243,0.164600650213835,0.155202379727423,0.171000304686875,0.113265580053101,0.172910331922267,0.165859684586548,0.217305867773502,0.187413407210246,0.119419405878651,0.148186659161515,0.242737302688749
"acuminata",0.13705571555107,0.168916463261282,1,0.210540727798921,0.152574170772258,0.094808907411767,0.178263587071968,0.146520605430057,0.146594598103112,0.171116046786354,0.181840970534835,0.0999881969604805,0.103284650442738,0.249127991459554,0.124940010374377,0.187704857321096,0.150361187483418,0.179157258204358,0.141936396583571,0.176859018187372,0.19482033974997,0.267731209387712,0.176990348085889,0.171009438026273,0.145424916096217,0.0381314991250811,0.0562050927410105,0.227049676538909,0.210673439832525,0.186601462058577,0.143345293650447,0.172911093261856,0.165852611341364,0.161791414029506,0.137030875617086,0.183925607632171,0.22737407367935,0.167179287007089,0.0790100651559393,0.122858670000641,0.143554871316619,0.230030606165444,0.158283921624131,0.154902589532297,0.231696681480413,0.189249223684043,0.135269639413457,0.195334360686003,0.178489075624074,0.134885458272758,0.187871711182826,0.141284685808771,0.156105654808936,0.21328450757694,0.151630238683048,0.109559622363956,0.194421327416306,0.170061786702119,0.186147648786287,0.157056713689881,0.178444499932048,0.186129955461783,0.137944633570631,0.207284134985639,0.194207962283332,0.20732660532942,0.124208285754109,0.160950563018993,0.160759467277041,0.219118888816738,0.155218719643785,0.143335280561287,0.16209963975604,0.191890891330126,0.121722497793574,0.176805228600809,0.156706130963745,0.236357588263754,0.110481587581965,0.0974256724759283,0.154693624600414,0.253571824298788,0.127243967314474,0.137652680894998,0.13146171597359,0.172698831315198,0.229403599125111,0.180481044945558,0.193158067557412,0.136493283713156,0.120335745949828,0.166804535698944,0.168027568785047,0.216105550450095,0.197436242213728,0.103613862933597,0.128516792819354,0.203838868052219
"alata",0.169111581398466,0.207108113128626,0.210540727798921,1,0.195407483710521,0.101441096529735,0.230464055460056,0.163686681479998,0.231112240961518,0.1681767383053,0.191450875302721,0.104139170199318,0.111458939493325,0.227478701075725,0.179546185871145,0.227092314345013,0.175593168226547,0.230214240666252,0.144755725255808,0.219240387001489,0.230189966807738,0.235026354985011,0.212628256427725,0.277786929951846,0.170859563644529,0.0537649696019569,0.0812555734496981,0.28243304355249,0.206516175077476,0.218244296206517,0.174727692242921,0.206871991722718,0.271342756140292,0.173249666989625,0.145737507404086,0.246112345800837,0.195796623389926,0.162130715254211,0.095952112806806,0.136197394934295,0.222960667166655,0.292523173427334,0.164830433738631,0.170999457629559,0.289618326610999,0.18216727957088,0.193923504104599,0.274865044036095,0.266984545224487,0.172806427257592,0.165481061078795,0.139372295720927,0.220632808599924,0.201229464771926,0.221347204827187,0.151978994568129,0.340486405805991,0.189623188705395,0.215780153671854,0.189769779236365,0.206666596115439,0.289349938132758,0.270932779315937,0.238826712728564,0.234729719068499,0.295652343336494,0.160946407333421,0.249353077370508,0.201132315828918,0.322209514141668,0.211888987098182,0.168019158892135,0.200798027707003,0.201597979452253,0.13655294584786,0.204568692479971,0.148713800097387,0.252381966182459,0.174354730367603,0.144017649694055,0.187765921411117,0.255168606345076,0.134775846919385,0.190515115362792,0.128092409390123,0.19108103333039,0.270831290871352,0.227882908251092,0.21817138109361,0.172484423737226,0.127815571361808,0.173347917741705,0.188297311618724,0.243767530433332,0.220496092763779,0.127907169473258,0.180197031607515,0.269927070609481
"alba",0.150852890897797,0.175300555412776,0.152574170772258,0.195407483710521,1,0.0943772635560843,0.221120049283713,0.150212730866597,0.167698510444345,0.313748835185866,0.276001408175071,0.253902465244747,0.284771472936426,0.241960075193086,0.183721487944687,0.139389408296636,0.114149398829725,0.209729544315851,0.126138775704233,0.167516490969174,0.181871543379503,0.198407272063068,0.165259545522685,0.20918545297225,0.16278123778085,0.210682160349527,0.134307534137666,0.167004488232746,0.148783970141406,0.187441374901188,0.181733301424733,0.254332680890959,0.211051943174541,0.17584193950534,0.269278783997081,0.136250219569753,0.188366875892058,0.123429522886365,0.230654066079138,0.155698891496105,0.244887831014232,0.176281893389487,0.174531332679526,0.258469288134974,0.160849833355321,0.137192054075307,0.257471851191626,0.156800543434196,0.24175943616585,0.262813349293194,0.116144511265421,0.188771836410703,0.172716838548328,0.155594345393303,0.126883849379789,0.109168593739027,0.153680056970229,0.167966533414546,0.267954221196084,0.127392799067252,0.193021026582704,0.178911754727191,0.21535590269672,0.138552554104959,0.188148566247137,0.236723996274454,0.168869250956587,0.212923716606625,0.191315216321555,0.183417963059271,0.226409748991637,0.0982288274337874,0.211231614511205,0.11543080668713,0.10496630019917,0.151946957603852,0.149519172167107,0.120247696375076,0.169115018362615,0.172461398483088,0.186168724488224,0.233942875464489,0.195002165575133,0.162746056069577,0.130880959186511,0.152851313901868,0.179070432162627,0.131416006843483,0.173495803434607,0.295790158708648,0.134469914891766,0.247462347387991,0.118193541935937,0.170496457626686,0.130290116155194,0.215928807471578,0.224654750567185,0.202277355670862
"aria",0.102632950485454,0.108790452755524,0.094808907411767,0.101441096529735,0.0943772635560843,1,0.112835591790719,0.103353771724315,0.108342546554764,0.0887729892128908,0.105147268186776,0.0543852026616625,0.0632769563700896,0.118799983628055,0.0952706570738495,0.0873731318952306,0.101091922856117,0.0984998638478864,0.0798287609227143,0.14477705658433,0.0900305566819743,0.120104065951295,0.0994174502692494,0.093710366480851,0.10369241309345,0.0290273026091766,0.058715811464924,0.0855125701167614,0.0948772278534946,0.118035765337907,0.0805303666769024,0.124416877866816,0.109765659067294,0.0986848109817268,0.0797383167709642,0.0860249808194973,0.102686261454131,0.0752413206351099,0.0596894478110778,0.0998947903824777,0.0967878306878877,0.125237510218663,0.109900629215983,0.0871520574933536,0.125830339987609,0.0699724478531662,0.0747561102402649,0.127419048205302,0.073708755558404,0.0883889025550838,0.135949879658109,0.0869238660654511,0.122299147856158,0.0838056525253156,0.0957187964912461,0.0863395691478518,0.115488189208892,0.102877045099753,0.112291629434416,0.0803080750378438,0.101963770571513,0.131460241128248,0.0730024441642573,0.0899589426184346,0.108760180475584,0.118006371896595,0.0724999148419249,0.154721060775746,0.112414575437684,0.129482535016709,0.0714537934220313,0.0755270234299524,0.0857848594446131,0.0856705525060627,0.0933358220390567,0.087445678388341,0.11596016066966,0.0777632341516883,0.0563857867332769,0.0637812313730475,0.087504319705321,0.104361390078826,0.0989949164680773,0.0752090948165551,0.0553478886599358,0.11005996927039,0.156727655842979,0.0703954668634172,0.117099421359651,0.104837180318933,0.109047026636415,0.0763923745871935,0.0698210596536001,0.120055925542626,0.0934775775584749,0.0704374475826008,0.0709765212511008,0.105988000178321
"auristellae",0.178527324484261,0.262925609442404,0.178263587071968,0.230464055460056,0.221120049283713,0.112835591790719,1,0.185274265256332,0.184673736905515,0.141005743849537,0.187789510452364,0.227055560898448,0.161981161603492,0.292275113155647,0.215330118635943,0.25814655917233,0.165641739153842,0.26508915484477,0.152060894990322,0.206507858967986,0.253387511944755,0.252019407252587,0.20156430409619,0.313017730041318,0.21134698382581,0.0758514211426142,0.201440828772846,0.235159169185373,0.195795733941084,0.18326281297631,0.294585941953304,0.182403712052447,0.333711721289997,0.205247288966904,0.187230260362125,0.194223292842313,0.249984328273963,0.171287085492718,0.120508643571416,0.173368022620294,0.203261335777163,0.250277522959746,0.155600867255874,0.278162051898936,0.221624621134763,0.152863193845726,0.140761873373451,0.208665003466649,0.232361827189784,0.193303638780507,0.140043543170455,0.181144669922523,0.258978525397098,0.253988382380513,0.163543638706578,0.139912951793114,0.202375017595014,0.272707707836585,0.243515048157435,0.182948269517622,0.191505921737598,0.245379759333495,0.185855007009491,0.222139417902841,0.223334837576793,0.322325596654111,0.194533865634113,0.292691747762952,0.183638596915626,0.306694849719543,0.207713345524162,0.136182885106823,0.346128922798305,0.154248457886087,0.133189860257834,0.215559783007507,0.15702907706123,0.172537434928416,0.200600031952728,0.203230581235288,0.334696380683594,0.276003931572607,0.141376134437388,0.177083586183668,0.127290118357553,0.19308871334126,0.293725360693582,0.228101216288096,0.195974470200307,0.196463798500613,0.14464132252173,0.232902276063711,0.182760569942513,0.2317677629461,0.216047067908243,0.108084219564961,0.187043590551789,0.323156073518764
"bourgonii",0.14007054315447,0.195817120793524,0.146520605430057,0.163686681479998,0.150212730866597,0.103353771724315,0.185274265256332,1,0.123013600804146,0.138271678318383,0.173292800593446,0.103891378335261,0.104903458168474,0.173421460153056,0.201215611060639,0.142733549178138,0.163847367587066,0.202353989631935,0.148275803256516,0.132543410563705,0.177355928394386,0.152948391743606,0.15342063412238,0.147842701776012,0.139934172783735,0.0451015067323949,0.0863066019931507,0.133447126181342,0.152693600261138,0.140317644299905,0.145561689920068,0.160594523398958,0.194990927679057,0.161575709969419,0.125232834652259,0.123226650185389,0.172883566896244,0.124410416595233,0.0811370622740958,0.119786410844137,0.165297795682508,0.170917855526399,0.160115240223038,0.173800970804503,0.160034398353787,0.0917164095521432,0.117263341085133,0.168803019338767,0.13685070932995,0.145495762046588,0.108870259980337,0.123789348517286,0.264561351206918,0.175275688713169,0.129226281400839,0.115784303367399,0.146636692240611,0.183281259652844,0.181235847608891,0.120710136589198,0.173363618760497,0.179492435107818,0.151407911744874,0.164051117022447,0.155549890395103,0.179919454320482,0.121233915957737,0.191741799263941,0.142934465549411,0.208442276891793,0.117952003369954,0.11618932382844,0.174217892409303,0.129485617198676,0.119936728509393,0.151871758483785,0.113355662644613,0.115801653885906,0.105792539406998,0.126891428504867,0.194316711747375,0.176274340171617,0.126790771490603,0.171166714271931,0.0890405871319536,0.162917267925193,0.205884411032396,0.135226219003073,0.124805588549407,0.161333450050883,0.129025140317555,0.177551848561834,0.110117611621362,0.155913996738568,0.154251751461682,0.116222813573847,0.131747443283797,0.163843251243754
"brachyrhachis.aff",0.131147783702502,0.174915310486172,0.146594598103112,0.231112240961518,0.167698510444345,0.108342546554764,0.184673736905515,0.123013600804146,1,0.134229001533585,0.15180849034428,0.0915463422235999,0.115283931258446,0.180203129251713,0.308545537619606,0.176330419614724,0.121085240188356,0.155957552020279,0.130513453354451,0.190998646163425,0.176727897850719,0.172759292023205,0.190466538948032,0.201373366951252,0.130927596918051,0.0493231076562881,0.0869240294189365,0.194928941845401,0.159872921213182,0.163301902556902,0.154684182515712,0.174474527774382,0.167361403579687,0.129536853214449,0.13644007249923,0.15822044598059,0.219011096780137,0.138176684466364,0.0745609049543282,0.143187081493613,0.171599091678385,0.213608050329583,0.135850688472328,0.169964945526164,0.181435945592497,0.166050187229721,0.126025848418031,0.192144680933671,0.176118021211623,0.137291140254701,0.130388065762627,0.254776567387176,0.168938120480969,0.203549787780819,0.129474245529677,0.116714356198454,0.206195274322679,0.153115586000937,0.177677747702303,0.175817126822337,0.182017573891087,0.171940405951216,0.191222842137241,0.170767204513161,0.226984643565046,0.230088749337459,0.137011225569999,0.194815467159146,0.219981387426021,0.227740590174172,0.158195893852803,0.121444986079775,0.191226428418487,0.151304605103435,0.122442066928276,0.161278449199137,0.153560790905235,0.129575472672016,0.112935004491121,0.108891235874606,0.166092358988933,0.206996196309605,0.111382929507689,0.119860868288264,0.0986103802739935,0.135658257834321,0.244392253671231,0.165968517863864,0.129466345553441,0.141724297674268,0.11344944131486,0.135654068384328,0.150350392827078,0.163831233962449,0.154200600883658,0.0996841258271928,0.1334992666318,0.213605133488427
"brachystachys",0.123303243405014,0.146153581089984,0.171116046786354,0.1681767383053,0.313748835185866,0.0887729892128908,0.141005743849537,0.138271678318383,0.134229001533585,1,0.382335398659687,0.246274100479399,0.181243480326095,0.172348221053789,0.12187050617641,0.141938215784787,0.109049980665684,0.158626684394047,0.116142047819221,0.131817913892489,0.120320121223395,0.21126502405876,0.143952715499387,0.159469774334893,0.184348547699114,0.197832858788143,0.0671096934331457,0.132807119403916,0.17471818182279,0.145494484438348,0.118639125811357,0.378084903252311,0.154068153066838,0.118247473963384,0.292973016403144,0.144116857828142,0.201503629798087,0.129521642751949,0.12489710987554,0.11173538539885,0.334645420919076,0.179423223134297,0.186789464456155,0.142490525569607,0.192841786333488,0.158405783067106,0.365811175060247,0.180765443019187,0.28311130717194,0.285481944382556,0.121228051153831,0.128492681051002,0.145384573924185,0.155724530979604,0.144034974542608,0.156710789229295,0.152323898198728,0.150382296117697,0.368612925973299,0.133306917237602,0.169219450210313,0.151948055369357,0.136451424103597,0.145424050705006,0.155603938772389,0.168660188869423,0.12330771752481,0.160444105986057,0.164627270214444,0.160875787395528,0.299837038871559,0.106023661396709,0.140611229899686,0.132132963340254,0.0787434278672937,0.136678739308596,0.212896398547407,0.123436005096456,0.109225800400099,0.108769591239183,0.149388672393796,0.206528630797899,0.260510884589572,0.119514314762812,0.0962351605896738,0.137842362208136,0.172147299833934,0.146692179979316,0.180857812760367,0.270453680379639,0.180901249276083,0.299435880060948,0.138306949448043,0.155935956219336,0.13400448392579,0.33361328179962,0.13454303336709,0.14606896704531
"brachystachys.aff",0.133661049799397,0.170319217454245,0.181840970534835,0.191450875302721,0.276001408175071,0.105147268186776,0.187789510452364,0.173292800593446,0.15180849034428,0.382335398659687,1,0.257315905083908,0.189190388111963,0.178341648566762,0.148860710555668,0.174730465616932,0.135877648543226,0.1930928198672,0.116350324683542,0.158039415632263,0.16363627773479,0.188412254828093,0.154567041811014,0.178479973194533,0.170323886026049,0.193032063052812,0.0700986506873489,0.186490744375992,0.161314197003383,0.203971613921115,0.168100710922875,0.344756026829643,0.185896975943199,0.175491859503724,0.361814306630953,0.287652274985733,0.201957216177362,0.132326866583041,0.0886051998562789,0.106320163338131,0.37405396320012,0.201753820523426,0.146235956482461,0.163459640850087,0.1890564352416,0.142747566698206,0.331115795969245,0.172106701705899,0.323843853547942,0.30211752044324,0.128014130693624,0.119182090525306,0.211987071661764,0.160458975360448,0.162742773292388,0.104695195556898,0.166853524023097,0.18447772436829,0.307523856001797,0.14699622958167,0.15648178091294,0.168968383057505,0.155206927234352,0.191322578263663,0.166647766213223,0.191151866348957,0.156889106562505,0.218878273473647,0.145469866837886,0.20843985741176,0.398172547998137,0.128968574962393,0.176831808459969,0.158848827697381,0.13651390891194,0.16844098342317,0.160620759227328,0.170110564448341,0.175447968422543,0.126607111385747,0.153697726324776,0.218925539805181,0.146334854672406,0.144104131302932,0.10342643076644,0.166835510911,0.203934605020512,0.1864652923575,0.17502581424753,0.278883426116304,0.137797057540202,0.393520550187271,0.162043259633955,0.187614531684115,0.185046218613434,0.310368685835182,0.251110428130231,0.184309196456295
"brevialata",0.113008875136919,0.112116538717172,0.0999881969604805,0.104139170199318,0.253902465244747,0.0543852026616625,0.227055560898448,0.103891378335261,0.0915463422235999,0.246274100479399,0.257315905083908,1,0.249019161079791,0.165636469478182,0.13437693806659,0.114314182436671,0.0861827297627689,0.125235897455768,0.130443744207687,0.100203628357686,0.109381485250339,0.107416985098837,0.101031732043067,0.228019446786902,0.0993970442142904,0.254582983827621,0.306569129413314,0.124036289268231,0.0986043989753704,0.089793624008619,0.231624688787058,0.256419056535743,0.187802151854007,0.135500626792248,0.2947350246941,0.0864629856429217,0.141153778106706,0.0849016944241626,0.152140121843999,0.118772280941643,0.243915504865144,0.122636683855045,0.0979105120706908,0.217284949367457,0.0985092575226467,0.0648765261034744,0.254022973671943,0.131375380441303,0.232203535149475,0.270075390108454,0.102496866703813,0.115642882626459,0.090535866667185,0.0998338513516246,0.084509737285067,0.0630167825257426,0.0988207392154553,0.13949279438479,0.239915191689708,0.0824825492467188,0.0902561316660242,0.0992867365636264,0.157130301912404,0.0949972992034435,0.112486370946299,0.163536659041211,0.156288486719744,0.1361110802257,0.117477728549426,0.1291193136563,0.249326736116506,0.0585844630770701,0.330767935859084,0.0774260072743521,0.0629548623095467,0.11484583475418,0.0744410286789439,0.0852415924871679,0.230854043901053,0.231234634213883,0.303166068107827,0.149912068300627,0.102641477310679,0.100666876876646,0.0966352560443157,0.084583206106165,0.112975191881123,0.104225155685201,0.0880142679793286,0.223679016049253,0.0627952587499039,0.257263925747295,0.0790751754493802,0.10339253745178,0.114468142262599,0.208796317235125,0.137599928743767,0.150152863111595
"brevipes",0.0976557736200517,0.117658698204129,0.103284650442738,0.111458939493325,0.284771472936426,0.0632769563700896,0.161981161603492,0.104903458168474,0.115283931258446,0.181243480326095,0.189190388111963,0.249019161079791,1,0.150756807054695,0.128216067320009,0.100220632736708,0.0837940153365831,0.203402337399802,0.0985960776481975,0.210637646921547,0.10897637961685,0.160495647240679,0.106646800839632,0.153316984893603,0.0914048597318228,0.211127878347192,0.118014823253952,0.156261421034253,0.110723551222002,0.116263513601709,0.141815488873199,0.217127072546406,0.137424991345381,0.120394096259792,0.239614079325667,0.0937404428275742,0.146759377173215,0.128396551082963,0.138188263908142,0.123715311204814,0.19576676290472,0.108851531201972,0.0949750339037463,0.160540604407334,0.118428986995222,0.0776833085545373,0.205963099495584,0.124147180116669,0.205565297736393,0.214810116237865,0.104620775151602,0.298148083038631,0.101260999608714,0.108710614614615,0.0882441630424944,0.0788262292869985,0.0979464148915975,0.127463614633761,0.205730029536372,0.10776404749224,0.133562341657204,0.128746450041816,0.144754190051677,0.116270646086122,0.13545950987956,0.165613840179028,0.175422412706489,0.133048994814479,0.126090690445455,0.124469382962462,0.209117501161589,0.0625555141547477,0.156818216819618,0.0745234059841299,0.0721811024800882,0.119329215167301,0.0943046480959234,0.091102271214192,0.16641765159935,0.161827658037316,0.151867458373441,0.149753686472936,0.0844093552942385,0.117185922390374,0.0953925044652804,0.105992473738737,0.134637549722895,0.079075082905051,0.0906480070645135,0.219111718094482,0.072893246644436,0.200505192596803,0.0827208541709724,0.0911192964190577,0.0938223161664395,0.17721399621691,0.132039242461102,0.17968334961477
"capitata12",0.141243638163189,0.202301674628478,0.249127991459554,0.227478701075725,0.241960075193086,0.118799983628055,0.292275113155647,0.173421460153056,0.180203129251713,0.172348221053789,0.178341648566762,0.165636469478182,0.150756807054695,1,0.241334814739634,0.344779193541484,0.151406401814114,0.248577848950475,0.158058068623504,0.173295573600875,0.237473020110356,0.234928417348961,0.177006183212234,0.275596672139727,0.158793392203596,0.238291800355319,0.114516815054545,0.279798898261197,0.181620904418572,0.158406801415591,0.207440601443663,0.217399779154371,0.261514740147494,0.213577128852024,0.232239339490181,0.238583518780237,0.275257074431915,0.153214419310739,0.119931479278728,0.164967103917405,0.188141789594766,0.305618995933084,0.174943069224958,0.221366548856368,0.211673938765224,0.143533480392869,0.156548259017279,0.185341637837038,0.305764597829066,0.189765830514767,0.121410566744494,0.15723079359704,0.192122548955304,0.241575481345088,0.161344559558352,0.114038182195734,0.211844036780799,0.316742825442192,0.250208715087502,0.193281970521497,0.213321150415371,0.217736200976771,0.166417857907865,0.274998031982303,0.223852798833465,0.317958905443884,0.17290606810107,0.270263798807484,0.19743137528876,0.266436351642491,0.25602157471562,0.126905759220785,0.260666780755783,0.257272516913839,0.126743337694624,0.240766949360127,0.176207643411409,0.166915507411533,0.191863775981632,0.199919145788221,0.358110887024684,0.253001984086404,0.175621746329205,0.184635777432285,0.134613027864764,0.21545398539894,0.259132134602538,0.288807300734698,0.262070190261281,0.186067508126117,0.136136571602221,0.233339233188348,0.201217172275023,0.303845052065641,0.24481705835398,0.116082870490031,0.207036629157545,0.253933210550968
"capitata33",0.15198281921954,0.222503641892001,0.124940010374377,0.179546185871145,0.183721487944687,0.0952706570738495,0.215330118635943,0.201215611060639,0.308545537619606,0.12187050617641,0.148860710555668,0.13437693806659,0.128216067320009,0.241334814739634,1,0.174662503893437,0.148445787978623,0.221819110927902,0.122175968076871,0.174532814170811,0.193795607604257,0.16287211764829,0.170248608460861,0.231755608734445,0.138837145160761,0.058720404812076,0.107993502266667,0.160151101885581,0.155406433575152,0.180045916824419,0.203954867676473,0.161750433036068,0.23317211551384,0.195004762622752,0.171335575086916,0.121297753676827,0.231535979394658,0.128723306788893,0.100647614897208,0.229219340834764,0.155925278251494,0.196946923755709,0.149238777234756,0.192245456111766,0.166264843027452,0.0973927789446699,0.115036101191323,0.139581776994069,0.145740574002149,0.188409961312696,0.124667248506955,0.13777255362,0.19426473768617,0.19421009555911,0.131006833228042,0.11269948125092,0.145113703699455,0.237422224853333,0.186633605755865,0.142674297244136,0.180749722930269,0.196437425302701,0.192993818230191,0.154328765337427,0.172221261597213,0.24651899002538,0.149664878067222,0.217055867876416,0.182717531146717,0.20228900870873,0.118572140771865,0.106942998386521,0.216034706817874,0.121534962577213,0.137720829239739,0.17102328904819,0.108413885886431,0.13045620918893,0.135755676128621,0.152390860232093,0.180602454360401,0.204782883097977,0.13071158632862,0.157930212076828,0.0894450033776949,0.156390364880484,0.230563602506939,0.1642451421205,0.124017119928044,0.171371418972235,0.103649179157416,0.181227442454127,0.119355964803534,0.16763493316741,0.15323501441836,0.0961118245848413,0.16355998418523,0.195117064298928
"capitata35",0.117961541484019,0.194202328923214,0.187704857321096,0.227092314345013,0.139389408296636,0.0873731318952306,0.25814655917233,0.142733549178138,0.176330419614724,0.141938215784787,0.174730465616932,0.114314182436671,0.100220632736708,0.344779193541484,0.174662503893437,1,0.144632402573614,0.198130992552877,0.1862538714313,0.208170804710824,0.242597241667802,0.212142753406378,0.176093135504266,0.278370844509022,0.149506109373575,0.0413235215222237,0.0656441868455514,0.251441124942163,0.187570905242059,0.146473474382272,0.129459875269441,0.207215495145291,0.201446573653095,0.170874495246807,0.140603886266647,0.229196549547281,0.247137145160919,0.160653969954877,0.0678238354048693,0.102280034984666,0.15669783260284,0.233046441065271,0.14949154207864,0.17913692488061,0.182804969429892,0.236720444621208,0.206392102995857,0.208920902970303,0.26880451147666,0.155174503007538,0.120412873357788,0.116552201545189,0.178378125696887,0.307521724701295,0.191502306306367,0.104132283668032,0.271473096762285,0.232406228136518,0.264345045556217,0.235156939691377,0.146755380665711,0.226398126464474,0.149069172941385,0.222118955589323,0.210470437344694,0.289405424393391,0.144248900574499,0.206091143367581,0.15769905618154,0.259971051976745,0.201983903180887,0.159772757326752,0.241061851575741,0.230983919562806,0.122008011101295,0.232435695260847,0.149245851037128,0.197103308219797,0.124096488585125,0.121067411563736,0.198371972881259,0.276652809088251,0.131382087688223,0.156270053639817,0.136609002147673,0.186366313875517,0.286792807691267,0.315499698976462,0.203177491621768,0.128602053910722,0.152359459235949,0.273069097299187,0.253401368733792,0.237934074886522,0.234585161586345,0.104109465498278,0.147052200672479,0.249641375647201
"cayennensis",0.175809506812887,0.158166804267139,0.150361187483418,0.175593168226547,0.114149398829725,0.101091922856117,0.165641739153842,0.163847367587066,0.121085240188356,0.109049980665684,0.135877648543226,0.0861827297627689,0.0837940153365831,0.151406401814114,0.148445787978623,0.144632402573614,1,0.146781305329886,0.111958502448277,0.187884118618217,0.177275558676929,0.153173119396434,0.135153827583866,0.153526500680405,0.123894038744963,0.0363202465249868,0.0743333675890931,0.138667002518862,0.133903809016097,0.173394801762488,0.123439390149768,0.145884527755661,0.171211359749033,0.147221015764183,0.0964042003800046,0.121877285159956,0.136206487314344,0.111273541015525,0.0721880482830353,0.155045722731164,0.122240160942073,0.155813132333754,0.120001800175939,0.137626081819991,0.151892665151285,0.105954874326085,0.105022590840891,0.120926635906871,0.147192573874532,0.102533826486796,0.162990234072675,0.109035894745164,0.173067660439215,0.169153090608595,0.137672647671308,0.251239577498308,0.164247925773245,0.141859275816248,0.165012474612994,0.163488799147199,0.160654122255675,0.189801420772575,0.143815604633936,0.155793785025546,0.154105752473022,0.176958495193469,0.0996236727687216,0.195120853927769,0.169126984915898,0.20740910241873,0.115201075387241,0.16970535430852,0.150721435781346,0.129212139731714,0.141153999708999,0.155884450054574,0.107341992069867,0.121837978799878,0.0835254205903949,0.107532392640706,0.131174018261575,0.200615453896421,0.114682077962467,0.123112503232539,0.0861081856982927,0.153720745881677,0.198450033040118,0.120796528586078,0.136697429043371,0.135002894841554,0.119976255806794,0.144191191215396,0.114893075843415,0.171113704562087,0.162418244261666,0.123837606976036,0.111697868695171,0.162700658572774
"chartacea",0.145115886500095,0.317939158654263,0.179157258204358,0.230214240666252,0.209729544315851,0.0984998638478864,0.26508915484477,0.202353989631935,0.155957552020279,0.158626684394047,0.1930928198672,0.125235897455768,0.203402337399802,0.248577848950475,0.221819110927902,0.198130992552877,0.146781305329886,1,0.162925061899768,0.215035726306669,0.238218587461582,0.205978002121002,0.19294612248758,0.268591379710237,0.143577914385814,0.0619286010516339,0.0922903115433729,0.267281146361566,0.184431753291352,0.167480689800517,0.210942007735609,0.186957165640175,0.252190539598879,0.199115364244112,0.215788425359396,0.198982209670987,0.247416116661005,0.147005403591786,0.100275861200268,0.137359768451543,0.213168039616136,0.263198057225907,0.141317629763175,0.211736144603886,0.220983226107515,0.144575803390626,0.164960394450318,0.196844832340604,0.236580926110857,0.184785564982971,0.163937920452656,0.178093840915384,0.194209401063667,0.200479936903152,0.172514798107252,0.137907829501469,0.189113786382533,0.225204235588756,0.232412520906132,0.171866494324785,0.22601887347076,0.241370972689358,0.195359797910004,0.239644381736153,0.217398333557658,0.286077919123772,0.184987124572505,0.284858032141524,0.176529291477283,0.290614000017905,0.185142450864048,0.115065143681459,0.225501171715754,0.16964496774165,0.130772220624719,0.328358743423528,0.138712102371901,0.191412246831166,0.159627020800759,0.173462018133862,0.234833105067509,0.24168051886026,0.163359698273613,0.214384924956668,0.122887098232275,0.189030679629053,0.265034840927587,0.184346357942946,0.197253162046799,0.220810390498171,0.111360655907929,0.240060104749654,0.146464781528619,0.219851761044731,0.222852386280072,0.122363861655394,0.174075640057253,0.320682566001474
"cinnamomea",0.127120934055967,0.147833473415272,0.141936396583571,0.144755725255808,0.126138775704233,0.0798287609227143,0.152060894990322,0.148275803256516,0.130513453354451,0.116142047819221,0.116350324683542,0.130443744207687,0.0985960776481975,0.158058068623504,0.122175968076871,0.1862538714313,0.111958502448277,0.162925061899768,1,0.128300431596313,0.14368192244786,0.125937807212031,0.198115000181078,0.188459533733011,0.0995472218392976,0.0427081999184831,0.103404145213776,0.145526603349487,0.125701285038628,0.140307601668255,0.159871850102846,0.146002899342638,0.166799706022969,0.139671580171805,0.108334396957403,0.117970228732078,0.166854659649125,0.108916576938329,0.0723586013173231,0.108269900908029,0.107467704284243,0.139791116509506,0.118749035665326,0.155629096109057,0.146655256769233,0.126605901681822,0.164994970140178,0.15346159445662,0.106337237776389,0.117450401232072,0.109246525200358,0.113426989078108,0.140609579500572,0.124533907682951,0.101512636288811,0.100047482780149,0.141313198957467,0.142751562266274,0.151129519227741,0.107831768781452,0.136609073411598,0.169657935461814,0.136560211551623,0.128209704370871,0.150358514575104,0.182352571009683,0.130332802270238,0.181439069337503,0.141462408429813,0.180157229458903,0.116455859288823,0.100674128879633,0.159718228081663,0.132115584854617,0.0827130423413104,0.175959083771602,0.0927573983418855,0.112821417877058,0.11636343673499,0.112176683708592,0.153577212523215,0.156163462525585,0.11999225801784,0.116365549729853,0.102761571074126,0.126831822769619,0.13523945663635,0.113388172648387,0.103751511584163,0.115962266092244,0.0856678686465206,0.122473874906064,0.0999283352601488,0.135580331716818,0.131654002919715,0.0879827193939026,0.115932493350109,0.143693860344889
"cocleensis",0.13567702979198,0.182338631289475,0.176859018187372,0.219240387001489,0.167516490969174,0.14477705658433,0.206507858967986,0.132543410563705,0.190998646163425,0.131817913892489,0.158039415632263,0.100203628357686,0.210637646921547,0.173295573600875,0.174532814170811,0.208170804710824,0.187884118618217,0.215035726306669,0.128300431596313,1,0.167305675831055,0.190813571534427,0.19013195488005,0.231263376981228,0.129209803657199,0.05081516806067,0.0759495150520956,0.282710078351425,0.163693071821204,0.185650167008403,0.177469440270377,0.188959852318843,0.181200750853741,0.172031624569033,0.151327392427293,0.187107340257423,0.206199541285395,0.130128418457487,0.0813973276759535,0.133364397705428,0.16207623341358,0.242119439174721,0.156711879213079,0.193298018115328,0.209617715162678,0.186811965921657,0.143481765187578,0.221967165047233,0.201147825355696,0.133724171294604,0.156151282420773,0.179698909292569,0.200878859714504,0.19246672081275,0.162928079863829,0.115839757427088,0.210107779310139,0.167607990547908,0.194806435601338,0.215073338703718,0.16161649856454,0.221277594248695,0.194531993608248,0.220818582688559,0.304932693252302,0.252849916041422,0.179902881668757,0.23616622177142,0.177853259231772,0.244472284384301,0.179595743863301,0.141381732547759,0.197845267466256,0.142028551742475,0.160237902787858,0.211685198837697,0.14050162782989,0.182463518895831,0.132871131919189,0.126624189959416,0.165174576795515,0.224887277326621,0.149994531128348,0.155496077832376,0.170570422681005,0.158088919688377,0.257941974486112,0.158136730259268,0.186478601457387,0.171013413129435,0.109279432258285,0.154821055474976,0.190706101352301,0.163659970758647,0.1700665254436,0.10263820637011,0.138186200381118,0.29138926503177
"cordatoalata",0.174161339793055,0.244434499573369,0.19482033974997,0.230189966807738,0.181871543379503,0.0900305566819743,0.253387511944755,0.177355928394386,0.176727897850719,0.120320121223395,0.16363627773479,0.109381485250339,0.10897637961685,0.237473020110356,0.193795607604257,0.242597241667802,0.177275558676929,0.238218587461582,0.14368192244786,0.167305675831055,1,0.211264295466251,0.190752280461811,0.225831468361467,0.150282263983682,0.0515948049366696,0.132054259337852,0.266160029730197,0.229071139135124,0.16853089636264,0.177629434737035,0.198774510257605,0.248599207727335,0.185674591135074,0.152688569956036,0.170895673514294,0.229912315665454,0.160044351813311,0.0799656880835419,0.141103551145006,0.179774682694983,0.234271378153545,0.140100523483573,0.198339405067938,0.206549170111931,0.143541092808599,0.164736793929192,0.177167888154865,0.236283140825523,0.151014434055976,0.139598147716562,0.131592382932377,0.207744441235337,0.208193295181759,0.176781377971518,0.131264614574958,0.207193014657555,0.253927813959479,0.254989808964695,0.143405162999708,0.186778902914496,0.254621065156856,0.159016993928168,0.22166086135193,0.181701718990964,0.26287408104619,0.145639959861266,0.250573180107001,0.158935967957955,0.26789051922643,0.17396638275358,0.155459303027171,0.241907625453051,0.211208739514731,0.150320259086728,0.222082757262462,0.113800621044889,0.158619485453938,0.142658356755136,0.147289467854066,0.202791666834123,0.2448582786231,0.124205445196141,0.168587741149931,0.0986827962112452,0.1709035083796,0.290659158456107,0.196298653923697,0.164384475089404,0.158648456849894,0.123428453080466,0.211758648768975,0.148544912928162,0.252879034482997,0.211066910692842,0.151518368795664,0.150444427149302,0.254480962011638
"coruscans",0.139970571022883,0.190461912579819,0.267731209387712,0.235026354985011,0.198407272063068,0.120104065951295,0.252019407252587,0.152948391743606,0.172759292023205,0.21126502405876,0.188412254828093,0.107416985098837,0.160495647240679,0.234928417348961,0.16287211764829,0.212142753406378,0.153173119396434,0.205978002121002,0.125937807212031,0.190813571534427,0.211264295466251,1,0.28329841621316,0.167041403394273,0.275944761331922,0.0604373834169338,0.0757046772110282,0.229271361292687,0.19208216858422,0.173115075475411,0.152114741151728,0.154733109395658,0.195769725599379,0.151310768447336,0.158655581755673,0.219155397295567,0.206140441875815,0.188874867397737,0.139506870072673,0.147779371840404,0.155664831310343,0.259555473124971,0.214056263073296,0.168177833454424,0.26510321813829,0.157857348722369,0.136750647395894,0.216702167243497,0.181911714321379,0.165659078308153,0.196175884657603,0.196988401980704,0.202911684078428,0.187142922841495,0.181319079058933,0.127961371358629,0.233531057456742,0.252228358148068,0.193900651430723,0.189546707885379,0.200929840370559,0.242583461999011,0.133619904382217,0.228752030913141,0.177158555725919,0.21990419935183,0.15217426377907,0.214400006854521,0.158927182505432,0.234262648815454,0.195335010511414,0.181446891098357,0.180858032252344,0.195301504014886,0.116550129059503,0.19754060205715,0.259086249061234,0.21329810837098,0.149151812017872,0.126956069883731,0.195579420730747,0.226468585042217,0.181802603567217,0.133726440635823,0.103676928944438,0.178597843535573,0.269388847459088,0.212177088445107,0.266302069523518,0.171203184558726,0.257297960246127,0.201592786953806,0.192440132414415,0.295622723814882,0.221634567985045,0.103041528845859,0.164753933225176,0.243169880936481
"cylindrica",0.151293567463162,0.205967061919933,0.176990348085889,0.212628256427725,0.165259545522685,0.0994174502692494,0.20156430409619,0.15342063412238,0.190466538948032,0.143952715499387,0.154567041811014,0.101031732043067,0.106646800839632,0.177006183212234,0.170248608460861,0.176093135504266,0.135153827583866,0.19294612248758,0.198115000181078,0.19013195488005,0.190752280461811,0.28329841621316,1,0.206445535155577,0.179608139771492,0.0428891967498632,0.0813482460491381,0.186570692417716,0.178178232123558,0.188944181769561,0.153380866173786,0.141258435844933,0.200116403949355,0.160450791486801,0.130340792351022,0.177024836498526,0.175745442465079,0.157000228188335,0.0896364086392509,0.132612607653248,0.148269133499958,0.205569337298645,0.142680820167126,0.153971177943987,0.224880272498667,0.126697427117696,0.139228845129756,0.206881836600318,0.172451389987201,0.143097864073822,0.136181387276882,0.131229253864084,0.211408649788367,0.166813549440213,0.160356796041547,0.122587776308588,0.199826070961537,0.186000456807906,0.168743818317496,0.175574465335352,0.200088052027949,0.200852575807223,0.159941893023617,0.1803774009935,0.199928693049401,0.222418694500565,0.152305083686424,0.216761940696959,0.165243051039158,0.230167579375402,0.150301332191686,0.123459748372359,0.17786626125803,0.152940806196314,0.119767935281895,0.184435033008115,0.136772564745239,0.193416069464695,0.109317894923647,0.118444054069295,0.169036320167705,0.211584082852692,0.132864158459175,0.125842721046528,0.101927602992542,0.161676774894946,0.211527925189474,0.147181587283162,0.159914720506789,0.155704672137171,0.121339262749657,0.1462868284528,0.131364030412508,0.19148557218264,0.181610378735001,0.110850273169197,0.127251035333552,0.231515830969414
"edulis",0.178464145216558,0.213321239859391,0.171009438026273,0.277786929951846,0.20918545297225,0.093710366480851,0.313017730041318,0.147842701776012,0.201373366951252,0.159469774334893,0.178479973194533,0.228019446786902,0.153316984893603,0.275596672139727,0.231755608734445,0.278370844509022,0.153526500680405,0.268591379710237,0.188459533733011,0.231263376981228,0.225831468361467,0.167041403394273,0.206445535155577,1,0.149952790010757,0.0675063001412527,0.191254646086406,0.312386817738009,0.173319602878599,0.20229777822736,0.26834678945452,0.203751279903923,0.337365861261802,0.18151290360389,0.247609143321806,0.193050070769959,0.261978496210996,0.153210794112533,0.112774629097344,0.171113465858647,0.172589603080527,0.275306718430017,0.153578404737465,0.231820533346555,0.247761249261033,0.203838904041475,0.190951003357813,0.289926504707521,0.260699880710447,0.173273660585691,0.126397715500077,0.178983147349171,0.177716564387114,0.222217153994496,0.169294804614385,0.11356305473925,0.263664398292041,0.271727988356952,0.286110899315123,0.279110319646722,0.178783507905818,0.221619100188075,0.239382085015147,0.189815962145269,0.242690585525461,0.390371475116455,0.227927864560846,0.294647027990956,0.194779886406005,0.279537090518487,0.1988265459813,0.129827572836217,0.425016247766725,0.17893033366843,0.110215878186102,0.273077772882856,0.144822675286041,0.203459458246123,0.188955683365578,0.268317335754385,0.323670040452921,0.254487035972092,0.141554633908564,0.187018110049758,0.167153388744705,0.170371523883082,0.27791112693212,0.193098371143375,0.195439494429242,0.164343176848839,0.0999935267274135,0.206422236140799,0.198695700962801,0.218532814837024,0.189349722148529,0.121319357836575,0.167799685100209,0.32603094674927
"fastuosa",0.131532436440155,0.170933563340536,0.145424916096217,0.170859563644529,0.16278123778085,0.10369241309345,0.21134698382581,0.139934172783735,0.130927596918051,0.184348547699114,0.170323886026049,0.0993970442142904,0.0914048597318228,0.158793392203596,0.138837145160761,0.149506109373575,0.123894038744963,0.143577914385814,0.0995472218392976,0.129209803657199,0.150282263983682,0.275944761331922,0.179608139771492,0.149952790010757,1,0.0405921592992977,0.0981095601565833,0.143302790785192,0.172960504455286,0.15373753322996,0.135532803993933,0.128125780382647,0.185153951429124,0.144466730156324,0.123040229524372,0.258931117352445,0.192711836867014,0.171701192315097,0.110492584523123,0.143329351601626,0.183073882915671,0.17573864224131,0.197389119403036,0.138836169576494,0.181039822193678,0.128623201136427,0.109201928165977,0.161733301495636,0.14777467663747,0.131993724271104,0.120462638397868,0.115553148383588,0.182946762961212,0.174901115642795,0.161742052912412,0.0955491058465145,0.152072458335899,0.178393079588421,0.173999121008752,0.124243568359558,0.139436500320777,0.219120940926267,0.12344707804333,0.163750081387626,0.151412211006446,0.182300033234527,0.140617429617731,0.192849078019946,0.142512359084407,0.182328625437986,0.123517031294017,0.136076344296508,0.143900794773617,0.128517612639847,0.112089698021528,0.120247134872351,0.223446225034064,0.128541557452815,0.0943207389413364,0.133885776394635,0.146245686111412,0.18818748964903,0.176840141225901,0.107284090224975,0.0731009444132348,0.156366811192766,0.178108203384354,0.172009873510281,0.174803771694331,0.140621507784319,0.217359233003738,0.144767197446641,0.196007793822022,0.225357796512827,0.170719462642966,0.0861805056215293,0.12476713445853,0.156867212185987
"flagelliformis",0.0491103546326202,0.0504943228515099,0.0381314991250811,0.0537649696019569,0.210682160349527,0.0290273026091766,0.0758514211426142,0.0451015067323949,0.0493231076562881,0.197832858788143,0.193032063052812,0.254582983827621,0.211127878347192,0.238291800355319,0.058720404812076,0.0413235215222237,0.0363202465249868,0.0619286010516339,0.0427081999184831,0.05081516806067,0.0515948049366696,0.0604373834169338,0.0428891967498632,0.0675063001412527,0.0405921592992977,1,0.0904595353081923,0.0554581905396054,0.0413849484198329,0.0471939296071536,0.0763719245282429,0.201852792195967,0.0728957829883454,0.0735305078608124,0.210037444315006,0.0359723333840047,0.0521652923691346,0.0383632933690079,0.106682392529827,0.0558472012524685,0.199090879431152,0.0483972686066668,0.0450406727408182,0.071206606243978,0.0416371297562892,0.0329538843152052,0.194149265843113,0.044714999265907,0.180653895637966,0.204581485055588,0.0392398994487615,0.0926236380537577,0.0454543718616135,0.0457803593707601,0.0331556492443978,0.0374186886440172,0.0529868615714677,0.0522644888452005,0.16304882637965,0.0362658412932957,0.0456989199714367,0.0440156994725749,0.0726859991291344,0.0325504849667887,0.0566732093025429,0.0648898853448771,0.0734598824534299,0.0570315571888196,0.0637645669047025,0.050494613576202,0.190676038892607,0.0301091490489212,0.0955537485854069,0.033220154661292,0.0328686992348416,0.0485318181313413,0.0302469129466734,0.0346396782965056,0.109634476604125,0.0923222402804457,0.0929761046045043,0.0728959650207568,0.039963935736114,0.0527158140458916,0.0416462713336794,0.0390866779378098,0.0585578849481247,0.0301581870916771,0.0300648583543889,0.173923539236986,0.0298456275265297,0.19194857191485,0.0355019874752786,0.0346167882549852,0.0392426668040657,0.184943581128371,0.0668721613038989,0.067166531548525
"fosteriana",0.125006120688203,0.0956270405805288,0.0562050927410105,0.0812555734496981,0.134307534137666,0.058715811464924,0.201440828772846,0.0863066019931507,0.0869240294189365,0.0671096934331457,0.0700986506873489,0.306569129413314,0.118014823253952,0.114516815054545,0.107993502266667,0.0656441868455514,0.0743333675890931,0.0922903115433729,0.103404145213776,0.0759495150520956,0.132054259337852,0.0757046772110282,0.0813482460491381,0.191254646086406,0.0981095601565833,0.0904595353081923,1,0.090072320624748,0.139476997344143,0.0828059087303829,0.223220366366156,0.0822113573881873,0.165240997847313,0.0967073555525047,0.107678344464254,0.0570511313629796,0.0953916586456695,0.0726828776674748,0.106413007356466,0.149331272598575,0.0674221798138846,0.0763838532087891,0.201597425265041,0.177222960295748,0.0620641099322289,0.0534999238158413,0.0655941369024278,0.0911722870444823,0.052662547090752,0.0883070879743336,0.0726406595492172,0.118998492904689,0.0871780693571249,0.0782829677968346,0.054064815037856,0.0590964512690814,0.0679836076019458,0.0985636772195422,0.0767343088668036,0.0549493529600538,0.0959129783928428,0.0944482953865369,0.12867577305129,0.0812163155205075,0.0806531710841599,0.121143915594413,0.129574330113045,0.109156683857965,0.145546768713577,0.0914674620970225,0.0629481923517104,0.0472455391384809,0.294739652903435,0.0522279218203169,0.0529569496086153,0.0840415662377239,0.0530986151889274,0.0475075568559167,0.193812327143409,0.168087438144888,0.291791794446225,0.0888178383471567,0.064298149210551,0.0772236403890603,0.0561920508128615,0.0777991569100191,0.0722094883719452,0.0487669401143052,0.0625818055147886,0.0797617835936091,0.0510091488270633,0.074547236380511,0.0482850240319239,0.0658943311665122,0.0711382594062705,0.0801422385417049,0.113524890896455,0.118077169075094
"glomeriflora",0.12924769024046,0.194406075468243,0.227049676538909,0.28243304355249,0.167004488232746,0.0855125701167614,0.235159169185373,0.133447126181342,0.194928941845401,0.132807119403916,0.186490744375992,0.124036289268231,0.156261421034253,0.279798898261197,0.160151101885581,0.251441124942163,0.138667002518862,0.267281146361566,0.145526603349487,0.282710078351425,0.266160029730197,0.229271361292687,0.186570692417716,0.312386817738009,0.143302790785192,0.0554581905396054,0.090072320624748,1,0.19352481929263,0.171838988502696,0.212333141684623,0.176819685005987,0.220637279871303,0.169706730247477,0.242638770697664,0.263483834978303,0.290063896584057,0.168890183872331,0.0906969231488528,0.120077919017907,0.259081240700785,0.396752233382309,0.152719629603976,0.228815053350156,0.246510858072127,0.189615762061027,0.182792244209786,0.279382950282337,0.360199215499725,0.23806054273303,0.154579137607916,0.141340106307632,0.196837577069159,0.217898180620797,0.203761415023618,0.126964792611061,0.325115452669712,0.258109071255017,0.303396334801714,0.260848836819601,0.169471278067651,0.254408351787879,0.186439418174898,0.356018668598307,0.25593879006141,0.290568275097057,0.200048084731831,0.274694687852741,0.168137507750576,0.286944363735208,0.320672274118971,0.156504712166974,0.301398559046529,0.307572862705256,0.132798634760672,0.280941049265178,0.156128097707419,0.266155642982437,0.189947708936672,0.198818067987455,0.265918158595023,0.228387587931945,0.11945696103304,0.247547292729572,0.158852752974409,0.153949168085089,0.315450859790163,0.227157648890505,0.272348035106421,0.154414664389766,0.116622704178699,0.262377635022609,0.245463651799562,0.348855608269406,0.312074413184318,0.109422147742938,0.174697264534587,0.283056173644274
"goldmanii",0.13902886651264,0.198738176031256,0.210673439832525,0.206516175077476,0.148783970141406,0.0948772278534946,0.195795733941084,0.152693600261138,0.159872921213182,0.17471818182279,0.161314197003383,0.0986043989753704,0.110723551222002,0.181620904418572,0.155406433575152,0.187570905242059,0.133903809016097,0.184431753291352,0.125701285038628,0.163693071821204,0.229071139135124,0.19208216858422,0.178178232123558,0.173319602878599,0.172960504455286,0.0413849484198329,0.139476997344143,0.19352481929263,1,0.179766634697832,0.150778471020497,0.148348763931758,0.200970216320777,0.160356529793852,0.140506983826953,0.186878289744859,0.198177497934844,0.177325007706392,0.0799420949052987,0.164876171716138,0.16366663962014,0.209969798440495,0.150221861937394,0.155316685507892,0.173800665293794,0.137544812172383,0.129351272833416,0.186779497421444,0.173523694557504,0.153053095285509,0.152356573172576,0.147155693745799,0.153874205123219,0.195354239028498,0.182477726911098,0.126312679094266,0.173327123699829,0.171930135932962,0.197864023691595,0.136614158515888,0.17641605047286,0.200308473438427,0.146860103418213,0.169529680060201,0.194672045585927,0.227765079561623,0.145800872324296,0.193410622055895,0.164705491720535,0.20309099893904,0.142059269217595,0.126298331646273,0.160323861422726,0.145095346070447,0.105166134196471,0.173490693954405,0.151786166668184,0.175813015081868,0.120728690853451,0.115630583432214,0.198724805709579,0.226528210487474,0.168214491414927,0.152828372841414,0.10224442485902,0.177104380454485,0.201148802454861,0.151723150689133,0.16112462178411,0.134804702239473,0.134642223140435,0.159231194634191,0.144888593616222,0.178922024086329,0.201143402637268,0.097960133785751,0.13509453007837,0.192198498640597
"gracilifolia",0.165797617997718,0.191644902488961,0.186601462058577,0.218244296206517,0.187441374901188,0.118035765337907,0.18326281297631,0.140317644299905,0.163301902556902,0.145494484438348,0.203971613921115,0.089793624008619,0.116263513601709,0.158406801415591,0.180045916824419,0.146473474382272,0.173394801762488,0.167480689800517,0.140307601668255,0.185650167008403,0.16853089636264,0.173115075475411,0.188944181769561,0.20229777822736,0.15373753322996,0.0471939296071536,0.0828059087303829,0.171838988502696,0.179766634697832,1,0.15866191499917,0.148303274700033,0.184010627138633,0.175966052859198,0.126930509269014,0.274720305468666,0.162119201606787,0.131017910895217,0.0842358982494086,0.20235502090674,0.128165089901703,0.199714191059263,0.148947305664228,0.148151954886714,0.186661743360712,0.149789743918046,0.122944508268967,0.15600125621071,0.152259081377296,0.122886506626743,0.159077050473218,0.128748731121743,0.178290545265877,0.151895611747871,0.16065022049829,0.119054918785943,0.176645572497336,0.188548607314663,0.163240695183286,0.128664949878608,0.181734957938627,0.187670663247174,0.183256818740266,0.15610796620499,0.194707148206537,0.24533174270866,0.16206672049036,0.191210644786345,0.152607573055827,0.227517513163525,0.13226112701623,0.11737641161775,0.150818399612297,0.125360485244231,0.122125462319836,0.137205278176822,0.128508545660057,0.175068441329272,0.10385999229092,0.12405662639221,0.142690291221685,0.233227521919225,0.136252429225035,0.136245039985413,0.0972781928487441,0.175697168348644,0.187033991729094,0.119422397411557,0.220653188327642,0.162964269919103,0.129082693897283,0.130216198173114,0.125054569684152,0.179470244716076,0.14699439096516,0.149106313008698,0.103929300173739,0.191464683021859
"grandiflora",0.182817681034675,0.17007318874258,0.143345293650447,0.174727692242921,0.181733301424733,0.0805303666769024,0.294585941953304,0.145561689920068,0.154684182515712,0.118639125811357,0.168100710922875,0.231624688787058,0.141815488873199,0.207440601443663,0.203954867676473,0.129459875269441,0.123439390149768,0.210942007735609,0.159871850102846,0.177469440270377,0.177629434737035,0.152114741151728,0.153380866173786,0.26834678945452,0.135532803993933,0.0763719245282429,0.223220366366156,0.212333141684623,0.150778471020497,0.15866191499917,1,0.162868896925561,0.24935131037038,0.171065258800528,0.19053252572667,0.140074662829115,0.201198492825666,0.119060974957904,0.100934683386257,0.148434467844434,0.178173915563459,0.219153903170068,0.11922501346448,0.245106565545544,0.198270522792279,0.108868005763257,0.148639345453259,0.153986559371803,0.170747965066154,0.179538570444699,0.111440803473093,0.157429407068886,0.24665946130254,0.129349741155539,0.119310776963436,0.114396983645949,0.152414981631287,0.194750468384354,0.170437207770206,0.125725931914097,0.156362041057202,0.162021622377764,0.190847766108186,0.190926452355566,0.164446280185002,0.235079032865913,0.173123946775215,0.235436051377588,0.18997050425447,0.189037826591262,0.172297315644576,0.112886856277712,0.320979809049785,0.165472694193411,0.112542721152421,0.210475190992353,0.116632663261843,0.146247253166035,0.200799485467887,0.206998446587642,0.291656524396667,0.170203349371191,0.105257040657763,0.175918364899974,0.101460676954537,0.140048716834945,0.19384205924247,0.121724281866171,0.146033313787481,0.144715771843166,0.0965719172403396,0.164629017052948,0.113037241924824,0.176546608051879,0.199740092592691,0.103650348463585,0.154149637412393,0.223114992204224
"heterophylla",0.112000362677538,0.161583824071631,0.172911093261856,0.206871991722718,0.254332680890959,0.124416877866816,0.182403712052447,0.160594523398958,0.174474527774382,0.378084903252311,0.344756026829643,0.256419056535743,0.217127072546406,0.217399779154371,0.161750433036068,0.207215495145291,0.145884527755661,0.186957165640175,0.146002899342638,0.188959852318843,0.198774510257605,0.154733109395658,0.141258435844933,0.203751279903923,0.128125780382647,0.201852792195967,0.0822113573881873,0.176819685005987,0.148348763931758,0.148303274700033,0.162868896925561,1,0.184699686470558,0.163383090600635,0.30948833759207,0.154059910132752,0.204779255309696,0.115727784573738,0.0760119435374431,0.121738712133517,0.367553309398606,0.164967492738704,0.112799057469639,0.173426067070729,0.189177150163661,0.148915844917786,0.399284624725974,0.146985276750678,0.317164161634003,0.271410531538212,0.119606759365441,0.121975888589697,0.180919212484054,0.1873299137647,0.147999322185493,0.100944699133662,0.215876521178776,0.172634783426242,0.318338925943622,0.119089356918773,0.151651151750828,0.187970933871392,0.185397082121173,0.162833628144044,0.161396904403319,0.22659029651598,0.137184414446583,0.170901187655339,0.202327133992848,0.202597877190966,0.344728371050569,0.123347327491683,0.171376991814251,0.164035196036694,0.101208093872798,0.167578877442408,0.125092584144027,0.13741872915371,0.115648523000032,0.11509644728653,0.17251229756414,0.253915589063589,0.121430094158288,0.138193467884396,0.0943464725724651,0.155644807122383,0.199026434309356,0.175024737385813,0.152120761872022,0.260174589940752,0.0893211586975594,0.332608858727141,0.13889152849001,0.171874508448055,0.163165254330341,0.443829537449369,0.148034781495874,0.196882173165681
"huberi",0.195304310404906,0.252414685879826,0.165852611341364,0.271342756140292,0.211051943174541,0.109765659067294,0.333711721289997,0.194990927679057,0.167361403579687,0.154068153066838,0.185896975943199,0.187802151854007,0.137424991345381,0.261514740147494,0.23317211551384,0.201446573653095,0.171211359749033,0.252190539598879,0.166799706022969,0.181200750853741,0.248599207727335,0.195769725599379,0.200116403949355,0.337365861261802,0.185153951429124,0.0728957829883454,0.165240997847313,0.220637279871303,0.200970216320777,0.184010627138633,0.24935131037038,0.184699686470558,1,0.21052111333466,0.191163380168529,0.177172201151901,0.244364772815513,0.161851445380464,0.117563238957628,0.21819196246543,0.186817217908308,0.223044341725449,0.174737049867164,0.260704837331122,0.203412514515514,0.125829958996226,0.157338941689938,0.201386494534686,0.191927791157024,0.186238558432412,0.140568274488556,0.161350136399653,0.219021562764608,0.223042877549817,0.165632395856081,0.132422286499626,0.17053484671052,0.264845303715264,0.212750819995625,0.148746797560727,0.198362287222964,0.313658888861428,0.230188519308352,0.200586136724166,0.230622195268368,0.325948358237732,0.221181453264713,0.364184573670108,0.197978830189843,0.311284235653369,0.174550608414329,0.137747644416368,0.287951820873069,0.154462582916461,0.146200343183969,0.221915036908048,0.144902182912858,0.17139274537663,0.180940991235711,0.208826201944451,0.283796460067128,0.255468420617658,0.163501068487442,0.194265603254792,0.108709123885869,0.211561047692143,0.269939056588961,0.17980327773119,0.159686307542319,0.197200602546227,0.122113878303452,0.195400400973941,0.185202216137225,0.21122827548118,0.184048408994063,0.105979049325007,0.182222918778701,0.284824588855049
"ingoides",0.122140814011785,0.185444351979912,0.161791414029506,0.173249666989625,0.17584193950534,0.0986848109817268,0.205247288966904,0.161575709969419,0.129536853214449,0.118247473963384,0.175491859503724,0.135500626792248,0.120394096259792,0.213577128852024,0.195004762622752,0.170874495246807,0.147221015764183,0.199115364244112,0.139671580171805,0.172031624569033,0.185674591135074,0.151310768447336,0.160450791486801,0.18151290360389,0.144466730156324,0.0735305078608124,0.0967073555525047,0.169706730247477,0.160356529793852,0.175966052859198,0.171065258800528,0.163383090600635,0.21052111333466,1,0.126038814937784,0.130050103607657,0.217180977809648,0.132401114527219,0.0976265601253883,0.138304497890585,0.126683505430875,0.167160397523994,0.126120550774114,0.171185683380794,0.160854243013873,0.0960438804510432,0.101554914969503,0.143277116906204,0.150506395019487,0.140329981771856,0.124215156722677,0.125143951764664,0.165019988469143,0.191951386081235,0.151166299367622,0.145916758353432,0.142227216783526,0.184687846817128,0.182972041294225,0.120400478511904,0.145879954767164,0.172445771190092,0.168886218174574,0.159056171374302,0.166447209187385,0.22685953479974,0.168678258171488,0.192380923800526,0.162740939463327,0.225186476679933,0.1564810075661,0.140469622671295,0.200678570164288,0.122710832906797,0.126343301893916,0.172506525529225,0.102599610634145,0.128375743111721,0.124795211631096,0.1426069828161,0.166643858862871,0.198945293266599,0.143792808046986,0.156269076211234,0.0955331926898625,0.167382771114752,0.18042784664052,0.157230603739303,0.123297656211244,0.150454003460353,0.109354599231138,0.167810418726009,0.156270836536696,0.168467535390326,0.196534506019394,0.0916093309040418,0.144787915109185,0.212257442735773
"jenmanii",0.133707877221693,0.161372169594518,0.137030875617086,0.145737507404086,0.269278783997081,0.0797383167709642,0.187230260362125,0.125232834652259,0.13644007249923,0.292973016403144,0.361814306630953,0.2947350246941,0.239614079325667,0.232239339490181,0.171335575086916,0.140603886266647,0.0964042003800046,0.215788425359396,0.108334396957403,0.151327392427293,0.152688569956036,0.158655581755673,0.130340792351022,0.247609143321806,0.123040229524372,0.210037444315006,0.107678344464254,0.242638770697664,0.140506983826953,0.126930509269014,0.19053252572667,0.30948833759207,0.191163380168529,0.126038814937784,1,0.215791597286131,0.268453013764147,0.150000600843695,0.12301148119615,0.147218027284588,0.372959013610142,0.245780699043172,0.128499429097031,0.244783634786441,0.157626938550773,0.0928385372596979,0.349197200821209,0.133867601930398,0.381485036787002,0.39241554959324,0.0871001960532981,0.134198343929486,0.149943221396354,0.155832179060621,0.0917442375417654,0.0704633752591218,0.133599204927293,0.281189389943067,0.298873906598671,0.133823182721756,0.136428837685736,0.156416919176248,0.174313069474394,0.229039298295879,0.155659116167078,0.183767853667661,0.188396636333459,0.241825986994466,0.140155259745085,0.161495837630849,0.455739950076573,0.08008448051908,0.277228168225418,0.202979531881829,0.0874155930271557,0.220796460479671,0.115487980162368,0.131201920958149,0.261504257983991,0.249161551243613,0.259129258404576,0.17209774643225,0.0985930919048397,0.20318004437303,0.0992582550751514,0.1182339691816,0.199880134344759,0.162023686999373,0.177466117549637,0.272785678977248,0.0839269046585155,0.360977850326682,0.131012495929639,0.247703059572553,0.191309560497127,0.269243234414598,0.219990241873804,0.183078623310674
"kursarii",0.12260716418744,0.167243552878073,0.183925607632171,0.246112345800837,0.136250219569753,0.0860249808194973,0.194223292842313,0.123226650185389,0.15822044598059,0.144116857828142,0.287652274985733,0.0864629856429217,0.0937404428275742,0.238583518780237,0.121297753676827,0.229196549547281,0.121877285159956,0.198982209670987,0.117970228732078,0.187107340257423,0.170895673514294,0.219155397295567,0.177024836498526,0.193050070769959,0.258931117352445,0.0359723333840047,0.0570511313629796,0.263483834978303,0.186878289744859,0.274720305468666,0.140074662829115,0.154059910132752,0.177172201151901,0.130050103607657,0.215791597286131,1,0.19789016831885,0.176654344646835,0.0708861927940532,0.116362071464658,0.247308071308198,0.289154694696628,0.150958725302426,0.15988949364803,0.227490121509959,0.18452745439645,0.181100425918941,0.196486907743478,0.30764635920156,0.207497510497154,0.117949644863007,0.121801569829595,0.153694141486284,0.194322186138081,0.181027473147299,0.120770737836829,0.262325226258143,0.181102074090261,0.194813459844818,0.188437102145485,0.156601258029179,0.183822638782871,0.15568361031384,0.303822309870295,0.17025063865593,0.237747829079184,0.131569994023448,0.210354346853192,0.139167964911197,0.223672407239379,0.27907114123348,0.118197694201395,0.176321949682613,0.307315647100966,0.101995931359294,0.246522422435985,0.17393604384296,0.261124309794387,0.245499806430543,0.183531577460521,0.221162003464711,0.24567842520599,0.107921014654211,0.21280976656733,0.100265819473643,0.176445198608911,0.213478732030261,0.318765831477019,0.411163678272897,0.127244472825555,0.141031111450623,0.200539443895145,0.20223631908881,0.335847797639316,0.257979125451746,0.119266191157567,0.32252297361566,0.225827513392714
"LA17",0.133665892895744,0.21203055186287,0.22737407367935,0.195796623389926,0.188366875892058,0.102686261454131,0.249984328273963,0.172883566896244,0.219011096780137,0.201503629798087,0.201957216177362,0.141153778106706,0.146759377173215,0.275257074431915,0.231535979394658,0.247137145160919,0.136206487314344,0.247416116661005,0.166854659649125,0.206199541285395,0.229912315665454,0.206140441875815,0.175745442465079,0.261978496210996,0.192711836867014,0.0521652923691346,0.0953916586456695,0.290063896584057,0.198177497934844,0.162119201606787,0.201198492825666,0.204779255309696,0.244364772815513,0.217180977809648,0.268453013764147,0.19789016831885,1,0.168187075176066,0.115981994346767,0.152164592385814,0.204771567484158,0.285863535500424,0.164841468501773,0.288942911009744,0.204878771346762,0.158638423813272,0.152522971693709,0.215635856792956,0.262218949278952,0.216801340363767,0.114761573105653,0.192787340996344,0.193649694813551,0.241583984006159,0.153006260997365,0.123515522037852,0.165815934277607,0.291368987265674,0.299191149818066,0.178557979397298,0.16916871752382,0.199344409558448,0.192879708964718,0.242080252436592,0.210218692314915,0.278445604185866,0.194475352242247,0.277559151481642,0.196723728449865,0.259634858905683,0.240122586078035,0.126680973954974,0.277687097223461,0.198677126761785,0.126913542676645,0.244693934543729,0.165404685330375,0.171560765719735,0.186371259104774,0.189352785218087,0.271566648734643,0.249191906658454,0.185762639722705,0.185030695280114,0.120581921233973,0.188391473055419,0.268308847316755,0.243524610258339,0.193146773048411,0.165771162146312,0.112190484153449,0.243918049020034,0.235622410476818,0.252210209328619,0.236895260500153,0.101132007724867,0.191985037683549,0.235482263475974
"LA41",0.122406228528498,0.151533249890337,0.167179287007089,0.162130715254211,0.123429522886365,0.0752413206351099,0.171287085492718,0.124410416595233,0.138176684466364,0.129521642751949,0.132326866583041,0.0849016944241626,0.128396551082963,0.153214419310739,0.128723306788893,0.160653969954877,0.111273541015525,0.147005403591786,0.108916576938329,0.130128418457487,0.160044351813311,0.188874867397737,0.157000228188335,0.153210794112533,0.171701192315097,0.0383632933690079,0.0726828776674748,0.168890183872331,0.177325007706392,0.131017910895217,0.119060974957904,0.115727784573738,0.161851445380464,0.132401114527219,0.150000600843695,0.176654344646835,0.168187075176066,1,0.0908538254978866,0.135786600002413,0.130710373891728,0.183014369808814,0.181138151894705,0.160278962911464,0.1523550712832,0.123562127256721,0.115724521742193,0.1722922041433,0.158795688747726,0.139074668255042,0.118664567576158,0.112665790067436,0.155797637127768,0.214588875664913,0.14732421661146,0.101133381964185,0.163162233848362,0.175086927722198,0.169692223199183,0.159492542141706,0.16401711885342,0.165601425173246,0.126890881246303,0.188102083340958,0.144622728524377,0.169805226297723,0.177348451048477,0.166309714000984,0.137083171432782,0.163450664422498,0.182347539315738,0.18728600718099,0.171696903214011,0.219259203359412,0.0975050240578599,0.155690879617412,0.144145044117135,0.166985326178177,0.114957331843837,0.123889460289345,0.1469639157914,0.188328207194929,0.126521931663768,0.211150955646372,0.0813943882995569,0.131866059132231,0.176688098871815,0.158909811998995,0.15029157063913,0.125064813837323,0.131077805563617,0.214468019285709,0.176358232694016,0.181824206191586,0.176690440271835,0.0870311704621626,0.117630031881904,0.184632693548251
"LA48",0.0839326923368298,0.0829618779621368,0.0790100651559393,0.095952112806806,0.230654066079138,0.0596894478110778,0.120508643571416,0.0811370622740958,0.0745609049543282,0.12489710987554,0.0886051998562789,0.152140121843999,0.138188263908142,0.119931479278728,0.100647614897208,0.0678238354048693,0.0721880482830353,0.100275861200268,0.0723586013173231,0.0813973276759535,0.0799656880835419,0.139506870072673,0.0896364086392509,0.112774629097344,0.110492584523123,0.106682392529827,0.106413007356466,0.0906969231488528,0.0799420949052987,0.0842358982494086,0.100934683386257,0.0760119435374431,0.117563238957628,0.0976265601253883,0.12301148119615,0.0708861927940532,0.115981994346767,0.0908538254978866,1,0.0974638532951421,0.0701193255096185,0.105772606197494,0.0954526443408559,0.252451231158658,0.0970204125869541,0.0664418285808334,0.0680727553797716,0.0890703346334063,0.0717836953649571,0.108034166486574,0.0753505165389274,0.103289099667835,0.108893130382188,0.0980109158208493,0.0712623015918565,0.0468517356576915,0.116388232285028,0.139682348042289,0.0859940896647225,0.062588333584951,0.0995350677474002,0.101776238736833,0.124702139949265,0.0712924852500944,0.0932769394959837,0.116471175235021,0.125464542884295,0.129225258894543,0.115069805392059,0.0921947803465564,0.0826574556605644,0.0593151002184073,0.1392417701558,0.0760033501733419,0.056427331235637,0.0887331554173517,0.121787046229185,0.0644302478525257,0.182984014321276,0.157995224101612,0.127123786044755,0.0900983696086518,0.115604334641161,0.090666449745592,0.0630734237840459,0.0906115929568018,0.0916165291924113,0.0744807238910432,0.109759534349323,0.104474271481778,0.11476675495631,0.0844422076548942,0.0865248311908211,0.0880106153606797,0.0690423661973276,0.0499039383991445,0.348505583091937,0.1053629837085
"lateriflora",0.143885173693262,0.15440129966584,0.122858670000641,0.136197394934295,0.155698891496105,0.0998947903824777,0.173368022620294,0.119786410844137,0.143187081493613,0.11173538539885,0.106320163338131,0.118772280941643,0.123715311204814,0.164967103917405,0.229219340834764,0.102280034984666,0.155045722731164,0.137359768451543,0.108269900908029,0.133364397705428,0.141103551145006,0.147779371840404,0.132612607653248,0.171113465858647,0.143329351601626,0.0558472012524685,0.149331272598575,0.120077919017907,0.164876171716138,0.20235502090674,0.148434467844434,0.121738712133517,0.21819196246543,0.138304497890585,0.147218027284588,0.116362071464658,0.152164592385814,0.135786600002413,0.0974638532951421,1,0.133495225106985,0.142730976033465,0.151213980684517,0.139516565812482,0.127745350341619,0.10345984968119,0.112163727737655,0.125373811572669,0.131557779402167,0.141606489670627,0.14601190133642,0.13428160179542,0.161033997228961,0.132315379998751,0.105157355610675,0.141626732265537,0.113493659557023,0.160585206107886,0.143427454331776,0.126824398142657,0.154659902278888,0.147119036411605,0.153111751369909,0.115681753876082,0.174122383820358,0.199469620905436,0.164526073013236,0.195190250181329,0.18650537607899,0.155726144612095,0.104706269289496,0.103471854609758,0.174862743394072,0.111951532721037,0.0912488737887478,0.131431690474289,0.150288261625292,0.10017414503701,0.129974080767374,0.155945975376876,0.185123659790912,0.151933673718342,0.142887020674667,0.120175063891582,0.0827659163179882,0.113869070590499,0.151718957608699,0.104751988620935,0.129577712926803,0.114165274216501,0.0954420601761383,0.115956317178142,0.0912268808089874,0.133233264336064,0.110764705503281,0.111602054314625,0.126063516206261,0.161255727523355
"laurina",0.123980026669092,0.174093242985157,0.143554871316619,0.222960667166655,0.244887831014232,0.0967878306878877,0.203261335777163,0.165297795682508,0.171599091678385,0.334645420919076,0.37405396320012,0.243915504865144,0.19576676290472,0.188141789594766,0.155925278251494,0.15669783260284,0.122240160942073,0.213168039616136,0.107467704284243,0.16207623341358,0.179774682694983,0.155664831310343,0.148269133499958,0.172589603080527,0.183073882915671,0.199090879431152,0.0674221798138846,0.259081240700785,0.16366663962014,0.128165089901703,0.178173915563459,0.367553309398606,0.186817217908308,0.126683505430875,0.372959013610142,0.247308071308198,0.204771567484158,0.130710373891728,0.0701193255096185,0.133495225106985,1,0.262419725227946,0.120038551219462,0.190063553605186,0.168945298848074,0.100213668519682,0.397344843835436,0.161925814713003,0.372484185545561,0.343223635622101,0.130569360585196,0.147163677098974,0.17746844371466,0.192667985403516,0.143036957145385,0.111861055525678,0.249564260397377,0.20052862190398,0.297777629651146,0.132896348733018,0.153314901027486,0.162248239484829,0.145075161448286,0.235370031821022,0.168204425365356,0.187827558227473,0.138351833261101,0.216037517128447,0.178030291071372,0.196518064753913,0.395747938538439,0.106911998195907,0.217568762638529,0.180359835308105,0.139768036706411,0.247398919617837,0.131381702414633,0.162101728868595,0.172426397196473,0.159361701842057,0.22436713577578,0.207596394510993,0.122790869032116,0.212487046122651,0.0955050747168689,0.13580047355243,0.234539440186015,0.189654075081209,0.21173577248515,0.262262738244602,0.0961557349958646,0.367470541553715,0.140602683398221,0.241344667284128,0.221482292914561,0.306083287126358,0.198591476643412,0.18412417889366
"leiocalycina",0.17586961470952,0.220780563192176,0.230030606165444,0.292523173427334,0.176281893389487,0.125237510218663,0.250277522959746,0.170917855526399,0.213608050329583,0.179423223134297,0.201753820523426,0.122636683855045,0.108851531201972,0.305618995933084,0.196946923755709,0.233046441065271,0.155813132333754,0.263198057225907,0.139791116509506,0.242119439174721,0.234271378153545,0.259555473124971,0.205569337298645,0.275306718430017,0.17573864224131,0.0483972686066668,0.0763838532087891,0.396752233382309,0.209969798440495,0.199714191059263,0.219153903170068,0.164967492738704,0.223044341725449,0.167160397523994,0.245780699043172,0.289154694696628,0.285863535500424,0.183014369808814,0.105772606197494,0.142730976033465,0.262419725227946,1,0.226568998591848,0.221786731438595,0.315172884560005,0.175485327933738,0.208035247367327,0.269300065361615,0.360943529756475,0.289837777382521,0.157271529834543,0.145577907808708,0.214343964544546,0.241588730162277,0.220357732917036,0.139447709168467,0.267963209507383,0.299732328302835,0.298664590275731,0.228294402003365,0.176514491133781,0.255013377558755,0.17781209838411,0.367456391222789,0.206887538458585,0.289710192737789,0.158237941543943,0.306993257274121,0.178576406970688,0.29340692972967,0.31789007721765,0.145608269716702,0.254602412693937,0.306799193799753,0.159740290573946,0.284107222269018,0.194939428121143,0.294094103321195,0.195880088185629,0.20862696068688,0.273579683054361,0.264566472456471,0.197448016505369,0.256009550887933,0.127892006625902,0.195247146652116,0.332175597185027,0.266771558050922,0.311473316995617,0.181554019054879,0.154122266616953,0.286897899169478,0.211285801753135,0.406419566095135,0.326076597348159,0.112869114992446,0.18177513914947,0.272177683931878
"leiocalycina.aff",0.143321662460816,0.175343391617289,0.158283921624131,0.164830433738631,0.174531332679526,0.109900629215983,0.155600867255874,0.160115240223038,0.135850688472328,0.186789464456155,0.146235956482461,0.0979105120706908,0.0949750339037463,0.174943069224958,0.149238777234756,0.14949154207864,0.120001800175939,0.141317629763175,0.118749035665326,0.156711879213079,0.140100523483573,0.214056263073296,0.142680820167126,0.153578404737465,0.197389119403036,0.0450406727408182,0.201597425265041,0.152719629603976,0.150221861937394,0.148947305664228,0.11922501346448,0.112799057469639,0.174737049867164,0.126120550774114,0.128499429097031,0.150958725302426,0.164841468501773,0.181138151894705,0.0954526443408559,0.151213980684517,0.120038551219462,0.226568998591848,1,0.125653926500506,0.160101611357446,0.119325165512128,0.123457443724519,0.176351963379697,0.130863768254408,0.139907918704932,0.119668094410581,0.120335915580924,0.168990656141691,0.15863197678969,0.137603216899037,0.124056115764757,0.157405037447867,0.155336636977826,0.164581342831535,0.140891820120242,0.169206620017779,0.177611666108108,0.12191238284478,0.171856171833227,0.164014955819667,0.183001491204101,0.122415404685616,0.172557573066529,0.150690519027425,0.175171182739807,0.110088784570881,0.112358287993885,0.149804316002456,0.141538473397825,0.0919514206525326,0.122436751176455,0.160388310357743,0.123563018600512,0.112843894648238,0.110198458415892,0.146980058081041,0.194099047378165,0.168959993594213,0.0934792784282194,0.0925754084948532,0.171729386344978,0.17601976428539,0.161248865566322,0.193846790383485,0.141104777938281,0.139675611924583,0.14568756057899,0.130532825197132,0.18101136961859,0.143556189132705,0.0984472777760629,0.112795903924877,0.167497656406521
"lomatophylla",0.143131151906072,0.198414221717025,0.154902589532297,0.170999457629559,0.258469288134974,0.0871520574933536,0.278162051898936,0.173800970804503,0.169964945526164,0.142490525569607,0.163459640850087,0.217284949367457,0.160540604407334,0.221366548856368,0.192245456111766,0.17913692488061,0.137626081819991,0.211736144603886,0.155629096109057,0.193298018115328,0.198339405067938,0.168177833454424,0.153971177943987,0.231820533346555,0.138836169576494,0.071206606243978,0.177222960295748,0.228815053350156,0.155316685507892,0.148151954886714,0.245106565545544,0.173426067070729,0.260704837331122,0.171185683380794,0.244783634786441,0.15988949364803,0.288942911009744,0.160278962911464,0.252451231158658,0.139516565812482,0.190063553605186,0.221786731438595,0.125653926500506,1,0.164577630461215,0.106951064805074,0.145276925379731,0.156103437140711,0.210266720994792,0.187122688352117,0.11393405272931,0.18174327313857,0.164740476089407,0.204668998193574,0.122080102937382,0.09240432689845,0.151705875038637,0.241167080982131,0.232204185276399,0.14520245155801,0.16174158967973,0.171685796714187,0.203171399710034,0.193253787220568,0.195623247855215,0.2270217205326,0.192814429258038,0.280590095746807,0.182511519838008,0.211971811039156,0.207390569887364,0.111251363226991,0.331076192799075,0.158970266605737,0.109433640908883,0.219660386716473,0.132358409956301,0.150860432987496,0.232446700855195,0.222558340982952,0.302589701685152,0.190170376928657,0.118512058990284,0.177659599393746,0.115222205319039,0.156028245193977,0.240594746750034,0.172558882853253,0.141688371335898,0.168275533642031,0.182806600000901,0.215204745407305,0.176128628506429,0.19605552739392,0.195520338254403,0.0911291271195942,0.306316307251061,0.214431691210603
"longiflora",0.135588940689529,0.195835723688938,0.231696681480413,0.289618326610999,0.160849833355321,0.125830339987609,0.221624621134763,0.160034398353787,0.181435945592497,0.192841786333488,0.1890564352416,0.0985092575226467,0.118428986995222,0.211673938765224,0.166264843027452,0.182804969429892,0.151892665151285,0.220983226107515,0.146655256769233,0.209617715162678,0.206549170111931,0.26510321813829,0.224880272498667,0.247761249261033,0.181039822193678,0.0416371297562892,0.0620641099322289,0.246510858072127,0.173800665293794,0.186661743360712,0.198270522792279,0.189177150163661,0.203412514515514,0.160854243013873,0.157626938550773,0.227490121509959,0.204878771346762,0.1523550712832,0.0970204125869541,0.127745350341619,0.168945298848074,0.315172884560005,0.160101611357446,0.164577630461215,1,0.157847340579675,0.164898077138997,0.345973794402533,0.233883628703429,0.149884056072082,0.14014595253734,0.117230727495597,0.233121016860371,0.228383958775615,0.240008965319888,0.15682272013935,0.236049015382929,0.2320111208557,0.215164250342532,0.208896557633233,0.173907538063948,0.224594462465249,0.15374277471395,0.235149431701812,0.201160139265013,0.267506192661546,0.143129162804722,0.233687036519349,0.159083391989124,0.266366640868385,0.196838816400344,0.153640350367831,0.211911912662966,0.176612016136552,0.146167049104891,0.203401200108353,0.190495430119308,0.269847621376327,0.123941593257556,0.118278343489856,0.168005566996235,0.210619274865209,0.133799644112641,0.146913040005226,0.122237585264767,0.18633024586649,0.251932260417713,0.178821250263184,0.222908158928367,0.17842809458413,0.161566094353461,0.185310099941217,0.186247596147735,0.254325541352521,0.20377007582032,0.126640047715294,0.13849533793273,0.266079630654475
"longipedunculata",0.106085833178197,0.146033851916204,0.189249223684043,0.18216727957088,0.137192054075307,0.0699724478531662,0.152863193845726,0.0917164095521432,0.166050187229721,0.158405783067106,0.142747566698206,0.0648765261034744,0.0776833085545373,0.143533480392869,0.0973927789446699,0.236720444621208,0.105954874326085,0.144575803390626,0.126605901681822,0.186811965921657,0.143541092808599,0.157857348722369,0.126697427117696,0.203838904041475,0.128623201136427,0.0329538843152052,0.0534999238158413,0.189615762061027,0.137544812172383,0.149789743918046,0.108868005763257,0.148915844917786,0.125829958996226,0.0960438804510432,0.0928385372596979,0.18452745439645,0.158638423813272,0.123562127256721,0.0664418285808334,0.10345984968119,0.100213668519682,0.175485327933738,0.119325165512128,0.106951064805074,0.157847340579675,1,0.120363379155501,0.205353929847813,0.170552067967327,0.102634174002495,0.089861140746947,0.117804577519025,0.131733863528383,0.178923865303639,0.143525620944438,0.0915038618103695,0.224907287890014,0.126468466498843,0.194406171128793,0.237221958426089,0.151223953532442,0.187966440320703,0.158471473098926,0.166272765035141,0.221434059234745,0.209948687881494,0.141916512562485,0.143601577031978,0.129299110288342,0.187621620098533,0.146318784942453,0.109295391461082,0.171502477094317,0.18754368411323,0.0984977053530211,0.160882013738726,0.172310821526637,0.152341035322049,0.0963207190101397,0.0817296366309582,0.122885802777473,0.255382160772113,0.127400662650104,0.103964248524659,0.130651956776964,0.136212589821364,0.188201032282376,0.191489391524526,0.211263165327811,0.0972801369996049,0.143848577324656,0.137100272103724,0.246107079435122,0.23669529701183,0.153429553051788,0.104838784581878,0.100427854300013,0.213085888204474
"loubryana",0.111183056135195,0.139788301139619,0.135269639413457,0.193923504104599,0.257471851191626,0.0747561102402649,0.140761873373451,0.117263341085133,0.126025848418031,0.365811175060247,0.331115795969245,0.254022973671943,0.205963099495584,0.156548259017279,0.115036101191323,0.206392102995857,0.105022590840891,0.164960394450318,0.164994970140178,0.143481765187578,0.164736793929192,0.136750647395894,0.139228845129756,0.190951003357813,0.109201928165977,0.194149265843113,0.0655941369024278,0.182792244209786,0.129351272833416,0.122944508268967,0.148639345453259,0.399284624725974,0.157338941689938,0.101554914969503,0.349197200821209,0.181100425918941,0.152522971693709,0.115724521742193,0.0680727553797716,0.112163727737655,0.397344843835436,0.208035247367327,0.123457443724519,0.145276925379731,0.164898077138997,0.120363379155501,1,0.158566842088005,0.331607352270405,0.306454795342953,0.10187650672601,0.12703967938709,0.12539549068082,0.135891765708415,0.126698355976894,0.105557893188109,0.209113992194129,0.157778310623022,0.291423103340258,0.10881915431353,0.149160028939075,0.172769538216512,0.124124625767581,0.158920380108152,0.146848716986822,0.182460262347903,0.123567736968672,0.155685330557893,0.124311360756049,0.170334802020711,0.33088131964178,0.102531620568582,0.162596591484801,0.141052486080776,0.0898220569609128,0.161711167414932,0.105332567595233,0.154102915732215,0.153061158948374,0.12630672205118,0.133336212361224,0.189787213735299,0.0927266625465132,0.150245167301104,0.102607564924037,0.128916850008036,0.167018307748859,0.154511533369904,0.171133859973475,0.252638634558706,0.0792441147192115,0.317954850491017,0.110679008079772,0.180636608970373,0.163961708592515,0.363072602085012,0.145385913639896,0.15964147578117
"M18",0.134703685776811,0.197836488264071,0.195334360686003,0.274865044036095,0.156800543434196,0.127419048205302,0.208665003466649,0.168803019338767,0.192144680933671,0.180765443019187,0.172106701705899,0.131375380441303,0.124147180116669,0.185341637837038,0.139581776994069,0.208920902970303,0.120926635906871,0.196844832340604,0.15346159445662,0.221967165047233,0.177167888154865,0.216702167243497,0.206881836600318,0.289926504707521,0.161733301495636,0.044714999265907,0.0911722870444823,0.279382950282337,0.186779497421444,0.15600125621071,0.153986559371803,0.146985276750678,0.201386494534686,0.143277116906204,0.133867601930398,0.196486907743478,0.215635856792956,0.1722922041433,0.0890703346334063,0.125373811572669,0.161925814713003,0.269300065361615,0.176351963379697,0.156103437140711,0.345973794402533,0.205353929847813,0.158566842088005,1,0.243642765879712,0.146957940467127,0.133949104610551,0.129440232798009,0.198494893294035,0.190677529456881,0.242747095984802,0.12343929687457,0.274918914692965,0.162003021690451,0.214328246457151,0.284775698928027,0.162248032138257,0.177204658500478,0.168886782134701,0.187048967704898,0.2315934708466,0.270903898007594,0.145378932402462,0.218925518464456,0.19649807165756,0.234880015787963,0.159314267497122,0.106105222403062,0.264573287906556,0.162812562215954,0.10885920267826,0.206438919419406,0.172031489743211,0.220577925455155,0.128726106950063,0.122843086468518,0.206528666615559,0.23447831647849,0.165280403131647,0.124483035155561,0.153069310478055,0.148648085916452,0.254925704206606,0.178151061907837,0.163313846912786,0.145920186394613,0.123251734295437,0.154369048081192,0.210122794767952,0.180765284906975,0.185287976798055,0.0987315176665047,0.126466873315399,0.293969773749746
"M25",0.104368393324738,0.200934151424811,0.178489075624074,0.266984545224487,0.24175943616585,0.073708755558404,0.232361827189784,0.13685070932995,0.176118021211623,0.28311130717194,0.323843853547942,0.232203535149475,0.205565297736393,0.305764597829066,0.145740574002149,0.26880451147666,0.147192573874532,0.236580926110857,0.106337237776389,0.201147825355696,0.236283140825523,0.181911714321379,0.172451389987201,0.260699880710447,0.14777467663747,0.180653895637966,0.052662547090752,0.360199215499725,0.173523694557504,0.152259081377296,0.170747965066154,0.317164161634003,0.191927791157024,0.150506395019487,0.381485036787002,0.30764635920156,0.262218949278952,0.158795688747726,0.0717836953649571,0.131557779402167,0.372484185545561,0.360943529756475,0.130863768254408,0.210266720994792,0.233883628703429,0.170552067967327,0.331607352270405,0.243642765879712,1,0.349450248818204,0.125672828215086,0.113760346958184,0.191926624715755,0.243078520644218,0.178431274708931,0.113867152514348,0.256951482192389,0.278503280157163,0.401374952880871,0.287255669679803,0.173931871927755,0.198192439220407,0.158361733497251,0.428403530208848,0.211216804995556,0.263730173567119,0.141616937744802,0.279717393833596,0.160684929734286,0.259683583460217,0.457294215380883,0.145432943688257,0.278181242895348,0.340039922007534,0.124950030836927,0.285816769684237,0.156321457376425,0.234819731155085,0.169917995691984,0.200859608948144,0.306016241975891,0.255617068249424,0.122240376398104,0.205976249565414,0.13386548511429,0.171439462728079,0.305053973458568,0.337112705857619,0.296363296133127,0.263710096168644,0.105059186258201,0.429034234467867,0.298147553622847,0.34639107291413,0.292341358401252,0.262516226942938,0.198419875467179,0.272812579897606
"M27",0.126686998082277,0.174726248110715,0.134885458272758,0.172806427257592,0.262813349293194,0.0883889025550838,0.193303638780507,0.145495762046588,0.137291140254701,0.285481944382556,0.30211752044324,0.270075390108454,0.214810116237865,0.189765830514767,0.188409961312696,0.155174503007538,0.102533826486796,0.184785564982971,0.117450401232072,0.133724171294604,0.151014434055976,0.165659078308153,0.143097864073822,0.173273660585691,0.131993724271104,0.204581485055588,0.0883070879743336,0.23806054273303,0.153053095285509,0.122886506626743,0.179538570444699,0.271410531538212,0.186238558432412,0.140329981771856,0.39241554959324,0.207497510497154,0.216801340363767,0.139074668255042,0.108034166486574,0.141606489670627,0.343223635622101,0.289837777382521,0.139907918704932,0.187122688352117,0.149884056072082,0.102634174002495,0.306454795342953,0.146957940467127,0.349450248818204,1,0.113956601869476,0.128146448033263,0.150624144617386,0.173952687315024,0.110380828360002,0.0927680027510346,0.181073599995829,0.238613914801118,0.312274370112003,0.128219880684829,0.146149478033898,0.158374181700936,0.139104202384844,0.219907825766032,0.148796577125527,0.184818291228897,0.152532423586049,0.209676865438614,0.158345669504733,0.174300276714184,0.38355312522712,0.0846383162573967,0.188069109210242,0.163029810737146,0.0900130504596997,0.194216084966768,0.133771480654093,0.147599986480724,0.21909776148369,0.161247894144047,0.198595832487111,0.182638291259685,0.165958678496607,0.244194063662143,0.102181678799592,0.154420133755173,0.189873120011348,0.248203883892551,0.233882929440642,0.268291338582384,0.102242355807999,0.372776170514928,0.149669638955228,0.279224969521267,0.216786403780925,0.239291029965502,0.23097394812175,0.179999917718357
"M30",0.145192562906397,0.190828340587269,0.187871711182826,0.165481061078795,0.116144511265421,0.135949879658109,0.140043543170455,0.108870259980337,0.130388065762627,0.121228051153831,0.128014130693624,0.102496866703813,0.104620775151602,0.121410566744494,0.124667248506955,0.120412873357788,0.162990234072675,0.163937920452656,0.109246525200358,0.156151282420773,0.139598147716562,0.196175884657603,0.136181387276882,0.126397715500077,0.120462638397868,0.0392398994487615,0.0726406595492172,0.154579137607916,0.152356573172576,0.159077050473218,0.111440803473093,0.119606759365441,0.140568274488556,0.124215156722677,0.0871001960532981,0.117949644863007,0.114761573105653,0.118664567576158,0.0753505165389274,0.14601190133642,0.130569360585196,0.157271529834543,0.119668094410581,0.11393405272931,0.14014595253734,0.089861140746947,0.10187650672601,0.133949104610551,0.125672828215086,0.113956601869476,1,0.105623281214221,0.16101697076414,0.135048245153756,0.12683234791043,0.109649814024396,0.155627976443115,0.123329203941719,0.132330981326787,0.121596453391199,0.124418773533283,0.14058028772695,0.111417455604969,0.132854832396151,0.144086029829717,0.157209519999137,0.113740757217952,0.174766780079232,0.125728915643212,0.150364189857274,0.0916964841602256,0.121999356564999,0.119603860456719,0.101886079331846,0.101190645581997,0.122263588771962,0.134523059756554,0.131154769058278,0.0897964045260204,0.092688568728722,0.115173785679668,0.162167142462603,0.112030038029381,0.122378333587261,0.0723411961130419,0.115817319057587,0.167214111418291,0.101280829741515,0.123463040817133,0.12255640911598,0.100930352598993,0.105458332016366,0.0917530220860795,0.121515006385852,0.128053098984743,0.108800847106372,0.0992782460369585,0.137611670371558
"M71",0.144638390726711,0.147487475452022,0.141284685808771,0.139372295720927,0.188771836410703,0.0869238660654511,0.181144669922523,0.123789348517286,0.254776567387176,0.128492681051002,0.119182090525306,0.115642882626459,0.298148083038631,0.15723079359704,0.13777255362,0.116552201545189,0.109035894745164,0.178093840915384,0.113426989078108,0.179698909292569,0.131592382932377,0.196988401980704,0.131229253864084,0.178983147349171,0.115553148383588,0.0926236380537577,0.118998492904689,0.141340106307632,0.147155693745799,0.128748731121743,0.157429407068886,0.121975888589697,0.161350136399653,0.125143951764664,0.134198343929486,0.121801569829595,0.192787340996344,0.112665790067436,0.103289099667835,0.13428160179542,0.147163677098974,0.145577907808708,0.120335915580924,0.18174327313857,0.117230727495597,0.117804577519025,0.12703967938709,0.129440232798009,0.113760346958184,0.128146448033263,0.105623281214221,1,0.133060720280321,0.121796619190027,0.0967660297402119,0.0997579651032759,0.138045004644948,0.130414747930418,0.124997753116687,0.13500718267556,0.163563725497553,0.1295275522468,0.165525561743665,0.111076765083732,0.187876002879701,0.176464225923829,0.162752555713342,0.16832104089693,0.171038110837734,0.149407585969502,0.0970905209650655,0.108585033835759,0.189446801494105,0.110884825115968,0.0837368266027746,0.149835309473757,0.118926905949782,0.130882783724185,0.131458838249518,0.129737828637637,0.183115885314631,0.167776240951274,0.108476358680267,0.126976288729039,0.110527867776202,0.117667584675793,0.192549046917419,0.0852379209230826,0.113227999327935,0.153199776527492,0.0898510196480186,0.10974156192355,0.107123546730074,0.115583595853347,0.157044993821688,0.0960513698377625,0.138599390016472,0.194626806066448
"marginata",0.174863961026178,0.205033197757831,0.156105654808936,0.220632808599924,0.172716838548328,0.122299147856158,0.258978525397098,0.264561351206918,0.168938120480969,0.145384573924185,0.211987071661764,0.090535866667185,0.101260999608714,0.192122548955304,0.19426473768617,0.178378125696887,0.173067660439215,0.194209401063667,0.140609579500572,0.200878859714504,0.207744441235337,0.202911684078428,0.211408649788367,0.177716564387114,0.182946762961212,0.0454543718616135,0.0871780693571249,0.196837577069159,0.153874205123219,0.178290545265877,0.24665946130254,0.180919212484054,0.219021562764608,0.165019988469143,0.149943221396354,0.153694141486284,0.193649694813551,0.155797637127768,0.108893130382188,0.161033997228961,0.17746844371466,0.214343964544546,0.168990656141691,0.164740476089407,0.233121016860371,0.131733863528383,0.12539549068082,0.198494893294035,0.191926624715755,0.150624144617386,0.16101697076414,0.133060720280321,1,0.188618924202134,0.161741209471408,0.125781332272749,0.221646811932024,0.199725127544607,0.190998057249472,0.163018914135047,0.211070193179401,0.21457101453558,0.172733119489041,0.195733818199158,0.215911674943475,0.237697535624651,0.181546276407871,0.291943085002915,0.178431235710196,0.25830820124826,0.144188200053064,0.145449813876146,0.187140270358006,0.154442499117149,0.146623172025689,0.16910697870687,0.139582568682417,0.140228533205774,0.117897256183372,0.122489491330847,0.170515645463094,0.204433636359025,0.134979618692289,0.136182283369126,0.112377745922217,0.177166389845646,0.270761267396766,0.140776770003462,0.147650961916297,0.207877498266747,0.146019397677162,0.186672088211542,0.158985666469719,0.190184756898952,0.175979888940764,0.118016933368587,0.128224939998944,0.232925970908266
"melinonis",0.139815290533668,0.194063584766841,0.21328450757694,0.201229464771926,0.155594345393303,0.0838056525253156,0.253988382380513,0.175275688713169,0.203549787780819,0.155724530979604,0.160458975360448,0.0998338513516246,0.108710614614615,0.241575481345088,0.19421009555911,0.307521724701295,0.169153090608595,0.200479936903152,0.124533907682951,0.19246672081275,0.208193295181759,0.187142922841495,0.166813549440213,0.222217153994496,0.174901115642795,0.0457803593707601,0.0782829677968346,0.217898180620797,0.195354239028498,0.151895611747871,0.129349741155539,0.1873299137647,0.223042877549817,0.191951386081235,0.155832179060621,0.194322186138081,0.241583984006159,0.214588875664913,0.0980109158208493,0.132315379998751,0.192667985403516,0.241588730162277,0.15863197678969,0.204668998193574,0.228383958775615,0.178923865303639,0.135891765708415,0.190677529456881,0.243078520644218,0.173952687315024,0.135048245153756,0.121796619190027,0.188618924202134,1,0.149333959471796,0.124522206898072,0.222002144425205,0.242469597789337,0.235040511273301,0.202893150949646,0.166150266491442,0.201444325807924,0.155753081770703,0.240842477732564,0.196620167403628,0.272664248991173,0.189601214005872,0.214633158100044,0.173172537589639,0.23216903463058,0.217228780512512,0.183735408337377,0.243860320824273,0.234481312811235,0.133496490782758,0.182646497062381,0.163794172669595,0.181690839381671,0.128136484875233,0.129729187729775,0.196916600964704,0.264817678228209,0.157722347761289,0.25517395635009,0.110016130270895,0.179415730398767,0.259874363330818,0.286483523156997,0.184922525711286,0.142494755021326,0.130656329827461,0.264419539556734,0.222679204683648,0.234656092844178,0.215691591434313,0.103248528520934,0.163891176186914,0.238016466744381
"microcoma",0.117606909554323,0.151855416330134,0.151630238683048,0.221347204827187,0.126883849379789,0.0957187964912461,0.163543638706578,0.129226281400839,0.129474245529677,0.144034974542608,0.162742773292388,0.084509737285067,0.0882441630424944,0.161344559558352,0.131006833228042,0.191502306306367,0.137672647671308,0.172514798107252,0.101512636288811,0.162928079863829,0.176781377971518,0.181319079058933,0.160356796041547,0.169294804614385,0.161742052912412,0.0331556492443978,0.054064815037856,0.203761415023618,0.182477726911098,0.16065022049829,0.119310776963436,0.147999322185493,0.165632395856081,0.151166299367622,0.0917442375417654,0.181027473147299,0.153006260997365,0.14732421661146,0.0712623015918565,0.105157355610675,0.143036957145385,0.220357732917036,0.137603216899037,0.122080102937382,0.240008965319888,0.143525620944438,0.126698355976894,0.242747095984802,0.178431274708931,0.110380828360002,0.12683234791043,0.0967660297402119,0.161741209471408,0.149333959471796,1,0.122416118417362,0.195348409531835,0.138579634105548,0.170551437621447,0.144750754904922,0.15044983270156,0.215636011181668,0.129834229476274,0.175422135242364,0.142603986074333,0.208786502896419,0.107754982447593,0.161879817350338,0.140549879813198,0.184716994909591,0.126429627889621,0.125732872288137,0.148986494265983,0.142031670892859,0.121643902918254,0.13199967446296,0.14393592292386,0.183231792309107,0.0911774297721953,0.1069439059084,0.131252976897426,0.195893035661431,0.12790421667871,0.120968139139472,0.0879179430306383,0.174002773685231,0.176189967683283,0.171828259930892,0.189151088535416,0.12853140568077,0.1386261739151,0.135339271491827,0.151475270364792,0.185046848259408,0.184009985704309,0.130772704270233,0.0996092357975874,0.183433980258976
"multinervis",0.113661001897732,0.161365681316355,0.109559622363956,0.151978994568129,0.109168593739027,0.0863395691478518,0.139912951793114,0.115784303367399,0.116714356198454,0.156710789229295,0.104695195556898,0.0630167825257426,0.0788262292869985,0.114038182195734,0.11269948125092,0.104132283668032,0.251239577498308,0.137907829501469,0.100047482780149,0.115839757427088,0.131264614574958,0.127961371358629,0.122587776308588,0.11356305473925,0.0955491058465145,0.0374186886440172,0.0590964512690814,0.126964792611061,0.126312679094266,0.119054918785943,0.114396983645949,0.100944699133662,0.132422286499626,0.145916758353432,0.0704633752591218,0.120770737836829,0.123515522037852,0.101133381964185,0.0468517356576915,0.141626732265537,0.111861055525678,0.139447709168467,0.124056115764757,0.09240432689845,0.15682272013935,0.0915038618103695,0.105557893188109,0.12343929687457,0.113867152514348,0.0927680027510346,0.109649814024396,0.0997579651032759,0.125781332272749,0.124522206898072,0.122416118417362,1,0.116614884489648,0.104232947327866,0.11994233689403,0.103295002182912,0.12732564748151,0.127952462625864,0.0962368475533446,0.12097572219615,0.117414653239932,0.142278797537778,0.0877631936666016,0.118491939709267,0.1042140429677,0.14426006422534,0.0960070894925873,0.105825522583162,0.110475606600095,0.0919476634076385,0.100800348043821,0.12358119043124,0.0916733307501768,0.109702962248193,0.0751632971767408,0.077343679773122,0.100190861188235,0.149769196187517,0.113297495087349,0.110246635423949,0.0892880012335424,0.115340540772789,0.135223395022477,0.0953068540092679,0.0990837262191709,0.110421345724974,0.081911271932998,0.0924135734744227,0.0987721482656678,0.133871940780882,0.113893389645236,0.0836236500258515,0.0805542534627339,0.124912954981134
"nobilis",0.14856831516971,0.184137507000746,0.194421327416306,0.340486405805991,0.153680056970229,0.115488189208892,0.202375017595014,0.146636692240611,0.206195274322679,0.152323898198728,0.166853524023097,0.0988207392154553,0.0979464148915975,0.211844036780799,0.145113703699455,0.271473096762285,0.164247925773245,0.189113786382533,0.141313198957467,0.210107779310139,0.207193014657555,0.233531057456742,0.199826070961537,0.263664398292041,0.152072458335899,0.0529868615714677,0.0679836076019458,0.325115452669712,0.173327123699829,0.176645572497336,0.152414981631287,0.215876521178776,0.17053484671052,0.142227216783526,0.133599204927293,0.262325226258143,0.165815934277607,0.163162233848362,0.116388232285028,0.113493659557023,0.249564260397377,0.267963209507383,0.157405037447867,0.151705875038637,0.236049015382929,0.224907287890014,0.209113992194129,0.274918914692965,0.256951482192389,0.181073599995829,0.155627976443115,0.138045004644948,0.221646811932024,0.222002144425205,0.195348409531835,0.116614884489648,1,0.174717170454201,0.221532647830367,0.24964719018299,0.174485172309251,0.228246072363179,0.159031615067285,0.237824890458313,0.22057657978709,0.26092315221421,0.142034632859782,0.214169481026536,0.218801945019696,0.249993002642935,0.180237580096683,0.166014196026796,0.211367637175385,0.264544968542711,0.115735802154744,0.226858929968926,0.162598520631654,0.247068590463472,0.15457934756841,0.148909068990551,0.162289693606776,0.239939770668715,0.121218937287794,0.178517764364419,0.141716554486965,0.161898681743242,0.282552837384095,0.231806723819444,0.244406148842626,0.154827432883055,0.140871807860262,0.188876392907438,0.196393667236572,0.237530603430529,0.219898021859514,0.108122814122682,0.199357619234169,0.256526959915765
"nouragensis",0.143193090621703,0.198116715494129,0.170061786702119,0.189623188705395,0.167966533414546,0.102877045099753,0.272707707836585,0.183281259652844,0.153115586000937,0.150382296117697,0.18447772436829,0.13949279438479,0.127463614633761,0.316742825442192,0.237422224853333,0.232406228136518,0.141859275816248,0.225204235588756,0.142751562266274,0.167607990547908,0.253927813959479,0.252228358148068,0.186000456807906,0.271727988356952,0.178393079588421,0.0522644888452005,0.0985636772195422,0.258109071255017,0.171930135932962,0.188548607314663,0.194750468384354,0.172634783426242,0.264845303715264,0.184687846817128,0.281189389943067,0.181102074090261,0.291368987265674,0.175086927722198,0.139682348042289,0.160585206107886,0.20052862190398,0.299732328302835,0.155336636977826,0.241167080982131,0.2320111208557,0.126468466498843,0.157778310623022,0.162003021690451,0.278503280157163,0.238613914801118,0.123329203941719,0.130414747930418,0.199725127544607,0.242469597789337,0.138579634105548,0.104232947327866,0.174717170454201,1,0.268049156408201,0.189324032002822,0.196578996661152,0.218985779330284,0.20236986641394,0.258653749893268,0.175306084775634,0.253797846054445,0.185385419192968,0.287860139586936,0.180915533133506,0.258361330528633,0.236709325460648,0.122504659497913,0.290926547042697,0.22956315145014,0.157194090396855,0.246951174989235,0.218820259341742,0.16405427392226,0.178773604440548,0.199833108145208,0.288118538684451,0.195331159675838,0.148929907727458,0.202522364022404,0.108807658355324,0.181725901454237,0.280656524678722,0.263756709406594,0.244747217945324,0.17384141126805,0.180279725473407,0.288609816432737,0.255594594535559,0.316213487397247,0.241625031931344,0.0916947847122935,0.19445801951037,0.227099691310822
"obidensis",0.140224269726377,0.208795438272435,0.186147648786287,0.215780153671854,0.267954221196084,0.112291629434416,0.243515048157435,0.181235847608891,0.177677747702303,0.368612925973299,0.307523856001797,0.239915191689708,0.205730029536372,0.250208715087502,0.186633605755865,0.264345045556217,0.165012474612994,0.232412520906132,0.151129519227741,0.194806435601338,0.254989808964695,0.193900651430723,0.168743818317496,0.286110899315123,0.173999121008752,0.16304882637965,0.0767343088668036,0.303396334801714,0.197864023691595,0.163240695183286,0.170437207770206,0.318338925943622,0.212750819995625,0.182972041294225,0.298873906598671,0.194813459844818,0.299191149818066,0.169692223199183,0.0859940896647225,0.143427454331776,0.297777629651146,0.298664590275731,0.164581342831535,0.232204185276399,0.215164250342532,0.194406171128793,0.291423103340258,0.214328246457151,0.401374952880871,0.312274370112003,0.132330981326787,0.124997753116687,0.190998057249472,0.235040511273301,0.170551437621447,0.11994233689403,0.221532647830367,0.268049156408201,1,0.254694087609462,0.191248527331474,0.237279059143921,0.177526149675308,0.245259019256787,0.206876356770922,0.286439106770407,0.166203418364444,0.245736195873758,0.171821434599953,0.268932625479363,0.359449137414181,0.152566818212752,0.331241978385654,0.224093329795994,0.127191771467383,0.236545462144081,0.15739687860851,0.175279445552135,0.148600563489676,0.170264516290083,0.222502351269466,0.282172229749197,0.164801046377599,0.186533838438932,0.133399671717158,0.186681890787258,0.288504713627474,0.260978277737005,0.213827632195761,0.272765714091411,0.119016595708845,0.369990603736108,0.247394614560155,0.293303995926201,0.238505069853757,0.232217511646029,0.156585550038164,0.308486873931104
"oerstediana",0.0916021710659295,0.168978415992807,0.157056713689881,0.189769779236365,0.127392799067252,0.0803080750378438,0.182948269517622,0.120710136589198,0.175817126822337,0.133306917237602,0.14699622958167,0.0824825492467188,0.10776404749224,0.193281970521497,0.142674297244136,0.235156939691377,0.163488799147199,0.171866494324785,0.107831768781452,0.215073338703718,0.143405162999708,0.189546707885379,0.175574465335352,0.279110319646722,0.124243568359558,0.0362658412932957,0.0549493529600538,0.260848836819601,0.136614158515888,0.128664949878608,0.125725931914097,0.119089356918773,0.148746797560727,0.120400478511904,0.133823182721756,0.188437102145485,0.178557979397298,0.159492542141706,0.062588333584951,0.126824398142657,0.132896348733018,0.228294402003365,0.140891820120242,0.14520245155801,0.208896557633233,0.237221958426089,0.10881915431353,0.284775698928027,0.287255669679803,0.128219880684829,0.121596453391199,0.13500718267556,0.163018914135047,0.202893150949646,0.144750754904922,0.103295002182912,0.24964719018299,0.189324032002822,0.254694087609462,1,0.144090919041013,0.158433451671764,0.134841601804748,0.238998467850652,0.229229078907667,0.238243594446104,0.142105664329987,0.192558545628655,0.149639122247847,0.231542753702652,0.186355274378244,0.171005098365805,0.317481284126883,0.190336820468474,0.0855030244689264,0.216549314090325,0.198542224667578,0.194029723216976,0.111796963680854,0.100282163414374,0.169420650998121,0.204243510219278,0.122763099718199,0.126331007608137,0.158164830473593,0.13967875774422,0.313746841922251,0.201602488498671,0.192848001364631,0.129302483324767,0.113627786127477,0.154412936145991,0.316619638338159,0.205217111628178,0.19177180926543,0.133467812805692,0.107115861412338,0.328459029521034
"paraensis",0.174417640117018,0.181449350828722,0.178444499932048,0.206666596115439,0.193021026582704,0.101963770571513,0.191505921737598,0.173363618760497,0.182017573891087,0.169219450210313,0.15648178091294,0.0902561316660242,0.133562341657204,0.213321150415371,0.180749722930269,0.146755380665711,0.160654122255675,0.22601887347076,0.136609073411598,0.16161649856454,0.186778902914496,0.200929840370559,0.200088052027949,0.178783507905818,0.139436500320777,0.0456989199714367,0.0959129783928428,0.169471278067651,0.17641605047286,0.181734957938627,0.156362041057202,0.151651151750828,0.198362287222964,0.145879954767164,0.136428837685736,0.156601258029179,0.16916871752382,0.16401711885342,0.0995350677474002,0.154659902278888,0.153314901027486,0.176514491133781,0.169206620017779,0.16174158967973,0.173907538063948,0.151223953532442,0.149160028939075,0.162248032138257,0.173931871927755,0.146149478033898,0.124418773533283,0.163563725497553,0.211070193179401,0.166150266491442,0.15044983270156,0.12732564748151,0.174485172309251,0.196578996661152,0.191248527331474,0.144090919041013,1,0.187643963073806,0.18107516976225,0.16123366558391,0.203478761140704,0.211195979038739,0.143100727864096,0.197174687769322,0.203402163726468,0.203215289013239,0.124639883637878,0.155428968518609,0.167503076365035,0.162097750283813,0.107567668439681,0.192243556109869,0.130465155653595,0.140826044773814,0.122412458989092,0.122792043808116,0.152035862620858,0.238241242666194,0.151977271671175,0.145693356324621,0.131190848684274,0.232838342687719,0.198310761936423,0.124613245059548,0.249654333661852,0.225381281714224,0.117558420980341,0.1446778586216,0.134556790072627,0.211000848712042,0.145896143049056,0.153112916107343,0.141115654521403,0.18658240352418
"pezizifera",0.159286755802707,0.237922881674195,0.186129955461783,0.289349938132758,0.178911754727191,0.131460241128248,0.245379759333495,0.179492435107818,0.171940405951216,0.151948055369357,0.168968383057505,0.0992867365636264,0.128746450041816,0.217736200976771,0.196437425302701,0.226398126464474,0.189801420772575,0.241370972689358,0.169657935461814,0.221277594248695,0.254621065156856,0.242583461999011,0.200852575807223,0.221619100188075,0.219120940926267,0.0440156994725749,0.0944482953865369,0.254408351787879,0.200308473438427,0.187670663247174,0.162021622377764,0.187970933871392,0.313658888861428,0.172445771190092,0.156416919176248,0.183822638782871,0.199344409558448,0.165601425173246,0.101776238736833,0.147119036411605,0.162248239484829,0.255013377558755,0.177611666108108,0.171685796714187,0.224594462465249,0.187966440320703,0.172769538216512,0.177204658500478,0.198192439220407,0.158374181700936,0.14058028772695,0.1295275522468,0.21457101453558,0.201444325807924,0.215636011181668,0.127952462625864,0.228246072363179,0.218985779330284,0.237279059143921,0.158433451671764,0.187643963073806,1,0.204801910409956,0.243498457239264,0.225943744827859,0.256736341916344,0.1960656681148,0.2702449175402,0.16730156393336,0.329318221239139,0.1821473485922,0.169626939171233,0.187676431772019,0.190549716661857,0.171583913263274,0.199977574702987,0.181178545188117,0.174039392198834,0.139186219946803,0.153240639428733,0.16949339094302,0.26334523520415,0.150210291161527,0.154732145014367,0.109213052819476,0.187593565770372,0.269193290521578,0.188088430942911,0.222850173312903,0.176248744420601,0.182890021212044,0.176844119144609,0.157198320108635,0.26198655113823,0.202937932946954,0.139208167665933,0.142212609803103,0.235151760828544
"pezizifera.aff",0.167617812187769,0.183733336840207,0.137944633570631,0.270932779315937,0.21535590269672,0.0730024441642573,0.185855007009491,0.151407911744874,0.191222842137241,0.136451424103597,0.155206927234352,0.157130301912404,0.144754190051677,0.166417857907865,0.192993818230191,0.149069172941385,0.143815604633936,0.195359797910004,0.136560211551623,0.194531993608248,0.159016993928168,0.133619904382217,0.159941893023617,0.239382085015147,0.12344707804333,0.0726859991291344,0.12867577305129,0.186439418174898,0.146860103418213,0.183256818740266,0.190847766108186,0.185397082121173,0.230188519308352,0.168886218174574,0.174313069474394,0.15568361031384,0.192879708964718,0.126890881246303,0.124702139949265,0.153111751369909,0.145075161448286,0.17781209838411,0.12191238284478,0.203171399710034,0.15374277471395,0.158471473098926,0.124124625767581,0.168886782134701,0.158361733497251,0.139104202384844,0.111417455604969,0.165525561743665,0.172733119489041,0.155753081770703,0.129834229476274,0.0962368475533446,0.159031615067285,0.20236986641394,0.177526149675308,0.134841601804748,0.18107516976225,0.204801910409956,1,0.129820706200948,0.202905224338459,0.241482861052913,0.213298310388307,0.211812425757813,0.228363977218471,0.226835353636852,0.168089371464104,0.0966836931111012,0.230778579477437,0.107438669631818,0.147413101033812,0.1845966367768,0.115945799839264,0.175058857014455,0.154214424508924,0.179037102017628,0.185262712804052,0.186318961007812,0.122001512799771,0.169749806501058,0.123404005805911,0.141359494392029,0.180110041379483,0.124536014180539,0.136434288565578,0.153826322212372,0.0785818241730075,0.140951389784119,0.132322224173753,0.160725721161745,0.140427034113185,0.125546293339083,0.165953406148316,0.238785660593115
"pitmanii",0.145623620335511,0.196272484150059,0.207284134985639,0.238826712728564,0.138552554104959,0.0899589426184346,0.222139417902841,0.164051117022447,0.170767204513161,0.145424050705006,0.191322578263663,0.0949972992034435,0.116270646086122,0.274998031982303,0.154328765337427,0.222118955589323,0.155793785025546,0.239644381736153,0.128209704370871,0.220818582688559,0.22166086135193,0.228752030913141,0.1803774009935,0.189815962145269,0.163750081387626,0.0325504849667887,0.0812163155205075,0.356018668598307,0.169529680060201,0.15610796620499,0.190926452355566,0.162833628144044,0.200586136724166,0.159056171374302,0.229039298295879,0.303822309870295,0.242080252436592,0.188102083340958,0.0712924852500944,0.115681753876082,0.235370031821022,0.367456391222789,0.171856171833227,0.193253787220568,0.235149431701812,0.166272765035141,0.158920380108152,0.187048967704898,0.428403530208848,0.219907825766032,0.132854832396151,0.111076765083732,0.195733818199158,0.240842477732564,0.175422135242364,0.12097572219615,0.237824890458313,0.258653749893268,0.245259019256787,0.238998467850652,0.16123366558391,0.243498457239264,0.129820706200948,1,0.187142866996601,0.232447141396359,0.151250399102523,0.255469670242225,0.163332687691967,0.257383187732595,0.303841442927078,0.154375987536851,0.227517494873771,0.426135982931608,0.129670823030529,0.269225853433606,0.166977530726263,0.227125763733351,0.205162397330087,0.20088936947069,0.286579175241354,0.215765910329128,0.128465175962496,0.217127454124579,0.120702662746968,0.174665159076232,0.281321742451201,0.301046035185438,0.317491772043929,0.160143457723447,0.143525693244774,0.261988522384514,0.243832015194359,0.405738120734833,0.321318058318495,0.0982313849970057,0.189445215190266,0.249180125103951
"poeppigiana",0.167370662419124,0.227490122324525,0.194207962283332,0.234729719068499,0.188148566247137,0.108760180475584,0.223334837576793,0.155549890395103,0.226984643565046,0.155603938772389,0.166647766213223,0.112486370946299,0.13545950987956,0.223852798833465,0.172221261597213,0.210470437344694,0.154105752473022,0.217398333557658,0.150358514575104,0.304932693252302,0.181701718990964,0.177158555725919,0.199928693049401,0.242690585525461,0.151412211006446,0.0566732093025429,0.0806531710841599,0.25593879006141,0.194672045585927,0.194707148206537,0.164446280185002,0.161396904403319,0.230622195268368,0.166447209187385,0.155659116167078,0.17025063865593,0.210218692314915,0.144622728524377,0.0932769394959837,0.174122383820358,0.168204425365356,0.206887538458585,0.164014955819667,0.195623247855215,0.201160139265013,0.221434059234745,0.146848716986822,0.2315934708466,0.211216804995556,0.148796577125527,0.144086029829717,0.187876002879701,0.215911674943475,0.196620167403628,0.142603986074333,0.117414653239932,0.22057657978709,0.175306084775634,0.206876356770922,0.229229078907667,0.203478761140704,0.225943744827859,0.202905224338459,0.187142866996601,1,0.287617151469467,0.22738739694033,0.27858361793245,0.213706901438204,0.261995488568807,0.162190648073443,0.135226416986992,0.226900436138817,0.155948029727325,0.11227112850189,0.213598638704714,0.159892415383132,0.175549032168209,0.124726945721536,0.125039960862962,0.189237652899076,0.23162698590036,0.168499736775168,0.138031840582828,0.200536765772226,0.197010410592456,0.313951240539884,0.146787966223297,0.162391801000561,0.164205970312589,0.114408548871897,0.183477045827928,0.192189058285411,0.185721782385184,0.190801886093367,0.124872151808985,0.149816660859713,0.280961653518224
"punctata",0.211989934373184,0.24465327280046,0.20732660532942,0.295652343336494,0.236723996274454,0.118006371896595,0.322325596654111,0.179919454320482,0.230088749337459,0.168660188869423,0.191151866348957,0.163536659041211,0.165613840179028,0.317958905443884,0.24651899002538,0.289405424393391,0.176958495193469,0.286077919123772,0.182352571009683,0.252849916041422,0.26287408104619,0.21990419935183,0.222418694500565,0.390371475116455,0.182300033234527,0.0648898853448771,0.121143915594413,0.290568275097057,0.227765079561623,0.24533174270866,0.235079032865913,0.22659029651598,0.325948358237732,0.22685953479974,0.183767853667661,0.237747829079184,0.278445604185866,0.169805226297723,0.116471175235021,0.199469620905436,0.187827558227473,0.289710192737789,0.183001491204101,0.2270217205326,0.267506192661546,0.209948687881494,0.182460262347903,0.270903898007594,0.263730173567119,0.184818291228897,0.157209519999137,0.176464225923829,0.237697535624651,0.272664248991173,0.208786502896419,0.142278797537778,0.26092315221421,0.253797846054445,0.286439106770407,0.238243594446104,0.211195979038739,0.256736341916344,0.241482861052913,0.232447141396359,0.287617151469467,1,0.22098307142352,0.31098129816686,0.218896978366698,0.332247223750744,0.212386948019964,0.137915449968429,0.286610826049186,0.172202542243723,0.146131097656377,0.227123206161658,0.174730801229042,0.205644684939241,0.18516485891101,0.180884004845901,0.239606417784243,0.290665501416989,0.168266481597359,0.160000717844513,0.158903623905957,0.23739972475116,0.295918036753959,0.238288629063985,0.224607635387531,0.17986436065902,0.133560485011654,0.211844466203182,0.191272387361968,0.233589045666179,0.206526339290624,0.149225579899567,0.172524214999357,0.321517594696422
"retinocarpa",0.135203604398703,0.173228681173033,0.124208285754109,0.160946407333421,0.168869250956587,0.0724999148419249,0.194533865634113,0.121233915957737,0.137011225569999,0.12330771752481,0.156889106562505,0.156288486719744,0.175422412706489,0.17290606810107,0.149664878067222,0.144248900574499,0.0996236727687216,0.184987124572505,0.130332802270238,0.179902881668757,0.145639959861266,0.15217426377907,0.152305083686424,0.227927864560846,0.140617429617731,0.0734598824534299,0.129574330113045,0.200048084731831,0.145800872324296,0.16206672049036,0.173123946775215,0.137184414446583,0.221181453264713,0.168678258171488,0.188396636333459,0.131569994023448,0.194475352242247,0.177348451048477,0.125464542884295,0.164526073013236,0.138351833261101,0.158237941543943,0.122415404685616,0.192814429258038,0.143129162804722,0.141916512562485,0.123567736968672,0.145378932402462,0.141616937744802,0.152532423586049,0.113740757217952,0.162752555713342,0.181546276407871,0.189601214005872,0.107754982447593,0.0877631936666016,0.142034632859782,0.185385419192968,0.166203418364444,0.142105664329987,0.143100727864096,0.1960656681148,0.213298310388307,0.151250399102523,0.22738739694033,0.22098307142352,1,0.225897170455308,0.158481835224108,0.190738329306784,0.181322288289056,0.169979011579971,0.227717238450431,0.154756268097271,0.0969830039261107,0.180839205690356,0.0998800527433844,0.130478172766836,0.19988415396045,0.205342337906224,0.180701270704005,0.17013810164883,0.112025760863694,0.192503062734869,0.140799845948892,0.112103039552469,0.167230320280183,0.127297431571461,0.132788353988654,0.113710966517141,0.0745760604113984,0.205962844725932,0.124659173936412,0.13474202286459,0.132714214493653,0.0855857464156025,0.163553322825054,0.205988116045141
"rubiginosa",0.198657250858517,0.276318643593233,0.160950563018993,0.249353077370508,0.212923716606625,0.154721060775746,0.292691747762952,0.191741799263941,0.194815467159146,0.160444105986057,0.218878273473647,0.1361110802257,0.133048994814479,0.270263798807484,0.217055867876416,0.206091143367581,0.195120853927769,0.284858032141524,0.181439069337503,0.23616622177142,0.250573180107001,0.214400006854521,0.216761940696959,0.294647027990956,0.192849078019946,0.0570315571888196,0.109156683857965,0.274694687852741,0.193410622055895,0.191210644786345,0.235436051377588,0.170901187655339,0.364184573670108,0.192380923800526,0.241825986994466,0.210354346853192,0.277559151481642,0.166309714000984,0.129225258894543,0.195190250181329,0.216037517128447,0.306993257274121,0.172557573066529,0.280590095746807,0.233687036519349,0.143601577031978,0.155685330557893,0.218925518464456,0.279717393833596,0.209676865438614,0.174766780079232,0.16832104089693,0.291943085002915,0.214633158100044,0.161879817350338,0.118491939709267,0.214169481026536,0.287860139586936,0.245736195873758,0.192558545628655,0.197174687769322,0.2702449175402,0.211812425757813,0.255469670242225,0.27858361793245,0.31098129816686,0.225897170455308,1,0.203353658136753,0.325515998821657,0.238178478941076,0.143730274836357,0.283571506935635,0.202135175895201,0.151597201046083,0.295680080979647,0.18107573387443,0.161696525084007,0.18937447010788,0.212752058753413,0.281114280560233,0.238202630506421,0.172118068068208,0.178713509253748,0.122631771731788,0.228702191195662,0.302003028826013,0.214383759161017,0.226099346476483,0.209523712371256,0.145960084090053,0.256041278711259,0.200531303830509,0.273008728508653,0.23438285362974,0.113854063648481,0.2085026283551,0.274556177369148
"ruiziana",0.143306875608694,0.188128664317369,0.160759467277041,0.201132315828918,0.191315216321555,0.112414575437684,0.183638596915626,0.142934465549411,0.219981387426021,0.164627270214444,0.145469866837886,0.117477728549426,0.126090690445455,0.19743137528876,0.182717531146717,0.15769905618154,0.169126984915898,0.176529291477283,0.141462408429813,0.177853259231772,0.158935967957955,0.158927182505432,0.165243051039158,0.194779886406005,0.142512359084407,0.0637645669047025,0.145546768713577,0.168137507750576,0.164705491720535,0.152607573055827,0.18997050425447,0.202327133992848,0.197978830189843,0.162740939463327,0.140155259745085,0.139167964911197,0.196723728449865,0.137083171432782,0.115069805392059,0.18650537607899,0.178030291071372,0.178576406970688,0.150690519027425,0.182511519838008,0.159083391989124,0.129299110288342,0.124311360756049,0.19649807165756,0.160684929734286,0.158345669504733,0.125728915643212,0.171038110837734,0.178431235710196,0.173172537589639,0.140549879813198,0.1042140429677,0.218801945019696,0.180915533133506,0.171821434599953,0.149639122247847,0.203402163726468,0.16730156393336,0.228363977218471,0.163332687691967,0.213706901438204,0.218896978366698,0.158481835224108,0.203353658136753,1,0.213503736602254,0.140856170920823,0.0926519479717324,0.196374181414443,0.121581585536709,0.102623574834159,0.175883292099493,0.141401981277749,0.122312954286875,0.129445329542635,0.133460972156351,0.184175229880811,0.175942199053173,0.176935241528776,0.141875105096259,0.114840009740651,0.159852968073479,0.202507472119529,0.119259877119087,0.14508548209763,0.145190454889392,0.104198064787801,0.157667433556851,0.146609098862878,0.14429692482778,0.1445560449631,0.104476163164098,0.150826928838502,0.197523137384917
"sapindoides",0.165000204589583,0.299068077130716,0.219118888816738,0.322209514141668,0.183417963059271,0.129482535016709,0.306694849719543,0.208442276891793,0.227740590174172,0.160875787395528,0.20843985741176,0.1291193136563,0.124469382962462,0.266436351642491,0.20228900870873,0.259971051976745,0.20740910241873,0.290614000017905,0.180157229458903,0.244472284384301,0.26789051922643,0.234262648815454,0.230167579375402,0.279537090518487,0.182328625437986,0.050494613576202,0.0914674620970225,0.286944363735208,0.20309099893904,0.227517513163525,0.189037826591262,0.202597877190966,0.311284235653369,0.225186476679933,0.161495837630849,0.223672407239379,0.259634858905683,0.163450664422498,0.0921947803465564,0.155726144612095,0.196518064753913,0.29340692972967,0.175171182739807,0.211971811039156,0.266366640868385,0.187621620098533,0.170334802020711,0.234880015787963,0.259683583460217,0.174300276714184,0.150364189857274,0.149407585969502,0.25830820124826,0.23216903463058,0.184716994909591,0.14426006422534,0.249993002642935,0.258361330528633,0.268932625479363,0.231542753702652,0.203215289013239,0.329318221239139,0.226835353636852,0.257383187732595,0.261995488568807,0.332247223750744,0.190738329306784,0.325515998821657,0.213503736602254,1,0.205820757591083,0.173229785936029,0.250924970138363,0.195277349908153,0.158081098147482,0.335499057810034,0.169384870562491,0.218473945067349,0.140601204276808,0.195917288599085,0.206679715052641,0.279216437501075,0.160876129701938,0.16268203097273,0.151906112365998,0.233792803984565,0.34900351943185,0.210041873992352,0.230923476867096,0.229557260915354,0.144241972663438,0.214601453060813,0.211076358332734,0.291884737951794,0.231872092131461,0.117419066938578,0.182782312995414,0.323508156389637
"sertulifera",0.103867074961887,0.158193780956857,0.155218719643785,0.211888987098182,0.226409748991637,0.0714537934220313,0.207713345524162,0.117952003369954,0.158195893852803,0.299837038871559,0.398172547998137,0.249326736116506,0.209117501161589,0.25602157471562,0.118572140771865,0.201983903180887,0.115201075387241,0.185142450864048,0.116455859288823,0.179595743863301,0.17396638275358,0.195335010511414,0.150301332191686,0.1988265459813,0.123517031294017,0.190676038892607,0.0629481923517104,0.320672274118971,0.142059269217595,0.13226112701623,0.172297315644576,0.344728371050569,0.174550608414329,0.1564810075661,0.455739950076573,0.27907114123348,0.240122586078035,0.182347539315738,0.0826574556605644,0.104706269289496,0.395747938538439,0.31789007721765,0.110088784570881,0.207390569887364,0.196838816400344,0.146318784942453,0.33088131964178,0.159314267497122,0.457294215380883,0.38355312522712,0.0916964841602256,0.0970905209650655,0.144188200053064,0.217228780512512,0.126429627889621,0.0960070894925873,0.180237580096683,0.236709325460648,0.359449137414181,0.186355274378244,0.124639883637878,0.1821473485922,0.168089371464104,0.303841442927078,0.162190648073443,0.212386948019964,0.181322288289056,0.238178478941076,0.140856170920823,0.205820757591083,1,0.131392089576069,0.247695100030988,0.298608771158699,0.0974247121237389,0.256716561411954,0.136228700449949,0.180202532451219,0.216078602250448,0.206119416243441,0.248273364860273,0.199967313175289,0.106261067756554,0.238845520765478,0.119868505398873,0.139051863823819,0.229855378333067,0.214995998598116,0.237086280777798,0.246531418846858,0.100969858454185,0.444545682984158,0.201022744067668,0.29877333658843,0.264220985263219,0.283637442926881,0.216900037395027,0.253789247956118
"setosa",0.111755230885839,0.127692808384214,0.143335280561287,0.168019158892135,0.0982288274337874,0.0755270234299524,0.136182885106823,0.11618932382844,0.121444986079775,0.106023661396709,0.128968574962393,0.0585844630770701,0.0625555141547477,0.126905759220785,0.106942998386521,0.159772757326752,0.16970535430852,0.115065143681459,0.100674128879633,0.141381732547759,0.155459303027171,0.181446891098357,0.123459748372359,0.129827572836217,0.136076344296508,0.0301091490489212,0.0472455391384809,0.156504712166974,0.126298331646273,0.11737641161775,0.112886856277712,0.123347327491683,0.137747644416368,0.140469622671295,0.08008448051908,0.118197694201395,0.126680973954974,0.18728600718099,0.0593151002184073,0.103471854609758,0.106911998195907,0.145608269716702,0.112358287993885,0.111251363226991,0.153640350367831,0.109295391461082,0.102531620568582,0.106105222403062,0.145432943688257,0.0846383162573967,0.121999356564999,0.108585033835759,0.145449813876146,0.183735408337377,0.125732872288137,0.105825522583162,0.166014196026796,0.122504659497913,0.152566818212752,0.171005098365805,0.155428968518609,0.169626939171233,0.0966836931111012,0.154375987536851,0.135226416986992,0.137915449968429,0.169979011579971,0.143730274836357,0.0926519479717324,0.173229785936029,0.131392089576069,1,0.133300742314121,0.211006962784804,0.397908266910739,0.148435467549787,0.0847374455626549,0.137994978168905,0.0697102205059976,0.0818826530814674,0.099842272712829,0.160902367584084,0.0884481016688876,0.137401245000524,0.0616339584059094,0.114953379697261,0.158136957128172,0.133552590664344,0.107117516107985,0.118451554955111,0.101992352815295,0.17528283641396,0.116849873851001,0.164828666132575,0.140569286960652,0.077662311305233,0.0892615514597153,0.152871144299747
"spectabilis",0.152686065603876,0.199839318690741,0.16209963975604,0.200798027707003,0.211231614511205,0.0857848594446131,0.346128922798305,0.174217892409303,0.191226428418487,0.140611229899686,0.176831808459969,0.330767935859084,0.156818216819618,0.260666780755783,0.216034706817874,0.241061851575741,0.150721435781346,0.225501171715754,0.159718228081663,0.197845267466256,0.241907625453051,0.180858032252344,0.17786626125803,0.425016247766725,0.143900794773617,0.0955537485854069,0.294739652903435,0.301398559046529,0.160323861422726,0.150818399612297,0.320979809049785,0.171376991814251,0.287951820873069,0.200678570164288,0.277228168225418,0.176321949682613,0.277687097223461,0.171696903214011,0.1392417701558,0.174862743394072,0.217568762638529,0.254602412693937,0.149804316002456,0.331076192799075,0.211911912662966,0.171502477094317,0.162596591484801,0.264573287906556,0.278181242895348,0.188069109210242,0.119603860456719,0.189446801494105,0.187140270358006,0.243860320824273,0.148986494265983,0.110475606600095,0.211367637175385,0.290926547042697,0.331241978385654,0.317481284126883,0.167503076365035,0.187676431772019,0.230778579477437,0.227517494873771,0.226900436138817,0.286610826049186,0.227717238450431,0.283571506935635,0.196374181414443,0.250924970138363,0.247695100030988,0.133300742314121,1,0.205577956413535,0.124517210425878,0.301788527150448,0.125357883462185,0.197938338598178,0.246128873692916,0.249498145140733,0.422063243909947,0.211151441093129,0.12589275676622,0.21210213554354,0.166262454651433,0.167157853920213,0.318117879352543,0.199819575373719,0.171236301943533,0.158863666833972,0.112785839091879,0.249682545179921,0.251989050874892,0.228378678129557,0.209277617209945,0.100475955984387,0.207675615261905,0.40850854520639
"splendens",0.116335374355618,0.160881762350693,0.191890891330126,0.201597979452253,0.11543080668713,0.0856705525060627,0.154248457886087,0.129485617198676,0.151304605103435,0.132132963340254,0.158848827697381,0.0774260072743521,0.0745234059841299,0.257272516913839,0.121534962577213,0.230983919562806,0.129212139731714,0.16964496774165,0.132115584854617,0.142028551742475,0.211208739514731,0.195301504014886,0.152940806196314,0.17893033366843,0.128517612639847,0.033220154661292,0.0522279218203169,0.307572862705256,0.145095346070447,0.125360485244231,0.165472694193411,0.164035196036694,0.154462582916461,0.122710832906797,0.202979531881829,0.307315647100966,0.198677126761785,0.219259203359412,0.0760033501733419,0.111951532721037,0.180359835308105,0.306799193799753,0.141538473397825,0.158970266605737,0.176612016136552,0.18754368411323,0.141052486080776,0.162812562215954,0.340039922007534,0.163029810737146,0.101886079331846,0.110884825115968,0.154442499117149,0.234481312811235,0.142031670892859,0.0919476634076385,0.264544968542711,0.22956315145014,0.224093329795994,0.190336820468474,0.162097750283813,0.190549716661857,0.107438669631818,0.426135982931608,0.155948029727325,0.172202542243723,0.154756268097271,0.202135175895201,0.121581585536709,0.195277349908153,0.298608771158699,0.211006962784804,0.205577956413535,1,0.0992717746546553,0.241091721434318,0.130889426959237,0.202276206919047,0.144741675532086,0.177498719051141,0.270039467187296,0.206170766869979,0.112479609440506,0.197668459097623,0.095183542197116,0.138420586731803,0.240856616451346,0.297198406299666,0.35074946212794,0.124866505421415,0.11525794359546,0.276986092694516,0.205579371469948,0.373224811702329,0.279244220375935,0.0830002526099155,0.205157466974714,0.205177066720398
"stipularis",0.116217317399801,0.133377768895485,0.121722497793574,0.13655294584786,0.10496630019917,0.0933358220390567,0.133189860257834,0.119936728509393,0.122442066928276,0.0787434278672937,0.13651390891194,0.0629548623095467,0.0721811024800882,0.126743337694624,0.137720829239739,0.122008011101295,0.141153999708999,0.130772220624719,0.0827130423413104,0.160237902787858,0.150320259086728,0.116550129059503,0.119767935281895,0.110215878186102,0.112089698021528,0.0328686992348416,0.0529569496086153,0.132798634760672,0.105166134196471,0.122125462319836,0.112542721152421,0.101208093872798,0.146200343183969,0.126343301893916,0.0874155930271557,0.101995931359294,0.126913542676645,0.0975050240578599,0.056427331235637,0.0912488737887478,0.139768036706411,0.159740290573946,0.0919514206525326,0.109433640908883,0.146167049104891,0.0984977053530211,0.0898220569609128,0.10885920267826,0.124950030836927,0.0900130504596997,0.101190645581997,0.0837368266027746,0.146623172025689,0.133496490782758,0.121643902918254,0.100800348043821,0.115735802154744,0.157194090396855,0.127191771467383,0.0855030244689264,0.107567668439681,0.171583913263274,0.147413101033812,0.129670823030529,0.11227112850189,0.146131097656377,0.0969830039261107,0.151597201046083,0.102623574834159,0.158081098147482,0.0974247121237389,0.397908266910739,0.124517210425878,0.0992717746546553,1,0.106754087550291,0.109523242810691,0.0980565208520127,0.0654233053682997,0.085458165543827,0.107942695013326,0.141024331506498,0.0864964358397967,0.117330052644757,0.0629702890622027,0.116243800988021,0.16089404657977,0.14529659952024,0.1076172431972,0.124910250928223,0.0919634354553886,0.109328380237459,0.093171548624927,0.1488982663784,0.128915460927361,0.0725451517111768,0.0923392739869659,0.138244158443516
"striata",0.126479609676501,0.230592473598709,0.176805228600809,0.204568692479971,0.151946957603852,0.087445678388341,0.215559783007507,0.151871758483785,0.161278449199137,0.136678739308596,0.16844098342317,0.11484583475418,0.119329215167301,0.240766949360127,0.17102328904819,0.232435695260847,0.155884450054574,0.328358743423528,0.175959083771602,0.211685198837697,0.222082757262462,0.19754060205715,0.184435033008115,0.273077772882856,0.120247134872351,0.0485318181313413,0.0840415662377239,0.280941049265178,0.173490693954405,0.137205278176822,0.210475190992353,0.167578877442408,0.221915036908048,0.172506525529225,0.220796460479671,0.246522422435985,0.244693934543729,0.155690879617412,0.0887331554173517,0.131431690474289,0.247398919617837,0.284107222269018,0.122436751176455,0.219660386716473,0.203401200108353,0.160882013738726,0.161711167414932,0.206438919419406,0.285816769684237,0.194216084966768,0.122263588771962,0.149835309473757,0.16910697870687,0.182646497062381,0.13199967446296,0.12358119043124,0.226858929968926,0.246951174989235,0.236545462144081,0.216549314090325,0.192243556109869,0.199977574702987,0.1845966367768,0.269225853433606,0.213598638704714,0.227123206161658,0.180839205690356,0.295680080979647,0.175883292099493,0.335499057810034,0.256716561411954,0.148435467549787,0.301788527150448,0.241091721434318,0.106754087550291,1,0.118892713684956,0.170931857215599,0.201062465637544,0.202706437456818,0.239324652067726,0.199024515360283,0.123885036367828,0.204014329132653,0.15540220592291,0.157779862580963,0.312885803534028,0.215007223224936,0.202245423668652,0.152095397295305,0.102142341421415,0.223891654141172,0.209736448401459,0.267060238076749,0.239009569983191,0.0964807793588375,0.229783008251515,0.337021242055236
"suaveolens",0.101065855551649,0.143314731823644,0.156706130963745,0.148713800097387,0.149519172167107,0.11596016066966,0.15702907706123,0.113355662644613,0.153560790905235,0.212896398547407,0.160620759227328,0.0744410286789439,0.0943046480959234,0.176207643411409,0.108413885886431,0.149245851037128,0.107341992069867,0.138712102371901,0.0927573983418855,0.14050162782989,0.113800621044889,0.259086249061234,0.136772564745239,0.144822675286041,0.223446225034064,0.0302469129466734,0.0530986151889274,0.156128097707419,0.151786166668184,0.128508545660057,0.116632663261843,0.125092584144027,0.144902182912858,0.102599610634145,0.115487980162368,0.17393604384296,0.165404685330375,0.144145044117135,0.121787046229185,0.150288261625292,0.131381702414633,0.194939428121143,0.160388310357743,0.132358409956301,0.190495430119308,0.172310821526637,0.105332567595233,0.172031489743211,0.156321457376425,0.133771480654093,0.134523059756554,0.118926905949782,0.139582568682417,0.163794172669595,0.14393592292386,0.0916733307501768,0.162598520631654,0.218820259341742,0.15739687860851,0.198542224667578,0.130465155653595,0.181178545188117,0.115945799839264,0.166977530726263,0.159892415383132,0.174730801229042,0.0998800527433844,0.18107573387443,0.141401981277749,0.169384870562491,0.136228700449949,0.0847374455626549,0.125357883462185,0.130889426959237,0.109523242810691,0.118892713684956,1,0.139203188925209,0.0976575882748052,0.0882642429848002,0.142567534875709,0.17976139967747,0.196176937935422,0.10885366914704,0.101928830453532,0.134774223672746,0.184535872116803,0.168985202860833,0.262557547772715,0.119631698001982,0.28677136981381,0.136237841481302,0.166834378197535,0.193651461383629,0.157994077380246,0.146432783506262,0.126010576608101,0.1431043782545
"subcapitata",0.127619634915052,0.15002022805001,0.236357588263754,0.252381966182459,0.120247696375076,0.0777632341516883,0.172537434928416,0.115801653885906,0.129575472672016,0.123436005096456,0.170110564448341,0.0852415924871679,0.091102271214192,0.166915507411533,0.13045620918893,0.197103308219797,0.121837978799878,0.191412246831166,0.112821417877058,0.182463518895831,0.158619485453938,0.21329810837098,0.193416069464695,0.203459458246123,0.128541557452815,0.0346396782965056,0.0475075568559167,0.266155642982437,0.175813015081868,0.175068441329272,0.146247253166035,0.13741872915371,0.17139274537663,0.128375743111721,0.131201920958149,0.261124309794387,0.171560765719735,0.166985326178177,0.0644302478525257,0.10017414503701,0.162101728868595,0.294094103321195,0.123563018600512,0.150860432987496,0.269847621376327,0.152341035322049,0.154102915732215,0.220577925455155,0.234819731155085,0.147599986480724,0.131154769058278,0.130882783724185,0.140228533205774,0.181690839381671,0.183231792309107,0.109702962248193,0.247068590463472,0.16405427392226,0.175279445552135,0.194029723216976,0.140826044773814,0.174039392198834,0.175058857014455,0.227125763733351,0.175549032168209,0.205644684939241,0.130478172766836,0.161696525084007,0.122312954286875,0.218473945067349,0.180202532451219,0.137994978168905,0.197938338598178,0.202276206919047,0.0980565208520127,0.170931857215599,0.139203188925209,1,0.125362357195035,0.100643177982356,0.148824836531186,0.188577156065402,0.0911026429379265,0.150294911590745,0.113975043269661,0.155101835680403,0.245641246428391,0.206343936415528,0.2142280951407,0.116546785815624,0.113082669633391,0.191308812823837,0.209561616595748,0.277966018455545,0.248124049268534,0.0984584820609883,0.133994860659992,0.237825284658649
"T18",0.113698700038171,0.126210235518679,0.110481587581965,0.174354730367603,0.169115018362615,0.0563857867332769,0.200600031952728,0.105792539406998,0.112935004491121,0.109225800400099,0.175447968422543,0.230854043901053,0.16641765159935,0.191863775981632,0.135755676128621,0.124096488585125,0.0835254205903949,0.159627020800759,0.11636343673499,0.132871131919189,0.142658356755136,0.149151812017872,0.109317894923647,0.188955683365578,0.0943207389413364,0.109634476604125,0.193812327143409,0.189947708936672,0.120728690853451,0.10385999229092,0.200799485467887,0.115648523000032,0.180940991235711,0.124795211631096,0.261504257983991,0.245499806430543,0.186371259104774,0.114957331843837,0.182984014321276,0.129974080767374,0.172426397196473,0.195880088185629,0.112843894648238,0.232446700855195,0.123941593257556,0.0963207190101397,0.153061158948374,0.128726106950063,0.169917995691984,0.21909776148369,0.0897964045260204,0.131458838249518,0.117897256183372,0.128136484875233,0.0911774297721953,0.0751632971767408,0.15457934756841,0.178773604440548,0.148600563489676,0.111796963680854,0.122412458989092,0.139186219946803,0.154214424508924,0.205162397330087,0.124726945721536,0.18516485891101,0.19988415396045,0.18937447010788,0.129445329542635,0.140601204276808,0.216078602250448,0.0697102205059976,0.246128873692916,0.144741675532086,0.0654233053682997,0.201062465637544,0.0976575882748052,0.125362357195035,1,0.297199378184507,0.26013334541193,0.125491173711927,0.0996883382453788,0.20247141516484,0.11321937344354,0.109466053032742,0.161045687054853,0.19565200510346,0.186528737169146,0.11015061756373,0.078392379777228,0.153119857453377,0.110057943629391,0.164997963766135,0.176793818423191,0.0647061285080476,0.307935062401609,0.167605491392648
"T21",0.151746129235581,0.152699861834731,0.0974256724759283,0.144017649694055,0.172461398483088,0.0637812313730475,0.203230581235288,0.126891428504867,0.108891235874606,0.108769591239183,0.126607111385747,0.231234634213883,0.161827658037316,0.199919145788221,0.152390860232093,0.121067411563736,0.107532392640706,0.173462018133862,0.112176683708592,0.126624189959416,0.147289467854066,0.126956069883731,0.118444054069295,0.268317335754385,0.133885776394635,0.0923222402804457,0.168087438144888,0.198818067987455,0.115630583432214,0.12405662639221,0.206998446587642,0.11509644728653,0.208826201944451,0.1426069828161,0.249161551243613,0.183531577460521,0.189352785218087,0.123889460289345,0.157995224101612,0.155945975376876,0.159361701842057,0.20862696068688,0.110198458415892,0.222558340982952,0.118278343489856,0.0817296366309582,0.12630672205118,0.122843086468518,0.200859608948144,0.161247894144047,0.092688568728722,0.129737828637637,0.122489491330847,0.129729187729775,0.1069439059084,0.077343679773122,0.148909068990551,0.199833108145208,0.170264516290083,0.100282163414374,0.122792043808116,0.153240639428733,0.179037102017628,0.20088936947069,0.125039960862962,0.180884004845901,0.205342337906224,0.212752058753413,0.133460972156351,0.195917288599085,0.206119416243441,0.0818826530814674,0.249498145140733,0.177498719051141,0.085458165543827,0.202706437456818,0.0882642429848002,0.100643177982356,0.297199378184507,1,0.262024632537292,0.157556924162499,0.107004785391143,0.143971632063953,0.0853864352326522,0.12608463059714,0.158180034399621,0.156263148898653,0.171174199212363,0.14833346181527,0.0712306051472404,0.174636752011227,0.109534353149628,0.21178444389381,0.176118966772755,0.0713772517492694,0.215716210129753,0.174353112469143
"T29",0.170902478143176,0.175032107783205,0.154693624600414,0.187765921411117,0.186168724488224,0.087504319705321,0.334696380683594,0.194316711747375,0.166092358988933,0.149388672393796,0.153697726324776,0.303166068107827,0.151867458373441,0.358110887024684,0.180602454360401,0.198371972881259,0.131174018261575,0.234833105067509,0.153577212523215,0.165174576795515,0.202791666834123,0.195579420730747,0.169036320167705,0.323670040452921,0.146245686111412,0.0929761046045043,0.291791794446225,0.265918158595023,0.198724805709579,0.142690291221685,0.291656524396667,0.17251229756414,0.283796460067128,0.166643858862871,0.259129258404576,0.221162003464711,0.271566648734643,0.1469639157914,0.127123786044755,0.185123659790912,0.22436713577578,0.273579683054361,0.146980058081041,0.302589701685152,0.168005566996235,0.122885802777473,0.133336212361224,0.206528666615559,0.306016241975891,0.198595832487111,0.115173785679668,0.183115885314631,0.170515645463094,0.196916600964704,0.131252976897426,0.100190861188235,0.162289693606776,0.288118538684451,0.222502351269466,0.169420650998121,0.152035862620858,0.16949339094302,0.185262712804052,0.286579175241354,0.189237652899076,0.239606417784243,0.180701270704005,0.281114280560233,0.184175229880811,0.206679715052641,0.248273364860273,0.099842272712829,0.422063243909947,0.270039467187296,0.107942695013326,0.239324652067726,0.142567534875709,0.148824836531186,0.26013334541193,0.262024632537292,1,0.214542249341523,0.133504304323429,0.168825627755093,0.104454567219013,0.184347858441321,0.267164151532373,0.245955782792789,0.21984702203227,0.159059638245724,0.115993456906535,0.23502176158168,0.210486626639484,0.28830330704644,0.224329077595739,0.0960870084745883,0.235645797599424,0.264314199266014
"T50",0.169968418723894,0.222361360326722,0.253571824298788,0.255168606345076,0.233942875464489,0.104361390078826,0.276003931572607,0.176274340171617,0.206996196309605,0.206528630797899,0.218925539805181,0.149912068300627,0.149753686472936,0.253001984086404,0.204782883097977,0.276652809088251,0.200615453896421,0.24168051886026,0.156163462525585,0.224887277326621,0.2448582786231,0.226468585042217,0.211584082852692,0.254487035972092,0.18818748964903,0.0728959650207568,0.0888178383471567,0.228387587931945,0.226528210487474,0.233227521919225,0.170203349371191,0.253915589063589,0.255468420617658,0.198945293266599,0.17209774643225,0.24567842520599,0.249191906658454,0.188328207194929,0.0900983696086518,0.151933673718342,0.207596394510993,0.264566472456471,0.194099047378165,0.190170376928657,0.210619274865209,0.255382160772113,0.189787213735299,0.23447831647849,0.255617068249424,0.182638291259685,0.162167142462603,0.167776240951274,0.204433636359025,0.264817678228209,0.195893035661431,0.149769196187517,0.239939770668715,0.195331159675838,0.282172229749197,0.204243510219278,0.238241242666194,0.26334523520415,0.186318961007812,0.215765910329128,0.23162698590036,0.290665501416989,0.17013810164883,0.238202630506421,0.175942199053173,0.279216437501075,0.199967313175289,0.160902367584084,0.211151441093129,0.206170766869979,0.141024331506498,0.199024515360283,0.17976139967747,0.188577156065402,0.125491173711927,0.157556924162499,0.214542249341523,1,0.174624920227525,0.160599854311013,0.116101914625306,0.218419948809106,0.264976794730717,0.239965205268088,0.280494633183091,0.250143214430501,0.155183102121004,0.232188101647367,0.191167566267297,0.280401058983747,0.240515716913964,0.17227682744447,0.154314218482717,0.261097404814436
"T51",0.116303666371886,0.164504798270733,0.127243967314474,0.134775846919385,0.195002165575133,0.0989949164680773,0.141376134437388,0.126790771490603,0.111382929507689,0.260510884589572,0.146334854672406,0.102641477310679,0.0844093552942385,0.175621746329205,0.13071158632862,0.131382087688223,0.114682077962467,0.163359698273613,0.11999225801784,0.149994531128348,0.124205445196141,0.181802603567217,0.132864158459175,0.141554633908564,0.176840141225901,0.039963935736114,0.064298149210551,0.11945696103304,0.168214491414927,0.136252429225035,0.105257040657763,0.121430094158288,0.163501068487442,0.143792808046986,0.0985930919048397,0.107921014654211,0.185762639722705,0.126521931663768,0.115604334641161,0.142887020674667,0.122790869032116,0.197448016505369,0.168959993594213,0.118512058990284,0.133799644112641,0.127400662650104,0.0927266625465132,0.165280403131647,0.122240376398104,0.165958678496607,0.112030038029381,0.108476358680267,0.134979618692289,0.157722347761289,0.12790421667871,0.113297495087349,0.121218937287794,0.148929907727458,0.164801046377599,0.122763099718199,0.151977271671175,0.150210291161527,0.122001512799771,0.128465175962496,0.168499736775168,0.168266481597359,0.112025760863694,0.172118068068208,0.176935241528776,0.160876129701938,0.106261067756554,0.0884481016688876,0.12589275676622,0.112479609440506,0.0864964358397967,0.123885036367828,0.196176937935422,0.0911026429379265,0.0996883382453788,0.107004785391143,0.133504304323429,0.174624920227525,1,0.121970054618609,0.0898422301799505,0.133047052068373,0.134830524407686,0.137181311178285,0.163599540555509,0.141791950486111,0.16886671645194,0.122762730756245,0.135648608291031,0.147856472680608,0.115046924870918,0.0827630691082832,0.10775329559053,0.142521651615813
"T82",0.113484489396614,0.167835845936897,0.137652680894998,0.190515115362792,0.162746056069577,0.0752090948165551,0.177083586183668,0.171166714271931,0.119860868288264,0.119514314762812,0.144104131302932,0.100666876876646,0.117185922390374,0.184635777432285,0.157930212076828,0.156270053639817,0.123112503232539,0.214384924956668,0.116365549729853,0.155496077832376,0.168587741149931,0.133726440635823,0.125842721046528,0.187018110049758,0.107284090224975,0.0527158140458916,0.0772236403890603,0.247547292729572,0.152828372841414,0.136245039985413,0.175918364899974,0.138193467884396,0.194265603254792,0.156269076211234,0.20318004437303,0.21280976656733,0.185030695280114,0.211150955646372,0.090666449745592,0.120175063891582,0.212487046122651,0.256009550887933,0.0934792784282194,0.177659599393746,0.146913040005226,0.103964248524659,0.150245167301104,0.124483035155561,0.205976249565414,0.244194063662143,0.122378333587261,0.126976288729039,0.136182283369126,0.25517395635009,0.120968139139472,0.110246635423949,0.178517764364419,0.202522364022404,0.186533838438932,0.126331007608137,0.145693356324621,0.154732145014367,0.169749806501058,0.217127454124579,0.138031840582828,0.160000717844513,0.192503062734869,0.178713509253748,0.141875105096259,0.16268203097273,0.238845520765478,0.137401245000524,0.21210213554354,0.197668459097623,0.117330052644757,0.204014329132653,0.10885366914704,0.150294911590745,0.20247141516484,0.143971632063953,0.168825627755093,0.160599854311013,0.121970054618609,1,0.100752740921999,0.150890964068814,0.193981580520781,0.216729113854151,0.224368497426903,0.142782978812524,0.0857408861834969,0.245402844181058,0.155278301305227,0.237164443591958,0.218245364120246,0.0908366077576968,0.213076261668235,0.177796280807183
"T85",0.0694507495415466,0.114472569644033,0.13146171597359,0.128092409390123,0.130880959186511,0.0553478886599358,0.127290118357553,0.0890405871319536,0.0986103802739935,0.0962351605896738,0.10342643076644,0.0966352560443157,0.0953925044652804,0.134613027864764,0.0894450033776949,0.136609002147673,0.0861081856982927,0.122887098232275,0.102761571074126,0.170570422681005,0.0986827962112452,0.103676928944438,0.101927602992542,0.167153388744705,0.0731009444132348,0.0416462713336794,0.0561920508128615,0.158852752974409,0.10224442485902,0.0972781928487441,0.101460676954537,0.0943464725724651,0.108709123885869,0.0955331926898625,0.0992582550751514,0.100265819473643,0.120581921233973,0.0813943882995569,0.0630734237840459,0.0827659163179882,0.0955050747168689,0.127892006625902,0.0925754084948532,0.115222205319039,0.122237585264767,0.130651956776964,0.102607564924037,0.153069310478055,0.13386548511429,0.102181678799592,0.0723411961130419,0.110527867776202,0.112377745922217,0.110016130270895,0.0879179430306383,0.0892880012335424,0.141716554486965,0.108807658355324,0.133399671717158,0.158164830473593,0.131190848684274,0.109213052819476,0.123404005805911,0.120702662746968,0.200536765772226,0.158903623905957,0.140799845948892,0.122631771731788,0.114840009740651,0.151906112365998,0.119868505398873,0.0616339584059094,0.166262454651433,0.095183542197116,0.0629702890622027,0.15540220592291,0.101928830453532,0.113975043269661,0.11321937344354,0.0853864352326522,0.104454567219013,0.116101914625306,0.0898422301799505,0.100752740921999,1,0.0986377630568436,0.155748717923407,0.0953103781261454,0.113855141849912,0.0875071374947592,0.0691306201553993,0.103748468406565,0.126317005704811,0.110354557739685,0.145981098161642,0.0697843589280082,0.0847469007208422,0.156238846902768
"tenuistipula",0.139544374067785,0.185609403309495,0.172698831315198,0.19108103333039,0.152851313901868,0.11005996927039,0.19308871334126,0.162917267925193,0.135658257834321,0.137842362208136,0.166835510911,0.084583206106165,0.105992473738737,0.21545398539894,0.156390364880484,0.186366313875517,0.153720745881677,0.189030679629053,0.126831822769619,0.158088919688377,0.1709035083796,0.178597843535573,0.161676774894946,0.170371523883082,0.156366811192766,0.0390866779378098,0.0777991569100191,0.153949168085089,0.177104380454485,0.175697168348644,0.140048716834945,0.155644807122383,0.211561047692143,0.167382771114752,0.1182339691816,0.176445198608911,0.188391473055419,0.131866059132231,0.0906115929568018,0.113869070590499,0.13580047355243,0.195247146652116,0.171729386344978,0.156028245193977,0.18633024586649,0.136212589821364,0.128916850008036,0.148648085916452,0.171439462728079,0.154420133755173,0.115817319057587,0.117667584675793,0.177166389845646,0.179415730398767,0.174002773685231,0.115340540772789,0.161898681743242,0.181725901454237,0.186681890787258,0.13967875774422,0.232838342687719,0.187593565770372,0.141359494392029,0.174665159076232,0.197010410592456,0.23739972475116,0.112103039552469,0.228702191195662,0.159852968073479,0.233792803984565,0.139051863823819,0.114953379697261,0.167157853920213,0.138420586731803,0.116243800988021,0.157779862580963,0.134774223672746,0.155101835680403,0.109466053032742,0.12608463059714,0.184347858441321,0.218419948809106,0.133047052068373,0.150890964068814,0.0986377630568436,1,0.23978711417132,0.158637737913019,0.202852142797783,0.155584502160508,0.12543762116559,0.160063226231506,0.143691239088981,0.205601327999245,0.164039477458466,0.110803035190857,0.130286782000104,0.186682064954997
"thibaudiana",0.231458553866328,0.281820498737243,0.229403599125111,0.270831290871352,0.179070432162627,0.156727655842979,0.293725360693582,0.205884411032396,0.244392253671231,0.172147299833934,0.203934605020512,0.112975191881123,0.134637549722895,0.259132134602538,0.230563602506939,0.286792807691267,0.198450033040118,0.265034840927587,0.13523945663635,0.257941974486112,0.290659158456107,0.269388847459088,0.211527925189474,0.27791112693212,0.178108203384354,0.0585578849481247,0.0722094883719452,0.315450859790163,0.201148802454861,0.187033991729094,0.19384205924247,0.199026434309356,0.269939056588961,0.18042784664052,0.199880134344759,0.213478732030261,0.268308847316755,0.176688098871815,0.0916165291924113,0.151718957608699,0.234539440186015,0.332175597185027,0.17601976428539,0.240594746750034,0.251932260417713,0.188201032282376,0.167018307748859,0.254925704206606,0.305053973458568,0.189873120011348,0.167214111418291,0.192549046917419,0.270761267396766,0.259874363330818,0.176189967683283,0.135223395022477,0.282552837384095,0.280656524678722,0.288504713627474,0.313746841922251,0.198310761936423,0.269193290521578,0.180110041379483,0.281321742451201,0.313951240539884,0.295918036753959,0.167230320280183,0.302003028826013,0.202507472119529,0.34900351943185,0.229855378333067,0.158136957128172,0.318117879352543,0.240856616451346,0.16089404657977,0.312885803534028,0.184535872116803,0.245641246428391,0.161045687054853,0.158180034399621,0.267164151532373,0.264976794730717,0.134830524407686,0.193981580520781,0.155748717923407,0.23978711417132,1,0.22705154475007,0.219174744218328,0.202558603662326,0.196895875907504,0.243051742924079,0.246893222231132,0.275892387014737,0.252908281687389,0.130648283259184,0.180530580053951,0.358562040576701
"tomentosa",0.0897349166140759,0.164600650213835,0.180481044945558,0.227882908251092,0.131416006843483,0.0703954668634172,0.228101216288096,0.135226219003073,0.165968517863864,0.146692179979316,0.1864652923575,0.104225155685201,0.079075082905051,0.288807300734698,0.1642451421205,0.315499698976462,0.120796528586078,0.184346357942946,0.113388172648387,0.158136730259268,0.196298653923697,0.212177088445107,0.147181587283162,0.193098371143375,0.172009873510281,0.0301581870916771,0.0487669401143052,0.227157648890505,0.151723150689133,0.119422397411557,0.121724281866171,0.175024737385813,0.17980327773119,0.157230603739303,0.162023686999373,0.318765831477019,0.243524610258339,0.158909811998995,0.0744807238910432,0.104751988620935,0.189654075081209,0.266771558050922,0.161248865566322,0.172558882853253,0.178821250263184,0.191489391524526,0.154511533369904,0.178151061907837,0.337112705857619,0.248203883892551,0.101280829741515,0.0852379209230826,0.140776770003462,0.286483523156997,0.171828259930892,0.0953068540092679,0.231806723819444,0.263756709406594,0.260978277737005,0.201602488498671,0.124613245059548,0.188088430942911,0.124536014180539,0.301046035185438,0.146787966223297,0.238288629063985,0.127297431571461,0.214383759161017,0.119259877119087,0.210041873992352,0.214995998598116,0.133552590664344,0.199819575373719,0.297198406299666,0.14529659952024,0.215007223224936,0.168985202860833,0.206343936415528,0.19565200510346,0.156263148898653,0.245955782792789,0.239965205268088,0.137181311178285,0.216729113854151,0.0953103781261454,0.158637737913019,0.22705154475007,1,0.344246126679755,0.116282476868388,0.142475866017604,0.234798971882836,0.211785372671924,0.28256552318404,0.242996899498992,0.0845557623887545,0.224355166301301,0.193025857541464
"ulei",0.105066715475802,0.155202379727423,0.193158067557412,0.21817138109361,0.173495803434607,0.117099421359651,0.195974470200307,0.124805588549407,0.129466345553441,0.180857812760367,0.17502581424753,0.0880142679793286,0.0906480070645135,0.262070190261281,0.124017119928044,0.203177491621768,0.136697429043371,0.197253162046799,0.103751511584163,0.186478601457387,0.164384475089404,0.266302069523518,0.159914720506789,0.195439494429242,0.174803771694331,0.0300648583543889,0.0625818055147886,0.272348035106421,0.16112462178411,0.220653188327642,0.146033313787481,0.152120761872022,0.159686307542319,0.123297656211244,0.177466117549637,0.411163678272897,0.193146773048411,0.15029157063913,0.109759534349323,0.129577712926803,0.21173577248515,0.311473316995617,0.193846790383485,0.141688371335898,0.222908158928367,0.211263165327811,0.171133859973475,0.163313846912786,0.296363296133127,0.233882929440642,0.123463040817133,0.113227999327935,0.147650961916297,0.184922525711286,0.189151088535416,0.0990837262191709,0.244406148842626,0.244747217945324,0.213827632195761,0.192848001364631,0.249654333661852,0.222850173312903,0.136434288565578,0.317491772043929,0.162391801000561,0.224607635387531,0.132788353988654,0.226099346476483,0.14508548209763,0.230923476867096,0.237086280777798,0.107117516107985,0.171236301943533,0.35074946212794,0.1076172431972,0.202245423668652,0.262557547772715,0.2142280951407,0.186528737169146,0.171174199212363,0.21984702203227,0.280494633183091,0.163599540555509,0.224368497426903,0.113855141849912,0.202852142797783,0.219174744218328,0.344246126679755,1,0.127754627753035,0.235734821388881,0.202609669659761,0.182112695712283,0.367704372756712,0.24013452660626,0.129515038465194,0.220029872726417,0.202732829229638
"umbellifera",0.165552545906554,0.171000304686875,0.136493283713156,0.172484423737226,0.295790158708648,0.104837180318933,0.196463798500613,0.161333450050883,0.141724297674268,0.270453680379639,0.278883426116304,0.223679016049253,0.219111718094482,0.186067508126117,0.171371418972235,0.128602053910722,0.135002894841554,0.220810390498171,0.115962266092244,0.171013413129435,0.158648456849894,0.171203184558726,0.155704672137171,0.164343176848839,0.140621507784319,0.173923539236986,0.0797617835936091,0.154414664389766,0.134804702239473,0.162964269919103,0.144715771843166,0.260174589940752,0.197200602546227,0.150454003460353,0.272785678977248,0.127244472825555,0.165771162146312,0.125064813837323,0.104474271481778,0.114165274216501,0.262262738244602,0.181554019054879,0.141104777938281,0.168275533642031,0.17842809458413,0.0972801369996049,0.252638634558706,0.145920186394613,0.263710096168644,0.268291338582384,0.12255640911598,0.153199776527492,0.207877498266747,0.142494755021326,0.12853140568077,0.110421345724974,0.154827432883055,0.17384141126805,0.272765714091411,0.129302483324767,0.225381281714224,0.176248744420601,0.153826322212372,0.160143457723447,0.164205970312589,0.17986436065902,0.113710966517141,0.209523712371256,0.145190454889392,0.229557260915354,0.246531418846858,0.118451554955111,0.158863666833972,0.124866505421415,0.124910250928223,0.152095397295305,0.119631698001982,0.116546785815624,0.11015061756373,0.14833346181527,0.159059638245724,0.250143214430501,0.141791950486111,0.142782978812524,0.0875071374947592,0.155584502160508,0.202558603662326,0.116282476868388,0.127754627753035,1,0.113541391273776,0.266332340100254,0.134836731192136,0.158677857259151,0.142844143316127,0.237333954724079,0.114073816754189,0.188576044409428
"umbellifera.aff",0.210594418030382,0.113265580053101,0.120335745949828,0.127815571361808,0.134469914891766,0.109047026636415,0.14464132252173,0.129025140317555,0.11344944131486,0.180901249276083,0.137797057540202,0.0627952587499039,0.072893246644436,0.136136571602221,0.103649179157416,0.152359459235949,0.119976255806794,0.111360655907929,0.0856678686465206,0.109279432258285,0.123428453080466,0.257297960246127,0.121339262749657,0.0999935267274135,0.217359233003738,0.0298456275265297,0.0510091488270633,0.116622704178699,0.134642223140435,0.129082693897283,0.0965719172403396,0.0893211586975594,0.122113878303452,0.109354599231138,0.0839269046585155,0.141031111450623,0.112190484153449,0.131077805563617,0.11476675495631,0.0954420601761383,0.0961557349958646,0.154122266616953,0.139675611924583,0.182806600000901,0.161566094353461,0.143848577324656,0.0792441147192115,0.123251734295437,0.105059186258201,0.102242355807999,0.100930352598993,0.0898510196480186,0.146019397677162,0.130656329827461,0.1386261739151,0.081911271932998,0.140871807860262,0.180279725473407,0.119016595708845,0.113627786127477,0.117558420980341,0.182890021212044,0.0785818241730075,0.143525693244774,0.114408548871897,0.133560485011654,0.0745760604113984,0.145960084090053,0.104198064787801,0.144241972663438,0.100969858454185,0.101992352815295,0.112785839091879,0.11525794359546,0.0919634354553886,0.102142341421415,0.28677136981381,0.113082669633391,0.078392379777228,0.0712306051472404,0.115993456906535,0.155183102121004,0.16886671645194,0.0857408861834969,0.0691306201553993,0.12543762116559,0.196895875907504,0.142475866017604,0.235734821388881,0.113541391273776,1,0.122721795720351,0.13372868347214,0.165726650531188,0.139044921577188,0.0778139794384447,0.0981527776840867,0.114543530106955
"umbratica",0.119663165532363,0.172910331922267,0.166804535698944,0.173347917741705,0.247462347387991,0.0763923745871935,0.232902276063711,0.177551848561834,0.135654068384328,0.299435880060948,0.393520550187271,0.257263925747295,0.200505192596803,0.233339233188348,0.181227442454127,0.273069097299187,0.144191191215396,0.240060104749654,0.122473874906064,0.154821055474976,0.211758648768975,0.201592786953806,0.1462868284528,0.206422236140799,0.144767197446641,0.19194857191485,0.074547236380511,0.262377635022609,0.159231194634191,0.130216198173114,0.164629017052948,0.332608858727141,0.195400400973941,0.167810418726009,0.360977850326682,0.200539443895145,0.243918049020034,0.214468019285709,0.0844422076548942,0.115956317178142,0.367470541553715,0.286897899169478,0.14568756057899,0.215204745407305,0.185310099941217,0.137100272103724,0.317954850491017,0.154369048081192,0.429034234467867,0.372776170514928,0.105458332016366,0.10974156192355,0.186672088211542,0.264419539556734,0.135339271491827,0.0924135734744227,0.188876392907438,0.288609816432737,0.369990603736108,0.154412936145991,0.1446778586216,0.176844119144609,0.140951389784119,0.261988522384514,0.183477045827928,0.211844466203182,0.205962844725932,0.256041278711259,0.157667433556851,0.214601453060813,0.444545682984158,0.17528283641396,0.249682545179921,0.276986092694516,0.109328380237459,0.223891654141172,0.136237841481302,0.191308812823837,0.153119857453377,0.174636752011227,0.23502176158168,0.232188101647367,0.122762730756245,0.245402844181058,0.103748468406565,0.160063226231506,0.243051742924079,0.234798971882836,0.202609669659761,0.266332340100254,0.122721795720351,1,0.217444150653075,0.284188547492658,0.275315484995743,0.262528982157151,0.168117800141411,0.211762620005062
"velutina",0.0815162809015781,0.165859684586548,0.168027568785047,0.188297311618724,0.118193541935937,0.0698210596536001,0.182760569942513,0.110117611621362,0.150350392827078,0.138306949448043,0.162043259633955,0.0790751754493802,0.0827208541709724,0.201217172275023,0.119355964803534,0.253401368733792,0.114893075843415,0.146464781528619,0.0999283352601488,0.190706101352301,0.148544912928162,0.192440132414415,0.131364030412508,0.198695700962801,0.196007793822022,0.0355019874752786,0.0482850240319239,0.245463651799562,0.144888593616222,0.125054569684152,0.113037241924824,0.13889152849001,0.185202216137225,0.156270836536696,0.131012495929639,0.20223631908881,0.235622410476818,0.176358232694016,0.0865248311908211,0.0912268808089874,0.140602683398221,0.211285801753135,0.130532825197132,0.176128628506429,0.186247596147735,0.246107079435122,0.110679008079772,0.210122794767952,0.298147553622847,0.149669638955228,0.0917530220860795,0.107123546730074,0.158985666469719,0.222679204683648,0.151475270364792,0.0987721482656678,0.196393667236572,0.255594594535559,0.247394614560155,0.316619638338159,0.134556790072627,0.157198320108635,0.132322224173753,0.243832015194359,0.192189058285411,0.191272387361968,0.124659173936412,0.200531303830509,0.146609098862878,0.211076358332734,0.201022744067668,0.116849873851001,0.251989050874892,0.205579371469948,0.093171548624927,0.209736448401459,0.166834378197535,0.209561616595748,0.110057943629391,0.109534353149628,0.210486626639484,0.191167566267297,0.135648608291031,0.155278301305227,0.126317005704811,0.143691239088981,0.246893222231132,0.211785372671924,0.182112695712283,0.134836731192136,0.13372868347214,0.217444150653075,1,0.219016313218894,0.224496186475162,0.0789191980087437,0.12727041936909,0.230611226966523
"venusta",0.13989008925068,0.217305867773502,0.216105550450095,0.243767530433332,0.170496457626686,0.120055925542626,0.2317677629461,0.155913996738568,0.163831233962449,0.155935956219336,0.187614531684115,0.10339253745178,0.0911192964190577,0.303845052065641,0.16763493316741,0.237934074886522,0.171113704562087,0.219851761044731,0.135580331716818,0.163659970758647,0.252879034482997,0.295622723814882,0.19148557218264,0.218532814837024,0.225357796512827,0.0346167882549852,0.0658943311665122,0.348855608269406,0.178922024086329,0.179470244716076,0.176546608051879,0.171874508448055,0.21122827548118,0.168467535390326,0.247703059572553,0.335847797639316,0.252210209328619,0.181824206191586,0.0880106153606797,0.133233264336064,0.241344667284128,0.406419566095135,0.18101136961859,0.19605552739392,0.254325541352521,0.23669529701183,0.180636608970373,0.180765284906975,0.34639107291413,0.279224969521267,0.121515006385852,0.115583595853347,0.190184756898952,0.234656092844178,0.185046848259408,0.133871940780882,0.237530603430529,0.316213487397247,0.293303995926201,0.205217111628178,0.211000848712042,0.26198655113823,0.160725721161745,0.405738120734833,0.185721782385184,0.233589045666179,0.13474202286459,0.273008728508653,0.14429692482778,0.291884737951794,0.29877333658843,0.164828666132575,0.228378678129557,0.373224811702329,0.1488982663784,0.267060238076749,0.193651461383629,0.277966018455545,0.164997963766135,0.21178444389381,0.28830330704644,0.280401058983747,0.147856472680608,0.237164443591958,0.110354557739685,0.205601327999245,0.275892387014737,0.28256552318404,0.367704372756712,0.158677857259151,0.165726650531188,0.284188547492658,0.219016313218894,1,0.345991678387353,0.130861020580403,0.190254939059733,0.231973638826176
"vera",0.110720766352823,0.187413407210246,0.197436242213728,0.220496092763779,0.130290116155194,0.0934775775584749,0.216047067908243,0.154251751461682,0.154200600883658,0.13400448392579,0.185046218613434,0.114468142262599,0.0938223161664395,0.24481705835398,0.15323501441836,0.234585161586345,0.162418244261666,0.222852386280072,0.131654002919715,0.1700665254436,0.211066910692842,0.221634567985045,0.181610378735001,0.189349722148529,0.170719462642966,0.0392426668040657,0.0711382594062705,0.312074413184318,0.201143402637268,0.14699439096516,0.199740092592691,0.163165254330341,0.184048408994063,0.196534506019394,0.191309560497127,0.257979125451746,0.236895260500153,0.176690440271835,0.0690423661973276,0.110764705503281,0.221482292914561,0.326076597348159,0.143556189132705,0.195520338254403,0.20377007582032,0.153429553051788,0.163961708592515,0.185287976798055,0.292341358401252,0.216786403780925,0.128053098984743,0.157044993821688,0.175979888940764,0.215691591434313,0.184009985704309,0.113893389645236,0.219898021859514,0.241625031931344,0.238505069853757,0.19177180926543,0.145896143049056,0.202937932946954,0.140427034113185,0.321318058318495,0.190801886093367,0.206526339290624,0.132714214493653,0.23438285362974,0.1445560449631,0.231872092131461,0.264220985263219,0.140569286960652,0.209277617209945,0.279244220375935,0.128915460927361,0.239009569983191,0.157994077380246,0.248124049268534,0.176793818423191,0.176118966772755,0.224329077595739,0.240515716913964,0.115046924870918,0.218245364120246,0.145981098161642,0.164039477458466,0.252908281687389,0.242996899498992,0.24013452660626,0.142844143316127,0.139044921577188,0.275315484995743,0.224496186475162,0.345991678387353,1,0.109998186307443,0.168627892415818,0.214782166979429
"virgultosa",0.0943044329947577,0.119419405878651,0.103613862933597,0.127907169473258,0.215928807471578,0.0704374475826008,0.108084219564961,0.116222813573847,0.0996841258271928,0.33361328179962,0.310368685835182,0.208796317235125,0.17721399621691,0.116082870490031,0.0961118245848413,0.104109465498278,0.123837606976036,0.122363861655394,0.0879827193939026,0.10263820637011,0.151518368795664,0.103041528845859,0.110850273169197,0.121319357836575,0.0861805056215293,0.184943581128371,0.0801422385417049,0.109422147742938,0.097960133785751,0.149106313008698,0.103650348463585,0.443829537449369,0.105979049325007,0.0916093309040418,0.269243234414598,0.119266191157567,0.101132007724867,0.0870311704621626,0.0499039383991445,0.111602054314625,0.306083287126358,0.112869114992446,0.0984472777760629,0.0911291271195942,0.126640047715294,0.104838784581878,0.363072602085012,0.0987315176665047,0.262516226942938,0.239291029965502,0.108800847106372,0.0960513698377625,0.118016933368587,0.103248528520934,0.130772704270233,0.0836236500258515,0.108122814122682,0.0916947847122935,0.232217511646029,0.133467812805692,0.153112916107343,0.139208167665933,0.125546293339083,0.0982313849970057,0.124872151808985,0.149225579899567,0.0855857464156025,0.113854063648481,0.104476163164098,0.117419066938578,0.283637442926881,0.077662311305233,0.100475955984387,0.0830002526099155,0.0725451517111768,0.0964807793588375,0.146432783506262,0.0984584820609883,0.0647061285080476,0.0713772517492694,0.0960870084745883,0.17227682744447,0.0827630691082832,0.0908366077576968,0.0697843589280082,0.110803035190857,0.130648283259184,0.0845557623887545,0.129515038465194,0.237333954724079,0.0778139794384447,0.262528982157151,0.0789191980087437,0.130861020580403,0.109998186307443,1,0.0754374736510851,0.1265355883365
"vismiifolia",0.106951432470001,0.148186659161515,0.128516792819354,0.180197031607515,0.224654750567185,0.0709765212511008,0.187043590551789,0.131747443283797,0.1334992666318,0.13454303336709,0.251110428130231,0.137599928743767,0.132039242461102,0.207036629157545,0.16355998418523,0.147052200672479,0.111697868695171,0.174075640057253,0.115932493350109,0.138186200381118,0.150444427149302,0.164753933225176,0.127251035333552,0.167799685100209,0.12476713445853,0.0668721613038989,0.113524890896455,0.174697264534587,0.13509453007837,0.103929300173739,0.154149637412393,0.148034781495874,0.182222918778701,0.144787915109185,0.219990241873804,0.32252297361566,0.191985037683549,0.117630031881904,0.348505583091937,0.126063516206261,0.198591476643412,0.18177513914947,0.112795903924877,0.306316307251061,0.13849533793273,0.100427854300013,0.145385913639896,0.126466873315399,0.198419875467179,0.23097394812175,0.0992782460369585,0.138599390016472,0.128224939998944,0.163891176186914,0.0996092357975874,0.0805542534627339,0.199357619234169,0.19445801951037,0.156585550038164,0.107115861412338,0.141115654521403,0.142212609803103,0.165953406148316,0.189445215190266,0.149816660859713,0.172524214999357,0.163553322825054,0.2085026283551,0.150826928838502,0.182782312995414,0.216900037395027,0.0892615514597153,0.207675615261905,0.205157466974714,0.0923392739869659,0.229783008251515,0.126010576608101,0.133994860659992,0.307935062401609,0.215716210129753,0.235645797599424,0.154314218482717,0.10775329559053,0.213076261668235,0.0847469007208422,0.130286782000104,0.180530580053951,0.224355166301301,0.220029872726417,0.114073816754189,0.0981527776840867,0.168117800141411,0.12727041936909,0.190254939059733,0.168627892415818,0.0754374736510851,1,0.17083269176115
"Zygia mediana",0.165954391244881,0.242737302688749,0.203838868052219,0.269927070609481,0.202277355670862,0.105988000178321,0.323156073518764,0.163843251243754,0.213605133488427,0.14606896704531,0.184309196456295,0.150152863111595,0.17968334961477,0.253933210550968,0.195117064298928,0.249641375647201,0.162700658572774,0.320682566001474,0.143693860344889,0.29138926503177,0.254480962011638,0.243169880936481,0.231515830969414,0.32603094674927,0.156867212185987,0.067166531548525,0.118077169075094,0.283056173644274,0.192198498640597,0.191464683021859,0.223114992204224,0.196882173165681,0.284824588855049,0.212257442735773,0.183078623310674,0.225827513392714,0.235482263475974,0.184632693548251,0.1053629837085,0.161255727523355,0.18412417889366,0.272177683931878,0.167497656406521,0.214431691210603,0.266079630654475,0.213085888204474,0.15964147578117,0.293969773749746,0.272812579897606,0.179999917718357,0.137611670371558,0.194626806066448,0.232925970908266,0.238016466744381,0.183433980258976,0.124912954981134,0.256526959915765,0.227099691310822,0.308486873931104,0.328459029521034,0.18658240352418,0.235151760828544,0.238785660593115,0.249180125103951,0.280961653518224,0.321517594696422,0.205988116045141,0.274556177369148,0.197523137384917,0.323508156389637,0.253789247956118,0.152871144299747,0.40850854520639,0.205177066720398,0.138244158443516,0.337021242055236,0.1431043782545,0.237825284658649,0.167605491392648,0.174353112469143,0.264314199266014,0.261097404814436,0.142521651615813,0.177796280807183,0.156238846902768,0.186682064954997,0.358562040576701,0.193025857541464,0.202732829229638,0.188576044409428,0.114543530106955,0.211762620005062,0.230611226966523,0.231973638826176,0.214782166979429,0.1265355883365,0.17083269176115,1
