"","acreana","acrocephala","acuminata","alata","alba","aria","auristellae","bourgonii","brachyrhachis.aff","brachystachys","brachystachys.aff","brevialata","brevipes","capitata12","capitata33","capitata35","cayennensis","chartacea","cinnamomea","cocleensis","cordatoalata","coruscans","cylindrica","edulis","fastuosa","flagelliformis","fosteriana","glomeriflora","goldmanii","gracilifolia","grandiflora","heterophylla","huberi","ingoides","jenmanii","kursarii","LA17","LA41","LA48","lateriflora","laurina","leiocalycina","leiocalycina.aff","lomatophylla","longiflora","longipedunculata","loubryana","M18","M25","M27","M30","M71","marginata","melinonis","microcoma","multinervis","nobilis","nouragensis","obidensis","oerstediana","paraensis","pezizifera","pezizifera.aff","pitmanii","poeppigiana","punctata","retinocarpa","rubiginosa","ruiziana","sapindoides","sertulifera","setosa","spectabilis","splendens","stipularis","striata","suaveolens","subcapitata","T18","T21","T29","T50","T51","T82","T85","tenuistipula","thibaudiana","tomentosa","ulei","umbellifera","umbellifera.aff","umbratica","velutina","venusta","vera","virgultosa","vismiifolia","Zygia.mediana"
"acreana",1,0.268806655803685,0.173434145223906,0.244561605143035,0.235969383945278,0.232523859286682,0.268502750547681,0.287971496082234,0.182898056943159,0.143699560439286,0.163686956510823,0.128379463218807,0.240268655774798,0.264380855752303,0.200681529717133,0.203656327028237,0.244413936168676,0.245339708328696,0.222900619419591,0.136476826492859,0.190772284999639,0.128227780136034,0.250717454634771,0.221072385153903,0.266242981710431,0.133162351080741,0.182191671753123,0.215110840347034,0.232285703634929,0.198009394475273,0.121601094762601,0.200527125012436,0.280343125628128,0.186393138282722,0.233358387690779,0.15725932960195,0.263538942765907,0.187851180764688,0.257612948167992,0.232437774593591,0.210916703562301,0.130929795098408,0.152708216602396,0.147153985096503,0.281107446317627,0.0962570736392142,0.142671038566408,0.259386917240281,0.0444035436393824,0.195996057989406,0.181751861129125,0.242864463207195,0.216790629348751,0.28881796387423,0.164800902972017,0.220488330343875,0.243338533892526,0.137808223146983,0.169459562367096,0.13022795281073,0.27248932366758,0.262389337476321,0.256364613681245,0.289561708046146,0.24853831911012,0.27453198507098,0.202557465165977,0.250479498892248,0.208758470593547,0.272244708794458,0.122237466623128,0.252790535687507,0.173277641682514,0.176440870899167,0.239766169632045,0.269412450518143,0.200760044326734,0.119078120194763,0.0891969842877914,0.314226912490726,0.2733936381159,0.250745428522971,0.103855562762064,0.268908467102139,0.256945016232752,0.199371438590676,0.272355529670806,0.161476435429595,0.221108841957784,0.23830128277676,0.195579976747575,0.185303793918632,0.130016353307989,0.278943003798698,0.235431440723554,0.0858099878291047,0.138654579236378,0.297532776184415
"acrocephala",0.268806655803685,1,0.169701855264085,0.249919205056861,0.215646799352751,0.201730836479396,0.210786578715737,0.228759621855904,0.205871026933085,0.142554600139705,0.157077203815207,0.109761990085216,0.240015495325014,0.201558419963213,0.191013648056691,0.180253869180895,0.225248333982039,0.309233059014477,0.149126651329729,0.151705657225298,0.195990039295943,0.173164787722197,0.254264074948091,0.207688894231299,0.193586252591664,0.198637451519872,0.170065653563841,0.196802879665192,0.230950393600803,0.208392947006449,0.116443782897386,0.19574686043415,0.264479502727286,0.156061892356209,0.189467228427815,0.16658994621513,0.162992748928067,0.186489551286921,0.213441506476975,0.183351834749472,0.228845539138503,0.206711928091802,0.14280633341422,0.154221758472445,0.228882570374385,0.112733412594145,0.130849669886221,0.218059308476488,0.058238101410237,0.195954139499137,0.210979193690424,0.21056861456568,0.169927765002644,0.236909974289507,0.149833606197905,0.243498454186322,0.257668275488489,0.132931481416553,0.171072727692963,0.16595122900935,0.185611242183357,0.227920111895683,0.182336831761409,0.196436433109838,0.242717531292617,0.254107587825382,0.183372891433169,0.216684208783062,0.183889891969763,0.225257592022941,0.161666139123348,0.203987754965581,0.19453445389905,0.174154873888928,0.205389960733838,0.239648305169274,0.172029480227525,0.124394154628663,0.10063642938875,0.294508340780748,0.193125074893137,0.187127624712395,0.121757208660464,0.256732234076491,0.171593768783643,0.195270431773738,0.259728628356279,0.180132001283764,0.17595471999347,0.188302852689159,0.181908995122303,0.184153050109983,0.143750654810127,0.252429877092159,0.210277205500428,0.0985009201661036,0.173615697987268,0.265821975816665
"acuminata",0.173434145223906,0.169701855264085,1,0.152557400785417,0.141964578678219,0.189620784423287,0.124446217928877,0.155045089393915,0.123105021477442,0.192207218117566,0.141454927152201,0.0942363293145143,0.143587985820675,0.132912098903606,0.137846219827005,0.137553439058274,0.165504528632572,0.183912049571959,0.111853495966146,0.117618243746825,0.11962392449578,0.120191804693275,0.150742008557961,0.108494309769886,0.142318875059563,0.106448557445142,0.120923019673532,0.126999685445586,0.161436918515433,0.122561751118259,0.0750104460858367,0.132607812483675,0.148661370347588,0.12863081436161,0.142664017022833,0.175269358076512,0.126677951963567,0.131686266073698,0.157768585293245,0.140004407505877,0.126460927092795,0.127196717571582,0.124937213879817,0.147291974063414,0.186064730895132,0.0884811636344155,0.0804792724896205,0.131204937121541,0.0392311904690071,0.115132443745134,0.138316911567384,0.135804297656774,0.123196964122304,0.153620276275803,0.121845248499031,0.124268468318399,0.141190626708649,0.103970876151562,0.114440776512345,0.133541903872062,0.190703657806503,0.200179847225268,0.127023367410636,0.15390209361964,0.164303885762025,0.144183805201064,0.155554399937968,0.163711083945017,0.139661131771706,0.137899896431043,0.100335445578799,0.127912764288673,0.121440739841227,0.135306156221427,0.124483994549867,0.140870299804552,0.154400338471787,0.101263029534123,0.064932167142776,0.175063355428937,0.145918716714067,0.111023833924948,0.0996980133000659,0.139371466397816,0.109748958710753,0.144790223216549,0.131285214138681,0.126688591359546,0.121771933480425,0.122033571182433,0.204592081433202,0.15239041511925,0.134234662614816,0.235264703794213,0.165108042983043,0.0568568657775019,0.119140935217619,0.15414283954445
"alata",0.244561605143035,0.249919205056861,0.152557400785417,1,0.243168684260334,0.140470085492542,0.178373374913019,0.182165961211525,0.281250475001602,0.15255955881239,0.166452548865413,0.12048756065814,0.167489614126362,0.18468460482642,0.287075696233472,0.184330683982308,0.194080372888883,0.210696000301,0.15677630148405,0.184711225162679,0.183666505070763,0.161328160552282,0.194528547439193,0.171155620008793,0.1863904224203,0.156664065547097,0.164183688955382,0.221319265141451,0.182348408945777,0.168573390507891,0.10792201269578,0.140474697671757,0.274007126543948,0.144255463478051,0.16953079214988,0.14707589855663,0.169234157088147,0.126490325845848,0.166399391695379,0.14084742139025,0.197524992108296,0.170101963068387,0.123589721194275,0.154125601400344,0.216634084214431,0.121605723477615,0.110361919588734,0.209917856486259,0.0599114170308689,0.13724884234341,0.156724307526354,0.168771972292285,0.17149107955324,0.166061798295228,0.153193934876696,0.159760733840189,0.214852347450606,0.141432372066896,0.163177518522658,0.167297779748427,0.201209583181676,0.219890881283303,0.238210842756523,0.189852863856695,0.224543658666251,0.205910465005934,0.152063431547274,0.192481010535981,0.151840359016829,0.234500076100703,0.145022188513603,0.140200772886412,0.146176388576876,0.177631055810714,0.192872922561693,0.218976749231238,0.202704134097287,0.109010169472488,0.0962150328555071,0.221339054015088,0.162606547825576,0.189780350666006,0.112729351499651,0.20637865643649,0.136175311895688,0.186039997777264,0.18233975732307,0.148801733766959,0.124933148925164,0.188397302401515,0.179277669502511,0.155013732102841,0.126505943078573,0.183531034181789,0.167125678055074,0.0746488821051376,0.117000250988768,0.235403349779993
"alba",0.235969383945278,0.215646799352751,0.141964578678219,0.243168684260334,1,0.172562888796215,0.259642335075498,0.213227751485554,0.184397525581271,0.259440025378387,0.267451171908681,0.237835485557895,0.295123236742349,0.25959457918749,0.191988328287606,0.225469871815234,0.191755969109762,0.235065671046784,0.205994929052938,0.142208811702215,0.168886343423721,0.137239971742112,0.240993195252274,0.194513342728493,0.208403344328977,0.253392534295202,0.155330642839955,0.242585964157207,0.180363585385356,0.227656063478275,0.105872902343204,0.255424019830467,0.2436184999465,0.147911621863067,0.282887311513295,0.150754452984032,0.209527214220135,0.157780720844672,0.170771701079011,0.179736622478748,0.303979667803729,0.190462652060053,0.187327390946667,0.182570629832698,0.224190384699989,0.102639415036484,0.216248448225154,0.212157451430803,0.151901060699888,0.30970844572495,0.165492575194108,0.199166916132928,0.200107219659951,0.180609159769585,0.122888172533954,0.178667686550331,0.231862733452365,0.142697493528788,0.285300733644197,0.141377419072243,0.270940058078187,0.245452637964996,0.263833780197625,0.240360943822651,0.233356363843235,0.277787456905597,0.229749394209327,0.255709948213265,0.22790550979754,0.273851368649796,0.243071008261582,0.231206250161587,0.22227120657242,0.204100898424569,0.22158399338663,0.267409769857645,0.1844336112589,0.118155046583573,0.100931390422263,0.238780919902863,0.241443950947085,0.225060273175503,0.105829239720001,0.244057372066162,0.172319193291839,0.215231833663229,0.283626112779803,0.148885880348514,0.167737205843832,0.357406091084751,0.166756693558532,0.299187668967062,0.148168148481443,0.202292961956636,0.225239435821128,0.197158980877006,0.112431497690761,0.281597475206359
"aria",0.232523859286682,0.201730836479396,0.189620784423287,0.140470085492542,0.172562888796215,1,0.189160015036415,0.219863031397441,0.129702904635523,0.136048245987404,0.169323893800455,0.106151204818186,0.19727023823585,0.204826975795408,0.154982362078303,0.161026336392151,0.197604631589044,0.205314613327948,0.149024397780531,0.119970624199154,0.170744431505407,0.116966150445291,0.213612237861749,0.194922542294002,0.202125464933412,0.141037018117345,0.156832192345843,0.168418415870078,0.214900104328809,0.153145760530374,0.104767526749124,0.163668395483321,0.19305437604431,0.147376476361755,0.1914601129601,0.121972225857873,0.307350604993482,0.199348092689305,0.176799810593334,0.230267660838053,0.174662616205638,0.123994875893615,0.19689492614085,0.157136769013651,0.216419895415197,0.0887917810915563,0.102699859334804,0.182129484858434,0.0462683529211975,0.174731468230138,0.173042642625891,0.267493121376544,0.14929846695565,0.214082291987721,0.140414378267683,0.147018571776112,0.206941855558644,0.134477282192747,0.252442658118808,0.126595576650104,0.208507610434683,0.20360442958175,0.166299235405824,0.245332991080238,0.224918839301204,0.218303393501867,0.186306152526252,0.205912800535488,0.179113833349689,0.212116844691765,0.0932960207387031,0.190330553599072,0.158473398018602,0.161793786049522,0.177545410254342,0.244770688905415,0.172400873325814,0.0997013986262783,0.0906100121104138,0.222707690912688,0.212348582257761,0.154517444157632,0.0888795944107478,0.212230056068505,0.189755098973959,0.178075839000461,0.221109227579528,0.129493003962836,0.198551904160403,0.179977402501851,0.153686236002075,0.174510477176453,0.129756768003611,0.197781324567031,0.192388658370153,0.0774988589141307,0.129229496007535,0.200206757129709
"auristellae",0.268502750547681,0.210786578715737,0.124446217928877,0.178373374913019,0.259642335075498,0.189160015036415,1,0.271304162339274,0.165906841034898,0.175617083610065,0.174286490416608,0.123949454957963,0.208577537088805,0.337012335235391,0.200548493000906,0.257530558817254,0.212736247845887,0.230054576185078,0.198444518399705,0.166475840793623,0.270166702470737,0.130556264010008,0.346778824083113,0.246651504964889,0.208029564358077,0.132908771251529,0.179318855263957,0.240630316269339,0.261921702888368,0.179178169604024,0.17576718254146,0.258108859168131,0.31325228461284,0.202813478946386,0.286727875728804,0.141718119584877,0.237036549145265,0.204595896843726,0.191857384595048,0.215267700856775,0.24005423690655,0.185554154311882,0.178261741323531,0.173717770838811,0.260359517989139,0.292430012434187,0.14273889603447,0.280188343574006,0.0851624000146177,0.358779196249714,0.198506589223412,0.245057725334632,0.181564644004767,0.270086385064144,0.132447220507577,0.274336910137313,0.244867858736522,0.12634442069849,0.203961088489124,0.102901569329022,0.25969954449877,0.285646306580024,0.358994298615375,0.255959916431418,0.1952812904857,0.315531846735548,0.304222004585639,0.274190381056586,0.188394919685504,0.302173980730497,0.159177945278478,0.254369227987505,0.317007932908127,0.193296720954949,0.248066883735788,0.297910769989291,0.172519825005008,0.143753001444826,0.148322261467223,0.309430203357617,0.3457085436478,0.259514052364803,0.0941238902956345,0.290173511005412,0.224268055979347,0.189994709528717,0.302621898121451,0.157277202436275,0.264366862224532,0.321749507653996,0.167750950300919,0.180453223503344,0.163759293060775,0.245752575275325,0.311845754194476,0.293349242716192,0.135819001261887,0.270793500820973
"bourgonii",0.287971496082234,0.228759621855904,0.155045089393915,0.182165961211525,0.213227751485554,0.219863031397441,0.271304162339274,1,0.174999010323276,0.126699544244712,0.165112842952592,0.121096112669411,0.272269918974466,0.242093184138789,0.219727048170243,0.187602535861118,0.2537766596079,0.227357087728675,0.349215619111873,0.142625680153053,0.184445271692315,0.129605509264369,0.285225150973563,0.261058627445054,0.241497287542512,0.142660832999064,0.171598093967082,0.241201466913732,0.218267054885311,0.240258796918799,0.131565829363658,0.214453069803832,0.257717440731967,0.143356608948551,0.260273565076234,0.159287689236062,0.275119741784702,0.243186092361923,0.262101585808895,0.268201475342129,0.201221968109986,0.143620895211869,0.171386180533489,0.145623085407134,0.377428589770459,0.0889209328257311,0.136171714031746,0.228370542292733,0.0501120169964168,0.272677922969851,0.230522882322837,0.264176010513403,0.234437550481886,0.269193069170763,0.142442628979729,0.210146188730269,0.240276607777767,0.126801574959306,0.202791892823883,0.126742638360489,0.221460086537119,0.289521987901643,0.221399797539235,0.366066385356054,0.211690899454404,0.302527680192381,0.257796035750451,0.229526961597088,0.164917805241004,0.263626208054758,0.127861675974074,0.294825586583332,0.189470982799955,0.156688176758024,0.26348298085085,0.252519261831496,0.196992355593249,0.141912471865654,0.0886180622800177,0.29106249412865,0.310506034247984,0.248451106926149,0.116113200445927,0.316470993097924,0.266746642239009,0.182682507261473,0.30907323378039,0.182498728579746,0.309727866689512,0.220890546205284,0.219574389360492,0.200384397351491,0.136899826716212,0.409093630075756,0.323506172258285,0.0998865968067587,0.158115111357804,0.284416397788368
"brachyrhachis.aff",0.182898056943159,0.205871026933085,0.123105021477442,0.281250475001602,0.184397525581271,0.129702904635523,0.165906841034898,0.174999010323276,1,0.107836982819097,0.147888521149352,0.112542979219888,0.131306209794578,0.172984143176967,0.5137810998382,0.180499886013732,0.188714346421398,0.225782676452262,0.128814387107238,0.129170594254078,0.154512115271055,0.105150730466495,0.16692141739565,0.127597662916322,0.160469331028228,0.123457447508415,0.128504748124235,0.183735788332061,0.142678070871513,0.167663708411257,0.082637977704342,0.108320634078202,0.219507482903397,0.121011019308025,0.148575798431262,0.133269289510862,0.138349092618698,0.148075019161267,0.134104354081625,0.166761272797896,0.169011252808583,0.165239324467022,0.12075134037415,0.159903176449029,0.158380923771374,0.0858774561755568,0.0941595285083995,0.135856760214113,0.0367030432134921,0.114381437056009,0.136605376198545,0.13048540088631,0.162578729991616,0.162755811337219,0.121978091683917,0.126121590937037,0.211462919176516,0.137696522064561,0.149879008235465,0.142178146845589,0.178559799704519,0.170353465021761,0.203173930342871,0.163389693388919,0.192116097850913,0.18354148008406,0.144291757492432,0.19417278410737,0.155389548947004,0.172826893328055,0.131407349633459,0.127031452821584,0.132388955054521,0.131425833282843,0.136587977031349,0.164934608592063,0.156799178591791,0.0981279141013224,0.0681241608826258,0.170578820811817,0.154904523072411,0.166581781113978,0.117246279838155,0.171850340154765,0.138194238191645,0.167980687327338,0.190091303020966,0.214417974722421,0.125743445901209,0.162544675524905,0.118099746479909,0.163217410563856,0.0986285120729073,0.15439939226349,0.125840694113043,0.0629061166906779,0.145331761306426,0.235439435372531
"brachystachys",0.143699560439286,0.142554600139705,0.192207218117566,0.15255955881239,0.259440025378387,0.136048245987404,0.175617083610065,0.126699544244712,0.107836982819097,1,0.376416835984344,0.274112197945434,0.216947252754969,0.162727436544317,0.146010038931466,0.151505648300759,0.157429231797433,0.138570558260359,0.10025529306609,0.100656118798317,0.131518021276675,0.132451873662889,0.17549148643659,0.111433233060334,0.140223276504357,0.28852841508581,0.113745353970491,0.143022834279267,0.13960239179664,0.093604813587482,0.109938379850157,0.384436092507308,0.150551177829305,0.155078041325781,0.332066061283786,0.129623307598709,0.153241636699398,0.0914631613502283,0.107377807986142,0.106415883750493,0.359531977516958,0.127761633052516,0.105217583911411,0.159514627895791,0.163667339397597,0.12113283701568,0.341296063926168,0.144962499659872,0.208795776436771,0.279620168571641,0.107871230828466,0.151185365523313,0.123487531653352,0.129691151053327,0.0913851641519496,0.132733208948262,0.190565614350489,0.105316828126306,0.33730078984826,0.0987593464026555,0.180533043592344,0.188218435327874,0.146839691111766,0.155372977838314,0.145850475092376,0.149222166274797,0.104911548088613,0.17467832889355,0.129267180871993,0.148315524594755,0.286128344578104,0.10141509549281,0.137458079109322,0.172978619313714,0.141653375974369,0.187041313924859,0.116557601696938,0.0841706489840038,0.0924973091431248,0.157596168261184,0.100820363242874,0.191940171232063,0.086584322670035,0.152371933996517,0.0903402147444316,0.125377493464169,0.159986623927415,0.107746821673849,0.107138334996212,0.287309300886083,0.130478564252588,0.288725376634762,0.103310370743188,0.143164874677375,0.143054441689955,0.33484969053005,0.0844286630871053,0.173622617287382
"brachystachys.aff",0.163686956510823,0.157077203815207,0.141454927152201,0.166452548865413,0.267451171908681,0.169323893800455,0.174286490416608,0.165112842952592,0.147888521149352,0.376416835984344,1,0.30745686645553,0.247104465160059,0.183762780777141,0.169343624188731,0.15050561137885,0.155146246454574,0.155103577029299,0.103754487464934,0.11633765144754,0.14319021609922,0.143321652593239,0.206354337523945,0.168649050887999,0.151226151164118,0.284655533422692,0.122900059592567,0.159835823019966,0.187823802684196,0.133493871052271,0.091557589254512,0.380763477796018,0.176496906904109,0.140671166182713,0.378386875924441,0.135847909947767,0.157637156451643,0.163890111665038,0.117735202974248,0.15496533625857,0.401712527474986,0.159159914342744,0.124578781118244,0.177889216743012,0.174270896695164,0.0767566664609695,0.313430410470329,0.1869399858329,0.193210186361903,0.300562782022876,0.122728685076035,0.203493317608948,0.14272908142638,0.166279312562511,0.111431756477532,0.147711021513134,0.183042353981391,0.138993425921168,0.29454868872244,0.118015327386979,0.153911008781533,0.178671455397914,0.148060060522388,0.154935100489287,0.14679524493386,0.169406430408668,0.172749193100238,0.167432418902656,0.13432291551931,0.158418316631221,0.295353280064272,0.156436382705695,0.141106038258352,0.170732131613964,0.152361883662142,0.199915737316251,0.129461646139522,0.107626905006662,0.081584854226531,0.165544662554457,0.158165506145601,0.196224900177255,0.0893252053986214,0.232138849647539,0.12971355068835,0.145054761746412,0.177216349646172,0.152502993338509,0.138294855335345,0.295251187736669,0.168180296873994,0.385063367057776,0.114035355628484,0.166915498681458,0.18321458424628,0.271786083914984,0.0946705979424375,0.151706708435805
"brevialata",0.128379463218807,0.109761990085216,0.0942363293145143,0.12048756065814,0.237835485557895,0.106151204818186,0.123949454957963,0.121096112669411,0.112542979219888,0.274112197945434,0.30745686645553,1,0.234840603336367,0.126716088015376,0.161631398415412,0.100289852707605,0.121311774349476,0.113768232991029,0.0810185674609119,0.101534712086252,0.0919590055277092,0.104717093202953,0.123392866642104,0.140837456521029,0.11197607462805,0.246362255845969,0.0946901213492332,0.135255537488862,0.111978485550079,0.0776360906801676,0.0806334406787821,0.242784025542388,0.132877928622619,0.115337144164238,0.29026935471542,0.0838514435168426,0.152483695994371,0.086759932647744,0.0863681273578522,0.104111734241398,0.295680640252569,0.104365544377964,0.103386830939235,0.144835821497508,0.0988125679554722,0.120652720741166,0.247230314346459,0.121415217377646,0.187912791050628,0.230620578131944,0.093982557615954,0.115419087530316,0.0954376680338362,0.0877072213007983,0.0841288616601755,0.103271267534304,0.133304330841062,0.117973105246577,0.274095910008362,0.109442306403484,0.122227801843815,0.123219731066168,0.103706241764895,0.121948765905753,0.123814312405508,0.128787914030235,0.0801755809056692,0.140287712126606,0.113665542103023,0.123570932165144,0.271876098043084,0.0888724951231517,0.121662214910019,0.124551175119041,0.146117868501426,0.141300433715127,0.105141802055036,0.0903973808226802,0.102488104777719,0.129127343724587,0.0860142353776438,0.14134808537379,0.0902135907665853,0.114690452316205,0.0868925364175169,0.0945623079768241,0.128685199025963,0.152765636222408,0.0925632464762171,0.244781692637987,0.0963525205262974,0.34948602865733,0.0956149306599205,0.0989031336735854,0.117866711570425,0.203384445250188,0.0773262713869729,0.119538224571224
"brevipes",0.240268655774798,0.240015495325014,0.143587985820675,0.167489614126362,0.295123236742349,0.19727023823585,0.208577537088805,0.272269918974466,0.131306209794578,0.216947252754969,0.247104465160059,0.234840603336367,1,0.194882924659231,0.16260855867632,0.170854826848802,0.24942745786078,0.232728057317336,0.16696925735834,0.130865444797279,0.172845960993778,0.103679481732874,0.238288108194274,0.1835401947529,0.211487201965598,0.246217842754763,0.189133742365818,0.177783324838336,0.193656564318004,0.187724781203851,0.110359416698129,0.302796121548782,0.232895397453043,0.120045883292768,0.285913913282954,0.151189926032724,0.179325759829609,0.200611205988021,0.175276932538369,0.218453200376924,0.305342531293013,0.125607774653553,0.147559862850874,0.13203299139703,0.256311602854726,0.145230288388069,0.229061743355305,0.199827221972026,0.139265978495169,0.341473921650711,0.222645540719039,0.304100420296807,0.176014287646239,0.223681883443522,0.12376980613639,0.259620985637501,0.225265601132484,0.128930671072081,0.283058385542732,0.12869645497409,0.182613101572599,0.231441949269874,0.181406376730187,0.237980646912168,0.190586001902473,0.232622977648979,0.232479063796016,0.207646041281851,0.162018434012232,0.217675467149293,0.218149478983636,0.259185747489127,0.173610907689765,0.144470565428032,0.20921830775051,0.191500715865276,0.181381432039434,0.111889282217472,0.0730066114842173,0.268275116458387,0.268910049361418,0.202968864273224,0.0911728758231692,0.283678215606674,0.183194018103546,0.15629663798023,0.269013644622967,0.153557328506379,0.258251476894384,0.289403785869856,0.196686079118568,0.331802221465471,0.143911099081826,0.243113106451834,0.265109228273737,0.180067872906723,0.130061808187797,0.22167366573519
"capitata12",0.264380855752303,0.201558419963213,0.132912098903606,0.18468460482642,0.25959457918749,0.204826975795408,0.337012335235391,0.242093184138789,0.172984143176967,0.162727436544317,0.183762780777141,0.126716088015376,0.194882924659231,1,0.196190785659074,0.349630828647093,0.235496488580689,0.197633806362036,0.162231796929976,0.158083872505207,0.216794414719119,0.140437689986551,0.34907286951365,0.233024082345777,0.215273768504448,0.15601996538905,0.167056559225693,0.221655060399516,0.227977372856303,0.174014608038703,0.140374061980529,0.307393234785053,0.264861682629892,0.172784597302281,0.220322210443,0.147170605608187,0.24015767364242,0.193961456336847,0.17502421370938,0.244297372167848,0.219592415195536,0.247439542116971,0.212571619967249,0.196125636531774,0.21263286845324,0.12731081259181,0.12727135486565,0.234351542588915,0.0679962852257997,0.227317366575819,0.18350283885544,0.231026657917647,0.188705901496917,0.210394534980899,0.141392324343959,0.191741318512918,0.245797094320162,0.143725467458215,0.214986627652224,0.121101905744096,0.285435132746956,0.243513680420882,0.263577263601557,0.265350418277625,0.224067762476697,0.260217685519642,0.240895006266725,0.305991364316537,0.188836860223322,0.29333893028093,0.144654506319282,0.191600907330297,0.225003088704936,0.190702927003794,0.228095015523276,0.3142452518247,0.170390629354906,0.130089937408751,0.115738615313412,0.273020710891777,0.25459952384546,0.336090927478348,0.107745857466636,0.249846588599111,0.185161119510002,0.213126598991102,0.249724858965813,0.164662393328922,0.202939227025888,0.298075894911333,0.152422251208423,0.191874817817993,0.165949866430902,0.19461228843893,0.238966279527743,0.123265803383392,0.134908094297363,0.246495456306492
"capitata33",0.200681529717133,0.191013648056691,0.137846219827005,0.287075696233472,0.191988328287606,0.154982362078303,0.200548493000906,0.219727048170243,0.5137810998382,0.146010038931466,0.169343624188731,0.161631398415412,0.16260855867632,0.196190785659074,1,0.180938956955479,0.209815995198634,0.190656113126168,0.131604327667964,0.136874212065952,0.178446899698983,0.139146568672732,0.200226334472576,0.155634772137547,0.177064237972202,0.127998280004276,0.141773044670148,0.189953224149393,0.150739108619477,0.158034437785181,0.0996265168601779,0.131373533608107,0.236418206636432,0.160784871403324,0.185798619506298,0.140594152427491,0.20507061068375,0.14355853463573,0.135016047824735,0.165384462650635,0.181043050406447,0.175323115668863,0.162500555399283,0.16417641613078,0.195866672622542,0.0961429174753248,0.0939349024698054,0.182706078640624,0.0471663697730721,0.133939389539889,0.162374621899015,0.160992552145598,0.184393290756358,0.154978417947282,0.114702907677925,0.145781431770421,0.226418450828971,0.137801793970128,0.182539904902155,0.133456321792406,0.178992913771405,0.199109533589508,0.206327749328609,0.199604146535035,0.170959492245281,0.186650994842459,0.15666156193279,0.203470093448247,0.188145067684277,0.198403948059271,0.169531780664959,0.160308509278982,0.15932077401549,0.157657361121433,0.157022466097275,0.199195110769836,0.166418769903438,0.100023692652967,0.0964151391482093,0.176885091638782,0.161429175659874,0.174883314157495,0.127532373530108,0.206308965323727,0.139785958628899,0.16687436787739,0.219877634789661,0.235612834726156,0.143294154622854,0.193390764374488,0.151838175613409,0.180322695585307,0.136149954432363,0.191473013386618,0.143145423359765,0.069497928605835,0.145579447510108,0.232417290993241
"capitata35",0.203656327028237,0.180253869180895,0.137553439058274,0.184330683982308,0.225469871815234,0.161026336392151,0.257530558817254,0.187602535861118,0.180499886013732,0.151505648300759,0.15050561137885,0.100289852707605,0.170854826848802,0.349630828647093,0.180938956955479,1,0.239804314988119,0.202832206957596,0.138202528558308,0.140032987065823,0.1612934680861,0.120879702494538,0.182817050049299,0.136996767835417,0.219311143484863,0.139198987607658,0.162524326463542,0.201955980272048,0.169426105796413,0.169266025706259,0.116738050489139,0.145031038746221,0.208659631617853,0.13455872657061,0.179167581927289,0.188022856046924,0.167287911413003,0.166815721877336,0.188915487915112,0.189771835134294,0.187658986420219,0.132204611095499,0.161631547085268,0.17337788283439,0.199009568450461,0.120838065249688,0.117017006937386,0.16736493874521,0.0480829324134356,0.170704636127079,0.184971435680628,0.179002954737114,0.174472463583023,0.200637980565588,0.18720129202828,0.152340052008352,0.215741122857214,0.117882836452197,0.184584200046291,0.113230614232038,0.255450687501451,0.199629807940483,0.331886424055397,0.213949423625051,0.18170110402236,0.191947048399524,0.295128885450235,0.265793699810104,0.188588939206457,0.221680292363973,0.123265702897968,0.165777308871371,0.183534821845777,0.194106466567397,0.168210885685511,0.227312127488837,0.218301042586839,0.106246477525211,0.0900260093711364,0.209517891315463,0.298957497990128,0.18147370350521,0.119853198513111,0.17157741088958,0.180296830947748,0.248811476731775,0.221741087560947,0.208278916474655,0.133556771102362,0.291626179674172,0.177179068084185,0.162578918185069,0.124699463100281,0.190894617847024,0.193029190701328,0.0828121088140795,0.150672802801162,0.248612808395942
"cayennensis",0.244413936168676,0.225248333982039,0.165504528632572,0.194080372888883,0.191755969109762,0.197604631589044,0.212736247845887,0.2537766596079,0.188714346421398,0.157429231797433,0.155146246454574,0.121311774349476,0.24942745786078,0.235496488580689,0.209815995198634,0.239804314988119,1,0.223044594147739,0.158021699653882,0.159616087374082,0.169880784594132,0.15058288205984,0.227342768609709,0.183400522595036,0.227355746397697,0.17142095178869,0.168656896183035,0.202489327437738,0.205827656265576,0.184826770230128,0.126573899430236,0.177896669430841,0.255713332403049,0.155926424380255,0.208543420889909,0.198622582757062,0.233001236736301,0.19589882341896,0.245679507219962,0.191797695435148,0.218753480639465,0.135596781837189,0.179333055765743,0.168359922285673,0.266749990428321,0.1074761127224,0.118410751348556,0.224246008090502,0.0590879119102489,0.203613230406642,0.231420836668333,0.220150579926585,0.178447621329968,0.233080998345449,0.141345555191088,0.195984315088879,0.238204955257802,0.156056225535961,0.203448907419486,0.163779685370244,0.234674869732857,0.224242704187261,0.228686115560536,0.241577724664539,0.234675706114984,0.245837199646627,0.259239141351393,0.227258911270483,0.180561929485392,0.240091718879766,0.138096910593613,0.224640683424342,0.192366060198844,0.183206607344455,0.208008587294094,0.220828133284313,0.213172808190577,0.117601545854019,0.0981870579822802,0.267491848622528,0.227164251049276,0.185155686335977,0.107024992498869,0.23754710852275,0.217646181175137,0.244987467846326,0.254022591571059,0.168396716478738,0.223714101633519,0.214801727044649,0.181906551753251,0.187777388532234,0.152041983032883,0.235214754022909,0.213413960513995,0.0884756737299786,0.171282835399673,0.286048973872261
"chartacea",0.245339708328696,0.309233059014477,0.183912049571959,0.210696000301,0.235065671046784,0.205314613327948,0.230054576185078,0.227357087728675,0.225782676452262,0.138570558260359,0.155103577029299,0.113768232991029,0.232728057317336,0.197633806362036,0.190656113126168,0.202832206957596,0.223044594147739,1,0.157822638813034,0.142472699533725,0.380635488198686,0.133293973324872,0.250852440381711,0.171110119123582,0.221679250024109,0.132708897966337,0.18168615954025,0.192359129858191,0.217849207918603,0.425240617332169,0.114050513016317,0.16480281418923,0.26060668128964,0.126054262668716,0.193090109127053,0.151565666220634,0.194115854917685,0.20443375535212,0.187385389258986,0.209274679653302,0.252223370758199,0.147026645568636,0.163798687237259,0.140201962819942,0.255603497206203,0.0963984510005929,0.120401452205472,0.185924865226924,0.04283557804838,0.218091656733434,0.196095770892755,0.204796570568778,0.431531647408939,0.243374433175738,0.158067009449855,0.183044192110322,0.257200108543588,0.130855638622328,0.175820819405434,0.12547859062099,0.221336619520409,0.243905935040821,0.225570569928699,0.215735215908338,0.263514080552087,0.248510296885746,0.229334347043703,0.222501354901497,0.183311871905049,0.236736692597238,0.140374902971655,0.228008658688435,0.188439141397296,0.180298930100863,0.195439609964817,0.224570320705642,0.212932369371951,0.115995430749257,0.0834085655461223,0.257725558092026,0.23529384877072,0.211379914025163,0.104291617647715,0.211242974523625,0.197086468468458,0.196433811244757,0.233563433348238,0.213243258892856,0.175835616030135,0.199707729965716,0.19353925093,0.212082541057812,0.144094939816479,0.218936529023951,0.218520933592783,0.104115186547057,0.145699220867378,0.287194912072558
"cinnamomea",0.222900619419591,0.149126651329729,0.111853495966146,0.15677630148405,0.205994929052938,0.149024397780531,0.198444518399705,0.349215619111873,0.128814387107238,0.10025529306609,0.103754487464934,0.0810185674609119,0.16696925735834,0.162231796929976,0.131604327667964,0.138202528558308,0.158021699653882,0.157822638813034,1,0.118405301230619,0.118327693746054,0.116144556840595,0.181316745038004,0.209323202858448,0.197635771899015,0.0984671052751906,0.132943217378386,0.159123264183888,0.126411786998951,0.143743553970701,0.104982726857243,0.152796219061555,0.182442443626599,0.112103641704451,0.188165149337846,0.122502610192722,0.174052621642673,0.152860605066274,0.211010351003489,0.173356798418923,0.132571342800888,0.106798666034989,0.118592350052159,0.0929716962248786,0.289051148120064,0.0825980036912299,0.10487024077016,0.201710183051333,0.0353525860029538,0.202647713292474,0.157009194396817,0.171857338804771,0.151014933281954,0.172075458916101,0.0974163273900823,0.165046173710503,0.145713262164376,0.0934959293937437,0.126772652228233,0.0983097000625525,0.136976383328439,0.226100044506209,0.186243927145252,0.282262466822427,0.154130812086934,0.193327469483668,0.147894779369538,0.163115529036705,0.139222457542905,0.16825180729194,0.113307755539743,0.184411737487981,0.120244965953628,0.1261778690338,0.178687170990046,0.171102865338628,0.145543891444649,0.114054499531942,0.0619218936167829,0.220356691262602,0.204998384741506,0.190536618791915,0.140738887998628,0.20600453716679,0.194820674636263,0.121296940909291,0.222426703829777,0.103852772945598,0.200125052521879,0.15341835323496,0.147818476961806,0.122847613524471,0.108264994466079,0.295714073153197,0.226625762050989,0.0861395459278235,0.114460620886129,0.184777819252832
"cocleensis",0.136476826492859,0.151705657225298,0.117618243746825,0.184711225162679,0.142208811702215,0.119970624199154,0.166475840793623,0.142625680153053,0.129170594254078,0.100656118798317,0.11633765144754,0.101534712086252,0.130865444797279,0.158083872505207,0.136874212065952,0.140032987065823,0.159616087374082,0.142472699533725,0.118405301230619,1,0.18964400468281,0.134662745684487,0.174013329454564,0.100170320261397,0.133357808958566,0.121105740092699,0.165926160239566,0.172988174870349,0.124976903699682,0.113391102591593,0.0888492259724298,0.126175991151278,0.208159253149598,0.155202344172059,0.125693149192202,0.122645491449676,0.13210629117236,0.100585719704476,0.128316306557481,0.1067205872842,0.160916108542329,0.128158391521816,0.142169988472471,0.12098091940974,0.120966634765851,0.120784391815029,0.0956199090319062,0.232367018829472,0.053997880950406,0.12060419802093,0.137977381480475,0.139435069318954,0.125871079861828,0.137190415021277,0.0982150038930316,0.158334506273307,0.164957088521884,0.13409529778277,0.161277851533796,0.13397490621157,0.168198935336136,0.156985388462071,0.172490054831355,0.124698158324171,0.158765401085343,0.167763921264214,0.1310208033446,0.199677425123944,0.138394387855031,0.168934582668718,0.14188353961155,0.166391558695525,0.149581122171039,0.132849731139486,0.180557216161482,0.170091603090529,0.202879686533676,0.103905040052115,0.0817117652779191,0.237151647121871,0.189888157840281,0.15240834711536,0.105800610495695,0.18475141823146,0.117009341580461,0.176261037895635,0.152229059725335,0.151793022363392,0.101706450108368,0.140460631190579,0.126610277460897,0.117762743595715,0.203680172611019,0.121112007217925,0.138064898196203,0.0910767073899437,0.101996869888092,0.150443283252278
"cordatoalata",0.190772284999639,0.195990039295943,0.11962392449578,0.183666505070763,0.168886343423721,0.170744431505407,0.270166702470737,0.184445271692315,0.154512115271055,0.131518021276675,0.14319021609922,0.0919590055277092,0.172845960993778,0.216794414719119,0.178446899698983,0.1612934680861,0.169880784594132,0.380635488198686,0.118327693746054,0.18964400468281,1,0.122397075819884,0.259856487356497,0.133078805396044,0.152301566319014,0.125471875543867,0.127889048004694,0.188168284800318,0.190950292346701,0.384706697562057,0.119325411091106,0.169524746413217,0.233246103490194,0.219464940303827,0.177260115611185,0.122915113096093,0.163504677409288,0.141127702669702,0.133566089531264,0.146926005303024,0.199515259636424,0.158305400863589,0.131096268373555,0.139533023354573,0.162212546413406,0.155277475762804,0.0896649636930715,0.225487406909631,0.0735738040518101,0.211926320495462,0.142597100003423,0.154193033899503,0.423911365415101,0.178720801338611,0.119172189858901,0.188113837557389,0.258040281050212,0.115065436773228,0.193206227352796,0.122692920872182,0.193711022048431,0.188545438683774,0.183528466168407,0.1715361442844,0.155677554105649,0.234825532524923,0.148832232566635,0.193937775120047,0.160439511554272,0.255302002986206,0.162288700393214,0.144764258348144,0.17824514294383,0.168951187909539,0.191719254209572,0.256686435074123,0.155130450353084,0.0984427434083288,0.104179803298434,0.223886526823431,0.169870980475995,0.235211220060024,0.103202005918576,0.21903411712912,0.127536186175957,0.15657780596001,0.193155180434285,0.20335488656526,0.150705839157367,0.182963443901858,0.130958688636267,0.158269054353927,0.129523803497911,0.165567824974441,0.173895138889964,0.170767355289508,0.109351869633311,0.206665311658627
"coruscans",0.128227780136034,0.173164787722197,0.120191804693275,0.161328160552282,0.137239971742112,0.116966150445291,0.130556264010008,0.129605509264369,0.105150730466495,0.132451873662889,0.143321652593239,0.104717093202953,0.103679481732874,0.140437689986551,0.139146568672732,0.120879702494538,0.15058288205984,0.133293973324872,0.116144556840595,0.134662745684487,0.122397075819884,1,0.186673389287317,0.116594185312149,0.129909641415672,0.0919058063502445,0.134130159712702,0.128702494581661,0.1609423111697,0.104616246319004,0.0782797129106023,0.115359137576992,0.166935300416856,0.134112440175694,0.129883184541868,0.119969398376935,0.113451876521808,0.137372036986309,0.107875714722307,0.12002354426101,0.141840627435253,0.146755697595265,0.103944854124116,0.119685451699098,0.152163741293084,0.0854260123537294,0.0782765124050055,0.117533612997096,0.0488710911449325,0.102850709682961,0.183924136826579,0.148335675145269,0.136889683369528,0.135389207559888,0.0830941729854998,0.141772031059834,0.148414973516686,0.165683808397384,0.118007414013069,0.1208748815155,0.135722900272692,0.15444440823314,0.181498161375703,0.138342656719903,0.15162068903673,0.137297331627903,0.101375306995787,0.141543879904911,0.190052970871859,0.139403617397126,0.0919664388894776,0.109864644144061,0.116862285268569,0.153204803142611,0.145076689739199,0.155495204296605,0.106748653120595,0.0868904131648701,0.0708702937453505,0.14435899099923,0.123368822367721,0.123069902404259,0.127582207347579,0.128836617231259,0.0896021165725121,0.129172546825906,0.143223897700067,0.170599268632982,0.0801022707880887,0.125748682088021,0.132146486195999,0.145587410869721,0.120154576489466,0.129878281839156,0.115766883612411,0.0632671557721548,0.102967043815003,0.148622415437166
