"","acreana","acrocephala","acuminata","alata","alba","aria","auristellae","bourgonii","brachyrhachis.aff","brachystachys","brachystachys.aff","brevialata","brevipes","capitata12","capitata33","capitata35","cayennensis","chartacea","cinnamomea","cocleensis","cordatoalata","coruscans","cylindrica","edulis","fastuosa","flagelliformis","fosteriana","glomeriflora","goldmanii","gracilifolia","grandiflora","heterophylla","huberi","ingoides","jenmanii","kursarii","LA17","LA41","LA48","lateriflora","laurina","leiocalycina","leiocalycina.aff","lomatophylla","longiflora","longipedunculata","loubryana","M18","M25","M27b","M30","M71","marginata","melinonis","microcoma","multinervis","nobilis","nouragensis","obidensis","oerstediana","paraensis","pezizifera","pezizifera.aff","pitmanii","poeppigiana","punctata","retinocarpa","rubiginosa","ruiziana","sapindoides","sertulifera","setosa","spectabilis","splendens","stipularis","striata","suaveolens","subcapitata","T18","T21","T29","T50","T51","T82","T85","tenuistipula","thibaudiana","tomentosa","ulei","umbellifera","umbellifera.aff","umbratica","velutina","venusta","vera","virgultosa","vismiifolia","Zygia mediana"
"acreana",1,0.210575891121298,0.126877497471914,0.207832327190708,0.196033688636326,0.140497169361419,0.20389753872949,0.213744404521062,0.225868606242056,0.161751184741425,0.131236606878063,0.132540977013158,0.128451213465132,0.208293634111618,0.173520280801571,0.141047079761395,0.183443914173224,0.207770368521185,0.081230913453047,0.168714150634439,0.173484233699226,0.168084097382545,0.186492958075198,0.226691332139879,0.185563361241674,0.116599177577812,0.210855511199871,0.196211145570029,0.171516111639519,0.193448211345506,0.203629947621636,0.172457926185026,0.212655124295455,0.181717098622564,0.14967613890745,0.174677596511723,0.203290387010247,0.157091962040615,0.159407073703772,0.19903552854827,0.14151328363018,0.207816215447814,0.136269814421805,0.192585303258729,0.192603151048655,0.189298069978877,0.147802821244704,0.215673161096909,0.18214672324446,0.167577802321728,0.142831048159726,0.1812179360204,0.150297261489158,0.158521959285718,0.172769437569956,0.220667233054934,0.184727644203931,0.149055160327747,0.168129462384415,0.184063395449534,0.208956037073904,0.175981076312937,0.19097018806409,0.177035296995879,0.227776823759852,0.219126370442402,0.163213824345332,0.17632402315292,0.185006841438094,0.191866475533866,0.15700531915483,0.165859729463654,0.203580243132227,0.176248447235661,0.168469047571517,0.181156292714118,0.164700497226518,0.112570249922835,0.150213653823597,0.199660487545948,0.157907765499605,0.182462599180269,0.146990531876116,0.179030338145263,0.197033797667151,0.147178951817227,0.205888185595768,0.169819674058685,0.110234839474293,0.179000349963921,0.202432205656179,0.177633852449196,0.14481575472462,0.185481086509299,0.203627093761224,0.122752234065195,0.223056251486171,0.273191536677432
"acrocephala",0.210575891121298,1,0.232916259814159,0.261831576857737,0.309394992152298,0.211727613968161,0.307013502545967,0.21215801702857,0.251661157422241,0.223666259182085,0.22676281922092,0.176314184382437,0.148834154284639,0.232685716442941,0.241938817637601,0.195517213354678,0.224099474445216,0.24403797733552,0.132061509930908,0.114574103338906,0.256209515892203,0.162720208181953,0.189487693197765,0.348983656115399,0.289382443048103,0.0997165819713182,0.162160039360839,0.274236489773659,0.260137294090905,0.152204667396433,0.178109696778496,0.240229925470352,0.337651729722829,0.341166890692714,0.234708398424853,0.257746974204003,0.167931768918352,0.260726133394289,0.183771114597244,0.21367543007448,0.211224828840611,0.24521869724222,0.140278576101797,0.324838090318335,0.230283252885856,0.212705744298193,0.142444928767245,0.318841026602361,0.237266774460752,0.217520177073278,0.290316394379821,0.270050926495604,0.18110536935186,0.277064677436774,0.253191065145158,0.245127288307988,0.208033994132191,0.217473526100453,0.192171819855719,0.227610446434096,0.245025949014138,0.26603994375402,0.204572655778411,0.178980034040155,0.347774726366577,0.236480805135509,0.236668078508043,0.273808614547168,0.239762444702366,0.341568163753677,0.219917978986229,0.198841397528043,0.308904187040071,0.217344360556493,0.268213816632049,0.234890537228263,0.287450609642577,0.135698956524601,0.185197976691005,0.239755362354013,0.183615776526931,0.301129472990172,0.198553223722286,0.193688302511061,0.122106681974578,0.160876841860179,0.278947908419526,0.319385238626947,0.0842879103715825,0.309878171142774,0.182637804570513,0.265316004390935,0.298421315005875,0.174529714581378,0.231295603038091,0.20009888268905,0.220239956004711,0.230807657423583
"acuminata",0.126877497471914,0.232916259814159,1,0.166009197843182,0.148035364551272,0.132508028028317,0.178371905548101,0.144077666587726,0.137951283066218,0.178431972934076,0.12327548413755,0.135609710865041,0.14672136282737,0.140137854230709,0.137761034969206,0.0958422805840655,0.184647164698633,0.146214356108101,0.056976517226169,0.0936787107243055,0.157570374492774,0.138970548960876,0.11946977284452,0.169395528155784,0.130947134385273,0.0646588776823515,0.224075029367372,0.205033181571372,0.118303244308602,0.146732428873003,0.111039613947269,0.130014543888872,0.151497232133459,0.163200053195894,0.163107717340033,0.139840007942806,0.116729953562187,0.14882128490131,0.11776757741687,0.179480409956109,0.141812402879444,0.114193039444678,0.0957880995482006,0.210679088867327,0.231498908038039,0.143933698454998,0.103248583688905,0.122472914390488,0.139780301866376,0.103480689253371,0.12566531014959,0.14908245710596,0.106837862089956,0.172745082727841,0.16638963405443,0.173090614161815,0.187350821251652,0.227367110369877,0.151208636520452,0.178358981788727,0.155993025673687,0.142419646687541,0.167448714705633,0.096086467295825,0.158203838802968,0.157531799184129,0.1352203307213,0.155445176310118,0.144720714179287,0.189479530120122,0.124323681082239,0.146589975052888,0.179388348531442,0.112327840554921,0.173827453417772,0.140897825803274,0.125231895332502,0.0812107331527279,0.146964403130987,0.188228579519123,0.125091564535903,0.145252301588955,0.166074934314146,0.118245085107417,0.0838577617338017,0.106804853882527,0.150170814073712,0.124293065372781,0.073852359260869,0.123900597811594,0.164258355886185,0.143637967452697,0.14576661413174,0.137502616559491,0.131037336739105,0.103265024600402,0.166960143686947,0.174266672204372
"alata",0.207832327190708,0.261831576857737,0.166009197843182,1,0.241423665559863,0.156397892717797,0.283502677674994,0.22585106442343,0.242830098354389,0.187705561279782,0.150150781005905,0.215657737438156,0.161291966198444,0.236098140629622,0.215035672029242,0.268071184947325,0.337908913335345,0.258293807172234,0.120265481585088,0.115486295288368,0.276004509405261,0.209529849920654,0.189376547333121,0.289352958223758,0.190112085473741,0.140552765391788,0.163168075108595,0.205830043919951,0.186807140042206,0.135418837825445,0.170274319899249,0.171746268980089,0.263747955325918,0.220763687063903,0.196155063309228,0.225489788883668,0.204780042323431,0.180750547500238,0.185258840664021,0.164450795832556,0.158978342047811,0.248262895235091,0.146098995102805,0.203926708892185,0.195888497829426,0.224676502190654,0.146101431897633,0.251377844877557,0.198673057713074,0.157454658245049,0.170483711696783,0.190039867456584,0.151600908621965,0.178225423204198,0.197995691349053,0.223292469793081,0.202692907104531,0.191265667305137,0.161871138026179,0.201280666080443,0.205083572169777,0.329966188927546,0.194471985895406,0.219154326008867,0.25753716156408,0.258681291075279,0.240849033831513,0.222119620500108,0.189827498592894,0.286911672205996,0.18003676211513,0.170083561904342,0.275358142806065,0.219856633118244,0.2008370379709,0.212417659340473,0.187302533915301,0.117803505014536,0.154821722084902,0.223312668137428,0.196372830052954,0.202858263147149,0.198969536375251,0.209540344058788,0.146618688553868,0.204342593411845,0.179912554406325,0.216263986398435,0.0991754259186531,0.288878711129493,0.244125652083201,0.186125666412742,0.176928367785575,0.176750611399124,0.221428161937492,0.153251195014307,0.209044775608406,0.239778674570289
"alba",0.196033688636326,0.309394992152298,0.148035364551272,0.241423665559863,1,0.186674112709454,0.289058901411195,0.232245732850374,0.22181661470512,0.290563536771343,0.294783861036493,0.264294449271059,0.23964305569632,0.20029426597706,0.174031961582583,0.190064082331735,0.257885923005686,0.218276714970873,0.0830551125509632,0.120653834901204,0.23005516770328,0.165616851737667,0.18693196783721,0.282334156753294,0.229587367218211,0.217430205143745,0.157480074560484,0.22810488604114,0.20537004627767,0.133509785549354,0.188665471465566,0.306306035426973,0.321415289503769,0.32685247884914,0.286572204130556,0.246951898490159,0.172569953043311,0.250955843816715,0.195349935592474,0.196201065917163,0.291025023095729,0.230228076791523,0.118987177939423,0.266398289451581,0.18621132814907,0.185814024201492,0.251676046003624,0.331019337245546,0.326877035761456,0.293795818525466,0.245574706713535,0.288638113040408,0.155699862401679,0.30939309987098,0.194986632128207,0.250222202867346,0.196522057591591,0.173878932319474,0.261425405068674,0.203105103398738,0.225372551308339,0.298097913928152,0.194222390132529,0.170532539067763,0.296964847340489,0.212733595977854,0.24728864806276,0.245030352580031,0.200183536316178,0.285136707078973,0.292046027261772,0.154699578949916,0.274095226779366,0.212476149179416,0.225487366625942,0.229945196133829,0.209852695839803,0.105713360108854,0.150074507666324,0.257041270507916,0.176626872880525,0.280398315867056,0.179971458126378,0.194057463925438,0.128325961345636,0.213646651897638,0.242010027993801,0.266155719143389,0.078454157212436,0.391366327099565,0.165894403135848,0.292361624361777,0.184621817404218,0.179776674891824,0.229837168969874,0.327860169991633,0.239276334806994,0.199865766807487
"aria",0.140497169361419,0.211727613968161,0.132508028028317,0.156397892717797,0.186674112709454,1,0.25717441727409,0.189966901022118,0.145117154287583,0.160420619890552,0.146983359183661,0.114282506555126,0.136277567094309,0.180357985790527,0.126700822283474,0.123190706702154,0.128994281208392,0.130000898712394,0.0459496001923007,0.0805130736711973,0.249779398344008,0.10210508372536,0.120608613768059,0.171737301568249,0.331345041040156,0.0585012334061515,0.15032594304553,0.196691794354008,0.224741546402465,0.113296489498723,0.143094265196684,0.236653145127854,0.221901491468793,0.250966287588047,0.149492287838908,0.169310728385495,0.117736090992359,0.236492116908355,0.133838922559286,0.305339676244788,0.153231259848368,0.138712573959139,0.236719381578161,0.207067343420402,0.150149878866175,0.142633189252978,0.104947698677394,0.17458629643076,0.190553841598195,0.264239455923096,0.306961234292281,0.203919773884751,0.0858796928856505,0.256646616992015,0.176509853339686,0.188075194206494,0.158799392392362,0.156680133309133,0.216998919450432,0.167547876462025,0.154667136066721,0.143505837610761,0.153046653453116,0.12479804735628,0.217645930156014,0.177320249900352,0.161157717928963,0.247408528473312,0.221080544393012,0.238698276894356,0.206723445816592,0.152904818056336,0.173640509404503,0.146480973415625,0.193169563922038,0.16813314414226,0.200555495665233,0.0859525831009827,0.115119348589858,0.179577759923049,0.112825500300979,0.223495922544055,0.158125600099393,0.122654142375137,0.103657690495817,0.0881659781492165,0.27775942585408,0.242404506750364,0.0560127478617797,0.157738091639083,0.162007358848381,0.224061918227289,0.214926302542101,0.135867205799329,0.144735607915917,0.146650131168506,0.148662274998018,0.164101876143636
"auristellae",0.20389753872949,0.307013502545967,0.178371905548101,0.283502677674994,0.289058901411195,0.25717441727409,1,0.232387785500542,0.23074820478717,0.182490582281751,0.243494430733205,0.188850509101976,0.196244236086438,0.251538022743231,0.196853227447078,0.255100579502319,0.193559330855114,0.222625225612086,0.0864364519453702,0.132116726526093,0.429133506459422,0.142840659237435,0.195640709646228,0.306460258212071,0.350087124691787,0.09839955165736,0.19473351488063,0.253355915004748,0.241588368980221,0.178934460883369,0.22526379430617,0.271231917231131,0.366109436272301,0.387301329452459,0.24087327340235,0.249250991566349,0.176342080587872,0.317761137071457,0.195220312613724,0.248755762123758,0.241495724975764,0.213009804725643,0.149401278156884,0.300751055538325,0.19478683373879,0.230809339931119,0.169678560997002,0.313234199114345,0.235720337792905,0.222609589586478,0.341579771020212,0.305076259947982,0.136584940727199,0.396839216225054,0.275888202980102,0.276174183555605,0.224211568928463,0.219235071296672,0.158303381681623,0.230881198087843,0.243158097988274,0.310521811674155,0.228132179202853,0.196786752429378,0.350420911674639,0.295624553484852,0.224114590378383,0.334184339845083,0.281962997162694,0.438473134324481,0.247761406698374,0.214158518454833,0.286658238869928,0.224017009385799,0.333946912687114,0.285349465342296,0.262107812336778,0.125005994875763,0.154894034984768,0.302416087987443,0.168836614191217,0.321954718438123,0.226040539818724,0.19319608886358,0.178898253344118,0.130217909586921,0.330921162141231,0.335444833917373,0.0965332109347423,0.267353734345658,0.280417441640089,0.260915038349531,0.292511992585281,0.167503419471697,0.214968142701527,0.196715557287482,0.195962092189167,0.256193794716268
"bourgonii",0.213744404521062,0.21215801702857,0.144077666587726,0.22585106442343,0.232245732850374,0.189966901022118,0.232387785500542,1,0.185589952513185,0.141956653633713,0.124026150447754,0.142249766855803,0.156494372937398,0.18468213686691,0.165166045093129,0.159792279646863,0.199218877285112,0.189090766132645,0.0838713761024616,0.108373215784883,0.231307308640368,0.16364677064446,0.166744016866241,0.218206281587541,0.166981087827179,0.133875201317351,0.207401786023535,0.195068810387745,0.227482297049274,0.156771379521579,0.191331907454469,0.202350364933565,0.220236267027825,0.197386708500774,0.168103171887641,0.180064121794569,0.183027402164591,0.167859426859419,0.166083498271226,0.195438979559051,0.132121059179516,0.184817946005548,0.207476530441883,0.238561216965467,0.205528616156969,0.177310170773268,0.12848288327774,0.197601563762088,0.208367428469959,0.142989661627007,0.182703261212896,0.189348376718462,0.150467321674644,0.171617544746901,0.177513185724492,0.168229743011516,0.24590643310743,0.195836740340396,0.226194347164173,0.212314880816412,0.224479663644744,0.16694121534976,0.195266238974866,0.164335324877772,0.216076466010907,0.182897217915526,0.157906145543571,0.183655590784449,0.18907369093034,0.216405732684251,0.152523227141116,0.188172192348112,0.208153934575364,0.162086953455951,0.163796092668066,0.185996446853945,0.162848730726432,0.0941970486969405,0.174560316018012,0.194715102444517,0.164204572164248,0.152023823730258,0.198580643444202,0.150399059360465,0.126839909227643,0.149536402774085,0.193388762069702,0.161532170924841,0.0931505878624621,0.168581160345833,0.187003289249228,0.133692116295132,0.150938642510946,0.169923543912899,0.218738118123725,0.138664123140023,0.196756411015604,0.20566853402695
"brachyrhachis.aff",0.225868606242056,0.251661157422241,0.137951283066218,0.242830098354389,0.22181661470512,0.145117154287583,0.23074820478717,0.185589952513185,1,0.181798265003744,0.197158245340486,0.17228246802668,0.133449620842497,0.184515808911287,0.21861396649658,0.190386373240116,0.190281462073692,0.221953699146597,0.108915054881406,0.135119802792319,0.216278389449518,0.18260237187837,0.174408136137445,0.238383997592792,0.20189611695445,0.121409306364709,0.195390290825516,0.209917999523422,0.203899011828696,0.161533721496119,0.202581756715781,0.194775048307112,0.239332115559795,0.218343303842773,0.180165433216411,0.219914622714358,0.163013213295694,0.172102518527263,0.157186441624877,0.164373949695914,0.17963989316971,0.239159953892922,0.142981630916166,0.210337184343653,0.179833090622436,0.179557253205554,0.132818635646058,0.222679703998625,0.196316352017284,0.177082599184652,0.172714457476227,0.201939834000728,0.149874019716033,0.187188401663677,0.232478352630004,0.24211523461312,0.177963924578842,0.173689549838931,0.14996718874161,0.175891071497066,0.210866640324007,0.218002712737602,0.184628818001503,0.182285404743822,0.254772393932349,0.224496774487133,0.21555834320655,0.208154906173,0.196754736288418,0.216227484208071,0.213721205614771,0.183994105309522,0.218319589490553,0.274814661624614,0.163590467606836,0.225155000656478,0.204793424084114,0.109170258127711,0.176223005547459,0.187149373465658,0.199631522423652,0.208816876912878,0.173812556859765,0.209197917997848,0.126263266155331,0.157898067820524,0.189218437607439,0.251683903010328,0.112277350246221,0.235604943667381,0.194699212523066,0.182046760343356,0.194479246756036,0.15025813960594,0.211481950595021,0.146315810150937,0.206779509307006,0.190231232635454
"brachystachys",0.161751184741425,0.223666259182085,0.178431972934076,0.187705561279782,0.290563536771343,0.160420619890552,0.182490582281751,0.141956653633713,0.181798265003744,1,0.324625230227188,0.289461724884417,0.216855246235512,0.151235689705253,0.165365864400483,0.143327151490566,0.200504101303275,0.170590509236909,0.0794173929767463,0.077723582638061,0.145915259511815,0.143917115221185,0.13093479970582,0.199033132576224,0.177248135122471,0.239661677900012,0.127152550972757,0.170525067641223,0.147673048697422,0.100277308467528,0.141984773180296,0.388586453268189,0.169169659038609,0.205594968584482,0.332581666268997,0.143321655327245,0.131360891219521,0.161869127491635,0.178144543151304,0.136890349667329,0.351212996597234,0.190393785216623,0.104212802696929,0.162243118140744,0.196795115805155,0.134727613894276,0.371455460726007,0.152325764039661,0.310785831098559,0.325484123287205,0.137721771244922,0.158939410083863,0.112679091777507,0.155156168542191,0.157419601142329,0.186831145742506,0.141815424476028,0.143841624427476,0.269300764622593,0.146885298701181,0.156487727363004,0.171572133838263,0.14166652260497,0.127416531116684,0.207468410008395,0.185228064656087,0.163666374001587,0.156889481542848,0.144739857324262,0.188471218182502,0.330621996720205,0.149716452325194,0.204127449482178,0.191392682972174,0.174416220991703,0.156807274718941,0.15581127901104,0.0966380420536619,0.123986178009976,0.172409765282541,0.154044225906518,0.194498031753415,0.134778160797825,0.150330566553406,0.114232917103335,0.145726705483431,0.151210106855969,0.166091302637833,0.0678649684722445,0.316579567651389,0.123382141700805,0.32289889993886,0.199929171845488,0.150190339006366,0.203677737909733,0.382200964437039,0.200692206405028,0.172832823400247
"brachystachys.aff",0.131236606878063,0.22676281922092,0.12327548413755,0.150150781005905,0.294783861036493,0.146983359183661,0.243494430733205,0.124026150447754,0.197158245340486,0.324625230227188,1,0.289313396846391,0.199084009772263,0.189290782464148,0.150983962773982,0.157595234602146,0.121477467355655,0.15317873036697,0.0399759173989713,0.111459924878925,0.180755152296751,0.106804942951263,0.118837933706322,0.215897074420796,0.232217786067845,0.213835217236242,0.12702535294648,0.145976240917201,0.191892541406011,0.113362374963452,0.149066864537583,0.433797174420356,0.239754830502967,0.222762930200106,0.353176622347787,0.18117835627313,0.101906854203789,0.166937940423964,0.123018713727008,0.171906212229504,0.360357393785505,0.155541472122888,0.0841270753993112,0.200408705649178,0.127932276528773,0.176710666228782,0.308468524933384,0.237130634938839,0.328847235608162,0.342499623935929,0.294676589546048,0.163141512681347,0.112709116143179,0.228668351691755,0.196477539981059,0.212404026577873,0.13980062309582,0.13608704003507,0.256968263046808,0.160262304856044,0.183066922428545,0.186153492562112,0.148357166278856,0.12285758931117,0.243253929338992,0.160454937267262,0.180176078443175,0.22411902030661,0.214868306689841,0.315811262523623,0.383598199862219,0.122235560098062,0.222847043060102,0.178053463626962,0.291211860457649,0.24347894174378,0.225938781754519,0.0658922131668836,0.126109108061063,0.189008601520916,0.123577024124807,0.286779675241513,0.14385664734026,0.136866262040111,0.0861389801628557,0.107041166006789,0.222895436230281,0.242989425133274,0.0446381389526246,0.317471543473803,0.149746871766021,0.368151054143721,0.222148958545196,0.107444413937286,0.144489781189638,0.328613017567744,0.129582244171917,0.142729499177667
"brevialata",0.132540977013158,0.176314184382437,0.135609710865041,0.215657737438156,0.264294449271059,0.114282506555126,0.188850509101976,0.142249766855803,0.17228246802668,0.289461724884417,0.289313396846391,1,0.287252347332048,0.122452761743186,0.148667710576531,0.139794362404378,0.138595512194258,0.147495681831328,0.0542445111214858,0.0934670822914854,0.148713517191508,0.122298495200723,0.117269477759451,0.147760922796141,0.127776443437738,0.232451232020787,0.112942548784687,0.144093289557786,0.114687650409871,0.140659313456121,0.172726506848741,0.3178642610215,0.149601548056783,0.138088979087821,0.310343832744157,0.131740729287833,0.117764511082635,0.132330568545554,0.128037972143469,0.136729942838681,0.307410430299159,0.116143767074517,0.0992868526662827,0.1534042080713,0.152402363473075,0.315041022522768,0.276757611321447,0.150612896584818,0.290083204689561,0.249887758874958,0.128954044562363,0.1441615089288,0.120893945038807,0.150333217537159,0.150987857056407,0.191359639125849,0.179959550552534,0.151212530319521,0.236271390927562,0.180932575054689,0.162780275761413,0.147263986940969,0.139799864774069,0.119787829352802,0.162842357282652,0.146130127831433,0.15776219188162,0.131334460663475,0.159556847228795,0.208808396227449,0.299866606914681,0.143354032904483,0.140354330628649,0.132198819442901,0.138863497590149,0.140405915952152,0.146658326667702,0.075902504851225,0.123386801792246,0.176478664794338,0.132222589687287,0.178381585133535,0.151204778455999,0.131531110339248,0.0915418630208315,0.13925605580041,0.128767074815893,0.142673209989887,0.0584391742745062,0.302018298737772,0.149254858506745,0.300279758825285,0.138619716779473,0.133150419925801,0.138229796483145,0.270543478140031,0.131511091244547,0.138716683142224
"brevipes",0.128451213465132,0.148834154284639,0.14672136282737,0.161291966198444,0.23964305569632,0.136277567094309,0.196244236086438,0.156494372937398,0.133449620842497,0.216855246235512,0.199084009772263,0.287252347332048,1,0.130150181751234,0.114410826667764,0.106027397974044,0.127891395551975,0.113377737914495,0.0396563601359218,0.0833253405356573,0.182231427351374,0.107095176518779,0.129433700689237,0.161133569404488,0.144470745637183,0.16906502143945,0.142663582353137,0.157832660411287,0.130100355452932,0.147010225995118,0.166009905146451,0.224804467759374,0.161426385786858,0.159157957850044,0.241497644784665,0.125860637825454,0.125516207193843,0.140481210147163,0.120532101748407,0.145603169070176,0.202993323278521,0.10509600999172,0.104503738766654,0.227251096394563,0.140164265489946,0.191793611183583,0.223046598141211,0.126275762807481,0.25991694563216,0.20353633371383,0.137573283011628,0.150295760007902,0.0819903467788304,0.159971061424755,0.167132865117894,0.125087449164492,0.183536870918401,0.151912959962026,0.233208749304923,0.168157685386514,0.169540302700636,0.127264275482317,0.158970583622067,0.0986939827641207,0.167224399117922,0.155440545859126,0.129014163427611,0.136434793850242,0.154773250022447,0.173297799401328,0.246966242636696,0.154242004717831,0.149901227497236,0.165237957210295,0.142535666107804,0.131194674093467,0.129443836921673,0.0760379171222697,0.143038376663646,0.176434922652756,0.123600803425708,0.165587800980358,0.171298883972969,0.11868280920405,0.144776014723357,0.12755126190344,0.14594303869229,0.16282433119387,0.062658826214339,0.231625376328735,0.174886151404785,0.211893223819997,0.152132483082217,0.124095861413873,0.119043442482317,0.198762277693564,0.144526750677418,0.153378048859379
"capitata12",0.208293634111618,0.232685716442941,0.140137854230709,0.236098140629622,0.20029426597706,0.180357985790527,0.251538022743231,0.18468213686691,0.184515808911287,0.151235689705253,0.189290782464148,0.122452761743186,0.130150181751234,1,0.165462943565927,0.159458082344715,0.218803524621416,0.181432110059332,0.0805420711560374,0.126505178814492,0.22512476141699,0.173041448619179,0.347676332966996,0.227309874762032,0.197336452554916,0.0985263824234913,0.163482195131819,0.18044446796358,0.187043139674436,0.137235629922389,0.175699055156084,0.191027476586769,0.214306480657968,0.20849002260646,0.181423654504059,0.178026885485737,0.174355909739297,0.176200527058567,0.153448203241194,0.219086523968544,0.135188592325394,0.19181875572123,0.119766308585884,0.212451062070696,0.169159057228011,0.164658804248985,0.128206782737549,0.175700248568698,0.203055679785068,0.208848941477505,0.165329010908291,0.17754822893974,0.13110530461766,0.179154843406862,0.172701084115101,0.195108018792858,0.174428936455445,0.165257283148387,0.167791320207228,0.172960410195769,0.211682037284033,0.253916782195078,0.177941431742782,0.146330276183951,0.220519432006718,0.241375616768696,0.184609250468002,0.230015826360654,0.214749261358884,0.213017073708126,0.201645128186601,0.147040233408913,0.23180743261561,0.176191908527784,0.160673954889839,0.20424373112694,0.192010566764881,0.112162122325392,0.146940656559936,0.193321318235951,0.152520020022903,0.224196297534695,0.138141459944208,0.1462003768466,0.127043630115613,0.139564425954376,0.208205288486942,0.218689177113989,0.0868291488173348,0.189906781547525,0.150228568515202,0.196962084175329,0.160269056692274,0.332726862381213,0.19742092655204,0.134298905518608,0.178603375240576,0.245114540472566
"capitata33",0.173520280801571,0.241938817637601,0.137761034969206,0.215035672029242,0.174031961582583,0.126700822283474,0.196853227447078,0.165166045093129,0.21861396649658,0.165365864400483,0.150983962773982,0.148667710576531,0.114410826667764,0.165462943565927,1,0.19584831921972,0.169178101845971,0.2205610105622,0.318606782711085,0.0834818853255694,0.148497653007621,0.159776770248544,0.156755023924494,0.22990231513864,0.140119841557755,0.138290550373334,0.139010257246666,0.189247879361308,0.223855210089453,0.138704004614209,0.156429232979942,0.163583866136409,0.187621601284917,0.163205085966253,0.160840408742871,0.143411256553721,0.140745973003133,0.146500977074037,0.136845630607402,0.129519878544498,0.160280933446799,0.218603000981564,0.110375318043564,0.189026345908954,0.16632744362355,0.151818050259709,0.135404523977628,0.171802372461569,0.150230546246551,0.143945090723497,0.136101807383333,0.162442316610191,0.429651775117374,0.156126838939537,0.155150456440925,0.199958227346839,0.152161360967243,0.176574623963334,0.134530822999691,0.147564478366115,0.169310953236682,0.338854889862856,0.142200204465373,0.176963414691098,0.199413082525513,0.17233452082843,0.175553333011536,0.165604026490903,0.137020388495715,0.203954177619823,0.15623653187547,0.137321543692186,0.181836903610145,0.178686874220914,0.155874298743551,0.174586035158964,0.158273858944245,0.118221999133453,0.168640269483001,0.155858153832843,0.189408970399615,0.163936575528921,0.132228780885892,0.199582367950509,0.101545205665077,0.141762407490097,0.18237026534334,0.174769207447772,0.0822949559139151,0.209773267668355,0.131705444934468,0.189816242569627,0.166441202613998,0.124206523684902,0.220064248892765,0.150737232447305,0.161387626518725,0.226423394643886
"capitata35",0.141047079761395,0.195517213354678,0.0958422805840655,0.268071184947325,0.190064082331735,0.123190706702154,0.255100579502319,0.159792279646863,0.190386373240116,0.143327151490566,0.157595234602146,0.139794362404378,0.106027397974044,0.159458082344715,0.19584831921972,1,0.222896944746241,0.298597689202935,0.151947478048548,0.0886777225508488,0.207992165677861,0.126000113394606,0.121572819455913,0.238802816045666,0.182709852136459,0.412784365592575,0.126367382128882,0.187854513875219,0.145156585702134,0.127192909431861,0.13605096621957,0.137421312150273,0.309767372403939,0.201027568338957,0.154408269453471,0.234124818552092,0.124430491838814,0.151891075571078,0.129443427710234,0.135318735228078,0.136231818423358,0.2948147172876,0.126981568511859,0.149614924977388,0.12151083291897,0.158768154367428,0.141781540177498,0.253190133636737,0.157253294490428,0.139941577344662,0.167433136067359,0.1617730332235,0.200020741224099,0.165563652947913,0.169379514613219,0.178715566202677,0.15468896005628,0.135575175904881,0.094491887839707,0.152559022045782,0.184709043982659,0.298564366992995,0.146109019815779,0.43532232735546,0.250980521994353,0.16601089490108,0.167323621787381,0.179768329760586,0.176968702152697,0.242031250742912,0.1535847624954,0.138905279380762,0.205346249924144,0.265763629796148,0.14445391511145,0.151425657893282,0.163549146991614,0.149327891004195,0.0976738884455348,0.178634221812674,0.218742921362417,0.175445073339143,0.167504208335378,0.298550244219111,0.125378022273657,0.241358925682032,0.148679478532918,0.1841804701716,0.12232095432178,0.269396558275112,0.211480178577294,0.158160553073614,0.144646585111397,0.108769970669196,0.273975292462749,0.135929175535973,0.180426533635299,0.139694558636338
"cayennensis",0.183443914173224,0.224099474445216,0.184647164698633,0.337908913335345,0.257885923005686,0.128994281208392,0.193559330855114,0.199218877285112,0.190281462073692,0.200504101303275,0.121477467355655,0.138595512194258,0.127891395551975,0.218803524621416,0.169178101845971,0.222896944746241,1,0.239241507264582,0.109233717538004,0.115516658333588,0.207327330827768,0.191496812689388,0.169197693808858,0.211048136515716,0.13186454066575,0.168278931770113,0.122392941543924,0.192914801330328,0.14614010710417,0.126722997011635,0.142245784719821,0.15526727106931,0.21860769370605,0.187224132240059,0.163663555370501,0.214660975759704,0.196026444660525,0.168753170333641,0.229388593680036,0.143709814768862,0.130153245515638,0.2193218569148,0.120766576688133,0.180277186388724,0.19690142232624,0.155549640664093,0.115583275811423,0.272746184418177,0.206664623491115,0.143558256105164,0.137708812088083,0.163438960459154,0.162589157458174,0.162719528035766,0.167675814646578,0.193859850735105,0.166468832440769,0.174742497927743,0.134031648266454,0.161864539118511,0.180332331913757,0.289286208113767,0.149068801112079,0.19418490431844,0.236277117867888,0.195152605183761,0.218082806212474,0.156768897086084,0.179749253114514,0.210965260904316,0.138606977166557,0.132724462589311,0.225350198012066,0.232287342894028,0.187756745881403,0.203032604440819,0.172783790707526,0.160663236177605,0.11784264940528,0.163211963389726,0.171284991743645,0.165031012268431,0.167292079155997,0.225025501233285,0.133296886314425,0.275669085842142,0.150820501134106,0.174575036785267,0.124476302292963,0.250321278839921,0.192107436735519,0.138960396668847,0.168065448405626,0.146118929009862,0.237748873467432,0.139745512128061,0.300914796870372,0.188858144468365
"chartacea",0.207770368521185,0.24403797733552,0.146214356108101,0.258293807172234,0.218276714970873,0.130000898712394,0.222625225612086,0.189090766132645,0.221953699146597,0.170590509236909,0.15317873036697,0.147495681831328,0.113377737914495,0.181432110059332,0.2205610105622,0.298597689202935,0.239241507264582,1,0.165820157971513,0.102652753377363,0.181093514798751,0.165976540589486,0.150649326616495,0.265578265488369,0.162085013308094,0.221692681978005,0.136443786907573,0.235198155195423,0.172120487786584,0.126256738550395,0.172245566443713,0.164710473405942,0.248267465551146,0.206299284069538,0.199618657368059,0.206207159132773,0.166465483585104,0.173559396869714,0.168811769701474,0.172728935366529,0.158520167414343,0.292686324143828,0.138389479561768,0.186601050107738,0.165688491829954,0.155246761273265,0.152526291608787,0.243603249243534,0.175591176933622,0.176976304016267,0.16314369097187,0.181482209760165,0.208440871214384,0.162184513145522,0.165533064044832,0.206808153048502,0.194034807144901,0.185717409497742,0.124540291164666,0.17141422191685,0.198174523519411,0.299436721547299,0.152945408289417,0.287108922987806,0.237802322078615,0.209551878451222,0.193541746269274,0.185961130227342,0.144014437534022,0.201052226403046,0.173081823726379,0.137504838567264,0.227613778392384,0.221916943874101,0.157582961044299,0.171811725523133,0.177836002118443,0.15810299860755,0.134821018273343,0.177390976197109,0.240138322346776,0.190006017014198,0.160140761710501,0.364909883800042,0.142788097973652,0.22187570133928,0.171717540386141,0.191593665134042,0.150679309107372,0.259175933952139,0.134880632102921,0.223969311483069,0.153668130528817,0.148710095474051,0.296046822347331,0.174665538767778,0.23970387248779,0.163451537271195
"cinnamomea",0.081230913453047,0.132061509930908,0.056976517226169,0.120265481585088,0.0830551125509632,0.0459496001923007,0.0864364519453702,0.0838713761024616,0.108915054881406,0.0794173929767463,0.0399759173989713,0.0542445111214858,0.0396563601359218,0.0805420711560374,0.318606782711085,0.151947478048548,0.109233717538004,0.165820157971513,1,0.057167374251256,0.0657900242092518,0.0797195223988854,0.0709292299302954,0.0965070032079425,0.0513390230032299,0.140267626693329,0.0456823905505086,0.0978570624413884,0.0638957647351784,0.0579524102421392,0.0693428329026361,0.05830066238373,0.0867269359791417,0.0784343281332765,0.0617088867277768,0.078921127614686,0.0760097564533447,0.073838769852791,0.0679420559370732,0.0520228390360576,0.0650969618544291,0.133913807236703,0.080365480671505,0.0615554399308784,0.0733153109127231,0.0751067189240407,0.0623102570617536,0.0915928586168373,0.0619527717075659,0.0731533153885997,0.0703975617355744,0.0685314597968763,0.383738786260146,0.0507146024548365,0.0480095575065739,0.0767346309999741,0.0687309558397104,0.088592898395883,0.0516666215573367,0.0543227095026736,0.078487094792793,0.272063337773825,0.0503918074151323,0.121182527548769,0.088514060310769,0.0824118187574673,0.0717031415966878,0.0673962544684301,0.0646921229408947,0.0736271078954707,0.0677857078968635,0.0488338488265625,0.0891816944487809,0.101835464213006,0.0566176405097098,0.0685478317083086,0.0749359257588909,0.0793636241224543,0.0518321218178296,0.074757002135031,0.0977973935030161,0.0724293555471182,0.0566868028084197,0.133008164103905,0.0575487876697523,0.105740786709494,0.0580583172424564,0.066578210367699,0.0794063576218379,0.121240967144111,0.054406444476048,0.0809634920571463,0.0533275788340008,0.0587838442038036,0.133022019167813,0.070103057614955,0.085507216607641,0.132010217967608
"cocleensis",0.168714150634439,0.114574103338906,0.0936787107243055,0.115486295288368,0.120653834901204,0.0805130736711973,0.132116726526093,0.108373215784883,0.135119802792319,0.077723582638061,0.111459924878925,0.0934670822914854,0.0833253405356573,0.126505178814492,0.0834818853255694,0.0886777225508488,0.115516658333588,0.102652753377363,0.057167374251256,1,0.127215038669323,0.0989022517401086,0.12864132655991,0.134498604279388,0.0996265230528934,0.0612445132723373,0.0814442688615977,0.114016764499136,0.1152179480818,0.109695364554579,0.13754548882453,0.0833520749769441,0.130042973945025,0.117858015035961,0.078153943489333,0.118766672319395,0.104355616305289,0.132611390602045,0.080646630460583,0.120289194527227,0.0955873094909006,0.11468250595192,0.104009736990598,0.117388939931442,0.11648026055582,0.107506874268088,0.0680592066945083,0.102177652407699,0.121867501391977,0.100422635160371,0.0900512382267929,0.0956863070921088,0.0838066007049206,0.102531706960727,0.114450708939618,0.140673405317897,0.123699757699709,0.0880542270458488,0.0890842851008049,0.127330390660862,0.136292164777011,0.110280937817755,0.0995692156809378,0.0972400115281088,0.139785574387645,0.122745492962953,0.0883500666437007,0.118218696722698,0.111486751824659,0.122211729319811,0.0857558153385662,0.110116512140948,0.106844058696926,0.130182617405702,0.0891665480737135,0.148090006477384,0.0895226438602097,0.0919263392754601,0.113779920638517,0.11016137095986,0.104693273123138,0.0984957329020385,0.0941650335985836,0.106147188306365,0.0892401682095254,0.0969833795511432,0.115426177221037,0.11826839935454,0.0809402862711256,0.101454405625753,0.167346436304742,0.0862184703204363,0.0999376548315741,0.0891247999695101,0.107681864263844,0.0762718484950024,0.136062556221668,0.148190406997615
"cordatoalata",0.173484233699226,0.256209515892203,0.157570374492774,0.276004509405261,0.23005516770328,0.249779398344008,0.429133506459422,0.231307308640368,0.216278389449518,0.145915259511815,0.180755152296751,0.148713517191508,0.182231427351374,0.22512476141699,0.148497653007621,0.207992165677861,0.207327330827768,0.181093514798751,0.0657900242092518,0.127215038669323,1,0.13310015634553,0.158942227663673,0.261943757618641,0.257305229865801,0.0915272342246204,0.196209428103829,0.206665551567743,0.234731339077644,0.148733314824509,0.206460392802915,0.193152812386921,0.315456915310495,0.307334284857419,0.184487924754114,0.21680641141725,0.16628336302762,0.273713955596321,0.178141196919918,0.217294782947335,0.251554012227491,0.183428551610631,0.152272630485839,0.312883190736612,0.18621248253808,0.194211788859231,0.155236115849922,0.219030949235986,0.207908305904391,0.172830265088205,0.271198152539581,0.241154501626256,0.12370204243602,0.303774948205715,0.231455429178296,0.237847778144285,0.185666231663882,0.18096543186412,0.17374208568041,0.223202487698843,0.214024717560135,0.262093804062585,0.303082650849788,0.159402113136683,0.289622980131281,0.252111563974665,0.194924864701772,0.268271762664643,0.220213012860138,0.387826457311622,0.176641225588185,0.170297396993306,0.282224561920001,0.175161233923608,0.338774472612495,0.208697442591788,0.206042368935388,0.0904534374115184,0.14723197434061,0.218872363023175,0.152631893689516,0.248146198790747,0.201313716550228,0.173631843866556,0.146742259713814,0.114999171380683,0.26530846164837,0.255444770311487,0.078224334747612,0.226073264630869,0.289683874674374,0.173084227167218,0.217823273034166,0.182485086572432,0.183008248987581,0.157258413080345,0.169230525699985,0.206297531546907
"coruscans",0.168084097382545,0.162720208181953,0.138970548960876,0.209529849920654,0.165616851737667,0.10210508372536,0.142840659237435,0.16364677064446,0.18260237187837,0.143917115221185,0.106804942951263,0.122298495200723,0.107095176518779,0.173041448619179,0.159776770248544,0.126000113394606,0.191496812689388,0.165976540589486,0.0797195223988854,0.0989022517401086,0.13310015634553,1,0.149406494013876,0.164419165737663,0.125064507232678,0.111782750449925,0.134206322268823,0.154990052069719,0.147798654569369,0.113618716642213,0.170340570064362,0.133443350084013,0.150709543744325,0.163121096306504,0.134505382773198,0.174530679411251,0.171984568681957,0.159898313196179,0.142988503470997,0.130615266190178,0.112706087131171,0.179454183494898,0.124564865262259,0.138865967305037,0.206731660915139,0.118391650008667,0.10330164551223,0.151794689435613,0.157798801202945,0.150436285120757,0.122975001464603,0.178450799986366,0.122254218886451,0.162745599029381,0.143642024949645,0.190278767688256,0.145369447071328,0.145433976457207,0.141705945509614,0.148414777869985,0.149388746575399,0.132083165205554,0.118936092624161,0.112654937169698,0.185073301347985,0.175951450904605,0.174518979948192,0.131965786846394,0.128003588075179,0.139437069551564,0.130548495804985,0.107750587220574,0.196956274187258,0.158471660257687,0.135865195127906,0.149895383820015,0.154123409144144,0.123961972486349,0.144579821947118,0.136412139295174,0.131097111831959,0.153140206833811,0.128482803561589,0.15706689168385,0.0938652345363651,0.13326057158292,0.135441544143663,0.196961633871457,0.0893103940506601,0.157423774374555,0.126774227690662,0.136273213807991,0.151227008492176,0.147041051756945,0.187840982837743,0.126381952044174,0.182748593558455,0.162984220633304
