"","acreana","acrocephala","acuminata","alata","alba","aria","auristellae","bourgonii","brachyrhachis.aff","brachystachys","brachystachys.aff","brevialata","brevipes","capitata12","capitata33","capitata35","cayennensis","chartacea","cinnamomea","cocleensis","cordatoalata","coruscans","cylindrica","edulis","fastuosa","flagelliformis","fosteriana","glomeriflora","goldmanii","gracilifolia","grandiflora","heterophylla","huberi","ingoides","jenmanii","kursarii","LA17","LA41","LA48","lateriflora","laurina","leiocalycina","leiocalycina.aff","lomatophylla","longiflora","longipedunculata","loubryana","M18","M25","M27b","M30","M71","marginata","melinonis","microcoma","multinervis","nobilis","nouragensis","obidensis","oerstediana","paraensis","pezizifera","pezizifera.aff","pitmanii","poeppigiana","punctata","retinocarpa","rubiginosa","ruiziana","sapindoides","sertulifera","setosa","spectabilis","splendens","stipularis","striata","suaveolens","subcapitata","T18","T21","T29","T50","T51","T82","T85","tenuistipula","thibaudiana","tomentosa","ulei","umbellifera","umbellifera.aff","umbratica","velutina","venusta","vera","virgultosa","vismiifolia","Zygia mediana"
"acreana",1,0.259935313478052,0.198146177149794,0.270325659298108,0.201898706018598,0.162361883182483,0.235739595570942,0.189987051777504,0.219168317988354,0.207413622532125,0.208736805208548,0.208312534431588,0.158243520306651,0.211679083632183,0.273643707321605,0.292234041293513,0.184312380301677,0.261380610296115,0.155789307568974,0.243008639331593,0.215664962918291,0.207011727792666,0.270374660479211,0.272469552648982,0.217789101614857,0.162854430102869,0.154068025896626,0.171683190464379,0.217302267208625,0.212709746206965,0.152865725717455,0.168321906887732,0.294979437893328,0.168371132046842,0.180798491657823,0.121600427435646,0.145718862201676,0.139030137634345,0.211018674197263,0.170309803363152,0.255943164470815,0.264418533937572,0.254965436228949,0.192910400897009,0.266373553256933,0.164479936509189,0.184767794503548,0.229398117889722,0.24225215529994,0.130749476241029,0.127900610862919,0.193890925235207,0.253535370651161,0.152487490766252,0.143713561456975,0.181675328505939,0.198608777945153,0.212461406350439,0.204495453227762,0.25873124386453,0.260120108468586,0.210393253567755,0.246079247766291,0.194982678834376,0.231002823703383,0.23492121065198,0.196596119689603,0.272754004097526,0.177711798260633,0.282724053080205,0.230527871199771,0.170545313281358,0.215367013179312,0.231421156037784,0.200960856587918,0.239040218107669,0.194025415101803,0.150632427430659,0.192802494338863,0.219785682503383,0.218751243605189,0.204555619616426,0.220298542974697,0.161211748417474,0.139249019123167,0.2266335667208,0.233567941812613,0.213800557748661,0.146659107972806,0.249880846754887,0.238953775612394,0.194848930395643,0.213427406523948,0.20314177594899,0.273696005891549,0.14412232946149,0.15915077832621,0.264932453604607
"acrocephala",0.259935313478052,1,0.222802165127217,0.198532800086437,0.193653476238392,0.146814011010195,0.177263907985171,0.239373149073949,0.271487578389191,0.236696795849912,0.210884148662237,0.199239450237493,0.130613602201346,0.227413566485388,0.285499608043904,0.293177224622505,0.221681757683918,0.297692170855129,0.408476536423091,0.281363782340181,0.215554594119302,0.207481231129127,0.271482884661633,0.23289767128651,0.273972144185985,0.123279436681007,0.142530414405868,0.201067694995241,0.213988279321586,0.197532712239515,0.165658218908089,0.143770801555002,0.28385075165569,0.192657844287867,0.204461529659545,0.146649924614701,0.1268645376441,0.138525155826608,0.220680340949091,0.178931824723549,0.232611896428192,0.296839448068325,0.327463460763724,0.278937537074842,0.216088072565472,0.133603014013633,0.134611558709911,0.237434103177124,0.211111912525006,0.0768307715116945,0.167111094631332,0.162550831957177,0.270277079713034,0.16846020625632,0.152293154696442,0.200164854470625,0.176770882424195,0.364654410268026,0.250194440925272,0.311013870623224,0.226637012815639,0.279509226361954,0.274537117183047,0.215688544151308,0.172806740397415,0.197396714680498,0.221490999416008,0.231867167066118,0.220435740451707,0.256152837158532,0.210410564049187,0.459594228572185,0.328643078420708,0.267816087400944,0.294939787557604,0.276724479957567,0.258556016334889,0.122048831029589,0.216881735884065,0.232885851975305,0.281606797823345,0.21818063689652,0.27379170117037,0.1894547958775,0.224853628528733,0.35258050335288,0.304367170374273,0.183755419239015,0.237763247465762,0.265162980083451,0.307078686860311,0.181677580057452,0.290406508898407,0.182961940499703,0.320025829085638,0.118690493494641,0.173426824311539,0.258536388399127
"acuminata",0.198146177149794,0.222802165127217,1,0.175340529136993,0.163181326153874,0.123146686316804,0.171146851854587,0.183079865863809,0.214707097539256,0.175683640952666,0.21711684106624,0.202196268569697,0.111641202582166,0.227566670358269,0.234982664996171,0.249562801794295,0.166030041731375,0.23722236807923,0.15918473242124,0.209546160115222,0.204254925171677,0.165420087562429,0.21163863950607,0.218821744403504,0.172130933678234,0.139857351522707,0.102007248815279,0.192379415274937,0.219297481946797,0.191137509336804,0.0990013502217194,0.120990402813523,0.215684952830784,0.186576621406246,0.199995366424072,0.174986455972675,0.12207323687521,0.132553397200195,0.199459524647869,0.166516552605055,0.212822213187572,0.198460643811379,0.259295374596729,0.192951391336073,0.170258655606427,0.104681698423844,0.117290452549244,0.235897760549573,0.207185167650966,0.0781873443788058,0.128561311889887,0.131095475092304,0.229379549897095,0.149421435325264,0.160147816505199,0.13437645851818,0.171948956956381,0.210984033153646,0.140170680538334,0.249501847845494,0.187320250800398,0.235762888086992,0.167653996508975,0.203385210641017,0.147683687847242,0.153157873028462,0.200641583873936,0.18021366314788,0.145562644479391,0.21778416429758,0.14420462278355,0.167546681821338,0.20371473741959,0.20691508476008,0.214285558856113,0.246001725958795,0.210823228266009,0.113189427802398,0.218692168645431,0.193861274963856,0.219660162540915,0.181257458844725,0.223940185508904,0.151691953439598,0.145943523876663,0.232729720294319,0.190714573257065,0.169730044262841,0.158715640914602,0.2095996787063,0.213119869610189,0.128929730585973,0.233717480163138,0.14656217114401,0.266997086098388,0.117576044993061,0.171484125835829,0.175196026931017
"alata",0.270325659298108,0.198532800086437,0.175340529136993,1,0.243877310214241,0.176144662785642,0.318231300147751,0.19230062877232,0.210530432501015,0.207398297257582,0.178258921507575,0.196533859453338,0.162349671134235,0.214402478886974,0.21303870286734,0.206512525622976,0.190063314050952,0.242905083776475,0.146091486761209,0.182478333331234,0.246313072926438,0.219129829274913,0.235536529654193,0.279482985658917,0.174508894507588,0.200023749543645,0.229898345220023,0.207689635674097,0.204661355904276,0.248012167988266,0.1682074254956,0.211884111024,0.284434523908191,0.203784769259215,0.194112291728247,0.125314437110494,0.16443728476632,0.141502237429474,0.163484092374274,0.177735859142588,0.244083441740432,0.234945752359287,0.259011502022935,0.197470921187055,0.312988585591104,0.127328304216483,0.138483504993153,0.227126743405692,0.22824575326062,0.166939512317192,0.143482367654078,0.220360174796878,0.277499599526488,0.145368396072468,0.141805340061979,0.227617053934654,0.172443998251075,0.173331813228642,0.244472329783577,0.178747509985422,0.311470738814199,0.239064863124796,0.279546596133201,0.21289610017604,0.233986570186405,0.280848392772611,0.165210668915271,0.280689619985079,0.178488923431083,0.303580096427052,0.247664393596103,0.16060575811918,0.246572862168774,0.170591672359062,0.162556792258307,0.267770853895562,0.218552691994173,0.164398534338196,0.162774416975122,0.238666120102093,0.237663813036434,0.226695747360694,0.177354898756309,0.165062560864718,0.144060630636173,0.177006030261538,0.225150346843577,0.203782685041769,0.151149794434874,0.233963502015429,0.184949315717317,0.129012576323854,0.178751899085098,0.195661057218421,0.198056730627167,0.17146507615332,0.154277940675989,0.266300974979863
"alba",0.201898706018598,0.193653476238392,0.163181326153874,0.243877310214241,1,0.15444075392085,0.225449537333458,0.167028936709863,0.179215583682962,0.300356744752824,0.296291934091384,0.30619884687742,0.244537377979512,0.217147630991694,0.219125594475833,0.197454534388624,0.175318134325634,0.214796228696439,0.117051697208435,0.163600795051765,0.197149693156958,0.218604456171903,0.199705679294524,0.250478890979291,0.165738726033182,0.246716554458552,0.143196795823033,0.201317187731657,0.193977997134845,0.190896693745233,0.29249942140667,0.240687357479688,0.285190773420733,0.165500377499838,0.280747107471872,0.114358247747304,0.125858669136407,0.135298563431853,0.147098424465812,0.131438908524109,0.326888206494564,0.199137220633942,0.231320237043077,0.187319663666999,0.2106779364978,0.271688418340149,0.221254759942238,0.193911272069236,0.294639611958233,0.238949627572833,0.121695318279622,0.188727984866591,0.242060327459171,0.128382619973981,0.122014837818112,0.175596218987767,0.189776502055637,0.194169720243163,0.31657709588995,0.188779068258312,0.254128697917759,0.191013147769105,0.210744814872846,0.205643256261316,0.179951383120031,0.26140737403686,0.159565390014005,0.273866358842097,0.129652448128765,0.242925914815134,0.309657889354951,0.154091104092993,0.185916041615729,0.196084232386861,0.215711007760748,0.232085405982675,0.172516835419364,0.172169382166477,0.159810303516257,0.188644850204251,0.194948291349517,0.21081338569223,0.234335757277215,0.144189845785199,0.0955699974638299,0.195442005958245,0.18295697103764,0.188581946914286,0.104959372390562,0.32940956727873,0.169061558300647,0.25306580923376,0.190171221595714,0.346220250513501,0.193612170184311,0.239471489527525,0.161511258689873,0.200709885120913
"aria",0.162361883182483,0.146814011010195,0.123146686316804,0.176144662785642,0.15444075392085,1,0.203372222387464,0.143720030052586,0.1337919454935,0.158559044562329,0.163645683956455,0.16406513217278,0.147922011124481,0.148154604380466,0.18600135222342,0.144866771462098,0.130931068898807,0.171797306120301,0.133162173639647,0.14219583524159,0.146845837108573,0.165362831217641,0.151655282598106,0.165375340885627,0.133711419281451,0.150305578775257,0.167824838642377,0.168694765628644,0.185824809423665,0.184512504252189,0.145517306329285,0.136199964011314,0.180765760878145,0.12791441221575,0.162868842073764,0.110340215324901,0.122279134405838,0.0824918218249143,0.130227442759086,0.120309744704038,0.162901672279743,0.167469951392837,0.198123306010998,0.119710796825118,0.204169079698796,0.107156847589981,0.100582438911722,0.164082868649678,0.153168386212387,0.122234809261222,0.103379915775191,0.162189436950328,0.153502622586945,0.112582831010792,0.0962453327853031,0.204547489437515,0.150323128925227,0.15486911206362,0.163559303632771,0.144994161488141,0.212474889873183,0.154491525770105,0.209987126616588,0.107793665784689,0.164211415806152,0.221919499080356,0.140782228769198,0.188328438655604,0.125251566526987,0.182191270620733,0.164158599256718,0.13144152162135,0.153206947365802,0.124952489068097,0.12902292546995,0.157025997472481,0.144584361139183,0.192920415629455,0.117504860866096,0.15380403808391,0.142270584867935,0.149858010408283,0.143416560982984,0.137930528954414,0.106659592522432,0.124248132828212,0.168858108084589,0.176340765861393,0.116451325490459,0.171808774937479,0.125693143344485,0.118113996727643,0.12932628318872,0.155876736088837,0.157456022242522,0.184348452468537,0.138440044374524,0.174439433837325
"auristellae",0.235739595570942,0.177263907985171,0.171146851854587,0.318231300147751,0.225449537333458,0.203372222387464,1,0.176673848182213,0.217167669432039,0.197855867556001,0.174686855275293,0.185623937899214,0.179014695446852,0.21287932271168,0.199260008126899,0.201684322911004,0.174422468659003,0.240982470881942,0.154766780964124,0.165736052331139,0.245320737357449,0.223212600505218,0.246151165670282,0.252938904719808,0.181562721010904,0.203523276857031,0.201299484789886,0.193587885215141,0.21359170865957,0.243601373110106,0.153779247783168,0.180059032329426,0.262120051533751,0.200078412173553,0.186136342726566,0.146309749805092,0.153730346044528,0.114123869174493,0.157724054130249,0.153389221229984,0.212854186276636,0.208241453918628,0.201085077586992,0.206331697694025,0.274619071056353,0.131660099152107,0.155165598039013,0.213667849040601,0.189451856191263,0.170830823565489,0.121797315270888,0.163586014096045,0.256596189617359,0.145526076153087,0.166005161953394,0.192260427139314,0.186309083412548,0.150102902257395,0.202824774295777,0.170254309889104,0.262887650069435,0.229801775043587,0.3105934612198,0.182033279406763,0.251604016934161,0.244019133040062,0.15936394174946,0.264152470787758,0.172361190949018,0.299298833665122,0.223145305759899,0.165558334890678,0.191670413246598,0.149871914709668,0.195769309076263,0.243862059393039,0.185415352204615,0.190273959143214,0.156299102009691,0.206309376565759,0.1719802561795,0.210781252888133,0.181659986426065,0.182862136101792,0.124972412636339,0.191108129747669,0.245502974728151,0.182514434371695,0.14529707504375,0.244116573800244,0.166611526837867,0.138973831634957,0.17919658620443,0.210685647276605,0.170144439889455,0.156689700059902,0.160758357503577,0.273599523636938
"bourgonii",0.189987051777504,0.239373149073949,0.183079865863809,0.19230062877232,0.167028936709863,0.143720030052586,0.176673848182213,1,0.248429312000284,0.202305062425016,0.189851805543434,0.164351392248996,0.110447900474694,0.258316852663978,0.207166539947802,0.206205076445692,0.169216009010314,0.235290611332678,0.177982259219215,0.203395282938654,0.228244816753926,0.196577544284372,0.211547951436073,0.20946715170487,0.171636251550392,0.132045815847161,0.125882272196013,0.17080303407441,0.167453892537588,0.17235410546967,0.134958319194856,0.13543315447509,0.216137386649315,0.181764101420473,0.145627641135902,0.163455068258541,0.120968566916298,0.120257377351477,0.161531182201916,0.145137994138391,0.182791646475358,0.219195239320423,0.220440881948235,0.193496866222797,0.206890722678444,0.0926161931954628,0.114645693350867,0.206265919344723,0.168777542591861,0.0862501724815863,0.140085306013606,0.115431144324273,0.226297008354542,0.138627690078034,0.135670501825347,0.165147493943897,0.180463976828717,0.224471091035522,0.171766370904018,0.217284220675491,0.20233356907436,0.228485968922065,0.213390106499771,0.23571259094043,0.151493557060367,0.189159138930425,0.173015246621832,0.174070217901846,0.165929871868358,0.21150438744996,0.210965624008493,0.319482940711597,0.232349612612103,0.174421528239966,0.198187703683862,0.224313288217489,0.209274180838842,0.141320880456318,0.16173138935594,0.185562693120559,0.224515240322092,0.220897419714976,0.204013866365824,0.170461130698376,0.14528842083107,0.225221636531613,0.354190630815319,0.183330934631252,0.153362640194107,0.207738932878021,0.217435864379692,0.299963777919588,0.185703127338642,0.307025386710007,0.232521160841725,0.12450905280075,0.269347024873966,0.180480515831733
"brachyrhachis.aff",0.219168317988354,0.271487578389191,0.214707097539256,0.210530432501015,0.179215583682962,0.1337919454935,0.217167669432039,0.248429312000284,1,0.246814560278385,0.182263596705794,0.173255552782624,0.157365894288997,0.219984543411414,0.243016673550191,0.210736935056323,0.188004849793976,0.25080893194465,0.224798168335512,0.215135818743423,0.233899651974296,0.227800738138341,0.264298553725268,0.224433671580589,0.158618481394069,0.141085678283546,0.12510868488251,0.217348381921709,0.171841656346959,0.173230364332521,0.122918245084715,0.168196799458274,0.213900986476352,0.207149791785752,0.182471328043611,0.158614969354831,0.143160795611928,0.138165788690584,0.191587550067986,0.177712313629833,0.180200521045901,0.231717227940166,0.206583307106471,0.228248143010717,0.202445504610711,0.122548655134288,0.138507658502096,0.229257024217271,0.17400874996138,0.106034617162086,0.144659070707405,0.120905350308049,0.257988088360371,0.214169349587489,0.147712890419012,0.158317048637091,0.143682974584512,0.232541305932176,0.147021133801393,0.21625490185522,0.244491138960103,0.244126545892837,0.236178028194292,0.290164371554841,0.178340804398334,0.179223337251756,0.178474086773903,0.201727484055493,0.179981000387275,0.244129964350584,0.175388331609158,0.199037718445086,0.235524171650499,0.307964949016239,0.209070608081142,0.252057954374413,0.247494852381528,0.157129873561343,0.210914371251639,0.235339678121818,0.258536120280048,0.227053391654019,0.24369077180922,0.170668857346194,0.177164067220451,0.238839662833706,0.226051396103424,0.164726765345785,0.168911866024916,0.195500999979592,0.270062262192104,0.121589923403026,0.244801821357043,0.214517184956826,0.231772049503284,0.14998938931281,0.138189463509667,0.209881408488565
"brachystachys",0.207413622532125,0.236696795849912,0.175683640952666,0.207398297257582,0.300356744752824,0.158559044562329,0.197855867556001,0.202305062425016,0.246814560278385,1,0.399445450037374,0.333083225726218,0.333094507031329,0.194074283142763,0.220791481856857,0.209688290862682,0.16367851622932,0.240636765319721,0.196898404978455,0.170621404289023,0.173641205607539,0.192659309548931,0.202199998289305,0.184847973663689,0.160299776059034,0.323742246699712,0.16394622533465,0.196520741533537,0.183621637618002,0.194584119073355,0.173762712030681,0.438155333365698,0.192818851980912,0.169829654784532,0.341533467087088,0.120891126493936,0.121344283249799,0.11414498477913,0.148236935704043,0.131780563909404,0.456557798445368,0.254422181784049,0.243291012958512,0.186084068020481,0.249083785253629,0.128436698668189,0.359018260655061,0.177071589580953,0.338029703884828,0.266231509712041,0.116060649266786,0.181872710533184,0.212608485435686,0.136931775625446,0.110824230500721,0.212183971526282,0.145738300462346,0.210990639399842,0.360936684456843,0.194992739852564,0.280845468990492,0.193362858522556,0.247681193930825,0.162177891462007,0.162795210165393,0.208303954095589,0.162117930456721,0.227253708335862,0.174005018344566,0.22629229052932,0.399557428239614,0.208245252972996,0.25346229386494,0.171595961483642,0.165531873510262,0.223533430519465,0.213555589694601,0.169214204072338,0.160335892011388,0.177864646505614,0.20242218752415,0.212658727760072,0.234163695697523,0.148956110590767,0.165878171151382,0.193257712119536,0.230376320662761,0.179558003801815,0.156868216770454,0.331098606066719,0.243220640498064,0.296894337963515,0.288470010912286,0.231774881450865,0.217451145912731,0.428852376156478,0.162405092122932,0.193621841535961
"brachystachys.aff",0.208736805208548,0.210884148662237,0.21711684106624,0.178258921507575,0.296291934091384,0.163645683956455,0.174686855275293,0.189851805543434,0.182263596705794,0.399445450037374,1,0.368835190842658,0.222133133696328,0.200334458204295,0.221352171663395,0.241830326404695,0.164218318123908,0.234046640267771,0.138824165425252,0.207417729053443,0.169804335249707,0.180913653363681,0.200066085308725,0.17739863409727,0.161751526314824,0.28262414086322,0.101392425184808,0.161841243455292,0.176859439153245,0.182489069885255,0.115690819792343,0.334053532372755,0.235410178928851,0.157965988352504,0.375593880534967,0.126061993378139,0.11323503937241,0.129381272883148,0.186060873621853,0.124930427741802,0.440358400310282,0.186230300008889,0.248409601598935,0.181714304355627,0.166343861199377,0.109100883538995,0.325528067097309,0.214061600530019,0.375935726151425,0.231163054472859,0.107492842125642,0.156242872053027,0.209123754670927,0.122799040680256,0.115903319567739,0.143057243959879,0.147345904700015,0.222301078074444,0.255287828959116,0.268872848515911,0.254288413476554,0.201764016760649,0.203661312156924,0.166852516122957,0.193412056447471,0.210814654954281,0.153607770328539,0.225210330189056,0.130412894324328,0.223963558672703,0.346020242638916,0.166792633057126,0.174652541099218,0.199565318610427,0.173337976050505,0.223565599389997,0.175491869682675,0.189482052720586,0.233150962145261,0.169118156754181,0.186743215101692,0.209167482555295,0.215553773691391,0.128724373459789,0.118479352885285,0.189968706737807,0.207639550775306,0.180422094869441,0.149364038668838,0.383333380930771,0.201253777542573,0.327339213905441,0.216743696361686,0.177859317989893,0.265261725954381,0.310000657902144,0.236476572387911,0.184610262082887
"brevialata",0.208312534431588,0.199239450237493,0.202196268569697,0.196533859453338,0.30619884687742,0.16406513217278,0.185623937899214,0.164351392248996,0.173255552782624,0.333083225726218,0.368835190842658,1,0.243992240156409,0.1870577328588,0.222031020904237,0.239563945798275,0.148283174872591,0.208257825030701,0.152725579050565,0.165039332702141,0.245085582118383,0.173202288070876,0.211568992652795,0.237803482029453,0.184158797371576,0.323314653874189,0.187242748140265,0.172044571905363,0.18681071895739,0.206534143325225,0.171405321899409,0.313395613256112,0.237819109255558,0.150661443477989,0.341391202749907,0.103249049480131,0.119030522034117,0.123568819410067,0.149852374900115,0.153835357142208,0.399259370475029,0.275842865110077,0.265069292650086,0.192994124860728,0.216399783408491,0.115855018385235,0.295382828088712,0.285727672353016,0.391557743492842,0.269874944433489,0.110675069660919,0.176489012011167,0.210735007549043,0.113732794839591,0.116791814446923,0.172911991748969,0.159163384384526,0.183730788400078,0.291958175941001,0.22057018477124,0.220270826982983,0.228412128091511,0.20848713513856,0.143595384700546,0.164116711978828,0.17883856454031,0.163757039291661,0.210000213153068,0.150711888816233,0.214586494391516,0.339228773818017,0.148936223942895,0.166117684072589,0.152434030101591,0.173116291228781,0.225066396296237,0.176166554331699,0.122161731612763,0.207265684227148,0.182237437661522,0.17512797370225,0.267661121958849,0.183731715091002,0.214263557851389,0.114373756187517,0.209857263927703,0.179919448041109,0.165733803364217,0.185882314214956,0.358608606880372,0.171620330852376,0.276486289542676,0.240052660911812,0.157158628600601,0.21181606754069,0.288610464679933,0.155239582434446,0.209078744981694
"brevipes",0.158243520306651,0.130613602201346,0.111641202582166,0.162349671134235,0.244537377979512,0.147922011124481,0.179014695446852,0.110447900474694,0.157365894288997,0.333094507031329,0.222133133696328,0.243992240156409,1,0.134832807448162,0.150393221243987,0.175320610663819,0.118824359550731,0.158388368256176,0.11461025549851,0.129627798983681,0.132141199849297,0.150751896991874,0.175583422375536,0.149584874717226,0.124653406916324,0.214755341229455,0.143314521090814,0.135884266093674,0.152461536586213,0.135312346560451,0.130950113010199,0.247312825823386,0.164327009904143,0.1341087364465,0.211061236592827,0.0864557855624106,0.0939805498464411,0.0767370329316278,0.110743655635516,0.102589111980087,0.249793041755248,0.151325187679016,0.154020562641161,0.126271235986047,0.168491526492957,0.125644468609374,0.190857253560817,0.155192333066406,0.261750568592557,0.22308407179632,0.0985389582656572,0.125604116580513,0.142333157553284,0.0945322827344316,0.0930845309000745,0.167784983099219,0.134765580782054,0.11991035013471,0.247591038607415,0.127282762558966,0.176683806745388,0.119721567227775,0.205362020166414,0.102361432267916,0.152936900248161,0.166900597695006,0.12577710463538,0.173346275664936,0.0968281156129127,0.162914967469277,0.227116972005764,0.110700799189654,0.134773280263468,0.10730715768927,0.110230397032237,0.150187925172778,0.136865218782713,0.141065785328266,0.105942915320601,0.11636321188418,0.128512151018231,0.145118107912268,0.144475539158219,0.154603215927886,0.0889223282238985,0.111514247161144,0.13884861335706,0.139898606342032,0.112093117067912,0.252195878922281,0.160828301427593,0.197622123282321,0.209331721463789,0.174215852351662,0.134899960824883,0.225868835601493,0.11645160244939,0.136890784423246
"capitata12",0.211679083632183,0.227413566485388,0.227566670358269,0.214402478886974,0.217147630991694,0.148154604380466,0.21287932271168,0.258316852663978,0.219984543411414,0.194074283142763,0.200334458204295,0.1870577328588,0.134832807448162,1,0.226934387817082,0.23798229133831,0.181530333177979,0.247625827253376,0.179600167249209,0.190966581826425,0.195428398928351,0.215237904345781,0.212993631915712,0.217321263979083,0.187592724118827,0.148494263563212,0.131336591503291,0.240187880156606,0.195230726355006,0.188272916240336,0.129858595571916,0.139250574296988,0.279043780757698,0.213900942605338,0.181267967626579,0.141555229018997,0.131127014964198,0.122990773231177,0.166199537368942,0.159560831857859,0.212590911790012,0.215533962211807,0.221250037883893,0.252270639694718,0.211642501804958,0.0998962690709661,0.116231381581028,0.21505121029495,0.216249565114864,0.092330407683781,0.151790125823696,0.120201312234047,0.319155534808659,0.143502207222169,0.128751672750717,0.17727021109666,0.196455639789413,0.213625331173516,0.16336599879836,0.228260418064962,0.213414684021842,0.266709066491363,0.205943614556828,0.188058671255699,0.194406326725304,0.192445783176777,0.172778592160633,0.192427774063765,0.152172001063308,0.241582628233709,0.202241686059815,0.197572805892851,0.228401683500934,0.183219318893734,0.269717223314339,0.255743076836736,0.206041671310257,0.122461357712665,0.266350091814999,0.19598994791758,0.21963297338009,0.221599369007029,0.266334757528085,0.165038115311037,0.138627729327655,0.24317498940772,0.190700352382529,0.171633021567459,0.147394434197433,0.222042372101024,0.184649276573435,0.120551342847374,0.213282343947736,0.174673861729979,0.235379262538756,0.129498532402093,0.21715365023353,0.198382017983769
"capitata33",0.273643707321605,0.285499608043904,0.234982664996171,0.21303870286734,0.219125594475833,0.18600135222342,0.199260008126899,0.207166539947802,0.243016673550191,0.220791481856857,0.221352171663395,0.222031020904237,0.150393221243987,0.226934387817082,1,0.351099250147135,0.212214362619123,0.305483280001535,0.173104315025984,0.324580257902124,0.212908801943978,0.194395124616084,0.299503926779719,0.268256495349768,0.287125176000178,0.124363512386178,0.116134288392276,0.214946598490532,0.233812251459595,0.249523111709867,0.120169272338916,0.180213927111846,0.33084972874823,0.190296105165909,0.205215531737031,0.177414404673149,0.136725922693357,0.175897509251556,0.304349726023251,0.187432857798262,0.253234169029019,0.259546682699882,0.325365352439202,0.197491687672002,0.180476187891268,0.153001089566173,0.133766776331595,0.275588641473544,0.248493858905105,0.0959108953012054,0.144428326329875,0.192813029465266,0.271053189878955,0.144933830804105,0.147248409068434,0.158640267548264,0.214723747143814,0.32716130607791,0.179526471000701,0.322438433528728,0.225698167497228,0.230272064924005,0.324204277118742,0.223445235763057,0.195138379513681,0.206895164629255,0.212466019316368,0.287477413113353,0.158883728288454,0.261057886281604,0.198236032468087,0.24868238258792,0.208590653767156,0.303349045327315,0.298030551103363,0.255040057693638,0.219781013728884,0.179535704748734,0.231733528800744,0.203683484456636,0.354449778258313,0.223095555992535,0.405828638639031,0.168846352216536,0.133692398348819,0.250930675999433,0.358509842724643,0.209098288568217,0.165660560202234,0.306020298553395,0.309510003063501,0.151501654586817,0.274616292658275,0.225620910829819,0.301856192197,0.170214642353129,0.180173532103779,0.252066064510562
"capitata35",0.292234041293513,0.293177224622505,0.249562801794295,0.206512525622976,0.197454534388624,0.144866771462098,0.201684322911004,0.206205076445692,0.210736935056323,0.209688290862682,0.241830326404695,0.239563945798275,0.175320610663819,0.23798229133831,0.351099250147135,1,0.195681789895078,0.299608816167898,0.202492882479297,0.232726647376358,0.236081264539696,0.196844374096549,0.27016328224921,0.249420938805567,0.252403334151814,0.139250304159787,0.150318162205638,0.182620590316972,0.237408129916521,0.229178575843996,0.151846815847023,0.138916872945398,0.303265451733863,0.197354958186384,0.216453983446764,0.118399180310242,0.139312560085119,0.147188447145742,0.254616940021085,0.186291534988658,0.272852196121773,0.280365192524318,0.36213534772578,0.262311810379353,0.196193651744828,0.132960049003488,0.145977371338506,0.254496160778897,0.277460436941713,0.0991842744166781,0.152334394568387,0.192862239257836,0.271779591536691,0.144122460513039,0.152192391624013,0.173216352990916,0.229009739092637,0.335340612345523,0.203691310212726,0.349565384801132,0.224260495324706,0.253970316981453,0.287489740604909,0.23236790372478,0.176090836906084,0.232120783567956,0.189772074760208,0.243921513816072,0.175705544294976,0.256562547095476,0.221957319844128,0.225383647004354,0.222346490057242,0.254491846425955,0.296450727075798,0.277566827667492,0.282854733215094,0.118147423249182,0.280347544488467,0.211362299107437,0.285223219342319,0.267636941745349,0.280990243152632,0.191180297598998,0.124796076276162,0.252497750201738,0.273585624552406,0.185183284592641,0.213666668358483,0.328081439951071,0.254083946838384,0.146927689376172,0.253539166774625,0.197771701568103,0.344624988984341,0.111627334136491,0.165778314015797,0.216920717552882
"cayennensis",0.184312380301677,0.221681757683918,0.166030041731375,0.190063314050952,0.175318134325634,0.130931068898807,0.174422468659003,0.169216009010314,0.188004849793976,0.16367851622932,0.164218318123908,0.148283174872591,0.118824359550731,0.181530333177979,0.212214362619123,0.195681789895078,1,0.256681804077883,0.121786153595805,0.203819342561019,0.208971744847018,0.222158867750128,0.193569237967445,0.205370958280256,0.157081301344011,0.125485526580286,0.127110251150822,0.208961747145125,0.216200490852403,0.17974469183629,0.0984502416422143,0.144219894729689,0.211949472621515,0.160888643891699,0.14515807071561,0.148995610515336,0.141754770034375,0.129006337661303,0.153968244493994,0.179826636167247,0.180956418067475,0.169033467056341,0.217581724713193,0.162307119148674,0.163827187037506,0.0961943634101973,0.10671691697833,0.20041484617883,0.183529321587739,0.11078164701967,0.129226029601132,0.149355167882663,0.244949025824899,0.16091491078914,0.136942728897777,0.136239636419116,0.156173536212829,0.19644626525812,0.140097180775653,0.208570751884399,0.193454948616657,0.196559797223121,0.18204930163411,0.17923758260302,0.170597659898167,0.173958563457838,0.147026877432867,0.217245411663907,0.256706859249305,0.205184662931126,0.143616346214416,0.139043433256874,0.162462829500609,0.15879763319547,0.148729675091316,0.182717352785533,0.18481593616283,0.130911465963237,0.167334060766734,0.152464391365448,0.180057793512047,0.213499630144468,0.203195597679485,0.237536829892504,0.127392971415195,0.179136408373678,0.211956429575532,0.173866579197913,0.133392216800433,0.195832591417121,0.192918874679186,0.114716531268059,0.172874390515038,0.160962858943471,0.209919978379788,0.129708332213301,0.138052816264662,0.172788542644362
"chartacea",0.261380610296115,0.297692170855129,0.23722236807923,0.242905083776475,0.214796228696439,0.171797306120301,0.240982470881942,0.235290611332678,0.25080893194465,0.240636765319721,0.234046640267771,0.208257825030701,0.158388368256176,0.247625827253376,0.305483280001535,0.299608816167898,0.256681804077883,1,0.196530561920547,0.245682136859791,0.288221933676018,0.269844159652637,0.277648391242702,0.290801473507459,0.226551953344727,0.181087049480603,0.152210440495686,0.261349356038257,0.244409678045408,0.253663839868527,0.164718763714323,0.182177265104457,0.279789017265358,0.208659637236912,0.188194304389052,0.174703814295634,0.18563879132368,0.172661773535337,0.214890296946218,0.212532740457243,0.254665152353503,0.256134204067155,0.288167119538993,0.243023861700134,0.236863962294509,0.132204217369597,0.157017803940024,0.288676389736645,0.239472375901794,0.133771115391387,0.175690091285082,0.16891599833961,0.354699004290962,0.180731623674734,0.173641348758098,0.173768187974531,0.205812307658214,0.247778483553212,0.191937327972017,0.283225315926055,0.259894356977601,0.27024983948108,0.25258024147111,0.22095310499746,0.218826639936381,0.248852941765749,0.214794429805366,0.290708549706228,0.184909916764375,0.320931977778434,0.209051745867004,0.215039724266046,0.238590381789018,0.218717215464023,0.244328193345942,0.301255989279422,0.247814189856753,0.196735486148102,0.225102805652136,0.224965385273306,0.261846487115016,0.28459307477779,0.288272894858442,0.232921990121559,0.191230268471244,0.261616637584092,0.317630364037082,0.215672146060943,0.194562454712654,0.297205402906126,0.26166154210088,0.147622313803771,0.231189421161667,0.232448992772487,0.273789348180136,0.160084159662626,0.18547687316403,0.255668640435896
"cinnamomea",0.155789307568974,0.408476536423091,0.15918473242124,0.146091486761209,0.117051697208435,0.133162173639647,0.154766780964124,0.177982259219215,0.224798168335512,0.196898404978455,0.138824165425252,0.152725579050565,0.11461025549851,0.179600167249209,0.173104315025984,0.202492882479297,0.121786153595805,0.196530561920547,1,0.16974563924526,0.180382706096606,0.150744154022071,0.148585412584099,0.183487197678448,0.148965048078254,0.134230497165118,0.141558949808919,0.154922319185959,0.160674837743105,0.138271142275713,0.168387750055881,0.122401343449852,0.163809288601241,0.166256027849256,0.135543332070274,0.116488485340089,0.133581460786453,0.0855718126936585,0.145598415993134,0.174417123705261,0.159132266136842,0.283693542140712,0.228993256265785,0.243326107135779,0.18688391046963,0.0802861849698403,0.109005246620087,0.180388029963875,0.134215079439997,0.0708210230543653,0.165798728082251,0.108735984708931,0.194465396242171,0.146953243340629,0.130715588971062,0.194710696600605,0.12722200467194,0.227925017786848,0.216604726417188,0.219719947276304,0.184556106308344,0.218036035871395,0.208011534569281,0.127776074058234,0.175335645560511,0.11924195544679,0.148371963515613,0.134330759298531,0.199504614084967,0.177012739714912,0.158981035876503,0.38648050166291,0.32238816458833,0.160311568438699,0.20167043467436,0.219934825954296,0.217789987725968,0.109224386468764,0.172909292301594,0.204313581406803,0.20230041995061,0.188394718434158,0.179593650953837,0.179910151004079,0.206906147717601,0.23324023898792,0.179846174695412,0.112557038938918,0.269700228212978,0.163500047714385,0.181244732808585,0.111768336907336,0.176653456501021,0.148952966592879,0.203892510484107,0.0968773865756403,0.123743372557375,0.186803206644053
"cocleensis",0.243008639331593,0.281363782340181,0.209546160115222,0.182478333331234,0.163600795051765,0.14219583524159,0.165736052331139,0.203395282938654,0.215135818743423,0.170621404289023,0.207417729053443,0.165039332702141,0.129627798983681,0.190966581826425,0.324580257902124,0.232726647376358,0.203819342561019,0.245682136859791,0.16974563924526,1,0.172744508803273,0.178779434723061,0.314477964514662,0.254330218038585,0.319664139777042,0.120270467784368,0.10819667632918,0.22487335565441,0.181735195262183,0.1991511125719,0.114231570303045,0.162817641491311,0.278122624867055,0.187543285241597,0.198866871246523,0.168598638137853,0.140991744734322,0.155634261237692,0.2438453389749,0.171710127263002,0.228684401040677,0.192140843705678,0.259341607613095,0.206679560874608,0.159128662680574,0.163725240055169,0.110519756275552,0.197976456384325,0.19866493515363,0.0826837865810894,0.146519842916772,0.151957398650426,0.23941887577997,0.145805674452348,0.13136955523476,0.142137736220407,0.146765593889092,0.248084179540607,0.175656812015936,0.265873275421346,0.195142311784148,0.202941219630624,0.216631710988967,0.186113689660312,0.169492885510821,0.184369808136652,0.279557837315403,0.202249788294405,0.136121264708676,0.243355961130438,0.189673125423221,0.206946047010099,0.230367837142683,0.23597143558785,0.225250305540698,0.201385542973468,0.189412734394142,0.157629796087089,0.190742427803865,0.180031758773479,0.246028021288859,0.176206420009331,0.259901594689381,0.175364792832081,0.154069747659251,0.312020050574427,0.29247028421258,0.181687954919671,0.159262330697984,0.220904986016684,0.309957490769774,0.213026490966155,0.342665684413367,0.179223099017496,0.277736377909923,0.139864746391542,0.159980996320463,0.209769230183823
"cordatoalata",0.215664962918291,0.215554594119302,0.204254925171677,0.246313072926438,0.197149693156958,0.146845837108573,0.245320737357449,0.228244816753926,0.233899651974296,0.173641205607539,0.169804335249707,0.245085582118383,0.132141199849297,0.195428398928351,0.212908801943978,0.236081264539696,0.208971744847018,0.288221933676018,0.180382706096606,0.172744508803273,1,0.196923673818756,0.231419984200593,0.257364755433256,0.188418623231685,0.171859002143803,0.202472335615822,0.181869723796569,0.23586028199544,0.220934353041005,0.16496320330838,0.15504829891901,0.231947199974097,0.198404103138411,0.153347458770251,0.119516818158842,0.16526619850448,0.144918777450237,0.165329365008497,0.186658601809933,0.200095700572958,0.283367456386838,0.23531409454935,0.281043777301376,0.209064775586817,0.0967084493307529,0.180110729578452,0.30744796347487,0.184795696607629,0.147414769205517,0.12928838193266,0.156726409591679,0.255594220335044,0.14341496457687,0.177020246536109,0.167240865969112,0.187244417615148,0.214120694178107,0.185073904332886,0.213206145236661,0.1995985207779,0.263555658209397,0.224329670049841,0.224911274068146,0.165299864458767,0.20012731290142,0.158963861899997,0.239567142756579,0.200683047739648,0.27148207881002,0.152955626760507,0.174175759602149,0.246543972994217,0.183018752026951,0.200997672744672,0.260769785045107,0.221541422778748,0.124723725332502,0.19745597752427,0.210942892706958,0.188694580326869,0.332240499352137,0.275530091630659,0.26861237237113,0.173133726350156,0.29438593148484,0.225452698601668,0.218066468456686,0.255113850706727,0.236907806017412,0.202244755386693,0.143266695844588,0.177020417178144,0.167757519962795,0.206568154644406,0.127094232265171,0.127561607006825,0.199500827763109
"coruscans",0.207011727792666,0.207481231129127,0.165420087562429,0.219129829274913,0.218604456171903,0.165362831217641,0.223212600505218,0.196577544284372,0.227800738138341,0.192659309548931,0.180913653363681,0.173202288070876,0.150751896991874,0.215237904345781,0.194395124616084,0.196844374096549,0.222158867750128,0.269844159652637,0.150744154022071,0.178779434723061,0.196923673818756,1,0.230321715784193,0.245294458468957,0.168933485077763,0.148556094960113,0.150231679454914,0.196405821059755,0.16878638494621,0.198137154996236,0.15382122251115,0.146224973242793,0.233569057969149,0.181396032157495,0.151531970330556,0.141157648119717,0.152015407516465,0.125806477163702,0.140889479899775,0.180385281806678,0.180678100899014,0.204509561722201,0.219294959059616,0.236552393096567,0.186192365794404,0.1395612026325,0.127513241498185,0.205184096425721,0.18931190309079,0.136855597601605,0.137502911699889,0.157749358729862,0.234734959729426,0.203649362276249,0.153544307115784,0.165620037635614,0.143826063152452,0.173608746314508,0.17117380620282,0.181927029427633,0.218535729799944,0.198658889655071,0.201492180650735,0.151523844062033,0.180471130895955,0.226799727895958,0.161409042561132,0.219763304081414,0.166751313501576,0.239717673404969,0.164674344775053,0.163048320173911,0.208233326917488,0.172390678898132,0.222533630359403,0.205440694560725,0.199355073696128,0.274220315930159,0.183329018449318,0.200503868675563,0.17134553237125,0.206623839613893,0.211929568622218,0.168644466160346,0.147740677436146,0.224121414561247,0.220217032433468,0.187518314490021,0.15432415394375,0.195840576987862,0.192099110262044,0.1171456601594,0.202767673509948,0.212509377673815,0.197836355456082,0.139823424579804,0.167274857037391,0.217051684507234
