"","acreana","acrocephala","acuminata","alata","alba","aria","auristellae","bourgonii","brachyrhachis.aff","brachystachys","brachystachys.aff","brevialata","brevipes","capitata12","capitata33","capitata35","cayennensis","chartacea","cinnamomea","cocleensis","cordatoalata","coruscans","cylindrica","edulis","fastuosa","flagelliformis","fosteriana","glomeriflora","goldmanii","gracilifolia","grandiflora","heterophylla","huberi","ingoides","jenmanii","kursarii","LA17","LA41","LA48","lateriflora","laurina","leiocalycina","leiocalycina.aff","lomatophylla","longiflora","longipedunculata","loubryana","M18","M25","M27","M30","M71","marginata","melinonis","microcoma","multinervis","nobilis","nouragensis","obidensis","oerstediana","paraensis","pezizifera","pezizifera.aff","pitmanii","poeppigiana","punctata","retinocarpa","rubiginosa","ruiziana","sapindoides","sertulifera","setosa","spectabilis","splendens","stipularis","striata","suaveolens","subcapitata","T18","T21","T29","T50","T51","T82","T85","tenuistipula","thibaudiana","tomentosa","ulei","umbellifera","umbellifera.aff","umbratica","velutina","venusta","vera","virgultosa","vismiifolia","Zygia.mediana"
"acreana",1,0.154136710101868,0.122552800870731,0.236996717511229,0.186382246201776,0.202293942285624,0.216370974593971,0.160484605539164,0.199825913101964,0.10623330657766,0.139320477201155,0.144279723063222,0.157501661716707,0.238789531077023,0.20944605130229,0.162979845226397,0.205730490336956,0.233555344759789,0.204697279975198,0.165454358313948,0.256614246906316,0.160392364650133,0.207492042997932,0.201494962184504,0.177961195221591,0.153549873219296,0.155997146833614,0.170460770635601,0.130527456519134,0.216205948508278,0.182107707851462,0.154455510750176,0.272081374502235,0.161858491867553,0.179338730938069,0.159339722404777,0.102882576777647,0.252798024309824,0.167457026394364,0.172507277617108,0.185158794320449,0.157494472045399,0.122249265035445,0.202368437666374,0.193003146772319,0.192981089629166,0.14605796082643,0.213240497839769,0.18627018339979,0.196094372702568,0.125748627002393,0.142232516734482,0.273616513103003,0.141236534927347,0.178615372761997,0.148870147983898,0.203857575421531,0.12736292250345,0.191006699164906,0.198900487967114,0.183952178174404,0.21375495427079,0.147778162242444,0.150199065469005,0.311280471252226,0.198916515835252,0.174061853758237,0.218189425268927,0.188066159217948,0.228842966114776,0.172659136774082,0.139525263598541,0.203885707388706,0.170224314183416,0.175720634623913,0.234294740113854,0.128979387435957,0.133536353952454,0.142825429302766,0.249179660411528,0.190841679894687,0.176239333921578,0.160826231097861,0.186592437714071,0.137049421152373,0.161658653035439,0.193958992690919,0.149563923229184,0.164205461636118,0.232695799482085,0.157076660768754,0.16640624078807,0.0909791351937186,0.20189490098282,0.184383942829738,0.144105449949315,0.0915111799094765,0.228028711646195
"acrocephala",0.154136710101868,1,0.059287710958659,0.216214620392851,0.18102560351223,0.11660914475066,0.162286651406974,0.185202819584908,0.230391453114371,0.0549181702356145,0.137331105805112,0.158257216201351,0.264207641748377,0.207589745590931,0.267335512931395,0.227724586658729,0.243991124562454,0.372588341410266,0.147560963932875,0.126578837814023,0.16411105544862,0.180708448385965,0.308976348858247,0.235893911022465,0.205653228211823,0.244150895732583,0.151667604181602,0.222268055695381,0.165554053929761,0.191263918165499,0.120427965643466,0.184911752341632,0.243744924717191,0.193538945423059,0.153256192007148,0.156135948707582,0.160038216267827,0.22304658614225,0.170514613139719,0.255366239344787,0.175860571137302,0.279798105723234,0.111118550388344,0.155633774369162,0.285959675851517,0.261944998456604,0.169209518774637,0.183429109827789,0.24549653876698,0.173870074949347,0.154271532345035,0.170901530561863,0.177593017851406,0.226648551186259,0.171574742273719,0.266669771160886,0.22125594356542,0.16489029999467,0.221403228241813,0.286229686167054,0.276272345214486,0.281564912153447,0.0785275396581678,0.120361984795193,0.255502929609244,0.226221151195588,0.229624809697715,0.21617790792989,0.31197198634349,0.235523233240493,0.158560459287223,0.127718076741788,0.241242789751739,0.204081921562908,0.301081541942803,0.280672505478813,0.217868142872745,0.112949030502172,0.196649018276988,0.217652082470955,0.209199204771272,0.197573706960429,0.181780212964586,0.127294794492788,0.213979633012428,0.204304217585795,0.168830223454143,0.0827910692257403,0.189005272310182,0.217276692399209,0.202228452151585,0.123870896435641,0.103997506154747,0.254447359471499,0.224357701421699,0.171934102264,0.0536747193869585,0.212761556221323
"acuminata",0.122552800870731,0.059287710958659,1,0.0907390902116813,0.0712902179944916,0.138916093320935,0.185896625195089,0.0772659193872565,0.140545044855188,0.0895786916586471,0.078832155128622,0.0638265636701041,0.0642315992514166,0.106084400117157,0.151407452893716,0.0615038538344261,0.101057134316095,0.0939346586741844,0.108033027489681,0.0763759046043164,0.0898365858527513,0.0675422010959156,0.0952397040254257,0.0840378131121741,0.0808570065686936,0.0641996282416072,0.0745420844806983,0.0744805340138664,0.0672920855472969,0.0946256043814961,0.0771201648539071,0.0888705407231115,0.0944439528631513,0.075494753103459,0.0769483419829482,0.0813663051777361,0.0490782224699742,0.0951301814945357,0.0872757375410623,0.107780840733567,0.103236804057503,0.0706938406067327,0.0793168392544939,0.0834195583094227,0.0948823692111285,0.0656763657157612,0.0646285391913209,0.0988305403876567,0.0637078750400043,0.0874984202254617,0.0754841250673523,0.0703995031103894,0.118155307128499,0.115527075649789,0.0947667861395673,0.064684425329744,0.0829803915564041,0.094756843781982,0.0846274404468298,0.074938486539602,0.0768600429326367,0.0790182752249187,0.125935245613381,0.181934532166427,0.178418224654785,0.103527325928727,0.0803156249277101,0.108430120936474,0.0814318097460325,0.100278063537687,0.070353201934848,0.0745372340150314,0.105832455573316,0.0658407080919778,0.0875002598109983,0.102161609347948,0.0558158776424135,0.125071311388642,0.0654392062640585,0.0806171062517781,0.0726279456091984,0.106458489441588,0.064414009951988,0.0950246596094595,0.056035361108664,0.0841999419420609,0.169389442126322,0.106691664532056,0.0641108482193061,0.0867096493933392,0.0650752262652899,0.0964374498943517,0.106040282702923,0.0878166006635307,0.090562695003403,0.0885091153923189,0.079112695127189,0.0845653312441912
"alata",0.236996717511229,0.216214620392851,0.0907390902116813,1,0.173897502917347,0.102494069569444,0.231186191054433,0.180900886729089,0.174108204473741,0.11607675838742,0.135392676202646,0.128369708615393,0.118611219173493,0.221921445518492,0.20576289693024,0.160125161946721,0.198048133282548,0.276566820281659,0.148743537761051,0.110469182396832,0.192788221397074,0.157810204709296,0.169664434078989,0.215838703651774,0.174095151035998,0.19685113253495,0.136453941191383,0.185063605042227,0.123085214365827,0.166307177594256,0.142655175283056,0.166762018233376,0.26864842098117,0.167458772908843,0.152300433039407,0.125909120823537,0.155747292160642,0.215190496351327,0.18094918467216,0.172325989691568,0.180053543462399,0.201345860377968,0.122841628660377,0.173350976930553,0.186544084697988,0.166299441882092,0.147522838611582,0.175284480295913,0.16519047226176,0.177987515837632,0.127991279121528,0.166692518029547,0.219430818205305,0.171385385968868,0.202698368822201,0.121587341927152,0.170653415318584,0.13141033082002,0.177030197603228,0.169578527651852,0.176935567738559,0.201992038479731,0.165036626566108,0.174643350097397,0.193182996383239,0.19659300402924,0.14846678237476,0.216086109349527,0.151718207623273,0.237493374733116,0.17977606500077,0.12831093219821,0.171196323612489,0.130017014893221,0.152228721145607,0.234665575803986,0.164148149189444,0.111280501195966,0.162711054343593,0.229204070365138,0.163488979718855,0.161913831142248,0.138895405995841,0.176976179113495,0.158501461772062,0.160432454967954,0.230718283668948,0.122733886485858,0.123894508325911,0.226236231201599,0.203388423427304,0.157797967445581,0.0992615365518261,0.173041728281007,0.203038478151212,0.148510378950807,0.110720517028618,0.197613207228145
"alba",0.186382246201776,0.18102560351223,0.0712902179944916,0.173897502917347,1,0.11143067526807,0.204698609590805,0.167785205587388,0.19121829366751,0.16206946817209,0.241980883989074,0.249745033406815,0.240413484146254,0.262386227271623,0.225050806496279,0.22719752009341,0.172871185852005,0.239206659860982,0.145077824148728,0.133807830835695,0.185892033340816,0.194413615911613,0.222051658670958,0.247789780563154,0.183912679710974,0.276026090722243,0.159409888044101,0.161849922420567,0.142426889605847,0.187729629860273,0.162244341879166,0.273860075193791,0.242227429176117,0.15925531529268,0.260528937157188,0.156136383811332,0.0981510427511647,0.201347697215407,0.166763179010711,0.199526620239613,0.342730149325684,0.259592403056086,0.0995451111484733,0.174047703746454,0.277773333244945,0.18066300193693,0.237573835473019,0.197793583536266,0.297496749423969,0.265394906877132,0.146266805855794,0.161505773922849,0.21729746468969,0.140691692060705,0.13097877455315,0.117800625950184,0.220160849887591,0.1512858261255,0.288590281028172,0.206258947132035,0.222689674693472,0.208862378595441,0.0891066720133781,0.168901313541246,0.211706441933318,0.200306860967771,0.192409445374316,0.22822469242927,0.215045117734926,0.214540203148653,0.305053287056606,0.144099105321875,0.224040097111828,0.174444876158022,0.172107307180737,0.238739150217854,0.164489456615959,0.108463099978711,0.175114939452014,0.187424569459198,0.174503453189298,0.219717091663842,0.13947327670503,0.144636040978009,0.157002211498856,0.187222726232935,0.172946079502665,0.0967675357449896,0.140480806037848,0.315465138546014,0.143521796937758,0.244956666933254,0.0707609304418859,0.191065722320729,0.218197845126408,0.229662050752224,0.0662399341210241,0.246551360530606
"aria",0.202293942285624,0.11660914475066,0.138916093320935,0.102494069569444,0.11143067526807,1,0.127485959829463,0.146989363063352,0.169112679287448,0.0333420739078194,0.122730027005396,0.102259913435333,0.17322670600305,0.124916483491753,0.151806655157546,0.110436676840236,0.145971083743507,0.146646174900003,0.122849847766967,0.0969393421035464,0.151712867337402,0.163832952839333,0.133076999661328,0.140636282501804,0.11516657236431,0.133971076566466,0.127871794624599,0.142946357285299,0.167008200027521,0.228321961278163,0.128816911282478,0.142705595287882,0.147303346124435,0.114979725125753,0.151648367149906,0.202296258614641,0.0574835367749287,0.161233216029872,0.132849500424283,0.222196730419772,0.166621885388259,0.111386720220353,0.108463348277504,0.138437099269951,0.130831587449793,0.130986567204237,0.124747884080775,0.146461014667321,0.153669903195104,0.162555933318881,0.107025021394823,0.114249651867663,0.160235699873809,0.123946203157074,0.111807753219403,0.112420334939459,0.160837447889004,0.0888118979171631,0.163984036456163,0.155744411535532,0.130525860358111,0.13236040434064,0.0598507245505519,0.118805813658995,0.1981275845973,0.118151960183339,0.200723006931726,0.144827897395219,0.189584659533544,0.144969690854302,0.119989809941067,0.124933682579342,0.164860531388265,0.143153048324454,0.150000772088411,0.130087866150452,0.112677135966414,0.100796602841881,0.108527076532724,0.126212074959886,0.127354652169096,0.114653400818307,0.119607552703563,0.0963627109674833,0.103879073714124,0.111135266601089,0.172362154638331,0.0865053218869757,0.171284949624524,0.15667324334922,0.102785722328163,0.0946008782726049,0.065254738341001,0.148856179930819,0.128406265403403,0.133273566402228,0.0404607676363123,0.14359449574328
"auristellae",0.216370974593971,0.162286651406974,0.185896625195089,0.231186191054433,0.204698609590805,0.127485959829463,1,0.168399257966315,0.184258331239963,0.118022570374935,0.157932202343916,0.172863332630612,0.122399662462357,0.214894596710865,0.195324865247975,0.171097325535121,0.207802058673546,0.22655200479116,0.163687847542381,0.0981260196407418,0.180758516999342,0.176665699976313,0.232824622795846,0.199674441805631,0.160238005453572,0.17800264069788,0.184605880300719,0.164054643120862,0.121407397494077,0.216644845758777,0.206323335517694,0.198752256670449,0.241164038612089,0.163092042613432,0.172380459903087,0.170205102226501,0.0952810883796811,0.246199660032328,0.167642909190801,0.180455204546973,0.203474831649857,0.159377866390391,0.134018044240458,0.157388466559959,0.187477457546274,0.152153331996834,0.151272138863275,0.178547770045964,0.165260465695401,0.177828940631842,0.118324416367247,0.152161655914924,0.236854836647165,0.153612607519463,0.18294403280537,0.120853298714145,0.232203008779544,0.126466048899644,0.201003473593313,0.17219418008553,0.207617817373914,0.217352540500773,0.14878347350435,0.194176433397367,0.270771022419528,0.204326981604022,0.18613568609033,0.235002323809433,0.162383642566374,0.226405757530066,0.197820718773983,0.143937224528146,0.185257834631054,0.141642777963386,0.191614514105389,0.238504829479462,0.130599430806685,0.123643509882756,0.16389243793472,0.219103495477446,0.168584992073363,0.151687867757185,0.118992565618106,0.166491835293299,0.127553095155098,0.179924149963946,0.220721126407961,0.136064498755041,0.117784967252605,0.197900986193355,0.166903579828292,0.216101621258944,0.138087916540191,0.183698340461272,0.213356922831968,0.148158568394283,0.192166837966059,0.217327651929748
"bourgonii",0.160484605539164,0.185202819584908,0.0772659193872565,0.180900886729089,0.167785205587388,0.146989363063352,0.168399257966315,1,0.20532394750263,0.0444560329657521,0.157687924496313,0.164673054737809,0.217014300417268,0.191941795576481,0.26993374864414,0.210367255713096,0.203988584810747,0.239155084109688,0.112313670873991,0.100194546572633,0.165627978574662,0.180894019510097,0.234879885631909,0.236674344031872,0.153839740898557,0.216845170828657,0.144789592757289,0.161704748627144,0.142907032379092,0.186910180928365,0.13854374811899,0.245494890029425,0.23716146683128,0.229044546485297,0.17074663215281,0.165196151502232,0.0801019592584455,0.245893993787456,0.213229305887263,0.254838723823899,0.186739615315045,0.183265050363776,0.148910712430202,0.173038949028644,0.248871003353943,0.217674804134816,0.156960755617218,0.169274973837419,0.240113491056484,0.206978636050111,0.124078083082435,0.164578733019003,0.275350020180977,0.105785165550233,0.177213841790972,0.0914336387152172,0.22199471151053,0.129583101218228,0.216473046286152,0.231120469715273,0.240415590927091,0.220863320321992,0.0819222636383433,0.14026762904487,0.223961061343157,0.160220170610576,0.199547565311541,0.201233570708233,0.218984274168857,0.246695155575813,0.196237981224559,0.153390987541216,0.21332871835143,0.180975598419598,0.232903742312853,0.229134637083203,0.185160079089858,0.108144485792573,0.174272416095418,0.203341865083712,0.149263849773761,0.178268662872941,0.179179577863302,0.163499916658146,0.225593047197119,0.188620363217821,0.18501740663017,0.0871663652907316,0.174516223580192,0.227268426095588,0.162997225097238,0.133621064945066,0.0853829764716982,0.199416606134995,0.208163079283859,0.200537188595679,0.0610772936446108,0.251500972337184
"brachyrhachis.aff",0.199825913101964,0.230391453114371,0.140545044855188,0.174108204473741,0.19121829366751,0.169112679287448,0.184258331239963,0.20532394750263,1,0.087055681595366,0.151662851498051,0.14757986103553,0.269387779563328,0.327731733327131,0.560175285336474,0.30778873873657,0.250566482630685,0.260204358318371,0.16389974776332,0.151133557351861,0.212276061357508,0.2952852830467,0.310999437715676,0.239002848467978,0.222230408074757,0.211659860897952,0.152192820380499,0.197038780154999,0.165462080901464,0.228407850096857,0.144023061978486,0.183237524672786,0.256252711850242,0.177916450458956,0.174526693199394,0.150569395800386,0.0903588720281055,0.230334944802009,0.190998885863436,0.275508606804608,0.237011117070272,0.220976070386722,0.117241859760857,0.203633077273044,0.283020015557705,0.20297560970955,0.167658411105465,0.225379347731746,0.283300729247341,0.173750421513545,0.159019711014983,0.179678890109597,0.280020638682026,0.124553496919643,0.171175137630429,0.12813193912135,0.262694614990367,0.194808179825545,0.231891428049303,0.242893022469804,0.37537335218364,0.285725964529431,0.108298984894402,0.216684148189162,0.268275683370249,0.324249967496916,0.207113609147707,0.314577394796857,0.374363064191261,0.253538911300532,0.220849711625432,0.132085832283382,0.298179047170947,0.172826694719067,0.225919496572631,0.30154400622547,0.208996488153836,0.141572985894994,0.209244733916269,0.236801793182575,0.247075693434518,0.207260495556925,0.183512638627519,0.219070398966791,0.196932031537161,0.217401535949295,0.184210041856822,0.135254693691793,0.22863738866815,0.214478649897833,0.186075722099002,0.172029989897398,0.140817256381835,0.244217429063781,0.236039580452552,0.168325967843786,0.0948759558576934,0.282371943200113
"brachystachys",0.10623330657766,0.0549181702356145,0.0895786916586471,0.11607675838742,0.16206946817209,0.0333420739078194,0.118022570374935,0.0444560329657521,0.087055681595366,1,0.247798727640466,0.200585129299093,0.14108726048038,0.108872875651503,0.0899096992237297,0.0499623424301644,0.0715058358533832,0.0797220121588127,0.0652900408130762,0.0422907666927268,0.0602443558818834,0.049572742297873,0.0610494073898062,0.0690892700794496,0.0776721689494573,0.211634311294237,0.0397738380712459,0.0481152182294594,0.0352265842905243,0.0480140312584337,0.0657534706431091,0.291493400100861,0.100218197454983,0.0656524327086675,0.238275299262728,0.0329406598161856,0.0431350675277826,0.0762068154786751,0.0784053173415467,0.0704590467079377,0.266066425995472,0.0551004938992036,0.0416397550920837,0.0531835527766789,0.0775255516660475,0.0594320225799121,0.284353086442826,0.0799635011610966,0.202429114984501,0.206332188572869,0.057543631381036,0.0548882749780356,0.0796832449745909,0.0644659273711815,0.108676437563351,0.0558481705361176,0.0612157564290866,0.0526061162801733,0.206353649281889,0.0716505710316917,0.0678576436274573,0.0832861903711097,0.256628620879776,0.14131433018408,0.0695670466350195,0.0974775482038908,0.0466160485255658,0.0628642912243877,0.0623829404982091,0.0717197113078391,0.233474394534923,0.0319554199204452,0.0564363520256693,0.0337404394977873,0.046595910087927,0.0767156395002927,0.0464941352755739,0.051248105996293,0.0548007518992182,0.0750359544755928,0.0894735636315795,0.0848515155961847,0.0404606897849318,0.0687122483641577,0.060663169474108,0.0607890843604221,0.0786621814436887,0.12606049328662,0.0345836740471816,0.195232348214719,0.0714378829254658,0.333901960818298,0.135377978144534,0.0573577036656328,0.0668877534098655,0.311967409407536,0.184689024413278,0.0587866856973283
"brachystachys.aff",0.139320477201155,0.137331105805112,0.078832155128622,0.135392676202646,0.241980883989074,0.122730027005396,0.157932202343916,0.157687924496313,0.151662851498051,0.247798727640466,1,0.340331494727225,0.22744876986866,0.145519924996779,0.180361609257686,0.154049316063763,0.141167518075239,0.175523198010082,0.134771155316814,0.10250553847323,0.181389735076128,0.152862463819468,0.17082175002145,0.176471447228313,0.144272205793194,0.331430314038813,0.110628453581885,0.173966662423632,0.125933893126888,0.160392989354254,0.123475361068603,0.352543240665302,0.191988785986218,0.138672834889661,0.323514312731476,0.129348793010872,0.0821398822773244,0.181570060743386,0.141079273838359,0.185127624677137,0.36209215307459,0.124589680909492,0.107347547653497,0.151565965432621,0.161952979913468,0.138716796420722,0.32783313019715,0.1392916500818,0.296765666554989,0.329297599395347,0.124425073581785,0.144676525461528,0.160685894164572,0.084729623577302,0.120610825359053,0.084499980063354,0.178208739724821,0.106874360211991,0.294474157063079,0.144927647032815,0.149634609831257,0.16427391439587,0.0774799630159272,0.121061986817019,0.156772624738202,0.148374928077387,0.153102473327811,0.180142160163513,0.161709810285453,0.200360169581118,0.354466527750708,0.137777662925188,0.162888042693243,0.152125315074723,0.148516663737642,0.189380753432133,0.140438775801775,0.135428882647013,0.11499753575561,0.18893782381156,0.130312227724918,0.175115083543684,0.128965217486771,0.134021487650357,0.112640056438781,0.147388614143025,0.143966960394128,0.0693676204043041,0.136055057690762,0.307748961200256,0.113351508771799,0.363945691068258,0.0746360681737773,0.176136926603057,0.12891091158245,0.340743272070773,0.0510864949241947,0.164312801040705
"brevialata",0.144279723063222,0.158257216201351,0.0638265636701041,0.128369708615393,0.249745033406815,0.102259913435333,0.172863332630612,0.164673054737809,0.14757986103553,0.200585129299093,0.340331494727225,1,0.235711631027023,0.164161256633245,0.181958082613116,0.167721084862078,0.174551090169858,0.167863845217563,0.102041854331207,0.112390169959018,0.146273599549865,0.130834110783028,0.156662247067972,0.171303254631774,0.170051463181387,0.352303010858244,0.11538781189964,0.175222614155496,0.113676096418579,0.134491336740664,0.147744634248167,0.299428599401696,0.181595631917244,0.18420234572464,0.296143055825071,0.113128036315164,0.0672607178170164,0.167213005541257,0.135840690091458,0.155647227218838,0.310164280030489,0.12997986979195,0.150951360284469,0.144454158379438,0.180104724573722,0.14565669132749,0.314489161319774,0.158178620596919,0.305365536535221,0.30894071812129,0.103699303114316,0.1633824396631,0.159853910288536,0.10835503726026,0.120557528636016,0.0936665202218183,0.16023211978784,0.0952060547402693,0.311920842806696,0.156930303693004,0.146962388623955,0.182819016740922,0.0820521804065826,0.120350147620255,0.193175334048948,0.145465532249056,0.143048784638616,0.164257271306599,0.152950625233111,0.180227701206787,0.301440821645552,0.0981192877637254,0.141300275981949,0.146013534236513,0.157506436404386,0.224610505103648,0.132713713633234,0.0935814536610249,0.122118908090881,0.15368204151554,0.127329624819576,0.169569872319245,0.127339050480543,0.149008119186672,0.11787066761099,0.152314400646111,0.143606769606328,0.0703265873322556,0.121362216221416,0.303024240202897,0.136406729192867,0.34431012792637,0.100410062208531,0.152800648386692,0.134762037712329,0.293179019945806,0.0696743550680826,0.159061644518271
"brevipes",0.157501661716707,0.264207641748377,0.0642315992514166,0.118611219173493,0.240413484146254,0.17322670600305,0.122399662462357,0.217014300417268,0.269387779563328,0.14108726048038,0.22744876986866,0.235711631027023,1,0.201627155006773,0.307939986679218,0.219475223414068,0.216445047645328,0.251476562672107,0.10612038688021,0.130589419158749,0.186051195061524,0.177077712240531,0.320779150799778,0.190370560499815,0.164635136740072,0.360317840179647,0.140906797681575,0.170868363352298,0.11131819577357,0.265933340921731,0.121724632672691,0.29936366222156,0.226266520754734,0.210138867670344,0.260297939998966,0.25468412025655,0.05739738810507,0.272187897865324,0.177950706980809,0.320313382984173,0.273661915852136,0.184489582132864,0.125841397681545,0.148626367032419,0.334044143325155,0.262525497871072,0.292373306599131,0.161464267380116,0.539752284221734,0.281134354785162,0.133991456708308,0.157300185890287,0.179555824243499,0.0847285093536978,0.181779152665421,0.0895869204682078,0.238047992228573,0.113154979401613,0.324822568881304,0.377005706849878,0.348872454256953,0.271215071230011,0.0522140633015575,0.120286978847573,0.341949852322375,0.206017258410978,0.413042368019505,0.19108738599053,0.367681538346531,0.228878812596436,0.252958879004687,0.175097105275765,0.310119657103539,0.322623499028842,0.318219439569854,0.253280020999399,0.21718892662274,0.107223778704417,0.175610799272079,0.23856938314738,0.181655141079995,0.22002751692799,0.211030818978869,0.1042241658746,0.275023815212407,0.190655703783525,0.173970764512884,0.0788029715486332,0.307429257189541,0.326851833554291,0.205734454478272,0.227888763233587,0.13635930965501,0.261256078006735,0.199840332183785,0.281677217016762,0.0402888864014533,0.228568826254567
"capitata12",0.238789531077023,0.207589745590931,0.106084400117157,0.221921445518492,0.262386227271623,0.124916483491753,0.214894596710865,0.191941795576481,0.327731733327131,0.108872875651503,0.145519924996779,0.164161256633245,0.201627155006773,1,0.370492155793671,0.404477818279295,0.28240900152097,0.263428366956283,0.185598746267674,0.127920173019379,0.21271107274069,0.171445272009564,0.262760030242955,0.223764472314043,0.20363787115326,0.225369233614487,0.147782031672568,0.190726957040152,0.138591098036849,0.178891969770247,0.174910077891011,0.197891632554493,0.302577871894542,0.203637987068476,0.170632765715235,0.143465833591094,0.100331789523504,0.239390673752865,0.214752618263425,0.240007745097185,0.274758305903038,0.198104031227094,0.13246081194728,0.17000901655025,0.242199322103239,0.195310512406345,0.151628065692064,0.263140604981893,0.256050365088101,0.188946274530429,0.135512021162391,0.195831607930146,0.251622330127578,0.131956228031998,0.216401634443417,0.133034490532509,0.202052359159015,0.149569385197219,0.200142430268759,0.260621432500102,0.232624164325656,0.268852198640047,0.152273736310388,0.20541550935607,0.28355535316036,0.313145566687326,0.250983353481062,0.242311373286618,0.255868486214355,0.253597767526159,0.167913051664201,0.134566193820676,0.264971557204944,0.182496712017681,0.244899180067915,0.258947459141496,0.182569911743071,0.14168079667279,0.214435405244041,0.248557339139415,0.221789673482961,0.209354880822025,0.15699678076758,0.178442025709692,0.192719503058572,0.205881492360099,0.20883090318966,0.163516108815369,0.188008127112717,0.235347460975577,0.176120177312584,0.210841065385201,0.170040179800574,0.218303391630366,0.206703389252094,0.185620635342847,0.102224585450792,0.219471367895732
"capitata33",0.20944605130229,0.267335512931395,0.151407452893716,0.20576289693024,0.225050806496279,0.151806655157546,0.195324865247975,0.26993374864414,0.560175285336474,0.0899096992237297,0.180361609257686,0.181958082613116,0.307939986679218,0.370492155793671,1,0.295572126117504,0.287124281852197,0.332752940266118,0.172066446996564,0.136135363153849,0.199587006564838,0.224015811907088,0.313373863913542,0.2757195081201,0.221383169083721,0.301694196930674,0.160882163440443,0.205578847484448,0.179142881701033,0.219773472607578,0.153952857047295,0.258840225621036,0.303362369177606,0.249793543568315,0.194498135268658,0.15716149725084,0.100198358598027,0.296750869550961,0.236458897382945,0.298267399937835,0.254014707452457,0.231673317601097,0.156253834391997,0.221463007828067,0.338946310548363,0.262502271822012,0.207981145662798,0.218464827023953,0.345988348943275,0.230302990731576,0.164630512773156,0.194887979711554,0.254568655012749,0.139691491412036,0.221295582101257,0.122142525042942,0.26436710986149,0.20097622708074,0.271365186992399,0.323851052518402,0.35749633554135,0.306349095671022,0.122793629373202,0.240273456645881,0.30118673490384,0.297742794577819,0.258993863189981,0.261955150453204,0.363864310918021,0.277246300956942,0.21857580670636,0.137903391370313,0.344030113638792,0.251353731891428,0.281546771730364,0.332306255284858,0.230687371863936,0.132327363041392,0.203830315458584,0.307018249811744,0.23865983731002,0.258320850405732,0.207335513428192,0.221381504193936,0.250237110342797,0.253305360457593,0.227204146701502,0.127221201291423,0.26683771925386,0.282657674990182,0.257161416307578,0.190373103426558,0.15466149668967,0.279498618670932,0.22322359984125,0.222634864457162,0.0987794996284741,0.260389496099477
"capitata35",0.162979845226397,0.227724586658729,0.0615038538344261,0.160125161946721,0.22719752009341,0.110436676840236,0.171097325535121,0.210367255713096,0.30778873873657,0.0499623424301644,0.154049316063763,0.167721084862078,0.219475223414068,0.404477818279295,0.295572126117504,1,0.22379886182995,0.227787562352482,0.122949491739467,0.146175294436379,0.211460738080023,0.208917566611074,0.300385950336562,0.224004107055372,0.153344143512136,0.244692346584029,0.113921849466146,0.201007461000047,0.111778989577269,0.198381177643987,0.149094030453354,0.168058193198911,0.221114768675323,0.167644329651073,0.164510128385872,0.142128234882677,0.0937607423638163,0.199809419319644,0.1738983495019,0.256755738111553,0.238693929205487,0.203319539328727,0.13770205588127,0.176703639437644,0.275225570952445,0.191589463869608,0.152024252566367,0.18128482095213,0.23889403145807,0.170919351778043,0.148733431132923,0.170731074956903,0.187120888674479,0.112614486063797,0.155178035529837,0.115312332899646,0.216546727056793,0.118843259163952,0.204339324458646,0.230757189279553,0.24901731663471,0.251208286083561,0.0757901169975013,0.13251815742834,0.228735827160419,0.233043839438198,0.212642514919818,0.206048679619237,0.250792877310582,0.295483113961358,0.172633085433317,0.140211041914391,0.233840885130446,0.188791688929771,0.219847224856984,0.280143704686972,0.187615220096746,0.1214079130825,0.205707652865819,0.203225401159991,0.222760142181575,0.168088147412995,0.180863935311025,0.14035937814714,0.18393443573222,0.182765311636057,0.133080250995819,0.0955931666201932,0.181420764569802,0.207730927042153,0.158391313578607,0.116923488743919,0.11147637242007,0.211753456256397,0.189522262842862,0.160801130453324,0.0628693292393118,0.202623656691725
"cayennensis",0.205730490336956,0.243991124562454,0.101057134316095,0.198048133282548,0.172871185852005,0.145971083743507,0.207802058673546,0.203988584810747,0.250566482630685,0.0715058358533832,0.141167518075239,0.174551090169858,0.216445047645328,0.28240900152097,0.287124281852197,0.22379886182995,1,0.264379388400147,0.134115262115888,0.126551618791127,0.182181802996805,0.208835679012596,0.234762822579578,0.21408943452312,0.181070350378395,0.225342122473634,0.145415701761764,0.18042580799789,0.157783051602437,0.243174073899533,0.155251157283975,0.198810856551903,0.261386796115747,0.196020810851433,0.160745634447564,0.22656436650517,0.0859903194863034,0.215916902198291,0.231254227212987,0.24912560778741,0.220336073724129,0.197342813534612,0.134996983181478,0.19842386896684,0.243181615000064,0.225295187451139,0.167350256924899,0.227587356312281,0.285161270700771,0.195083919489297,0.140661835741094,0.174838369845125,0.2080993847927,0.220140624527577,0.164977572232467,0.10692446362235,0.224364165673741,0.133082448886632,0.204034867321359,0.241938585414306,0.260177056400291,0.237940915895637,0.0984402597209024,0.16270483532749,0.257849014776221,0.255616057023108,0.239797367102026,0.263038669426799,0.24065420642375,0.230636960209382,0.218277067376607,0.136789696482642,0.271117727894598,0.212047390551956,0.332180327731388,0.25997895018894,0.207523060742248,0.113342875116249,0.178984874767791,0.223712584677085,0.214740255315351,0.22937508932813,0.17925666973302,0.170213144000182,0.179360171210002,0.207073301382283,0.213447769703824,0.0917991267095528,0.216673817262338,0.246377788405787,0.171839058609097,0.13913376617429,0.116743858498294,0.230106092929867,0.309051212017953,0.204249341745199,0.0772845236558038,0.248578045968792
"chartacea",0.233555344759789,0.372588341410266,0.0939346586741844,0.276566820281659,0.239206659860982,0.146646174900003,0.22655200479116,0.239155084109688,0.260204358318371,0.0797220121588127,0.175523198010082,0.167863845217563,0.251476562672107,0.263428366956283,0.332752940266118,0.227787562352482,0.264379388400147,1,0.163223368495264,0.155117714085677,0.235600904528478,0.229537748808222,0.28392292464449,0.284901879340296,0.218189146486567,0.244533628344133,0.168771328889129,0.249312310572791,0.15929760575855,0.212280237590745,0.155229550589359,0.221947464577521,0.342901377576641,0.238542433972361,0.187344018994085,0.154377489601593,0.163400309306704,0.27169370824317,0.22168241131718,0.26603880840424,0.235809981846651,0.280552185700084,0.132977510375932,0.196269241982109,0.300577260856347,0.258476129134523,0.208377065620018,0.213348167252092,0.311877365510211,0.231905176930707,0.163650223390009,0.216544287820272,0.24481143843257,0.180429496799192,0.236471870793519,0.156529911856355,0.257770741181311,0.161918013793704,0.236170540191836,0.298076196502634,0.290943308543429,0.287240544139683,0.113737621744191,0.181929029929561,0.283285339213765,0.261360827883281,0.242690315129756,0.305773776716866,0.273208914772508,0.294808164263844,0.22894183585477,0.151965130161261,0.318849676030215,0.257385759694065,0.258079651476925,0.31758672135696,0.227114939720686,0.134355303091977,0.194963729729438,0.269217734358627,0.223468575793447,0.273848551063791,0.198509141517831,0.179275416439985,0.227333044720466,0.224571192461929,0.21795922053215,0.110069726791211,0.257756518297704,0.330711040671381,0.212394425054602,0.208987685300569,0.111037376035673,0.334603793813893,0.220324191298156,0.211122391137013,0.0828679134712617,0.294509711611759
"cinnamomea",0.204697279975198,0.147560963932875,0.108033027489681,0.148743537761051,0.145077824148728,0.122849847766967,0.163687847542381,0.112313670873991,0.16389974776332,0.0652900408130762,0.134771155316814,0.102041854331207,0.10612038688021,0.185598746267674,0.172066446996564,0.122949491739467,0.134115262115888,0.163223368495264,1,0.101544900598063,0.157784020478674,0.146426951285702,0.145363232672364,0.167335873908839,0.150756428664537,0.114980780215159,0.115308086555299,0.158939932262726,0.135941180901712,0.173392915305602,0.131266906984151,0.149734766227269,0.170266898486762,0.140689706707292,0.095330267002898,0.11575722216582,0.0908494880146556,0.194607893973779,0.17485422695629,0.198105617111596,0.127710495343536,0.138924932292119,0.0925677650792094,0.148475833953136,0.145561250978817,0.158638722343456,0.0945639556432711,0.222817792566334,0.126066681500911,0.126542045859762,0.121118518259844,0.167844460496061,0.168857032586842,0.185783299676836,0.180081371512762,0.132324533577155,0.22470702126381,0.129137484334163,0.203494812288151,0.133193078904247,0.13928404503476,0.152610465005783,0.0943019017932655,0.116815698478642,0.154846972086696,0.150031870787007,0.147523101660402,0.20255855403639,0.170527268515111,0.181055073113774,0.10708992723087,0.128804395148251,0.158316561793081,0.107549146781062,0.16267764631509,0.15621192126037,0.124532299794934,0.198606195238908,0.128954013259149,0.172442241115419,0.139176908602383,0.1487543016576,0.111425751793024,0.125547168572018,0.10837888195812,0.134163584653775,0.13803071804725,0.0947481710938611,0.113584704190297,0.153844659157125,0.124375198419111,0.11715822051537,0.063245951242345,0.194490453307148,0.152113138212131,0.118972040207421,0.0857708881566922,0.156210654661732
"cocleensis",0.165454358313948,0.126578837814023,0.0763759046043164,0.110469182396832,0.133807830835695,0.0969393421035464,0.0981260196407418,0.100194546572633,0.151133557351861,0.0422907666927268,0.10250553847323,0.112390169959018,0.130589419158749,0.127920173019379,0.136135363153849,0.146175294436379,0.126551618791127,0.155117714085677,0.101544900598063,1,0.159123978883868,0.114074338983512,0.163429690324144,0.156372105256743,0.124687590203,0.11444590763428,0.10058831348906,0.153243077486844,0.106907426696464,0.15212516042619,0.14135890209126,0.118846823882428,0.134442061255697,0.100669274761714,0.108240366746291,0.117417276552901,0.0994178622791604,0.133213195303629,0.120006457992015,0.140800476831084,0.1202824622155,0.13585058775219,0.083499520420964,0.174531636888397,0.132333715733606,0.089983915913184,0.086448097170373,0.175842761497002,0.116013517331837,0.129003563247255,0.215451970339239,0.156932346054741,0.15405974732019,0.104110652514783,0.0864979511200082,0.104280385112391,0.107890268273126,0.108636594343711,0.129496033422495,0.127919476689294,0.148556505727016,0.167943976116571,0.0679406936511767,0.0852722832400248,0.182173667706981,0.116022205639036,0.128042877950855,0.135848889637449,0.141421191373708,0.156677785458957,0.102064624291502,0.0880130203817491,0.160466352901263,0.127566084279492,0.141996156988169,0.158187757986905,0.0978731067778679,0.0780731861924792,0.118568873978012,0.121960248530826,0.125122590136086,0.120780119921113,0.105800245884021,0.148711137274596,0.0967876120952211,0.149672947385845,0.109012600364943,0.126862564540672,0.135160229046524,0.130985786222123,0.0829571970179847,0.0828357737018253,0.0486598807624977,0.142497491188244,0.128907670641646,0.0929330757490902,0.0524297539452068,0.149497303921549
"cordatoalata",0.256614246906316,0.16411105544862,0.0898365858527513,0.192788221397074,0.185892033340816,0.151712867337402,0.180758516999342,0.165627978574662,0.212276061357508,0.0602443558818834,0.181389735076128,0.146273599549865,0.186051195061524,0.21271107274069,0.199587006564838,0.211460738080023,0.182181802996805,0.235600904528478,0.157784020478674,0.159123978883868,1,0.156746182721,0.235709050802421,0.241567591236202,0.162099515614173,0.194938230346802,0.155877014851639,0.213743026545288,0.13163532708175,0.192607598321543,0.295529099367596,0.145826562603506,0.21867640785516,0.196522020306515,0.171291844821567,0.141090546787877,0.102031728404326,0.196906892107518,0.182419502050637,0.191511525334722,0.188289260602384,0.200879894297856,0.106406075290091,0.183114725026742,0.242176463920329,0.192204007754577,0.141879013922267,0.247863886201705,0.184755838326502,0.188812852532584,0.126700562280096,0.159678477593355,0.261743337223603,0.131066656148944,0.145729134541002,0.134106929217222,0.225685086819745,0.155674979909261,0.200013040240585,0.216681702964541,0.198837444207039,0.270567579282508,0.086680782553829,0.137265941905333,0.284884561786489,0.191311293303263,0.190352060202859,0.214742095432171,0.201311364014221,0.25871474872151,0.160439694260831,0.137932152477779,0.198873281050608,0.161388491688147,0.219639733849713,0.235084143092661,0.162647998886619,0.129158424216629,0.152531501091231,0.215548763577954,0.148802721474616,0.173467210834807,0.158242778938863,0.145322945952439,0.129074091116861,0.199879889590703,0.171106379768207,0.12279051907904,0.160442114771536,0.209021158124121,0.16844424784243,0.120420865112072,0.101800993470255,0.201094135350258,0.192642025667553,0.136110048446343,0.0697107205840619,0.223702672861631
"coruscans",0.160392364650133,0.180708448385965,0.0675422010959156,0.157810204709296,0.194413615911613,0.163832952839333,0.176665699976313,0.180894019510097,0.2952852830467,0.049572742297873,0.152862463819468,0.130834110783028,0.177077712240531,0.171445272009564,0.224015811907088,0.208917566611074,0.208835679012596,0.229537748808222,0.146426951285702,0.114074338983512,0.156746182721,1,0.313044035856691,0.221647044754392,0.147263957703015,0.161205415703936,0.117373466826913,0.156593492533734,0.179345758337747,0.18581011740045,0.108389619315815,0.167277405810222,0.222673031925292,0.138959634804493,0.13722668845356,0.140944060245341,0.0816323940488982,0.189921223892409,0.135764690301459,0.256604030064665,0.161239203445588,0.144081590440947,0.0977911247357845,0.164506252152787,0.215254842101877,0.203938369119977,0.134750832727396,0.19833741973906,0.231664677819336,0.151663722184623,0.144418879908953,0.149383937264328,0.163727810686625,0.095564219279703,0.125123884288438,0.124890465225727,0.227059344613692,0.122896583939679,0.206657137849468,0.192471986784259,0.24692972365292,0.196023317399501,0.0815690679191037,0.156101963580652,0.191263455463764,0.195137338518087,0.184262994551536,0.24535347456181,0.250847835575569,0.193268549751504,0.212781141240359,0.152084391403462,0.203316741515347,0.16500020367581,0.177615754399732,0.198053110343217,0.144822402697925,0.122762719951134,0.164014479268485,0.188374963407803,0.43608707255843,0.178512327308878,0.169332413543526,0.150514352722275,0.166126321218169,0.151643570354105,0.162553065994536,0.0774754173666763,0.193551219889018,0.199207997255093,0.129287709046617,0.156200827275575,0.0969883542029459,0.24327351948677,0.182644527551203,0.141765518691998,0.0627501832971175,0.257634168193872
