"","acreana","acrocephala","acuminata","alata","alba","aria","auristellae","bourgonii","brachyrhachis.aff","brachystachys","brachystachys.aff","brevialata","brevipes","capitata12","capitata33","capitata35","cayennensis","chartacea","cinnamomea","cocleensis","cordatoalata","coruscans","cylindrica","edulis","fastuosa","flagelliformis","fosteriana","glomeriflora","goldmanii","gracilifolia","grandiflora","heterophylla","huberi","ingoides","jenmanii","kursarii","LA17","LA41","LA48","lateriflora","laurina","leiocalycina","leiocalycina.aff","lomatophylla","longiflora","longipedunculata","loubryana","M18","M25","M27b","M30","M71","marginata","melinonis","microcoma","multinervis","nobilis","nouragensis","obidensis","oerstediana","paraensis","pezizifera","pezizifera.aff","pitmanii","poeppigiana","punctata","retinocarpa","rubiginosa","ruiziana","sapindoides","sertulifera","setosa","spectabilis","splendens","stipularis","striata","suaveolens","subcapitata","T18","T21","T29","T50","T51","T82","T85","tenuistipula","thibaudiana","tomentosa","ulei","umbellifera","umbellifera.aff","umbratica","velutina","venusta","vera","virgultosa","vismiifolia","Zygia mediana"
"acreana",1,0.232782078581298,0.191152326462474,0.256809680783636,0.173363928755272,0.216091459663329,0.294593162348236,0.188670960424889,0.109693592262827,0.172304476252012,0.135044224807048,0.247919652079823,0.0648533051238548,0.233243735307272,0.340732512900639,0.251530146878433,0.14492528548241,0.244799797529331,0.203777546642413,0.175706484206905,0.268487937674341,0.235474213564761,0.17731241174671,0.239370098332483,0.108957797652894,0.149840766138513,0.265380144162427,0.14870325514464,0.151533762960453,0.205925433467928,0.193122898033687,0.164534041992795,0.176645627668475,0.193862258796678,0.2188379745974,0.17221420483204,0.183952879738799,0.196136966236955,0.12458143234386,0.171655196726085,0.137246800244632,0.226934539587484,0.126550633321143,0.221517030283968,0.20719883681335,0.152423020173242,0.120052531038562,0.156620357524298,0.184083380618966,0.205690191874512,0.168306968342863,0.149355976725085,0.196845272699898,0.194295330029293,0.146921903012451,0.1414676368505,0.146340983452204,0.11197046578541,0.262055301502366,0.281835465177319,0.268208714073227,0.282567040219428,0.279683572972835,0.287353969487681,0.343058057372714,0.181291751750562,0.152215761145152,0.200409144599883,0.124460949425204,0.283115131238968,0.143395414759063,0.146795769970206,0.141623587586308,0.104595503441805,0.219692690501178,0.17082575696124,0.135057294754971,0.129003034469052,0.201018552504932,0.219887676028096,0.117033602353881,0.211548243312484,0.0922332817894128,0.2299838450414,0.207548014421442,0.182755713859775,0.177745885755061,0.228426739214571,0.115206393235368,0.17405683621626,0.124887200665776,0.153169705803201,0.111444684821126,0.21561221819079,0.138380770050041,0.124387079002113,0.154479956512274,0.219655879937185
"acrocephala",0.232782078581298,1,0.333559383921538,0.244493954531674,0.273983651596043,0.177481863408856,0.221521224436732,0.225459286769121,0.195578893893102,0.200885703446063,0.184592865520352,0.180195508410661,0.124842044944114,0.289661601953409,0.204169390234557,0.184489828327788,0.126515593716926,0.359305172480172,0.178314111649168,0.186546895222918,0.166483830069545,0.217892430063319,0.320655391270026,0.215566637363822,0.136133849766341,0.197587023358222,0.168118960953936,0.141149295903637,0.268124022316582,0.14451111498643,0.226736368596326,0.170561848841015,0.335117844093872,0.189844029709637,0.187218841139185,0.135170070015784,0.216878663826182,0.187982543063509,0.158870402369271,0.167757517525948,0.321298726424685,0.184687231781399,0.19394853830755,0.203281710139961,0.199072854078827,0.275107078577712,0.146452259398588,0.178175326782576,0.21380134861645,0.181797440200317,0.175267133796612,0.1840100047336,0.245618579367187,0.196908860288362,0.22224483250226,0.349912305677392,0.396666713282961,0.157348783889892,0.214812414578975,0.220670868184614,0.23718386777026,0.229207695015839,0.204251427373555,0.173827638094831,0.204035117313128,0.371416682237372,0.157076383330923,0.226256616350321,0.145645835267497,0.309256306980275,0.202703408428221,0.165583408342113,0.248525231930343,0.267909871348527,0.219180265792358,0.34458705263188,0.222378589265745,0.158400466766409,0.156280504573341,0.169640977425046,0.148616190899842,0.37653112888829,0.269338208164139,0.201406425569583,0.185236080221423,0.232698831893985,0.221281185424985,0.20084190506765,0.0973426549357125,0.193996495381257,0.170353660720477,0.178395922949714,0.117966770340146,0.332027821785085,0.213189621663806,0.172852171968592,0.194341233261627,0.367269713319818
"acuminata",0.191152326462474,0.333559383921538,1,0.270969545178681,0.215506958225656,0.239507053883589,0.30097126778475,0.281238753164167,0.17017554519713,0.252343186002008,0.188919487204835,0.27221957813616,0.110193161872914,0.244096850928014,0.241455690286383,0.22148846014406,0.0998155844029014,0.320617169252189,0.2838289806849,0.174848973561981,0.172696221726461,0.33589175681824,0.325059506331724,0.259842377748613,0.0990524289474159,0.205213401627686,0.228925735023036,0.128651085025673,0.200637319257519,0.169135928313377,0.140290697485424,0.280771682654329,0.318780114501299,0.162393715804685,0.262538691501107,0.165177973193471,0.197402649878939,0.274522284796378,0.158991910814835,0.183181373331816,0.295073021786299,0.266387850651422,0.173193117196817,0.298939180146476,0.249072905579085,0.209482624269942,0.214601906418706,0.176957721478621,0.20055354273392,0.243269025634236,0.164646474154488,0.154892939606981,0.227636631207305,0.364533300446692,0.214442785194073,0.237285783376184,0.347034464141808,0.185545869229562,0.230595592495101,0.267042367318141,0.253045265998365,0.28244601549291,0.217763088708346,0.195534905139518,0.340402182187425,0.439024799192366,0.199294398090294,0.183721609956924,0.163896781612618,0.327673994642693,0.180642876920285,0.138689224927437,0.192331535563342,0.228442876945175,0.230590954522675,0.233757720620586,0.212340758437411,0.164733360456971,0.196660157005473,0.18795770007135,0.134518767780759,0.279803156409068,0.197146556394555,0.390161799447174,0.361573778844682,0.198050132511881,0.214817584859939,0.215395100816146,0.109265841024864,0.161893893902693,0.173994893201308,0.205078971078721,0.11901542099365,0.334949083766918,0.159466117084188,0.145657256069486,0.273717750692207,0.312434377381284
"alata",0.256809680783636,0.244493954531674,0.270969545178681,1,0.171405153782164,0.242687679652475,0.313609385113628,0.266318431819658,0.0972869087433906,0.149142161000951,0.220320848524506,0.255657590330177,0.0762683297471956,0.222033356321367,0.30419431191712,0.309261503227559,0.153365732726662,0.277563063339941,0.30347345269442,0.195005400378678,0.321915709043647,0.262337871422221,0.234896825617872,0.246913957606946,0.121753760499716,0.18957582506855,0.278389127663927,0.136308499781877,0.214177678469381,0.234593059480009,0.233663835585072,0.230099907964141,0.208097199882656,0.220341086070683,0.233525535173099,0.198498976729165,0.245934089382958,0.268739207544923,0.132930453093013,0.156215250478737,0.176685955406896,0.278628610720699,0.18807225994002,0.305911574907081,0.265032325277061,0.226614622523973,0.148450428316093,0.225371296325715,0.243834463828281,0.243684672643771,0.172317585065685,0.260174216661121,0.205083046089719,0.303858974382022,0.15953768996581,0.161985218328274,0.201397700513582,0.107270009707478,0.236313876088981,0.327159248238248,0.328337610065585,0.330952560698046,0.315400718295452,0.228960097639943,0.355695218656614,0.252960405793225,0.186217145619865,0.231673611264388,0.140616060623094,0.280307270790397,0.177995465629945,0.140548467745877,0.168599353124363,0.10453307921792,0.384187074360256,0.21704818633717,0.186776333235727,0.208444258961646,0.251825545589767,0.266108640456319,0.121104754467628,0.21534384821818,0.106123637665469,0.361808617064576,0.335129370522201,0.215256955551961,0.216051278971038,0.211008431832623,0.154793830648873,0.218623252169878,0.18002894564207,0.198293832865508,0.0911671601367756,0.328003486432639,0.171251128877591,0.129263024220239,0.239210575026289,0.23986636049023
"alba",0.173363928755272,0.273983651596043,0.215506958225656,0.171405153782164,1,0.176853459613906,0.243118884651918,0.189093197804519,0.187132394932773,0.298861278666527,0.264030586755229,0.262422251538205,0.200572489131258,0.217443981723613,0.179888953129866,0.176504626731245,0.12784154217735,0.300029531215614,0.16693902967396,0.142065367522139,0.141303635248237,0.187294649585076,0.259310630850182,0.161530091334958,0.0973106806785059,0.28669954219083,0.129049876798438,0.134577838174851,0.322035868869109,0.161100575261683,0.124733592284071,0.284070582206426,0.316017353844255,0.128990534940824,0.278447260926885,0.115713393789235,0.175896483705462,0.136157949610338,0.140273560659971,0.19738838773785,0.34400020120327,0.154046110577707,0.154228155197778,0.175721016966479,0.189646765096488,0.223025304021313,0.27760108228093,0.145298118830083,0.276103399884108,0.284592350112951,0.147069793279573,0.141584082944995,0.229083142722109,0.177338628430098,0.191554380350037,0.237879454029151,0.258484001713279,0.19189272125868,0.273290071452911,0.175469439027941,0.232911682975724,0.220385786850278,0.1775098203484,0.162862025616338,0.159870038971649,0.262806091081359,0.138293771892097,0.181600249567609,0.130991020460336,0.248761655807314,0.269451660060615,0.168534334594465,0.196504774388412,0.176039469367501,0.16982520386838,0.258318263892748,0.240345998719669,0.143294795275911,0.135713151620531,0.167277908328532,0.133775727120397,0.296090277633544,0.184357032471836,0.175794342606464,0.140368651683566,0.210949455955261,0.174494068852484,0.161537117680261,0.0945539271684955,0.281241020582466,0.188348943091216,0.260814533306182,0.101214962194711,0.232993235070841,0.17840601963712,0.265578667021931,0.136652005362426,0.305076254076371
"aria",0.216091459663329,0.177481863408856,0.239507053883589,0.242687679652475,0.176853459613906,1,0.219692239372498,0.203661877774803,0.113335578978201,0.130141990649403,0.188637227321311,0.204253789565283,0.0767195072941824,0.174764314399858,0.219443249933339,0.217114307813114,0.119057112650916,0.197590582219964,0.185932228756391,0.1989561523351,0.205238385906718,0.227058314767108,0.20031309225986,0.221599342799104,0.123184300772877,0.157744747059497,0.182782206079397,0.128801295520919,0.156109045791572,0.208405393781407,0.160755888887833,0.177290487655568,0.174227386818114,0.179739979603477,0.174710666367412,0.192566350840838,0.234116292537381,0.212707255292757,0.120876528821642,0.146125968367541,0.143556262059793,0.208291265592631,0.136059160406736,0.232519468069243,0.228513366963543,0.166177907254673,0.127118668232875,0.147962175309495,0.194779996538144,0.196513855652553,0.220829870295486,0.200129953832433,0.209676970391736,0.23932141494353,0.167896767895092,0.144493148364653,0.16369974993813,0.11483670959311,0.181779940579501,0.288835249726664,0.222315456072467,0.256923494738808,0.216726188925929,0.217117201442936,0.267612805968233,0.184975396728667,0.177509043434394,0.266959135832114,0.141185089028063,0.224587334751066,0.184823532886178,0.129464407043192,0.134442758246133,0.101933713373713,0.235322028605317,0.15670545952235,0.139858469059372,0.151547175005178,0.180209337869927,0.185763522537137,0.147767267883101,0.183613810773806,0.0843129004224354,0.264455337353045,0.239080164634086,0.198717763153984,0.170512673536034,0.232474038956529,0.102578727920264,0.175499463801177,0.147748475553698,0.163548626293267,0.139561025526068,0.192701301706079,0.145263257146544,0.111769682306524,0.177491955339319,0.176141829444803
"auristellae",0.294593162348236,0.221521224436732,0.30097126778475,0.313609385113628,0.243118884651918,0.219692239372498,1,0.221637944970599,0.136819843332543,0.212783123364063,0.167765120715455,0.256398521795437,0.0845780583088479,0.259729262789816,0.297015198963023,0.25202163837468,0.115700388294882,0.288755780803186,0.326575131406475,0.180931136228511,0.270013357199636,0.330206522854219,0.258072307084451,0.250258971445785,0.113009670312785,0.174861265959057,0.24636646053236,0.159401581159966,0.239100305414189,0.187623876685408,0.16502536411721,0.229404020734636,0.238032009491004,0.20225448256076,0.218774276415552,0.172033139104137,0.210805701062701,0.252622589750603,0.148302623768657,0.265940150243361,0.18194959519691,0.305211664303317,0.147574820570486,0.324528617140499,0.294915548503185,0.206814357298441,0.213515043232957,0.176633919435005,0.187616604702368,0.24392420407206,0.197366562113807,0.18718302403186,0.248539817917999,0.334106819458781,0.17098155187302,0.193018513321882,0.2087046968686,0.163339120671718,0.283364787645868,0.30287457417098,0.259241418933677,0.298895715669625,0.256917564211245,0.254997961617918,0.334790261972711,0.318687816899862,0.186127788862131,0.229252361331917,0.157382718237591,0.308002487848314,0.192464812525743,0.154569457468986,0.177851189534012,0.13176606462753,0.260682330883162,0.190758399308865,0.201698691235426,0.13965309417325,0.225031072532413,0.24130808224085,0.134555574421398,0.263295066994128,0.129176946152147,0.314567012476084,0.29375780339146,0.200624325370578,0.22479195694247,0.249370200103309,0.120482612377221,0.201112387649615,0.158817894213822,0.182636521128606,0.110286656936917,0.323518178067614,0.159342444136909,0.141287936601181,0.221611093133151,0.275195906708002
"bourgonii",0.188670960424889,0.225459286769121,0.281238753164167,0.266318431819658,0.189093197804519,0.203661877774803,0.221637944970599,1,0.115435623426545,0.1466910120986,0.16929119726601,0.222688818818756,0.0687450829027296,0.202444528249665,0.245270193196266,0.260319306153516,0.117819450444058,0.234275023724353,0.221884474861774,0.165533512691264,0.173187065598002,0.242597412563407,0.243089950574593,0.194543547796011,0.166639625872807,0.230441170306159,0.179218632035486,0.142947165602678,0.181620672880104,0.265287078638364,0.140041050388536,0.184464770871327,0.238914394447336,0.195617524819878,0.197127585440215,0.180811097029498,0.185088920733065,0.241026760963314,0.134089645897256,0.150219493122536,0.167811147698062,0.222253399671377,0.138803875098316,0.206254579115369,0.277190105771031,0.205510408100919,0.145046244155867,0.215756438356003,0.199824029928527,0.184466085272412,0.16595911519326,0.148549003068026,0.226011627844255,0.213199066010647,0.199663327194758,0.224589091063075,0.234263541695077,0.141581324380824,0.203773592972864,0.197566087964655,0.24874457268908,0.249932535952394,0.224210841420883,0.202363408644577,0.243853981030391,0.231273982492404,0.178455976740843,0.22578570132552,0.148474457031516,0.276623993813115,0.156039837296119,0.181772121081253,0.163562950857011,0.145072876635189,0.244096838974397,0.185424834828632,0.19756277756387,0.189000228634279,0.179771252878498,0.253757367476871,0.172750643586734,0.186211425215476,0.108798203314123,0.227000471568937,0.205042298012222,0.229895647392605,0.204005373582291,0.21929405410732,0.117546684037964,0.190199220799028,0.244987138251668,0.225616074481757,0.107738195591509,0.268455544398567,0.170924608704776,0.136227641678439,0.167198487378241,0.236969168237326
"brachyrhachis.aff",0.109693592262827,0.195578893893102,0.17017554519713,0.0972869087433906,0.187132394932773,0.113335578978201,0.136819843332543,0.115435623426545,1,0.160441750545483,0.114322196661175,0.115925798365261,0.125327803882641,0.168060150456135,0.116357021777477,0.106900103544409,0.085894660809101,0.197112634179601,0.110083484403282,0.121412313463161,0.0945927019318058,0.123672521684045,0.155980309246765,0.112760292721645,0.0607391595477821,0.115219790121507,0.0863263169279466,0.159893346796092,0.160294392509157,0.101194899974443,0.0840399849351897,0.0974167489368138,0.311231987790052,0.0837140562524546,0.11220832877901,0.081959264320467,0.113826859401021,0.0915519939563307,0.120732707217841,0.118581644841538,0.192263857729354,0.119730202464531,0.118109185577257,0.114010656540149,0.121938043084925,0.174898126140338,0.125787780903105,0.105885267780475,0.116723261044267,0.090239404039993,0.143967160587035,0.0762543581566971,0.171234112655519,0.116846300538438,0.154909646353638,0.21806590024287,0.204017064815999,0.135515498303351,0.115570235477113,0.121265414990244,0.136638133022276,0.122065581331164,0.144654887220814,0.111571026357659,0.100413012947364,0.20112702583424,0.0889109129706513,0.129682640813124,0.139735995119393,0.17419959040679,0.128328801240718,0.102913689262536,0.178012988606399,0.260557573843265,0.1327145174606,0.268711818941354,0.14568586297973,0.103934769972642,0.114752418264129,0.131597840503587,0.101824007234032,0.209690383361806,0.219584178512696,0.103317022364475,0.0959978028766656,0.130615575912351,0.127598440786523,0.119427482535635,0.0975521920211295,0.10928536362136,0.102426909188372,0.0984933067550683,0.0927315211506893,0.167809938451104,0.146072939523654,0.115595723530769,0.0871908022166842,0.202503575973342
"brachystachys",0.172304476252012,0.200885703446063,0.252343186002008,0.149142161000951,0.298861278666527,0.130141990649403,0.212783123364063,0.1466910120986,0.160441750545483,1,0.327942039539739,0.354488231723528,0.183804728561097,0.209142069399055,0.155889625427975,0.149411564360301,0.0777439420214433,0.263562482911112,0.135520412303425,0.115226153555021,0.112606347227331,0.192574440665057,0.198548106297649,0.139924511195831,0.0666624915206402,0.297270906243171,0.184835185367045,0.0952751298738619,0.156079140586229,0.120921854384877,0.0907314579373091,0.383026879093017,0.214060836948461,0.101448729088438,0.363249341754613,0.0957813847536387,0.132181330341321,0.159690670646996,0.121884584352621,0.114830759984363,0.399687918858737,0.145646587858472,0.115236181917307,0.168754775745956,0.151206919113378,0.141385773165225,0.383472416998472,0.10185556410684,0.30556813766196,0.298237672701228,0.114756301768377,0.101876450952535,0.159718101509802,0.152593918433067,0.155512140503942,0.161880672447712,0.203569634584879,0.108994424558336,0.328408476186084,0.168259264973955,0.16247697721144,0.149943048578714,0.198720935280754,0.143116226101721,0.142736372869528,0.223990202133835,0.122038821222062,0.119933392779585,0.10309422125043,0.228877029037777,0.300028089211918,0.103006058223185,0.150331703801093,0.166561757291455,0.143187748827308,0.174738373203629,0.146221893164123,0.108872633938311,0.122826525106818,0.140305676451773,0.0952713954960485,0.252111376683318,0.158201634377059,0.155354695371029,0.152611763034229,0.155324849433043,0.140257549986135,0.159845346029815,0.0909417230558031,0.244553618423739,0.117138792307098,0.313839031192641,0.0796440661657898,0.234673624431627,0.111592617579015,0.372207900225205,0.126295673093286,0.207142645102982
"brachystachys.aff",0.135044224807048,0.184592865520352,0.188919487204835,0.220320848524506,0.264030586755229,0.188637227321311,0.167765120715455,0.16929119726601,0.114322196661175,0.327942039539739,1,0.32175257919725,0.178108690195175,0.15915927871531,0.170370958091771,0.204772316862085,0.104739908947499,0.189047720675039,0.18520135830631,0.148993435435003,0.168312932048001,0.182943773830467,0.184442757928567,0.159872266769018,0.0920150705849041,0.318514199239278,0.158738544996472,0.107644190901771,0.177285477679275,0.158559620683413,0.145214348259219,0.366700483247573,0.197951061360038,0.212814528801611,0.361207303111556,0.115421133747958,0.201700529541304,0.168649358511201,0.144751218494263,0.143138216747951,0.35607835428213,0.174090223749818,0.131285369870398,0.173402999724489,0.19062662773872,0.20191859115828,0.318788761055916,0.129311994270029,0.323595269751294,0.311924827753468,0.182310541682847,0.229029418542881,0.187299484663296,0.191201534311818,0.146754745537496,0.152892919272176,0.234666714833292,0.131223799559189,0.289171766921672,0.237118750378945,0.192392584038159,0.211476766276375,0.206124392607945,0.148747922559277,0.192109913431743,0.185754222058363,0.152164517931076,0.243334392340779,0.140267959233581,0.191930698300364,0.427946541810868,0.122591306731681,0.196255314782001,0.0931364109165742,0.196911040512784,0.15373676904616,0.155934430546063,0.188962789661638,0.135974888647144,0.152999003174665,0.125286682409276,0.247144027443385,0.085627680519354,0.225087681921689,0.18541444670433,0.160332102602206,0.130206113481238,0.16045687397055,0.122592593796018,0.329470227710706,0.137194487125698,0.322688595715921,0.0833204997120316,0.203101293921206,0.138364056916743,0.312772278515431,0.164992429670657,0.19075441743259
"brevialata",0.247919652079823,0.180195508410661,0.27221957813616,0.255657590330177,0.262422251538205,0.204253789565283,0.256398521795437,0.222688818818756,0.115925798365261,0.354488231723528,0.32175257919725,1,0.165982933829157,0.229839247112949,0.236883451208429,0.22408355592398,0.0879102698919157,0.240569805176117,0.235071280971265,0.141607937049623,0.151878698458317,0.262974820918761,0.233359700781031,0.198423093456689,0.105976243216288,0.4061790368276,0.300860660072381,0.13357063686977,0.164093131603082,0.161827119245482,0.122545735164969,0.374888201026027,0.195949736809355,0.130947397193979,0.423072686539123,0.179224317775919,0.196290274825269,0.22231437397904,0.174128656334744,0.12844094435257,0.303410647461248,0.221293526550161,0.117338805793576,0.239436370577737,0.216125037770105,0.156329758251312,0.312681047733223,0.224867005449829,0.34208242585458,0.361417784115148,0.150531774130578,0.144029459705382,0.188727934771449,0.258129041201122,0.156489169324912,0.167117786422827,0.160225256313526,0.122857640396314,0.402514139243239,0.223107909713305,0.18220909633927,0.231934076185424,0.283969296667476,0.160204982959663,0.252043777547122,0.210223321226038,0.168125580719452,0.175901394966316,0.134976571960645,0.234699876511,0.346766943113268,0.119115253270044,0.19068283584345,0.0989870392624977,0.198093027732028,0.174319976114079,0.14407673568536,0.122612835669518,0.156393644094256,0.18689433801734,0.126269631579448,0.243333961609606,0.114396934335648,0.257023489107694,0.247504192978399,0.195177990813384,0.158796431198532,0.199899271554684,0.104055865131354,0.280524179730158,0.143580871406215,0.346454652321247,0.109404123083082,0.216777865532542,0.139550208802164,0.275181800277526,0.198098477750866,0.210931903147079
"brevipes",0.0648533051238548,0.124842044944114,0.110193161872914,0.0762683297471956,0.200572489131258,0.0767195072941824,0.0845780583088479,0.0687450829027296,0.125327803882641,0.183804728561097,0.178108690195175,0.165982933829157,1,0.0774724679666286,0.0885496317533066,0.0679818731739103,0.0445977019481121,0.108895369564384,0.0690965419867405,0.065852302957722,0.0712796428906213,0.0899914814937342,0.0983445752065759,0.0702843521633131,0.0441920049298545,0.187197851820785,0.0575966996412513,0.0577900984495502,0.104250749814906,0.0675749674872382,0.0535692535322423,0.161887435391108,0.119641102152197,0.0661727649846153,0.167469933153598,0.0589831127305483,0.0678858662865594,0.0742418076232779,0.0755883720898024,0.0715349277218434,0.213636079073768,0.0674744229831224,0.0658349275310108,0.0800497550224918,0.0808223357923295,0.145553494526867,0.181671843750727,0.0576614046844206,0.181810836254464,0.165517743349547,0.0991742062992678,0.0594206540976346,0.0900991615680719,0.0748030837277624,0.0839492712049312,0.114738092203753,0.118372017053265,0.0685631800422348,0.169816903459123,0.0872921805085368,0.0839047856504593,0.0791538931414648,0.0790456102334973,0.0784341595026254,0.0707618666031584,0.116191892223165,0.0608366792328259,0.0896545363218565,0.0711017149276362,0.0912586095422957,0.177078994344256,0.0536746253660557,0.1478371228185,0.123234456419272,0.0870569711063335,0.256187754987184,0.173187251090563,0.0574201001604452,0.0552353490217206,0.0595840802617297,0.0597195173683625,0.162215983142147,0.14884535989139,0.0841180507472884,0.0794536483636646,0.0741640973936832,0.0640737669441507,0.108228311935428,0.0405389561915579,0.163506105047801,0.0727643929048329,0.159824318225881,0.0483504949063793,0.102439305244416,0.142468671158169,0.176686918864649,0.0590884461813791,0.103698099795718
"capitata12",0.233243735307272,0.289661601953409,0.244096850928014,0.222033356321367,0.217443981723613,0.174764314399858,0.259729262789816,0.202444528249665,0.168060150456135,0.209142069399055,0.15915927871531,0.229839247112949,0.0774724679666286,1,0.239192010801605,0.201908692059283,0.165864896209178,0.339020419336153,0.187598614432964,0.168594284669466,0.174900837974621,0.242422089517522,0.29482444741626,0.3094550555548,0.25816691234176,0.159995366618714,0.211622327863314,0.132476699872592,0.166104047949515,0.165022744682647,0.188819649614957,0.174176984926979,0.264894348219183,0.150996845595049,0.204422812619647,0.152986568845555,0.196166780475526,0.196377445018235,0.152829037575539,0.151800613638279,0.243545181201332,0.21697075683261,0.152214148853201,0.21268385313756,0.209736683950415,0.184368075057385,0.129610687403933,0.162514608465452,0.184639590794857,0.198308031475734,0.181666243165066,0.142798603045704,0.23987084940864,0.231184157206784,0.184315711997897,0.205049005500398,0.268405321873305,0.141211026545984,0.227318669721605,0.228845568572716,0.227647266315994,0.323754151429533,0.229202625954652,0.205707786551888,0.216464855661762,0.290689777825882,0.178269458508531,0.158613987080291,0.16728552004465,0.284708063020507,0.153673587673901,0.144973756090081,0.20397727227163,0.142278879720227,0.176994021717142,0.19443773934328,0.165616498207807,0.127883087727415,0.173902189013078,0.185654844198485,0.130500450028708,0.270183486703696,0.170025302587166,0.209640105541891,0.193308408953171,0.195237762366848,0.18178597670416,0.204651997995954,0.100004914391137,0.271776202690406,0.13081653068233,0.172913251158803,0.102392753793014,0.359381234707608,0.139579968227651,0.123774641681494,0.162741490239722,0.306121762742608
"capitata33",0.340732512900639,0.204169390234557,0.241455690286383,0.30419431191712,0.179888953129866,0.219443249933339,0.297015198963023,0.245270193196266,0.116357021777477,0.155889625427975,0.170370958091771,0.236883451208429,0.0885496317533066,0.239192010801605,1,0.255292814951699,0.201110350552511,0.252941806291746,0.236969909161739,0.18562383028308,0.268576321002691,0.232987968512447,0.338328692691978,0.334387284333224,0.121575599851628,0.196388385443895,0.250296061720792,0.141837452513526,0.175085456519269,0.224466588731565,0.210049249017203,0.273000120661419,0.223654412199365,0.203215514680459,0.224861523326764,0.190489936529708,0.199043308478824,0.257215238637588,0.138071016715609,0.171049509041736,0.18024729521779,0.247673501003157,0.129000256732548,0.292904411951905,0.246491695338102,0.183872054349426,0.198683916332765,0.238051053396795,0.215741944983923,0.199139550689594,0.20447877885894,0.172060452633942,0.211178835897965,0.268979780063482,0.162295046606781,0.170188603258463,0.187783361451118,0.122217507908723,0.264608004167075,0.352314439802388,0.273108382073355,0.367963285513247,0.263312982624898,0.247043528327034,0.421509887475294,0.208508797015579,0.180145655399416,0.216364961900556,0.145307773421434,0.271954409194514,0.167618914508971,0.143779680441726,0.170208462777045,0.107938006084925,0.287443095396733,0.186779569914082,0.191093368085122,0.149346294079289,0.211822905637283,0.21978730513222,0.138286509330206,0.211071140374354,0.103922420801637,0.29339080125318,0.268186004451875,0.203460766991274,0.193681420994538,0.24360319036877,0.139380217971853,0.214521882522594,0.144778411141976,0.16337174227932,0.105178489434622,0.239164540504333,0.159851572051617,0.125655309480335,0.313304599765202,0.216689721907692
"capitata35",0.251530146878433,0.184489828327788,0.22148846014406,0.309261503227559,0.176504626731245,0.217114307813114,0.25202163837468,0.260319306153516,0.106900103544409,0.149411564360301,0.204772316862085,0.22408355592398,0.0679818731739103,0.201908692059283,0.255292814951699,1,0.118657848796767,0.240581678383153,0.217097089202487,0.168146046194237,0.226785691337448,0.270756210028904,0.232706820613014,0.237659231443765,0.0891601302398194,0.183405374227043,0.209251784044032,0.120373030728973,0.154807842561806,0.265534415892938,0.148845103673058,0.199788613079827,0.20538283336603,0.197017971308092,0.19679204019689,0.193440909969594,0.230610270505786,0.272101645364121,0.118891562768244,0.153759858445772,0.142635687453656,0.21104039623684,0.125244640692291,0.225456102788595,0.270512442376325,0.224857686100163,0.128750204521585,0.219805376520616,0.21734644142698,0.254017672539091,0.176028814647966,0.193171369289179,0.19001299789748,0.244492571659005,0.15456447088718,0.140193068702093,0.206867439011666,0.120115837218696,0.199967619650795,0.273275868445584,0.327812798029391,0.290869351797515,0.264134020303507,0.336955319732608,0.273555300174258,0.221884910880846,0.169453120936086,0.206086681291394,0.135447034520509,0.281043078839891,0.166059425137064,0.128603676006628,0.184149040500309,0.0836161503714693,0.253149499843043,0.179411449821096,0.156588712938,0.196625936869829,0.20803881560515,0.277790301876742,0.118687496821732,0.215333103933161,0.0986218784719034,0.283073315786948,0.260792872906483,0.21379165848472,0.178512766376109,0.19734357006976,0.224714859691912,0.205200571546822,0.178456969062349,0.185491839905771,0.0789364643545461,0.232173021299695,0.156221360265285,0.112344030521249,0.21388088289619,0.212567723412097
"cayennensis",0.14492528548241,0.126515593716926,0.0998155844029014,0.153365732726662,0.12784154217735,0.119057112650916,0.115700388294882,0.117819450444058,0.085894660809101,0.0777439420214433,0.104739908947499,0.0879102698919157,0.0445977019481121,0.165864896209178,0.201110350552511,0.118657848796767,1,0.147469800002635,0.104931756449451,0.119960578700981,0.138144291634375,0.125334865763234,0.124959559546833,0.114164261986124,0.0931515880672403,0.0939177877333751,0.105942465450485,0.0854174168778741,0.121237691464442,0.115507827330505,0.179895821512615,0.0826273726780578,0.129686711283093,0.10754269948621,0.0862859150641306,0.128376527925413,0.149090967100846,0.118110018073207,0.111117590896446,0.138373260046695,0.120559742079092,0.1089118245458,0.0950389908540435,0.141760766092657,0.121913321683358,0.120851766669873,0.0717079770145841,0.144740573595343,0.112391805056292,0.100374015361597,0.107915818420141,0.105309452952743,0.138468952120819,0.103663130894431,0.124768072425486,0.0859635205398341,0.113480851622233,0.100290101160188,0.107594988468252,0.119278111379483,0.139224360122539,0.175710069518862,0.133694110402237,0.140357412751276,0.121708004094977,0.118319482787723,0.0872683037679069,0.136929899460453,0.140726705371459,0.137044686830801,0.0993561291483269,0.144067074192128,0.106036511262356,0.0768140630238579,0.156064946390092,0.114008999954785,0.101894812000261,0.0878538107511693,0.105397255858253,0.128548788975454,0.0988488617327733,0.123595106012793,0.0622482623177496,0.123689689565257,0.128883554256234,0.133857305483304,0.122669012330335,0.112324260636875,0.104725402079223,0.11966253092709,0.0963594315121895,0.0985362183455235,0.0908128827357665,0.120913168786501,0.102238220029227,0.0824471999464957,0.0989495401468817,0.129657197982765
"chartacea",0.244799797529331,0.359305172480172,0.320617169252189,0.277563063339941,0.300029531215614,0.197590582219964,0.288755780803186,0.234275023724353,0.197112634179601,0.263562482911112,0.189047720675039,0.240569805176117,0.108895369564384,0.339020419336153,0.252941806291746,0.240581678383153,0.147469800002635,1,0.234398930409282,0.173109419097292,0.219389229873401,0.27411427004134,0.303530717228527,0.229086029992033,0.107240244914512,0.204013929546016,0.220991200959078,0.167857239504284,0.231550449267071,0.210309730987175,0.153019609585382,0.202414067704249,0.382757106289869,0.159881059308036,0.251506485198717,0.165731750560528,0.191956474612061,0.208947116934516,0.172183991589193,0.191030241406079,0.321344790384767,0.229925810890789,0.196775130530289,0.246834793840328,0.247102350768132,0.220395346703964,0.171370236534953,0.219965908462588,0.214823259011035,0.218855394795806,0.190727193139717,0.152139341257319,0.248589294935735,0.234956688695277,0.23278273183656,0.257417415939064,0.382148286001131,0.182232940344955,0.260400447085589,0.23269095055816,0.295361870941375,0.280286801927742,0.273690540258614,0.208880353070347,0.231739333783913,0.409593822127054,0.173670912504204,0.195812232293035,0.167463085792686,0.357634222390196,0.165508709702307,0.159578798296147,0.238071586082908,0.211965471418363,0.239065427215744,0.270477414651438,0.236139523294568,0.151251233870821,0.186644346768527,0.234196183204893,0.127005036674364,0.335863381601666,0.242579156778498,0.232194075503845,0.207634775581969,0.204499540991074,0.219548351770031,0.219799487467881,0.105689696850805,0.185949048029169,0.228329398545122,0.22557999924562,0.111247224759932,0.335026952141453,0.193319874220942,0.151872168646913,0.167698614021278,0.409620074751839
"cinnamomea",0.203777546642413,0.178314111649168,0.2838289806849,0.30347345269442,0.16693902967396,0.185932228756391,0.326575131406475,0.221884474861774,0.110083484403282,0.135520412303425,0.18520135830631,0.235071280971265,0.0690965419867405,0.187598614432964,0.236969909161739,0.217097089202487,0.104931756449451,0.234398930409282,1,0.154008382074085,0.229629473434923,0.240609798590766,0.22246119243603,0.202631146670341,0.125843538880359,0.1370725094659,0.266918125124137,0.113926127354779,0.169135239085578,0.16569760446894,0.149155630785449,0.210558422517928,0.181293860071017,0.204326916632204,0.198939412609572,0.144149145888915,0.176738961832468,0.234845495449464,0.132054665305317,0.163680238731959,0.138754931296682,0.254014120881465,0.137571197029245,0.260500417522118,0.284906512823685,0.205912197745579,0.152345710912828,0.140661388721175,0.175024375242238,0.196798085652409,0.144203808627065,0.168638200722671,0.184901676695159,0.347137292201299,0.136744166031387,0.18335246087082,0.173101837475315,0.145804295445415,0.251459854964769,0.260599942777746,0.223083463772114,0.276252787087219,0.241139710783552,0.192950604086982,0.306590462225019,0.262171129645384,0.179601923743576,0.182160196483054,0.136305521965788,0.253357742788336,0.156790185678176,0.140747664370089,0.141310749606076,0.0965001274079705,0.24635844585632,0.162369481994978,0.160451969993902,0.157030754871513,0.216308689696857,0.168552414805731,0.142884979631347,0.200581279022777,0.100615594014242,0.336295476307846,0.312649547787827,0.188490740745404,0.170779550024609,0.233258095528025,0.0991878779805088,0.180175699397431,0.167154951859087,0.152490830321792,0.0977912871119875,0.33134750777959,0.131253472239428,0.12499491927869,0.207057396968196,0.196584114837265
"cocleensis",0.175706484206905,0.186546895222918,0.174848973561981,0.195005400378678,0.142065367522139,0.1989561523351,0.180931136228511,0.165533512691264,0.121412313463161,0.115226153555021,0.148993435435003,0.141607937049623,0.065852302957722,0.168594284669466,0.18562383028308,0.168146046194237,0.119960578700981,0.173109419097292,0.154008382074085,1,0.185623789423292,0.175198988639214,0.164109222236319,0.184126826156034,0.100432359291853,0.154585771992533,0.153498669255722,0.12753820154288,0.154573350636023,0.196761923991312,0.153963778357526,0.120928872392452,0.181251357980376,0.188981531587151,0.135824296150406,0.168837255182419,0.196513776348356,0.16215748676324,0.123789633963731,0.156781822952548,0.138016871042268,0.189878805208805,0.159983255914181,0.181311530829146,0.181978279242675,0.168794094043929,0.108815496522038,0.168447121612672,0.161694401646632,0.151383819000027,0.180510252083179,0.162568946200057,0.174774568811095,0.166949727684042,0.15526909377157,0.13964257594314,0.181755196062771,0.125910417844389,0.183369207748615,0.182954581485706,0.18611910679869,0.209312723849675,0.18276579794931,0.193783803912772,0.188651237850512,0.164550464213177,0.24091072464939,0.180471625794798,0.122463581662312,0.197035695204707,0.160906180016662,0.142974022058445,0.165337291349556,0.115934312132575,0.220671359015097,0.149738587572511,0.155035485677709,0.163578999079114,0.175472621213634,0.201332023998275,0.125064582182543,0.170775035500863,0.07560684160412,0.175561626355336,0.155419989478773,0.18894000955602,0.17892292938295,0.192555965815624,0.122894807498003,0.180543780900169,0.118493072181312,0.156472221906812,0.103606552163392,0.154830604239409,0.17464285586549,0.14141974674593,0.16377767471106,0.161433251620682
"cordatoalata",0.268487937674341,0.166483830069545,0.172696221726461,0.321915709043647,0.141303635248237,0.205238385906718,0.270013357199636,0.173187065598002,0.0945927019318058,0.112606347227331,0.168312932048001,0.151878698458317,0.0712796428906213,0.174900837974621,0.268576321002691,0.226785691337448,0.138144291634375,0.219389229873401,0.229629473434923,0.185623789423292,1,0.207168097389341,0.168296560872026,0.199987826874467,0.109143519836354,0.15839848480683,0.206394655444859,0.130360951466916,0.155981226595619,0.193799227160695,0.212587199164371,0.166313550143849,0.179912343180492,0.230045997065725,0.144315672824303,0.195873543360747,0.189894824856861,0.182283304131469,0.252373465051493,0.208441476048911,0.135693180236809,0.247658350273169,0.143562453396526,0.226164454602843,0.225834599147762,0.181834473779754,0.100442433410626,0.187070690082778,0.177263514643485,0.202829691764304,0.207533610563975,0.207214337407424,0.191448351946773,0.203908135433141,0.161216745003659,0.136684905390922,0.153998999677169,0.134900650283867,0.184834701633709,0.303757127867203,0.281295094794889,0.305308792387882,0.276256792663513,0.231301239228285,0.267737031628948,0.225271413378202,0.155189986710228,0.226351516202682,0.154212967486219,0.275316219023634,0.151444538657221,0.146336559461933,0.147515680237607,0.0887647976588215,0.281516900215205,0.161638334020999,0.147809250885523,0.164389564150685,0.210927634171086,0.206749523342457,0.150489720532616,0.168120191673818,0.0947150150805559,0.256391004344254,0.226061704764371,0.18602599151171,0.165801884779442,0.223416105697883,0.143727223707036,0.200364184329391,0.140913092565527,0.156914975367864,0.0902344424528811,0.236954024452929,0.170314455839938,0.114121375696455,0.166810165583047,0.193199222370704
"coruscans",0.235474213564761,0.217892430063319,0.33589175681824,0.262337871422221,0.187294649585076,0.227058314767108,0.330206522854219,0.242597412563407,0.123672521684045,0.192574440665057,0.182943773830467,0.262974820918761,0.0899914814937342,0.242422089517522,0.232987968512447,0.270756210028904,0.125334865763234,0.27411427004134,0.240609798590766,0.175198988639214,0.207168097389341,1,0.27043284691691,0.248190128313295,0.123725453330527,0.189053439065189,0.220681345841758,0.124457142732279,0.174068759389137,0.193118528927895,0.148345926294339,0.222927201800347,0.2215355466275,0.186239587961954,0.257171088306453,0.195741198327053,0.193509229174213,0.307230644557216,0.137199293491235,0.15338255329064,0.173615999701589,0.280401856578915,0.141065044829595,0.307466668162604,0.261775110472337,0.191554735446534,0.162807653624022,0.157517046264716,0.192197933983317,0.232697557093444,0.174970613096559,0.179018376221564,0.29602190435011,0.313561087773852,0.19617264669423,0.17706963256975,0.192260631106734,0.13373774586262,0.239072740833357,0.275114423264247,0.248363603036371,0.295946254800597,0.250297983197359,0.230273036193594,0.308640347351668,0.282903525500813,0.186652107632522,0.200072299569048,0.14085906069667,0.283283843371573,0.157171108113772,0.172325620026681,0.164860824539677,0.133597477783422,0.234179962792854,0.199117097746988,0.197465228300875,0.144559045257109,0.203239583201286,0.234241697881105,0.129259598784855,0.255531027640771,0.134349612812613,0.333730556817277,0.338704511287815,0.222059503304883,0.18303325044639,0.234760471714122,0.101661396302415,0.176392459517485,0.157280057609964,0.214458966144889,0.113873959189676,0.292512365023628,0.133222867720633,0.156307592687807,0.192901702421026,0.252972438622965
