"","acreana","acrocephala","acuminata","alata","alba","aria","auristellae","bourgonii","brachyrhachis.aff","brachystachys","brachystachys.aff","brevialata","brevipes","capitata12","capitata33","capitata35","cayennensis","chartacea","cinnamomea","cocleensis","cordatoalata","coruscans","cylindrica","edulis","fastuosa","flagelliformis","fosteriana","glomeriflora","goldmanii","gracilifolia","grandiflora","heterophylla","huberi","ingoides","jenmanii","kursarii","LA17","LA41","LA48","lateriflora","laurina","leiocalycina","leiocalycina.aff","lomatophylla","longiflora","longipedunculata","loubryana","M18","M25","M27","M30","M71","marginata","melinonis","microcoma","multinervis","nobilis","nouragensis","obidensis","oerstediana","paraensis","pezizifera","pezizifera.aff","pitmanii","poeppigiana","punctata","retinocarpa","rubiginosa","ruiziana","sapindoides","sertulifera","setosa","spectabilis","splendens","stipularis","striata","suaveolens","subcapitata","T18","T21","T29","T50","T51","T82","T85","tenuistipula","thibaudiana","tomentosa","ulei","umbellifera","umbellifera.aff","umbratica","velutina","venusta","vera","virgultosa","vismiifolia","Zygia.mediana"
"acreana",1,0.191429309036515,0.140273624031215,0.182948665645811,0.176573734901076,0.106249764839415,0.141447577885945,0.147296787624849,0.194596688494318,0.117127893824992,0.0844214410108435,0.123867476431162,0.1291852879934,0.206105304651506,0.178148295512415,0.190123397821396,0.151296312192162,0.17436091400983,0.142588003107499,0.103314095770815,0.203995397501989,0.178941112405148,0.161283468144419,0.176726071873446,0.134356289253159,0.0878620451422246,0.0745427457229766,0.144198237414046,0.144838073846675,0.103462762981951,0.202043038507096,0.129684090261432,0.256364640565015,0.0901492826468059,0.135802975670069,0.130643196581652,0.170890386661603,0.141614840847105,0.136659213951248,0.10424796916071,0.107154504900533,0.174642987511558,0.0781382289141527,0.169272648906968,0.125493622056368,0.139980342834018,0.0911627520213536,0.101088216905741,0.125227514687465,0.107002554368656,0.100813311713263,0.129204388115359,0.179857485200857,0.154099120298644,0.180221192080844,0.102296469198342,0.113778127060722,0.158389970018492,0.135124492220472,0.133446493033161,0.145219071259319,0.18505386752713,0.14577725240305,0.174616406897601,0.108010906427305,0.174151761006415,0.112022894875859,0.146115119508402,0.0798496813213058,0.224101319817903,0.128663568885682,0.125889003608231,0.143437672609151,0.183592871244365,0.146360283431093,0.233563467466529,0.0825206978596234,0.11711121003617,0.153196171626151,0.139344814747425,0.0898373494729325,0.129209630245929,0.184704145577952,0.145984428165301,0.149468519707891,0.161529121162313,0.149377771687675,0.114752597771594,0.1549548002722,0.116505588597963,0.0857661603623764,0.110807240632884,0.122605931549868,0.127367579970666,0.131462321043204,0.125783934462548,0.0483045547208732,0.179871609268213
"acrocephala",0.191429309036515,1,0.295613498174621,0.204855668250285,0.333011732404192,0.110535548933915,0.184364876654761,0.240456581801678,0.323828001059583,0.151816968414725,0.100313507802375,0.331678419124254,0.21646041992281,0.245347106039768,0.293897037825146,0.234101674082715,0.232635533645395,0.28094536287495,0.153532997814962,0.108268662075393,0.23663752687218,0.181147964246319,0.154725130396682,0.218769979386089,0.258455781567058,0.095166476025332,0.101791103871197,0.397297047843699,0.167695362885166,0.157523734364119,0.285318370465206,0.165740588127943,0.246472359170793,0.0970578147521193,0.18692286540623,0.16043582059606,0.235705513264866,0.171008815698195,0.115644178851629,0.114774323350157,0.149143918194027,0.246334542500649,0.0850898619568469,0.219275011236687,0.122353823462965,0.272122309077878,0.130877958403459,0.159146767116535,0.181478750946934,0.151931244226077,0.144557507845877,0.145488383203369,0.211046930302841,0.388350134374584,0.116059187199886,0.149375861591781,0.226160996853942,0.178048235598393,0.202199211575306,0.252573794317584,0.146754409940816,0.229202245613204,0.265118307733966,0.179366332825935,0.118862142070738,0.319899380810155,0.159194902268619,0.178287458560857,0.106297285683063,0.257584354981628,0.207852837296264,0.137039370831221,0.166170462098834,0.186384194396331,0.365118716894334,0.263512774128347,0.0871495909227579,0.140924917333305,0.325527311251204,0.18109466780559,0.114191246240604,0.14415482691703,0.196124925790151,0.193512922772647,0.189040695993251,0.157327032111302,0.188020838196574,0.126010048196886,0.236916773818699,0.152312803921507,0.168141301837146,0.141044887162897,0.157864383248561,0.178903716327301,0.148264840777959,0.172508457039529,0.0686734634167843,0.200051231529934
"acuminata",0.140273624031215,0.295613498174621,1,0.233660646428699,0.386678014124675,0.118998709462,0.167068044708381,0.211343721584407,0.239537446799321,0.144863212231177,0.114668372227118,0.230176035082731,0.245712155504205,0.282519380055177,0.239840369570519,0.260971056984306,0.311366082111285,0.217331527807957,0.131906539342206,0.132030442696468,0.264244267800088,0.123573339852825,0.132564224439823,0.218186176731815,0.266414465494208,0.0894460366398232,0.0894512629478845,0.297697826015758,0.149450047786504,0.144054629037656,0.352499978126887,0.220268563733542,0.221175948297274,0.0771318932417565,0.192975812514147,0.173331052790203,0.352117072993025,0.196981153857731,0.103647008428061,0.0964343309379753,0.100221852544638,0.302932555456132,0.0699892764928168,0.214321886388869,0.140933476274806,0.215564650756304,0.149956877378229,0.104367451143851,0.193193434521481,0.137932062336733,0.122853911296536,0.121891828250942,0.226388881877947,0.312709980673295,0.104237792019636,0.142447059343437,0.232045036193353,0.18550373697397,0.220832874526119,0.318230028248333,0.1198920502904,0.169719934291592,0.236266787819872,0.173267923375299,0.104805494890571,0.273538904754566,0.193059869557046,0.145965174666705,0.0962721080637572,0.269919619320954,0.180679964931158,0.117780319570257,0.159254695745751,0.167409581128405,0.377387156751435,0.258415128196325,0.0850807173643017,0.123722003660263,0.412166858338647,0.161315875396236,0.160865731427095,0.108893612037093,0.208901662252955,0.186511872661565,0.218836493118715,0.161561930489902,0.145676768111538,0.107242168471307,0.332281583347956,0.109351467658108,0.130000269368878,0.19071818890666,0.196658670580707,0.184610475757119,0.14372085775472,0.199423667528581,0.0372611892831854,0.190701876041473
"alata",0.182948665645811,0.204855668250285,0.233660646428699,1,0.345108929466361,0.198252518214154,0.275430106471903,0.238623764151853,0.266712467517033,0.165672447756629,0.186686986711967,0.223776078693212,0.204503262006025,0.27194616358693,0.257852821274683,0.252562157258907,0.255933271058103,0.325403419235516,0.206085289677796,0.157686354198963,0.292979055526769,0.185864249898228,0.206490503691657,0.361669102652625,0.311800757509799,0.162962196939837,0.108292350240084,0.250549760778626,0.21882656997794,0.142281074290658,0.30908553901522,0.238224055367753,0.264581589032178,0.112701565499078,0.187941866273665,0.191686072315607,0.2632328153702,0.1849605659369,0.177544835651591,0.139908524939497,0.220768054082009,0.266727425560449,0.120594695818576,0.345513103314377,0.219714001237417,0.240946587555558,0.189993450603957,0.103658894103869,0.210731593587573,0.199915760819893,0.133734077987383,0.136675447026426,0.242522127470366,0.218041143115036,0.152337967010683,0.252539614537702,0.222575833892787,0.283468186697647,0.231211539992996,0.250980664468759,0.199684176171847,0.299267775358918,0.324107613066169,0.316814570755743,0.23453193368256,0.265575358219549,0.275307940287851,0.226839466919692,0.205853348888474,0.331028510810528,0.171229936018015,0.21661410324123,0.186786554533205,0.200254906638182,0.263605264127335,0.285087823956961,0.137952175131068,0.149225376707926,0.299639730177041,0.241490305507074,0.227464846618621,0.259855179153189,0.206941455565947,0.210523809897599,0.235025277781756,0.198055820677755,0.239297244293131,0.264718679013779,0.266250433698187,0.144020673191615,0.240516423491823,0.17008855990566,0.157486784753822,0.174202447390236,0.280889828426869,0.19979097163856,0.0856277672560865,0.208202652955185
"alba",0.176573734901076,0.333011732404192,0.386678014124675,0.345108929466361,1,0.131156183787869,0.211886912048878,0.224525583716514,0.297045103016092,0.281022912057917,0.223370472444141,0.410903594095269,0.343001844817347,0.330289574146306,0.321107413977082,0.260022335311122,0.360512884376529,0.294189332503366,0.166736084569977,0.132775080120812,0.319868641866286,0.157760020222152,0.207851631459502,0.260076246167528,0.30438911485673,0.223256266219979,0.118729539796806,0.357805794806404,0.182183365366754,0.158947835621921,0.315736493917381,0.374821620212397,0.293866844841009,0.0856454698966943,0.320889925459489,0.182823295769188,0.330613129045865,0.191568226669416,0.120320828449566,0.119025312642249,0.234504531633364,0.309642812113184,0.11322583693691,0.247664616649886,0.176063947313457,0.246662835912077,0.281067232884087,0.0933287149627867,0.334806431050598,0.278825500850069,0.145687966165149,0.134180348794557,0.272859009394675,0.338254242523459,0.129934011950065,0.165495566309314,0.245900462239394,0.240846005379633,0.364553460729947,0.318396582860784,0.155288644279056,0.22320410902001,0.260668227632276,0.219159205722348,0.155972400884617,0.321190345179282,0.196844326331245,0.205271331126433,0.109399174838322,0.323376844190752,0.290588786537928,0.184819183333725,0.225892913099411,0.211630744202135,0.411929932251599,0.333643370134269,0.0951393892916104,0.127698997667717,0.473684369001738,0.214258253918922,0.156118025088763,0.172811402785369,0.223379029439151,0.213493692896498,0.242556044938534,0.21725015058866,0.173919751097716,0.14434616078026,0.354938872211314,0.234626315715618,0.165792132503367,0.298855274031526,0.176621835420021,0.179879382728279,0.244176506437853,0.32391922186639,0.0644933834794823,0.203702224815199
"aria",0.106249764839415,0.110535548933915,0.118998709462,0.198252518214154,0.131156183787869,1,0.189701728832215,0.127255957465488,0.135269669063591,0.118965540149883,0.12611837389445,0.144462566783831,0.11017833965787,0.155301964872238,0.138697737173951,0.137309284784196,0.117187470510945,0.158649539624591,0.158002235935119,0.142431861175551,0.148872582075902,0.103506852483697,0.135028405846277,0.159301662089863,0.143301753247525,0.118467459019095,0.0640200879688339,0.119607078858538,0.194950572464383,0.119326963237488,0.125523663881632,0.12785653920056,0.144335739018614,0.0752127430295988,0.10584371987879,0.142178783601454,0.142435350417972,0.133084314755777,0.174478085150878,0.096644818617197,0.149292340865989,0.141573516171602,0.0831343192205212,0.178688604377029,0.182654825501159,0.114228827630479,0.102971366437891,0.06682171344181,0.11554725437864,0.12776266426124,0.11125912149789,0.0722472652073175,0.1619461736095,0.118357905245354,0.0910698111174299,0.124941054437536,0.0888591188214794,0.137457972682055,0.125653037933029,0.112342508590724,0.116853678163773,0.169321605959045,0.187155242698385,0.152227624212001,0.140843500570488,0.142608021640648,0.131455031690658,0.178091828648931,0.14642247984982,0.149554762195827,0.116020528776585,0.187863507166046,0.123270380191054,0.114357434348192,0.132827004636992,0.159397388626291,0.114323577980248,0.108767502191,0.132398675909738,0.179586459857706,0.130094684238225,0.12783543102097,0.135008521466571,0.138825018595422,0.191505216689941,0.134456422001274,0.204582009381267,0.160306233458043,0.102330387925031,0.0963928534418787,0.120631314745537,0.116074313917221,0.0971405235503262,0.10945282586104,0.149533790667187,0.103847293589592,0.0546451242842097,0.0981108104417559
"auristellae",0.141447577885945,0.184364876654761,0.167068044708381,0.275430106471903,0.211886912048878,0.189701728832215,1,0.186176300129488,0.235312962194864,0.159126925188883,0.176926828389415,0.192304400454478,0.171451591884345,0.221405021026265,0.246006253064752,0.180633106731772,0.181146997073643,0.301086517303308,0.210192778655668,0.115470587741362,0.242495588947005,0.143419148904549,0.162002173593612,0.303932490210701,0.253104845728097,0.213727594589767,0.0844997957543947,0.195969494035316,0.203506660979108,0.178138234064737,0.1878792336154,0.164140442279432,0.285906473469333,0.100545403007255,0.174511321755804,0.137075573955295,0.208236361588176,0.130647222478127,0.196353908982287,0.087098929599553,0.283222938514199,0.208412134824704,0.100079043715141,0.281581743547678,0.228341579624546,0.166969435492334,0.149569017723584,0.111453218960262,0.223844125571115,0.19470278727839,0.130280894930539,0.168652831027644,0.192405004499022,0.186290220164932,0.145911920712515,0.238172788294612,0.164071758645901,0.237562078357735,0.183156591626825,0.161942799627952,0.265178598322316,0.254146060433765,0.180879106550168,0.213555001207059,0.23479907178647,0.273183766604769,0.230874280874917,0.284321063099186,0.242783965920467,0.27018963104754,0.145734775548123,0.240376590513425,0.159183119690689,0.206772710061628,0.204934058240361,0.20727536184214,0.158923921460945,0.109159139223121,0.215563159032908,0.228379700416272,0.241462301750494,0.20678171286322,0.150184165907396,0.165431570632839,0.155151866462346,0.128118745361552,0.210416961721026,0.225104477688648,0.13532631451984,0.139818175757463,0.211654267501561,0.149986903845814,0.113833340221922,0.152530404308461,0.201505203337093,0.155919149451792,0.0910681418847577,0.231695654378651
"bourgonii",0.147296787624849,0.240456581801678,0.211343721584407,0.238623764151853,0.224525583716514,0.127255957465488,0.186176300129488,1,0.220907523617101,0.168957694396913,0.100433264664652,0.142295226591388,0.200806573489864,0.234130410212664,0.244430249981871,0.248711230708174,0.238251008455438,0.208422857490947,0.127813993027692,0.124872154891594,0.212573999677026,0.157703024310002,0.151267733235434,0.2210998967826,0.203738286550258,0.0909036607768121,0.105357308109899,0.258851548485492,0.173209212311062,0.238488065032491,0.246178737596508,0.165643281049819,0.225004132532645,0.0827796683249285,0.210125112044228,0.204950234937829,0.192170210430151,0.188210676298048,0.11097238176611,0.110640794639916,0.146052210315324,0.239655110918222,0.103570757957868,0.230351589506511,0.132946356526921,0.197042039487358,0.107269424955782,0.137949884289564,0.146131732468626,0.115557020181664,0.275525039790423,0.16526908816751,0.245151950970309,0.211223541963685,0.126631090470905,0.135370279666401,0.155285490833759,0.184451784128071,0.22241108280038,0.220179230334188,0.135036368048357,0.17892419241898,0.243820907696834,0.170634152270489,0.12683811069385,0.23295903831414,0.161557221179671,0.171142833670283,0.102576496263845,0.265709661783175,0.178833041195537,0.190981507451602,0.189492634465303,0.182124660864436,0.2760176674644,0.256302823874329,0.0697740607468094,0.159865397447902,0.223592584838814,0.151581109325312,0.132243556182454,0.126130181621467,0.189011588664503,0.199166599490812,0.190552716261655,0.186078985135023,0.17652266179275,0.127083611674957,0.199354710189615,0.111114964865826,0.114900612863613,0.136962539906305,0.175937056167021,0.152410832854882,0.155384419028771,0.124518352400106,0.0484016923641647,0.183531648454549
"brachyrhachis.aff",0.194596688494318,0.323828001059583,0.239537446799321,0.266712467517033,0.297045103016092,0.135269669063591,0.235312962194864,0.220907523617101,1,0.214326167807005,0.11839979488802,0.275946050894905,0.230172966314022,0.260131336488118,0.411366984020864,0.26701508115189,0.258994768638405,0.293850354284265,0.169753485146659,0.123500325986187,0.310174855541356,0.180274291740604,0.173905251465606,0.303343780918627,0.241797788052635,0.120666232678888,0.0909550446262136,0.31487598519671,0.167979287571274,0.134750329277427,0.296322701734777,0.180145723984314,0.269065952252867,0.0878545297983535,0.190465103417972,0.194106481582573,0.255426956699853,0.175706036531758,0.122865425558133,0.105361963397723,0.186790627408049,0.2869562651905,0.103782697428118,0.243875519353921,0.185289794026855,0.234306435006982,0.149333236767497,0.109066847457604,0.185871213910121,0.180227834487909,0.126175044037196,0.144415991661711,0.234237288434692,0.325786687543494,0.120083169041047,0.166230450710347,0.165144976030618,0.212582631083105,0.231903735437665,0.23526657591026,0.170811874699503,0.251553413687994,0.251036583937787,0.239442427603522,0.151799463382778,0.301215980727977,0.175727761280264,0.214147311228684,0.127112721273346,0.296965825671549,0.158124399278061,0.184521223287913,0.181781791256336,0.194636982178756,0.343970224079569,0.280134933046157,0.109310366153443,0.133183651313995,0.282411946864902,0.202972423747646,0.121370159700571,0.165912731976375,0.174514032185383,0.190177315048482,0.183811843056775,0.164262511097261,0.172618920460841,0.142306849462913,0.244056626216674,0.140941476963391,0.185330080556729,0.153032869194783,0.193258893180884,0.164464392237109,0.177260989008181,0.205503306568767,0.0692805603937747,0.171922431083073
"brachystachys",0.117127893824992,0.151816968414725,0.144863212231177,0.165672447756629,0.281022912057917,0.118965540149883,0.159126925188883,0.168957694396913,0.214326167807005,1,0.299087976983902,0.285208503365937,0.283300781820958,0.184511590063173,0.167433367670271,0.168583408690901,0.166253419887023,0.192177262914742,0.137850810077543,0.120818863358966,0.197257936276385,0.102633300322885,0.110793854703767,0.2006706465048,0.173613076306739,0.252910811780271,0.0786597219759299,0.154194172862615,0.113827514929101,0.102392003825202,0.169774066815903,0.381671100331404,0.188229339387148,0.0775756376967265,0.344011138171001,0.11956072305424,0.161515182836047,0.143666555429299,0.1140087613411,0.0836975837850123,0.385794047620465,0.176612329566753,0.0904511222209692,0.163399367044773,0.143439974577939,0.155067495975396,0.373101234814731,0.0974009686125426,0.300985951115896,0.298887146760408,0.124871162734293,0.127502841098819,0.159622753607538,0.165417545388876,0.140689992062657,0.133351197008878,0.12048817922837,0.145814609262045,0.355281241170328,0.179212549426001,0.121138579810538,0.141309392584978,0.167956089579285,0.137302680433902,0.116061309143526,0.168263870942433,0.153047229300808,0.145920586536957,0.108159398243702,0.177228424756329,0.326852797211937,0.115376212331158,0.164230123754836,0.155425677947516,0.165706126556704,0.186843893748176,0.0920642252570588,0.0975620529267411,0.168697647725052,0.133977931975375,0.11927475831181,0.144614190467011,0.139220242439439,0.191774698911613,0.15181732444715,0.145619647794035,0.117128214757153,0.135028565747784,0.143675751208879,0.237811009750217,0.129191382935981,0.289650729731027,0.193569353779243,0.12562709447588,0.146743886358822,0.43558029441982,0.0468847762759903,0.126659301830687
"brachystachys.aff",0.0844214410108435,0.100313507802375,0.114668372227118,0.186686986711967,0.223370472444141,0.12611837389445,0.176926828389415,0.100433264664652,0.11839979488802,0.299087976983902,1,0.283634682045594,0.196521859565462,0.12650900713646,0.0976237717718035,0.086665667867965,0.0907279919424092,0.171974287850797,0.140782504932491,0.11102598603099,0.117528964284876,0.0969340744695466,0.102659172992849,0.153789665974474,0.272390099058173,0.281525860203962,0.0682643527670122,0.112064213080743,0.133856236486785,0.0732034277519317,0.110927191829987,0.295461049327628,0.115311498116692,0.0836200327835857,0.293099692696096,0.0920728125480011,0.139888518401243,0.106592373107852,0.16231172429564,0.0671149976751197,0.349548830386847,0.12117222997849,0.0728937579001649,0.200968462251835,0.17521856967317,0.108538969054218,0.339437237216142,0.0738845720942636,0.252875996894933,0.280853360199857,0.0978879533718762,0.0679209237912681,0.119281339872051,0.0881608576035384,0.108087514870492,0.208077201682148,0.0888943159061501,0.187968603610088,0.232862730848043,0.0934412181932838,0.133131077841899,0.133104073072311,0.0921439551278743,0.135862845163375,0.267956277356835,0.133273504786576,0.179926453493253,0.143770491022512,0.188977385919189,0.153064482597044,0.286738798344518,0.151958001896538,0.0888836175617412,0.116931382422294,0.112646624470335,0.126698479668379,0.140050199433508,0.108920092472848,0.125228664458432,0.177181689153576,0.236551513318479,0.205371565652372,0.122612795092933,0.126210506341955,0.107267223611449,0.0776497343906216,0.15453257328527,0.202626251963087,0.0747371626430746,0.216767058569622,0.199878696256773,0.322213308484903,0.0778294537637624,0.108845978300716,0.254155969753242,0.298690939450327,0.0710116062639898,0.111811601595326
"brevialata",0.123867476431162,0.331678419124254,0.230176035082731,0.223776078693212,0.410903594095269,0.144462566783831,0.192304400454478,0.142295226591388,0.275946050894905,0.285208503365937,0.283634682045594,1,0.286426871343889,0.189060384122939,0.246999455604137,0.165105498998954,0.205330726994866,0.271077661329025,0.138698758855917,0.0821340206912354,0.251960401225004,0.0980099101129012,0.118283405835519,0.219649599549441,0.237264357295044,0.261661766139834,0.0646338591889321,0.31991458133426,0.143778570261607,0.0920386985220091,0.197210566047523,0.312324378954513,0.186721618480632,0.076587449485347,0.297248879052606,0.114161495648084,0.248045060229526,0.144035175168449,0.126062977992407,0.0797286602464841,0.313504007401188,0.218459137341958,0.0815609695087381,0.210472343370044,0.142910481283498,0.185316088370935,0.286075141434735,0.0681237910867933,0.334934216284971,0.317826445176488,0.113706039856398,0.0905532915263859,0.169722086788836,0.318899302505293,0.123929179366797,0.168243127181641,0.134141906342829,0.160953415192051,0.308721050011117,0.181923071913062,0.134987947032918,0.169637994167413,0.17776092972595,0.129689714216872,0.123034840411812,0.275037676762167,0.174865021580774,0.180802899006107,0.138341103236501,0.207604526554457,0.272210715676195,0.166310983241951,0.129034086554919,0.157647661795109,0.292637353399666,0.225459985326771,0.094162409008897,0.0906245888253168,0.343935729964642,0.166906123623571,0.149855817376027,0.16393657739714,0.159953750631072,0.145757074658106,0.138529109795987,0.125103124945816,0.175559500713534,0.123658957026517,0.19575103838329,0.214897002382962,0.186097906869124,0.413369266001421,0.125885681505151,0.132641485533166,0.17023161431682,0.299570107945767,0.0668727315299469,0.127236731021368
"brevipes",0.1291852879934,0.21646041992281,0.245712155504205,0.204503262006025,0.343001844817347,0.11017833965787,0.171451591884345,0.200806573489864,0.230172966314022,0.283300781820958,0.196521859565462,0.286426871343889,1,0.219965466289169,0.205053169239065,0.187176686173453,0.210839585425065,0.210840820630326,0.109789208678776,0.108108414147803,0.223160865046431,0.152723811888871,0.123015395434412,0.200079768386468,0.224702692513955,0.186056725551063,0.0756641670276089,0.203849576265265,0.143779375730919,0.0910059881861932,0.241444247234462,0.247483886179384,0.214243845977338,0.0752665808570205,0.290463327741842,0.128290954885976,0.251529427907777,0.13183792650308,0.0965842610918863,0.0934587332142983,0.218433962087792,0.206139003853943,0.080161054027418,0.218891231269159,0.124752322797919,0.176478935656425,0.223431956481435,0.0862160752411431,0.286910269059213,0.235294229512931,0.11109801077933,0.141601607575485,0.151685463605344,0.19830888469089,0.110698848813717,0.127805369232262,0.138918117531119,0.166870411126801,0.305689995221952,0.186053232051427,0.121829532787008,0.169336137353979,0.186664236168655,0.171922688914615,0.096156121445428,0.219489899374392,0.171326784430841,0.144171616743268,0.103427945761271,0.221003236991912,0.244228596156077,0.116831971252738,0.121604998003539,0.178826252406603,0.225192190959498,0.223177374276281,0.0987357855842302,0.134496105751298,0.228117767714198,0.153466878802511,0.119679120497271,0.150887783430796,0.153024310042771,0.161776829185292,0.149545295427619,0.139727946680252,0.126884876123191,0.123698352886739,0.175846673127065,0.201374052884456,0.129467320822736,0.232095287394709,0.127294420846625,0.137539914423523,0.138141296199502,0.236804083923793,0.0413717206855675,0.159576023660398
"capitata12",0.206105304651506,0.245347106039768,0.282519380055177,0.27194616358693,0.330289574146306,0.155301964872238,0.221405021026265,0.234130410212664,0.260131336488118,0.184511590063173,0.12650900713646,0.189060384122939,0.219965466289169,1,0.284797794948263,0.485933304726151,0.279550387146817,0.229381475691449,0.153820278355055,0.107879506786319,0.272851686282247,0.142330597158706,0.181572555355521,0.269742782466307,0.236060633175452,0.122220807587411,0.107574148454728,0.303902880108811,0.215197701489634,0.155091807147892,0.305717143428543,0.213350367057692,0.267421644784031,0.0936736267596243,0.185289944511819,0.188205637786398,0.293864068293615,0.183375960778528,0.114137474150472,0.116766977144929,0.155481691366742,0.276840324497317,0.0846383216939684,0.227570193982159,0.15712439427658,0.2960835098425,0.167833547929815,0.118712479101902,0.200276699396437,0.232066755526773,0.171279755584942,0.144865802920549,0.211338340462114,0.311056933718712,0.152439665777388,0.176965000119085,0.211804738305257,0.280152560995128,0.228843236622366,0.317836132601595,0.165676538943144,0.242142943352787,0.27937922616078,0.201539842389425,0.145653624194631,0.281952801108522,0.187451906451886,0.202122827139058,0.123497623941552,0.369616657525411,0.154874155606384,0.169583121068051,0.176700110248214,0.188422580438196,0.312353012731619,0.282691188962796,0.105351085219964,0.131395298176217,0.313790256354047,0.185222989730726,0.157505127632678,0.152983210271125,0.205002188879644,0.236860315714158,0.197593005083918,0.175301862336622,0.189117326583347,0.153865894752435,0.215131615851506,0.146881054542286,0.168727836292367,0.166928066791922,0.153544504456445,0.167683806070876,0.165101561173495,0.181680582649316,0.0643398534078918,0.291403060042379
"capitata33",0.178148295512415,0.293897037825146,0.239840369570519,0.257852821274683,0.321107413977082,0.138697737173951,0.246006253064752,0.244430249981871,0.411366984020864,0.167433367670271,0.0976237717718035,0.246999455604137,0.205053169239065,0.284797794948263,1,0.261267340184481,0.244967871389582,0.27952275437032,0.1620003376417,0.124100327718062,0.260501309820081,0.141467125257452,0.184837755036837,0.26156454733618,0.219936702958746,0.105251029056717,0.128284519993156,0.337256326500664,0.176110906553196,0.169917226068887,0.295918404419684,0.32116592871365,0.265883782320826,0.0996914699029933,0.209466203216769,0.220634938616525,0.22827455374892,0.196114993137732,0.13630231785163,0.146087941171841,0.145970054124724,0.274789445738769,0.156253737558442,0.212683745978285,0.153447505267353,0.239128617614225,0.137988974879061,0.111432168892005,0.192155897452675,0.154967053960496,0.153598784816565,0.133478249268263,0.241802792038468,0.303397146497735,0.14814087245235,0.132262635047165,0.171557966650575,0.226059391032282,0.203726771359452,0.244953600467164,0.152368583449363,0.225701815398663,0.280316065344671,0.164098260782217,0.137848170046738,0.294523486497461,0.161225842051805,0.215004540446778,0.110813417970551,0.275547067483419,0.183589142328852,0.179137238053543,0.343275023800799,0.202875635403273,0.347043530166296,0.473544174131917,0.102512095014114,0.135999642307787,0.31224020209409,0.206050051550631,0.105341539214965,0.126732618214219,0.193399747212955,0.201856715822485,0.212818505861265,0.199982563229579,0.193293988835111,0.145420995553073,0.227386955252854,0.139988228259865,0.160062246099303,0.140252617765685,0.178754474595933,0.16626787195164,0.270757793463083,0.142159646793301,0.0670742625521636,0.182706093536207
"capitata35",0.190123397821396,0.234101674082715,0.260971056984306,0.252562157258907,0.260022335311122,0.137309284784196,0.180633106731772,0.248711230708174,0.26701508115189,0.168583408690901,0.086665667867965,0.165105498998954,0.187176686173453,0.485933304726151,0.261267340184481,1,0.274472123304848,0.201972807607773,0.150185055027773,0.14240606989478,0.268314086028851,0.144359374529372,0.177322256625181,0.267017194183941,0.180963114479936,0.111162689612237,0.0985681912466888,0.271426809356239,0.227163248085244,0.140569347240759,0.318966307025195,0.195980002290201,0.23098611529148,0.0845422106895019,0.178612732543613,0.195164306370983,0.262701533339781,0.205616978290739,0.111810008186774,0.112724776027181,0.10780783354556,0.26755776843458,0.0827745022142107,0.188074418190755,0.148835008577943,0.292428223511868,0.130536996412207,0.113580428221896,0.143018206209588,0.187047531012727,0.143709827200407,0.149562945789781,0.226923339479213,0.309369794361153,0.130138278744669,0.145421786957033,0.204748070173752,0.267749295216412,0.189938659860543,0.327689226460625,0.156897955567507,0.221337394822249,0.315464900318941,0.176659616956208,0.122460038654084,0.256315238537982,0.160005251279862,0.173603313295487,0.0954828477365975,0.358614839547299,0.142276505601589,0.157598759133313,0.182837661084143,0.174379468039763,0.273484318849003,0.266945656035145,0.0753338868688554,0.156012123345363,0.250819069732708,0.158613440729574,0.118780777748668,0.135008954112995,0.213900103770021,0.222826815678669,0.227570402228783,0.211961634805622,0.170753811881957,0.117776905024036,0.26869947448179,0.112891073123961,0.141295849798849,0.152596541249198,0.206610214247459,0.182612585999651,0.143209315151738,0.175026112227251,0.0414624929587394,0.305548443760004
"cayennensis",0.151296312192162,0.232635533645395,0.311366082111285,0.255933271058103,0.360512884376529,0.117187470510945,0.181146997073643,0.238251008455438,0.258994768638405,0.166253419887023,0.0907279919424092,0.205330726994866,0.210839585425065,0.279550387146817,0.244967871389582,0.274472123304848,1,0.204316373600285,0.143216239933467,0.126909795855139,0.306188864631433,0.145358026986318,0.168416961080023,0.223969199501961,0.216069848607866,0.0895269551723245,0.0909735571020802,0.299805988357705,0.158946726171413,0.13918020417514,0.30426637107332,0.232533107707932,0.225674296571283,0.0775620431461788,0.148466342916795,0.171069680030853,0.322787818257993,0.172887850360316,0.130354072188772,0.107327640365493,0.112216227743694,0.385616835134602,0.102591428721379,0.197286996584053,0.14148256373605,0.233591706571021,0.175843814560692,0.0920857106063176,0.172134406921377,0.142696345237935,0.125563146473682,0.201877344751327,0.213357182235127,0.246772109395688,0.124255741759584,0.142781432706893,0.176174577516345,0.191469589306305,0.285656184634645,0.35415367678397,0.143744379038474,0.190542030344758,0.234281488180346,0.250139665122382,0.115922227151751,0.254791045652115,0.181486187208598,0.188183496620226,0.0931578433938826,0.305438121341151,0.149167060696572,0.238301782120703,0.187324625499442,0.212183739288853,0.328223106716992,0.259164204275792,0.0832738476287363,0.121041613304896,0.325370751377713,0.150286987394667,0.128998319826252,0.144774355455493,0.217288557900887,0.195845554384111,0.19971927679643,0.173554680425428,0.150022941732655,0.135348935149654,0.246685718541875,0.120310112409266,0.149475937096108,0.213923862850557,0.173941497260654,0.150166554474837,0.137826466520383,0.21409164358344,0.069145465445397,0.211645637882586
"chartacea",0.17436091400983,0.28094536287495,0.217331527807957,0.325403419235516,0.294189332503366,0.158649539624591,0.301086517303308,0.208422857490947,0.293850354284265,0.192177262914742,0.171974287850797,0.271077661329025,0.210840820630326,0.229381475691449,0.27952275437032,0.201972807607773,0.204316373600285,1,0.216670332786798,0.134792978065005,0.281047792258664,0.157893914549878,0.235821127298109,0.37234975394316,0.273662432976396,0.159229062336707,0.098149662414388,0.238572392495271,0.204431710534039,0.144565871728004,0.256543153292305,0.167944864355497,0.279177082635071,0.136123603524254,0.248067030504755,0.151993864853515,0.234955968050137,0.164864623836662,0.160697808829489,0.112514103339623,0.248382137506779,0.23526479541107,0.110629404478468,0.301887378846597,0.262566587005488,0.210369500425575,0.157379338734411,0.109284662358836,0.284835135835167,0.17994551486582,0.131725272820839,0.142650517470357,0.252680896669582,0.261875662597888,0.138192704068478,0.236217372671991,0.164862758389296,0.225462689668402,0.198628054174564,0.225538351071671,0.209598534459287,0.291341660524246,0.262269998103778,0.244888630731892,0.219216282603227,0.279064358853902,0.210861238933515,0.235687218535711,0.206712795290547,0.295426800751652,0.207094985749357,0.193755876941439,0.232027045113495,0.251274572668806,0.247605255500958,0.277011690195939,0.149916180109396,0.132797029130633,0.262494021791153,0.303140501917999,0.206488019930942,0.216866161141287,0.178382511617371,0.21776127009418,0.197922960195039,0.196897673638655,0.219097086484954,0.186840970624475,0.180089118871169,0.139657457810888,0.222389938384535,0.185074139161427,0.16961685064788,0.181699921817448,0.227458219106906,0.165352997344583,0.0929167262724176,0.186959154416573
"cinnamomea",0.142588003107499,0.153532997814962,0.131906539342206,0.206085289677796,0.166736084569977,0.158002235935119,0.210192778655668,0.127813993027692,0.169753485146659,0.137850810077543,0.140782504932491,0.138698758855917,0.109789208678776,0.153820278355055,0.1620003376417,0.150185055027773,0.143216239933467,0.216670332786798,1,0.0949119438348078,0.172852542914204,0.108691544526262,0.121952687530403,0.244056065743917,0.197826723483848,0.140046495265216,0.0908337953327327,0.155364039794158,0.139829781084012,0.154093082170019,0.146060361171359,0.144373667691637,0.162807962738779,0.0867973643937769,0.140513371269095,0.118414267624571,0.156015884974816,0.149245866316844,0.155869272442839,0.112972091164404,0.162328826140922,0.159661731166747,0.0994652140585372,0.191147839555233,0.182746145205809,0.1555046841727,0.110597284854968,0.0768278833398011,0.146597060447759,0.132038236555925,0.0983261474278921,0.0887982545198701,0.184572789000356,0.144916796946437,0.119417224501041,0.168729515514561,0.111747994441177,0.186866192585326,0.163587392430496,0.119903746237576,0.161491070231565,0.20416723965399,0.145595206331913,0.138130567698419,0.172994952288718,0.173496532916392,0.195282170944198,0.23167168715532,0.1706118948753,0.173555485849094,0.101265809154324,0.197897821514504,0.188757749896,0.165595878352426,0.148510748111651,0.16178507549395,0.135868119159684,0.134661320602294,0.163488201765832,0.169054123951293,0.165220990532254,0.183359689249355,0.13594218822376,0.146890103945245,0.144351808399416,0.235969790324749,0.180264163421843,0.1876774929822,0.0995190354853391,0.0935305281065197,0.173521710903387,0.124527122839339,0.122766486122377,0.127491697693173,0.197837926801019,0.146987215018667,0.0953836262785387,0.13777271209311
"cocleensis",0.103314095770815,0.108268662075393,0.132030442696468,0.157686354198963,0.132775080120812,0.142431861175551,0.115470587741362,0.124872154891594,0.123500325986187,0.120818863358966,0.11102598603099,0.0821340206912354,0.108108414147803,0.107879506786319,0.124100327718062,0.14240606989478,0.126909795855139,0.134792978065005,0.0949119438348078,1,0.133864976901865,0.113552288028935,0.117714374303479,0.126861074231254,0.109463541558014,0.0715357906246436,0.0917750166726501,0.112782944631629,0.128546553835264,0.0899603064029749,0.130602422622381,0.100917228343162,0.140404612894758,0.11901719686935,0.11550817586849,0.0940784873129999,0.150673541880041,0.117225612016054,0.0784995760563293,0.0849398363982755,0.0969400711106162,0.142666800342157,0.0611740159256203,0.141422527040963,0.118260030774707,0.094326736930061,0.0708572749585999,0.0975339661024043,0.101825226209271,0.073834783190003,0.0877487843308299,0.15742192645143,0.123092552197737,0.0946091726061883,0.0951969549025952,0.0822223347715673,0.11203438266062,0.128704827581332,0.110449226441644,0.149178568795373,0.116785463915891,0.134985357456201,0.12202974745764,0.128930343102231,0.0795855432850144,0.120239648490395,0.0952652384406749,0.1138829617551,0.103099124633036,0.138063606345796,0.119127666094613,0.0927669510860596,0.117125352942563,0.117180842707508,0.122608158621176,0.144193175043985,0.0863801328040354,0.0945997966635988,0.105075040045361,0.108665302365587,0.0970393290043908,0.121664967721188,0.113585177692771,0.141644201024802,0.0977683072024752,0.0901945188203521,0.125961482039927,0.123499448615799,0.0977921080545089,0.0987262520829968,0.0654287559148313,0.132508255955934,0.0884586970426397,0.120599750405847,0.0938514853310952,0.0979793909652121,0.0411787401685825,0.125788775781432
"cordatoalata",0.203995397501989,0.23663752687218,0.264244267800088,0.292979055526769,0.319868641866286,0.148872582075902,0.242495588947005,0.212573999677026,0.310174855541356,0.197257936276385,0.117528964284876,0.251960401225004,0.223160865046431,0.272851686282247,0.260501309820081,0.268314086028851,0.306188864631433,0.281047792258664,0.172852542914204,0.133864976901865,1,0.161939314180122,0.164280615865016,0.272791894088258,0.262774226405552,0.129441121842529,0.0940005635073211,0.247158768016462,0.206941882269412,0.138527587557961,0.277381435226692,0.193481834473535,0.255736290291942,0.119610833483576,0.210118119469581,0.154889833723586,0.328771867944887,0.178892984807685,0.153646883652004,0.106914268503452,0.167507266398089,0.329290794667391,0.125613922807432,0.262378335226301,0.19385282960827,0.217174804543505,0.164703839873443,0.135810617304176,0.233910148421382,0.189630097666362,0.140127289932318,0.151746770827408,0.24352493537452,0.241772405895988,0.166903667485903,0.165658782512554,0.17125216401108,0.202605489410918,0.233292376997888,0.242444605544653,0.18814548650991,0.241266102782543,0.256883272669462,0.224476601688963,0.166485912913861,0.268774565357033,0.19386579729841,0.242878370688108,0.122199301196723,0.299518726263613,0.172899557222486,0.198554499388635,0.211305406671028,0.214740801412314,0.280768325415299,0.267466725592937,0.103675509385646,0.136826490055692,0.280096208357413,0.230598864141799,0.165959270398507,0.169829691911356,0.201104756009385,0.218120585352518,0.225187958855631,0.179157786902766,0.18033725873484,0.153558781210206,0.226821283766824,0.146948878788415,0.171484596548369,0.205256871257214,0.167955247554996,0.184563554600332,0.191297230686793,0.18330291737533,0.0660547517809436,0.245187738852889
"coruscans",0.178941112405148,0.181147964246319,0.123573339852825,0.185864249898228,0.157760020222152,0.103506852483697,0.143419148904549,0.157703024310002,0.180274291740604,0.102633300322885,0.0969340744695466,0.0980099101129012,0.152723811888871,0.142330597158706,0.141467125257452,0.144359374529372,0.145358026986318,0.157893914549878,0.108691544526262,0.113552288028935,0.161939314180122,1,0.346603905265687,0.161712421915776,0.128311127015691,0.0798917943769603,0.078903271538135,0.12026010650384,0.173586512666802,0.113176186673907,0.175831617584624,0.108594762265162,0.182220851912924,0.119112000213859,0.136740342655223,0.137653043949895,0.156613499287062,0.169183864531138,0.1160445525952,0.0980420525662975,0.126352733381656,0.155834824539639,0.0826907143405864,0.256653755494492,0.118990090924724,0.130022303274798,0.0876661895546433,0.105222878787503,0.123301719040205,0.100159435475652,0.117614964027673,0.144765005898844,0.163727094584078,0.136127420388636,0.119270199598122,0.0844565174930627,0.112931511436495,0.146014237783524,0.122659719047187,0.121825060010699,0.128741978887574,0.179341798853825,0.156797089872047,0.147343695019365,0.123445295951888,0.156076420724035,0.0964465405828435,0.14251556623556,0.100452697373912,0.166715547697122,0.130930366144955,0.126210607410853,0.19931581705259,0.151166837066924,0.129571253005276,0.156199209771034,0.136564036134639,0.106808327945883,0.118395257450685,0.155183663958029,0.0964090884097916,0.20602960077937,0.171235281314633,0.155818345526993,0.142025273397669,0.135609620143155,0.168290130633466,0.110119148441015,0.115368122339404,0.178057397010671,0.0769189836178004,0.12496588681154,0.101895574535621,0.135602055985716,0.110423848646075,0.0916012283101963,0.0755941646887351,0.154926589058178
