"","acreana","acrocephala","acuminata","alata","alba","aria","auristellae","bourgonii","brachyrhachis.aff","brachystachys","brachystachys.aff","brevialata","brevipes","capitata12","capitata33","capitata35","cayennensis","chartacea","cinnamomea","cocleensis","cordatoalata","coruscans","cylindrica","edulis","fastuosa","flagelliformis","fosteriana","glomeriflora","goldmanii","gracilifolia","grandiflora","heterophylla","huberi","ingoides","jenmanii","kursarii","LA17","LA41","LA48","lateriflora","laurina","leiocalycina","leiocalycina.aff","lomatophylla","longiflora","longipedunculata","loubryana","M18","M25","M27b","M30","M71","marginata","melinonis","microcoma","multinervis","nobilis","nouragensis","obidensis","oerstediana","paraensis","pezizifera","pezizifera.aff","pitmanii","poeppigiana","punctata","retinocarpa","rubiginosa","ruiziana","sapindoides","sertulifera","setosa","spectabilis","splendens","stipularis","striata","suaveolens","subcapitata","T18","T21","T29","T50","T51","T82","T85","tenuistipula","thibaudiana","tomentosa","ulei","umbellifera","umbellifera.aff","umbratica","velutina","venusta","vera","virgultosa","vismiifolia","Zygia mediana"
"acreana",1,0.178074222316344,0.138722740186468,0.212197640823602,0.209321744396423,0.135998031780115,0.235477015884916,0.217094524948723,0.196159409034755,0.131679421049155,0.119839304728072,0.0939501927760091,0.119481273688172,0.200268807362852,0.173406249936886,0.189029362711735,0.185689398730413,0.195071583230833,0.126861268756138,0.132620966251995,0.190052716361068,0.137331517144398,0.190311997232466,0.202488077891533,0.210399975332392,0.143341248683081,0.211578223556273,0.181524685638454,0.228639668506399,0.194033485433548,0.187237269492532,0.156277620550376,0.191699602543441,0.126183857110204,0.185534559218335,0.196390567557535,0.223173234852249,0.134229886553235,0.120317880707674,0.107750011629614,0.179613611060939,0.180751933809534,0.161093952705842,0.138009147164324,0.136982814302235,0.186242135722429,0.137582644450008,0.183186579688652,0.127663873853203,0.133709022211732,0.148542633027017,0.129017928616679,0.172751051945371,0.168428861930873,0.191156329387804,0.191538106870182,0.133368274871182,0.211950217073754,0.203183535300447,0.144705385218522,0.166987551566182,0.22394963852433,0.189957956565428,0.234613382815482,0.259331935845037,0.216762006878104,0.17856523649565,0.189318289445472,0.183464327400607,0.219012205204128,0.150602735010145,0.127735971547492,0.201841297329924,0.176876871182755,0.190542923096438,0.131987804388993,0.182008016969729,0.1268733957256,0.167454791549482,0.224238460546691,0.203138094277065,0.183815567476949,0.151101527175278,0.209274713468216,0.142446263883904,0.191604366561746,0.228848108558543,0.188016999058562,0.0490926115440885,0.17375792639008,0.177794164513641,0.131852971960727,0.147653536707141,0.184824063537346,0.146058439398494,0.129019455890793,0.125561993439665,0.237563723817902
"acrocephala",0.178074222316344,1,0.171404114330135,0.244692284417981,0.251883820569377,0.166332732669273,0.295718007969943,0.28210735183132,0.244274276572885,0.158920668256612,0.15863925268859,0.119845648593193,0.158837984805926,0.206504216896731,0.319959230669086,0.231926055776584,0.200297771887484,0.289432360425592,0.157829541293953,0.234446352833214,0.205081823092038,0.260921567635483,0.212662906854673,0.307086142680414,0.253726206411749,0.191263283542337,0.181019169839289,0.190153007581674,0.231607510600699,0.233569213619652,0.240094830394213,0.230489697880655,0.264260407464679,0.113073215064125,0.199592942669215,0.172758952247403,0.149677202613309,0.143383859490779,0.0877746713737175,0.193628611815855,0.220909139534051,0.291176586036382,0.165150600678229,0.157932787555008,0.131541242730671,0.245675871215938,0.162240639408129,0.307350311145481,0.134547766494647,0.155499854101685,0.149013456489072,0.211999641153678,0.214965396369441,0.152618637369325,0.319457588023101,0.21802324707026,0.128218726052427,0.261219243276559,0.203479388220183,0.153095794118331,0.206248405298391,0.272703984352044,0.26791145934471,0.253850228898152,0.239493352156021,0.256550257675458,0.213232035244366,0.21123944863709,0.168501316274424,0.235889996045941,0.182831261574411,0.155063607131339,0.222453753261368,0.160184472398989,0.232316558438245,0.201120413941809,0.262100954265266,0.107653653475623,0.240600956747106,0.234780336343147,0.306879993835852,0.191472202761364,0.224435968594405,0.352327396007334,0.147257986783473,0.247717055276852,0.219405433898681,0.174277728407681,0.0796221470612264,0.193012244910183,0.189878815562919,0.140332939111329,0.157872177254345,0.270611911067235,0.190548836607335,0.223027994538009,0.103065154283009,0.321323834304131
"acuminata",0.138722740186468,0.171404114330135,1,0.136529822117704,0.147089422132369,0.0995075710704987,0.14863524988618,0.174843630613251,0.157434476623239,0.129490336754248,0.143454760557867,0.0935291308928609,0.0961028451917524,0.133020311572585,0.156681275575026,0.147545751276366,0.122263861544516,0.132595815897023,0.0962262585840616,0.136535549060935,0.115726304743163,0.142503332851774,0.148240703701853,0.204462222532064,0.128032038163541,0.12530708878139,0.12843319124143,0.121423647783618,0.140882711934671,0.12457484834554,0.146179344177628,0.146501767109469,0.157328481944837,0.113505186119094,0.154395700476433,0.154962783997329,0.10428062138286,0.0891038172988351,0.100548829827567,0.10174911416121,0.13580143467359,0.14327909033605,0.156608534827682,0.105172376414942,0.11429386983901,0.157480060218973,0.134843144993366,0.149038770049707,0.0883897158101365,0.114383285784692,0.0913610756057456,0.116828053083081,0.143908127104535,0.132727078954535,0.130273508466493,0.151894441701,0.10190615122667,0.13527554340469,0.155152947208635,0.139952017738026,0.14151917781403,0.156478857764583,0.14715593984433,0.133041484786961,0.150101476674269,0.16160996445695,0.134033283151165,0.17257643366826,0.109098375473432,0.143296283582595,0.137453022510473,0.152004699267753,0.138120449034196,0.131636694417308,0.126758266213387,0.126570404430013,0.124774455533597,0.0856405415674895,0.156119576870978,0.168756737821807,0.132695239644407,0.125844191334433,0.125722271142822,0.145382742024837,0.150482153877556,0.162505828630291,0.159602260583722,0.137946330144594,0.0510718874909453,0.146018053269109,0.126251429716942,0.0952860710499468,0.11053022264232,0.131614898634179,0.151228616060986,0.168399145050773,0.0729436927263197,0.144409850201239
"alata",0.212197640823602,0.244692284417981,0.136529822117704,1,0.285035757635933,0.174322542686331,0.252439327866667,0.203585922432301,0.20820344365086,0.157264297567367,0.136048471254433,0.0963302144126461,0.15481694912198,0.212498339958005,0.244285608529868,0.231542342463545,0.181702298159842,0.325197488009295,0.147928359679196,0.155580086896645,0.201430648267938,0.201139161412404,0.24651161267738,0.258203062161509,0.21448016559356,0.180095878880192,0.209236999637502,0.19278574921916,0.202356118380834,0.221951405783216,0.231012901865545,0.182736995816421,0.223190275133782,0.116941578834343,0.196452273077988,0.177413387672268,0.202872175360368,0.152960499375092,0.114395869142123,0.147351359105546,0.205519469055706,0.244864544238702,0.181697100327301,0.163780656995938,0.187683827009932,0.187002284281792,0.155131123127462,0.240344525311522,0.188872686134798,0.182743674995579,0.141985146181282,0.146435715412555,0.203528926142426,0.149610338175787,0.177650869943838,0.214611988681991,0.160528950212774,0.20039140146441,0.20617205155175,0.187468750292732,0.192103770987438,0.285097420740538,0.232433785121806,0.213695319015744,0.221414127506054,0.231359681288416,0.165030947668327,0.27558880585867,0.201791741332748,0.203996961912461,0.190114917913292,0.198708738228712,0.217324624866992,0.17723889250557,0.267639643920731,0.169877239690284,0.176227331620742,0.138218875190776,0.194014955670079,0.229810976034108,0.202478704431798,0.226836941373937,0.177850246534864,0.195439963949459,0.124691134969416,0.174494933081808,0.241717706695908,0.212995197146756,0.0640627109508502,0.234222989800459,0.178110054622887,0.14256836667515,0.149632565489668,0.220790654448199,0.175665780162451,0.140015702917567,0.110491159205129,0.251965830820343
"alba",0.209321744396423,0.251883820569377,0.147089422132369,0.285035757635933,1,0.160637631552274,0.273032794806504,0.271592457621559,0.192963396826161,0.273511458759571,0.248556685031124,0.199890051614073,0.261605859398928,0.215049829070655,0.261829290280431,0.260954670408505,0.21247150123871,0.22572817472567,0.189923601275713,0.162369619382073,0.1776729233476,0.205785417590084,0.236107702673166,0.273513185027614,0.270352265717889,0.308858974487479,0.227633241410844,0.1788625516631,0.241949454159777,0.211788618675097,0.266216372311899,0.347789015968279,0.320937496493239,0.0997037400491172,0.352033895696073,0.198753276383169,0.215977707270079,0.138831671903132,0.105736206173677,0.19407573844553,0.322276103438522,0.255798105725195,0.175940567432192,0.146125027354866,0.224341315273279,0.244935663496225,0.313655236316396,0.299866679318074,0.280155332552583,0.264303086609922,0.189643651936884,0.173695386820251,0.214899683041762,0.15476572125541,0.202084174724702,0.211514917405462,0.166298633342168,0.305625646417047,0.331849807985011,0.19692580026024,0.18416546063416,0.237107890673067,0.237166052950061,0.249812496411711,0.265701078557335,0.236634156520491,0.231910311408942,0.262648223827397,0.26383315338105,0.235001754245113,0.309245699481867,0.180465048649265,0.29458714099296,0.172736797123218,0.236857622645391,0.151141922039357,0.20455480892389,0.110727522447481,0.249829213602817,0.23408952572728,0.249806398884524,0.217600697376942,0.206993781968725,0.282957818240864,0.160313670468437,0.269830722245368,0.210723471839168,0.19355631182762,0.0662113267687103,0.394727552872904,0.194197730618169,0.23895815654673,0.160412134644337,0.272112590143398,0.188147989292138,0.280166066876032,0.114667060861045,0.280957150105707
"aria",0.135998031780115,0.166332732669273,0.0995075710704987,0.174322542686331,0.160637631552274,1,0.178531058210594,0.170739633512201,0.130718006599591,0.102911102194497,0.126828160829224,0.08175411777856,0.10057176064594,0.163373482359399,0.169840000852442,0.134889180910172,0.128833370980042,0.139539889079734,0.121892368119257,0.0928773780096575,0.122115165712001,0.143819715198058,0.153486968510349,0.170855504807251,0.145525032231178,0.182290308302222,0.153473703327685,0.137180975793569,0.169442727565362,0.140513807720042,0.198776043210098,0.120567734597639,0.159901438129718,0.118863732122928,0.139262675745452,0.170801571180681,0.13348330825039,0.120348510031338,0.0890847019256682,0.109764511831601,0.117837060617781,0.185181234107957,0.104997456586878,0.11726740362155,0.111370579695839,0.15683020895127,0.0983864163882906,0.206313956146855,0.117204339185156,0.100386960089166,0.121209145333891,0.132448917965265,0.135739863678038,0.100855515728647,0.120812328072726,0.196410990580593,0.113916136932533,0.134994928980861,0.141052179917079,0.136611292366003,0.12339874078498,0.169770560441034,0.165404561569338,0.147726261477002,0.148641674543027,0.20125406195643,0.118194317911987,0.157639679605836,0.130130881631419,0.152415273588873,0.137608501446575,0.126719960396893,0.151317264909094,0.134439928324233,0.183674067236162,0.146714131098232,0.127308255864332,0.274999102158198,0.162476405990789,0.149082816040378,0.182441996603343,0.147209480292655,0.162466974271447,0.160097633828551,0.115353516126631,0.148821132350547,0.213754219538801,0.137270632650087,0.0536616630971262,0.163680141061028,0.132612903398092,0.112798236815812,0.112038506951258,0.164708916404278,0.163433066062675,0.110403218897605,0.10041094351561,0.16769725731598
"auristellae",0.235477015884916,0.295718007969943,0.14863524988618,0.252439327866667,0.273032794806504,0.178531058210594,1,0.280488058027689,0.21543867800739,0.143818126341186,0.145346206353837,0.110129631183226,0.134308924698038,0.229563922590329,0.290701653706652,0.207516652042192,0.17987804919244,0.250667746612841,0.207838403974852,0.173394087311657,0.184025686527328,0.239448466223256,0.220900033415916,0.314104122655627,0.277840059984494,0.194134137745314,0.244296954172362,0.18208408700944,0.221004264764996,0.224523708237015,0.312542989533778,0.255594253838202,0.261155437808254,0.112264814045361,0.233972433163769,0.184934873421945,0.206595708239243,0.141893880537483,0.133003250645205,0.207645892391215,0.242054201197519,0.286684179533009,0.16656322411553,0.179516573286387,0.215696371888869,0.240469802877362,0.157497608670018,0.328315729146434,0.160652087531177,0.141143381866991,0.154795988395264,0.203623280635015,0.198089434341373,0.160310515437908,0.223953445306028,0.222885762632192,0.175722667810219,0.272332269634314,0.207503843837579,0.201462684918412,0.193191263336239,0.286193559718897,0.246569182789435,0.277157333323021,0.280435158788035,0.263518561609294,0.212623116825707,0.26600903384226,0.198439524240632,0.235474708746917,0.172042817720091,0.167460742570967,0.247156273779317,0.196877868620048,0.235179973565119,0.179791745069635,0.236651269281846,0.108883354813892,0.254519467078583,0.230353110609979,0.314578605579622,0.214592057815282,0.243092020998893,0.28914203517657,0.15775563631046,0.257551237545833,0.224326150691032,0.194648521082389,0.0780964206213999,0.249487789760159,0.192807467116607,0.151564851931844,0.1446899716771,0.296228912828092,0.189002131414617,0.229272844320986,0.108752216109758,0.296155994149978
"bourgonii",0.217094524948723,0.28210735183132,0.174843630613251,0.203585922432301,0.271592457621559,0.170739633512201,0.280488058027689,1,0.164932665554897,0.169479780848389,0.162384841103211,0.0906666120564607,0.158731155275803,0.223884306910773,0.273594805609243,0.213754353469817,0.197844173396424,0.253566755567785,0.201260057398979,0.154545914334652,0.203589708022878,0.256843573352004,0.231252851489851,0.26679552683468,0.333815714133388,0.178827989571473,0.232920397678637,0.183251782996169,0.29672568396078,0.230505471319476,0.242251853763673,0.30227380026723,0.308816027478185,0.155128195850261,0.274242630698912,0.255244229680799,0.156179081067914,0.144662476002793,0.139346241412481,0.184167352551047,0.220595236515294,0.292618009346818,0.197526001311201,0.134070574107755,0.153647200340299,0.305475706479789,0.139464365970773,0.337666985527616,0.127485344180705,0.135004054605296,0.163167854795822,0.201569787282434,0.170700614629131,0.164623787021415,0.285205717887805,0.230730581218996,0.157234103419024,0.348196317432731,0.214898381769396,0.155826346041126,0.203522705668507,0.254758098033537,0.264968497264062,0.321937312278497,0.266147130099269,0.251596086674964,0.310526695534105,0.210226129001845,0.20179599734453,0.23639218712669,0.173334236400093,0.151759916690304,0.237411491877136,0.185807305459443,0.200917531531607,0.125317680212699,0.306554447380378,0.122431618553175,0.277941407210262,0.284658927088877,0.310148609912819,0.177763079305273,0.248511557032084,0.413209175014654,0.169879058576129,0.33683365876355,0.207185428950416,0.20746322774569,0.0634769575095963,0.238288270081502,0.230678096201488,0.189102928236185,0.17928662239417,0.319447618152176,0.217413804465942,0.273434723026863,0.103002897564745,0.343665141627255
"brachyrhachis.aff",0.196159409034755,0.244274276572885,0.157434476623239,0.20820344365086,0.192963396826161,0.130718006599591,0.21543867800739,0.164932665554897,1,0.128086539877614,0.131831552193112,0.0908087945345805,0.106742769318397,0.157354796237947,0.207908379915847,0.15857038774815,0.135026743809781,0.141322625737036,0.170370175320124,0.243787304584835,0.157292611332038,0.173824080391576,0.195219436417303,0.198527740259929,0.158854560822019,0.146987413718677,0.162804263997469,0.130048526026301,0.153848552725934,0.139655144043657,0.238934611999114,0.148966287463361,0.175990757342005,0.136531292638674,0.171486954277256,0.149666925977916,0.170207124688316,0.12233515109883,0.0928595421359608,0.154710869404352,0.168679047654457,0.227960682762294,0.122492753232222,0.153731771246963,0.161493139489526,0.153054948716476,0.12866271000631,0.178175939646012,0.16909058857296,0.147728498377643,0.131610787004876,0.191583549034398,0.24263984493342,0.138577891438643,0.157276748120933,0.188152250756679,0.155682369766162,0.176848415892307,0.171227052171258,0.20741196669763,0.204380514331131,0.194435333520115,0.185569578747959,0.163689299672468,0.186712482559718,0.167199025477548,0.136436099338033,0.229872176576205,0.156908504985687,0.159181548987922,0.172930949771481,0.17540290706168,0.174878229487797,0.143493435730048,0.169019848560044,0.18324496846778,0.145800657399341,0.0920254159289053,0.204100121962369,0.172805915669989,0.172224136939559,0.156540040497403,0.187491769604182,0.162284551024184,0.106171484796329,0.163346006850222,0.192467502601069,0.146449818970334,0.0914126764369516,0.19575764586164,0.14918872982373,0.113773723870838,0.117548780154813,0.175697775160727,0.16275236909794,0.146792308149331,0.110818673576148,0.175583052249591
"brachystachys",0.131679421049155,0.158920668256612,0.129490336754248,0.157264297567367,0.273511458759571,0.102911102194497,0.143818126341186,0.169479780848389,0.128086539877614,1,0.311815077507261,0.232044681836401,0.23682182232514,0.133067238075864,0.168347181910677,0.156454587516345,0.139309974513169,0.136412629087081,0.106382779698856,0.119576543401592,0.117276360479391,0.145864857112991,0.138490925410359,0.156477829492224,0.140907663193534,0.296438052941189,0.157379079846531,0.133881815929925,0.142490087136929,0.129921308416527,0.13925111504095,0.388960990113987,0.165300532305561,0.116354023390599,0.341703915110602,0.13253001243585,0.119371081642062,0.162424098515645,0.0740567326288242,0.0892123757206315,0.35916448091331,0.182581809299499,0.108810956923586,0.112289436157889,0.0998122547569669,0.160272499398328,0.370588440946528,0.155837424295177,0.230861591209336,0.280750654015033,0.114516093744705,0.119662416910116,0.129344446967736,0.107409087905708,0.153367658187382,0.166244335230796,0.106522286104131,0.151813626754012,0.3203650686249,0.131844475471774,0.124911264987889,0.162663189344731,0.144252301924984,0.177463741904521,0.149314482083082,0.173525508684281,0.164642034942298,0.164697934792829,0.130531532780772,0.139778205460591,0.337145768755399,0.107278474146044,0.146905892133511,0.117967467565854,0.131284652384877,0.116240503079982,0.180156390940943,0.107811086520238,0.185047423211047,0.172947806640263,0.159496407482611,0.159532456336951,0.128070338911651,0.169073370757766,0.14434709711559,0.151149691633855,0.139310671170602,0.178552135504934,0.0489255725878831,0.281178955685748,0.154086935426206,0.301199156805638,0.13099226239079,0.17388929922583,0.126724633961574,0.355607106148331,0.105557992753069,0.167605655287937
"brachystachys.aff",0.119839304728072,0.15863925268859,0.143454760557867,0.136048471254433,0.248556685031124,0.126828160829224,0.145346206353837,0.162384841103211,0.131831552193112,0.311815077507261,1,0.218112668643252,0.201205982713375,0.128755881040419,0.147428986450745,0.125565923962056,0.113640146544035,0.140655304176798,0.118323973448912,0.110762090404166,0.11488576376123,0.160187133611706,0.133282788705917,0.146381671643771,0.128480113865038,0.257187746418496,0.112220221072031,0.105982344959144,0.142042707949276,0.127414027941217,0.196376703246404,0.335293958293667,0.148198860547876,0.095522235202214,0.319681261283003,0.128577420696833,0.102078218486777,0.0892193976311545,0.0631058920043863,0.108024774879186,0.334337342214907,0.143594600915344,0.0956887483143166,0.0978400401668958,0.105338885240361,0.14818930309611,0.306096661942942,0.154926823089436,0.234962424237969,0.272733382139911,0.0833710257119633,0.13433037332578,0.131412614847872,0.113246305891854,0.128356778564681,0.128948750108707,0.0904829398126081,0.117688960997176,0.243723657639557,0.114246057991385,0.112539533015923,0.141057136540942,0.143117593843357,0.136306489709783,0.146146923644593,0.131179057627005,0.102797812134327,0.129063489616472,0.104923585763129,0.138146619146803,0.31695062565327,0.117128344572623,0.135673309891224,0.107787100022375,0.134034470576702,0.11936736400797,0.109919946874273,0.073605733606472,0.137428154220493,0.143028971166625,0.170232956144359,0.146191822929428,0.111148197489727,0.133878751559335,0.099723238736584,0.157937869759203,0.139926286047576,0.110131639061576,0.0603896354083894,0.258824758755169,0.112686959164252,0.264468556669379,0.088742739144691,0.13873653570599,0.138711287756989,0.334120926267687,0.0820007945034755,0.147170651747107
"brevialata",0.0939501927760091,0.119845648593193,0.0935291308928609,0.0963302144126461,0.199890051614073,0.08175411777856,0.110129631183226,0.0906666120564607,0.0908087945345805,0.232044681836401,0.218112668643252,1,0.163706130671921,0.106621683810088,0.109543519276484,0.109046068861202,0.163020297670893,0.118408239608305,0.061764081492676,0.0861180401133636,0.226149330567904,0.0764690910588489,0.107895950438032,0.13185490468279,0.104791181421761,0.241437341438888,0.0902083154682881,0.102991215045618,0.0933867391515306,0.0851520608434972,0.101146521876107,0.253423967142308,0.104323643159843,0.0556781293830657,0.241795829833295,0.0907102468489678,0.0768674255666765,0.145999938040508,0.0677516143211338,0.0566530417013698,0.360828589889349,0.088364673298137,0.28345918084687,0.0769727810653988,0.070424489333886,0.0925736408364908,0.242892466113371,0.103631308115635,0.214050361393551,0.231231415283189,0.0721650682711924,0.0732788712269223,0.169254265703319,0.0759112085577084,0.0916747381024943,0.101620117434681,0.0601968431808203,0.0834898605710533,0.211292554744851,0.0879216099368804,0.100989280594439,0.114366499277726,0.0967704035124259,0.121900898345322,0.100251650437745,0.169535362180573,0.078455999612,0.0930453235788714,0.0853992833014772,0.160478974442797,0.242067500823575,0.109802775536032,0.112478090979688,0.0950659159961799,0.0985179482324867,0.087011724199879,0.0969062864141179,0.0781608053958372,0.0878588912698644,0.0996407586164217,0.0925230703852185,0.138141539534769,0.0795590396046078,0.0973178096424008,0.0544672921244262,0.0748005800812126,0.118670533098312,0.0822732644825014,0.0378686799098585,0.210241682434821,0.0952968816234051,0.22872260963123,0.0955256084019565,0.0833645315672689,0.0993997535004998,0.267462015829706,0.0900892476163792,0.110742984647154
"brevipes",0.119481273688172,0.158837984805926,0.0961028451917524,0.15481694912198,0.261605859398928,0.10057176064594,0.134308924698038,0.158731155275803,0.106742769318397,0.23682182232514,0.201205982713375,0.163706130671921,1,0.128589072012665,0.161348308766097,0.228493012314901,0.167884916487695,0.131987163926642,0.0891469379168126,0.12024032584771,0.140051280821571,0.147395505984364,0.141159061435669,0.161311346199718,0.127212597641108,0.262991213963421,0.122953697265438,0.16294079135094,0.155936855754348,0.129682603228575,0.153138641290327,0.225601212253644,0.163394367319908,0.113673400440964,0.225384152211765,0.136949788851139,0.135605442055637,0.116644085760018,0.0678112049816371,0.0875295221964483,0.21712611297398,0.147685052556381,0.112496051649728,0.127523187300522,0.121593571158946,0.149658382015109,0.204114510543416,0.135924848556882,0.193627109768753,0.2146509784751,0.212702225179424,0.105119083263497,0.14338751952702,0.12356996606724,0.170354705411819,0.120306452999731,0.0939247567083735,0.126930790016852,0.298725226196749,0.110605724325601,0.22376540972435,0.172283326957806,0.146990441266046,0.137322125923905,0.120348421889727,0.147099265083163,0.125679317409764,0.147848232950682,0.124144821606855,0.153907808916046,0.248043008761344,0.139272061171214,0.131007798432607,0.109546879449023,0.171001702417275,0.0864001061151223,0.160924925370494,0.0924041132861987,0.150532353660959,0.140714455976446,0.137392591287909,0.155975511516429,0.09866076891933,0.132352201395303,0.122005961243211,0.170807289275338,0.180585054843689,0.151957561510788,0.0432475129872823,0.217444038241079,0.15893847106901,0.181471713746385,0.120868632172929,0.159807441166527,0.121856995399566,0.200732775887573,0.080210701534272,0.157295972542627
"capitata12",0.200268807362852,0.206504216896731,0.133020311572585,0.212498339958005,0.215049829070655,0.163373482359399,0.229563922590329,0.223884306910773,0.157354796237947,0.133067238075864,0.128755881040419,0.106621683810088,0.128589072012665,1,0.201399905112815,0.223628067955404,0.21693128790492,0.214064140091549,0.127615318657483,0.135538962999821,0.176911248609259,0.147549892791038,0.179716468361538,0.237697338513408,0.209422881174252,0.147724199924724,0.169321844937206,0.164105536389902,0.217779069441803,0.234872208042847,0.188203482701996,0.161266754992699,0.209375225296328,0.122407696504538,0.215734126705342,0.22395537884421,0.161849206896323,0.183691380859556,0.12762245274563,0.134297078089666,0.182730429868032,0.228687505617402,0.14702665754989,0.13518503300261,0.155553306533905,0.208690372192424,0.109286921302268,0.215986634359472,0.151770381797594,0.145938680860947,0.138748577397581,0.168386877620109,0.157521298959761,0.13444293669628,0.19056504479326,0.174076504430062,0.125232827544127,0.195724702168529,0.181709503006169,0.154600927563831,0.16042553954802,0.280273425717528,0.18004753519536,0.188764007502058,0.203414598760565,0.215275179957942,0.152690395678848,0.178153050976147,0.188756724278003,0.219136029055773,0.16706446424244,0.141086078286626,0.22150592167129,0.169472436064929,0.206666948231062,0.140158695008698,0.19165920010682,0.115675026551136,0.180333864977382,0.188243557556971,0.237891421829791,0.20193914819651,0.174969486522207,0.192108140789669,0.140680949588453,0.19452295177192,0.205483115481614,0.165640365373322,0.0558577486774132,0.198150492347711,0.170305327831682,0.136186768885285,0.171244193428634,0.22730794957895,0.157675497731782,0.157320047729481,0.127805528540697,0.217969792651155
"capitata33",0.173406249936886,0.319959230669086,0.156681275575026,0.244285608529868,0.261829290280431,0.169840000852442,0.290701653706652,0.273594805609243,0.207908379915847,0.168347181910677,0.147428986450745,0.109543519276484,0.161348308766097,0.201399905112815,1,0.209285495826299,0.179566166595415,0.251313298511444,0.189555371397575,0.157638782125314,0.212317347689096,0.222524020481233,0.235214730409486,0.339246359203803,0.248732851659648,0.186479757007526,0.175292766793556,0.176330836507688,0.218824794126026,0.192040997419807,0.245517909862708,0.201843299700859,0.223555848579389,0.124551532379537,0.217782584429807,0.207518816693177,0.170815281172787,0.125786594763476,0.100476243298328,0.311802644383351,0.242382244566542,0.286773134994303,0.177329664278059,0.177525380070202,0.263905762767425,0.20678566964826,0.145892972297608,0.309842224246795,0.167725320300807,0.131890506516691,0.138047508273621,0.213201232889574,0.194815750999763,0.150952115078186,0.265374847791956,0.200311173245094,0.229479232615423,0.218877368867918,0.198397518015607,0.219822446223049,0.195000137357616,0.246429948074046,0.209068874731747,0.232073632284335,0.212748771510076,0.224568020279094,0.194383595958502,0.224927999882602,0.168455442539056,0.196722584494173,0.222209821660625,0.211153187135305,0.194638463790456,0.158720281584916,0.226768720066512,0.213772753468373,0.214395689226468,0.11953476632478,0.23358202557513,0.231077360330033,0.277576889009889,0.193808720690964,0.223762535065327,0.257815295462947,0.143082608591006,0.234347690411823,0.21617596918306,0.163735745521985,0.080136748017622,0.254991231065589,0.162594344770108,0.151672348263082,0.157617489093146,0.25520050992297,0.171775304102493,0.206179171547394,0.113000707669474,0.324467516975674
"capitata35",0.189029362711735,0.231926055776584,0.147545751276366,0.231542342463545,0.260954670408505,0.134889180910172,0.207516652042192,0.213754353469817,0.15857038774815,0.156454587516345,0.125565923962056,0.109046068861202,0.228493012314901,0.223628067955404,0.209285495826299,1,0.227910539767105,0.21215830982659,0.129980929977362,0.158529823071862,0.237398674501357,0.192287959944478,0.225961163861032,0.232121350894021,0.206329824194782,0.198304905892098,0.195163260460585,0.222256383584335,0.275322552123143,0.210541552468984,0.207747741530326,0.163443624385417,0.25075804612702,0.113675286530403,0.191180524090111,0.171395336703601,0.164400147418742,0.152358632276318,0.103223237893721,0.140486352645204,0.184662492690716,0.191022858645186,0.177236720502833,0.14662765589792,0.141410903426834,0.195381740917856,0.178988906475888,0.324781678262845,0.131882751837019,0.150344007885605,0.244726361974466,0.133521346270525,0.187085039225435,0.17883870452928,0.208769734258669,0.205335798952512,0.102303327847195,0.261108205529502,0.228529481872574,0.159048854238521,0.27050696869252,0.285642244167557,0.191929373305636,0.21189386248101,0.22128602119949,0.220062477048656,0.281851805052492,0.215198107046917,0.207136673073837,0.213711424969911,0.196316586558828,0.144915398368087,0.265304734050572,0.192904946671298,0.262783783482508,0.14456409781519,0.20017638978811,0.117503882685469,0.228810656409352,0.223787733581733,0.20131705826616,0.18426743124624,0.145974534376491,0.224392687167091,0.152355672894297,0.238402837845656,0.228338288410966,0.195390677698936,0.0898375481504985,0.168519770950594,0.205979667077014,0.11282765235196,0.166619737835162,0.199228666037667,0.16858221364988,0.16537619035772,0.124062742810858,0.221541273816009
"cayennensis",0.185689398730413,0.200297771887484,0.122263861544516,0.181702298159842,0.21247150123871,0.128833370980042,0.17987804919244,0.197844173396424,0.135026743809781,0.139309974513169,0.113640146544035,0.163020297670893,0.167884916487695,0.21693128790492,0.179566166595415,0.227910539767105,1,0.180396296641583,0.118715989250585,0.121994516403642,0.221087489875341,0.139551032743692,0.185511453438894,0.193543651360155,0.188378156490789,0.189489662598512,0.158480846609334,0.158794942111897,0.265435896484966,0.216473121539012,0.166447475433408,0.151141344647116,0.204655932360612,0.117191188208562,0.178281015017576,0.185921349002319,0.139218542314003,0.134682996701353,0.0894716974026533,0.109150931019781,0.164338914535571,0.186845047834223,0.168194583991328,0.137080017639228,0.131150282918603,0.217707293284941,0.162787792957818,0.168902080781208,0.128671087177045,0.131739150189164,0.2281288507094,0.113967732452523,0.206806699842251,0.155654119639083,0.204159879343396,0.1735923115734,0.110229334105327,0.230807754079298,0.196414952482563,0.146432354384751,0.183706833984679,0.217072564539584,0.189767251534405,0.192723615781468,0.185863719331237,0.220436424971448,0.176489891550898,0.195430098121463,0.184699845742224,0.210818979208024,0.195579154408869,0.126099183545991,0.192014214202634,0.135103180022019,0.229647146204533,0.1354904522517,0.194390207087573,0.100175593273012,0.165240635169354,0.180371380603161,0.177084600766243,0.197050583168507,0.131651546696199,0.188705299706692,0.163299050772069,0.222729467409979,0.190480097869912,0.191009356048542,0.0477418097784641,0.149038573954474,0.263853504463156,0.100229204799449,0.135870574717938,0.175418593855163,0.136912060940142,0.123836292151508,0.106982697278474,0.194736462976136
"chartacea",0.195071583230833,0.289432360425592,0.132595815897023,0.325197488009295,0.22572817472567,0.139539889079734,0.250667746612841,0.253566755567785,0.141322625737036,0.136412629087081,0.140655304176798,0.118408239608305,0.131987163926642,0.214064140091549,0.251313298511444,0.21215830982659,0.180396296641583,1,0.118946820994364,0.153392858796725,0.182951486365824,0.198154288340475,0.194290528095958,0.269693259249385,0.240945102130668,0.161780270944272,0.196900046283575,0.168636188671805,0.223635732938461,0.292966506866259,0.196750214804128,0.208817867406239,0.220319793015578,0.0954149964327246,0.178733466197881,0.164103142969567,0.14587239726625,0.116629803549384,0.129341695428924,0.161111467323684,0.211821847064138,0.273686468302032,0.175015564797295,0.130365884367991,0.103866287689766,0.238205903507541,0.131838657208993,0.249754350596688,0.0968826821741436,0.146522166892817,0.148609870288642,0.160260039691258,0.188270074231142,0.152210108379863,0.283081987142146,0.279110859733945,0.115088220782189,0.250489989867847,0.187600170806433,0.12039293176761,0.176243307229341,0.308262682761433,0.217364925774954,0.257049905134644,0.269124104935481,0.218974161606474,0.205505666679016,0.213780246172358,0.182736562145989,0.207304902679291,0.122892294026434,0.118535596295896,0.260225517136046,0.176498580133994,0.290953296486351,0.132068341118124,0.204104190783036,0.126859782236189,0.215418481761335,0.214304885220046,0.2893913784036,0.159618914464921,0.172678966329476,0.247577774065397,0.144676549325987,0.234213197487682,0.183011148412198,0.233081676960527,0.0486645894800834,0.174697666238009,0.187380128351745,0.128562969424309,0.128446260755863,0.230061845697226,0.122788289875812,0.215138691645889,0.100486740442815,0.315235200889157
"cinnamomea",0.126861268756138,0.157829541293953,0.0962262585840616,0.147928359679196,0.189923601275713,0.121892368119257,0.207838403974852,0.201260057398979,0.170370175320124,0.106382779698856,0.118323973448912,0.061764081492676,0.0891469379168126,0.127615318657483,0.189555371397575,0.129980929977362,0.118715989250585,0.118946820994364,1,0.127611420920873,0.106147802372048,0.186177913923462,0.160142003914553,0.200553148330599,0.182228195884329,0.117936118327444,0.139508152488482,0.117128813913267,0.15883011984204,0.11530684677558,0.220687825902039,0.182828653907838,0.147722178403297,0.0905961068266263,0.180459377339403,0.149718662709519,0.192815110689904,0.100587427710943,0.0727560675969229,0.252322812057833,0.1572820301027,0.176670100014946,0.122252747189064,0.102410174087949,0.301195601120041,0.152861641571026,0.127492089781164,0.243524059613094,0.178343334680811,0.105561314461608,0.109462941330167,0.147198628287686,0.124460819059848,0.0973333904397781,0.137157321742586,0.126772134886931,0.464634581305125,0.174214258923731,0.135974004232872,0.248144854612076,0.123480522835278,0.146803528685444,0.176416934394916,0.177440230067043,0.136317487449695,0.143698601457286,0.163275970253848,0.334271247137198,0.128027217707142,0.131704758468777,0.156674472492423,0.148724617651637,0.13831841296431,0.132373744927647,0.140370412707066,0.177148453243293,0.154782873155777,0.0812985802774481,0.175899262915513,0.180655355250375,0.182756722177226,0.159070320284719,0.201590344338312,0.193058479952486,0.0986626477397275,0.200222558496539,0.148054788453434,0.114571484405837,0.127510717451266,0.232309904290191,0.118113430917722,0.0950492343185474,0.115783097247113,0.201917339235152,0.152836361564065,0.171687995722328,0.0946572671295037,0.178970667612658
"cocleensis",0.132620966251995,0.234446352833214,0.136535549060935,0.155580086896645,0.162369619382073,0.0928773780096575,0.173394087311657,0.154545914334652,0.243787304584835,0.119576543401592,0.110762090404166,0.0861180401133636,0.12024032584771,0.135538962999821,0.157638782125314,0.158529823071862,0.121994516403642,0.153392858796725,0.127611420920873,1,0.14276640785995,0.151029938744034,0.160968959314083,0.168597926254524,0.146009514447694,0.13273306337869,0.134409283360439,0.16086898847377,0.146202972325033,0.13460795564979,0.163049785437901,0.150420634365367,0.166196167396538,0.125290691981123,0.156083599647397,0.125376935291333,0.122526621893152,0.103180411700528,0.0946177279363454,0.10337335881099,0.143331670437501,0.183895769322318,0.123343991271017,0.115844521430132,0.114041654791903,0.15277489549131,0.126472981984641,0.170213995600681,0.0905079550213026,0.13549877361122,0.109615651527325,0.131753870103067,0.149050689645059,0.119343593339551,0.129475923580821,0.145013185375431,0.106197105801004,0.158089265418218,0.167485992516327,0.15907302122132,0.192494575699629,0.190006483198831,0.159085587064056,0.147497710569941,0.158260415759066,0.162407850716992,0.14412097600884,0.16671460177722,0.138871341040599,0.138350454891057,0.151931944663717,0.169117592576664,0.167745140167574,0.148034565057733,0.148360059949764,0.136795844966785,0.15777836725395,0.125772153094226,0.151414951951306,0.1600365852807,0.150481396421055,0.161651630386132,0.146013102217782,0.157764747575277,0.128284418155395,0.165011968867927,0.151791452334634,0.13210419495032,0.045134244236808,0.150434213318709,0.152279769562838,0.0837352400704126,0.123811637962371,0.13711393845115,0.162524391751215,0.141892212315018,0.0819362246018881,0.181097950361281
"cordatoalata",0.190052716361068,0.205081823092038,0.115726304743163,0.201430648267938,0.1776729233476,0.122115165712001,0.184025686527328,0.203589708022878,0.157292611332038,0.117276360479391,0.11488576376123,0.226149330567904,0.140051280821571,0.176911248609259,0.212317347689096,0.237398674501357,0.221087489875341,0.182951486365824,0.106147802372048,0.14276640785995,1,0.143870842646433,0.168802370888072,0.206155411320158,0.184332611148707,0.173362436187517,0.153812381608123,0.220594210576681,0.227036952001168,0.161793232727376,0.164690856339511,0.142791810090686,0.17767906578419,0.14107475910205,0.161750447947,0.181840691703909,0.14389291135757,0.138975741971754,0.108420699543312,0.0916332955855475,0.290264231267676,0.173033454970659,0.303762434874379,0.164918932513827,0.125191303021862,0.155589188802003,0.148790634653345,0.167189603848921,0.131033944966386,0.116648802525604,0.172683734340526,0.116548217594625,0.171846164059798,0.188358043288322,0.178924973784846,0.184636043309041,0.09105204976609,0.184193645348641,0.182862278154608,0.151080928341003,0.217298918317327,0.255113890394815,0.170801725615717,0.189638198329968,0.194308565170482,0.202680529776875,0.16467246856502,0.173816259142879,0.161497758412453,0.267452960687939,0.161483982881706,0.137953395531154,0.216434343494474,0.141447670921373,0.246492808726023,0.147938076778155,0.173532422205184,0.129240967708877,0.160213534625841,0.215662143977375,0.185528572087036,0.212742086089875,0.128053170988283,0.176150173838617,0.131641745048063,0.161957944655327,0.233990579025997,0.177368193259546,0.0557543451296957,0.145367411306895,0.177159641835545,0.118312638388967,0.157891035869893,0.136247546253476,0.145899704536464,0.148854122679021,0.0931264172398236,0.175907028911451
"coruscans",0.137331517144398,0.260921567635483,0.142503332851774,0.201139161412404,0.205785417590084,0.143819715198058,0.239448466223256,0.256843573352004,0.173824080391576,0.145864857112991,0.160187133611706,0.0764690910588489,0.147395505984364,0.147549892791038,0.222524020481233,0.192287959944478,0.139551032743692,0.198154288340475,0.186177913923462,0.151029938744034,0.143870842646433,1,0.168693636135172,0.180363135139703,0.177453137252511,0.17335481151241,0.158287392302046,0.190299581525814,0.187982765448998,0.208061021314681,0.216419746914318,0.200755729145554,0.203660806774097,0.0888166424659275,0.201792394357727,0.157831142240312,0.132146625673463,0.10663621967242,0.0854448366169415,0.158496353230618,0.161616379705155,0.270752453342057,0.125024790877427,0.126510732292303,0.148039423436286,0.215937500422727,0.130763781382727,0.212489098041476,0.123668412906732,0.185884448124574,0.117483545739622,0.154051058475686,0.170898596418657,0.129048346511923,0.159355965847644,0.231630541245301,0.13939016460155,0.228041049713644,0.175109202683237,0.164492066411229,0.148479366806948,0.219863691271455,0.187906107238779,0.21461097107393,0.185502582894581,0.196506089647459,0.18355298139527,0.208302642474617,0.145683671299113,0.203401159368438,0.1727614238644,0.16744443837113,0.156537764827422,0.148016080269752,0.212386235853043,0.146283689744745,0.222847361461683,0.0947425822245678,0.195772769926996,0.181309787339868,0.235183175098516,0.145028207122154,0.18631030646126,0.196064776778909,0.115987690505418,0.225479463771409,0.163082810155275,0.167837078069166,0.0831300574226699,0.204102932272397,0.154571835987446,0.155146908265608,0.129174632126184,0.252492176489588,0.180761842215501,0.230064529956497,0.087819683865861,0.214106959083368
