"","acreana","acrocephala","acuminata","alata","alba","aria","auristellae","bourgonii","brachyrhachis.aff","brachystachys","brachystachys.aff","brevialata","brevipes","capitata12","capitata33","capitata35","cayennensis","chartacea","cinnamomea","cocleensis","cordatoalata","coruscans","cylindrica","edulis","fastuosa","flagelliformis","fosteriana","glomeriflora","goldmanii","gracilifolia","grandiflora","heterophylla","huberi","ingoides","jenmanii","kursarii","LA17","LA41","LA48","lateriflora","laurina","leiocalycina","leiocalycina.aff","lomatophylla","longiflora","longipedunculata","loubryana","M18","M25","M27","M30","M71","marginata","melinonis","microcoma","multinervis","nobilis","nouragensis","obidensis","oerstediana","paraensis","pezizifera","pezizifera.aff","pitmanii","poeppigiana","punctata","retinocarpa","rubiginosa","ruiziana","sapindoides","sertulifera","setosa","spectabilis","splendens","stipularis","striata","suaveolens","subcapitata","T18","T21","T29","T50","T51","T82","T85","tenuistipula","thibaudiana","tomentosa","ulei","umbellifera","umbellifera.aff","umbratica","velutina","venusta","vera","virgultosa","vismiifolia","Zygia.mediana"
"acreana",1,0.224129013417901,0.131424046621735,0.252935614542263,0.164351622046756,0.157408322042275,0.251177080263846,0.158673388677893,0.15572427231945,0.156018519014383,0.183665566337226,0.179368318453252,0.107638675108724,0.253880840519806,0.164529507735424,0.212226481937256,0.202508443921323,0.195274082927184,0.216129449204647,0.236118055774654,0.22050687078052,0.147389733550027,0.193331473013291,0.22909919020969,0.184670250337285,0.184739348262681,0.159316238513815,0.147621646914028,0.205830031297697,0.20927003502721,0.210464193684946,0.176462479627811,0.220613284510856,0.190212770135349,0.127696877835661,0.138116178194487,0.183813029970589,0.156349776970829,0.252449871594963,0.193136445220658,0.170092886767382,0.197233334299867,0.16333267282107,0.242704518215045,0.152242336912116,0.130537582860829,0.123647236461285,0.254079144810008,0.19865273302757,0.143426566142746,0.213002075129564,0.133884606129321,0.201806780677825,0.177697186580475,0.0911790195647725,0.229228216631666,0.177300957021644,0.178712157675638,0.0780421815799043,0.195352261239358,0.182812178574659,0.216880238253527,0.229297759593083,0.221420623365911,0.186913722309979,0.229280129547829,0.226367734532147,0.257090412970627,0.209687119843345,0.228903654645795,0.202605119879035,0.187916245268011,0.181026842210661,0.147948492334016,0.209960634338089,0.236652340087939,0.0987584754116232,0.148647100230441,0.215776960766643,0.271593279131012,0.170701426387335,0.313055386447213,0.125348897464045,0.199029667185514,0.0662696120791156,0.27871816114644,0.205020659637645,0.220368181760329,0.180171583931272,0.230395992716956,0.175416535282407,0.103923345084355,0.181260662761732,0.193164017048412,0.125146738046121,0.161862239775153,0.133028279835971,0.195619352773901
"acrocephala",0.224129013417901,1,0.198533714820658,0.176163816333038,0.199546135874266,0.188825620533097,0.237611974141966,0.195109007167675,0.199552688433378,0.12638797861602,0.170873220254476,0.183023806349432,0.110885716833204,0.200538723302247,0.208848577268077,0.142350302620304,0.149130604367164,0.367823107799858,0.180387912099323,0.139921986902147,0.250213869155704,0.174831627195737,0.198242172758525,0.221223521526618,0.236353736708404,0.139022166577976,0.167606533389144,0.186233877954345,0.202940723573885,0.14767882363049,0.157357831640906,0.142870265781515,0.249977446798863,0.145475241114407,0.133172527474657,0.161635794005379,0.107153929514805,0.13253884904265,0.155893133730215,0.149654038470176,0.199221047654885,0.179765911754695,0.131708011465311,0.199215284961348,0.139540881807845,0.204316927949303,0.157962008355547,0.163352434360617,0.192314131248427,0.233341452838622,0.191275704643893,0.154924919839925,0.176792108857454,0.156568327031036,0.126956649542075,0.199045099319262,0.150191430291963,0.175875142580356,0.0755682783718813,0.15401525722596,0.173643393484988,0.271704285968902,0.153978266031345,0.161640384279603,0.250471438405706,0.157263589456006,0.19975261682603,0.180655700169665,0.161292599071305,0.16547013573972,0.174972753382343,0.157540987351389,0.171854241393982,0.129782569660917,0.19670167043071,0.1949287616413,0.0940359394724395,0.166055289146524,0.242887347815172,0.190966226972346,0.110658377611788,0.243659671760067,0.157065523661719,0.166580385687332,0.0764345238009894,0.163670197222977,0.235863169051215,0.23393884778649,0.163174505357034,0.228104130505119,0.169133958810826,0.134037055900529,0.131653533382959,0.198450175061243,0.1251034206087,0.164897675008953,0.11102185150503,0.250412082696436
"acuminata",0.131424046621735,0.198533714820658,1,0.0908982007057479,0.155867587511446,0.113477404471657,0.146936147561324,0.138171677541423,0.208641886903033,0.0718386209783863,0.0723589991719959,0.234971030453466,0.0730765982567537,0.091548926523176,0.147289907347612,0.0711907694117401,0.0825252021502403,0.1102593236015,0.0754857875524035,0.0705498586236187,0.150475688914558,0.165473482366369,0.203002926963504,0.127473165222293,0.0654827432010328,0.0826214391033119,0.106410791742261,0.117052948608451,0.0780760401967223,0.061344238471649,0.0972441898328882,0.0813121488086541,0.143579343774513,0.0636052447223905,0.0520532976396254,0.234982284127635,0.0687348631485925,0.0748278846500876,0.14029723117282,0.074615634963373,0.120276052445047,0.092943446718509,0.0581405316561127,0.0993466449205251,0.109806839409821,0.0515010530023624,0.156901518412312,0.0917823754436651,0.0951485181630369,0.11059595553972,0.091996489343854,0.135683838732427,0.0912077181461624,0.104277979908053,0.205653306772074,0.0715600844780987,0.0567151496330082,0.0624781566162585,0.0349706737385336,0.0840650980537319,0.100618141046175,0.153178447837616,0.0750572332191777,0.117246743522683,0.161477987969139,0.0881607458299774,0.0841820342432553,0.10025565138386,0.0784097482935737,0.0813395667533597,0.107010892686304,0.0727772101091553,0.0857975041890319,0.102146217907583,0.134322304106058,0.0831695468916413,0.0627397785458929,0.241444547634086,0.167155498021965,0.153076242247678,0.0605058563218116,0.185390738689709,0.0512787992608788,0.0623862476053956,0.0386346589124823,0.0928512535202026,0.180077554955018,0.119463022728456,0.0946880260365855,0.130750860919308,0.118682273394517,0.210166946231057,0.0703861108023397,0.15471404223465,0.109805368563149,0.0993438266535595,0.0464239406418781,0.163978103749893
"alata",0.252935614542263,0.176163816333038,0.0908982007057479,1,0.161543545903359,0.133810464278451,0.245747350661374,0.16136598880734,0.140684351888616,0.140828309659808,0.160195598557909,0.122873801342624,0.0893686280291304,0.266371408193265,0.165398032654979,0.243970317816406,0.195277809138451,0.235858055352349,0.243161345352011,0.204314960150432,0.193662483404248,0.140516385210779,0.182851979412952,0.220597218347692,0.161026189735449,0.23764050852115,0.121188670538311,0.15347379078996,0.218599811393476,0.204597749656226,0.19060952310336,0.197257603179618,0.239270154713631,0.17358983595983,0.131503491535473,0.112764150430239,0.232984414802556,0.185696150985654,0.165559890527745,0.178057015976991,0.191229227731665,0.224786013878279,0.168151996233236,0.262111734532145,0.119094036817052,0.108904072908425,0.108441204691858,0.231688838886802,0.169881809621253,0.123586951861571,0.153545023184271,0.138420129187291,0.20099925341712,0.148541049219777,0.085614967644527,0.214522611988812,0.174629797234911,0.191674275123526,0.0990681650453656,0.192676356999732,0.180357069774048,0.23844091354323,0.218194299301843,0.150105408771861,0.165456841653558,0.2157149659339,0.249804952492049,0.27225649821864,0.174804181862947,0.283755089529336,0.201825244093291,0.176645574458784,0.159865407205873,0.102104602576519,0.181187620560531,0.253072380336952,0.106644711078465,0.134591989898196,0.193810068213493,0.212838426982051,0.16671174649783,0.194673156999962,0.210278847557284,0.252093247520923,0.0640337050127891,0.210044345855302,0.207964456660588,0.192219604960645,0.115989037059065,0.192127119064732,0.137077188800161,0.0941834365662605,0.191427856505044,0.179427691849674,0.10400583913312,0.123821939390686,0.110371982527414,0.211459681890595
"alba",0.164351622046756,0.199546135874266,0.155867587511446,0.161543545903359,1,0.183594368092477,0.223967440687482,0.13603743910945,0.428509969292334,0.220406485165177,0.240060407839599,0.286941194934487,0.185987291357772,0.171361553666877,0.419738070833607,0.126502448533252,0.115569409219214,0.214466115123108,0.162321253574782,0.12279803750874,0.207890071513138,0.182439953225924,0.251833012935628,0.220957265668006,0.0959493178097901,0.257312247686336,0.120870376233847,0.153136873480748,0.181801778049172,0.140510976508626,0.12688918293578,0.272322590923971,0.341273941948585,0.145179890878995,0.2306400957518,0.160293521140134,0.127436714829642,0.156080827072929,0.118445675989328,0.145508153456555,0.285005397986025,0.149761501712249,0.106499122356998,0.178674109483298,0.161754130649115,0.0698558276504112,0.255895774871351,0.163586979912226,0.269563926801366,0.265016418468708,0.13622875915517,0.148721281588235,0.161416242111496,0.155612266399697,0.131545908475477,0.161746162994341,0.0994326547160362,0.117476130524439,0.171886221451889,0.139694343083737,0.161987618706355,0.211184656885692,0.142207719227003,0.165057315604134,0.155254646753112,0.151101645595403,0.153409136406298,0.212423083148777,0.124433253701216,0.192387910087329,0.283739984413011,0.132827553389055,0.137292893656963,0.132855935928891,0.137460263967887,0.20048632899472,0.0648924411356896,0.155814419376357,0.217641424913316,0.142888944132016,0.107476728524079,0.219751478989801,0.107863174078078,0.139080857007133,0.0498329275637269,0.140301302095216,0.220929433577115,0.177724747985605,0.156709226032048,0.311315673595316,0.1917146798593,0.252092196007742,0.157347946347336,0.178763037406028,0.1503896244341,0.257269310783929,0.0817293691540775,0.25837810870485
"aria",0.157408322042275,0.188825620533097,0.113477404471657,0.133810464278451,0.183594368092477,1,0.16550717635953,0.122171868121796,0.167628126519198,0.0996279076683988,0.108054579447947,0.115028156825245,0.149724551142291,0.11499469214041,0.181661777787235,0.11784699247747,0.136181317771092,0.143597281620787,0.129457949741867,0.123057811309378,0.147982296212949,0.147346234666484,0.176053288847535,0.138246357081498,0.127174346441572,0.143255282165355,0.135533795835789,0.135045885294142,0.173239771610053,0.111712699437747,0.120679814744561,0.120537883914873,0.184608914174415,0.142322911106427,0.128446271184195,0.129180758881954,0.100625399408785,0.109509665967824,0.110721146778881,0.143329749755709,0.124794278255862,0.131953694271256,0.151665585223458,0.137379885803538,0.123893096012203,0.0852091958988363,0.120521653312439,0.111046710637951,0.134300853513449,0.163557598437509,0.166233440455024,0.121505811848583,0.12892321261839,0.12568461905726,0.106202250046801,0.145518016624263,0.110781719294439,0.144984745933393,0.0806839567115819,0.133461992964811,0.123055873276777,0.154857834242013,0.145416925222107,0.132670089522846,0.147852619107747,0.109884737037086,0.143863185424152,0.153900966931481,0.116478411725057,0.127254163357314,0.12899361029615,0.104433397734076,0.134144929183407,0.098721281317406,0.12265216252827,0.130906733197838,0.0933127258880944,0.119673333048222,0.174391407075968,0.127137882779169,0.106592495652462,0.148525163669173,0.0816930968783301,0.0964136542030934,0.0656296230156818,0.137796362654617,0.20234364544618,0.148651256535842,0.138435814414993,0.136065118844946,0.132321904831815,0.10327223364431,0.104422710832082,0.137145522781714,0.103783296430518,0.114083707501944,0.110228094849364,0.144706875829622
"auristellae",0.251177080263846,0.237611974141966,0.146936147561324,0.245747350661374,0.223967440687482,0.16550717635953,1,0.181173091575191,0.215006287963093,0.143074424986263,0.174669608985255,0.253920394056473,0.0887372114074071,0.2916344449849,0.194777733433178,0.226674528420096,0.174816430868724,0.254665508417164,0.314655614240946,0.226462395823192,0.291950742965498,0.212733225854839,0.31478261237692,0.293431281767062,0.144159131698714,0.222593662394685,0.143144073934974,0.188626986231828,0.248667716409018,0.228405162837381,0.179019957327326,0.237722192258988,0.274096782875098,0.225297642221348,0.132024284447763,0.180050359787855,0.189496172190913,0.214643506058661,0.151824043192097,0.204303086564458,0.267351511557685,0.206605988447982,0.159405664066645,0.359763398698442,0.172602336964699,0.126049846357546,0.162800032511828,0.246948572349393,0.208132219659864,0.24977116755265,0.176350196464204,0.182636432753081,0.218733497570462,0.182462202292591,0.14459867397623,0.247078361154817,0.168672518918907,0.169064391944364,0.0862627616220946,0.192118949251306,0.196186401495176,0.371979536257774,0.220490919776122,0.204938225747065,0.176964122526343,0.216154248553031,0.236819959352682,0.293862169442525,0.171971488858705,0.309431510097266,0.226012733397979,0.188124572996663,0.170992950167043,0.12539856178868,0.197199258748961,0.370207124750684,0.135558558840795,0.190789244401075,0.395720525835819,0.231649974814329,0.165800330277764,0.308640868601877,0.143521113754162,0.224313292267189,0.0744597961142713,0.208256177234143,0.327604501195734,0.256476709347817,0.157637426068027,0.252687208907426,0.257750799868004,0.209871062880713,0.165687432754016,0.274404913688651,0.12222182883236,0.179267621624419,0.10496715118847,0.234247570296425
"bourgonii",0.158673388677893,0.195109007167675,0.138171677541423,0.16136598880734,0.13603743910945,0.122171868121796,0.181173091575191,1,0.117663938604131,0.0915342486710547,0.117097193696772,0.0994016387845751,0.0675386185678151,0.152002123665566,0.129919079320208,0.151357551116248,0.133624665566386,0.183823352835987,0.132449874806075,0.140195165449656,0.176770792311188,0.134345613005518,0.140377385578813,0.194726628260246,0.11503443898179,0.138100415841765,0.137040772883419,0.146057538581661,0.166648728446533,0.151971016159458,0.137149478307845,0.121786125761928,0.172687668606607,0.135146669854249,0.0963560660499066,0.10596379010846,0.105690661007433,0.112526069561577,0.12124106875693,0.164575058596593,0.142468008355637,0.163532490461494,0.114627204854518,0.189412583186683,0.152908435041646,0.0995249034847252,0.0979469157298459,0.158865190283088,0.143564942985118,0.115178113104689,0.137802085525798,0.124004901638163,0.20522319080367,0.136115998507886,0.0889068068631135,0.148554067344269,0.100990534945333,0.13172163350625,0.0685799285001756,0.131667699293903,0.156158065824663,0.172222927566903,0.14106371832488,0.16305659772795,0.186757715978569,0.200166265089487,0.155932127482319,0.170512339448977,0.133279834566809,0.153436318393977,0.137661509195683,0.121057974625338,0.126605291965127,0.127276801982949,0.216459135470206,0.153655729014026,0.0986346089863832,0.1328469487168,0.13921945043189,0.139019389065644,0.128597252560884,0.15471123590408,0.09144806319223,0.119240327054139,0.0550623693028559,0.150531789279747,0.183448142234706,0.204554883079995,0.127316428902031,0.174368963452849,0.120501642882075,0.10946684139405,0.113897137057752,0.179094898068463,0.105426843627153,0.109353677935954,0.0767490517778166,0.157441528040025
"brachyrhachis.aff",0.15572427231945,0.199552688433378,0.208641886903033,0.140684351888616,0.428509969292334,0.167628126519198,0.215006287963093,0.117663938604131,1,0.121904231036509,0.180264859139734,0.289336364992275,0.0873643786665509,0.234924808002227,0.634186688304897,0.136689592569248,0.115299086043598,0.184050315062937,0.147572894439862,0.111855073725932,0.272319072152961,0.195879796172886,0.229472438051985,0.169765091081185,0.0850118624470601,0.152641638905111,0.132438835426698,0.177456169304286,0.152022611971948,0.14470992872535,0.104608717372255,0.152802058102913,0.331053174489059,0.123880860589262,0.101602585829282,0.172921353206455,0.11780765092993,0.152538574958644,0.10598800804257,0.125032088556304,0.146695396244994,0.137373146882608,0.0846218331840314,0.176882447728059,0.133524761262205,0.0616288968053411,0.139197277136581,0.145349462560226,0.135786683939914,0.135275685538433,0.14746004213367,0.154256745750327,0.127263673353193,0.137617578630662,0.154584153415411,0.130806640030811,0.0852105152072401,0.0919105131326397,0.0591892941575996,0.116872883611375,0.126033050293739,0.197144691115416,0.122325119646889,0.140720872550998,0.15449202274063,0.1263093397064,0.15356334189067,0.216789735532686,0.118424639549239,0.160752529734444,0.147583203489646,0.117632160131712,0.144901666842271,0.128703939372173,0.117671217702975,0.182733737983656,0.0664772439056752,0.155924247709136,0.202495803384127,0.161324104601177,0.0960686466268099,0.225150377802637,0.0878945611347916,0.157489906186576,0.0444295390129441,0.130884136909056,0.214144615538381,0.158161117560746,0.166954661230287,0.181460975983722,0.174371488492463,0.149770975655414,0.116566548301238,0.166545569283733,0.131012713969956,0.17133376938971,0.0713243310686569,0.193003268624222
"brachystachys",0.156018519014383,0.12638797861602,0.0718386209783863,0.140828309659808,0.220406485165177,0.0996279076683988,0.143074424986263,0.0915342486710547,0.121904231036509,1,0.320643322465877,0.259234323354554,0.16491885427148,0.250912518883968,0.125410806120688,0.191100292494928,0.113805501880473,0.129169766850839,0.169487968232766,0.118855658580165,0.136844715868714,0.272216956753153,0.134162318196476,0.168787394237407,0.0965877832551382,0.309859782740341,0.0834345828693165,0.103461157956361,0.173528390597038,0.128812583027279,0.103276163617481,0.412882552398189,0.147924596328445,0.115104666184998,0.270405490878885,0.088345369692873,0.129565849073246,0.159844884888479,0.108297908633584,0.1143620880046,0.313039011218171,0.120467567311868,0.0969191324788237,0.149821479907331,0.094061198010454,0.0692212043286865,0.312566439031136,0.148273288667963,0.269029955705689,0.258270150320774,0.0975876193288965,0.121246363169688,0.111865620931671,0.10241669971029,0.0677357533759701,0.11808004361995,0.103499119812651,0.089568531421999,0.236877219649027,0.12503828475775,0.100564599070629,0.148149976032383,0.146895335048766,0.127437729284632,0.117517666630111,0.133640030075278,0.126833106093699,0.188787571722122,0.104787435696785,0.131253496123896,0.320106299271743,0.110633947261105,0.121502875414709,0.0928325794427884,0.108977095422542,0.153197801275948,0.0807246684268579,0.118082676199645,0.15752594589098,0.11238993364872,0.170490905246733,0.160964113627346,0.104669590108677,0.145355156057387,0.0393672048608728,0.158305383968824,0.144157872021092,0.137269789466398,0.0874359763737338,0.264834853581354,0.154203825659148,0.238486377746218,0.0956652034099046,0.114459388640417,0.0884359273490981,0.359518818736757,0.0751537765774946,0.136387753285255
"brachystachys.aff",0.183665566337226,0.170873220254476,0.0723589991719959,0.160195598557909,0.240060407839599,0.108054579447947,0.174669608985255,0.117097193696772,0.180264859139734,0.320643322465877,1,0.307817560651451,0.165764563254425,0.260840052803305,0.183074283951368,0.153238006134201,0.118677976231079,0.142521520911587,0.172097408834708,0.147305466909241,0.274273964274702,0.125883796082948,0.152051027804661,0.151273849158646,0.107790998887446,0.305773062972698,0.124224833314249,0.134970837549479,0.178802369126393,0.168338635997504,0.116765908595854,0.36363609049045,0.182578234870993,0.164601026593303,0.294669307878513,0.0876215811413344,0.117643215096771,0.155560517855996,0.121337918879361,0.148193229324688,0.327354510901263,0.147564264721606,0.100667184897485,0.201552342018392,0.101434885599268,0.0726544667191016,0.285505855853016,0.15411836118104,0.287607324177245,0.250210850614978,0.138673296163172,0.109346317511189,0.139838788406432,0.108666166102467,0.0642716397570131,0.162183110728507,0.117748985479461,0.125156888651777,0.190702630361391,0.12956046667985,0.13053573882902,0.184337221502448,0.165498260538982,0.125559615524793,0.131056500087792,0.133833515231034,0.189296044252183,0.19281528208299,0.137358354386105,0.169012937761021,0.340145717052822,0.129483413785846,0.124008769238856,0.0874121053661456,0.131875902197164,0.207601754663295,0.071106682570713,0.117937740349839,0.164296172021263,0.170898702890158,0.117094544057681,0.250493534528923,0.110778237268053,0.181262443024443,0.0504450932289962,0.148963962647686,0.166574473218881,0.169815904286249,0.134514127328635,0.275073853742368,0.151887686084758,0.254866602937699,0.145603822382332,0.157244250535689,0.0888792041850532,0.346948025342063,0.0867003454758351,0.130980400197951
"brevialata",0.179368318453252,0.183023806349432,0.234971030453466,0.122873801342624,0.286941194934487,0.115028156825245,0.253920394056473,0.0994016387845751,0.289336364992275,0.259234323354554,0.307817560651451,1,0.15314392534627,0.240920571206756,0.230084589492219,0.128210535117784,0.11240167503261,0.182294896563096,0.129943331020218,0.105962494906547,0.325029161732875,0.244667599249239,0.374190155178945,0.20857821384017,0.0775152026056169,0.293742651359092,0.163644531982223,0.0941379141377321,0.128283577747646,0.114744864993499,0.0900673112641279,0.286370325315847,0.230271331847975,0.0958217127636527,0.230997444428693,0.384426464107446,0.098920397761411,0.14384449664093,0.124679420238606,0.179222389649751,0.325321886314817,0.134810231850945,0.0631728872655799,0.177883707907395,0.126036362580461,0.0592315857734685,0.475317722762733,0.143522268219397,0.308489972480756,0.301016405208285,0.159541359657596,0.179879030790648,0.124148871474721,0.120262077714149,0.228664505530487,0.109299422361444,0.088945684040787,0.0745585103172765,0.215349732021135,0.100864542660818,0.101918281157326,0.227958431023818,0.107977986054973,0.179653902737943,0.0991187745314886,0.11004840381218,0.135025795953766,0.197263751545181,0.0765297401185295,0.136612438485173,0.294521208608535,0.0857015532021187,0.115860811354092,0.138076094494318,0.103818426494476,0.151692155701523,0.0680271156509236,0.202343103740767,0.335713380542782,0.193387378737305,0.0723317664442564,0.262021780017858,0.0969417548699363,0.156644414591106,0.0393342840995582,0.138609492588877,0.276241823629731,0.213636208683983,0.17536474870915,0.37114371793699,0.174360500659859,0.51737183863483,0.106664100219975,0.237842895628368,0.135326596356754,0.297649224033622,0.0454203826850666,0.321416617962052
"brevipes",0.107638675108724,0.110885716833204,0.0730765982567537,0.0893686280291304,0.185987291357772,0.149724551142291,0.0887372114074071,0.0675386185678151,0.0873643786665509,0.16491885427148,0.165764563254425,0.15314392534627,1,0.0650154314169954,0.0775978955332971,0.06936363884854,0.0915697478085438,0.117447407090821,0.0651055332399329,0.0632789688415067,0.079214936449348,0.0807372313446942,0.091675220819046,0.0991149599061405,0.0855841023761357,0.166160373057808,0.106678498584755,0.0933701197672145,0.103257412829833,0.0618324131236423,0.108396548178861,0.172676522905,0.0948042181469462,0.0753692021410209,0.202344729119171,0.064133312966194,0.0707044672004832,0.06230814138383,0.0695138042022988,0.104889819793054,0.168259809574064,0.0942000517038794,0.100666248527128,0.0721189890321519,0.110300863991556,0.0851032674668909,0.154422103360374,0.0763463082950956,0.19433947788454,0.186070275876182,0.0888492573986718,0.0714149867666972,0.101801470527595,0.0888681274632594,0.0466456455071633,0.0748374484183839,0.0641626316355811,0.0777818848549736,0.155672016002134,0.105688581270645,0.0977721361418961,0.0925229556418371,0.0866566138731597,0.0950539077145605,0.090008693987461,0.080711442710886,0.100461141922096,0.0724344381875755,0.0848503591104263,0.0881949914537086,0.182313912349141,0.0819310727101307,0.106188000088454,0.0747990329284566,0.0656346700689433,0.0796578144387675,0.0473462576633405,0.0651582938012461,0.091204818235677,0.0793387941625732,0.0639196654800213,0.102501759370851,0.054424788357659,0.0558521749817527,0.0521700651400792,0.0889816556851093,0.101064481672445,0.0861209048934223,0.0809516296555851,0.177789251760349,0.0820008450062152,0.164876300756005,0.092758492294342,0.0866345896084142,0.0912266013296485,0.180248434112324,0.0795177325438259,0.0965491611699602
"capitata12",0.253880840519806,0.200538723302247,0.091548926523176,0.266371408193265,0.171361553666877,0.11499469214041,0.2916344449849,0.152002123665566,0.234924808002227,0.250912518883968,0.260840052803305,0.240920571206756,0.0650154314169954,1,0.264120189038787,0.373184209586889,0.149686020680084,0.229203157965837,0.338643597688807,0.197934907722512,0.315445825031481,0.239649985554329,0.240543281360807,0.211261854090731,0.125488864651752,0.305873912914432,0.148510182373028,0.159346553297553,0.269863427992715,0.31107762718034,0.144772721590453,0.258224333732623,0.295976268471097,0.237908808758143,0.114563756362674,0.130697497631618,0.279947973343843,0.249178063943733,0.148068684774975,0.195982879138454,0.181688736569117,0.219188358451352,0.127873539483482,0.304205042373524,0.116628074806105,0.0932611878267009,0.123832599294678,0.282675375361079,0.179082457838585,0.130165388788721,0.185482271026422,0.149729142090911,0.201541581882733,0.14968315789452,0.0956535600962164,0.236512330556044,0.161333350321116,0.162673783928506,0.0841945464493035,0.174313682314574,0.203991425488383,0.342128752347717,0.192009913784814,0.157849030779845,0.145124872986924,0.211965421333242,0.251829623070338,0.364528262906653,0.178282540837756,0.28255494920338,0.213423786964434,0.194448011576761,0.140320222619871,0.127740146836552,0.163707296649485,0.345433373850227,0.103281728172053,0.158311707436886,0.25130438483433,0.22609925237052,0.151590926020142,0.270596416885238,0.210532950272583,0.344928210081529,0.0594773048494582,0.24016023700347,0.22885267637434,0.223420641668389,0.165795032537634,0.224601619207568,0.231614180170273,0.106619312389801,0.214348488406292,0.186046399428837,0.112535648861059,0.181571378518878,0.0964610960233552,0.203693955717053
"capitata33",0.164529507735424,0.208848577268077,0.147289907347612,0.165398032654979,0.419738070833607,0.181661777787235,0.194777733433178,0.129919079320208,0.634186688304897,0.125410806120688,0.183074283951368,0.230084589492219,0.0775978955332971,0.264120189038787,1,0.145556464516639,0.131355366870993,0.173270412024934,0.14914680342764,0.119772371300079,0.275585836769784,0.189417321586613,0.210275809249802,0.181496881182554,0.101925148409779,0.156603857611102,0.139315313402132,0.163169455123698,0.156167793017378,0.163051872007803,0.130267915494893,0.163811957030527,0.351914287913643,0.129852373698611,0.098514959890313,0.14249310350878,0.141886427465679,0.149889687529284,0.110121397257994,0.150140801563749,0.15372701699209,0.153115155195727,0.0928252661609321,0.156065929889115,0.126803933883641,0.0746387433960224,0.135722846879864,0.153210667063661,0.139957110663124,0.133519699543002,0.154807671196823,0.137982298796312,0.163261868324226,0.123667504782657,0.133345379655396,0.138945778769547,0.0963208067780483,0.132979290125664,0.0629055554347052,0.124515290078394,0.141412757058067,0.20582912727166,0.118447657338973,0.150889965845784,0.169028361021497,0.159715438609644,0.173210046261549,0.218375481892943,0.125946396799039,0.175334525264851,0.155435880492347,0.129794113367418,0.117408197366856,0.147483769681446,0.126646669419369,0.186494421696179,0.0716018532786786,0.148863919961342,0.185627869903428,0.171482687189479,0.0957958474285141,0.208334194793577,0.103842863897688,0.168569877789768,0.0457206299665536,0.14695922973094,0.205231191621254,0.147895158260633,0.151276040370659,0.167644469358142,0.161545081365195,0.123643475765956,0.134265915689353,0.168851007933948,0.111691962782867,0.168821625125177,0.0737615937031992,0.212253781517167
"capitata35",0.212226481937256,0.142350302620304,0.0711907694117401,0.243970317816406,0.126502448533252,0.11784699247747,0.226674528420096,0.151357551116248,0.136689592569248,0.191100292494928,0.153238006134201,0.128210535117784,0.06936363884854,0.373184209586889,0.145556464516639,1,0.153911667164429,0.188567539961906,0.258075274562638,0.240245307700729,0.188950145296999,0.219752808635077,0.218990557315405,0.208922527922694,0.138548899342869,0.254738906276664,0.12947706363719,0.136341245194342,0.207936052254935,0.32321580435049,0.172236065029139,0.206361422282944,0.239584532887001,0.193417103312709,0.110490102503108,0.130986881279532,0.292065660619809,0.178706298605287,0.133003885427475,0.166090543423445,0.158704401093838,0.187128669305709,0.163990623445261,0.241782920903072,0.104255745801023,0.116479947902463,0.093046645156388,0.312544388880343,0.168222038778647,0.102790985610295,0.159586349213829,0.118592658980525,0.148896779970135,0.148065167978365,0.0929844060804036,0.218985321662162,0.186813743506135,0.169252055220384,0.0791868483801977,0.18567545907673,0.140410278248538,0.255773961551573,0.210395118929148,0.142483033655492,0.158524785346729,0.222486660825946,0.273021941946095,0.241266641802936,0.147597059001461,0.238659395198457,0.162956330274749,0.158061257251923,0.120089062147843,0.0961276013377998,0.277546433231046,0.273044013233593,0.0996726907840244,0.207113078697055,0.197987969172824,0.186234286036482,0.221336179526453,0.17386057015986,0.160921349894896,0.242632371203426,0.0561671574995407,0.218322651960618,0.212461107081191,0.205431084910997,0.128477114652893,0.167897785513039,0.156839929227024,0.100217505439624,0.150847891329687,0.167757011374336,0.107731891003523,0.141902515353852,0.108214520442582,0.166495433888269
"cayennensis",0.202508443921323,0.149130604367164,0.0825252021502403,0.195277809138451,0.115569409219214,0.136181317771092,0.174816430868724,0.133624665566386,0.115299086043598,0.113805501880473,0.118677976231079,0.11240167503261,0.0915697478085438,0.149686020680084,0.131355366870993,0.153911667164429,1,0.150924826163705,0.133306030240917,0.161877615515021,0.170259892567045,0.122222649703514,0.134610406718245,0.165401464680689,0.162032214149181,0.116482713008481,0.144450997277561,0.117779125933885,0.142730194582731,0.150816271703911,0.160211543714959,0.135352559460311,0.205898877287292,0.129187147772537,0.102952025861379,0.107149360715592,0.136826489106674,0.110552863182375,0.178822297766623,0.155787079893604,0.147282189126168,0.149739416015444,0.128078331581063,0.208348917337773,0.108157714452316,0.0965218767257387,0.0840538487404966,0.199932906139655,0.153686678497845,0.113939972232659,0.215669842793714,0.238977284794107,0.16809316084815,0.139871045028125,0.0856094260740538,0.18191829821078,0.204319997005741,0.17394359515867,0.0757608314662693,0.152879595753926,0.191454372413994,0.184319211470654,0.155223345485424,0.170410964536612,0.15059394123611,0.157892885847181,0.170754106108438,0.191860212923925,0.145656987964586,0.210401593610162,0.158995167234038,0.122558073715756,0.251946768399822,0.100471266037886,0.161553786421648,0.153665309068023,0.0927842361994353,0.112559952151887,0.156809427238613,0.229786983764899,0.137455437293347,0.152946772476558,0.0972358838587172,0.181262475631845,0.0625626530584789,0.229076041313629,0.170229690744042,0.163103985620369,0.12893614797008,0.150361323219329,0.122686734091044,0.0814376613430208,0.108095225462473,0.155313745045748,0.105856025288769,0.126358259723758,0.0948016839914871,0.130392277567585
"chartacea",0.195274082927184,0.367823107799858,0.1102593236015,0.235858055352349,0.214466115123108,0.143597281620787,0.254665508417164,0.183823352835987,0.184050315062937,0.129169766850839,0.142521520911587,0.182294896563096,0.117447407090821,0.229203157965837,0.173270412024934,0.188567539961906,0.150924826163705,1,0.18742720321652,0.14901003949087,0.254317211664821,0.155082653044619,0.227021050372194,0.258995871007134,0.231976174957245,0.227327484059912,0.145390690183541,0.186858866911665,0.211983772335992,0.179291745585655,0.15155735726696,0.194741480515062,0.257840916200933,0.156298720992074,0.135708544748497,0.147427228449839,0.172220220771311,0.173424883162684,0.127138320335577,0.209373975595498,0.181994171262131,0.219751445449614,0.118817884113935,0.198052342559845,0.190522023434788,0.197166281988107,0.147957329002042,0.213476938740411,0.196893982662738,0.148169212385981,0.161618932997909,0.166629865430243,0.212617376115705,0.178406715535823,0.107004221497579,0.217786296972344,0.137783085247688,0.13406775628347,0.0863849955004474,0.192518840215373,0.205728290507812,0.280364894302446,0.156688985998016,0.200838656515248,0.191265612773336,0.216092882340242,0.178694429406618,0.224344204743398,0.153635081893312,0.247303612676347,0.211987758252531,0.147699217857037,0.180198827611628,0.139892171428481,0.146899781659716,0.245968344645434,0.0925533730946544,0.156732788433116,0.235795654430271,0.163329890513813,0.154115495107249,0.212299341801568,0.223876932821047,0.185665284902813,0.0684948117501815,0.17573963371226,0.253835315818343,0.204281856188603,0.150473438632018,0.227237111468287,0.184362870217986,0.135594504179442,0.166341453748679,0.227806524852188,0.148975063759487,0.145375989383575,0.103816112246777,0.284352308210475
"cinnamomea",0.216129449204647,0.180387912099323,0.0754857875524035,0.243161345352011,0.162321253574782,0.129457949741867,0.314655614240946,0.132449874806075,0.147572894439862,0.169487968232766,0.172097408834708,0.129943331020218,0.0651055332399329,0.338643597688807,0.14914680342764,0.258075274562638,0.133306030240917,0.18742720321652,1,0.229402675399191,0.223382727223981,0.147241279943931,0.207159989824455,0.223038758767248,0.115171266740283,0.306252952163878,0.0819795852697826,0.161969385218382,0.359745197877848,0.259202995576305,0.168457476639483,0.332619482843207,0.231039533092645,0.256347437255114,0.109504958402526,0.106447727761496,0.231424398495723,0.308928221738739,0.163459603509586,0.214785034887177,0.178140257738073,0.17595707060379,0.127885759960426,0.324480957249427,0.115933267175779,0.10483642174443,0.0976285897983469,0.250906306110736,0.188437852725495,0.0954618015834069,0.164577596996659,0.138602423998812,0.155111464718328,0.151768712176067,0.0833747390067157,0.268124097372598,0.188469671719416,0.193063333769862,0.0865963046967779,0.169827865584649,0.17960136441046,0.255764591038893,0.274029720904414,0.178707966351903,0.158183073977438,0.167462793648135,0.218912402997922,0.402884310880656,0.201955035625793,0.281640105292197,0.18859218851291,0.183554418884133,0.132596761046377,0.107399601647664,0.165933402605911,0.403182655995574,0.102912401119033,0.153207429701431,0.277664561744275,0.178671502067515,0.151582218176985,0.200537278384974,0.201794822439453,0.349839519387677,0.0754436881580036,0.222056938961119,0.22376022944975,0.227637885404364,0.129107522740463,0.221102608383729,0.269073401576522,0.0812150788413851,0.219559154264294,0.174956097567053,0.105316127465146,0.120784232732586,0.103452938482978,0.14896524330356
"cocleensis",0.236118055774654,0.139921986902147,0.0705498586236187,0.204314960150432,0.12279803750874,0.123057811309378,0.226462395823192,0.140195165449656,0.111855073725932,0.118855658580165,0.147305466909241,0.105962494906547,0.0632789688415067,0.197934907722512,0.119772371300079,0.240245307700729,0.161877615515021,0.14901003949087,0.229402675399191,1,0.214329485273334,0.142580120255796,0.226917195802481,0.178199276612191,0.129342782564009,0.173964698380947,0.122511076972417,0.145021538005586,0.16933480194716,0.208228513803384,0.205244262301016,0.15487070891791,0.194154679501147,0.17850098891705,0.140023850122153,0.163018537091094,0.159654072609912,0.16053521893982,0.140126302784704,0.152252322331833,0.164691453968528,0.167041744385296,0.192412671203574,0.288271091578255,0.0986124403271102,0.124288810738416,0.0776501008301277,0.262014339532251,0.163626716296526,0.0982015747285577,0.151698424805382,0.101536128478221,0.134582131994569,0.153883993018165,0.091936203209006,0.197865752585211,0.177019300614353,0.19406551619437,0.071726379350372,0.144461707821712,0.158257816297562,0.219400667462553,0.263500567204342,0.139738190325459,0.168165989012871,0.159537949031285,0.261183115015343,0.210413139451324,0.162360834080697,0.183917182475562,0.160189676778647,0.150322112372006,0.116835966229877,0.0988297958027877,0.2548797316513,0.217714005896175,0.097041563448839,0.148907974570534,0.189446358466322,0.186395128891744,0.143218456333746,0.162400283443133,0.106934365018408,0.181893523828213,0.0556568907975883,0.234137258651539,0.163362705936728,0.167127797182444,0.111721819283005,0.17206167898173,0.163325665890607,0.0910245175051814,0.131259676968871,0.216294125522123,0.102619008391264,0.145172884331529,0.109166491671565,0.133286460850611
"cordatoalata",0.22050687078052,0.250213869155704,0.150475688914558,0.193662483404248,0.207890071513138,0.147982296212949,0.291950742965498,0.176770792311188,0.272319072152961,0.136844715868714,0.274273964274702,0.325029161732875,0.079214936449348,0.315445825031481,0.275585836769784,0.188950145296999,0.170259892567045,0.254317211664821,0.223382727223981,0.214329485273334,1,0.213593402431036,0.312234561045978,0.332854378182115,0.130753285821915,0.212665541586634,0.179143838304207,0.174671866409891,0.220067045682589,0.195985629679432,0.177159262304099,0.196342341637385,0.305111736618817,0.210199877533805,0.143954210299776,0.1635328294904,0.154502338671505,0.190677881591755,0.22641393509769,0.197819485097774,0.208773283921725,0.200081167058901,0.102643191059966,0.252104287208589,0.169436044597702,0.109541733790616,0.160223975228338,0.237349239638693,0.232693984672597,0.176052733381869,0.20239357315336,0.225273291717548,0.23359549986126,0.156025783248565,0.143214212447679,0.205108019256728,0.165390031855281,0.159540859651296,0.0786376515464827,0.175858592428945,0.214090711095612,0.309003769619592,0.189912238475714,0.208978922486069,0.207093521504751,0.189827881251768,0.223948639171003,0.275837197598536,0.175452723291596,0.247082223154718,0.211579517742429,0.150441445340701,0.175581210157837,0.136874558110742,0.168633520513131,0.260044416416794,0.118722034413425,0.227211974909439,0.260811642709387,0.286228345332366,0.162781253150958,0.318512449656131,0.130392561173887,0.209819674518128,0.0717844392581772,0.197611540321931,0.339480662902766,0.283144234191979,0.199869329484701,0.328273731487066,0.22040954916109,0.189562825125388,0.167142385810443,0.257396569185107,0.133229916002087,0.208540469945273,0.0801027071284947,0.250442863950543
"coruscans",0.147389733550027,0.174831627195737,0.165473482366369,0.140516385210779,0.182439953225924,0.147346234666484,0.212733225854839,0.134345613005518,0.195879796172886,0.272216956753153,0.125883796082948,0.244667599249239,0.0807372313446942,0.239649985554329,0.189417321586613,0.219752808635077,0.122222649703514,0.155082653044619,0.147241279943931,0.142580120255796,0.213593402431036,1,0.448360095825838,0.172999766323935,0.0887987102965608,0.133552623500451,0.144160130169582,0.134556987805251,0.150972928151184,0.120652439088347,0.158372865935941,0.154456815552402,0.221222615253956,0.11300908247219,0.0817915526769198,0.274434454052064,0.134380010177845,0.15770604881708,0.122738650410371,0.121431185644595,0.156608245237582,0.150459053568425,0.116120975124044,0.188818238910296,0.120797717940969,0.0851338773761445,0.19810064976288,0.146975061488515,0.140202906934385,0.163954780997028,0.141640308913122,0.152523135091483,0.134916154369165,0.152028016448185,0.434275686832187,0.129200977219181,0.110224219827238,0.100069355013927,0.0531817853499936,0.118607614749267,0.108261677711129,0.182374622901809,0.150401352794786,0.135009964537287,0.143721228637899,0.128910340864154,0.175760826662325,0.181714658686151,0.101753763777783,0.13951254203532,0.151855714211536,0.0972235997899281,0.122720629039994,0.127357298518611,0.187001790911571,0.155137444504718,0.0809090520623414,0.223058988791733,0.233060646998703,0.173722755918263,0.0904688048529857,0.170395014271632,0.0862368148087736,0.12244292716107,0.0441519507423352,0.173574271588362,0.245792935299714,0.189006712168944,0.128287691436075,0.200016351383225,0.195383058043411,0.226242732807527,0.103444225259555,0.196101984444418,0.106964279974808,0.146259954940421,0.0592936121184979,0.227938515999656
