"","acreana","acrocephala","acuminata","alata","alba","aria","auristellae","bourgonii","brachyrhachis.aff","brachystachys","brachystachys.aff","brevialata","brevipes","capitata12","capitata33","capitata35","cayennensis","chartacea","cinnamomea","cocleensis","cordatoalata","coruscans","cylindrica","edulis","fastuosa","flagelliformis","fosteriana","glomeriflora","goldmanii","gracilifolia","grandiflora","heterophylla","huberi","ingoides","jenmanii","kursarii","LA17","LA41","LA48","lateriflora","laurina","leiocalycina","leiocalycina.aff","lomatophylla","longiflora","longipedunculata","loubryana","M18","M25","M27","M30","M71","marginata","melinonis","microcoma","multinervis","nobilis","nouragensis","obidensis","oerstediana","paraensis","pezizifera","pezizifera.aff","pitmanii","poeppigiana","punctata","retinocarpa","rubiginosa","ruiziana","sapindoides","sertulifera","setosa","spectabilis","splendens","stipularis","striata","suaveolens","subcapitata","T18","T21","T29","T50","T51","T82","T85","tenuistipula","thibaudiana","tomentosa","ulei","umbellifera","umbellifera.aff","umbratica","velutina","venusta","vera","virgultosa","vismiifolia","Zygia.mediana"
"acreana",1,0.210666884808371,0.132764762130047,0.216380285026013,0.166757464362439,0.174205096376957,0.209551213422222,0.200499712393508,0.166339864233477,0.114518833935245,0.137113200361523,0.207352836907107,0.129663200091105,0.211022707419823,0.168205434754773,0.113928917560442,0.139076990672233,0.228495355576428,0.157869576476621,0.153141078497981,0.18662279049518,0.143871700202337,0.16398610174531,0.181343181346457,0.149707043526675,0.167053633438939,0.111913109961851,0.135108497893395,0.138329131650912,0.214188491647845,0.161196804834859,0.179700535790093,0.180350924334176,0.128486711713818,0.147202032555867,0.168057060096584,0.126446147812853,0.109810964159802,0.187022541998373,0.100437543574595,0.138597047507116,0.206195720036975,0.0963142105746089,0.175481865073205,0.158967417310231,0.110799034952401,0.115710655955875,0.224075016853473,0.119477642294134,0.168857889856259,0.0823976361467957,0.276455828876729,0.191087070985393,0.155150022432727,0.136705759981883,0.188099836878341,0.164106299859808,0.143308777188002,0.155362244490365,0.150152157475267,0.192707991508619,0.271233410539436,0.161917168938966,0.169020388529713,0.158148725816295,0.193316003068266,0.196986000041143,0.184057371857963,0.1684465823979,0.238114916232515,0.107803047293398,0.143901423138436,0.194960112667126,0.154730554628402,0.119115396437622,0.174186278535981,0.143939561059388,0.155777702277149,0.152180484027331,0.168043136063441,0.149967552636125,0.176336082110535,0.046833376280264,0.155812589142222,0.074237013162454,0.139403568772498,0.152768267111345,0.13864755586535,0.179243660011586,0.185097362286696,0.116161895433538,0.114190503126273,0.0882696098134353,0.158595568015827,0.106378671245687,0.129926756090988,0.111538732923937,0.187173458906134
"acrocephala",0.210666884808371,1,0.137431564061894,0.297162108666524,0.185537414719264,0.13966029951893,0.240237224500645,0.218889556888139,0.194232024389012,0.128411914036289,0.153340315111577,0.26374152816251,0.155989389814901,0.220488559224861,0.190339391673174,0.139617806199033,0.191032725954161,0.398945578116551,0.177392350235994,0.136155313099308,0.337179893221421,0.150937529104121,0.269541097810491,0.220665075119577,0.147557674977504,0.216934091043605,0.166394018027815,0.133094112252314,0.123350145495115,0.306209512076106,0.182893047979312,0.204805155356904,0.163870810814998,0.1365900851308,0.155095084194632,0.20280959887605,0.155319259273804,0.148130143051235,0.179548209258114,0.112751458035246,0.148768544443162,0.178317296057817,0.128610075990781,0.188769973519472,0.184485834522932,0.107938745631558,0.136380281907923,0.195669062796942,0.120438959984169,0.151248201419095,0.0751776258077842,0.158491098997612,0.237422210199912,0.223517659952491,0.190876817000175,0.213345283030699,0.184918839621409,0.153744404001031,0.140226458902373,0.173255547259261,0.202416689247644,0.176800615881724,0.183062798451964,0.21112090529139,0.165565166299639,0.299033327240951,0.191886382064727,0.170386387092656,0.211619103189778,0.207802890341533,0.133008098842418,0.2021839822626,0.207710688279438,0.169543769592409,0.127528134268015,0.164328780432957,0.181264056478774,0.181941014666923,0.196140276328161,0.223568618618449,0.159431842257274,0.191806786024953,0.0553739560734603,0.190441669828569,0.0839130990249906,0.139497343141116,0.202624136919627,0.179861278411652,0.125341556313564,0.199023146453807,0.105169060808765,0.101004047378226,0.0978364177518418,0.157711620780708,0.142942308528264,0.134991412941574,0.111551069064419,0.209292050584459
"acuminata",0.132764762130047,0.137431564061894,1,0.124922032826451,0.151348427685755,0.181797666764853,0.139152693084227,0.124807584120248,0.166003824862191,0.0917257335998384,0.102049348503812,0.119374311957679,0.0874617157159476,0.120517426671136,0.155138357824037,0.0898278691803351,0.125909185457177,0.131920567148589,0.128473224204552,0.148818063774244,0.130600210834632,0.13568304861697,0.110902964508506,0.1304084719878,0.112137652249175,0.11173508018909,0.138613560020367,0.132073986896062,0.0899588290853467,0.103647415611531,0.161417260183681,0.125358252865002,0.127029810260989,0.122183196636748,0.115580154977321,0.11282998605142,0.172433960035571,0.10360982437949,0.141584351746995,0.138457839673748,0.101436719150125,0.124395131860732,0.0799479261076507,0.113583427318858,0.142769411401997,0.14000685937269,0.0888069412710639,0.145914357440047,0.119482513004413,0.113682987953716,0.0683013093499232,0.111094321071876,0.131623894839563,0.133087935238302,0.111028609737384,0.114122490848068,0.161777580874892,0.110135425546609,0.137063853753111,0.0880505099646394,0.155807797397715,0.128619309934714,0.105509569048076,0.142904457898529,0.127211278419813,0.132626680955567,0.112770121251407,0.138509257152918,0.116021903746619,0.153227946606961,0.0953430653383463,0.119187418966999,0.144267435437343,0.0989593905068291,0.117678363588247,0.128210646718225,0.140018971013371,0.141272817124446,0.143531666074486,0.140645945483033,0.0864166116693335,0.1544262953697,0.0729590786273035,0.130407071651956,0.0741689699866871,0.167560788694159,0.198747771099916,0.093530625682404,0.0942338722235355,0.128858880248355,0.100906475257319,0.103979105007015,0.0812766552057799,0.155280845761256,0.137643890381521,0.131869100927111,0.171631501727582,0.166886299899565
"alata",0.216380285026013,0.297162108666524,0.124922032826451,1,0.219680990709107,0.164760727631062,0.247113010811855,0.224374277510797,0.211633076274171,0.125540069255807,0.182091964312232,0.279395635217044,0.221385469867771,0.270412044226966,0.213992733761534,0.165842002144358,0.212838109876488,0.316934481565031,0.228353061538551,0.178755969933981,0.281897012439738,0.14521449548527,0.232250035210721,0.282484949712698,0.175896014575687,0.172807413921752,0.156464419376132,0.145790844957439,0.14330489407876,0.337590151808627,0.21864420769425,0.254090287573558,0.210067143524744,0.176090489199991,0.172534352017728,0.239907730088445,0.163447166827133,0.154145498132971,0.214997401601453,0.107957824160533,0.168453969803877,0.147549991774459,0.117512101542351,0.264860886649782,0.253618382190111,0.124882366685292,0.161546627947993,0.18315373515157,0.119298699388235,0.190381355743173,0.0888053651119754,0.148618544247873,0.218700594598412,0.219839522274246,0.187434382926833,0.200125071560808,0.250453900032742,0.178641836501543,0.139938060401298,0.232920998440164,0.198896256456137,0.239412689822966,0.297205979827474,0.24083022572528,0.183411690807572,0.3562967030333,0.177848618122344,0.210477533510294,0.278989692945135,0.280180509841567,0.118103597227432,0.245136784455062,0.214418057573205,0.186599564259089,0.141404892345467,0.210972054082948,0.194146353371704,0.24432535041208,0.234542761486579,0.286535149418568,0.245268988694231,0.198149913943661,0.0417134580316059,0.202232512195817,0.0843561257794193,0.150211753777318,0.188605003886939,0.235533413831703,0.151388912293449,0.250063124534031,0.0994960247109708,0.100944702299784,0.11454272138696,0.172918167956211,0.125452845694059,0.149430173218369,0.0919173922806694,0.236694218396869
"alba",0.166757464362439,0.185537414719264,0.151348427685755,0.219680990709107,1,0.147534681155389,0.247126848333453,0.199431356407127,0.237570174438099,0.236281424688115,0.264396298812213,0.258302003020153,0.245007169528492,0.182655547419073,0.218888714577796,0.146305476674986,0.175140856635128,0.179977189353368,0.191985651335711,0.179917543416821,0.17130561772416,0.143451440332715,0.18817432776496,0.205761221442735,0.150206969818097,0.282435960545571,0.142392793948814,0.158532368671436,0.115884534196158,0.150803854459414,0.204475775593081,0.265058154841469,0.218978265985271,0.128363658712636,0.248422233029312,0.174266652712606,0.130893220015752,0.112368330817567,0.185540173889516,0.142131177085733,0.276484865415903,0.166296302263379,0.0858518612517793,0.156375650311515,0.184515300008878,0.107053384903252,0.235392601461429,0.176616901018895,0.256439722519298,0.292342584250166,0.0836437609440885,0.167961293865648,0.189151214679667,0.134730805793119,0.158851836525017,0.204502710775058,0.197105273955249,0.131383543387144,0.272598505370976,0.135280873726614,0.227586596707744,0.176112263034584,0.153776157700135,0.215276286799048,0.161442868753028,0.205465640779723,0.147278203832135,0.19298730500587,0.162999410717999,0.22665124818858,0.211783865182323,0.126224970347934,0.22737009430591,0.176661048911629,0.149117257995,0.18142005964213,0.188568020523343,0.17618563094821,0.170084431823635,0.19604790156453,0.142767295059037,0.244134525802906,0.0684018343400566,0.176161078438792,0.0992629659833614,0.186088496840077,0.213954430810923,0.158560947997146,0.165560984937099,0.335137122653309,0.130776345053942,0.252556588576698,0.0830805013627643,0.180079544619564,0.116883922490415,0.228345236433529,0.124385549185459,0.24087413333118
"aria",0.174205096376957,0.13966029951893,0.181797666764853,0.164760727631062,0.147534681155389,1,0.168529663945983,0.153113317004924,0.167426952208896,0.123966743792808,0.230869694198949,0.170815930452205,0.266968976495772,0.217906436830883,0.16974628256141,0.103807063178207,0.12656351202533,0.131028090075236,0.23664048499969,0.159425236221159,0.13623750571574,0.116618223944612,0.149827569363285,0.258486843822492,0.200606553768833,0.133437374852258,0.0929997379410512,0.113759462784714,0.151515518534627,0.156909142591436,0.11773465362784,0.134911039315973,0.186859938974633,0.109167455534323,0.140211359913986,0.240861133318198,0.11375218808935,0.0677580279280951,0.18125913941279,0.113232773206153,0.119305916915284,0.0902152118895213,0.0899332000505011,0.174497421212219,0.313548438465423,0.128851369097474,0.145618844308789,0.129243407525169,0.124910128469341,0.149157610745839,0.144337482015949,0.136335382219295,0.142724730069415,0.131329757833467,0.119876425960838,0.135971824221589,0.191840242023636,0.0937078733275115,0.149563728697875,0.208028352136369,0.134179823732686,0.140610136751355,0.210440780443118,0.159949313956017,0.201495065413269,0.181331558999617,0.130735336561644,0.244237238894684,0.180672403314972,0.179955635910312,0.0876949324156731,0.143691397383746,0.154964674001583,0.121706813305191,0.11299018614946,0.17933371215248,0.158957654169757,0.234696688237467,0.249573866718279,0.256826958304099,0.226350287217192,0.152926828204601,0.0590094921815279,0.123136231592702,0.060815187453004,0.341049065312929,0.206290366881832,0.2753143825029,0.159965179348758,0.178784902717972,0.102093287892682,0.0896852274428585,0.059362986168657,0.231894918112569,0.0788240476033953,0.0907725519910774,0.143304710853275,0.153320417731779
"auristellae",0.209551213422222,0.240237224500645,0.139152693084227,0.247113010811855,0.247126848333453,0.168529663945983,1,0.238380807047111,0.217692258817469,0.135763888325445,0.187328400985418,0.220998820605619,0.176624580328021,0.227292418932485,0.204782663170557,0.156778287093004,0.18937250536472,0.233088194115168,0.219374198617843,0.202334181388091,0.228936653733841,0.195264595609688,0.21998413242429,0.254689140427874,0.186087251120162,0.183820445792069,0.141483616121261,0.155888283694956,0.120670259441382,0.203232923588027,0.191682482664306,0.167527248194885,0.213502044194613,0.162111498823429,0.17140795499359,0.207667788969737,0.146035902110147,0.136415968583768,0.229354249269578,0.143028951467444,0.14548650155011,0.167491811367912,0.103757604966866,0.199147170180734,0.225736437060783,0.125295977114381,0.160443530079378,0.205320606893929,0.163373977054167,0.165995867861684,0.0908983097202714,0.239632290850701,0.241814236787413,0.210588716140845,0.170110869283132,0.234201811073268,0.262959535358618,0.175771075112271,0.193400189623091,0.188452829672474,0.247944217988429,0.191161967558519,0.202941096724295,0.237178705236575,0.173534155285301,0.236365505405797,0.194368005433756,0.222446298078559,0.189801674602978,0.255212188232494,0.118002590384083,0.179884390629093,0.221504355125736,0.170985160765785,0.135334708126628,0.231406429409541,0.180279670586673,0.206981922008617,0.213507504989726,0.262983596493154,0.172816529082546,0.223215016785142,0.0759988595346511,0.202132509654244,0.0885837539803453,0.158239244699371,0.233552353790629,0.188847076492429,0.158985855276952,0.23786923893211,0.126922494771144,0.13351302741602,0.0926631138207359,0.174166720899062,0.135410071077817,0.123000549609315,0.118402481832178,0.213514298804727
"bourgonii",0.200499712393508,0.218889556888139,0.124807584120248,0.224374277510797,0.199431356407127,0.153113317004924,0.238380807047111,1,0.19566384518694,0.114895867959399,0.159203828363848,0.216796811803803,0.164885993432341,0.214747544382914,0.196027960220181,0.174285579914793,0.161721546898419,0.247851831370662,0.202368174962791,0.159164878703613,0.187240917402809,0.161284328796771,0.197672283659707,0.21343527040225,0.155067679686516,0.199190095794164,0.147918603903125,0.170877986336452,0.122455091711736,0.220473208496744,0.219809297951413,0.164984929641315,0.180020726152328,0.152577827901378,0.144254266099548,0.223249507537351,0.135897457938034,0.153172382058588,0.252751749255687,0.125109635503175,0.167062777012647,0.160246124976619,0.104150123179027,0.179435226165014,0.189111336519993,0.116317931783853,0.120796891126322,0.17127351134844,0.15669298525997,0.166858388691448,0.0908546866864035,0.15931457339618,0.25278733212831,0.1777856450895,0.150145679445051,0.196383992811299,0.222346715193309,0.176604358559634,0.155216098857825,0.170275258971072,0.214856221918961,0.194926505622619,0.182660544807613,0.214399253402473,0.151559003999717,0.202467646858743,0.212575735177203,0.197492493696016,0.174547718388017,0.205032385738283,0.118378712693117,0.164417369791273,0.237982654570498,0.181065673489034,0.152616517823808,0.170986180382728,0.165292536922868,0.18869443390348,0.18397135821022,0.212833550608299,0.174161733076787,0.200011425061023,0.0477418461609767,0.159624849156127,0.11425141991561,0.151462157591942,0.187060396669633,0.178888151906354,0.147858978456079,0.214259162533258,0.12918706691541,0.105021845329412,0.0833432523137635,0.17489695652407,0.137204903264911,0.120352189326331,0.108687453149752,0.205438920823217
"brachyrhachis.aff",0.166339864233477,0.194232024389012,0.166003824862191,0.211633076274171,0.237570174438099,0.167426952208896,0.217692258817469,0.19566384518694,1,0.115897532631579,0.148030399289345,0.144050360848368,0.112124439445014,0.206669138427272,0.500418579860499,0.159675080948601,0.147185248718501,0.184849881617389,0.188512590100707,0.173865997421768,0.191232141468246,0.157615106186917,0.16324305544539,0.192184494274541,0.165981751312583,0.19080065077863,0.124851040518243,0.135029572576483,0.108870497304116,0.16031875778926,0.163143495977722,0.152752733515483,0.206275993220394,0.140762008919499,0.146040213559544,0.15647575858007,0.129812977271216,0.139103661556,0.162798041350361,0.137295869864201,0.163130335554669,0.159703130765538,0.0943212799129508,0.156807424452256,0.157995257324662,0.120534602876334,0.124623802840292,0.213956563282714,0.139458298073282,0.14576930462416,0.0858150834899953,0.149058418395042,0.186189321088796,0.210665179849635,0.166874188743689,0.195862031748342,0.199977083576715,0.144990103274427,0.185817648462406,0.14297434394638,0.205911060412627,0.200446127605907,0.152000763228552,0.17626404552523,0.172588504242417,0.197634723222621,0.150377774282533,0.18822547868191,0.149253340282047,0.221452153947525,0.1270849474694,0.167791088816148,0.198015691419083,0.115813745103178,0.196734254723191,0.191797149170918,0.140695216254749,0.150369037033995,0.173268636177445,0.175181168618718,0.127415430721592,0.210539013162259,0.0697127913928924,0.205073766468176,0.0806382404266043,0.166343730446585,0.248147523932197,0.134887327061746,0.136698661138007,0.197206821754563,0.163127376902304,0.134934178114818,0.0924650100809914,0.170528029501219,0.107795196677831,0.142067978182978,0.137715034645731,0.207580578096012
"brachystachys",0.114518833935245,0.128411914036289,0.0917257335998384,0.125540069255807,0.236281424688115,0.123966743792808,0.135763888325445,0.114895867959399,0.115897532631579,1,0.325370217219212,0.277991868194593,0.245665088789816,0.156168321395143,0.115922147807914,0.110993592592036,0.102313483151816,0.114968152042655,0.151768361086492,0.110307764442044,0.126216589253973,0.0827238225718219,0.13299734395115,0.239143343191879,0.12155322472583,0.31049169889501,0.0900883729417119,0.0950945022874998,0.112559090751296,0.143975345296366,0.116383491830725,0.345926296156831,0.115578693199119,0.0991056872803472,0.287536319280539,0.202913413587475,0.102845229172672,0.0671286487455487,0.129382230187339,0.0824676690233081,0.31370923561294,0.0903296754235623,0.0892398391036822,0.127478448219988,0.153318330194892,0.0820392532294037,0.346166268262544,0.115375955584068,0.238922260120015,0.252031178453257,0.0797717918904174,0.0974431078851098,0.123278424799171,0.116822670046091,0.111377839751833,0.119339845018878,0.129176862793297,0.0851175289274084,0.371209573553399,0.165284628786473,0.121392428263203,0.104048608804964,0.174268825984749,0.152212866763805,0.120432841326881,0.146132385458936,0.0946571295013959,0.159029580547558,0.1223469457046,0.132954008530904,0.261294069364627,0.105696100774169,0.139255687914335,0.125225454173524,0.088240143404943,0.134528419047421,0.145290037730142,0.134845861116426,0.136938936964393,0.156004968937582,0.172004646523449,0.158087207456354,0.0439455383886766,0.101948173776382,0.0540732627508414,0.133563325710144,0.120058747061161,0.149913856842416,0.130772567923354,0.275593990360019,0.0932073189146384,0.24477134032974,0.0506550509223189,0.153882395466953,0.0816221228145001,0.333762263965246,0.0982716336313811,0.122712236921237
"brachystachys.aff",0.137113200361523,0.153340315111577,0.102049348503812,0.182091964312232,0.264396298812213,0.230869694198949,0.187328400985418,0.159203828363848,0.148030399289345,0.325370217219212,1,0.32208830117937,0.323005383547719,0.221046629291179,0.13461229632602,0.0983703453205411,0.109881549625583,0.153680711417213,0.227538378234588,0.216040319403627,0.16211626324231,0.0992738668153021,0.129978064411798,0.247273416606715,0.239377876433,0.315183247683045,0.118753201262756,0.123174477769549,0.148355744883651,0.167739335966474,0.145050898988053,0.326565359538291,0.167056104722323,0.0909296254636192,0.32061228987933,0.272866337613877,0.10535298407072,0.0893979033091968,0.191182460518257,0.0958765085704418,0.329186330723066,0.106810471329357,0.0834575624473188,0.201987360743872,0.225110121430997,0.143597299130441,0.425522490231513,0.162727900429523,0.256642652755781,0.32324920995425,0.128918499857072,0.14711736777237,0.163697652723835,0.127794849487731,0.108627726692769,0.134820679169049,0.201994093906627,0.10356171737839,0.28463439163032,0.23240648917415,0.155438410527073,0.124657869177594,0.241764167975355,0.176823017580521,0.212945358270879,0.180990369019285,0.168505391741321,0.259744522913981,0.171417876161891,0.212853579221064,0.283578524117572,0.12148772900225,0.178979700370218,0.145340448959082,0.110422169997504,0.225770696344754,0.201723429417383,0.235480465757969,0.155134318922562,0.250303711848755,0.243545484915889,0.185961388918058,0.0697165086992394,0.109267083212156,0.0612758036889687,0.161401696141904,0.131541064734839,0.217626009912654,0.157788881929358,0.323076080248964,0.134452310606427,0.330160847893043,0.0709481987689984,0.195776474226839,0.0838372931000753,0.325912847907308,0.102177253367492,0.154574590326088
"brevialata",0.207352836907107,0.26374152816251,0.119374311957679,0.279395635217044,0.258302003020153,0.170815930452205,0.220998820605619,0.216796811803803,0.144050360848368,0.277991868194593,0.32208830117937,1,0.305089416398577,0.242986786223543,0.135197320264861,0.142639653275336,0.172198895598051,0.272884314539204,0.220361114426304,0.144681393627341,0.215517385507013,0.145809074242268,0.199194209708113,0.246698349563064,0.160106063676623,0.333158872536198,0.153780629473342,0.121805863594886,0.132775572122544,0.336734955497456,0.210883156229806,0.37169926104647,0.138293826133463,0.14692140789442,0.329667565886895,0.241008256333424,0.122662006658362,0.138220268979991,0.22650465231625,0.083648864591733,0.270338539383383,0.143077777703153,0.106507552578318,0.211046133727723,0.20944448460861,0.141300016762423,0.297156068111034,0.154618627509813,0.258319118596756,0.295611511912327,0.0858175203497504,0.150878284027822,0.206227087935138,0.185573074643509,0.177242568488341,0.170669427946508,0.233648610024619,0.191503804923619,0.26624144676365,0.219430293695651,0.183260478098269,0.153590890991984,0.222285885269109,0.24773471140051,0.166506767341366,0.259252887198521,0.163371433529075,0.190017200098246,0.224157077902835,0.192004216935909,0.255378769427669,0.196452778068176,0.195658504894922,0.187536104776294,0.112122246909835,0.171558947513205,0.191882062784436,0.265618175145133,0.22117039401347,0.229512446730435,0.213001531902691,0.212198777223833,0.0317687893547103,0.169405610303041,0.0736020013046766,0.139442272598363,0.153747130292204,0.211907613408637,0.150780510036337,0.356975250215822,0.0868721858723886,0.273399744372949,0.0960061806604185,0.160901735667102,0.118102872120647,0.271605656329449,0.0925495286644247,0.18947113067265
"brevipes",0.129663200091105,0.155989389814901,0.0874617157159476,0.221385469867771,0.245007169528492,0.266968976495772,0.176624580328021,0.164885993432341,0.112124439445014,0.245665088789816,0.323005383547719,0.305089416398577,1,0.287032365275684,0.126169665857001,0.170429420427719,0.144528962611215,0.180586921396186,0.284366932504814,0.191063657519964,0.142868537572621,0.0886047619395986,0.194911887768282,0.360899542986884,0.194833861312483,0.225119830458916,0.123055489847561,0.141195964217679,0.15976158610592,0.241461090965408,0.202315808197816,0.267439665219608,0.13891195897112,0.117057803823962,0.221417340398002,0.414430700892696,0.128719229049554,0.111755494159579,0.218301235458328,0.0777772234215664,0.197099481988535,0.118041175688366,0.115446092756788,0.224897114714071,0.34498411401689,0.146848341001463,0.319948488922695,0.136821953035532,0.207405581544648,0.261435138430237,0.120863458814253,0.145647865199534,0.171559868945381,0.123085846667093,0.153104327352856,0.170477543701804,0.181372504535719,0.127991287014976,0.213332788417328,0.523482806278608,0.159323330147165,0.115397155151233,0.537667058778557,0.208973524381242,0.152529182024282,0.248452265371514,0.121994834291827,0.244734018305404,0.16954848747113,0.20942476056984,0.157368465084431,0.123736838465213,0.190703335473644,0.246177983819433,0.10726230028836,0.158860737354114,0.241903151625107,0.367185644092474,0.216858015717633,0.40385153659818,0.536281778277021,0.176099544325197,0.0382188035238194,0.120068752540083,0.0657666612117744,0.198629402109003,0.133406383733248,0.573488636552804,0.185462457090659,0.335040182876101,0.0854329608586481,0.173208830967402,0.0761618305607715,0.180380316343514,0.067510768657448,0.184214743591408,0.0779005204623593,0.142275663707973
"capitata12",0.211022707419823,0.220488559224861,0.120517426671136,0.270412044226966,0.182655547419073,0.217906436830883,0.227292418932485,0.214747544382914,0.206669138427272,0.156168321395143,0.221046629291179,0.242986786223543,0.287032365275684,1,0.222385659298796,0.342588729850798,0.175833416566807,0.240358446996401,0.287261627273687,0.167648770032869,0.197126900076612,0.125931146832114,0.212318049325151,0.345074316831188,0.218573808935463,0.161067066727372,0.142761646994136,0.145190036481694,0.159872639932217,0.274911694017995,0.221366444663331,0.187592208259298,0.19202157587689,0.164118902228038,0.168058637905003,0.347794896309821,0.170358267416077,0.125650915923583,0.25693314935249,0.11183203065011,0.144682811080404,0.159482555247501,0.115068938657405,0.254835715277596,0.323043791947539,0.144984724461757,0.173051599050313,0.175078568453312,0.126892023645259,0.176768050490949,0.122904946914037,0.150904716363699,0.232324451827785,0.187533755232554,0.208735302845983,0.233648038264207,0.269608383493319,0.16254864003758,0.159177108773702,0.295632838529089,0.205748452324073,0.198994663527276,0.315126349373093,0.294359964651484,0.18292350543064,0.299348436272363,0.191059789434965,0.266552811887055,0.234121968149243,0.235640466134119,0.0974260771247474,0.174491644593977,0.257754328217291,0.239282446926647,0.12745681682269,0.228413706881339,0.215330014175486,0.290266848389238,0.217042552529479,0.288224332891263,0.305296866719657,0.19479051665156,0.0349351831351685,0.197916924705357,0.0888378483043494,0.209925226072295,0.173716336967336,0.291682746484657,0.181933498133265,0.273267156663813,0.0893659358404858,0.106099318042392,0.106809330730935,0.189695594572121,0.105122333431828,0.130227437776411,0.102810793306096,0.20303004939897
"capitata33",0.168205434754773,0.190339391673174,0.155138357824037,0.213992733761534,0.218888714577796,0.16974628256141,0.204782663170557,0.196027960220181,0.500418579860499,0.115922147807914,0.13461229632602,0.135197320264861,0.126169665857001,0.222385659298796,1,0.160838559128159,0.140232997759917,0.183956606441584,0.164819912613199,0.185193939659584,0.176756921348642,0.163551174317725,0.173083421116252,0.199575861875238,0.168471448119125,0.203911804542517,0.123793739138844,0.14498967332643,0.115937710546499,0.165016955849631,0.151965727413928,0.166659434724672,0.219883488045207,0.145978406433004,0.146171923265447,0.191078607391499,0.125286237567413,0.141599272162522,0.164474019726414,0.118597833381757,0.195995191807906,0.156682609556816,0.0835931534521959,0.139526183938614,0.174045468049854,0.122702806740205,0.116332687574204,0.193957030928442,0.120680084853695,0.149335341315123,0.0936100765926987,0.13769192989939,0.176264684163091,0.215403000198042,0.15503016613304,0.165959083226333,0.197154151426438,0.122454784746881,0.167934794273713,0.130301376836825,0.217184783111959,0.223735705791831,0.146701221869919,0.185656834812846,0.177663323204763,0.198979517304,0.171150923160704,0.191837722602155,0.157209501979331,0.214254967028205,0.141481499650767,0.156045367438364,0.225927744449547,0.154104677776596,0.173315688662181,0.208627355645014,0.146931842645069,0.142208456402633,0.147941036524025,0.18010827226547,0.126582751290309,0.211930871450066,0.0791294827654948,0.207230200436843,0.0755964778947491,0.177469341948536,0.189740973356993,0.13585179599132,0.150507941548685,0.204174501815394,0.161381212017967,0.110117878743285,0.163408708689354,0.163256774762647,0.115423873530808,0.135950921120902,0.139607261527102,0.231600752377748
"capitata35",0.113928917560442,0.139617806199033,0.0898278691803351,0.165842002144358,0.146305476674986,0.103807063178207,0.156778287093004,0.174285579914793,0.159675080948601,0.110993592592036,0.0983703453205411,0.142639653275336,0.170429420427719,0.342588729850798,0.160838559128159,1,0.116923273010569,0.153591845407125,0.167071348094737,0.105669471054575,0.134433041620847,0.0973828014180266,0.167559945220417,0.182465815598957,0.100404968176332,0.109199389372295,0.203070754549163,0.102961363976393,0.0857262196711194,0.166519747055797,0.139186823557268,0.125799117586594,0.127462664406883,0.117332325166994,0.116276653476516,0.170235030752346,0.114045786097193,0.101515792199166,0.131854184602369,0.159872437149682,0.11148222391572,0.144592125642438,0.0746087150027612,0.150292626053038,0.162938375258456,0.0747120073652089,0.0912759469214158,0.12032880974402,0.0980837141899212,0.113021768671209,0.0619055958507741,0.0994903834274238,0.156566677425135,0.142221260233547,0.143730400945564,0.14137613346841,0.141584920201709,0.114761736129303,0.109590580457568,0.148291886421344,0.145109249351262,0.136843258618078,0.169148131262818,0.175031848466549,0.105033185014747,0.185883913941287,0.121836411961551,0.142275504519553,0.138950887171371,0.162542184447402,0.0764724543820866,0.118719721532415,0.132134045848059,0.14523762884847,0.0895869767493543,0.122684503884632,0.123534681570337,0.155281801852806,0.140005797658115,0.171027215221359,0.148071963967142,0.137865232869813,0.0318872096456998,0.130983564091616,0.0850048237646809,0.126870856061173,0.134512693873343,0.159236564281045,0.108335815300318,0.164954483294866,0.0752690040155906,0.0910766788174956,0.0696614439800122,0.11862166952123,0.094563444729764,0.0818675468625031,0.0890711507055377,0.146535300556291
"cayennensis",0.139076990672233,0.191032725954161,0.125909185457177,0.212838109876488,0.175140856635128,0.12656351202533,0.18937250536472,0.161721546898419,0.147185248718501,0.102313483151816,0.109881549625583,0.172198895598051,0.144528962611215,0.175833416566807,0.140232997759917,0.116923273010569,1,0.199714555104342,0.154624579308643,0.128864767977037,0.179152886413951,0.123788183380032,0.176763451269171,0.174791167093581,0.108935315456713,0.151872597011002,0.140498913197162,0.121484735792883,0.0969524626074522,0.200528865717237,0.165353956353479,0.161659415623917,0.141849102487427,0.147390596675998,0.127570539724157,0.169169826826437,0.161019208441517,0.123638481827518,0.203318745631252,0.0809829733582039,0.0985233733693072,0.117220681415338,0.111539630034766,0.158337598803222,0.161364733800949,0.0835000250552528,0.0966521673513567,0.130175905997493,0.110533991657002,0.114124021876095,0.0592156514906667,0.139741820381838,0.161239753189574,0.141030266920776,0.181720795764605,0.169106815079011,0.14888921733723,0.143235055353168,0.125123522557185,0.181412660022586,0.157801168989499,0.159175827986012,0.171428454125688,0.193071732328146,0.116111437067003,0.173350593187987,0.146827120751124,0.17280779823935,0.157215379888412,0.136304506411379,0.0668006493384139,0.189160501213404,0.147225457909745,0.149902953393066,0.0926753551227412,0.133014156083377,0.173121194130026,0.201764242194254,0.186156325323374,0.174172180059961,0.170417639237117,0.156465329144954,0.027178909376023,0.1535805329295,0.0879609139882997,0.130015115886408,0.172291423127576,0.172537576784551,0.119455783968045,0.16859614191776,0.0813206757357414,0.0968599715328552,0.0775154641830274,0.121703223834307,0.0954895813602678,0.0985126783362957,0.0805140516452841,0.144194339442995
"chartacea",0.228495355576428,0.398945578116551,0.131920567148589,0.316934481565031,0.179977189353368,0.131028090075236,0.233088194115168,0.247851831370662,0.184849881617389,0.114968152042655,0.153680711417213,0.272884314539204,0.180586921396186,0.240358446996401,0.183956606441584,0.153591845407125,0.199714555104342,1,0.187105119561887,0.166398940491997,0.245292949666911,0.170437598432713,0.275530467880962,0.241912646310807,0.138387896018005,0.185244192003668,0.164995479710823,0.155490540289946,0.126767472968632,0.323798242169303,0.221676460223216,0.208102901204603,0.179058595334513,0.166017946851808,0.190096517244257,0.22201280788662,0.146838710355768,0.162491146465583,0.187694733339788,0.106457026515823,0.14168408134081,0.18683947575536,0.123529171517021,0.197230427090606,0.20341048997356,0.105157090308118,0.127899894730873,0.210615387145395,0.130363544936175,0.167366615644454,0.0686939843649439,0.148905754308467,0.196146310054162,0.183938343077594,0.169162523867151,0.236342768813049,0.239701894103998,0.211486247889916,0.135941715879053,0.19866311099232,0.201387419670358,0.193149120059892,0.217806075132969,0.234526714398158,0.15679463403788,0.2627745192424,0.154528399024201,0.169464219568954,0.185406545960507,0.20827638821822,0.098216375653045,0.210287375539986,0.191934178973968,0.184405849014966,0.11672093745544,0.173745754942592,0.162262401964967,0.227900687233601,0.190004988006948,0.231763622737735,0.201239795531095,0.203390662254438,0.0485584818191331,0.199891589443205,0.0863460359508782,0.143109829093037,0.192951757755401,0.216707698352148,0.130055105269822,0.222436152802582,0.100569788062342,0.103529359808418,0.101361676529394,0.149260015491136,0.10136347102828,0.139670058323785,0.09263017902142,0.22887038729712
"cinnamomea",0.157869576476621,0.177392350235994,0.128473224204552,0.228353061538551,0.191985651335711,0.23664048499969,0.219374198617843,0.202368174962791,0.188512590100707,0.151768361086492,0.227538378234588,0.220361114426304,0.284366932504814,0.287261627273687,0.164819912613199,0.167071348094737,0.154624579308643,0.187105119561887,1,0.18858175686297,0.16509345618597,0.126657575717952,0.208701371158398,0.314622135785279,0.225970725369467,0.175843192981114,0.152855186392826,0.147539221020966,0.208005673966298,0.227311248325533,0.188861160204852,0.177996768519489,0.188514769786345,0.168259362328876,0.168772463387202,0.363610013674626,0.136038885577108,0.146672031255041,0.224937381186252,0.118590310039069,0.127324019894447,0.146586447930278,0.11085144104503,0.243678839098134,0.288555572118719,0.141660435551231,0.199856238392879,0.150690081281648,0.14805987530383,0.171861807329935,0.128774639172587,0.152411419714196,0.184700169777626,0.171306412269332,0.160606284508245,0.208025758807486,0.206645084042944,0.172963522135867,0.179817742811752,0.267186703678371,0.195208213320117,0.164210812693849,0.296104067109966,0.263580565701342,0.197154280554411,0.258488671344039,0.177990975115142,0.273548119293903,0.155852312709052,0.250362599964396,0.081676554605954,0.151023052100385,0.205239307797402,0.197486769556492,0.134149214999579,0.205940490144431,0.244152110378904,0.281673197138304,0.221041757978718,0.320102533588029,0.280270361451181,0.178021955345432,0.0521216825079037,0.160178402981751,0.082143792049832,0.220178581040853,0.183344158486284,0.298279169293896,0.183897603952956,0.236785929666934,0.110045484985323,0.124886149709615,0.124689388946005,0.202421468566626,0.087321025109574,0.11969817888777,0.126651864346163,0.185848184702992
"cocleensis",0.153141078497981,0.136155313099308,0.148818063774244,0.178755969933981,0.179917543416821,0.159425236221159,0.202334181388091,0.159164878703613,0.173865997421768,0.110307764442044,0.216040319403627,0.144681393627341,0.191063657519964,0.167648770032869,0.185193939659584,0.105669471054575,0.128864767977037,0.166398940491997,0.18858175686297,1,0.18260093829012,0.097948050947107,0.133501298294701,0.210153267923139,0.409638793214968,0.161613833456486,0.105242982366426,0.16037792496653,0.154538903838646,0.16138475628874,0.170689350524016,0.159560211189946,0.191258902325843,0.101737318869472,0.139984724918264,0.175950829695284,0.0949335942194581,0.0888873455094625,0.170382929410407,0.119667303634226,0.13236609074623,0.125497508918112,0.0809573688332141,0.161987092773919,0.175283634466191,0.190148025646454,0.166840956737792,0.162025074128167,0.140409864896199,0.189955332230374,0.13901098578217,0.122628998170013,0.133931561805818,0.128599941868989,0.1406367758539,0.126537928927928,0.209191128981528,0.117995220836086,0.163164805473484,0.148774126092795,0.15659328085588,0.144485259864008,0.175435257470379,0.190494661433151,0.333130065201656,0.189695192225839,0.139608323082697,0.254811846986218,0.146048740382646,0.260108758968171,0.108776946828731,0.114445054144875,0.241225288483925,0.12890544948733,0.199286001798289,0.361859232663728,0.213946012345222,0.173475672625142,0.129392709323161,0.242703923368415,0.159456332451491,0.180949077824534,0.174345765108913,0.126567368426029,0.0578445016893477,0.152208432822978,0.134659314148933,0.156070841655077,0.163823992665913,0.210733260720679,0.250613796928915,0.0954757774788538,0.0589835480185943,0.28145749664787,0.0756281398291225,0.100589238783521,0.112994242224839,0.20836063669325
"cordatoalata",0.18662279049518,0.337179893221421,0.130600210834632,0.281897012439738,0.17130561772416,0.13623750571574,0.228936653733841,0.187240917402809,0.191232141468246,0.126216589253973,0.16211626324231,0.215517385507013,0.142868537572621,0.197126900076612,0.176756921348642,0.134433041620847,0.179152886413951,0.245292949666911,0.16509345618597,0.18260093829012,1,0.161732250809861,0.246021627601255,0.204763377179842,0.221273784785267,0.232076477805552,0.143823142818771,0.134035214782541,0.120659008270378,0.276466940139719,0.165448984629488,0.287751262209111,0.173499796158606,0.132311476609569,0.157892605468659,0.175103250077967,0.111588731127819,0.123958181999395,0.158867302532014,0.121924379028611,0.153393358928034,0.130160572064605,0.103139856950171,0.172719404573221,0.188393765644702,0.108886282833284,0.141777428841548,0.185697955495182,0.109993832790524,0.159280298736936,0.0854507036667317,0.131833226665583,0.166802506433505,0.194922101121524,0.151987237362173,0.180932459361727,0.217489498378846,0.139606491388777,0.143080215122062,0.170068120616926,0.171514185095516,0.162832836039178,0.162724269816842,0.210797979405466,0.213620512441544,0.233575101049942,0.162736234309779,0.189418071201049,0.149408610518973,0.198663594911727,0.113410372514761,0.235005862933143,0.187416795245202,0.141083607521658,0.142026904306662,0.228580566810441,0.144467298177399,0.151173124341168,0.183175047623964,0.23140607310566,0.148994023949224,0.169468883582741,0.0935807770023915,0.209195873897019,0.0786089670946856,0.155456923148471,0.175985475789635,0.16086524286218,0.125085527846729,0.190678663974741,0.14117615840618,0.0951883573893205,0.0870223604112965,0.236544465858149,0.155026657841044,0.142305798244803,0.0986121712692993,0.208509024261759
"coruscans",0.143871700202337,0.150937529104121,0.13568304861697,0.14521449548527,0.143451440332715,0.116618223944612,0.195264595609688,0.161284328796771,0.157615106186917,0.0827238225718219,0.0992738668153021,0.145809074242268,0.0886047619395986,0.125931146832114,0.163551174317725,0.0973828014180266,0.123788183380032,0.170437598432713,0.126657575717952,0.097948050947107,0.161732250809861,1,0.208717325879512,0.126850696408445,0.103684297129206,0.103401534989749,0.121858889210926,0.131712492218682,0.0853997669489419,0.135556074008061,0.138304431110008,0.0994306813255184,0.115307547205708,0.133255083267385,0.096876662234455,0.131974189758616,0.0896808458660347,0.090067695147179,0.129633726048793,0.118429191934612,0.112121404906484,0.101017330613081,0.0683688845909093,0.138637187319275,0.17357527456681,0.0735010233457536,0.0843606225813218,0.134282340610603,0.149632967003791,0.103244080532068,0.0580553731737648,0.11681099258638,0.144534827483555,0.158483004948911,0.116317675629039,0.124218653901735,0.225604643543165,0.147187613464729,0.107841229474902,0.101876287121377,0.146449137073629,0.160845394108761,0.1235675595898,0.125621245546674,0.100313994372536,0.140494073891151,0.136092929981685,0.116578967416713,0.134236024212913,0.131397936770497,0.114846552870032,0.106023141463038,0.135349725384781,0.112028096919277,0.0930155049006888,0.123841924146675,0.135591056880863,0.108010938400552,0.192724921966794,0.123930801347367,0.106994763389378,0.130505318733507,0.0359012607716304,0.11555696221566,0.0801712819865269,0.109076733620973,0.252718261813796,0.104292215620485,0.0973013733242718,0.133260946752418,0.0743437386988733,0.0755341271244029,0.112982999046362,0.0990087600560677,0.0963276185351637,0.101942345404568,0.089695659631792,0.180967458524767
