"","acreana","acrocephala","acuminata","alata","alba","aria","auristellae","bourgonii","brachyrhachis.aff","brachystachys","brachystachys.aff","brevialata","brevipes","capitata12","capitata33","capitata35","cayennensis","chartacea","cinnamomea","cocleensis","cordatoalata","coruscans","cylindrica","edulis","fastuosa","flagelliformis","fosteriana","glomeriflora","goldmanii","gracilifolia","grandiflora","heterophylla","huberi","ingoides","jenmanii","kursarii","LA17","LA41","LA48","lateriflora","laurina","leiocalycina","leiocalycina.aff","lomatophylla","longiflora","longipedunculata","loubryana","M18","M25","M27b","M30","M71","marginata","melinonis","microcoma","multinervis","nobilis","nouragensis","obidensis","oerstediana","paraensis","pezizifera","pezizifera.aff","pitmanii","poeppigiana","punctata","retinocarpa","rubiginosa","ruiziana","sapindoides","sertulifera","setosa","spectabilis","splendens","stipularis","striata","suaveolens","subcapitata","T18","T21","T29","T50","T51","T82","T85","tenuistipula","thibaudiana","tomentosa","ulei","umbellifera","umbellifera.aff","umbratica","velutina","venusta","vera","virgultosa","vismiifolia","Zygia mediana"
"acreana",1,0.24175021500621,0.105996318343693,0.271473745118061,0.166008472774446,0.12376578555861,0.220128992755559,0.173139725307938,0.175174424837775,0.171286953180256,0.18226080580635,0.129711635879939,0.105500499758777,0.190646054488057,0.187525750840754,0.172038037485043,0.162651739832734,0.15414154307616,0.154746177927193,0.158062922718651,0.203068789603247,0.12072664374621,0.220707167867008,0.185527832104475,0.14743378161284,0.1544125017892,0.159002864603499,0.133014909128311,0.198158439349601,0.156061532347628,0.19368698385158,0.147516188908222,0.215982113952224,0.0955904302213814,0.154469403505522,0.142077320191325,0.159040073273961,0.0896499023884736,0.0815862508670554,0.198182853853767,0.259972742876412,0.202725426571393,0.0970654308007781,0.146695885914852,0.169314098832214,0.175339284551587,0.14216595048947,0.182800084354064,0.135631982087254,0.124657850697575,0.165907166566892,0.18333335431625,0.239674852740164,0.145568592480689,0.153780531756069,0.119347496474013,0.293763531689976,0.188975513880363,0.27116320073082,0.144455558451998,0.17850247691292,0.201559836048386,0.149597549200153,0.152633188792214,0.17904224144414,0.173078905729893,0.18039566354734,0.201207852520135,0.170457612160206,0.232638631703995,0.15796291995309,0.19598849694812,0.136427326900077,0.169288688189227,0.189262646884427,0.201770529288973,0.155910297340722,0.116227259597151,0.185938190667605,0.191409798502642,0.154952077282695,0.171017793996861,0.131795455524618,0.144648119736401,0.133110555747243,0.174156348382451,0.180587961236655,0.171226451388568,0.132177105601844,0.188282629205097,0.162520886108646,0.133931404730683,0.140738906372016,0.153200625636742,0.155075159470718,0.10912030245337,0.139219989994984,0.203221232869885
"acrocephala",0.24175021500621,1,0.0937284473283242,0.320711088992514,0.144009053718581,0.173848733474594,0.29813701454011,0.214591607868062,0.198042959707139,0.128758899954489,0.165002536801122,0.172919174851476,0.139724946955171,0.305543044361659,0.174462027248588,0.166471614820816,0.218410888482429,0.118511642423237,0.253423063040902,0.2832042664978,0.227244569189134,0.233745287769782,0.334834065333272,0.258029960579516,0.366980360389725,0.13581745059892,0.197828782949212,0.141080447447403,0.216240213697568,0.195609639470224,0.198365939437332,0.125001826702402,0.235074672689276,0.0920948220489478,0.156934580137577,0.161633019845234,0.243147767031573,0.10190249077182,0.0666985654397056,0.174303346862377,0.221075326029947,0.20881383897875,0.0947230319108749,0.143121273154113,0.272953503139598,0.164335046648032,0.125714573519161,0.265566404521388,0.118482896726821,0.109950726010461,0.220476015238272,0.162181313712157,0.20468020050406,0.156480114490512,0.26476814750406,0.110914062165463,0.272298430393659,0.193796175115126,0.24372072390521,0.214485331105467,0.279800015536574,0.310878840193107,0.14740650438627,0.199362971252894,0.314900306307372,0.237406597075771,0.195910114906709,0.226188101517401,0.192322819427739,0.363036342443817,0.129697403142425,0.152527402779829,0.155724600836574,0.243937507326212,0.249847613660839,0.275200792700988,0.216055910708422,0.133531279695572,0.216898872398819,0.272374972410042,0.252648333807165,0.237052431861275,0.210579785055907,0.135959993843664,0.161886224623787,0.198430721387684,0.250851060442461,0.160271229456403,0.201547988995779,0.278503443033513,0.198636038125964,0.312940734983925,0.18644401219651,0.155621276244938,0.280673974327173,0.117012548479918,0.203752638760012,0.217888104527001
"acuminata",0.105996318343693,0.0937284473283242,1,0.222759378297388,0.272364875873536,0.104865582985482,0.107661716261571,0.118416746895664,0.122188979795423,0.119132088235844,0.108276745654749,0.0749615659457431,0.103118017309638,0.0996578918235554,0.169311009856094,0.13531629379412,0.158080130365007,0.20959387040179,0.0986080445185586,0.0815950258311961,0.144804049505853,0.0836712258119709,0.13265476486344,0.109666164887023,0.088339559171342,0.113935017391676,0.117615099008776,0.222762667025079,0.113975699775232,0.0881263523038957,0.0898578075199653,0.1193048479275,0.128682782150405,0.200202272907704,0.0807796865155304,0.11637060120742,0.0912136653785597,0.0753639839136782,0.186710536962831,0.170286273787487,0.10555965837475,0.159030499882254,0.262284161339622,0.366563997640292,0.096222791865296,0.153299898141014,0.102359803100183,0.0992743238381841,0.110980452262443,0.119709122207431,0.107471373276824,0.144893268548357,0.146013761642686,0.0869694714949033,0.0644913187709736,0.169647091356657,0.108445554367424,0.173709302025144,0.117695905232237,0.149507548519946,0.114350087479755,0.146603740320778,0.137062590707732,0.0965288457216972,0.0955747265977325,0.109929928837884,0.101337093160619,0.253971282033335,0.0824454331378242,0.158941930263768,0.121343082789788,0.130535125343591,0.21084606718183,0.0829882195677373,0.0990878851482227,0.101743023476111,0.096792037024077,0.124285897472772,0.120797835644135,0.106736250714311,0.133869709490126,0.107023667064563,0.0828714998421028,0.217654330298568,0.0722392016642785,0.104782790134563,0.130463052154332,0.223007210511323,0.079160668972913,0.101436859838248,0.0881141367559025,0.0742120559258233,0.0960664015664767,0.172089219802615,0.124939012846295,0.0882547134540264,0.0776965290629247,0.138493123788753
"alata",0.271473745118061,0.320711088992514,0.222759378297388,1,0.274076060310643,0.219011941602676,0.28769194896864,0.232579619132009,0.224541725642208,0.182767845377222,0.223823827881763,0.181266287942196,0.141529632811917,0.267049947929753,0.223690615855258,0.213711518411046,0.262105745586895,0.176350045439847,0.225215087834296,0.248910100989447,0.231811151884044,0.1664143864954,0.311655498019842,0.279864599153559,0.233509894757658,0.183245982545505,0.198434495510671,0.205379183190018,0.236422203063264,0.187304229827349,0.200389306034969,0.182705611568776,0.321130444746103,0.158408811060229,0.188830755968675,0.179200589668605,0.209981719228108,0.122384995592889,0.137344395465659,0.242345381455679,0.241337774974572,0.30270137496684,0.211157670056098,0.297125016328413,0.233097465498842,0.228104275876975,0.173296930961619,0.252737941516179,0.164499838610982,0.151879375339336,0.261445296497925,0.202850667098266,0.276316213379725,0.186806341401399,0.228602453909956,0.168804698859812,0.31088541761071,0.244638956570256,0.230798553931725,0.203781204137277,0.264862031982375,0.305738730568674,0.200485203565959,0.196623165095013,0.269256635265911,0.226319809555228,0.277639380659477,0.363602834947499,0.185464486250134,0.356518853854465,0.177447689272309,0.212524596734621,0.23083456103111,0.223938331567351,0.218595606863757,0.262723512554847,0.206983221494814,0.144770734984216,0.219551054621795,0.243702737386472,0.250864405522159,0.235150203698391,0.201131132517095,0.233125793121124,0.148518998240437,0.197230777459293,0.24600376345259,0.261171574783507,0.163550025662929,0.269422698222025,0.202176807861213,0.217995652629522,0.167977833003571,0.224347087087662,0.235366650828239,0.142373753571036,0.197429104979371,0.28718903572833
"alba",0.166008472774446,0.144009053718581,0.272364875873536,0.274076060310643,1,0.136262616285096,0.16277281022174,0.144355642660289,0.146950312560324,0.271727806810345,0.254274430919324,0.224536188084672,0.194908895004289,0.177275983275203,0.255168883403741,0.156737491552016,0.245515789333411,0.342609147679287,0.143062545867606,0.143391402128839,0.174149347713071,0.104417325506615,0.173248148010442,0.169860486186926,0.118231458674639,0.237482018932124,0.128692380232836,0.241628476179527,0.158439802580577,0.12073831597025,0.132479587625135,0.24835389818017,0.17214127255647,0.206256917467472,0.232805844175435,0.145700842162728,0.147025802316214,0.0996265356172226,0.196893205902903,0.312534540867825,0.252708617814952,0.208465658074441,0.312941808180591,0.378369193094882,0.151639510557935,0.174966059367347,0.252958404692146,0.148163353400664,0.245257156025136,0.26252062866837,0.163046632320942,0.135581608972842,0.228242484872095,0.1074406432403,0.114387342933092,0.195136423892905,0.151571226506931,0.201973657740586,0.249485891995263,0.138011573938135,0.140096580794127,0.29021538873207,0.193349546763811,0.124926835800915,0.153470592553556,0.184338162874418,0.154444033577772,0.310929221381452,0.116799581629241,0.240071545787023,0.238841679613898,0.191103471900178,0.320918544989647,0.132296929330078,0.132868697139225,0.156631047366878,0.104641942569978,0.105770135205081,0.156546057090063,0.175068441935414,0.149723407886219,0.171333679655294,0.12956459582181,0.312686862851085,0.0940647557727073,0.142084676858764,0.161727063959298,0.308783775608934,0.104263220236742,0.251064120374928,0.130038369942907,0.218321101368092,0.115574877442721,0.388083952317746,0.125401521301206,0.209690968330734,0.113343478804427,0.220763906477745
"aria",0.12376578555861,0.173848733474594,0.104865582985482,0.219011941602676,0.136262616285096,1,0.203797593058192,0.205357829353891,0.21030438935721,0.137910676486899,0.156982838775628,0.15552264556402,0.0987572299300391,0.211121454711094,0.190073086560911,0.16155424092698,0.21281374260729,0.126608253526634,0.214847358944837,0.223208070600822,0.214350050981715,0.131054012637116,0.229087836104645,0.218929313857418,0.173756523062655,0.141071151264893,0.178803553520081,0.132010091818834,0.225551849232816,0.177129573681606,0.204742067706377,0.11572036277213,0.205988673375102,0.0962079993709646,0.169910027371667,0.204687642735641,0.154572236909436,0.117953272693269,0.0839912794102468,0.156920278183209,0.150112111640182,0.230912220387162,0.0840953656395522,0.16448621829369,0.213246709363214,0.170801268402644,0.114909673737104,0.193767908449217,0.142495183330739,0.1179004533724,0.185657221128012,0.137125989147067,0.166202459809063,0.123313371369472,0.207067727864547,0.116185654752889,0.182147159095659,0.188209166511428,0.147178931132095,0.219450809005392,0.213530084523565,0.200633551895358,0.176428370999346,0.173970215278006,0.191951757614156,0.199579430051627,0.183126517285925,0.214008331025931,0.165097460728287,0.207665378072279,0.114410070908716,0.147044540462171,0.144768105328741,0.219493585525166,0.18431075315748,0.196313293162407,0.154493610646528,0.137829642077685,0.205602739587086,0.217140345625385,0.168504543995376,0.207001969310011,0.196387209996634,0.142889333288748,0.143273712977604,0.151361425555873,0.208200711862419,0.184848766067308,0.130195646276681,0.169024812109564,0.202357048301751,0.133791826280466,0.143505056958239,0.142848753495945,0.210296361089074,0.0912401640820355,0.180492923115397,0.176717052516955
"auristellae",0.220128992755559,0.29813701454011,0.107661716261571,0.28769194896864,0.16277281022174,0.203797593058192,1,0.330039193287348,0.237707936581876,0.158047257854039,0.186851595344295,0.242080637318155,0.116164603344444,0.433544167469305,0.213985701208408,0.200752768478895,0.284291351795215,0.137798580152284,0.324967293955654,0.26218439899294,0.261399170709532,0.159864592203166,0.377495710774316,0.272362742325631,0.25132654671444,0.154158073445244,0.230486024862386,0.209169895700505,0.30462040573308,0.31387031487787,0.265438098626867,0.164663046503753,0.287397249600414,0.0979774709696496,0.22844671791388,0.205079585893257,0.215851806018005,0.136856929704933,0.0988761665191699,0.276580397341266,0.191910469725496,0.251789512737169,0.113300942263573,0.200988184580577,0.391965688660578,0.197751857889278,0.161354117168849,0.364919480904434,0.164185941394084,0.169794680292026,0.257584850929975,0.187949281864831,0.228415115066033,0.196152622770727,0.378348697109299,0.141457580968506,0.233329281081591,0.224997633005003,0.268817178360798,0.200424663013092,0.326236521258399,0.322421701757174,0.185243592988935,0.225594153025947,0.438361155547442,0.276720156890895,0.233361743657673,0.257390185192008,0.283695156965115,0.302569382485299,0.137795194340438,0.241627087653293,0.187167952805437,0.34003557873315,0.361155860521534,0.311589705186081,0.248898286479896,0.160795719559474,0.260163597715127,0.393526282495629,0.199931103356441,0.379453273986351,0.218151456002344,0.167193976960899,0.176912081714451,0.215502691564123,0.280429729004702,0.258532174906922,0.176648473667999,0.357508200239979,0.283019296425943,0.225151827232727,0.189185103842998,0.240661404314052,0.386523792725062,0.148164676726298,0.228496622566201,0.258310285086767
"bourgonii",0.173139725307938,0.214591607868062,0.118416746895664,0.232579619132009,0.144355642660289,0.205357829353891,0.330039193287348,1,0.232815636064977,0.147792482772109,0.142906801578634,0.176565128961891,0.139642228947111,0.274895489897825,0.200008153838763,0.164624074827738,0.325061359126332,0.144385538212697,0.194349061850078,0.172580210156237,0.260101400141295,0.159476332208278,0.27591995443169,0.219915362610381,0.204909043101659,0.133953804840167,0.170556411455894,0.188896749567368,0.235577288622777,0.285783364148078,0.212710206684733,0.137826847142819,0.235152987227846,0.0933057618509159,0.192751264228779,0.178734698517267,0.188912587230076,0.200142726728322,0.0828806175281228,0.253355371849301,0.151981027390854,0.222725122564195,0.0919285892265827,0.166143943904939,0.26879208823075,0.181954396813891,0.119944811803693,0.252728605125796,0.146079055199127,0.125504095163257,0.231233904345594,0.155559460341388,0.195395722195513,0.185047146774551,0.236961898150086,0.125941856653513,0.176045371998595,0.179475554942446,0.145056113953538,0.229110954492024,0.24125013091733,0.221859939041562,0.183526086078487,0.197952339968002,0.273660451333932,0.21545738897436,0.210789774798785,0.208656357902352,0.207605492490267,0.269435318424398,0.142733347122694,0.178593513406477,0.141764381626244,0.203843848583613,0.332332848610863,0.209048074528041,0.198641745005336,0.140826638841173,0.213325732969192,0.249328569724936,0.165412367921728,0.34916640610482,0.205121895194097,0.16297764076764,0.148708524490557,0.18990264369585,0.274530232210263,0.222783941716784,0.151427575265882,0.283704009896634,0.199577892789483,0.225691795755923,0.175782424932013,0.172306641411643,0.256926080025194,0.106149587627403,0.217820049844612,0.248272695784196
"brachyrhachis.aff",0.175174424837775,0.198042959707139,0.122188979795423,0.224541725642208,0.146950312560324,0.21030438935721,0.237707936581876,0.232815636064977,1,0.143987568882971,0.162323294882314,0.168208989146913,0.134226151792253,0.203721658999711,0.21341924229385,0.201977492803408,0.203704210214325,0.139746516287994,0.180239490757068,0.19209347278887,0.217621392693206,0.142058124846571,0.243165632132918,0.258010536814001,0.213276255657371,0.166028882727399,0.161726756486865,0.130548651672969,0.214172964707187,0.191614655178815,0.22357738234416,0.126139823714845,0.259374168241675,0.103807723045325,0.162368881717702,0.217272400383889,0.145533877277513,0.116129675943183,0.0999391598469831,0.165247902139387,0.141103248168255,0.22419089005474,0.0956999497994901,0.164402781469547,0.176766385931801,0.162144470316267,0.12300686657337,0.23346349282461,0.137896365165388,0.153426742071172,0.191993770430831,0.156678277851512,0.249407322665653,0.211329279014546,0.174445355530757,0.123347032537464,0.194507860115301,0.216549261107112,0.142852220508596,0.225626154178266,0.203469781864117,0.214386153823102,0.172282470593546,0.192093217726797,0.214326416761486,0.212540300756004,0.201836433000479,0.232656646886105,0.187715456369253,0.240465564769667,0.135467948725293,0.174136431433792,0.13791043873897,0.21047035474663,0.214478319911012,0.212277024434155,0.159684602257779,0.144286812403182,0.205570158969696,0.204586951070255,0.19231102781841,0.2257565357756,0.195991110301478,0.135968967447584,0.118086944975402,0.173889740066206,0.239960517140177,0.168210962726982,0.144197413669986,0.233037160717923,0.168432282198319,0.180199808487591,0.165335212196866,0.147814560239396,0.180256470604838,0.100347684273661,0.144031437912595,0.218163506887881
"brachystachys",0.171286953180256,0.128758899954489,0.119132088235844,0.182767845377222,0.271727806810345,0.137910676486899,0.158047257854039,0.147792482772109,0.143987568882971,1,0.341346459526509,0.260256425318218,0.180239662227623,0.137011175206871,0.156414120175396,0.14719515426402,0.173099187794169,0.138765971284177,0.118569151585751,0.119008588444049,0.183478329645658,0.08372521093543,0.167077202786435,0.159810703714092,0.0972491216478173,0.279534918231648,0.120323938802688,0.164070658310424,0.16929171430305,0.116134280455123,0.130424416367622,0.394638403893325,0.155939061534801,0.11296177959719,0.302060812940182,0.153788306864444,0.115772346782418,0.0868457567044981,0.113496696102033,0.17887782604953,0.351400926739672,0.208109725503658,0.138026409910803,0.161204357178079,0.134574877529863,0.149505427637804,0.343282433501628,0.144919672083829,0.276634672345938,0.262465218122447,0.131780578681212,0.156410950253965,0.16152308579216,0.103487507732025,0.0960655751901672,0.159934214125142,0.127651331711077,0.158722275563051,0.257661991340332,0.116732236769065,0.131889603915503,0.142554479110037,0.119121585311971,0.113972487847837,0.139519923747749,0.153828020975322,0.153099285329203,0.191593287542002,0.116545931814897,0.170370517293892,0.315121054941893,0.174720047039395,0.19339971454891,0.132387399122036,0.116881722802127,0.132230196032488,0.113701726610483,0.107661309742882,0.156038460384164,0.161059132339906,0.124156444225115,0.168535266139073,0.127651082395323,0.143804088448198,0.108703984675459,0.146630627817015,0.154244138926965,0.168507788017559,0.0916133150779339,0.252178635325241,0.160695358249997,0.263171105134984,0.100427397299625,0.150969405918893,0.123385423838341,0.346006738125241,0.103372353585918,0.165589273088397
"brachystachys.aff",0.18226080580635,0.165002536801122,0.108276745654749,0.223823827881763,0.254274430919324,0.156982838775628,0.186851595344295,0.142906801578634,0.162323294882314,0.341346459526509,1,0.288609547325258,0.202279180246185,0.174275555853751,0.15743244248364,0.156787055169788,0.163717874229984,0.131196140386337,0.183636488469115,0.178725110483373,0.19060716551728,0.131565509423841,0.183445355415215,0.180936221873158,0.155152467090977,0.280994168176469,0.138814355345345,0.135088565275962,0.168874776244865,0.139812832963506,0.147052132472637,0.341919300542766,0.193799163355347,0.088803325839011,0.336881609053916,0.173329089764296,0.151829909690773,0.0767356904758925,0.0764365791799708,0.139330124167458,0.342189526619727,0.210484244624469,0.0962636243289953,0.15485544091231,0.139436146254497,0.136986158194215,0.3398800502981,0.178244363691212,0.261143524861727,0.276192568099319,0.170613952195261,0.150057149052224,0.168647240830505,0.12857186163736,0.146889652845045,0.137534118812603,0.158323983881384,0.172679775784768,0.283810686636641,0.148652108528557,0.154846200706708,0.209204147799427,0.128605228002824,0.142296658414291,0.163008674019577,0.161986601603299,0.161019614901349,0.21378855344899,0.136833025579523,0.186852263745768,0.341225823952554,0.154423468560726,0.144941883703566,0.182746083453024,0.162049210620664,0.152224111373894,0.150856285113695,0.118812257250395,0.173629424289468,0.203505018037268,0.147772455147538,0.190398476915555,0.147563299464592,0.124173757005557,0.111340128639401,0.168892622655726,0.149755704893082,0.158961282323197,0.114151883529005,0.296398899721367,0.127715261907691,0.311990957721307,0.142435182557662,0.153645034375783,0.148992101409875,0.306524768234739,0.134542185690471,0.178591988183976
"brevialata",0.129711635879939,0.172919174851476,0.0749615659457431,0.181266287942196,0.224536188084672,0.15552264556402,0.242080637318155,0.176565128961891,0.168208989146913,0.260256425318218,0.288609547325258,1,0.196185066849562,0.235291483364311,0.150171588405732,0.134457313052107,0.189966277326846,0.0922186511065907,0.260985122402253,0.17503833583385,0.182478944392925,0.145988729479354,0.237130592949119,0.166388440589908,0.171707759860072,0.257110994074905,0.148001859468938,0.120191143044587,0.202512849158674,0.168126305976076,0.159566877180541,0.269957685447769,0.189071161207925,0.0713388782206748,0.305781332520552,0.133404039337115,0.145510124128781,0.0815297578876523,0.0575728305447385,0.161333645834324,0.27042491324065,0.178115773843661,0.0773023839716946,0.11241147623469,0.198931765065303,0.125638181987329,0.250523194582786,0.240839064996858,0.245156355997021,0.260741190802588,0.174922872259486,0.123118037785027,0.193720844926837,0.110707564559523,0.2800210870359,0.100368784507122,0.15994171369209,0.181912096153598,0.28493448433869,0.152947425484995,0.339431738366081,0.226838421852466,0.141156992620854,0.137748787545947,0.206364873488368,0.183833839526588,0.158109253448933,0.20205772619591,0.160505519091781,0.184841765499336,0.259895247293263,0.139892135577972,0.129290831097135,0.294128610421608,0.211074067836464,0.182165460182168,0.168557755699668,0.120942428807792,0.166654359105237,0.361118738512679,0.154328821369926,0.224539703002442,0.18743278594537,0.109322164233328,0.11302406243136,0.139568367121026,0.169259780872705,0.164454130302374,0.107673310581511,0.358270156425157,0.16007160144968,0.313987456162214,0.128006722549629,0.161118885752671,0.275706905073859,0.236121645076976,0.136898631933004,0.156639048055102
"brevipes",0.105500499758777,0.139724946955171,0.103118017309638,0.141529632811917,0.194908895004289,0.0987572299300391,0.116164603344444,0.139642228947111,0.134226151792253,0.180239662227623,0.202279180246185,0.196185066849562,1,0.117072179115914,0.110937920175675,0.111905047899847,0.120069102666775,0.0941836115017309,0.109566156241488,0.12339255371763,0.117510259229929,0.0877387623416022,0.136030323439678,0.129903090922734,0.131646512958043,0.213078107536995,0.100500462094661,0.0788139530142329,0.133768543277184,0.138464699115605,0.113786530582923,0.177874618910042,0.149224155097428,0.0741737995417651,0.182391989532992,0.116593298564878,0.208300493551729,0.0612498879442112,0.0528741462811576,0.121391543300355,0.199504471363676,0.120961040995743,0.069164302577311,0.1073215059076,0.115689218216739,0.0919104634018627,0.184023680493806,0.124519944447023,0.182279094911805,0.179662373811673,0.111458986597328,0.153638231075222,0.138597341338262,0.10856276309861,0.0932897423081296,0.0973445295424396,0.20987002503603,0.138423972769882,0.219996872800481,0.206178131576067,0.110763753263968,0.191779229157975,0.115316730802529,0.199993392842836,0.181155193422666,0.147345116097395,0.11217184857687,0.172249945200327,0.0996354127924692,0.153782076867545,0.223271969158703,0.124949639456576,0.133892763442204,0.12556132392125,0.132978409370039,0.126137944816563,0.128762488174452,0.107974519929107,0.114163113885635,0.107428163678519,0.138106492178663,0.130618998399442,0.115770371489281,0.0804525581245823,0.0983037574177754,0.137587461557199,0.143961878729247,0.105848356336741,0.111421275416697,0.205942756139313,0.0979841336430418,0.218046050066015,0.157608772851216,0.0954169231605409,0.109393460566451,0.159978730242401,0.0886843193502454,0.137256175547278
"capitata12",0.190646054488057,0.305543044361659,0.0996578918235554,0.267049947929753,0.177275983275203,0.211121454711094,0.433544167469305,0.274895489897825,0.203721658999711,0.137011175206871,0.174275555853751,0.235291483364311,0.117072179115914,1,0.208089316453096,0.172170857210943,0.293185792914877,0.122702959873831,0.306473838275999,0.257413274693474,0.246297366860856,0.154447008927299,0.380636327361139,0.351194583330399,0.252591632740227,0.141129030337124,0.233201308971032,0.188896598572008,0.27503588730483,0.302238743392687,0.233302132874455,0.162821106255909,0.293029060135815,0.0890910294251236,0.20212154634863,0.185792896761223,0.23088552805682,0.101565410149666,0.0882077064029806,0.328051177560146,0.165191192669008,0.230259776475091,0.117923745245559,0.175880416946604,0.374563169346072,0.18374852114289,0.139401596435632,0.333326264556959,0.156641328672924,0.144288954552477,0.263589207401935,0.176204448694405,0.217977246134263,0.158099637443854,0.379971497663798,0.111339979715708,0.265884778281772,0.212352234758663,0.208722851658772,0.192537520284029,0.334721036121721,0.304099667147635,0.154109713081153,0.203624542497787,0.365018469646409,0.259655007716875,0.20065580830659,0.231009642422203,0.255675500972526,0.291650894601876,0.138459526100298,0.225423384556061,0.170744751424434,0.307264843689042,0.356335383537378,0.346966189083421,0.249396064153146,0.133153548487555,0.300313927020535,0.372607837786035,0.202124411591691,0.365761677714168,0.304468974205634,0.157789744315914,0.178674351837774,0.191976852713555,0.313917217183588,0.213030196573344,0.182519844682698,0.353461810005665,0.304402081736793,0.240305784040344,0.175219284576255,0.198893964530571,0.381868951421459,0.117886298812629,0.225850699465522,0.258867719933474
"capitata33",0.187525750840754,0.174462027248588,0.169311009856094,0.223690615855258,0.255168883403741,0.190073086560911,0.213985701208408,0.200008153838763,0.21341924229385,0.156414120175396,0.15743244248364,0.150171588405732,0.110937920175675,0.208089316453096,1,0.208204252585282,0.22937956805764,0.152114441519768,0.174143947799147,0.153001958605997,0.268747262295065,0.126879099627448,0.220960074516085,0.206200104611146,0.158407064914115,0.144927404349801,0.174175658753687,0.17170940758224,0.250881656969756,0.148664678970159,0.188811483332085,0.164642566375273,0.221734695104946,0.138019819272654,0.150383978903394,0.218021421770878,0.156783664667558,0.150748691243011,0.149551452409556,0.19333633177282,0.173661402192783,0.232921212092058,0.132428289185366,0.259379955838616,0.200127108216453,0.194613713710268,0.13035491279309,0.212290873112152,0.164467195139974,0.172488627476745,0.192192773531418,0.145512245243024,0.225942649298506,0.166016925971631,0.138041497378968,0.138882759705055,0.161260396386305,0.21817763392742,0.155708618186222,0.177065222762482,0.183973606618103,0.218855093045924,0.231518541648528,0.163687324915973,0.246578422690491,0.208284403031961,0.162472177680269,0.237959373824506,0.17262702951969,0.24724325272723,0.14753704340552,0.192331246143808,0.184944655821054,0.180648692356209,0.182144679419179,0.215989906143258,0.164332605513993,0.136492463167483,0.216636703547219,0.22533350581341,0.167807245317313,0.203469119307995,0.171545391045194,0.17933727959726,0.142897203470431,0.15644160511147,0.226619375237141,0.221440834570162,0.131387008922222,0.180934423697757,0.18497244752913,0.214130681148666,0.15133684621817,0.156247204370755,0.177599131710122,0.117450691464606,0.157455342230842,0.204857146572113
"capitata35",0.172038037485043,0.166471614820816,0.13531629379412,0.213711518411046,0.156737491552016,0.16155424092698,0.200752768478895,0.164624074827738,0.201977492803408,0.14719515426402,0.156787055169788,0.134457313052107,0.111905047899847,0.172170857210943,0.208204252585282,1,0.184078967179543,0.153967739828271,0.148858963764092,0.164823517347188,0.194024819860132,0.137710483053011,0.202362453280755,0.190510550340939,0.154231941928031,0.143577132139962,0.13581891054362,0.126663160009849,0.206167628831078,0.129667960346346,0.155371257936192,0.129020259725205,0.206181316330537,0.099485239496095,0.130338694498833,0.190441527301085,0.148188210598808,0.197792258932928,0.0830319642266872,0.156713915712385,0.152128521852704,0.270738270088972,0.144754980299851,0.171015784986658,0.160410024216699,0.176725540253211,0.146340398988479,0.16695905180054,0.153755377958248,0.146506500783946,0.183141679765217,0.138543920424512,0.209309935826001,0.151881918609343,0.135657285776647,0.171604401793668,0.150108666337806,0.231309219966443,0.155623303530667,0.159382993698101,0.167422270335946,0.190338758794595,0.175569841761153,0.161370070385484,0.216042701535909,0.179165841888495,0.207093136437269,0.193485580210993,0.162890824237238,0.20597173998268,0.134819971340778,0.194751511668667,0.143620541946352,0.156503917974676,0.168610231554829,0.165156433961067,0.130638453156717,0.156155333282056,0.171983161537741,0.179676606120341,0.166835725293091,0.168886918144949,0.137644768802817,0.154410124730282,0.129203203368027,0.178022443373959,0.178926225475965,0.164781206375651,0.108530317532137,0.177065684067042,0.12645622037874,0.131608923656077,0.183337528261674,0.134751545484668,0.140539949726062,0.138217474462042,0.147825490225752,0.197796548104995
"cayennensis",0.162651739832734,0.218410888482429,0.158080130365007,0.262105745586895,0.245515789333411,0.21281374260729,0.284291351795215,0.325061359126332,0.203704210214325,0.173099187794169,0.163717874229984,0.189966277326846,0.120069102666775,0.293185792914877,0.22937956805764,0.184078967179543,1,0.151235487906416,0.194719652860596,0.213669125151821,0.197166760795653,0.143552863695319,0.259333134536754,0.211979007004537,0.187943546009011,0.162256828980308,0.187449896348439,0.216549413119706,0.228487624504275,0.283322533496326,0.188237616464806,0.160249856464164,0.305404715202951,0.166095481535203,0.169268551048961,0.177042252158871,0.181094461546444,0.140585709410855,0.154546287075611,0.311902226412368,0.134921503587692,0.305282821447374,0.14637976658062,0.335545428421513,0.292014753269662,0.189855237361908,0.13033270109609,0.267643592288791,0.177276006395687,0.141438721490601,0.262129631059904,0.156097314612284,0.217938688159201,0.139647099922175,0.258933936228711,0.188307680138218,0.168885374451886,0.276746888259701,0.161638359255869,0.212383347291375,0.22354786629194,0.25570855898407,0.273218390471653,0.169362735358047,0.289391395885011,0.225092202808761,0.279145027319487,0.2768269250004,0.229011321431594,0.318976382443262,0.13999559685922,0.258997838665996,0.198167696337018,0.233239697585595,0.267246131895025,0.192152540442935,0.196242991313337,0.143877195563548,0.19289354552679,0.271459899142787,0.198702472655111,0.305799154546979,0.268749928912653,0.304971429357771,0.135667689468948,0.194791381937835,0.248844386877335,0.392205086268378,0.12961030972649,0.265606583094232,0.206130549224656,0.176526067108617,0.166789245152874,0.187489901808324,0.223529168578541,0.11297155202103,0.209057719668372,0.25104101772114
"chartacea",0.15414154307616,0.118511642423237,0.20959387040179,0.176350045439847,0.342609147679287,0.126608253526634,0.137798580152284,0.144385538212697,0.139746516287994,0.138765971284177,0.131196140386337,0.0922186511065907,0.0941836115017309,0.122702959873831,0.152114441519768,0.153967739828271,0.151235487906416,1,0.119789024942163,0.104541866103239,0.156968279998595,0.0971652529251678,0.143501059789196,0.132827913170875,0.104109469992281,0.126413142295024,0.103788870706061,0.186920151060584,0.138375228216547,0.114646091472997,0.141657310768489,0.111031423062504,0.175028419822201,0.155088074576865,0.0918065135812162,0.12941280967321,0.0988316412511673,0.0885375222514989,0.138484599134073,0.205452327669981,0.147633070604918,0.181711747719172,0.238847897306258,0.265959136119962,0.133802535325192,0.146279105339927,0.129488663012356,0.119843097470892,0.13989950255276,0.135495539705978,0.131669426077336,0.168067087201071,0.189370215244333,0.105249229299355,0.0939656996309022,0.238215705331384,0.148638476357621,0.156547935740964,0.120223861801165,0.158275905866177,0.138481918177939,0.268006255766375,0.129033501249593,0.117926890597336,0.128009568022662,0.152597692020642,0.145444904227226,0.205183737783676,0.122780271932002,0.180746072677585,0.162357466155875,0.159930503694629,0.17643570619067,0.0991588736813959,0.11026689682365,0.132915506175703,0.0916004073278815,0.0977059082844133,0.153087047221422,0.148784842357123,0.145412338400437,0.141530312544301,0.110925377694202,0.167133565591396,0.082912207804343,0.119864680256841,0.156001204294032,0.199196635943395,0.0873436608749797,0.115799003844298,0.0991913173263235,0.094750563807336,0.103846178617106,0.401965430844981,0.110076193604993,0.102591904972437,0.0985913970576379,0.190539273332859
"cinnamomea",0.154746177927193,0.253423063040902,0.0986080445185586,0.225215087834296,0.143062545867606,0.214847358944837,0.324967293955654,0.194349061850078,0.180239490757068,0.118569151585751,0.183636488469115,0.260985122402253,0.109566156241488,0.306473838275999,0.174143947799147,0.148858963764092,0.194719652860596,0.119789024942163,1,0.356481999689112,0.210777924566969,0.128907564303153,0.287932056853221,0.285999024108535,0.235630457910114,0.148571530064219,0.182741872137241,0.150448070373337,0.260583767806915,0.213476116802357,0.18740412068237,0.136164622737868,0.215418730449892,0.0766192601808522,0.206522530606874,0.185436359510055,0.219998085730016,0.0867063713048161,0.080219844078618,0.168275597811657,0.153476931933485,0.199849170101046,0.0972884172695237,0.156042925221344,0.266612731650174,0.166461843730822,0.15649795318471,0.281490589045994,0.129205284833886,0.144971356014746,0.19326347241035,0.155563922857241,0.190197837436145,0.13475512010773,0.310450654778635,0.0944174849218082,0.203467193664362,0.206385946755344,0.215261963419015,0.211629368957475,0.331206532753687,0.324875033360728,0.148424823347587,0.188572966569397,0.267586269293959,0.341487229359078,0.18546501410903,0.23479019599043,0.192363426025519,0.233985303021686,0.129249502374299,0.158667298550152,0.171045234878431,0.426150117567411,0.27169418091866,0.271177563515424,0.196474349068792,0.113806569729786,0.207843022022417,0.370375298347173,0.194859013658456,0.227976758002919,0.24159328242047,0.12730942655767,0.183233943828674,0.179373929689219,0.206944359370976,0.169364087050399,0.165762857937744,0.247047974330152,0.237422616806136,0.186847849657291,0.184075253792613,0.20503787803453,0.317589056814039,0.0973917396310445,0.245677551015958,0.229963239765936
"cocleensis",0.158062922718651,0.2832042664978,0.0815950258311961,0.248910100989447,0.143391402128839,0.223208070600822,0.26218439899294,0.172580210156237,0.19209347278887,0.119008588444049,0.178725110483373,0.17503833583385,0.12339255371763,0.257413274693474,0.153001958605997,0.164823517347188,0.213669125151821,0.104541866103239,0.356481999689112,1,0.224660049178672,0.175656054310751,0.308682999504179,0.336970472735229,0.291082041417149,0.130622845726297,0.181639945775348,0.119380331444915,0.233855535768065,0.188044670247569,0.218457426334305,0.121792719068457,0.224624292368496,0.0883915907002164,0.149535727095426,0.157470880184937,0.233482787877301,0.0977122066962164,0.0609741829880496,0.145377427289463,0.131639160060147,0.210949867158156,0.0838991622571937,0.160019012312211,0.229389945808498,0.14377084500576,0.204764348201716,0.23589569097184,0.119957069560568,0.119300519298762,0.229334814989861,0.143735537257623,0.179550998579506,0.130955798097718,0.279159680525205,0.106139845589383,0.163463093909582,0.200129867839612,0.155640127462768,0.214745237968722,0.22785746096434,0.280223710337687,0.154511232338459,0.194867638289516,0.231922528211376,0.293366625712245,0.194081980290233,0.205392542162688,0.223460916432743,0.249795549720001,0.121033524622967,0.135955170640534,0.124309952909482,0.307434713355889,0.219478938121188,0.234372065469217,0.168405428700901,0.115884485143228,0.178126524482468,0.239391781278555,0.20930405189574,0.197342378737769,0.253176131034342,0.138273151848575,0.153358393278497,0.223869653896858,0.192060111320289,0.148186479984398,0.17653043871202,0.244361332824533,0.162922798601155,0.222480312476208,0.197025207127588,0.148018533618232,0.25632884955817,0.0834287274405453,0.27397219761684,0.26655376992448
"cordatoalata",0.203068789603247,0.227244569189134,0.144804049505853,0.231811151884044,0.174149347713071,0.214350050981715,0.261399170709532,0.260101400141295,0.217621392693206,0.183478329645658,0.19060716551728,0.182478944392925,0.117510259229929,0.246297366860856,0.268747262295065,0.194024819860132,0.197166760795653,0.156968279998595,0.210777924566969,0.224660049178672,1,0.14551396788513,0.307875496236554,0.289367641045661,0.184540282633079,0.150599326843767,0.20211613510648,0.169377134606409,0.236062270108139,0.201473592855498,0.196852137264228,0.19175130796973,0.247398386074002,0.0970385757318515,0.193936146717926,0.205673106302182,0.200140088110731,0.126806767332209,0.0931483119955914,0.188769859180477,0.160169170811438,0.260535095887972,0.100016258464127,0.174959041347618,0.223881490089747,0.187010387196589,0.139404951114653,0.291347009588628,0.230106556996107,0.137829023101765,0.200296221745484,0.153624159201222,0.207177332209868,0.155795203099058,0.201864645630169,0.13398333744956,0.172729059676914,0.189108356064671,0.14808851429421,0.211860789672336,0.242704938547627,0.23963825518989,0.189405169763195,0.181162062270592,0.241793874355004,0.257546271380849,0.217923121099458,0.234326218202943,0.2051720663503,0.235979587399276,0.162685335065183,0.180608466287865,0.173795956430876,0.219905269195034,0.214204920551282,0.231346626098305,0.192357195001741,0.15767650306538,0.252584517848481,0.26134248767252,0.174388729631551,0.266704427974517,0.191961649953217,0.166584589554349,0.155340603302069,0.188239878994315,0.263847691606683,0.16946518742429,0.150566192119868,0.221674280395651,0.198692971294483,0.177349410245462,0.15553903435233,0.163629360720695,0.224004954256911,0.126835249675022,0.191821779109862,0.210253305207127
"coruscans",0.12072664374621,0.233745287769782,0.0836712258119709,0.1664143864954,0.104417325506615,0.131054012637116,0.159864592203166,0.159476332208278,0.142058124846571,0.08372521093543,0.131565509423841,0.145988729479354,0.0877387623416022,0.154447008927299,0.126879099627448,0.137710483053011,0.143552863695319,0.0971652529251678,0.128907564303153,0.175656054310751,0.14551396788513,1,0.191300637703281,0.169336449722894,0.220947329030234,0.104010620057917,0.138266997974444,0.0926959054389681,0.137556973590978,0.129074448711598,0.134216142560453,0.0881475938454738,0.15663920141953,0.0778764502060037,0.106372494096858,0.111881953070249,0.160453828980124,0.099208920179646,0.053748333357195,0.0978821717813403,0.110341150983745,0.146847504285432,0.0702078137326319,0.102000593315338,0.149840769139114,0.0980476742405914,0.0988146232661528,0.13698635454503,0.112111272182118,0.0969145283201827,0.138405729701647,0.093792247435447,0.139101403371954,0.111567015626878,0.144382646115645,0.0919794228552757,0.123963161214422,0.141418301809671,0.092301224876223,0.157049148995191,0.153023719688297,0.161323616660901,0.144003285244281,0.148023084924472,0.150227863717603,0.17367749354996,0.132887006067634,0.136555121917116,0.14257405602155,0.2089600525569,0.090390018434206,0.111116848508527,0.0986300117913419,0.14286693944215,0.159473822574628,0.221033380565111,0.198386793735062,0.148676971183571,0.131857605994377,0.136057230618993,0.172749893402398,0.152013681768068,0.171743193547682,0.10213551387079,0.102219707147679,0.12075328054171,0.134800260285158,0.10332307686453,0.143396996848263,0.157419924975971,0.11652359370438,0.177634888441902,0.123848029650146,0.0849817837783649,0.133539486500715,0.0823176567969559,0.148774015472644,0.127650723888059
