"","acreana","acrocephala","acuminata","alata","alba","aria","auristellae","bourgonii","brachyrhachis.aff","brachystachys","brachystachys.aff","brevialata","brevipes","capitata12","capitata33","capitata35","cayennensis","chartacea","cinnamomea","cocleensis","cordatoalata","coruscans","cylindrica","edulis","fastuosa","flagelliformis","fosteriana","glomeriflora","goldmanii","gracilifolia","grandiflora","heterophylla","huberi","ingoides","jenmanii","kursarii","LA17","LA41","LA48","lateriflora","laurina","leiocalycina","leiocalycina.aff","lomatophylla","longiflora","longipedunculata","loubryana","M18","M25","M27","M30","M71","marginata","melinonis","microcoma","multinervis","nobilis","nouragensis","obidensis","oerstediana","paraensis","pezizifera","pezizifera.aff","pitmanii","poeppigiana","punctata","retinocarpa","rubiginosa","ruiziana","sapindoides","sertulifera","setosa","spectabilis","splendens","stipularis","striata","suaveolens","subcapitata","T18","T21","T29","T50","T51","T82","T85","tenuistipula","thibaudiana","tomentosa","ulei","umbellifera","umbellifera.aff","umbratica","velutina","venusta","vera","virgultosa","vismiifolia","Zygia.mediana"
"acreana",1,0.174813506747682,0.0957995508837933,0.176939584712101,0.16527434714885,0.111064762468245,0.265925596316223,0.132840950001467,0.168499885431887,0.0917827250096141,0.109535905592833,0.117954116307656,0.179038946595761,0.163555120913611,0.255622886276791,0.158964866094046,0.185082916799253,0.325283389011391,0.129621366317975,0.142572809817867,0.261546122401264,0.206439498895206,0.170299213944969,0.252084190666484,0.146413742254995,0.0993358014416364,0.307371788650773,0.184231441441218,0.14686310438553,0.143053369613819,0.232369235603456,0.124617877444952,0.26874978686236,0.184942656936571,0.298294961647416,0.347924708211074,0.101370251134665,0.11482604486166,0.298877116827805,0.105570120696764,0.14037579134659,0.19503602889776,0.110020182154869,0.121121501128045,0.15041016749875,0.165520499473214,0.162151925681099,0.134327794199247,0.135714844730016,0.21338659325392,0.14333316467624,0.131353572592758,0.145831200492635,0.318689617882686,0.109458341289149,0.132570757257579,0.176363026632991,0.149807377916683,0.138622313399612,0.233993816826856,0.200521327690378,0.349973721073768,0.211311780957498,0.168556550506762,0.18341729798001,0.345079193485715,0.148570955397522,0.332661143890299,0.118778241798172,0.229828488838769,0.110945659592166,0.165628572548996,0.179339882001287,0.106864429204859,0.123338629985551,0.161139310030044,0.282999344672456,0.147934151919219,0.253156294579824,0.113474448254178,0.129111288114528,0.135291555547663,0.101321292807262,0.149296666927787,0.116828265950295,0.323098826456152,0.144637225553128,0.129469024833584,0.0842602085888325,0.156168147720902,0.120259791937843,0.115393744201416,0.115583278478287,0.144562053345912,0.11819982672408,0.142635315339963,0.101651246330535,0.380369590212698
"acrocephala",0.174813506747682,1,0.141400095544072,0.226577848830765,0.224585865262315,0.148408303796153,0.194195385459905,0.169781294996724,0.203787659976632,0.135695206766176,0.133167548076926,0.113897316811484,0.135320052670213,0.189208268914238,0.206822229535043,0.195716876065765,0.237187927631254,0.263937997230678,0.18922364347217,0.17046761905577,0.182193647693099,0.191553972165303,0.262333472618295,0.222354689733272,0.168834857668264,0.144448198688886,0.139825007609543,0.161718022287363,0.155331225971824,0.104946819341856,0.175409273604398,0.11324110458205,0.2196565878541,0.199036541589708,0.101059705189924,0.102632166269536,0.184894686570117,0.170345633836989,0.204056349369251,0.162754512561695,0.189141741106879,0.223926609376104,0.176944731693853,0.173024045353232,0.240667471597384,0.0853777813029268,0.137847014403187,0.223971507429752,0.217922085955196,0.151742381639835,0.22675190338041,0.202394485834221,0.191029811401399,0.219578053885219,0.132899129436763,0.231562897555752,0.196883206165441,0.157573442829274,0.0894773802095676,0.193086903517405,0.111115850709543,0.246354611215064,0.220561810880525,0.171955974468439,0.181352698571878,0.183097433759117,0.203515132691846,0.207327854754766,0.175443513189247,0.228928361880481,0.147018390215319,0.188263970176425,0.226590760298404,0.144423804229765,0.16571409910354,0.208059746385849,0.13017690557021,0.198786841151936,0.16654394481469,0.175552934778443,0.194970869987112,0.199656242607545,0.145517250877745,0.14957543008589,0.132315454907705,0.0773212598897695,0.230932660662021,0.205100546319592,0.102091047114077,0.205409453876117,0.251807186974411,0.119121199951169,0.15910005260695,0.168534685686599,0.144319762528144,0.16581223293441,0.118108188985232,0.221557833529828
"acuminata",0.0957995508837933,0.141400095544072,1,0.126543711779482,0.135012986794078,0.100435276740542,0.131962030426125,0.110963940324333,0.128392179910832,0.0888504598902033,0.147365095306429,0.0752041749627247,0.0823441943470688,0.132512320016174,0.127205028861497,0.123570921939425,0.124296905810898,0.123064421834904,0.119462821232955,0.128911241123074,0.113423230021014,0.116930135740509,0.122522708208906,0.11453575512867,0.0880390398315173,0.0901663061446902,0.0866723506377729,0.108362454841011,0.0795281661806582,0.0830395866935532,0.103628664909959,0.0723901251838871,0.118906079842976,0.0969921039745024,0.0715828889549913,0.105371710874342,0.127369013107845,0.239160104457169,0.083708871446782,0.0962905909076286,0.0855719938212255,0.112840196001923,0.0770839750894556,0.1201783158667,0.122612638135555,0.0686219517735597,0.0833313043440493,0.136528650684361,0.104481506254232,0.123931137305032,0.0935136944656067,0.0927779850945473,0.12366939498819,0.0983604520017795,0.0613592074384419,0.165114483438731,0.108926613100537,0.0818118051090869,0.0576759456253857,0.138496085189827,0.0669014247688723,0.124345693381289,0.130473676201348,0.101724046653561,0.108181853639123,0.103257287522493,0.119548662496503,0.123602251891855,0.100445011426007,0.111105937384693,0.212992251970317,0.121909551833171,0.135674484568904,0.109684642308425,0.111109875675518,0.114942519751384,0.0717241899362156,0.123950308781779,0.102092967801424,0.0984596130520715,0.111270649267751,0.109117752030161,0.0800081442219197,0.0727694945909519,0.091748045468494,0.0653060543558738,0.119018590628225,0.102125245942747,0.10556945728601,0.0998913453598963,0.102019324522554,0.0765430280275292,0.0825797198773783,0.0988237222086319,0.112795364795989,0.0881550007746944,0.0661065993235442,0.121968192133194
"alata",0.176939584712101,0.226577848830765,0.126543711779482,1,0.221288419372939,0.225149547552483,0.265945664662121,0.168897851633162,0.22819091986907,0.115801856845495,0.11430009059132,0.157113269756505,0.121424361505664,0.210131035485317,0.31355127976095,0.22471293815726,0.270619790371305,0.214016099778837,0.247450982389944,0.180519196799114,0.213939841064504,0.200182484416027,0.196302329331017,0.264573005259805,0.233030497282365,0.161526966096755,0.170831485394079,0.173099217549856,0.19118758646779,0.132596615599763,0.254819100360467,0.162926671295112,0.253010644999343,0.194220377971308,0.0863133793471459,0.113969941721895,0.140732855354548,0.163541529447224,0.199394261401822,0.157407212533176,0.211824456102634,0.212754857950386,0.194518030089681,0.301290592363638,0.253809810998671,0.101508305944613,0.152319195289958,0.220919202254212,0.195050896171056,0.147094363344185,0.194637984075281,0.291313363348476,0.213213878465356,0.126584516684045,0.119125748362661,0.24561089118311,0.196771649858172,0.207247541843722,0.146865309988029,0.219028159949759,0.129028487148034,0.238886343072622,0.383207572027276,0.183148830610771,0.192542322647775,0.158896133605799,0.235057711008457,0.243766820073017,0.17857560854297,0.303740298894732,0.140416412803852,0.28354015188565,0.214750538037592,0.190351614365552,0.169412180506964,0.248793823060721,0.172686193110922,0.165795881694094,0.187996010664283,0.173693656252367,0.222074378788124,0.247326564279642,0.256517800891376,0.126360598777849,0.24874785544895,0.10208933723487,0.234466051631498,0.189601608681995,0.104817210631976,0.211795028257569,0.179458006236349,0.123420495444011,0.173353707732678,0.181126086110931,0.150779240463966,0.146354030617232,0.0844786167513584,0.212941805001795
"alba",0.16527434714885,0.224585865262315,0.135012986794078,0.221288419372939,1,0.147622980526545,0.293497313008391,0.16779576587289,0.266760628061695,0.246637591650372,0.229689596396566,0.236749851847049,0.239882524916095,0.204424347779321,0.297899504300036,0.188476366052065,0.220147557615201,0.230346012054673,0.196844796277378,0.198846612795433,0.22561627562085,0.211675988317864,0.22631581622334,0.274625884840201,0.17072779987836,0.281877986523713,0.193804575424214,0.188996753095224,0.223595450976494,0.128939871314912,0.171951642307715,0.232057476271128,0.274031537742598,0.197193859633875,0.201894472034199,0.135200356806605,0.150454073802787,0.196368226056151,0.215962583697181,0.159872848419045,0.303351091828594,0.281164616029749,0.180242385841275,0.166733849133317,0.228774015427463,0.125384855300616,0.248342489110455,0.20883214590887,0.355087193873327,0.275887880951802,0.188606043181924,0.240186545827695,0.220302448681598,0.144469073991611,0.133890552907052,0.209958920816027,0.233032108156703,0.192449757303908,0.221621548859228,0.230077611813355,0.13607892901719,0.261740308409944,0.251745775828693,0.192391173306268,0.215329343170673,0.207230464741588,0.232527328000095,0.264403755695248,0.164310689685261,0.268789247858057,0.274628841729948,0.214087857953037,0.257808618313395,0.137677611487177,0.183682118538745,0.229371205801102,0.151181124931379,0.177853326450113,0.1829897109462,0.150483769521262,0.178944467306353,0.217013431256943,0.156524778619225,0.123495041308093,0.120701800624504,0.0966303161133073,0.222812239364434,0.15720488400371,0.11847915992044,0.338838187028237,0.207032015372852,0.241717619745085,0.179324017901949,0.175811445627626,0.152483076118539,0.308767418810721,0.13767249094266,0.237286704586198
"aria",0.111064762468245,0.148408303796153,0.100435276740542,0.225149547552483,0.147622980526545,1,0.156971965206262,0.108083529615271,0.16632957457069,0.0818151012766471,0.0767072295022016,0.108514787185929,0.0855187022062226,0.155351757781873,0.162020755400159,0.150739476830393,0.151017756039713,0.110797566431372,0.213003409445324,0.122536896016117,0.121139193328023,0.146751458056826,0.130213451041976,0.13659971328445,0.2223079209474,0.116357699784189,0.0998709795392868,0.116631643307369,0.151161587420065,0.0916303926470048,0.162697150030138,0.127069052043806,0.161947553296069,0.130250191104769,0.0595574359132925,0.0711485296130203,0.0766461893023994,0.131730804806612,0.121852041098418,0.124267802979226,0.142661002736466,0.142305233911268,0.133913755933181,0.203929784827434,0.163802210477384,0.0744175751964268,0.113483577707841,0.218712420875831,0.136790753315655,0.108469512423467,0.151700136350944,0.209875685852877,0.138925954491329,0.0876166484147345,0.0833368896818185,0.18240511699241,0.125768106926101,0.111621796465693,0.0817682551611163,0.136570697541546,0.0746334034242386,0.164855559035852,0.20748153636774,0.132761809123747,0.125183839950086,0.107070430282076,0.19239819813068,0.14090026845439,0.106129133729497,0.172325080348011,0.0877820793452699,0.185941441431049,0.166608706678421,0.140193190016109,0.107499915811891,0.152619705142811,0.135193193650783,0.13254476370687,0.188889798333922,0.131948089650179,0.134668082771784,0.148447401828896,0.176529952742598,0.0757527300125337,0.166672747735432,0.0530796215768986,0.218464932045067,0.162557327196128,0.0803458358539151,0.134230679850049,0.16376532408423,0.0847896731378314,0.116755899665889,0.12612340501896,0.136595150117619,0.10951543768914,0.0624407794980542,0.137785596567976
"auristellae",0.265925596316223,0.194195385459905,0.131962030426125,0.265945664662121,0.293497313008391,0.156971965206262,1,0.21609318049943,0.194613387104604,0.147474907896103,0.131806850845128,0.154080886732725,0.189249205828758,0.229489612745116,0.32544673700021,0.213886517886916,0.204972920487647,0.343102404439676,0.214942523539158,0.226674039014714,0.261363729452279,0.241744814728161,0.221907276271069,0.295394903228358,0.179779204228717,0.161337922337775,0.288058402673966,0.205369373975936,0.214211333353435,0.198720223686735,0.254698646327982,0.162855674599188,0.327174749466236,0.196504717812424,0.17219423359301,0.241712188438719,0.114253128969956,0.155589181423931,0.261293446813202,0.14594066598905,0.194111318841502,0.249543367234277,0.150922862756607,0.192039582500366,0.2251831694534,0.178205070493225,0.166761946457954,0.160625278728304,0.237689855264672,0.215480896075862,0.162223120936719,0.203393148512008,0.219654192904282,0.211177432176813,0.137776809337293,0.202410936597584,0.239035892346634,0.200961574004741,0.155037874165347,0.220382265399733,0.195526558236095,0.313004268966064,0.277788363949413,0.241356030860343,0.236195146465963,0.224823271178838,0.18747711761985,0.319373142577123,0.191464002025183,0.285490528328336,0.172484316001566,0.243017163719107,0.246160370152818,0.15251530814026,0.177213100816522,0.241504074257194,0.217157372446794,0.172829649996268,0.26652834153212,0.182558042814617,0.17075076832787,0.191868356444978,0.165927957537645,0.172790680053049,0.133960089157535,0.205584171629686,0.216357842622642,0.159289203919132,0.146473513725387,0.235366432990888,0.165177974319608,0.137616549845965,0.155683095817236,0.180993171570226,0.174849568137142,0.182443381063491,0.127618976877163,0.32495805737353
"bourgonii",0.132840950001467,0.169781294996724,0.110963940324333,0.168897851633162,0.16779576587289,0.108083529615271,0.21609318049943,1,0.162222487825907,0.137018630676688,0.0771551021071905,0.104479681274115,0.131381087646778,0.162168165592414,0.164263175997422,0.160211801381376,0.140964242557491,0.194191862823434,0.148306595774987,0.162018244824511,0.15279835626289,0.196450604492353,0.167723072797597,0.159536303578691,0.183222463650131,0.12883343515926,0.124796016837846,0.146194615266185,0.120444414277416,0.164065075508159,0.127912893052423,0.140208533583071,0.217923117410872,0.162415268520351,0.0985433829875271,0.121539970700707,0.164871032863883,0.16027053810373,0.118836975753809,0.129096314071348,0.118744937541752,0.165594512120185,0.092766609705986,0.122050306623556,0.188080138741031,0.103141857842411,0.095371256018074,0.136757788901395,0.143472293152958,0.124483928436018,0.149307376918034,0.115883650300582,0.200064597282485,0.14501110874369,0.101375659022037,0.146575705882765,0.130487380150018,0.167821396671877,0.0748284776145676,0.168232825738201,0.104522379556592,0.180440984081903,0.166142261946207,0.154955287272357,0.212543152667114,0.141839781561511,0.131682398343958,0.156880699715526,0.138722598795661,0.170266325702801,0.125764672262037,0.156218627156042,0.205296280892623,0.163981227885844,0.150824355115529,0.155159478562125,0.110555300115558,0.122802978688654,0.185366569836964,0.194999749759436,0.137059031363261,0.142442878109625,0.0935386979233037,0.132940482264489,0.115755256054067,0.11467027376721,0.132242293932348,0.149629856448177,0.102673987839927,0.152684730437574,0.143405634810305,0.102619475631289,0.112117855964271,0.194333532408701,0.180174103473393,0.117297277005544,0.0834738838700168,0.184924883672485
"brachyrhachis.aff",0.168499885431887,0.203787659976632,0.128392179910832,0.22819091986907,0.266760628061695,0.16632957457069,0.194613387104604,0.162222487825907,1,0.125020286146252,0.114647862660261,0.126705664511227,0.158547791037041,0.262511682223548,0.398516911133066,0.232338701236739,0.17586346687781,0.156374254542109,0.172177733636426,0.147816155261961,0.23464933159631,0.216568851436703,0.25959206476591,0.19741128175459,0.197769922977074,0.134921394379469,0.128969416508112,0.146611961959138,0.134440556966474,0.13461523800583,0.14891448335415,0.126787719791542,0.21839503149526,0.229253260867428,0.0810372909722498,0.147058435574123,0.153218846632551,0.158629691879751,0.169640191675658,0.143162247704874,0.174086926665855,0.233432402677078,0.13176407590186,0.172078683164777,0.193139620352745,0.141259116616916,0.152162302298986,0.219798155686667,0.160023887850895,0.178316195205851,0.161339336701516,0.192624530041038,0.192685550503132,0.135287588689396,0.107553483252018,0.192914130452673,0.169288871818515,0.155842159022097,0.0922154487163625,0.185950387556206,0.120607694250732,0.199676297474661,0.216683665764061,0.183319614230321,0.237219952829656,0.165121920760547,0.195352214978058,0.205627243841194,0.173163094374204,0.194582580515745,0.12367285581085,0.194357612156288,0.202944820492881,0.14918188647595,0.140387181688876,0.227866745973567,0.132197553572706,0.190749087320185,0.177339919251711,0.153892482789272,0.174469315320119,0.221029833435641,0.13551953049591,0.117278890121068,0.120105033331559,0.0816268342960516,0.191001159672295,0.190871784643745,0.126850590493551,0.161060872588572,0.220771634922708,0.111364793018608,0.135469751698615,0.190558768654019,0.134424622307457,0.173407789094234,0.0893448142568761,0.196560489178314
"brachystachys",0.0917827250096141,0.135695206766176,0.0888504598902033,0.115801856845495,0.246637591650372,0.0818151012766471,0.147474907896103,0.137018630676688,0.125020286146252,1,0.298034829519122,0.254160833572538,0.222593437046501,0.125231665753622,0.123270116696351,0.106973406784029,0.103698099297629,0.150326989004503,0.109604272347876,0.12699143716316,0.144144766953409,0.12168482525471,0.149548813489514,0.106686723311461,0.107201161780452,0.292608810855842,0.098461471077055,0.104838970277672,0.0953971094440521,0.0880951712083818,0.117396491385054,0.342746147577173,0.124148002633324,0.110125653854414,0.244874496478315,0.093203864313585,0.106665547645336,0.110203905893774,0.0800744194699276,0.0987976010584205,0.329722417466521,0.13105783421694,0.0769413559231724,0.107423528066467,0.117653441891376,0.0714543460397847,0.327647150493386,0.10688285364681,0.30659778263963,0.257715865556943,0.106808952079967,0.104802969937706,0.13813476568957,0.101129371624638,0.113428776924757,0.135722042293802,0.12588053431646,0.0956215513566446,0.20888480543726,0.113534953351436,0.070032557369419,0.127332080348753,0.129407395557316,0.1449051959412,0.145249223962499,0.127590014980251,0.101656531717272,0.1424527316954,0.13835965754728,0.116040562938633,0.300087165815824,0.134341182210533,0.160056018334713,0.105282309436844,0.123978063498666,0.108761107047318,0.0879208700097948,0.101430372299447,0.127581395229605,0.125966601961853,0.103208805566571,0.1506624019356,0.0882348947095033,0.0788677425873634,0.0754294168341514,0.0483774241309195,0.113034589874966,0.0911564129932088,0.0911526780132026,0.244864850676771,0.122617652473561,0.267535233601009,0.113034411147642,0.0962075824928628,0.100379031907647,0.344183733604606,0.0964416094970935,0.121378528195326
"brachystachys.aff",0.109535905592833,0.133167548076926,0.147365095306429,0.11430009059132,0.229689596396566,0.0767072295022016,0.131806850845128,0.0771551021071905,0.114647862660261,0.298034829519122,1,0.249138284424292,0.189599049159763,0.134438394669926,0.13483565099027,0.103986355930746,0.0972061320091646,0.140513418693719,0.0965523667605236,0.150870583940302,0.167019543506023,0.117548138443459,0.129959488059731,0.118838073347955,0.0892403957429489,0.255327480599445,0.0999552707889412,0.0938665323518363,0.0897391652277159,0.106605406659998,0.115263292455848,0.296667259192118,0.139878752924601,0.104958431663374,0.249703537131984,0.110365693280942,0.0768237251981031,0.178522433175969,0.0910351957665329,0.0833663626822725,0.335824679280627,0.10705735416977,0.0650993643888808,0.105586699108762,0.0955082043218848,0.0748893338925947,0.34538155128234,0.113784224844734,0.230323385398363,0.266948850785224,0.0791246899023988,0.089854242263708,0.161101008440124,0.104743999839514,0.0679242479453981,0.120551952761313,0.164312374574269,0.117609571270533,0.198837732040104,0.108730076540305,0.0958588737021904,0.126753710250503,0.128705669486231,0.174463529364186,0.132017330177742,0.11630140994279,0.125209251366245,0.175981762117401,0.153337930499971,0.128085568395264,0.338020390841685,0.113426411084384,0.122560342002394,0.092715424424427,0.116041241430975,0.169782238982828,0.102066706736825,0.12566629905922,0.10858693697418,0.113503379490668,0.095077610542029,0.151326346237415,0.0720929113994292,0.0897545071266523,0.0727318122833717,0.0679075021607031,0.114996703598035,0.0966601481555724,0.0565717697671502,0.242388215043117,0.0918858947741839,0.498100419205252,0.0724077879027348,0.100948492151907,0.0983883213750691,0.305629379426926,0.194216036500841,0.129108521636566
"brevialata",0.117954116307656,0.113897316811484,0.0752041749627247,0.157113269756505,0.236749851847049,0.108514787185929,0.154080886732725,0.104479681274115,0.126705664511227,0.254160833572538,0.249138284424292,1,0.223757826694719,0.130655361107481,0.163488085255332,0.132089895184867,0.1226557017877,0.130456657164761,0.127420881098279,0.160668137368308,0.162459725217751,0.142790265239014,0.143480246074037,0.161229515566372,0.107723129696176,0.254370435317509,0.145897238852827,0.137938305229009,0.117818665826575,0.100100335661564,0.151138527300634,0.250020650138739,0.155318962275814,0.131605251596664,0.215583896734759,0.0978248202299404,0.0718644334079877,0.10600638941257,0.116188510916065,0.105494959486291,0.347003474561415,0.137278970341166,0.109919633159787,0.170875874237552,0.133057305851984,0.086763298589669,0.275649510364483,0.121565801006515,0.269983986848366,0.272819517357835,0.104113352341192,0.129864471096573,0.123533192056218,0.118683847824288,0.115910206426088,0.140281353740157,0.133492448871975,0.101668179810717,0.223132786744768,0.145851331230783,0.0831000742980689,0.14097555247598,0.17175212842054,0.129281728294555,0.121581965972666,0.165040655595727,0.137063913359661,0.14398068616061,0.106053887313865,0.155840514936104,0.248652633264851,0.156794516871774,0.145147407065554,0.11940490242913,0.123907813960147,0.133287958261229,0.120264056499293,0.134433015387639,0.124910200791224,0.140954289967428,0.17682486059891,0.184904239149078,0.123693214345674,0.0938322487661308,0.158447399258403,0.0689862283611626,0.1447060624812,0.134115316988065,0.080742549042175,0.247582101980788,0.1162185420846,0.360984984718503,0.0910452347969033,0.100495837423813,0.134182518623881,0.26949573599856,0.0675231074550412,0.146241664066083
"brevipes",0.179038946595761,0.135320052670213,0.0823441943470688,0.121424361505664,0.239882524916095,0.0855187022062226,0.189249205828758,0.131381087646778,0.158547791037041,0.222593437046501,0.189599049159763,0.223757826694719,1,0.150442608255574,0.167302664965743,0.139447811292108,0.116037793578358,0.174280398856811,0.11527043650567,0.137488872104254,0.160644070160799,0.228387373986144,0.15580647952021,0.147494683803754,0.110249644383798,0.202741179353559,0.166182653327033,0.153788348268484,0.117955930328843,0.0933471971262524,0.128076057412541,0.190640816255863,0.178102042258357,0.146147849305248,0.206526785497652,0.159833163726523,0.0864272709382482,0.109207840173765,0.139364345483985,0.0923516310125125,0.227111973675748,0.150990914112893,0.0804164882619549,0.0930712282674225,0.137161788348029,0.0954686746080485,0.211053470322827,0.0958193167263511,0.211172361733104,0.270074932462788,0.0807727800657973,0.117714043701861,0.125331260767722,0.146955148590482,0.0984978336871369,0.120317508396561,0.115635112887475,0.108887500144901,0.183798230752998,0.147561682622831,0.0924680175806651,0.165588317804904,0.135444863692674,0.15127581534734,0.149068657845981,0.180418858541747,0.0993266734183032,0.185906386964383,0.130681916530151,0.136130334477405,0.223075688266766,0.11884942647917,0.150079385739936,0.103427486398849,0.181623180415788,0.132761797857718,0.162554050238738,0.132442727634385,0.203095630150033,0.14075244006467,0.108350553422061,0.184853380329785,0.0905179507960897,0.097191791787351,0.0682203033774655,0.114903423928887,0.109395143566271,0.108878937998398,0.121625458244599,0.232688641523342,0.159761978659522,0.190749779039518,0.0783625253055981,0.121198377191767,0.119216779738672,0.234840643018957,0.083812885135124,0.201936852356466
"capitata12",0.163555120913611,0.189208268914238,0.132512320016174,0.210131035485317,0.204424347779321,0.155351757781873,0.229489612745116,0.162168165592414,0.262511682223548,0.125231665753622,0.134438394669926,0.130655361107481,0.150442608255574,1,0.245873331179479,0.383947342994201,0.165695060053395,0.185772917886785,0.163882323485157,0.154763294078415,0.225962315556787,0.215853678394681,0.216895115588603,0.197780874445994,0.139687281445406,0.136637083738551,0.146340922742218,0.165202222734686,0.164960460948475,0.129714674046588,0.157725315937962,0.137532576335031,0.22244975755322,0.166296274991227,0.10289526020797,0.122483229804686,0.146471857507935,0.159880603862556,0.134845685241771,0.13721037303521,0.188498652676082,0.191109154158762,0.133268513349722,0.165962297809621,0.173990815926895,0.149498220283054,0.135360833958763,0.16504033461741,0.142063512086044,0.17728981080288,0.149666988789917,0.175302320543358,0.212662734893791,0.158558953702605,0.101393412158031,0.191960505955923,0.193397778021123,0.153723707481743,0.10201558763926,0.207984510947974,0.12674204764951,0.250905390741452,0.22470747461352,0.237117596028756,0.199766231337247,0.171254822408096,0.187924448450012,0.263857728787029,0.198674485707823,0.198522609749918,0.132180986398014,0.205659386399563,0.201861401387276,0.14602523911723,0.152305156354846,0.173302759726479,0.139336820057057,0.176555747830583,0.226165888451668,0.157848455993718,0.152003887393482,0.195595038998485,0.152248765120985,0.111338788443246,0.124281438581996,0.0961918530495312,0.189096057069456,0.149977865218968,0.0951740120972761,0.168633159775601,0.137785992721655,0.113274835205023,0.119391209606725,0.144218535588607,0.174205065873626,0.123112989707333,0.0923127724803129,0.227254940230339
"capitata33",0.255622886276791,0.206822229535043,0.127205028861497,0.31355127976095,0.297899504300036,0.162020755400159,0.32544673700021,0.164263175997422,0.398516911133066,0.123270116696351,0.13483565099027,0.163488085255332,0.167302664965743,0.245873331179479,1,0.221567675553224,0.20915204918206,0.250560498494101,0.204546584740131,0.250137271867484,0.338384600131439,0.214942346380001,0.201672220252059,0.271922188283197,0.211809839730327,0.147474879455467,0.206242584490741,0.207320548899075,0.224890845612307,0.147046758182934,0.318180301301032,0.179827834588065,0.282005782680228,0.181273115321322,0.145488511364522,0.175332745500292,0.135562153157589,0.136049764139265,0.235088479067966,0.143617555221367,0.243193421068082,0.2158351605593,0.163831890425468,0.287004156054224,0.210353055698257,0.134180406070617,0.166413453045338,0.212857238899896,0.187043539478698,0.198845952875379,0.14260927167383,0.239608660427424,0.209623010510188,0.239884868601571,0.129186779556384,0.204686688985128,0.22740735147652,0.203035034755295,0.199433760572282,0.291801226131826,0.163316417974802,0.30387108617276,0.3029701512154,0.247644859361862,0.20582087906257,0.221384113839069,0.200800353146143,0.337161940388866,0.204191948498494,0.292689358077362,0.13968353232494,0.274420131312989,0.238969813843703,0.176403936151887,0.204824571774566,0.227067097252802,0.187770117917091,0.175815199586945,0.2400075129859,0.148784983711434,0.190744764226752,0.19870407864808,0.211756690705303,0.173571997158896,0.246082035430099,0.19528517800456,0.197974681163558,0.171806288040874,0.11021988873271,0.186088415279659,0.154482685047626,0.147204969724248,0.137490588425541,0.138683932945946,0.148884898618139,0.161093343021154,0.1024877723609,0.339483451966159
"capitata35",0.158964866094046,0.195716876065765,0.123570921939425,0.22471293815726,0.188476366052065,0.150739476830393,0.213886517886916,0.160211801381376,0.232338701236739,0.106973406784029,0.103986355930746,0.132089895184867,0.139447811292108,0.383947342994201,0.221567675553224,1,0.259208587589331,0.177774544898626,0.234375473463044,0.18062148279042,0.222340724099638,0.21610655697866,0.196372099986245,0.251845066413777,0.158605098884441,0.154517270276224,0.181115034942111,0.158283026886989,0.172620201474055,0.120129165673284,0.159701708714555,0.118590674613882,0.241504130904092,0.1578438091699,0.0991704907471537,0.120462006427598,0.189964280106502,0.146979521731698,0.185477556791557,0.14658012006063,0.167068676576471,0.220780620946063,0.191777325561313,0.205653618477808,0.230156505278496,0.0946915835737812,0.153373591119788,0.160046822927016,0.181428237689609,0.160777625644533,0.211891864589697,0.22657933351438,0.178845765550149,0.163825327023161,0.129797908455025,0.198820197681664,0.162106652365917,0.159535930583762,0.0954387953166252,0.19023260919098,0.117645192681533,0.268730700511854,0.280455626993592,0.146926965434845,0.170125759299947,0.147925156457158,0.254039672273463,0.212743161700086,0.176230307420897,0.246744567346368,0.125734093202503,0.243565995508799,0.191020435817173,0.306063845189976,0.213617698100018,0.182537103843696,0.162698426715337,0.150605584313481,0.180525854673221,0.127338992250592,0.206495402506867,0.188657525261139,0.170707088702143,0.10883156229636,0.177340633828643,0.112542240779569,0.216584849002021,0.172503950114315,0.0980428006995218,0.209358037479709,0.138669467040444,0.122439521442685,0.182955303233265,0.139303732190536,0.157604813234223,0.143255853230866,0.0895586134859136,0.230553886906123
"cayennensis",0.185082916799253,0.237187927631254,0.124296905810898,0.270619790371305,0.220147557615201,0.151017756039713,0.204972920487647,0.140964242557491,0.17586346687781,0.103698099297629,0.0972061320091646,0.1226557017877,0.116037793578358,0.165695060053395,0.20915204918206,0.259208587589331,1,0.184403439811275,0.27398760323915,0.177453834857335,0.195354895048606,0.198831731804946,0.215742110784765,0.260071960355143,0.164814929521802,0.145557570825246,0.176324716926262,0.21380936278781,0.134865475929324,0.104160536113829,0.216527757517235,0.115096233754863,0.250556319621663,0.187788960396958,0.0606811210346618,0.0942220024513974,0.152957321500803,0.182974373792835,0.205009509399176,0.178463072789648,0.18727051773765,0.24332207187466,0.270210820057838,0.256800276692647,0.277706315218687,0.0837164185649278,0.125719694176796,0.245497464250587,0.205944206097789,0.137826156696202,0.227085548055456,0.360310566591042,0.164181224037805,0.123698455977901,0.134274543386806,0.237899526177943,0.194704049170628,0.180826717106701,0.126709471105514,0.193376831969074,0.113724541399875,0.222528036619497,0.317208272897136,0.145145598917606,0.223381648601173,0.153429677458073,0.297113383894457,0.220991347756781,0.180881503124519,0.272761147759325,0.140349080448842,0.388012333991908,0.237418745735673,0.211085447200906,0.142367402883536,0.192416963145056,0.156432700633109,0.189179767932394,0.146623591271405,0.11576718585914,0.239209785902361,0.213175385750244,0.222164211291869,0.134427648302387,0.291988503382603,0.0775454615755159,0.235300928415936,0.224694222850273,0.108101415318685,0.226831370141325,0.173178842525609,0.125253472889298,0.218541013484495,0.130515447723259,0.122552006295831,0.192504173047172,0.113366352617525,0.23574961796996
"chartacea",0.325283389011391,0.263937997230678,0.123064421834904,0.214016099778837,0.230346012054673,0.110797566431372,0.343102404439676,0.194191862823434,0.156374254542109,0.150326989004503,0.140513418693719,0.130456657164761,0.174280398856811,0.185772917886785,0.250560498494101,0.177774544898626,0.184403439811275,1,0.167588738709681,0.204095284603603,0.314338719876692,0.182145514773388,0.19621629829985,0.318562784978903,0.15054753806907,0.157118680543577,0.233785635924648,0.18247333930118,0.158178256029183,0.202899555226115,0.228170297525226,0.135352153972649,0.278181354487809,0.166695260229707,0.193170213548499,0.213956385092408,0.135395027157347,0.142064653095304,0.346874875625123,0.12787154002311,0.182955910500142,0.188444285743629,0.134469508661977,0.17476525341297,0.209548897557029,0.138843643592227,0.137187811166608,0.166446280468124,0.182839767729695,0.175652223708294,0.149105001055119,0.17237013461227,0.203230475366448,0.283124893738396,0.137049750149416,0.174212328381244,0.189967117626958,0.186765160363464,0.161308431358393,0.21624988980708,0.19178319648006,0.270116740227844,0.216325519885942,0.197589722303667,0.219698335473068,0.23187466117285,0.145345357328105,0.393359270238046,0.160275153671875,0.271438981242564,0.175061650690499,0.169378621487413,0.215906691207203,0.156882608541934,0.191263744277669,0.210999975736666,0.203037053673292,0.149875789197458,0.22999296149611,0.181700797476678,0.145601084922772,0.181302279769283,0.115078713499428,0.141475449646356,0.0992028412529803,0.279053492362982,0.175555391650226,0.13917512587248,0.0961969978239647,0.193077206322465,0.139116782422835,0.122043572047847,0.130796211653619,0.141066508405973,0.165088262816147,0.163054488801641,0.13493798217212,0.376735006104248
"cinnamomea",0.129621366317975,0.18922364347217,0.119462821232955,0.247450982389944,0.196844796277378,0.213003409445324,0.214942523539158,0.148306595774987,0.172177733636426,0.109604272347876,0.0965523667605236,0.127420881098279,0.11527043650567,0.163882323485157,0.204546584740131,0.234375473463044,0.27398760323915,0.167588738709681,1,0.136722617672663,0.151933592268808,0.176094187962145,0.177548400249388,0.270760118072209,0.209784440977491,0.159376922631612,0.195090062629902,0.172948196867223,0.146129078981286,0.107546393901458,0.179408798234174,0.134517103499171,0.228153080914332,0.163882852544942,0.0664812316901659,0.100430361339796,0.135804336536902,0.15471757733523,0.228318214430272,0.15012109413111,0.190786343069158,0.230529028343426,0.257024414354444,0.207387369083816,0.294105127078218,0.0791768792523287,0.137279613866128,0.207268435715331,0.224162287322897,0.127437805432028,0.244199087095477,0.303046099531529,0.148432079398625,0.103804839360545,0.125305902464555,0.191601505725599,0.188653169215373,0.183730596314107,0.100727055203108,0.183518197126589,0.0884635101272182,0.233411072490689,0.353052643302424,0.160122563586989,0.1526337307292,0.111092501730643,0.280009479331497,0.194593718058623,0.155375218260531,0.310397091131546,0.123044484156546,0.257935893388104,0.201329105449501,0.14923575288244,0.136264886377233,0.182900776005452,0.135879482296232,0.143021039344835,0.164406265524558,0.122012336801814,0.230179719985764,0.176039839088467,0.197869048555644,0.0947473987012867,0.15820055973835,0.0760754122895825,0.23014368569718,0.180781088004979,0.0927722820378155,0.218041583769319,0.153961985796852,0.108671977207492,0.238135554480962,0.134867743540343,0.116397349671942,0.178207278651374,0.0817901929589559,0.177996140050679
"cocleensis",0.142572809817867,0.17046761905577,0.128911241123074,0.180519196799114,0.198846612795433,0.122536896016117,0.226674039014714,0.162018244824511,0.147816155261961,0.12699143716316,0.150870583940302,0.160668137368308,0.137488872104254,0.154763294078415,0.250137271867484,0.18062148279042,0.177453834857335,0.204095284603603,0.136722617672663,1,0.205898135470655,0.177291149084754,0.252256837124911,0.20363919716175,0.131117331292205,0.134999783314042,0.158978535911113,0.171361345726047,0.147318656201058,0.126162338447841,0.174736212730018,0.121790112791978,0.216872663755074,0.142290806418227,0.10654582781002,0.131710136332579,0.127041724747983,0.121089583674374,0.161504819847793,0.139958736767185,0.162059784094157,0.174156941438681,0.13663592158268,0.196681442154003,0.165242735204692,0.112287283589446,0.156395411724708,0.17253162282248,0.203644128078917,0.138401292052675,0.145625636811887,0.166323998806783,0.188610697492155,0.150208071683628,0.0983490406632393,0.198124444789149,0.174296270618738,0.186760208416758,0.132279222386268,0.185118879225591,0.157743693500706,0.203133130769303,0.208444537118102,0.199824795463834,0.17095767402687,0.179796412977388,0.178374598008424,0.260381345864994,0.178109292025956,0.230384290866258,0.14782976036147,0.20076492661016,0.252506289547253,0.188272423113976,0.20057975412332,0.203315958840163,0.184527922190057,0.156385617156098,0.183882331849372,0.182872021592401,0.16564588155237,0.218760960897626,0.16152572241592,0.155666944057275,0.141124926116623,0.102793282271974,0.162918209895477,0.196551032235781,0.141809151180347,0.184095759549259,0.178503015191262,0.182064639340713,0.110828872882685,0.119334739443334,0.158233530687363,0.153831309339271,0.0942737881214692,0.193757831441512
"cordatoalata",0.261546122401264,0.182193647693099,0.113423230021014,0.213939841064504,0.22561627562085,0.121139193328023,0.261363729452279,0.15279835626289,0.23464933159631,0.144144766953409,0.167019543506023,0.162459725217751,0.160644070160799,0.225962315556787,0.338384600131439,0.222340724099638,0.195354895048606,0.314338719876692,0.151933592268808,0.205898135470655,1,0.21159105342857,0.234388397339872,0.284254632384322,0.168819480637319,0.1663617110212,0.210779796940208,0.194328355916931,0.157941551650159,0.16245877934927,0.229292859231188,0.137054577880071,0.310346175188625,0.185474133427466,0.146948040710647,0.170801985713106,0.117465828808602,0.150528325985656,0.298621658411709,0.160107372819128,0.229595564967289,0.229022524466174,0.136747474318996,0.176153193250422,0.16849583500687,0.114678113144206,0.159883751853363,0.203468253578188,0.157128832882015,0.219884405617816,0.144722147318586,0.172900416776819,0.264985573031629,0.262685840869436,0.15364660371573,0.187922485042223,0.205491007564922,0.173319540094505,0.152926126744081,0.265063829400109,0.16224532751183,0.254593281388986,0.259891305523947,0.230816846139054,0.257068779257473,0.227351954943468,0.238562272325363,0.340027380515525,0.194842979097492,0.244622666897442,0.136691968528686,0.210302497345113,0.212176805732718,0.169515350972226,0.162581997423397,0.223138886593748,0.210843595884704,0.180110607528068,0.263993977330098,0.142867047188923,0.169216851956519,0.185433088157935,0.13515328952546,0.154555981110989,0.139091472544356,0.200783357501221,0.224994041333759,0.1867554972876,0.0917983908594696,0.180663830731829,0.143571812433278,0.163047591446873,0.129488035167548,0.212867008635159,0.139869140637483,0.134459720738848,0.0965147852274219,0.329961726217016
"coruscans",0.206439498895206,0.191553972165303,0.116930135740509,0.200182484416027,0.211675988317864,0.146751458056826,0.241744814728161,0.196450604492353,0.216568851436703,0.12168482525471,0.117548138443459,0.142790265239014,0.228387373986144,0.215853678394681,0.214942346380001,0.21610655697866,0.198831731804946,0.182145514773388,0.176094187962145,0.177291149084754,0.21159105342857,1,0.305093190971636,0.225438995432159,0.158710124622183,0.136704292526822,0.196963416472682,0.197811569394912,0.153398784835179,0.150223664739412,0.176881527879765,0.116756726435259,0.253868043343015,0.215387390834435,0.110464935893852,0.180964506977244,0.135289911432011,0.188052365136584,0.167683283461951,0.143026833948395,0.159693734769614,0.227774746902065,0.114793027567242,0.151521559055012,0.176769200336032,0.142697466727405,0.141612510783219,0.181207814390561,0.17883971853615,0.208364859889619,0.134185182291229,0.166457229022454,0.245426451797886,0.193085600123356,0.109580024909683,0.190644429036487,0.158737163758236,0.176837392902655,0.104272353723911,0.203396744297336,0.146039979485402,0.234620555122941,0.204561138504115,0.186599138064229,0.21698737795087,0.19112919874098,0.165933876610514,0.208147134511707,0.168607432168244,0.20185550024092,0.113720880875091,0.160221321753532,0.211254322566307,0.16888650218873,0.159644204741049,0.176497572212909,0.181323190544384,0.172080208783702,0.203070234997548,0.161021387870884,0.161889087957653,0.189419056887415,0.165924928046719,0.144955107364951,0.13914217206207,0.146466044356927,0.163582842280011,0.17401842801096,0.115544180373864,0.213903661926319,0.159427978753809,0.113999890438033,0.129816734880674,0.178590271016117,0.180270528613272,0.139660008955123,0.0971514234410618,0.245331965311905
