"","acreana","acrocephala","acuminata","alata","alba","aria","auristellae","bourgonii","brachyrhachis.aff","brachystachys","brachystachys.aff","brevialata","brevipes","capitata12","capitata33","capitata35","cayennensis","chartacea","cinnamomea","cocleensis","cordatoalata","coruscans","cylindrica","edulis","fastuosa","flagelliformis","fosteriana","glomeriflora","goldmanii","gracilifolia","grandiflora","heterophylla","huberi","ingoides","jenmanii","kursarii","LA17","LA41","LA48","lateriflora","laurina","leiocalycina","leiocalycina.aff","lomatophylla","longiflora","longipedunculata","loubryana","M18","M25","M27","M30","M71","marginata","melinonis","microcoma","multinervis","nobilis","nouragensis","obidensis","oerstediana","paraensis","pezizifera","pezizifera.aff","pitmanii","poeppigiana","punctata","retinocarpa","rubiginosa","ruiziana","sapindoides","sertulifera","setosa","spectabilis","splendens","stipularis","striata","suaveolens","subcapitata","T18","T21","T29","T50","T51","T82","T85","tenuistipula","thibaudiana","tomentosa","ulei","umbellifera","umbellifera.aff","umbratica","velutina","venusta","vera","virgultosa","vismiifolia","Zygia.mediana"
"acreana",1,0.237820420407374,0.195150219061498,0.257113863838047,0.205826126886399,0.091033469617687,0.282901505657733,0.188436647872785,0.263336139833006,0.158383215543498,0.118035564770719,0.174520689003291,0.162715389092454,0.232889553745181,0.222991825270014,0.226552956076442,0.170720164540583,0.21659574393107,0.196551879862446,0.173510618544312,0.244978739324915,0.178761130776935,0.195873724693125,0.277751447050168,0.229953835929948,0.156876528450288,0.14442917544239,0.189303416839187,0.147499992784495,0.202012728163572,0.158911769969269,0.186384805510733,0.28185405288816,0.174181184123858,0.120488510497821,0.159345192193848,0.155362667789818,0.104159146293377,0.16130182552829,0.226920565177576,0.19581948679834,0.237131908323986,0.176004360973936,0.208268104265941,0.149737177045117,0.178046365425774,0.126748482413576,0.196039103807361,0.171899197393623,0.165811828894228,0.156265170907152,0.140382764840464,0.235266473613466,0.130139135287073,0.146731849666469,0.221486406974794,0.205318800275047,0.179649083397674,0.179746818872217,0.149410527432028,0.199864692913155,0.243084316561352,0.204309940098783,0.19944078207625,0.18555250652254,0.211348222636832,0.190922973535463,0.258529258727789,0.215860541197832,0.229943454787375,0.177225843462369,0.161615186079066,0.179324845628737,0.153895463879486,0.218893789691964,0.211021785842537,0.129900267453885,0.165720139702854,0.181653417929279,0.200401383198109,0.221379525554025,0.250933491037124,0.0966672198458062,0.138609102487911,0.151843874875866,0.153888132670898,0.23408236643432,0.175854928381279,0.134230405415407,0.202922417809386,0.170189381610686,0.170031448406363,0.105457388789298,0.232972560559866,0.172218306752185,0.167498377499605,0.130179309236667,0.258179560982274
"acrocephala",0.237820420407374,1,0.174050094776705,0.212744881725482,0.185502861610509,0.0835675085881145,0.226622499941521,0.199192582761929,0.257799630357068,0.155825073127891,0.117428178988037,0.135143811702842,0.137892609510457,0.228092763587367,0.217070649527384,0.206587831256671,0.164254578515334,0.328986701564036,0.142892128806313,0.150022350924449,0.205942133018028,0.164622080397752,0.232670156505747,0.214964024339452,0.19660204836195,0.142844996916938,0.12828246894239,0.183714726470629,0.135715661795452,0.194627283597368,0.167551542219485,0.144724065567092,0.21625642842752,0.144540813693252,0.13622130102428,0.146722851184366,0.112775925947073,0.0912446601616725,0.160523313459743,0.183366192759145,0.157291703205204,0.188497323808054,0.152358642586033,0.190148125265506,0.154826646251537,0.148234001052584,0.102866218867243,0.148483058739031,0.173583280056903,0.143245736167667,0.152759937558228,0.143050300936462,0.19966331538533,0.13194449297924,0.133547536926096,0.183971354148948,0.17462704499397,0.157736979306685,0.171462550081245,0.139360880457856,0.161091948542006,0.206298710414297,0.174656935472153,0.157805078357776,0.190584674640163,0.20688729868559,0.171097032969715,0.236803799450496,0.147021367645348,0.227487849789322,0.14234259681528,0.131142842683984,0.168762414828105,0.137174564905517,0.181532387292105,0.186690406792408,0.128286125183352,0.153358591862633,0.155974220591374,0.189968183176378,0.193538633120041,0.225882169056976,0.0965088144058425,0.132652691627133,0.154980715363432,0.150003621293807,0.210514082745877,0.125071404630637,0.135664606648336,0.196297304751264,0.147763126422113,0.134339243534569,0.120286925534919,0.182283242377665,0.166082644618337,0.145191655227371,0.135712039999098,0.197039043834518
"acuminata",0.195150219061498,0.174050094776705,1,0.245327041200252,0.151011415464667,0.0776026220451413,0.169765927574741,0.165139696446524,0.246292703663889,0.147160965973946,0.122642157421199,0.180894738939458,0.170768963594261,0.200734083567767,0.204325261493319,0.249001190988945,0.319507899759975,0.194117526901235,0.163756355994215,0.126278353761762,0.234845944747812,0.161458899825094,0.131845702981045,0.288877931317507,0.277175889220716,0.0919748834057413,0.155209227223886,0.229764769933371,0.10880713839465,0.248329213802563,0.291226870931739,0.152728859234905,0.198796445630712,0.231015283682166,0.107814747867226,0.242543373550838,0.34541840886399,0.0695507715110633,0.143857160191641,0.257529172864005,0.142357310551213,0.228611280165311,0.238148889806417,0.154021203601971,0.150171310543681,0.152848537823281,0.125662538352753,0.391001219433484,0.131974684832741,0.182698114760341,0.195121534624451,0.147445437861039,0.19336909838462,0.054935224503388,0.0645735169518987,0.127746922945857,0.230918268552085,0.238512422547214,0.180721249486305,0.134157994499779,0.214804580956381,0.311318703559395,0.251436559224754,0.169238298952266,0.253085373727468,0.123828133596669,0.344287865253852,0.259215461429833,0.152699062852816,0.285844497642346,0.154960491612775,0.219938448856194,0.225997899706259,0.178882322239398,0.328445181661455,0.223992375728218,0.183443544852044,0.242017276961982,0.332877351480752,0.155841585646058,0.290183065707045,0.231410857905601,0.110829714719523,0.198912843124696,0.118982783248237,0.185661067789047,0.142817394316576,0.150201706612448,0.16182707675476,0.208647219758849,0.221772588758491,0.223997706822787,0.140180308595075,0.185609676075665,0.187869811599632,0.20287563661942,0.0833353114682109,0.25759085663022
"alata",0.257113863838047,0.212744881725482,0.245327041200252,1,0.208593239257007,0.079971009136488,0.226779567021541,0.19399111807925,0.233747480017542,0.138142496939562,0.139071268750984,0.158844541308293,0.179009920140139,0.245690382020022,0.204042075987679,0.215273479100701,0.20189705458782,0.23835809695114,0.164591770726753,0.122658121715446,0.257921821649333,0.204536162343245,0.159528944058049,0.276687976664161,0.245623381224465,0.123855616321949,0.125779264764171,0.247000116157734,0.129929466900328,0.207852955582981,0.230000124364365,0.132919500358702,0.322079293488013,0.182220416677112,0.125136932555155,0.175637782465395,0.130919393394879,0.0781367483664405,0.176154121087731,0.260090316971811,0.162140198733994,0.246159833989345,0.210665334020846,0.172881552011261,0.174137208155807,0.171445227243531,0.13330400891019,0.249914145375606,0.129617247971745,0.144969589832274,0.168366612021826,0.124201970590367,0.207262524649749,0.0736900035499001,0.0768746495017102,0.142235002262659,0.213682042859655,0.201252691746768,0.17292124785372,0.142570090116677,0.209305265990936,0.266422353193773,0.367821427450951,0.18453454849565,0.387255894524491,0.156505754730637,0.25444601930677,0.284463688494394,0.173279891232752,0.336493257343046,0.149143427191665,0.27487410415585,0.185043678535516,0.189883036840364,0.234551020912253,0.287873777990508,0.138052723823374,0.183213861154484,0.199220283458337,0.171941594822438,0.224084419189553,0.236846211187719,0.0979915755680263,0.260118137271913,0.108613660645149,0.162385672899958,0.180388746042208,0.153178699112182,0.145950290309861,0.229098556843092,0.202772205252996,0.268660320919949,0.117151967891899,0.215840750928705,0.174708469830503,0.169010947263729,0.100109501275486,0.250368446730903
"alba",0.205826126886399,0.185502861610509,0.151011415464667,0.208593239257007,1,0.123976174314761,0.170330528448414,0.170002506049378,0.197505474797578,0.237905060681159,0.373010880500151,0.228615360007492,0.217265249612208,0.25092192553374,0.189410738241647,0.197450263901948,0.171571475692238,0.201044748916121,0.138547906905116,0.107695602733553,0.156913682061562,0.14372827250084,0.130429370036511,0.212284629517612,0.191106891056493,0.258860795200101,0.129178838329953,0.1401355121068,0.105657479594326,0.157346399543921,0.13477174125491,0.24629051712749,0.199529884818926,0.126928947114885,0.22562224399245,0.128908380242782,0.148070616863106,0.0580819125016431,0.141995744487901,0.159750915345808,0.248058011738512,0.174741993764033,0.129706676803616,0.149213486793003,0.15079346718761,0.240048181507905,0.202431628607982,0.177603987229016,0.219525897641017,0.294701883398618,0.173295872696711,0.133085627222167,0.146057570484344,0.0785598588015188,0.0853805807791273,0.141967415556824,0.162828611167803,0.14367360153491,0.246555474938708,0.140870953301008,0.160656139439397,0.206817223538262,0.171688846335063,0.172331576927308,0.183339679411215,0.174056135752334,0.153761650597066,0.203777543714704,0.187640516932504,0.193515599302005,0.252070906497943,0.129741469078678,0.144559610465416,0.122002147030775,0.175101539375838,0.173935742852888,0.244554907127683,0.142312167701181,0.138635073950945,0.139101951752052,0.157062177973911,0.193504175943108,0.0948045215931993,0.274300458234891,0.0808755026667252,0.171299421977416,0.158523341660435,0.129219923611604,0.130701122260823,0.271810199696957,0.144219844165376,0.22873431735491,0.0982718705551198,0.213596780445981,0.154253214997621,0.228068257744579,0.072608920446611,0.214301162674006
"aria",0.091033469617687,0.0835675085881145,0.0776026220451413,0.079971009136488,0.123976174314761,1,0.100850126285988,0.082102353398446,0.109306793501009,0.0768982895468567,0.0957185101602362,0.0579837806097074,0.0483209276726547,0.107685146434395,0.0974543228820331,0.100992433070621,0.080453925661597,0.0995276822474123,0.0758693253361208,0.12412093193918,0.0953541930920607,0.0793068295705343,0.0811733183622343,0.0925214419791756,0.0804621389470998,0.0800776762435069,0.0931580135885562,0.109815468405,0.069564193544261,0.114124160695983,0.0698345466251547,0.0774448270940654,0.103347086104748,0.0629886565226288,0.0993144536803506,0.0603359571171601,0.0685042219416827,0.0347327303219262,0.0946266574500698,0.092980397203086,0.0777653550980917,0.0935294877352768,0.138962348583979,0.0848693234602788,0.0983790724891709,0.155618641175402,0.0427494235637531,0.0810071457795774,0.0672178150640586,0.0593934479727731,0.119130220676455,0.0917871420495512,0.0817406101957825,0.0485291507791568,0.0684936693128266,0.080239735116269,0.0795048869365986,0.0633180798331818,0.0768006290157978,0.0895149493710415,0.0850825938064264,0.096286847479328,0.0793131252750732,0.0910548597516949,0.0832382750990136,0.089453230356913,0.0883930323785143,0.0990418313844246,0.105582513222737,0.105500735712684,0.0791533498698952,0.0757912018303984,0.0643148356473646,0.107591173229977,0.076889993780109,0.0783710977895907,0.125279987192645,0.0834922980465422,0.0747983611285528,0.092145530026793,0.0687235844885579,0.0943194460463774,0.0482947163654632,0.117324111569605,0.062954614393793,0.0837084317041699,0.148982380073773,0.0670055399296093,0.0571321568113693,0.0893394021897981,0.0753586264966308,0.0606661879378296,0.0602740710382529,0.107158956347539,0.0863169209002787,0.0623971513867844,0.0717951355849435,0.112366846058993
"auristellae",0.282901505657733,0.226622499941521,0.169765927574741,0.226779567021541,0.170330528448414,0.100850126285988,1,0.229321807926665,0.31371917829328,0.157448767146333,0.120069042109521,0.143857372213277,0.134588497723726,0.28599333539499,0.215931423150128,0.206432367098577,0.134815592381357,0.217138594754787,0.150521535027923,0.227703998425778,0.199289613163492,0.175707542041913,0.323703591140191,0.215560655491259,0.16332280198581,0.176771022041653,0.112862833848752,0.178967038872594,0.146275037255175,0.176058142185205,0.133175833949846,0.176793755790357,0.311942377520306,0.139296444564409,0.12406333232548,0.14310495640387,0.126198399906553,0.103383186449992,0.158744025745515,0.172803302350686,0.201116938186985,0.1761026629121,0.127105544246041,0.263362294983743,0.164588096731648,0.150979345862952,0.104830150059031,0.175459101303944,0.177131641060029,0.152995976976351,0.158966400507604,0.15814281196565,0.353128848413702,0.123956687962167,0.28216700814043,0.202578084058939,0.180919299118911,0.136596824941499,0.178768510528369,0.163325490925311,0.161929046414085,0.245393312095211,0.17217688998823,0.167581565018258,0.1648107338094,0.341185210107202,0.172017862157605,0.229137358586724,0.196578670609974,0.22041894619985,0.162121749366804,0.128740281776243,0.153786124067896,0.124457969215015,0.166038527146187,0.183785780148807,0.126957393997793,0.131033965612938,0.15893826126055,0.226314198895449,0.166985817254324,0.21913256505226,0.0897864785248661,0.133345250726714,0.169704825553002,0.154713644854179,0.333625712924823,0.122703135341724,0.110223648420889,0.204515710990683,0.150217922433484,0.138304763524443,0.0904244014142349,0.188827446804832,0.197163450515899,0.16639808440135,0.187440783758033,0.21858663994512
"bourgonii",0.188436647872785,0.199192582761929,0.165139696446524,0.19399111807925,0.170002506049378,0.082102353398446,0.229321807926665,1,0.183689656445065,0.185413366271355,0.103625665460546,0.135490213307917,0.316669590883855,0.189854384620749,0.247637731495371,0.182012377328814,0.127046661829055,0.174383790400609,0.136416651338031,0.20410141064435,0.208752696446606,0.155403997026049,0.143111066090985,0.223516377277643,0.179922924574588,0.148529383057997,0.129950385318659,0.174563153022447,0.27259998941009,0.195947507910912,0.134207429372345,0.15849123457847,0.222821731809945,0.158798238665725,0.124855589213981,0.14141843406242,0.144015435693432,0.07369714377891,0.137014974181139,0.210786878512067,0.168892651075955,0.163765349095602,0.130039238114032,0.168493997565743,0.153749488672589,0.203486415045373,0.145987188968979,0.171656507598102,0.144001142179012,0.134214815868786,0.132252799876151,0.115545534171209,0.199482895564009,0.0762271016188388,0.112599441789515,0.193855780094139,0.162728388427613,0.190705665803692,0.160715580128121,0.160072380033402,0.173669858429319,0.218244325722847,0.213160174032758,0.158443706142208,0.223216375913041,0.185743559110015,0.206555292288825,0.214110647265253,0.163370384040506,0.248060731182479,0.166473376670174,0.137991268677948,0.140687498149344,0.143931764291905,0.175890612838942,0.281807707153931,0.114133396577368,0.120598198291833,0.146496657626551,0.211840385643279,0.146195729650107,0.18505077062235,0.091537621208502,0.11391130202114,0.142210770698226,0.124640228960016,0.156105359846985,0.157650141771545,0.133911014973167,0.183013741434342,0.165513108491931,0.136095971552498,0.103636901895381,0.303956529475719,0.186988233821775,0.158515067802019,0.116407749941623,0.190536661239435
"brachyrhachis.aff",0.263336139833006,0.257799630357068,0.246292703663889,0.233747480017542,0.197505474797578,0.109306793501009,0.31371917829328,0.183689656445065,1,0.143345647915015,0.137078514285006,0.144468088712171,0.175110028318244,0.288291931393316,0.500304070587541,0.230978783900005,0.184215183224862,0.198231509209226,0.141450736896761,0.187059647076384,0.213907661916995,0.124270960474683,0.214864126951858,0.224150917714591,0.196342785304678,0.169304859880617,0.111247148512858,0.16622114603562,0.129358013685229,0.180185500649463,0.145809211517742,0.157743013299208,0.226954705021653,0.198548823262771,0.135373009512546,0.158683388397096,0.156393673994542,0.10128217627308,0.142810010343192,0.207189865121431,0.153457848678246,0.192463492070297,0.168465264606578,0.214401298097051,0.159589581498483,0.175796742028234,0.115366354758821,0.203590605502117,0.177824915420929,0.133443057165186,0.158309117038309,0.172179150850555,0.293092060430343,0.131207642837586,0.208406292641982,0.162461351088049,0.186606956072124,0.167252448974217,0.153121924208107,0.133553971636132,0.164831939653451,0.232330461375561,0.181145898361467,0.174026336834461,0.177887876197938,0.309896953446743,0.202737187589311,0.260185099466432,0.171757566801687,0.224354633356573,0.155161998294658,0.15079411121783,0.172097558108555,0.126913961482903,0.195356633872363,0.209367307013429,0.147355697160811,0.163204088568448,0.192396238161088,0.205062131712974,0.220567472211938,0.199735403814186,0.0899298200971475,0.155029158121474,0.166938994659736,0.154297742014495,0.295501282883404,0.140348783428769,0.122377258292848,0.20324710846759,0.188765717263916,0.155584367451008,0.0953857178400396,0.224153958729285,0.183576778052055,0.190391017196414,0.151950194282464,0.259953371819878
"brachystachys",0.158383215543498,0.155825073127891,0.147160965973946,0.138142496939562,0.237905060681159,0.0768982895468567,0.157448767146333,0.185413366271355,0.143345647915015,1,0.293463759514999,0.269500231073342,0.236944622338797,0.169767365480683,0.147927587973151,0.149634924898304,0.122575499162684,0.165666850866856,0.129359206997913,0.114072830348633,0.151086113772893,0.137553054980984,0.150112132673907,0.218506478034575,0.142533977137569,0.271836427233069,0.113949438555462,0.132504781346528,0.122119376124032,0.178223468490313,0.123168307405265,0.381759228119648,0.148467707375444,0.115549402396297,0.279878186285393,0.118791763976095,0.118658775498661,0.0910293022003116,0.133803319087756,0.130833254253167,0.371579797333296,0.151592269184232,0.12471399882015,0.160898237752963,0.185656235002091,0.143798900162293,0.364227346607654,0.150634862404822,0.266116195623602,0.272111077206948,0.107155714927243,0.106580093372554,0.15740376259888,0.089143900071502,0.112415166090436,0.135323403849246,0.153306282698295,0.140439846811642,0.38627532220995,0.124556478477272,0.14599903229388,0.185197991872377,0.133319637889263,0.148806466717479,0.140389059328089,0.128515832175978,0.155586289050413,0.174849483841698,0.137728019475717,0.183887229603507,0.333456630194948,0.132068523018238,0.125991839386948,0.130352190248548,0.162021222117948,0.142097544236578,0.0905848501305112,0.11854859672318,0.147888812176839,0.144179193967885,0.155688472602669,0.207273666489732,0.0776695065037753,0.0934220484399498,0.0948764280571586,0.115191987009978,0.123559486744894,0.100809913259341,0.134288642122281,0.287584184820076,0.13146949862126,0.271589751827767,0.105016859867493,0.151151729640137,0.165552038893706,0.397927494744897,0.106764838515374,0.152246201128915
"brachystachys.aff",0.118035564770719,0.117428178988037,0.122642157421199,0.139071268750984,0.373010880500151,0.0957185101602362,0.120069042109521,0.103625665460546,0.137078514285006,0.293463759514999,1,0.256578410924562,0.207353351527372,0.147894072880666,0.133638769407308,0.140251821720649,0.118676281459978,0.126105918380244,0.131035996607361,0.0905340144627588,0.154246463550666,0.105504028363195,0.0863070202148209,0.165291806183474,0.15412894295214,0.256009235269099,0.114157161908611,0.133494583774013,0.0858854885254177,0.135946902157752,0.109939352794597,0.323814518129923,0.127668101597658,0.0998605536241249,0.289598332159844,0.119528098897258,0.122963358355641,0.0437510587389959,0.102589341380899,0.117380863201877,0.298030830466236,0.147012086393611,0.137023457915721,0.135388052626096,0.0850832939759848,0.195090772368704,0.290132626072401,0.159439465407079,0.252685784562167,0.295353870989942,0.143030539386649,0.0961063714274151,0.0935745198477078,0.0380353504798415,0.0551697947991067,0.100157624768106,0.138886642733283,0.123201873465506,0.24742390413773,0.103279179013461,0.113825107926497,0.16605121299397,0.14554233185998,0.153009559854208,0.135091316464566,0.113198294111982,0.140805935638949,0.143749256443391,0.106864850663525,0.157254666843404,0.278131889436421,0.112925598472201,0.142845077584755,0.100882118738266,0.136464054455806,0.136872138832313,0.367725154095881,0.102298414249658,0.119426769441032,0.119705130369304,0.142390145348622,0.168962593887748,0.077205144082869,0.348172631704865,0.0632480089455846,0.137049904308613,0.135206221736933,0.103206910480725,0.115788181413463,0.256694661104852,0.119533305297223,0.371636626244526,0.0991402357039315,0.164933074187125,0.135528974242196,0.322485186102149,0.0588226918856706,0.152653784826822
"brevialata",0.174520689003291,0.135143811702842,0.180894738939458,0.158844541308293,0.228615360007492,0.0579837806097074,0.143857372213277,0.135490213307917,0.144468088712171,0.269500231073342,0.256578410924562,1,0.229738746669008,0.156718935413078,0.13682760045137,0.208251072226113,0.143711735095723,0.175779835497311,0.211834074690929,0.135050155033499,0.200614233512205,0.131713968010388,0.0878554149182796,0.195640709684115,0.219479760842027,0.225697003933882,0.154698201349415,0.180199009774371,0.0885048546200455,0.213981230079249,0.178225009717342,0.266566671294403,0.171867135567362,0.173062029666342,0.255054856163313,0.147015774404368,0.127433458588438,0.0572711537712094,0.142744059253962,0.2435555683437,0.282272934842521,0.179984141405736,0.167803274747646,0.160316271873574,0.134167937813769,0.149117161957168,0.261773312463684,0.223304268308953,0.254727373329472,0.281827611263799,0.146946786444092,0.104878980281182,0.142302765412694,0.0445355729850345,0.0591866094358895,0.106308136395157,0.181411032706315,0.239176418007851,0.252519843519176,0.116917100207939,0.184851681291853,0.22472464353515,0.178858645580316,0.153479650619662,0.174304825005705,0.121572726207155,0.216809539108597,0.200546947289956,0.135064193247499,0.192922498334438,0.279166420106775,0.163751365066133,0.171782633347392,0.15835734648247,0.164711965803747,0.169778509567846,0.132244285886525,0.131335702462161,0.17154077198322,0.166011986416163,0.227663757481488,0.197924296422526,0.0891989787624276,0.14490269628871,0.136055425666261,0.16268255226718,0.13286994309671,0.193285075109957,0.217897545253973,0.286452727982818,0.184268330833061,0.341119473418609,0.110726930427421,0.231543501337515,0.172031164407846,0.270430451436345,0.061647110068368,0.215378361103477
"brevipes",0.162715389092454,0.137892609510457,0.170768963594261,0.179009920140139,0.217265249612208,0.0483209276726547,0.134588497723726,0.316669590883855,0.175110028318244,0.236944622338797,0.207353351527372,0.229738746669008,1,0.152350183372372,0.237521044080735,0.14711880411,0.125182929812449,0.131122301681999,0.109746859451338,0.116078755126645,0.16635907182252,0.12280788320793,0.104557568576089,0.199610434816378,0.180669286294987,0.183990421344899,0.0942145494840178,0.156907021234165,0.226181531315616,0.159135631489122,0.129973696467272,0.234883804360569,0.158123655310683,0.11106841251481,0.193811186689143,0.131405336657007,0.119599561347638,0.0702531990396601,0.107805079248985,0.141813841707758,0.25373469719125,0.201921271615406,0.174450334300866,0.137473363489693,0.10659143225042,0.130740900341196,0.250879761622263,0.188841560947053,0.219520291096803,0.222141376936364,0.117999376580818,0.0756614948418068,0.187263728061623,0.0592872987130923,0.0622607787719739,0.118760558669552,0.153441290696099,0.204422430588252,0.238292239112753,0.0937363702678357,0.149121787704759,0.206765374950672,0.172906384088422,0.137923494347328,0.176913204422876,0.119568488018267,0.232923445716013,0.178974936111975,0.11320486322676,0.190814254854852,0.256539048500497,0.128744481338933,0.13283647393612,0.112614673593645,0.201030378882683,0.241858115325286,0.126323445904525,0.133361511225826,0.169123528444207,0.152875746628235,0.152222135583906,0.150941009832409,0.0660554090136063,0.12174434883243,0.110575552405071,0.128104417578212,0.0979873241926166,0.100932455127011,0.133581293533566,0.262950389580931,0.196171099614162,0.247061296462439,0.0879141955060619,0.304205261915116,0.142963020005856,0.309822466954171,0.0956779277837431,0.194778034194089
"capitata12",0.232889553745181,0.228092763587367,0.200734083567767,0.245690382020022,0.25092192553374,0.107685146434395,0.28599333539499,0.189854384620749,0.288291931393316,0.169767365480683,0.147894072880666,0.156718935413078,0.152350183372372,1,0.184585890274094,0.374810166991661,0.197388103355017,0.270601242076286,0.152001700705249,0.159162255624005,0.2491094412154,0.167458363962838,0.231391691026525,0.302770883990056,0.232413961513712,0.201431963444108,0.133236697164325,0.197927139227017,0.145176659796435,0.208483961220403,0.209130646013525,0.172727620129232,0.23283357066795,0.182791494477676,0.125202717416993,0.205741522736021,0.151722788575972,0.0704170669592619,0.192854733117338,0.233905776260281,0.173110609496885,0.206465360589751,0.19968090858897,0.220711346648055,0.281730381181027,0.178819177916027,0.112637328470372,0.211927329610077,0.170976107495818,0.199117679961391,0.203202944390233,0.203434378626604,0.210684716054999,0.109478594572333,0.111636305090644,0.201155135909177,0.208024498879077,0.183328355371483,0.207320583086839,0.20625281511246,0.191108004248024,0.282981555173366,0.198821627374734,0.201689595714866,0.232558185371378,0.187849577348206,0.206920893469216,0.281993917495682,0.19416803370875,0.251434032747375,0.181202834472084,0.182021153165953,0.203934215689612,0.145244180924356,0.225673039879884,0.201334232404844,0.16949602576284,0.20883647418187,0.187309674173315,0.188942926428722,0.230687315749696,0.260929359842451,0.130599260698891,0.149722328182916,0.118224867011558,0.189183689663511,0.190905210272817,0.16586164513768,0.13158286992834,0.220396097260499,0.188231742840024,0.159484001745476,0.110886305148446,0.223104744755541,0.230083585777416,0.157746406835547,0.124620185070817,0.256644070457697
"capitata33",0.222991825270014,0.217070649527384,0.204325261493319,0.204042075987679,0.189410738241647,0.0974543228820331,0.215931423150128,0.247637731495371,0.500304070587541,0.147927587973151,0.133638769407308,0.13682760045137,0.237521044080735,0.184585890274094,1,0.194521466844277,0.134796064958034,0.182708979911467,0.143943682266986,0.161122013958831,0.211961225086181,0.1423060492262,0.154031541358127,0.201043593299193,0.183216707194824,0.137280125558681,0.117489175007968,0.165018784996535,0.321282543941033,0.159088568668899,0.144385438093988,0.152969877365253,0.21758795377285,0.157894747910346,0.1174200891452,0.159306074155768,0.122787062217762,0.0871923031204857,0.129858951149495,0.166272171335455,0.172896471049005,0.189603583627459,0.151963463214332,0.171406051575361,0.159233628678277,0.159728086198363,0.11197193420627,0.170756289020934,0.148137937112288,0.130240006083527,0.143949433685599,0.137904430526983,0.219132364839304,0.0884925399407766,0.113868145756886,0.157113466880725,0.18525943197009,0.161440036139432,0.145441065481326,0.107863009986996,0.16447715761687,0.20380153527643,0.174627818496796,0.167345736459287,0.159964845576676,0.199984505859157,0.181927947368058,0.215313649065166,0.146769411330336,0.215888154632989,0.155538778500342,0.130220334380348,0.15755203451362,0.117627315331194,0.164635868941581,0.238076556476733,0.142298234255546,0.12199584927524,0.163027880894921,0.182924916540531,0.159933370015037,0.176366714501254,0.08494850397949,0.138878790811592,0.156084666971653,0.134909749130811,0.187312797840277,0.127815275253309,0.127330647692377,0.175768123344043,0.211720006074581,0.130887954097646,0.0918810412509431,0.249793576864312,0.177986872105444,0.173154616851479,0.103034201134675,0.235372158763203
"capitata35",0.226552956076442,0.206587831256671,0.249001190988945,0.215273479100701,0.197450263901948,0.100992433070621,0.206432367098577,0.182012377328814,0.230978783900005,0.149634924898304,0.140251821720649,0.208251072226113,0.14711880411,0.374810166991661,0.194521466844277,1,0.199446784979326,0.246221314588343,0.170433706946294,0.167722667772143,0.246283790011994,0.210274217672036,0.175042063254443,0.23421562503527,0.261811098816489,0.164912395063304,0.142700995228884,0.226529376243121,0.136034551813598,0.21302792170247,0.182809886650851,0.181528205312111,0.228420369578226,0.177422538036987,0.148448621094327,0.189437072868128,0.165806199716781,0.0650252582530971,0.169862663383089,0.234639326851619,0.174421502938789,0.230441592056704,0.254145891527998,0.177618856548206,0.184171101347355,0.185108956208261,0.124162138168563,0.250794526591854,0.153373987184755,0.170352954164268,0.183395000131045,0.148543127488677,0.193498909311893,0.0789214077989907,0.118794079439774,0.155527530471005,0.232262049354658,0.198189595726741,0.153587664690611,0.158934239122654,0.244748074154789,0.290948169289452,0.203724316257864,0.202188567995809,0.205077001661554,0.173038962871461,0.238083560118375,0.24543961444758,0.199602189463542,0.260312332881157,0.157984469284445,0.179066701610382,0.228069028015114,0.154778458109081,0.257053548202369,0.183895145770621,0.172306467543461,0.183337051847176,0.220741365643107,0.166239387051418,0.209594623538352,0.234433981677059,0.111071697356946,0.172681434713806,0.12282868295407,0.152280974864076,0.166249582069229,0.183650856441291,0.139679030747346,0.223839908963492,0.202134324845811,0.160039380472167,0.125194127404264,0.222617084748044,0.188442757481546,0.171398143190728,0.112433286151102,0.272191499223539
"cayennensis",0.170720164540583,0.164254578515334,0.319507899759975,0.20189705458782,0.171571475692238,0.080453925661597,0.134815592381357,0.127046661829055,0.184215183224862,0.122575499162684,0.118676281459978,0.143711735095723,0.125182929812449,0.197388103355017,0.134796064958034,0.199446784979326,1,0.236435987084029,0.146624104604486,0.115824237117603,0.194336082172305,0.138672800822897,0.106842215249053,0.207943925816946,0.209021357089068,0.105778703591906,0.158723031974942,0.14439488646438,0.104086303430112,0.190149424390627,0.150224466158948,0.178154117785423,0.194335916361675,0.15082448458989,0.105639278682563,0.165778593862024,0.312906697211192,0.0469791685577242,0.195009022406249,0.15839338955499,0.135178229664994,0.208327862285147,0.152773675507252,0.144735865615082,0.13168279018426,0.146241690385472,0.119453415547762,0.224784400383472,0.156106351150648,0.157559981037117,0.221350111152845,0.126665499785728,0.145510717522167,0.0646557423781346,0.0604084652931161,0.126775419467246,0.182288803844876,0.205183038058618,0.155777079143628,0.215606469507341,0.172781027481525,0.231682380077994,0.195236074061823,0.168073011045176,0.23317206742213,0.122607327796562,0.179568588935233,0.200273831189373,0.165967349131079,0.208087282520502,0.150829589040328,0.15904071032917,0.186880802941856,0.137824459256357,0.197610403525661,0.17481251374355,0.19163169893132,0.182265871036135,0.210456627219203,0.200863956003231,0.262860529929829,0.200805759121957,0.160540774202777,0.193210565223641,0.0760094791922646,0.267803831784246,0.114515378530308,0.148694551328831,0.152614597522464,0.160747571417855,0.22389653637855,0.152340037039218,0.105240714557763,0.158053142796907,0.170649046849584,0.152223523532728,0.080601689133261,0.207533388498412
"chartacea",0.21659574393107,0.328986701564036,0.194117526901235,0.23835809695114,0.201044748916121,0.0995276822474123,0.217138594754787,0.174383790400609,0.198231509209226,0.165666850866856,0.126105918380244,0.175779835497311,0.131122301681999,0.270601242076286,0.182708979911467,0.246221314588343,0.236435987084029,1,0.172113195268071,0.145016907743318,0.235229825888846,0.15639174902629,0.178514593180753,0.249738942490253,0.237859970603533,0.127948024713607,0.165669015425029,0.188283574470993,0.145553602397147,0.224439699370912,0.159280013025698,0.161887358302187,0.270483339647136,0.170176386763364,0.150693467624782,0.171670710458933,0.174027360548852,0.067979725222517,0.181507466441717,0.198536790462309,0.174324729941699,0.211986273414763,0.20137421534418,0.224548945794831,0.219831337194486,0.169591682062895,0.122806033484425,0.190701042984867,0.155556770326984,0.147526658600036,0.193431529689095,0.145931419348943,0.199554574296479,0.0963868802812964,0.1142513044701,0.154702782071292,0.247949828459015,0.183304123567693,0.192055436436243,0.223024525010556,0.201292737957228,0.274572986384796,0.195964619280756,0.181277475079172,0.198435417914543,0.195455859616073,0.203900427633391,0.273184566547534,0.186278461357098,0.243708987339557,0.215203338134029,0.156528197570554,0.20729494258882,0.154492960993209,0.204658826044945,0.180351516631181,0.135551029698834,0.164665502623268,0.212041240483749,0.232674871611497,0.195737640869002,0.241345676591622,0.106994886080969,0.16477157496193,0.108765257049234,0.182519601563132,0.180479075481833,0.154949156418357,0.158921816170014,0.205062039296457,0.24496118327292,0.151150396823544,0.148390681088894,0.198489609585424,0.214221908268765,0.136435262428332,0.115171824008161,0.243179552745704
"cinnamomea",0.196551879862446,0.142892128806313,0.163756355994215,0.164591770726753,0.138547906905116,0.0758693253361208,0.150521535027923,0.136416651338031,0.141450736896761,0.129359206997913,0.131035996607361,0.211834074690929,0.109746859451338,0.152001700705249,0.143943682266986,0.170433706946294,0.146624104604486,0.172113195268071,1,0.100617169673334,0.16488941841871,0.220045552110739,0.144981302481468,0.22855254620797,0.22745729081541,0.0855498377635068,0.178770138380261,0.156970378804447,0.0962666111071441,0.28146044529058,0.160030324663522,0.114881170963513,0.15782061486624,0.157140658677157,0.115770391847062,0.134503449214802,0.129094978710304,0.0506536305906969,0.176178611973317,0.158739070472531,0.140975312556487,0.167842007129823,0.151504382684499,0.148852296812499,0.132114955377475,0.147980718738747,0.185871428514744,0.199514817943952,0.104029431437013,0.104293416138318,0.171435190825139,0.105741144287107,0.133382731259629,0.0546520163358272,0.0651353999416433,0.134046948824835,0.19699753504687,0.305627993844904,0.219155666424822,0.122204098776461,0.209942258412166,0.234170743056298,0.165659020674138,0.153339432204089,0.154971409643004,0.136248483513954,0.193457969898681,0.203939725193203,0.146543237075061,0.191732942680393,0.126015913965891,0.148918462154848,0.167049174213015,0.259355406045225,0.201894982065628,0.165138717351348,0.131839502911879,0.132285421065615,0.149339829216522,0.135759030518087,0.181126050490779,0.170338095281586,0.101479268133478,0.152602341948222,0.0759442889153584,0.166295753336078,0.147808635437567,0.134103841483414,0.18435761708905,0.224090631843303,0.149044884843149,0.151877507899635,0.104894914906909,0.285949381389788,0.189135244503622,0.174502612796511,0.0715700415664882,0.204841524924025
"cocleensis",0.173510618544312,0.150022350924449,0.126278353761762,0.122658121715446,0.107695602733553,0.12412093193918,0.227703998425778,0.20410141064435,0.187059647076384,0.114072830348633,0.0905340144627588,0.135050155033499,0.116078755126645,0.159162255624005,0.161122013958831,0.167722667772143,0.115824237117603,0.145016907743318,0.100617169673334,1,0.138212670925746,0.128751287325965,0.151615099965316,0.132436013595796,0.118453538761441,0.143984840206749,0.0822409214694131,0.145725455690794,0.107238464277673,0.154276927066753,0.0924724769493534,0.115365355692498,0.202253998290666,0.1181438101493,0.10957049397511,0.0895757972293209,0.142773809958799,0.0548078148405596,0.116270215074137,0.14784021567684,0.133086872417799,0.154575990669113,0.142862631021111,0.187678264549712,0.122081882578994,0.177948452244064,0.0820756044848651,0.129068277648321,0.138896252510167,0.0862742454539023,0.131874750028662,0.123609516404836,0.153353642973454,0.0692501210692575,0.115663563718559,0.115202905717156,0.108765766472946,0.121920645783839,0.112797327023713,0.123536257178156,0.141274211491898,0.189234297839606,0.120391017824777,0.15179777528986,0.158309069451867,0.179483711118471,0.156975101348845,0.150254814781095,0.145259717783361,0.204839223526395,0.123010756874058,0.10299590024421,0.1022477536715,0.110356297000694,0.126291752582377,0.14371985244913,0.102388869910395,0.109658392417643,0.134828682162262,0.153436162331066,0.104967223131946,0.134730491013707,0.0680694069971749,0.0904448598613715,0.159485566688697,0.10238566959386,0.168615490222576,0.10545584372001,0.128286695298752,0.14391247674151,0.10548251951598,0.0937689612663915,0.0801140638721897,0.140942974850521,0.152534242983999,0.127234946007079,0.138866760576778,0.164986347481625
"cordatoalata",0.244978739324915,0.205942133018028,0.234845944747812,0.257921821649333,0.156913682061562,0.0953541930920607,0.199289613163492,0.208752696446606,0.213907661916995,0.151086113772893,0.154246463550666,0.200614233512205,0.16635907182252,0.2491094412154,0.211961225086181,0.246283790011994,0.194336082172305,0.235229825888846,0.16488941841871,0.138212670925746,1,0.182099635706745,0.133392353470958,0.31606693858092,0.323416985270829,0.0956365864087592,0.143701952151084,0.241158576392077,0.172556636753214,0.310846108155836,0.260859416188696,0.179815861112727,0.236940630301233,0.188768738407786,0.191719262257737,0.230609181690101,0.183856299967826,0.0742623268407724,0.17763054842869,0.278313709687817,0.177853136044016,0.241442856333681,0.243548049568107,0.184862271519828,0.208987061145272,0.171409664752229,0.157350927362283,0.270563885046071,0.154751053379886,0.161112886144346,0.167024108313626,0.143077797171486,0.209652611190192,0.0737051072712033,0.0807992187847738,0.151837455927918,0.254080663223529,0.228079840376332,0.176995462941976,0.140717070263354,0.281053644858129,0.29191188010562,0.272830458904038,0.222484242450573,0.244756518457681,0.166080705355802,0.28472797005873,0.321395307792031,0.175878584303263,0.269818502789379,0.179043290023127,0.219342401960326,0.228641462355507,0.186800551751559,0.251513855346627,0.249048680904383,0.143579417823438,0.186373703442681,0.232844165942039,0.184014109032522,0.253605816594673,0.238040922576742,0.100544974672977,0.16946942564849,0.123154083407868,0.205415590307782,0.169626387735267,0.163959336117093,0.173959619275046,0.258600708562585,0.278098587192694,0.263807712033426,0.141620052509816,0.269920602533737,0.27026666293874,0.19641452742666,0.101361555969297,0.282836810452687
"coruscans",0.178761130776935,0.164622080397752,0.161458899825094,0.204536162343245,0.14372827250084,0.0793068295705343,0.175707542041913,0.155403997026049,0.124270960474683,0.137553054980984,0.105504028363195,0.131713968010388,0.12280788320793,0.167458363962838,0.1423060492262,0.210274217672036,0.138672800822897,0.15639174902629,0.220045552110739,0.128751287325965,0.182099635706745,1,0.207561138305248,0.207634440511489,0.184042030295053,0.0943464098405715,0.142448468965492,0.18065812002051,0.0968122396697969,0.250310273685413,0.148064345690589,0.11518864581748,0.215504271846705,0.158905606901762,0.107480348272566,0.155968898710558,0.158495408010592,0.0478863257196905,0.1353654666576,0.173064058811427,0.147023699105127,0.167492475305251,0.160638306790151,0.140876176586237,0.135407682162828,0.124647118407566,0.150671565538599,0.205766829582905,0.106519914562874,0.155441531945805,0.140060261337501,0.124726392104996,0.123671940051709,0.0492280772450568,0.0581598977692653,0.11458329240137,0.166706720719167,0.1963045548157,0.214996977481766,0.126790390185535,0.23536553888251,0.265443624731835,0.164379585384514,0.193905391100139,0.188895470729274,0.122781494058291,0.193896252880715,0.191847287912161,0.152271936094767,0.236548982181983,0.142878150431681,0.132113206967354,0.149099399979858,0.210246127624294,0.19467870684007,0.149491057301002,0.136984334588841,0.135147859575268,0.162032462036889,0.112198057861185,0.171878242814999,0.165031344697722,0.108423185056168,0.11992238322584,0.071561153199742,0.12327826635864,0.116353057885303,0.134047675020228,0.156834524322214,0.238611613103667,0.1720120782574,0.133526353212492,0.122526561349768,0.15675209802286,0.219427023345748,0.183805809625127,0.0767166264418033,0.17977495641229
