"","acreana","acrocephala","acuminata","alata","alba","aria","auristellae","bourgonii","brachyrhachis.aff","brachystachys","brachystachys.aff","brevialata","brevipes","capitata12","capitata33","capitata35","cayennensis","chartacea","cinnamomea","cocleensis","cordatoalata","coruscans","cylindrica","edulis","fastuosa","flagelliformis","fosteriana","glomeriflora","goldmanii","gracilifolia","grandiflora","heterophylla","huberi","ingoides","jenmanii","kursarii","LA17","LA41","LA48","lateriflora","laurina","leiocalycina","leiocalycina.aff","lomatophylla","longiflora","longipedunculata","loubryana","M18","M25","M27b","M30","M71","marginata","melinonis","microcoma","multinervis","nobilis","nouragensis","obidensis","oerstediana","paraensis","pezizifera","pezizifera.aff","pitmanii","poeppigiana","punctata","retinocarpa","rubiginosa","ruiziana","sapindoides","sertulifera","setosa","spectabilis","splendens","stipularis","striata","suaveolens","subcapitata","T18","T21","T29","T50","T51","T82","T85","tenuistipula","thibaudiana","tomentosa","ulei","umbellifera","umbellifera.aff","umbratica","velutina","venusta","vera","virgultosa","vismiifolia","Zygia mediana"
"acreana",1,0.28603707610133,0.308924355314191,0.317247000231656,0.28358881105803,0.219629385293773,0.199347990581714,0.280606225863602,0.265193038398686,0.160957783815603,0.161597592343791,0.238898744857168,0.188102060104497,0.285711041468084,0.236113508653353,0.32727581172971,0.247110654799213,0.363633085986594,0.20349573526041,0.190310642785595,0.218107348355866,0.235020969179384,0.210842593850215,0.334742222602952,0.300179441168291,0.228249543309505,0.080344769829251,0.13855913395483,0.261347624606434,0.196737834128537,0.158583680119895,0.201773859637831,0.357651036967409,0.276476694747676,0.204804863855626,0.148383582228623,0.210237552251767,0.223887741122735,0.252628319373428,0.25935235285766,0.250974492291231,0.188106222904279,0.132060699149299,0.264046315909666,0.202727057953553,0.180050550300219,0.102395537777442,0.270108528088982,0.274033447200626,0.148694115026907,0.170768036328613,0.291058471937465,0.249704995311052,0.321650757319027,0.214023474087491,0.167570700523148,0.200073625695083,0.204104819112535,0.314937100406679,0.199001057067969,0.198965639894504,0.267791946612972,0.260227498725627,0.308723250148051,0.21530006188623,0.213012522582941,0.221360415174032,0.234686957474709,0.185596537298992,0.332461808617248,0.177412159977719,0.159579339001085,0.293461529956408,0.221342885182271,0.189972027222617,0.333183694279779,0.0885119140827993,0.323286203282329,0.141150594309147,0.271418628259566,0.182829097788432,0.282299356981556,0.212033316120761,0.268847701399522,0.249014311705639,0.158309662645473,0.287306494365173,0.225286539655358,0.137185739829743,0.196751157345962,0.0784511365235784,0.164202460088473,0.166119046272723,0.225025144531474,0.314405131924921,0.104675727481938,0.230227522273851,0.291344620769455
"acrocephala",0.28603707610133,1,0.226326037623794,0.231653556197364,0.198514117481975,0.186525981225962,0.190594900581433,0.213491121316445,0.216383863719813,0.135444675730421,0.125851243821341,0.180078661853806,0.156094421829911,0.242920759376843,0.200279454744771,0.229174439918725,0.207538667086703,0.251319600785625,0.183290819756111,0.1327897458466,0.146207631192749,0.200200505191733,0.128616201852238,0.265079965381972,0.224792033365193,0.18304572858406,0.0618006569421516,0.114907318121284,0.210627681533769,0.17416599385877,0.157000107633146,0.14718406794262,0.255864920108536,0.270673735125172,0.172945997597455,0.14867207351334,0.211920339049711,0.165293644457377,0.222149746235897,0.19597906717062,0.168713079440111,0.148397208670528,0.14501537118594,0.232031267799996,0.161552465407744,0.141334145555618,0.100937158736556,0.235269188469632,0.202843357640186,0.154592617483519,0.185288596874374,0.261372864701429,0.1968822638773,0.241853663537095,0.187419417692115,0.20086123371288,0.164337512921769,0.19210979058583,0.269122619746266,0.188000714546871,0.143744728257402,0.192747110997481,0.184476521076862,0.250356889204254,0.198465913220382,0.189798716221029,0.186650514639599,0.289147058666009,0.117973119209908,0.205840822978646,0.143316495919296,0.13773117960756,0.179949101735906,0.181294663833331,0.141107730444776,0.284060735002287,0.0708669946185015,0.24108194305874,0.118469232511356,0.205468092398776,0.199351392280635,0.226503471081158,0.191143151723681,0.233471258113587,0.218155832644361,0.168197668879536,0.24261964494278,0.171388240648048,0.167698602050225,0.144378068218877,0.0765087091406167,0.140908408531485,0.136572935892705,0.191308202773939,0.220463324217004,0.0966263996842519,0.170868445334946,0.261186359756943
"acuminata",0.308924355314191,0.226326037623794,1,0.30438164427774,0.239814361912827,0.148614204215896,0.13858168272645,0.329311097746062,0.193265154165002,0.122389036281051,0.101735967307641,0.228108333210254,0.151849586616996,0.165754986570548,0.164510447762087,0.306699783476427,0.222900533714219,0.271085430937721,0.16601896753352,0.0965270763374223,0.121275147254612,0.226759393026063,0.18123288498733,0.322884003642011,0.361819389382304,0.167870731330095,0.0379185068578814,0.0877837546074912,0.178760510163404,0.190429575435527,0.100978046700357,0.113724200969085,0.33532640485113,0.354945126130773,0.166466807429702,0.115514520688642,0.174788885147445,0.380373907043319,0.247564699703848,0.33010987051253,0.173481329495017,0.132638000891595,0.119626783246739,0.186096557733052,0.174769835788254,0.107978134329988,0.0749416247043402,0.257480407143909,0.240568226975527,0.0985461609270402,0.122181855156977,0.344546840990047,0.175890852886637,0.450005516671574,0.183372701305078,0.141441125080833,0.152861710099659,0.1679347621494,0.298826771571003,0.138189007925397,0.120542917671178,0.22121458465284,0.202363523091198,0.311972492219313,0.152427630402981,0.151854723877653,0.15760178356692,0.178278991389133,0.123873987208354,0.187955393299646,0.150158526050815,0.129980448777177,0.282253009474647,0.227863641663424,0.10840161885902,0.278411908447499,0.0434144297019351,0.389044749124781,0.0882562353413298,0.345958703325904,0.172141217870984,0.253245363162673,0.229949151736056,0.255833677502523,0.369875615857088,0.134781921175974,0.228555696423223,0.173335383993803,0.136835650173738,0.168853030404732,0.0506289226424831,0.129602172179162,0.129445530055213,0.172285252926967,0.384129629874122,0.0737291513120254,0.197527658950774,0.384202262627978
"alata",0.317247000231656,0.231653556197364,0.30438164427774,1,0.377366943880648,0.232111779424577,0.236649185462401,0.244243699267646,0.220981844150015,0.307674020715023,0.159320545471142,0.253444485976482,0.195273951432991,0.257630685597974,0.234090467413718,0.342520995613914,0.264019690661179,0.360480970117469,0.22190329308744,0.142390934074108,0.22465759986886,0.273630243925286,0.201147199887833,0.335971378438373,0.262681979006649,0.224087109260407,0.0836917583162337,0.152830257510091,0.213175098472572,0.205577460521117,0.143833634811196,0.151614266041896,0.346692771976961,0.259483692295271,0.214576846615278,0.14866199469963,0.213200928063725,0.28209760117539,0.202983091891829,0.223364502600199,0.310333541892216,0.205726026854818,0.129976446362606,0.356310153881615,0.233569664360954,0.174167738502407,0.109333312676688,0.277766470458829,0.2892524697751,0.179046669468457,0.159826920938904,0.246611678590659,0.241544553075159,0.279916381102955,0.158321941928854,0.16187532700558,0.203927380694341,0.204525005221786,0.275742746429512,0.191357849916186,0.187313410901747,0.243429694545971,0.275800307884816,0.272016318569303,0.299631529382354,0.261869924165555,0.189540557288074,0.248758384590912,0.170139861756407,0.260321044627499,0.207338759492828,0.179558671486297,0.318468636574573,0.224494387821707,0.1854241971921,0.278952867434001,0.0966823358573884,0.290514912264461,0.1427882942849,0.257276216602145,0.206510673000132,0.265366517661332,0.235018795304059,0.252039334139706,0.27236277406939,0.153529445303085,0.254774547838295,0.25285146353581,0.137965799688469,0.317367753701564,0.200688704188524,0.160051762732603,0.154311365904646,0.204342110324014,0.270060707235165,0.105451987989809,0.196038508160545,0.303553069398888
"alba",0.28358881105803,0.198514117481975,0.239814361912827,0.377366943880648,1,0.243808498651421,0.205045899393787,0.195485741715122,0.194988118592053,0.350644881951364,0.255544716139859,0.352056602380799,0.265854648886049,0.228661170963306,0.247222303271742,0.30865362759455,0.227746317221233,0.306473439675601,0.218667456457412,0.172346575603507,0.215011522366662,0.200691911444052,0.26621336957312,0.290079119354498,0.234620498891325,0.338417798366039,0.141638826002275,0.28317402219334,0.210954451927755,0.160991144576292,0.130752236428986,0.300149347064615,0.314277031888785,0.234971891656739,0.283589874297089,0.147951085938135,0.175895955921583,0.207847372971089,0.181441923946337,0.194288256149158,0.352859388821559,0.211872524343218,0.111027772997672,0.303133581263684,0.221632498563637,0.210770792285592,0.210535610277601,0.271757770946124,0.376055974169402,0.31463140579024,0.115159998837362,0.238222019501601,0.207027223724611,0.265368971471457,0.156405662642326,0.150272986537611,0.172792998041543,0.171617488210929,0.35470941314382,0.171299452309159,0.232518116740744,0.234007404187287,0.29470381287723,0.259925579104665,0.316782219967332,0.226394354780126,0.20433131536236,0.223687547351386,0.238987675366038,0.242857980544306,0.317305599070252,0.165892604070026,0.277460118727356,0.195853687178328,0.198392885831955,0.249785913987151,0.100507480242059,0.254584366493827,0.18373938140074,0.234456431800376,0.167421847843363,0.243840848383804,0.194084557610929,0.220093376670875,0.257043210678212,0.134742376227492,0.247573960452166,0.205141785862278,0.127811959736924,0.326105697896657,0.109661186273455,0.24832240680993,0.134535287865208,0.208865343486186,0.240240017444282,0.207061169945629,0.17236773357672,0.255560200423895
"aria",0.219629385293773,0.186525981225962,0.148614204215896,0.232111779424577,0.243808498651421,1,0.180856772162691,0.136101889820213,0.212919846755878,0.171029757264893,0.142595025382828,0.180726600514681,0.160230268832294,0.213092849108052,0.199954544081767,0.22201400084617,0.168186315220861,0.213010368417904,0.203250411116235,0.126029666819213,0.194259370353599,0.183155455631113,0.168127786823182,0.215191184327175,0.165409801124011,0.163178573629566,0.0918164714170091,0.129770510390306,0.194961675761414,0.142107270594792,0.111021839760315,0.126419471684589,0.210331623827153,0.170394591712541,0.134941569353856,0.136339836104108,0.140936037273157,0.134803920561766,0.15234065347791,0.13564918345761,0.155005766673613,0.180773172045292,0.10615621941087,0.192121654645472,0.206721035773449,0.189319767422747,0.0919365454004968,0.210438729317506,0.202939487707897,0.154085294910093,0.142329488391337,0.16339054545252,0.14639315099613,0.167766897929066,0.131982520322347,0.130987345085033,0.147800850503412,0.150046332583895,0.186137840616707,0.182540974110476,0.155568155800269,0.190052967396775,0.206321152685358,0.176819626510963,0.201542808558411,0.20503164470289,0.180236547589187,0.178912386679757,0.140507883211774,0.188943681863479,0.180936778685493,0.128404849651832,0.229554046900009,0.178223254064916,0.13577137946277,0.209457858919839,0.142924307504801,0.169004937642835,0.13692473608745,0.153278823647562,0.140074974649538,0.167297419356059,0.150861594980573,0.1734852047596,0.190859056098439,0.135952319685003,0.191523489743674,0.179367666031045,0.108254391756163,0.154730929200006,0.10129490110415,0.159614625357946,0.125414782697897,0.167272322022594,0.156563929198951,0.119678843862304,0.143507147889877,0.197166095037682
"auristellae",0.199347990581714,0.190594900581433,0.13858168272645,0.236649185462401,0.205045899393787,0.180856772162691,1,0.156149452537105,0.194177232363301,0.209503889004527,0.130049070693398,0.167183986008803,0.171593829330131,0.225213230533522,0.200950855563738,0.20695792185976,0.164561673985544,0.214025151772562,0.158297887330607,0.125122597244608,0.189483293442202,0.228733207020863,0.154704512473633,0.248387731238671,0.157186702033266,0.132225795131729,0.0804034612982264,0.125567079338352,0.198939174851579,0.193220061782178,0.161282542361635,0.154895031569883,0.261727474622929,0.153057863667053,0.135780943991835,0.171714483965073,0.184386229718536,0.206392273410798,0.137239205214246,0.141345843423514,0.153557570814556,0.241186951908626,0.192338260918625,0.205195053248841,0.188138530094253,0.142366064199286,0.0995376678032353,0.17863843555147,0.171713808690214,0.153133432784874,0.153967568940612,0.141704575034831,0.202346713736373,0.15941769276046,0.135340115075799,0.152777005914924,0.217633469602718,0.154364009922418,0.165645682835365,0.176378071121458,0.166546854322768,0.210710581783885,0.21650849893626,0.171457910584211,0.212790979912751,0.242212255742967,0.254088292696441,0.23283022661601,0.134175413131329,0.224571218612917,0.186712901626744,0.141855800550096,0.226447038161679,0.165414435476535,0.196176589655556,0.209405153163838,0.12121623957811,0.16301092306538,0.132614735346712,0.173661710624901,0.153227831113069,0.221872209434108,0.181039196660665,0.185132155558159,0.184207054019558,0.150831996424946,0.19847298681118,0.150040557642603,0.143160940549626,0.169755511286589,0.105015444112115,0.135189954271939,0.147913380723478,0.189304460568679,0.175078841863501,0.0991013314309479,0.17685558842713,0.203081704823519
"bourgonii",0.280606225863602,0.213491121316445,0.329311097746062,0.244243699267646,0.195485741715122,0.136101889820213,0.156149452537105,1,0.215956738219935,0.144421153001014,0.137886255154493,0.171957059251248,0.163054512099818,0.187858422243333,0.189670505267179,0.279749635007845,0.235909194966632,0.264517968023293,0.156669683851616,0.110352532898204,0.149687519109335,0.188357221734185,0.194428305857316,0.357569946539194,0.335437699119922,0.184435400258942,0.0575689377283016,0.118444138568587,0.187806205583738,0.182251941158267,0.120617251362344,0.120021685884521,0.323285302101915,0.226948801763463,0.186294746026443,0.131375318558371,0.187628080334541,0.193434280075466,0.201808455506215,0.345316598783422,0.185106569021656,0.219158601866681,0.143381604260369,0.197740807136579,0.161103704423726,0.156201080491566,0.102592897739397,0.198315242922279,0.229062053039691,0.12062405613238,0.162536206721988,0.257272668095772,0.187396843415607,0.330636689932097,0.179084980732561,0.161908410339328,0.185362140998725,0.235671989018167,0.281534304370352,0.137944758500198,0.165659782576602,0.267826606936258,0.191983573632099,0.234293043605111,0.162509551863847,0.206263638729825,0.16955989555268,0.201041122484654,0.123008526932837,0.240531975364507,0.147060510382175,0.151251891012865,0.312332706434902,0.180425356193329,0.151376977177223,0.269318453029851,0.0654296477790604,0.306558459547314,0.119485192765446,0.391966201109905,0.18698732464967,0.297400127145449,0.225830835554665,0.288848297358388,0.29422861756462,0.147530463997322,0.277761233399102,0.167470180236392,0.157834382781069,0.177359154079876,0.0559838908081532,0.128009828456369,0.125631418772561,0.182787045715768,0.355932175858031,0.0755307163158512,0.20736772541176,0.394540965331701
"brachyrhachis.aff",0.265193038398686,0.216383863719813,0.193265154165002,0.220981844150015,0.194988118592053,0.212919846755878,0.194177232363301,0.215956738219935,1,0.145652627062413,0.11973623440385,0.167615671573143,0.222265890132252,0.252905428293065,0.227598655713264,0.254354818248992,0.261987607851418,0.221359081731051,0.215918923823891,0.133964422820198,0.183044221184724,0.21978865668393,0.166027178868749,0.2922199414303,0.205669380826608,0.20434382459702,0.0687191250006471,0.148506663435766,0.19817357834984,0.155152422285906,0.14642266327764,0.135114821226029,0.295208838971542,0.202035590008976,0.153586239425624,0.154879808492552,0.208926512368966,0.153674682693622,0.172650736255031,0.183562282916879,0.173835881097086,0.178832344190516,0.132356956841672,0.200130765904632,0.174497851900603,0.132141128536875,0.114352196978271,0.203449843256017,0.182937386481381,0.130605132483752,0.147877041045772,0.245184034406022,0.19437360927187,0.270135369241985,0.217246634092405,0.267863137453818,0.188328169249373,0.161891412402421,0.269470730626157,0.16025713877545,0.157411853405752,0.248948485753424,0.22024172385714,0.224318549829717,0.202995874604761,0.225191183471487,0.199187552594581,0.230605567225781,0.138829874034877,0.281226337485863,0.167304642545933,0.142134204068973,0.256904275355083,0.193696303022952,0.17310387145587,0.26075980227935,0.0765697721447891,0.22268663458757,0.139055442370965,0.203955468485039,0.183922560615787,0.25623341230804,0.165174974428811,0.237719434266612,0.230566360969605,0.163628236859722,0.274983084220161,0.239692457208024,0.154336694770351,0.171381917950482,0.0837031832345473,0.1438992074095,0.177786068182476,0.173657712909495,0.256231265197935,0.087938385052182,0.181745279738763,0.239358802415968
"brachystachys",0.160957783815603,0.135444675730421,0.122389036281051,0.307674020715023,0.350644881951364,0.171029757264893,0.209503889004527,0.144421153001014,0.145652627062413,1,0.315816532249192,0.337238100303262,0.220118688571433,0.169964306610937,0.154986366025147,0.181278917305399,0.142868829231703,0.199315237872025,0.148962766225107,0.117963937968366,0.161639935313516,0.132672766096582,0.182755155262526,0.16369585305082,0.129847891605771,0.301609688158707,0.0968285448665562,0.148301930568456,0.145822397049197,0.123173274733587,0.112817232241484,0.362159988374735,0.194071670718025,0.162745062914411,0.302708458288271,0.110446785754723,0.156537001467186,0.115242927666824,0.0993720930754586,0.117469979153518,0.407175120645515,0.148033740827179,0.0982065403853846,0.245163365460905,0.150144069333716,0.136359980137371,0.33434533840803,0.16630440824797,0.307846912984888,0.319115870001065,0.101325374867235,0.114238154434293,0.146389226813346,0.137572198931858,0.0944565920116153,0.12067526654813,0.151410413422088,0.158653480734644,0.251140040756624,0.126541860144791,0.144797490637281,0.140747752485451,0.185868777198546,0.135316383196522,0.24839803383004,0.217361533157928,0.137153203995207,0.144430509098032,0.168233304103979,0.156821774083292,0.341140617964609,0.13303775870484,0.205648892832098,0.133277481245739,0.171323253130706,0.150813546884417,0.0864374149427033,0.159725161802704,0.122795671787592,0.137023162766053,0.106599933397563,0.179914044563361,0.138931510490406,0.143601409563844,0.150917725075953,0.0985241212844506,0.150440238481244,0.166108465788846,0.108681244373338,0.34789186744247,0.161931096985485,0.301279322368879,0.101958226846932,0.124877697507221,0.138376413526487,0.319725056829395,0.128653534547043,0.134052569553792
"brachystachys.aff",0.161597592343791,0.125851243821341,0.101735967307641,0.159320545471142,0.255544716139859,0.142595025382828,0.130049070693398,0.137886255154493,0.11973623440385,0.315816532249192,1,0.292261634979276,0.208763357064304,0.13880438872751,0.135425913422631,0.1429486936238,0.145055826607324,0.149010294471411,0.125477276950843,0.120655306512676,0.157821275216576,0.123448165084545,0.12025659165089,0.145095847248786,0.115056299307764,0.273922820748384,0.0517107553378473,0.0997212330104189,0.130614087633532,0.105665395021779,0.104951733007996,0.313374461533364,0.145044700756535,0.0961850089256956,0.339053075107905,0.0988264922443515,0.13170463017197,0.0925426144088764,0.102994539583387,0.108318830329886,0.334708567594607,0.144899814043007,0.0983482513002182,0.199569898393706,0.113667870461203,0.155432064259494,0.293732057491874,0.132000043843619,0.313996360209891,0.257236953390937,0.116324184884668,0.0970950429238586,0.144384874390201,0.103077012682611,0.0875300775140008,0.097019302498911,0.121962209875432,0.107924116445339,0.257754010750944,0.131347919248775,0.135852900460702,0.126510275921756,0.175828939520582,0.119423835955258,0.141964660731469,0.128966419046944,0.140822321624808,0.133437045523668,0.0911603777699136,0.144490849489629,0.30968633562258,0.133335585448359,0.167807171213776,0.121404698931601,0.149647228308804,0.141852981543408,0.0554141213581639,0.106777710443713,0.106172943211635,0.128940773390575,0.111456360513695,0.187557380926812,0.115670166124724,0.151053796565295,0.100411871935952,0.125663652081882,0.127507569178727,0.1315324596528,0.0794466302192601,0.253364821662242,0.0628456317530436,0.290989097447198,0.0922956190553954,0.121993678819641,0.11097694992819,0.307457687868545,0.115748768802141,0.117523572129952
"brevialata",0.238898744857168,0.180078661853806,0.228108333210254,0.253444485976482,0.352056602380799,0.180726600514681,0.167183986008803,0.171957059251248,0.167615671573143,0.337238100303262,0.292261634979276,1,0.245211130979228,0.181516151701186,0.199819596662433,0.293354347205108,0.18543145976092,0.224331959489335,0.20290594770671,0.115425960855843,0.163591186652705,0.260895729123775,0.185184001930484,0.23053837557765,0.208181042997831,0.361134681928724,0.0941215509644405,0.138563902779611,0.185555284785835,0.220805430611555,0.134730285933034,0.303240320964701,0.260915759354713,0.230211814210451,0.290422467250407,0.140784679019892,0.185628680226467,0.149742009737821,0.21629475533151,0.160458616434682,0.37876068890061,0.175373389634151,0.100029133363115,0.251939190398563,0.18875042141143,0.154572788286889,0.243619785823486,0.211831162827818,0.383165660085488,0.326127092389638,0.125546386879165,0.193454899476216,0.178142460253994,0.246281777879321,0.170966520934509,0.13281863863586,0.15110952504396,0.145815660796414,0.320650622235086,0.162837235578175,0.152769329748898,0.189611752469304,0.228756078681538,0.229717003160683,0.206108472464151,0.196974207877452,0.144795180685627,0.168046587735516,0.185722887508793,0.225431994981333,0.410651827498022,0.179171549685502,0.242667561397359,0.162688949195619,0.196787764491001,0.215328065589167,0.0808297025747065,0.248149358972863,0.126410656806324,0.217624605565818,0.139550323115139,0.220263543090194,0.268364121121423,0.19579573668404,0.252362191956031,0.119625730215387,0.230792228501069,0.194058516871219,0.11709281446539,0.305811005517947,0.086552831572096,0.301137425904422,0.103895044558837,0.173035974087675,0.230838934041051,0.236200368884699,0.147305001450479,0.241985861060265
"brevipes",0.188102060104497,0.156094421829911,0.151849586616996,0.195273951432991,0.265854648886049,0.160230268832294,0.171593829330131,0.163054512099818,0.222265890132252,0.220118688571433,0.208763357064304,0.245211130979228,1,0.190534286512379,0.177377110944095,0.176799516626036,0.160735001085365,0.206963018963708,0.162219660253404,0.109388769939086,0.173890243690237,0.158660603322765,0.119032141263325,0.205589960519864,0.159766917125359,0.256598925784296,0.0647355873431257,0.103857508568115,0.177786057413938,0.175499040294574,0.120416521150256,0.218401299008168,0.203024415378386,0.160614536206971,0.232487908113513,0.148173526264578,0.155604340785888,0.143385755917427,0.145979962268562,0.133561532767917,0.245988453455421,0.141602533460131,0.12896847330119,0.174136777966908,0.166008153736463,0.137716595390181,0.200202759834745,0.169355169709632,0.275006434385555,0.224840601536515,0.156562675742559,0.143811740913676,0.169479927806564,0.175636012565537,0.152887837150467,0.164783101572181,0.157589360545429,0.197397725235974,0.258975007109665,0.158483550199169,0.122107649432344,0.174452055321755,0.19861829853751,0.161152714395411,0.172048685788403,0.15091658784975,0.174376074929609,0.166811128685353,0.106512142623438,0.197211368595147,0.268608754967164,0.124885611420334,0.176878478764504,0.170471177340958,0.139328589000635,0.174991436295583,0.0585487361756069,0.160046587064763,0.11502718911683,0.143572202309311,0.149172324080647,0.218763072214414,0.163708595438005,0.179193982547784,0.152820087438653,0.150195692219311,0.170476466968364,0.154455820491253,0.139470035886348,0.215887360897267,0.0604917892325389,0.215382819639952,0.217296339259859,0.189816616436725,0.156518799228175,0.185876954709766,0.163860326487551,0.180189098955346
"capitata12",0.285711041468084,0.242920759376843,0.165754986570548,0.257630685597974,0.228661170963306,0.213092849108052,0.225213230533522,0.187858422243333,0.252905428293065,0.169964306610937,0.13880438872751,0.181516151701186,0.190534286512379,1,0.248670484651519,0.240923746005219,0.237653829148015,0.26408282552034,0.247007521219976,0.158070473431131,0.228166971305386,0.204008989299797,0.163507788923817,0.290766135434353,0.188110657238385,0.179528347446978,0.0765911204137934,0.141361817863425,0.238812169761554,0.158576011059615,0.137879077395046,0.190343384853058,0.28430248541273,0.200275932662795,0.176642638930272,0.203360469950613,0.206032118438507,0.15221446135346,0.184979321060805,0.174360371557801,0.182703329882341,0.178752713387451,0.119250988180418,0.249394284780071,0.218440979457302,0.173879495516789,0.103083037611838,0.259813806512623,0.237359447777498,0.162588708223821,0.187340956318527,0.205839860757566,0.219842039007505,0.202853274164668,0.162719626057409,0.222392101452214,0.21324438800023,0.175979666027534,0.217546313455512,0.188860449801402,0.186356960967238,0.228248122054799,0.255481547835103,0.213304985402439,0.221256957451975,0.230724152250365,0.200992636122785,0.259813308501169,0.151605627897306,0.249462963570471,0.191841830982998,0.169668210154503,0.223184249276252,0.182091325287206,0.176439853620167,0.237507648656547,0.0926659775822847,0.212283947304557,0.168124555706374,0.227529967959164,0.202770621371921,0.239595064763798,0.189976695110118,0.234481952523571,0.205631854006028,0.178088870913054,0.240712164600406,0.237025021152297,0.143221771787882,0.161100127941351,0.0914033338943169,0.161873335391985,0.142175751598194,0.22942412360607,0.227505215346439,0.103450864522419,0.177160205674095,0.226494436338783
"capitata33",0.236113508653353,0.200279454744771,0.164510447762087,0.234090467413718,0.247222303271742,0.199954544081767,0.200950855563738,0.189670505267179,0.227598655713264,0.154986366025147,0.135425913422631,0.199819596662433,0.177377110944095,0.248670484651519,1,0.232232681093169,0.19902201681845,0.262091820031873,0.215121376080898,0.150166361835019,0.217756252761948,0.208666132290787,0.185744772942572,0.267032232208522,0.197151502875651,0.19115890030561,0.115755391054289,0.160982519363464,0.22785456165356,0.178445533586142,0.19699161396813,0.15571810954864,0.267138234058082,0.197520966487142,0.152163073699118,0.171688368360067,0.189375306348853,0.156297488621894,0.185749485600395,0.169991597162776,0.168480335895768,0.187945832863409,0.130317690642806,0.242352428324673,0.400935553448713,0.187524962129495,0.134344349561093,0.191116934941538,0.218899438064231,0.20480349808127,0.136837999331568,0.19719948611689,0.204272540999653,0.246688978317674,0.174396753879016,0.192563889201074,0.219419530936151,0.196276771982108,0.199810709012524,0.184015743845133,0.186994165281305,0.344957840161234,0.26350229744771,0.226616952829426,0.213419331800867,0.208557872166778,0.199582561159822,0.226553681959246,0.185236017281845,0.255546918290043,0.194150218126591,0.162872695642303,0.214978705751575,0.211800027095932,0.173389326139635,0.242226957835317,0.133205672702345,0.195060781187329,0.146484238993146,0.20651260068329,0.213939272779691,0.222849354918475,0.221328684870266,0.254113692366017,0.21205194014825,0.175547154333042,0.276065637555926,0.185488969610351,0.161849728068287,0.166136653525465,0.0906545840244153,0.143251252066965,0.159333004649687,0.215857562070274,0.23898973219897,0.0873972692270947,0.166056971596414,0.247745578107201
"capitata35",0.32727581172971,0.229174439918725,0.306699783476427,0.342520995613914,0.30865362759455,0.22201400084617,0.20695792185976,0.279749635007845,0.254354818248992,0.181278917305399,0.1429486936238,0.293354347205108,0.176799516626036,0.240923746005219,0.232232681093169,1,0.25509083677862,0.311441299715681,0.215680366849692,0.144634037623222,0.209194364130384,0.211145931541816,0.246240331456302,0.334725621891476,0.279826629758059,0.214677679152781,0.0867386885754961,0.151607988489501,0.227033923406097,0.181651488216267,0.217368749182751,0.183853202650295,0.325117971100306,0.266178883569208,0.165543754184971,0.142411278401578,0.238128528871726,0.230402329183694,0.298283303591394,0.247896888450716,0.21341403417634,0.216011540473139,0.106457198188777,0.319578120671532,0.216119690566092,0.218954450928797,0.0978309720155982,0.250137866162671,0.289001832933473,0.15865915649958,0.129070594901012,0.26249106447456,0.196550445495236,0.322604159178453,0.193064600334537,0.16145851351105,0.182069685294392,0.1655232963356,0.289631136395528,0.249958485172871,0.172997472674807,0.254047628296935,0.302440351765204,0.271410958760144,0.202521459828152,0.241998304787643,0.180409079589014,0.212212016520888,0.185972971972032,0.256122611803825,0.16903706346208,0.156895362488813,0.393337845799958,0.212000492636312,0.234262270126942,0.300144449610327,0.0959984330665627,0.30415181726493,0.145600505401852,0.281660800023156,0.182510125920719,0.286655831912128,0.226591984476759,0.216967045442436,0.247026917011686,0.140055197182007,0.274564192936394,0.232943339134702,0.14769620710463,0.209460912548958,0.0994730095251285,0.148339662675204,0.141861867826574,0.179251921608092,0.311783340730022,0.100302439277139,0.205353128295427,0.307637999814382
"cayennensis",0.247110654799213,0.207538667086703,0.222900533714219,0.264019690661179,0.227746317221233,0.168186315220861,0.164561673985544,0.235909194966632,0.261987607851418,0.142868829231703,0.145055826607324,0.18543145976092,0.160735001085365,0.237653829148015,0.19902201681845,0.25509083677862,1,0.253656873185317,0.250646391692955,0.14658652352893,0.156079188924321,0.255826785695239,0.2225932722073,0.289541769539227,0.23283951526458,0.172933004314488,0.070440033742952,0.172433027750728,0.19813894207631,0.151007167690346,0.118735569981126,0.137304194694565,0.268436531960521,0.196783075114462,0.179216717193152,0.154815691112507,0.194897056996844,0.16599371399402,0.188374027595128,0.197689697434728,0.2089007766822,0.172726249295793,0.109956190373513,0.243621996755239,0.177616312206727,0.166526757051833,0.0889475991222358,0.205904051092152,0.249653188923053,0.13964848258157,0.130315700480683,0.270464126328726,0.204976917899805,0.2846679143912,0.162290437426033,0.141317580304624,0.192033737793164,0.174928279385467,0.272986874515281,0.172862782699661,0.152994925386287,0.235243542631413,0.265345457951717,0.20136306672708,0.2146663667479,0.227250589950038,0.175576450412706,0.196762504932537,0.156494835134526,0.256079257519757,0.172291913095074,0.14269399143875,0.275285711847784,0.17730980460271,0.166204276881664,0.235790978675792,0.0771910005604372,0.23405353850372,0.143076369350454,0.243956363641882,0.196169753691623,0.258275630362976,0.1771262970847,0.223246987117901,0.283799225418194,0.152694767608776,0.277163351972161,0.214813116481092,0.130858435721518,0.177941807522948,0.0806318293495779,0.137864899092274,0.117015043097984,0.167842322445159,0.258594831634907,0.085034379576478,0.180558858376372,0.248506748428079
"chartacea",0.363633085986594,0.251319600785625,0.271085430937721,0.360480970117469,0.306473439675601,0.213010368417904,0.214025151772562,0.264517968023293,0.221359081731051,0.199315237872025,0.149010294471411,0.224331959489335,0.206963018963708,0.26408282552034,0.262091820031873,0.311441299715681,0.253656873185317,1,0.189443673552087,0.159287844640153,0.182137102002252,0.279892417346944,0.162224574818656,0.355590282689174,0.263512820721644,0.215027852216974,0.0574628300426438,0.134732040765942,0.286662968088783,0.228074613202917,0.147149095269681,0.156088962721417,0.37998052967204,0.332105330075766,0.17779526747808,0.179705683612749,0.217212063865369,0.257766533785547,0.222716833494568,0.231621498346344,0.212863930765283,0.180824698965627,0.149360687132701,0.28483902059762,0.229905160232882,0.180724018429419,0.115522028579756,0.293565755272473,0.288346009756389,0.150973337891421,0.14408816147741,0.304253466335226,0.231228968775332,0.326688233103339,0.169819631788545,0.187744705561532,0.263329285617552,0.221751508975642,0.279934879411355,0.190027584220438,0.16422063196119,0.272801217548224,0.265913282123149,0.320788762640291,0.230495084271426,0.210773228562733,0.213511528898566,0.240344771536093,0.151171247981475,0.304060959968408,0.211490060574191,0.155357036109122,0.277272225163235,0.224899838673484,0.156569133064361,0.28441614358769,0.0966644751476085,0.261071418392217,0.116610831492799,0.270691813916163,0.20784764857367,0.24596404010442,0.241485880240312,0.263223076661356,0.28578849955658,0.175623564278697,0.256414950810243,0.210352429509966,0.198848173006041,0.167774583904058,0.0767850414785549,0.159434969177401,0.17203137349399,0.223374379865537,0.261151745530064,0.0927047274446427,0.225045560212973,0.319515966662741
"cinnamomea",0.20349573526041,0.183290819756111,0.16601896753352,0.22190329308744,0.218667456457412,0.203250411116235,0.158297887330607,0.156669683851616,0.215918923823891,0.148962766225107,0.125477276950843,0.20290594770671,0.162219660253404,0.247007521219976,0.215121376080898,0.215680366849692,0.250646391692955,0.189443673552087,1,0.15821068501705,0.196855479086409,0.171841108882707,0.172027280451709,0.231238494966897,0.164513938616192,0.180171643330721,0.0757053771248056,0.161853796587485,0.203315412251924,0.158105765385621,0.107081721313604,0.125420248498426,0.233461315009483,0.176064840096517,0.157079242040634,0.171506931855476,0.170555990431073,0.141057953121164,0.167227231564201,0.155346660860799,0.181412507336586,0.157826023637973,0.110596965937758,0.212523879909822,0.16679049919848,0.1550046221204,0.117790813324294,0.18637699734328,0.197635551188813,0.157878139736763,0.117397311593324,0.173979076644791,0.191761688038135,0.212852896494367,0.182775089065714,0.151297648798197,0.183505847661994,0.150731963207512,0.196159059329917,0.176367917018615,0.161244648187853,0.203647346068036,0.225348268172421,0.214551697953899,0.207017164071983,0.187685969546165,0.166832170982236,0.189999129084761,0.164440461008086,0.223572451104641,0.177670294518738,0.156604734594511,0.196560715891039,0.173193873034898,0.166955545895188,0.231063312375657,0.0757958400961928,0.197076166076816,0.118532783684412,0.169310265638943,0.184345128082513,0.185599111521115,0.188697831201389,0.21588625893879,0.172872637306543,0.200194616956039,0.249341130803186,0.241884441819807,0.120725463743775,0.166589103438577,0.0859820686093438,0.157900567044538,0.110650148939291,0.14482700398101,0.192524042772139,0.0810187407877682,0.159892685498175,0.18937380960033
"cocleensis",0.190310642785595,0.1327897458466,0.0965270763374223,0.142390934074108,0.172346575603507,0.126029666819213,0.125122597244608,0.110352532898204,0.133964422820198,0.117963937968366,0.120655306512676,0.115425960855843,0.109388769939086,0.158070473431131,0.150166361835019,0.144634037623222,0.14658652352893,0.159287844640153,0.15821068501705,1,0.138142044055889,0.115173870961266,0.185398884128925,0.142709929352981,0.102982643669006,0.124234653202082,0.116960559410118,0.146579059940846,0.156653477192823,0.126248642753544,0.092471111433036,0.124165550649722,0.145943801329289,0.101223964236684,0.124477275035115,0.126960677382531,0.16299959254289,0.100537596991091,0.0958296434901975,0.112353400207928,0.123929688615771,0.139319671462378,0.0815589250765223,0.151897830871951,0.109351296699864,0.169646172657034,0.0983645145330549,0.255751574334989,0.155735719423851,0.130202061888378,0.096987109117028,0.15439526427446,0.29660249601961,0.108381827367713,0.101367953760575,0.0972802718584164,0.146352000988079,0.138469475305082,0.128329017013976,0.142853163627707,0.149237406997388,0.132107192593975,0.180302818757759,0.147368764346316,0.19707483874199,0.140129853991788,0.149030971526697,0.126592460155439,0.15077030051987,0.163741289875307,0.123294598258383,0.35398843077832,0.132800288243607,0.107785393861491,0.178480072008345,0.133112952161459,0.10832382773191,0.105503038312366,0.168317085522542,0.116607297839258,0.103367330581348,0.126987790633208,0.108189988760501,0.1488669381781,0.108966263269161,0.139055320658262,0.13164057477406,0.111963776407148,0.101328899174401,0.132294468965645,0.0738449716845422,0.118701542580085,0.105191591480765,0.118981578006279,0.138916443131716,0.0737741410208758,0.122056106417049,0.115806537467449
"cordatoalata",0.218107348355866,0.146207631192749,0.121275147254612,0.22465759986886,0.215011522366662,0.194259370353599,0.189483293442202,0.149687519109335,0.183044221184724,0.161639935313516,0.157821275216576,0.163591186652705,0.173890243690237,0.228166971305386,0.217756252761948,0.209194364130384,0.156079188924321,0.182137102002252,0.196855479086409,0.138142044055889,1,0.160400209960665,0.191548896346688,0.214711329706726,0.148856039963798,0.148602273552946,0.102729689811417,0.203598312120965,0.175889929153719,0.134116882561432,0.142709407252116,0.158154321159241,0.209748047153922,0.138471924459951,0.148287470343059,0.12902342947325,0.171824103064151,0.111772823100972,0.12284681945443,0.119991910383629,0.179847339219614,0.282305046247127,0.123952213995057,0.219164698990494,0.163766215163195,0.2011945920059,0.113992609760429,0.230685618431876,0.166082867484941,0.204477379970911,0.166539869480848,0.123919063945764,0.196889875353627,0.151872026800384,0.127069216919989,0.174193551755902,0.155363086252079,0.152494361270855,0.162685485701266,0.194241478006556,0.212867116317572,0.240861019275364,0.23437359587546,0.141913136112936,0.24487139904567,0.221400306629393,0.17801777417747,0.185762707118616,0.151277360043137,0.205198433675128,0.176384549713812,0.169191655249248,0.208866346260284,0.154846296633025,0.19535181145568,0.174436209481128,0.101137044778143,0.156941596716777,0.179207116303323,0.193337539010858,0.158992828387111,0.206501341663652,0.156831159660665,0.177566648903818,0.149366178728465,0.149138099898291,0.179512099003741,0.149412399178135,0.117025654357658,0.147251784653832,0.0933646043257596,0.138887370703403,0.121526171135279,0.203905836874338,0.184240141786106,0.0908199571327769,0.14990694657032,0.158189110451902
"coruscans",0.235020969179384,0.200200505191733,0.226759393026063,0.273630243925286,0.200691911444052,0.183155455631113,0.228733207020863,0.188357221734185,0.21978865668393,0.132672766096582,0.123448165084545,0.260895729123775,0.158660603322765,0.204008989299797,0.208666132290787,0.211145931541816,0.255826785695239,0.279892417346944,0.171841108882707,0.115173870961266,0.160400209960665,1,0.158324983872311,0.261695969332652,0.217882410147905,0.138139140655874,0.0428081534999734,0.125343116186266,0.208617337112927,0.276792078388389,0.109746170130915,0.124930078388439,0.28629429045822,0.203873181165917,0.150482713534428,0.136633848522302,0.181590140740825,0.175541704585747,0.168194592894857,0.192257536424213,0.233489682176964,0.146273150072423,0.105255098721048,0.244905175529288,0.226367563755191,0.133162556899824,0.100413256270111,0.198846669882877,0.207278167176328,0.119671674059744,0.136662085373272,0.233138978486552,0.175353606611553,0.257369957369343,0.134259634056878,0.145217713206741,0.176785141864893,0.161887518317617,0.248241879636859,0.167474856242416,0.147276021229487,0.230172624077176,0.205966091099228,0.206719646480276,0.177837297365203,0.268050383081138,0.164394072949846,0.169216527020052,0.116806646831772,0.257203465867558,0.281189355717895,0.152925159454789,0.254041351774494,0.162925347213246,0.140055900393722,0.217351264430354,0.0914746801509843,0.237797466343428,0.11486004280216,0.239411950470069,0.173088279545603,0.239750773613213,0.358967506060328,0.220718864760596,0.318222265306386,0.126974588022798,0.216177124259856,0.177422913245526,0.123694754079869,0.141526644972703,0.0636669972020954,0.128441555609248,0.118149956258235,0.191842117958821,0.215791519495307,0.0955326397508594,0.169835516176335,0.258863253194171
