"","acreana","acrocephala","acuminata","alata","alba","aria","auristellae","bourgonii","brachyrhachis.aff","brachystachys","brachystachys.aff","brevialata","brevipes","capitata12","capitata33","capitata35","cayennensis","chartacea","cinnamomea","cocleensis","cordatoalata","coruscans","cylindrica","edulis","fastuosa","flagelliformis","fosteriana","glomeriflora","goldmanii","gracilifolia","grandiflora","heterophylla","huberi","ingoides","jenmanii","kursarii","LA17","LA41","LA48","lateriflora","laurina","leiocalycina","leiocalycina.aff","lomatophylla","longiflora","longipedunculata","loubryana","M18","M25","M27","M30","M71","marginata","melinonis","microcoma","multinervis","nobilis","nouragensis","obidensis","oerstediana","paraensis","pezizifera","pezizifera.aff","pitmanii","poeppigiana","punctata","retinocarpa","rubiginosa","ruiziana","sapindoides","sertulifera","setosa","spectabilis","splendens","stipularis","striata","suaveolens","subcapitata","T18","T21","T29","T50","T51","T82","T85","tenuistipula","thibaudiana","tomentosa","ulei","umbellifera","umbellifera.aff","umbratica","velutina","venusta","vera","virgultosa","vismiifolia","Zygia.mediana"
"acreana",1,0.18857755991911,0.234713524610095,0.237472780783026,0.183942026721416,0.0711594436032461,0.307148048402305,0.350050434072226,0.15028418867508,0.118648090833666,0.0630391835708556,0.151835642169623,0.153264364697237,0.188456485017213,0.174948810626787,0.130978068534843,0.218324007823442,0.214131598956443,0.122238345622707,0.176882433795608,0.248199335694696,0.19580048007236,0.238121428097971,0.283181128789275,0.305301315026292,0.195531845284782,0.153670645866785,0.151577024979153,0.19018627930972,0.245629245928286,0.135058367719186,0.173723073491666,0.205629008077883,0.2633711085784,0.139733636818179,0.19688818859884,0.308335830722187,0.204378551986577,0.0773738359134097,0.297285822459354,0.112310006487171,0.128859251474179,0.0886212195296188,0.456656060933935,0.201384446110893,0.139325462270662,0.115604170153949,0.219757033162243,0.102464892949362,0.0892802687830592,0.261667990255774,0.0599072740727401,0.222738816414989,0.175291000553582,0.074979644182943,0.144499869097996,0.296098414024511,0.211365229075831,0.0640512133178269,0.148856959029376,0.208085263806252,0.220302008028804,0.185299148472889,0.201994115563411,0.253749715006823,0.180846957071157,0.0687472413195209,0.214096439731926,0.131501885953603,0.17244436086748,0.118740185615117,0.230338480158878,0.227098942595431,0.192808315357825,0.136351690745209,0.2688330396493,0.198198802805038,0.193645357934808,0.098355097930422,0.220634568373188,0.20857108430618,0.380114911731759,0.075456411607541,0.217969282199941,0.052066595701121,0.268064767033478,0.240559426003374,0.203049176125587,0.256933328907671,0.209455608470727,0.0963896581225487,0.159115308867953,0.2248816857548,0.213268769268751,0.151777434142481,0.106007548357633,0.133324464443545,0.192220385186291
"acrocephala",0.18857755991911,1,0.185048517990364,0.26031296459074,0.223826067419494,0.105786986388933,0.194463252156823,0.223904063660808,0.143124659567244,0.206341259475031,0.121320153985144,0.16645712755492,0.189688327575521,0.237245165325266,0.192461235466921,0.158181209372964,0.195558790053596,0.335103423129485,0.160136679543824,0.190828584276733,0.22586302648439,0.265044201556437,0.287413677028445,0.233544472735145,0.203715319087423,0.190681849302867,0.122758206792035,0.255301988920576,0.267900450663381,0.229704053519567,0.173137446552669,0.158028497151824,0.26040719426003,0.177066598175862,0.211415372674982,0.105307967404225,0.119579406051896,0.106824206602339,0.0809695796304721,0.265256348392076,0.159448786861987,0.217372612182283,0.130756974464887,0.167525764234189,0.15228343597361,0.150475148191555,0.147559901361354,0.170575687137505,0.121117885426928,0.101614384089581,0.14563356187708,0.106358371442798,0.226154149981577,0.352590738907666,0.068624396276872,0.323306249825186,0.2290138427073,0.128742306820055,0.095412698846862,0.13409158348,0.230646365110211,0.302786074117127,0.182720177341587,0.225339527310746,0.198130267968319,0.217335414877197,0.0981382103520076,0.20162471550216,0.180632696567845,0.318090199663984,0.124171052372967,0.300945692643706,0.224882158705143,0.237752663434636,0.138497923648999,0.318576307281149,0.196731183792058,0.194016256464764,0.112927204328104,0.235199037854509,0.214230553251281,0.264850856566504,0.0851772293217458,0.187622039245335,0.0504613478888301,0.268851618400897,0.240614387068228,0.229878701345469,0.0800500802927012,0.229673828319492,0.14314451603938,0.193959278210297,0.18887515868289,0.21702996564842,0.20751128846841,0.144288244798878,0.152081896894026,0.204500013389507
"acuminata",0.234713524610095,0.185048517990364,1,0.223240163411405,0.152358855772739,0.0917306909867962,0.173695257248205,0.184941948881344,0.118517784303159,0.100624286520139,0.0613133666428609,0.131533816040743,0.18754704333679,0.213039913452848,0.134739132591476,0.117858649896856,0.135667818888993,0.173476862499127,0.111577786604712,0.20571334696745,0.216165742656966,0.163317692184481,0.225132817773371,0.228226857352319,0.222843585210591,0.189497229053712,0.106338955417511,0.132503679672417,0.200589442745388,0.185001861137171,0.116963208683341,0.155373203593894,0.182354993659947,0.210448134689513,0.149026736176856,0.142876829225072,0.113978942080857,0.127744326891001,0.0670814176066181,0.204036278540214,0.111150656993108,0.131888252277926,0.085903827390384,0.173740425271309,0.14819452503693,0.137088791145799,0.102483303727369,0.16948021153066,0.100371925929324,0.109049529251032,0.17388016080577,0.0746015620890827,0.209647534071319,0.194393980670386,0.0761271299441182,0.141767500612216,0.187359659910895,0.0866102080514137,0.068586785841681,0.143902043412537,0.183967701802095,0.264210796050927,0.173919646349896,0.198068408755395,0.19095938615672,0.149668370311729,0.0744299600425964,0.19514472472425,0.127976492467362,0.188395701416031,0.0969377039166171,0.192130846995647,0.232175791463633,0.1999366991821,0.111196337227459,0.228013993668364,0.210708128970796,0.287056068949129,0.106733715406088,0.185605891083888,0.201281733724626,0.189233542044202,0.0906044036352092,0.169526083287114,0.031024233864074,0.230158425714789,0.237406931956128,0.189422754915453,0.0886859232568772,0.16506215772834,0.100081297058229,0.15090250339666,0.149639840581725,0.188490039106862,0.153226934520472,0.113311151114346,0.103650381830491,0.149984865462022
"alata",0.237472780783026,0.26031296459074,0.223240163411405,1,0.266251584453545,0.105534422521983,0.287209324398112,0.228532684350801,0.177727950228837,0.113117480210563,0.101081310754007,0.172689380386291,0.211758933746282,0.276452244026597,0.220196905174837,0.173729295742402,0.215997277318454,0.256582078658335,0.13950036661842,0.175429028890164,0.246540125550833,0.240219821283426,0.286920711214243,0.256762276436384,0.260723313685383,0.233606179540386,0.141397854157975,0.153277414628792,0.245921480463052,0.286144040785711,0.173960041638186,0.169858804758023,0.262487018804078,0.227738466172951,0.201358861195284,0.154143045534739,0.124350754821188,0.151569379990345,0.0806462337250264,0.260946069480863,0.202607358513184,0.183546193168163,0.117175857227972,0.269009383530729,0.177898582378106,0.175536725906659,0.135494407639545,0.199298832821101,0.10590689647911,0.105015361638901,0.190909436998278,0.0803352615111623,0.306045668528064,0.287403047830028,0.0885826166474311,0.216974838771298,0.23174000499638,0.114320054635943,0.0773022923171162,0.168533011435637,0.216646400128218,0.268779328586592,0.240213786021053,0.229927627612677,0.228335314934688,0.309026767350828,0.0960443545561788,0.289282702411432,0.175562748372853,0.260878425062124,0.141775106393206,0.293545234873123,0.245100446503208,0.246987802554133,0.208832728899254,0.352954455380269,0.214052027370366,0.196597146634662,0.124468829965358,0.249327780213942,0.270939059978971,0.248486991411955,0.0833348157986366,0.201884540636333,0.0574775459972043,0.310732356075063,0.321836842579037,0.225158419748863,0.0873699248371051,0.245020945691725,0.1389641887436,0.216511826074766,0.210308799776015,0.286716482052846,0.223652056766921,0.131747689036877,0.140147379429434,0.21658338255831
"alba",0.183942026721416,0.223826067419494,0.152358855772739,0.266251584453545,1,0.112698033396303,0.205128263980001,0.196047790401683,0.277717439125116,0.231616844643694,0.229611157293742,0.240700253826422,0.331418853422625,0.227176237265495,0.30102089239784,0.165808703001005,0.22120569342041,0.267348995421581,0.135309092223371,0.172980632283711,0.200011854421603,0.175989180941152,0.198511972330083,0.184984072871429,0.179924054468266,0.276912120958976,0.104044192746507,0.159125469974353,0.169336887946466,0.173975688409551,0.162695495091792,0.302716071450488,0.218560028118557,0.170492318789672,0.263476668730147,0.110342303187293,0.0935385495804325,0.119503466689714,0.0853493326612969,0.193111462515116,0.263576181762993,0.178690682981259,0.107205461570853,0.176024862087715,0.158214072949929,0.145732152884005,0.22217761630623,0.148491244128752,0.228342515584839,0.204999124785489,0.146513063705139,0.0982707191827541,0.204675548435079,0.167621084479178,0.0806091607592272,0.179830124554733,0.172298762705548,0.124784578500184,0.199041252049811,0.151011895668996,0.17277920065801,0.220821707294319,0.175779904220428,0.193042955452219,0.188996766390202,0.220117294961328,0.108914683517329,0.21732177089929,0.160688557274387,0.222008929128564,0.262341293891734,0.248223837874972,0.192183504375656,0.195657724602406,0.184275171822719,0.222243689310607,0.147479621057429,0.156390060793363,0.0958285506091729,0.218691175190851,0.188779539280352,0.219376748188289,0.0924465006036429,0.178365956504068,0.0605393696305973,0.201580543801347,0.264628365211766,0.169294364989848,0.0807040262320486,0.30415538725084,0.160434006811581,0.267306529910647,0.167663972786801,0.219922685605406,0.189715751171641,0.21715482770921,0.100236713301551,0.216181229577959
"aria",0.0711594436032461,0.105786986388933,0.0917306909867962,0.105534422521983,0.112698033396303,1,0.113378351473145,0.155689749253526,0.0869746055238833,0.102304820060106,0.223935768572817,0.0750355633697815,0.0850936089174025,0.119338964578097,0.0814320917123456,0.0745939697702311,0.149692117368593,0.119136130139476,0.167932851631363,0.244491589012013,0.0977716683089512,0.0983456745599519,0.0984701339087524,0.0850732613522565,0.0849605313534826,0.0821971925383066,0.065688417251438,0.100546002504575,0.11094972358469,0.0606609664132797,0.0748896241448123,0.0697042287638091,0.105854957567783,0.0801059957762859,0.123330083511286,0.0535606024939963,0.046266876198691,0.0528510721357555,0.0428374743775871,0.120639924827899,0.100626436712686,0.244547221496014,0.173552823353328,0.0693226240592256,0.0804850255752108,0.0668839829092144,0.162626378914052,0.0735382175550292,0.0960245259689286,0.107207145705283,0.0451284298125599,0.165114912236288,0.0862400770194554,0.105804193640905,0.0421255857118141,0.13909029371042,0.0810700821092936,0.204772713598448,0.161600810533702,0.0735907262207699,0.0693556116407731,0.110697671467544,0.0629261670016584,0.0993667162633396,0.0861038606215206,0.123800633470595,0.342709931035031,0.0936033000273582,0.0763178172318756,0.165138215825188,0.0775433244086068,0.132019750465731,0.0925472556394708,0.109890016291998,0.0762332588899446,0.114136346083415,0.0902014575589224,0.0554928686361154,0.108234929741984,0.0949386590896523,0.0927803281072085,0.0951605766182915,0.0396159937967534,0.0743358740262817,0.069617959059295,0.0849938001925443,0.144643855196622,0.114537852997866,0.0371181816406401,0.0986210943719463,0.249192083437389,0.0981375706045857,0.0910689479194671,0.103200782056303,0.0977103198902547,0.101299747304109,0.057889686196079,0.2030894332316
"auristellae",0.307148048402305,0.194463252156823,0.173695257248205,0.287209324398112,0.205128263980001,0.113378351473145,1,0.343028931328804,0.158998207071787,0.0982497850194855,0.119852305665886,0.14174922519759,0.152891405146587,0.219207927276822,0.177873517695768,0.161509784384654,0.220459995773009,0.2011828116291,0.13135308138945,0.202822700046586,0.232243979211066,0.217162289404991,0.273411430907982,0.199836626799996,0.185823221597902,0.185779837629688,0.156198775019334,0.135165699500319,0.217224680634854,0.171525444068403,0.219509696309086,0.13268109314158,0.272451710691253,0.162273771897939,0.165289748261767,0.102845176481908,0.276202054325214,0.189347143313789,0.0755076099165228,0.211827255653064,0.131451120782947,0.184484125150968,0.0998138465978886,0.278377369714362,0.205327066747328,0.153398935773221,0.118079759708845,0.186620948323715,0.118835787610266,0.0881193247428604,0.136049019579627,0.0867617825643697,0.24786079692828,0.181986518964556,0.0856754881169291,0.165293477789212,0.211294367241822,0.221324807153556,0.0801923938148296,0.162297611588136,0.185881086952863,0.224008065063422,0.175958973237183,0.235321761372125,0.214225029015618,0.235265339350043,0.0982610228468601,0.23276070158334,0.151573683274804,0.211891768480869,0.139264176529875,0.206015160783052,0.200887581374106,0.177879113220195,0.156145537430592,0.253217836921429,0.170967098207199,0.177815653658137,0.145962080895331,0.229931794549878,0.224837870589421,0.328564926914069,0.0756236711131953,0.19127003265335,0.050775393675687,0.186956806880237,0.25711244928431,0.197525451510573,0.245207239371758,0.204434833637591,0.140744343635059,0.186866694915681,0.236506797308471,0.187783601550052,0.171870570133445,0.121096176713458,0.10180415907272,0.219271798108934
"bourgonii",0.350050434072226,0.223904063660808,0.184941948881344,0.228532684350801,0.196047790401683,0.155689749253526,0.343028931328804,1,0.143150756259281,0.138724842521343,0.193914936220434,0.158934558948106,0.222318000136286,0.237032779458044,0.143962909962057,0.167655740690344,0.23308844993315,0.19548176481149,0.182964816681167,0.175411739004252,0.222035899616359,0.217003487163046,0.244992718492891,0.206638514955838,0.211666898054024,0.191705008382215,0.164030496670444,0.170676979554597,0.27907467393272,0.226288897397331,0.144476125494316,0.150240043551888,0.237631595221967,0.197186540464685,0.182167564441085,0.101245502951086,0.392910137468905,0.202290473239062,0.0789885515171707,0.261258366008513,0.128377174853032,0.243806529851202,0.103225067419724,0.359583224081927,0.156014608654724,0.148813771630336,0.160687009849314,0.18452538366645,0.0980568548504879,0.113714735142462,0.156471268797514,0.106985319406414,0.265924805212114,0.230405274275645,0.0830685569585935,0.198286546651642,0.242225766276739,0.349306547782532,0.116554464576982,0.177237844855937,0.242541909710673,0.256683202896807,0.226837362202527,0.198983213902487,0.203143449060172,0.198916293056561,0.136326368455541,0.202710656726365,0.145362818844868,0.241618180092045,0.152148713459548,0.246937773637502,0.207228393625478,0.256436731364588,0.162677956132522,0.276504571741609,0.204790168119098,0.203035633584657,0.106863672076933,0.240666329678324,0.200697478364174,0.495138991472153,0.0690233083923051,0.232792493414298,0.0509783749744906,0.219000113437251,0.255685682194402,0.218525926936114,0.331552244513921,0.201035880374026,0.16631871762185,0.170331754862592,0.252346788981809,0.202944665353328,0.156001876169759,0.110545103142217,0.115370496370421,0.220590402762235
"brachyrhachis.aff",0.15028418867508,0.143124659567244,0.118517784303159,0.177727950228837,0.277717439125116,0.0869746055238833,0.158998207071787,0.143150756259281,1,0.0738988789110509,0.0855214794537966,0.0876659316929623,0.282814977749886,0.189408452167276,0.572564661772613,0.125915219038858,0.125096409638349,0.169421000022733,0.107741959505765,0.121125379491525,0.172127798955551,0.17726269779373,0.174137460307934,0.158436150841995,0.122851713461548,0.120933450407011,0.111326712446979,0.108765988746471,0.135508817558823,0.134333121224329,0.158093650913121,0.119417395394571,0.155036093689482,0.123956558724808,0.104629540728653,0.108475254866428,0.0772298290558611,0.1019536360285,0.0781930618939059,0.139273691212323,0.106476904551268,0.127845081888393,0.0750855768395694,0.121658286629387,0.168115307848499,0.105262955948391,0.0785941184785602,0.132193160102152,0.118641421103399,0.07659127699452,0.0976511355592007,0.0839906806924663,0.181296732078722,0.11564852709495,0.0829978175820714,0.11479698715862,0.131113135242721,0.0888527421127841,0.0677835738912597,0.128826453600745,0.12699331593928,0.136322350714223,0.160332447046273,0.146413589786608,0.160734318182555,0.141884879075817,0.0819773906820119,0.182893891572302,0.107073464729902,0.147047882827353,0.13232458763896,0.133128616357474,0.176944048131388,0.123079154690412,0.151720888689511,0.165307450386393,0.114513294717654,0.129943123890356,0.0667349426404222,0.178047139227524,0.23184419263313,0.147229702746737,0.0689014100948007,0.125467361051992,0.0474765827752094,0.128654573912301,0.15730433524204,0.150377159922837,0.0642378125957721,0.147985934552568,0.119379365202809,0.108459759395503,0.097447783082125,0.136157531594733,0.145476057499512,0.0862061664702752,0.0633668636593745,0.144660367197334
"brachystachys",0.118648090833666,0.206341259475031,0.100624286520139,0.113117480210563,0.231616844643694,0.102304820060106,0.0982497850194855,0.138724842521343,0.0738988789110509,1,0.355988508883561,0.263854745062759,0.177557993486945,0.106133467610913,0.089559507556928,0.0701867560273665,0.111823469082226,0.107905471422453,0.151935021311509,0.165154871352921,0.129283359371325,0.107515097955705,0.114418316235357,0.0981307082731194,0.120509775881969,0.267097694534172,0.0477034875503658,0.28262977313312,0.142807343287343,0.102796914636595,0.0823704956845637,0.352577786640752,0.118334919659124,0.115028554768409,0.300986799958903,0.0781739167840182,0.0645415519408674,0.0754123007541,0.0434727227017501,0.140052259254263,0.308367387532249,0.151819590131787,0.106642993432162,0.0966468198160192,0.0834169810783611,0.0664864323055561,0.393674566413746,0.079527323092331,0.219561237902853,0.270166544528639,0.0979733058077221,0.0885786953491781,0.135497406148113,0.226439496385878,0.0448356892584153,0.299063799764165,0.0903266543173125,0.139024383377961,0.295670008216438,0.0895476664725233,0.115947329022456,0.200630633577488,0.141327567724276,0.0895748487168824,0.0952213464263652,0.137113460867013,0.107718093513335,0.100917716303188,0.0813413701511218,0.182361070572452,0.252040645666158,0.178136150185693,0.102541713814057,0.150768420237413,0.0881437961852343,0.12873654445123,0.0804661981018794,0.149817690511227,0.0947330391207518,0.104901298778002,0.0910233136888951,0.13832257022658,0.0485812517539219,0.118609365860642,0.0464537231827841,0.117135986671181,0.124806215197094,0.104128902348405,0.0504369721658537,0.23578201702928,0.121763941113195,0.289132456822561,0.127790107450566,0.0942465386899777,0.0998608518285113,0.341082795832107,0.0892345398859594,0.143849487235196
"brachystachys.aff",0.0630391835708556,0.121320153985144,0.0613133666428609,0.101081310754007,0.229611157293742,0.223935768572817,0.119852305665886,0.193914936220434,0.0855214794537966,0.355988508883561,1,0.242140310712653,0.149321302326367,0.0855736314759299,0.0893377487228641,0.0837082095857463,0.153937644141135,0.115074323879312,0.215325513287259,0.179417052405177,0.142418209144969,0.0965556824115893,0.0886747367844564,0.072270644508858,0.0781507541095881,0.215140868186244,0.0569433331670305,0.124272008633174,0.120898426747787,0.0549706611777061,0.0935780554904954,0.255345180873765,0.0983834221593508,0.0750428272891946,0.33658297387594,0.0469455323270237,0.0385686994263916,0.0455883256470568,0.0335135444513697,0.125162087244785,0.302671006241033,0.309028849248347,0.127242947256054,0.0637250430863141,0.0976471946020031,0.0662324238454661,0.376421295908195,0.0733815241713148,0.231590383351078,0.259387769772151,0.060854319645644,0.14163146370033,0.103869307117585,0.114504088861234,0.0681566411821991,0.144789604244247,0.0663991570774486,0.19019355035584,0.311662595557465,0.0701537228987912,0.0916635118647392,0.10848286236004,0.0823862819729204,0.0961420287388832,0.0728018454972499,0.128585350035853,0.217252207802175,0.0794263946646767,0.0877950571947863,0.204824954506742,0.284398191374487,0.122788918885605,0.0880081885161069,0.160550930723154,0.0849609451722824,0.0977244718493528,0.0521894389685736,0.0612438067710367,0.0848707504416751,0.100526395519836,0.0687895796484931,0.103963318894151,0.0378988345227496,0.0769572465407431,0.0702313651398558,0.0635043479230983,0.108344247062462,0.123917529614311,0.0393057317567418,0.220220496789341,0.215195950904019,0.297725664863496,0.103419311927661,0.0753926531871687,0.0969835809572798,0.2983399421703,0.0636059682065831,0.199359257356792
"brevialata",0.151835642169623,0.16645712755492,0.131533816040743,0.172689380386291,0.240700253826422,0.0750355633697815,0.14174922519759,0.158934558948106,0.0876659316929623,0.263854745062759,0.242140310712653,1,0.237103669389129,0.153977013079048,0.10661894982102,0.111245054243014,0.123418358039114,0.122583748124923,0.111534200606719,0.12889565448271,0.151708254203431,0.152150163023117,0.161865495053586,0.148744288412121,0.147053281436078,0.283648988506769,0.0858019196967878,0.142250425694152,0.165958763160427,0.162229253968542,0.122352993181464,0.263450527628118,0.166059288853071,0.184774243384487,0.281102338908256,0.0731392485603668,0.0962156104349569,0.093730085386491,0.0456037193980979,0.180910861615012,0.290688908497959,0.113941729205009,0.0860214377753701,0.137311466888924,0.111276869736389,0.115271311823227,0.252407558841679,0.111627671547511,0.234081519073027,0.238269313878378,0.127629086816053,0.0600911748767784,0.161599156479556,0.198071168919527,0.0507192918449517,0.153363060484247,0.16728130041735,0.112640611558391,0.209211680970599,0.107450381124296,0.152276788385596,0.176664471913213,0.140676788066619,0.147382737206394,0.13484708978749,0.150507971843306,0.0731717770451178,0.151690900206086,0.115856122618845,0.192852945923023,0.285414630613905,0.143738564864901,0.169355904622656,0.160872257052021,0.115073042337939,0.219864268991605,0.415721729068175,0.152305922079225,0.0940941974808499,0.148593425346173,0.183697321577981,0.181477161956735,0.0587413371882263,0.144058657901019,0.0418026363079712,0.161471400709979,0.195342075072846,0.184705024859879,0.0929266598052759,0.348531725627841,0.112492213846967,0.348417238773319,0.156575848507029,0.133585777969902,0.125712620781938,0.230963124591885,0.153451789476838,0.161011390624626
"brevipes",0.153264364697237,0.189688327575521,0.18754704333679,0.211758933746282,0.331418853422625,0.0850936089174025,0.152891405146587,0.222318000136286,0.282814977749886,0.177557993486945,0.149321302326367,0.237103669389129,1,0.21745116531913,0.294725480247241,0.104234699458842,0.147429212412568,0.154202438830053,0.0883081090322934,0.109823756185836,0.153017817791364,0.164469028183964,0.246786693571022,0.190172814464162,0.168895975189341,0.287848670449006,0.117646085923173,0.107870021971327,0.24555877940347,0.191482085982323,0.10556036111712,0.218918402538944,0.182585915510462,0.197166307061754,0.25588520214425,0.101728056275493,0.100719307523909,0.123794801906646,0.0613204325009511,0.195688869880619,0.197014038544897,0.135394861449794,0.0733284578638136,0.117675595278954,0.136601592605336,0.136035839737219,0.209557613706688,0.181626090935209,0.163201619966191,0.163023234110462,0.106368663577326,0.0514895896989437,0.212588255536789,0.196236721669337,0.0650166057499451,0.170979039369579,0.203497387305206,0.0939783287654204,0.14448489942775,0.171298723868058,0.196272052477221,0.211297408991137,0.161322363434592,0.166207786639743,0.151158810408731,0.154998283472339,0.0647977241272375,0.172675152810323,0.10914556836983,0.213086898670168,0.195976828812067,0.20278230551652,0.201898275597351,0.216844400266624,0.141495749771251,0.251989454749573,0.21333225583413,0.155864222101239,0.123046791767337,0.171124099576121,0.21733733014828,0.258257475789907,0.0530694183679755,0.181634689899998,0.027359335088372,0.237468599612348,0.229495500514338,0.209460948397293,0.0660849194621548,0.273241763821111,0.112614447227561,0.267095573307913,0.151459328896406,0.156329857180596,0.136501322421135,0.190148507309552,0.104654677807487,0.163267047574842
"capitata12",0.188456485017213,0.237245165325266,0.213039913452848,0.276452244026597,0.227176237265495,0.119338964578097,0.219207927276822,0.237032779458044,0.189408452167276,0.106133467610913,0.0855736314759299,0.153977013079048,0.21745116531913,1,0.172050386656785,0.425019784326621,0.170385049595995,0.205890777150197,0.121465653898561,0.144060488528797,0.213348377108164,0.218614110539471,0.253743029246895,0.232878853007724,0.218606041408047,0.221562385438908,0.1313215793124,0.160693309015267,0.219617218056329,0.203954717299025,0.142951592236217,0.143553909899281,0.238007199786798,0.212469621164877,0.172665730877872,0.133361606118456,0.13237180929511,0.126533731456813,0.0831259566853868,0.21548583649367,0.159067476382559,0.173814605159868,0.0972284606079717,0.167117214580532,0.171209384752041,0.151759127203921,0.121260161853414,0.186414525127455,0.10684641305022,0.0929335553558813,0.142621113642391,0.069818840004317,0.258715572946596,0.193462162673956,0.0881174316450833,0.17935319297894,0.230226545632323,0.104481160896123,0.0750564243521736,0.172097235670005,0.227604752652341,0.251454557420433,0.184022701722438,0.235990082572343,0.227689777243181,0.19926037495896,0.0996028997664675,0.280221157655248,0.131804285284405,0.237612093016121,0.12409045381161,0.233775982580512,0.308009115470572,0.24477040214329,0.143644236765238,0.273745550279943,0.224948679536947,0.194995446149005,0.121724235560093,0.246835248972221,0.241619141638006,0.311171612374286,0.0609322326211131,0.207981390191355,0.0487738937591133,0.274235723887606,0.291020754122599,0.221675109164191,0.0879546042887539,0.243884709183413,0.146715918115174,0.181910306096998,0.202313342381479,0.194892868798454,0.240491099678125,0.116817956380845,0.111877428071007,0.200007819465602
"capitata33",0.174948810626787,0.192461235466921,0.134739132591476,0.220196905174837,0.30102089239784,0.0814320917123456,0.177873517695768,0.143962909962057,0.572564661772613,0.089559507556928,0.0893377487228641,0.10661894982102,0.294725480247241,0.172050386656785,1,0.132830363036079,0.143143172411596,0.204751740307704,0.110417633720833,0.175277427629321,0.191613012343026,0.206413852468914,0.190899246907175,0.16616962415909,0.167093866533583,0.128091615168748,0.100098132383171,0.133601766931571,0.153336270432473,0.135235374303337,0.176759006503324,0.126595433665029,0.170004804997774,0.158624203444826,0.12085207572997,0.123165473228478,0.0851600645080384,0.112464600957949,0.0694467721750338,0.167659111994273,0.123191776792873,0.150261891910977,0.0893225399241279,0.160073890281026,0.148310821321601,0.111515955658505,0.0925022114530028,0.147834098182529,0.115024548292003,0.0876481206007377,0.15580158989574,0.137715416437564,0.181963209801221,0.132810090573796,0.0710388067592109,0.125123824523923,0.145908384438225,0.0971060164509507,0.072382305280903,0.147309998148991,0.12475329220167,0.15858789035685,0.158664809553701,0.153494818286124,0.176072057719174,0.1479488218749,0.0812195192970857,0.193156025612359,0.127510738579643,0.152063656396469,0.131904334046922,0.182068049662193,0.174468466950902,0.128231357498678,0.147783923870237,0.245628502304036,0.113629790471295,0.126554105326306,0.073973839276612,0.214460865711802,0.172957324176239,0.142726475813023,0.077359455225216,0.136820008252426,0.0541429981357347,0.135295076318986,0.17219754725248,0.133828794395577,0.0701481664431166,0.155685850040204,0.112322494131866,0.116784785525559,0.133676433561741,0.140681846151206,0.152270132686247,0.0997461073980241,0.0806831922697878,0.15431803600994
"capitata35",0.130978068534843,0.158181209372964,0.117858649896856,0.173729295742402,0.165808703001005,0.0745939697702311,0.161509784384654,0.167655740690344,0.125915219038858,0.0701867560273665,0.0837082095857463,0.111245054243014,0.104234699458842,0.425019784326621,0.132830363036079,1,0.138582320892958,0.163931658357333,0.0892508815845922,0.116234613758653,0.159701950528296,0.141173413933828,0.145978662653355,0.136563194383562,0.123883842410447,0.124251762123251,0.111709849861815,0.0989683213618279,0.13258734926519,0.120494259191595,0.139087333393353,0.106539885661797,0.156408353254617,0.113043585988728,0.123949441022744,0.0921577616081439,0.0984262422276588,0.0938607361726185,0.066265182494643,0.143778042285127,0.101868963144125,0.12276138755107,0.0745581871718105,0.124512598669274,0.125763882796041,0.115005513683881,0.0769725457593557,0.136435773020681,0.0958046687303555,0.0729230751807562,0.112756848387001,0.0672563412664334,0.161311891179811,0.140214149216565,0.0691515875328208,0.12979235496582,0.136533143184312,0.0844836141879859,0.0593664729305597,0.100216002965958,0.159081981225815,0.176008539884724,0.135792949971237,0.158030430106105,0.140037965692472,0.132591328709912,0.083175593528914,0.139926980837971,0.111269107505907,0.143182037331572,0.112881060289757,0.161738524126238,0.220731377793371,0.155976702850445,0.126246288526002,0.157394876153813,0.11668313603061,0.113624915817688,0.0742995743903308,0.181990848555451,0.1464731219874,0.17223170997952,0.135457681683677,0.136123186952122,0.0572166923535434,0.153889687715574,0.15860369380434,0.122554451595862,0.084730313525458,0.191920033657898,0.10783392200196,0.106381742251944,0.122870084328927,0.158998120804257,0.146613503476066,0.0862131657909845,0.071391921589094,0.146122540153394
"cayennensis",0.218324007823442,0.195558790053596,0.135667818888993,0.215997277318454,0.22120569342041,0.149692117368593,0.220459995773009,0.23308844993315,0.125096409638349,0.111823469082226,0.153937644141135,0.123418358039114,0.147429212412568,0.170385049595995,0.143143172411596,0.138582320892958,1,0.204181433878626,0.148531457219227,0.173426121637216,0.187361771640785,0.175438996014478,0.184534359198489,0.165275292819193,0.154112253044556,0.147937631878199,0.142833673092093,0.139499481731868,0.182165157317645,0.154097622970459,0.156310381517241,0.137579419909578,0.185836022195817,0.138790268381417,0.188453718334709,0.0923195932922702,0.150861564435309,0.154314399562733,0.0880504089140755,0.193363910956811,0.138794606868839,0.190850148793288,0.116548535742771,0.202978495787988,0.135485964223316,0.153006507506235,0.136948948902221,0.135687405133221,0.118320614583969,0.0984018706481566,0.111740511429722,0.10595293758972,0.195925137862359,0.154162209912106,0.0627749740489066,0.205543339999728,0.199728222330628,0.192279803254738,0.104279667202893,0.125011074456374,0.132600603380264,0.191635992585917,0.143767854936878,0.176874571793905,0.170829074589393,0.238491071169024,0.132318120443086,0.189481810624523,0.17079766911836,0.233543373616,0.144584544756621,0.221414202946724,0.182533634594977,0.16129747680278,0.148439941476465,0.209393891898753,0.136846069106846,0.122008013255361,0.112220839030174,0.223487842795708,0.165345313218652,0.233856278034934,0.0901964233611555,0.151715840937942,0.0632418677285279,0.176554107962213,0.246080821854084,0.161659546110241,0.12529778375757,0.185054583657262,0.168477510727828,0.171303546624262,0.219647033417305,0.192190969887536,0.174307183645832,0.117836938104107,0.116111448518227,0.24732469530805
"chartacea",0.214131598956443,0.335103423129485,0.173476862499127,0.256582078658335,0.267348995421581,0.119136130139476,0.2011828116291,0.19548176481149,0.169421000022733,0.107905471422453,0.115074323879312,0.122583748124923,0.154202438830053,0.205890777150197,0.204751740307704,0.163931658357333,0.204181433878626,1,0.128395033361198,0.211876646485121,0.225733020665097,0.191699100849666,0.216135050571443,0.19577789413812,0.202609518980693,0.179987142992863,0.118059754283616,0.166283214226524,0.208439523229299,0.17325700644829,0.175493397160776,0.157533523281901,0.2618182489114,0.198546189931854,0.175470959447585,0.155579880614,0.0898696985471443,0.120383215638161,0.0934444255709695,0.233865059893635,0.149561261412637,0.20180900524114,0.132679753989909,0.184942461221046,0.166793326348717,0.181049989606823,0.140568638940422,0.174297042382473,0.143320774172413,0.0999275722417075,0.154211354415419,0.105547902932027,0.199879176444069,0.201661697456916,0.0797110044937947,0.202900102713527,0.171345643222436,0.12598435753301,0.0866838224156269,0.132227076842142,0.166611438386275,0.251661494087266,0.143586506991878,0.187825794102613,0.184418943415507,0.208435382172452,0.119565356899234,0.204946939367885,0.160038188958527,0.246366744375653,0.133406461212992,0.271035117642879,0.207935918937086,0.205206984848493,0.163351868174865,0.249801421864301,0.151628660216814,0.143721395437806,0.111278153067818,0.202949114359048,0.185286593163389,0.187804411407894,0.0808913299766955,0.152193374379279,0.0751501489899142,0.19184370799296,0.221763708235385,0.17883868247808,0.0672070074374681,0.20240936611933,0.156290125436936,0.150819815236578,0.168157635055258,0.225702926202945,0.20431233166374,0.13125516507814,0.111092348882132,0.205179113878549
"cinnamomea",0.122238345622707,0.160136679543824,0.111577786604712,0.13950036661842,0.135309092223371,0.167932851631363,0.13135308138945,0.182964816681167,0.107741959505765,0.151935021311509,0.215325513287259,0.111534200606719,0.0883081090322934,0.121465653898561,0.110417633720833,0.0892508815845922,0.148531457219227,0.128395033361198,1,0.168690070979815,0.156630599321398,0.141840569646848,0.149866337488341,0.114329628473755,0.118775143016402,0.108277034047083,0.0757420236564032,0.197251509883843,0.202210424577302,0.112293374446777,0.11612166451851,0.106256208990279,0.158770077040573,0.115910956669622,0.244707214573758,0.0600111142959614,0.0719184026454768,0.104279912748338,0.0612476796346682,0.163643342924229,0.144631264705086,0.433540260015746,0.152450328049957,0.102011721255286,0.109812704120434,0.090069308988401,0.222708340210785,0.104341600330412,0.0882492080527483,0.173321023321396,0.107192161775473,0.154895969269823,0.136348026328201,0.141760646192084,0.0497486077513465,0.164998624024992,0.138753384893979,0.260699005618366,0.437839220562667,0.104737321077741,0.131953033728592,0.146947138614599,0.130031541273588,0.130341381556773,0.125227104531002,0.18752597027211,0.22742590684772,0.124047972960106,0.103884411344634,0.264623546082479,0.160188287479904,0.150713139477588,0.141993084401843,0.16226240524093,0.110487451537331,0.166149192643681,0.0981797663125934,0.127137189971819,0.112258161454268,0.128894075699568,0.1234012237255,0.128557215097369,0.0591378794184367,0.133434070812387,0.0472015139587877,0.115542881522458,0.156555280701716,0.136353924993516,0.0673018591786072,0.151242363494377,0.163967441225236,0.159921368194407,0.141970822958157,0.129904820771852,0.154308907277455,0.126192600707048,0.118492880639714,0.233063459241189
"cocleensis",0.176882433795608,0.190828584276733,0.20571334696745,0.175429028890164,0.172980632283711,0.244491589012013,0.202822700046586,0.175411739004252,0.121125379491525,0.165154871352921,0.179417052405177,0.12889565448271,0.109823756185836,0.144060488528797,0.175277427629321,0.116234613758653,0.173426121637216,0.211876646485121,0.168690070979815,1,0.177322367849029,0.143799709039644,0.196316347852231,0.15121729471888,0.197747076165835,0.144494030548703,0.0846268114398016,0.187962540395773,0.158789630790111,0.131879480849127,0.237385484182019,0.150973410764149,0.231970166256512,0.216849045903312,0.145187503625678,0.113405967273719,0.0876984972867438,0.0944933600836647,0.0545159601571658,0.226885794127889,0.128149762493002,0.249030937528385,0.129268133503836,0.184967904785097,0.138504247850599,0.131244504377726,0.156626040312837,0.12107740861467,0.10623491537347,0.133575534183534,0.18802683237903,0.135130126943699,0.14857312874816,0.180217371890077,0.0568741424769612,0.207248838169945,0.141274822741932,0.174176022172217,0.112081832843333,0.164875305893711,0.146529323379096,0.193031198360744,0.145660713826956,0.148885996114175,0.14242087169266,0.173733007995224,0.207891857134395,0.155454558814802,0.142100834578316,0.245195290166696,0.108310405189488,0.251546400629335,0.172360382351822,0.195484676912908,0.126199281681805,0.196441032067771,0.121049846597687,0.194593889738264,0.110425411331063,0.153598947239893,0.137949661769739,0.144129311521644,0.0751174707832569,0.128212706008854,0.0791825728811113,0.13984885485406,0.174842895884735,0.149107020129043,0.0664372232639439,0.16144415540285,0.224229697936461,0.139771053903838,0.180582987203354,0.131174941035917,0.144838661667968,0.111046342126141,0.124221584158442,0.226795828324835
"cordatoalata",0.248199335694696,0.22586302648439,0.216165742656966,0.246540125550833,0.200011854421603,0.0977716683089512,0.232243979211066,0.222035899616359,0.172127798955551,0.129283359371325,0.142418209144969,0.151708254203431,0.153017817791364,0.213348377108164,0.191613012343026,0.159701950528296,0.187361771640785,0.225733020665097,0.156630599321398,0.177322367849029,1,0.218669778612057,0.218258393002768,0.239064587685864,0.228745782777341,0.20382977067509,0.12260344558322,0.157817061929898,0.239568150034494,0.213279696588729,0.1668725395613,0.160091745172128,0.216298079624246,0.318019444323158,0.212985694658387,0.192972452580798,0.124542510029973,0.127497674675668,0.0784190479347049,0.269554888955128,0.142026019373412,0.18163611897932,0.12185841818641,0.192191788252367,0.223115833756023,0.158881619590788,0.143650024111223,0.234673962360723,0.112301877833479,0.110140369367849,0.196891582784809,0.0853937318833989,0.256500822258103,0.19169253422601,0.196422689181933,0.157109662460401,0.202569283369696,0.139351145698863,0.110791299488476,0.154374676627544,0.235944232625418,0.217013055420824,0.226785194847405,0.249712075153046,0.202942310272977,0.207970328435767,0.0991201233909327,0.234138894362824,0.140202329694033,0.199872124751289,0.149571876396288,0.228205379835356,0.297069902373282,0.206783194369785,0.162914125237157,0.287352539550706,0.14759687706551,0.17373271632164,0.107372297322637,0.232323998749863,0.195812620221448,0.217595238333939,0.116153387157229,0.201656503425763,0.0508035711568325,0.21218434918881,0.260557996270671,0.210542762945892,0.0817276173940331,0.203467988735498,0.147511255457905,0.183739801226112,0.14700133846802,0.199202658506722,0.191759467986483,0.121295590104136,0.116031906760784,0.179293389329637
