"","acreana","acrocephala","acuminata","alata","alba","aria","auristellae","bourgonii","brachyrhachis.aff","brachystachys","brachystachys.aff","brevialata","brevipes","capitata12","capitata33","capitata35","cayennensis","chartacea","cinnamomea","cocleensis","cordatoalata","coruscans","cylindrica","edulis","fastuosa","flagelliformis","fosteriana","glomeriflora","goldmanii","gracilifolia","grandiflora","heterophylla","huberi","ingoides","jenmanii","kursarii","LA17","LA41","LA48","lateriflora","laurina","leiocalycina","leiocalycina.aff","lomatophylla","longiflora","longipedunculata","loubryana","M18","M25","M27","M30","M71","marginata","melinonis","microcoma","multinervis","nobilis","nouragensis","obidensis","oerstediana","paraensis","pezizifera","pezizifera.aff","pitmanii","poeppigiana","punctata","retinocarpa","rubiginosa","ruiziana","sapindoides","sertulifera","setosa","spectabilis","splendens","stipularis","striata","suaveolens","subcapitata","T18","T21","T29","T50","T51","T82","T85","tenuistipula","thibaudiana","tomentosa","ulei","umbellifera","umbellifera.aff","umbratica","velutina","venusta","vera","virgultosa","vismiifolia","Zygia.mediana"
"acreana",1,0.226820095294999,0.23711073171171,0.239747636989745,0.159278666399113,0.183964255936887,0.291363811556784,0.167055974040141,0.198626285482725,0.250507299446362,0.193374973897684,0.165281224771567,0.136359120610995,0.257356951943752,0.22059802843015,0.269791836162377,0.192785403939654,0.208402578609645,0.133672475438809,0.227943358239085,0.294519215842558,0.170492500721286,0.199179257858967,0.220878182493079,0.277852618170134,0.109481600304489,0.180905108870305,0.242687495404801,0.188353463306446,0.19872246383422,0.134991263478136,0.157317155879941,0.212397800999015,0.216707389884965,0.156004146508924,0.130907853305692,0.187398473093979,0.127286963431237,0.154775333965574,0.159335418197785,0.148514256140486,0.185068234240438,0.0901295240538711,0.300209664495487,0.209901539879134,0.0858177172370948,0.141773729343735,0.187160393189067,0.140818661525523,0.137809305830337,0.106395242710225,0.276403191697456,0.241923572017066,0.165112532283789,0.218294905335406,0.18498062195765,0.185724518258797,0.180508996120086,0.175070737696015,0.30440947830284,0.187391208310496,0.236934888936327,0.176484345121476,0.30600434971268,0.218213275779063,0.245516382209913,0.223290683108803,0.233602544315585,0.105768508921639,0.249198994070699,0.143719716181277,0.209980500019169,0.207057493135069,0.150768238975535,0.244460828716618,0.265031771461339,0.257482954476395,0.251851839391591,0.256691015579789,0.189738360786104,0.286596012021047,0.266643616049832,0.259147038598591,0.194882026701051,0.0937942924884894,0.203008674193849,0.172322885213715,0.192714691885259,0.180091725651044,0.246744605181704,0.0751607463278449,0.115416456910318,0.118217216222704,0.17353698552031,0.0796718457360673,0.126015096189431,0.249480582427124,0.305205430680867
"acrocephala",0.226820095294999,1,0.192999006847206,0.233730783021883,0.14674451062243,0.171013275294989,0.270578242361573,0.120116224763918,0.179369500383753,0.196919421431382,0.171897848496787,0.143057765299253,0.145136198045047,0.212921434926624,0.188556214688065,0.204762686353175,0.161762895260669,0.238907759914482,0.113615368614256,0.208295995627858,0.208558826052521,0.140333291193247,0.177062176360439,0.161404399283579,0.24268780585415,0.0924261864851871,0.149832437913117,0.173417220001774,0.172869267139828,0.224882970369591,0.122437686745004,0.132867882363398,0.16726750854681,0.151524324316316,0.198787198625291,0.135564913969925,0.170284756177924,0.133576663005731,0.147795118746878,0.149561829602459,0.163386012164768,0.1757809122936,0.0623051828699556,0.244611965060746,0.164487466680403,0.0966464996378463,0.116002304590402,0.167493324792376,0.140585766323778,0.159965300487444,0.10136413890631,0.199943412223976,0.200147333177467,0.181901499485205,0.173124522974631,0.193167765558097,0.365842138795202,0.188348408655757,0.165739459941602,0.237557041632007,0.190745853122422,0.158564825873413,0.193356955373721,0.243320624939145,0.246074400433543,0.223850882776302,0.2138985125926,0.206706816911412,0.0934402887598589,0.24054004319347,0.105090354755388,0.193894464960769,0.234944979202636,0.223900943078264,0.200571486126456,0.223647340252681,0.195518155307767,0.168296235766343,0.207715120431164,0.170722459249583,0.226149674427178,0.200418228042501,0.250006666415491,0.159061039850823,0.0524346145606914,0.223665426932688,0.20110483049219,0.144930690263594,0.201653805407736,0.228665012557297,0.0620708883015071,0.0978773733341344,0.0818850345787886,0.160296971275989,0.0803631623879507,0.123734812599573,0.166397892670756,0.230199283977465
"acuminata",0.23711073171171,0.192999006847206,1,0.198680857253129,0.141780447071364,0.198369668194832,0.210249080337895,0.121631788130324,0.173704929315458,0.338060011394212,0.164683018757341,0.209480424774677,0.103943689477615,0.335947453392095,0.220062655947468,0.191022662540624,0.144756128044689,0.154668059697291,0.119414741360659,0.220916567297079,0.23504636242492,0.118567641741136,0.164125113927366,0.184718692912543,0.23740727671997,0.105454121131678,0.202083762068357,0.204901621240049,0.169633910821368,0.497079248044588,0.109781697048433,0.165848492280222,0.155097878450603,0.1457046169988,0.165978656737497,0.117082132995452,0.161347838880542,0.105787631168201,0.161034736097649,0.167579428935919,0.116549345947241,0.180799246508583,0.0525592491192135,0.294766453962044,0.151097668898507,0.0727438379059598,0.138205771756088,0.187298782467668,0.165056965055021,0.175979107617764,0.0858473564358407,0.32009518140672,0.258104872446295,0.139634964504874,0.26331270684192,0.160494049188704,0.153569685409267,0.194286785634975,0.186017239899642,0.181194871778143,0.168595070588302,0.181054767828568,0.254245287681928,0.297688421347216,0.185523507794773,0.223340932230056,0.221669470077928,0.178357992824049,0.103576033812155,0.189953482478393,0.148726063832093,0.246110318668211,0.198042154732994,0.182520822944058,0.36575599029792,0.230488251090027,0.21740551744616,0.17127217997878,0.310997419701152,0.163070074681214,0.337847277659669,0.227406503174979,0.323941622730493,0.161811033618737,0.0986653212553929,0.2602123341798,0.1513244118022,0.156214204195747,0.25748629242855,0.402261542354255,0.0743598861615961,0.114114673578781,0.113552314150776,0.129149053139797,0.0860863832392852,0.117971895288599,0.267329426741126,0.327844886687356
"alata",0.239747636989745,0.233730783021883,0.198680857253129,1,0.163939742178712,0.140820269377621,0.26551089455969,0.189329835360108,0.24010711623503,0.209282314309759,0.15813558265421,0.152418190095077,0.161039536001173,0.220034751705119,0.253823960983509,0.238866051882182,0.158651777071964,0.243139394555277,0.131888563841712,0.222572655682911,0.243951677426181,0.170437980070977,0.185414805651855,0.207644415240821,0.177927077857974,0.132847322271622,0.145588551409789,0.208290194530387,0.179425898014811,0.165169181695014,0.214424879296325,0.146604897387022,0.234970514315527,0.156506603140312,0.199159757993708,0.134091600807792,0.173029073221286,0.144769224425723,0.14090171426091,0.141083776852857,0.156425004189218,0.174371883987727,0.0655287672783752,0.250188552580383,0.210131135400228,0.100831894116334,0.160044832318266,0.184010906887169,0.158676303284603,0.168759679864216,0.105708129371702,0.189853339829743,0.266602239747288,0.16670463765461,0.211049269298703,0.169730063615949,0.166527595837396,0.244843134194447,0.181859995611701,0.194946997751375,0.230183888946088,0.191357066308094,0.244812612282088,0.270914461178602,0.237292326675918,0.270048950182259,0.250049647456473,0.278580460938202,0.111494510163352,0.296362317591192,0.129780876483837,0.196561571631453,0.220535395911331,0.206984174650819,0.179912367222955,0.248531472585814,0.229166494021641,0.177785568041829,0.211350732955328,0.21922183287997,0.241608724697414,0.225107880450419,0.204825825890853,0.188493277136198,0.0785135291444754,0.185761993115731,0.15484454390166,0.168112619193404,0.151997511890764,0.238188280070604,0.115583980665066,0.123592524033023,0.101880627645577,0.19418472242318,0.0984104741750046,0.147188139611882,0.158043218241609,0.206351974710052
"alba",0.159278666399113,0.14674451062243,0.141780447071364,0.163939742178712,1,0.0933651976699268,0.179859468906148,0.167633646283894,0.135628465780328,0.26731953532242,0.258014590632989,0.243240557064347,0.175506880723843,0.143899698042228,0.199334663136348,0.145648016903966,0.112327443513785,0.164378931995935,0.095814431873578,0.14575334203274,0.195136928766114,0.13248649318568,0.120252300214403,0.237175364861893,0.14126325255451,0.241538855517728,0.105173961328312,0.148412921363957,0.110011461628115,0.133395555574811,0.0903883188300991,0.301962689355537,0.178759667857988,0.131763166200976,0.212318902092696,0.104981552504855,0.106193062898739,0.0853712480333226,0.0942668010463685,0.138660108108959,0.221552550175538,0.109202282411425,0.0405050681711181,0.207601183045876,0.123025783704642,0.118291630537312,0.228538639971351,0.136495894977447,0.205880774537085,0.210847109447771,0.0955998666048348,0.159523838772337,0.159846551823852,0.113834975093219,0.141432482169007,0.153575195161207,0.125309498993196,0.166019820877911,0.213525455408962,0.154586942027571,0.153057979481672,0.283738758938094,0.110410644187584,0.177811021501282,0.144523002189101,0.147159449968379,0.162719461028749,0.171003992640003,0.197415297476929,0.167381458651959,0.34476950612971,0.105742470051556,0.145396918622417,0.110600002490505,0.130936018531854,0.225867658183505,0.189548052568469,0.159249046728779,0.155688211507499,0.169295511654998,0.179145103066248,0.196788637992614,0.168769622988774,0.202846063003312,0.172371394421549,0.148025167347179,0.101298143359132,0.118108518984725,0.116655399108066,0.267337065890692,0.128010684862928,0.328672357682315,0.289697027997814,0.136199329564597,0.192448039775761,0.248870511324006,0.127872410159997,0.162050999351614
"aria",0.183964255936887,0.171013275294989,0.198369668194832,0.140820269377621,0.0933651976699268,1,0.179287370480969,0.0837044045884098,0.135077319100575,0.172042707989262,0.152121269761373,0.15449481418294,0.0894962253863096,0.193237771617985,0.145317124072598,0.150331437249076,0.12244880423731,0.126078056530088,0.102335800881291,0.179583647472582,0.148406646728938,0.0942014667042966,0.119063868078284,0.144089161323219,0.184253285099519,0.0968397888824899,0.206575650207259,0.154141143820502,0.13454853947848,0.207325112452856,0.10143539011024,0.106194098882566,0.116995169546096,0.13832890212393,0.135660546538504,0.108310176847391,0.17409692890564,0.0935575867524357,0.144415495098831,0.123885512066608,0.122162506140735,0.158164487186602,0.0597297203321758,0.169170277857219,0.136749027018609,0.0596700000366583,0.110862924597944,0.158376465531195,0.116899018358293,0.164939208168598,0.0881927087005239,0.183288665441924,0.184893992999117,0.10630144970758,0.162593494563549,0.125328102311766,0.136435578370896,0.150729313160727,0.097787223194859,0.167674558000732,0.137391866910922,0.102332431545484,0.167075859733109,0.17375904429076,0.152179551877687,0.173887455519455,0.152561317450938,0.162223640085413,0.0424618313831853,0.143023325897958,0.0747570314309806,0.196961100704173,0.168310768878437,0.185151756224163,0.30756312865688,0.148493596696634,0.142009166486635,0.105464251868833,0.223422014409464,0.187240089371051,0.200791356838839,0.159794305808084,0.20067573462666,0.124962516053049,0.0353273386516022,0.179558912542064,0.15632784013121,0.121312282729433,0.19067400561254,0.196285962594251,0.0373716466496084,0.0697047619632311,0.0734240606665777,0.0913212536029981,0.0434181068216735,0.110731761411208,0.166686075517037,0.229217566259143
"auristellae",0.291363811556784,0.270578242361573,0.210249080337895,0.26551089455969,0.179859468906148,0.179287370480969,1,0.164524880142549,0.214364156100021,0.246258663391288,0.168475088217232,0.169871635897502,0.158100105356594,0.266516147147213,0.241169621479205,0.26624460148263,0.236518608919908,0.219203529896834,0.125621278960014,0.29798839646772,0.273569432125503,0.172356063844703,0.211794395798853,0.226063339059854,0.229209815356203,0.125254926696676,0.188397183854703,0.210613983234366,0.202423056991425,0.212526448123285,0.141082721041682,0.137840876481531,0.241185575077117,0.213547386182956,0.303849449030575,0.121146022131179,0.1851353840847,0.130529381882822,0.221569491546974,0.15179224671477,0.183367565416909,0.196440208771294,0.0696401282209118,0.288883666612441,0.230464959785174,0.0945650467540933,0.139073699218413,0.202111070915688,0.164729106646469,0.184601487711581,0.0988871210614815,0.243019524877173,0.2561432950624,0.136738737315643,0.206409103486896,0.158237239651653,0.18433899577645,0.275146964754639,0.17556127922302,0.239570501706515,0.232162070789704,0.230928617660253,0.263976683791354,0.299454369263685,0.2398145016493,0.254259197771129,0.240914819285659,0.253411934322445,0.0847503678041613,0.363567929239096,0.12879401102823,0.254702712891406,0.223097638592314,0.268066253329701,0.23495652017594,0.327969426723468,0.263060184553424,0.213632934858781,0.241473196654711,0.190028981905279,0.277981956988996,0.22178226012491,0.31444750767877,0.198511050871768,0.0749274265436185,0.222108582142696,0.164684642490853,0.162062790344919,0.209351902815569,0.259992414032366,0.0775455922009532,0.132882733825816,0.0966259511741484,0.206120132098309,0.0707533271066793,0.138824598295523,0.297029720493943,0.286063739937201
"bourgonii",0.167055974040141,0.120116224763918,0.121631788130324,0.189329835360108,0.167633646283894,0.0837044045884098,0.164524880142549,1,0.147652211396732,0.144445526470408,0.140860262377895,0.136657213971164,0.0802897022421566,0.12988600254432,0.178585823262667,0.138388744299226,0.121108036224541,0.153503635627277,0.104398844533101,0.146561372387737,0.253957057148001,0.135745294057838,0.140253994323684,0.213718537195495,0.139739759245813,0.118247785361465,0.101221378845148,0.185338371558043,0.12100251884668,0.1249029723572,0.0996815259747584,0.17456666721452,0.233853328324716,0.110651736165987,0.126988427072265,0.149176038022002,0.106563431513483,0.0954995245651226,0.0820160255417645,0.128291293616522,0.113734760602686,0.108902860009285,0.0500878834527922,0.183174595818823,0.185944540536062,0.131584834140539,0.0945336895491215,0.0930169389696522,0.0965901951638813,0.109951076137272,0.107471523404335,0.148937656867989,0.187403893917633,0.102342722234048,0.149428979751841,0.144258904161531,0.109280694159093,0.196119502283867,0.12803258064201,0.134954151503583,0.141773625259091,0.214770827210644,0.100434078083128,0.170757192082469,0.13533635176656,0.171306535118295,0.164801761952751,0.167106181827574,0.159955474462158,0.167577907693329,0.236521268693895,0.108397182842025,0.127380980825261,0.104203128296521,0.122079658556454,0.201420895931338,0.216821157408357,0.204524016853113,0.165288255522161,0.192173174812036,0.166684564302974,0.165442179338047,0.160551592419011,0.212486766934133,0.137187730663175,0.123119851076245,0.123719082048882,0.112817370713546,0.104812935609976,0.139711278287945,0.136752794781679,0.162089964085582,0.151232049707783,0.185003421804482,0.13152476189904,0.107611247860009,0.112996874314621,0.13575761085194
"brachyrhachis.aff",0.198626285482725,0.179369500383753,0.173704929315458,0.24010711623503,0.135628465780328,0.135077319100575,0.214364156100021,0.147652211396732,1,0.187893781785027,0.176152206809588,0.166507596819569,0.126635586773182,0.214029059486182,0.433466018496631,0.242669511668945,0.170432174581327,0.180401740972754,0.149895925251104,0.16315526648344,0.201048354129271,0.1999000458908,0.240174001681482,0.197392258280002,0.151576575840541,0.13638216051761,0.170005806544817,0.169418928396341,0.156094351347374,0.162201734523476,0.132628145579536,0.140637229528119,0.19019438132278,0.154242954500447,0.18537550756101,0.142669187678237,0.177031273577121,0.153580498736615,0.122331020124563,0.135360011052559,0.132910786963908,0.205836129383778,0.0724254245287373,0.241670472878221,0.170013747321513,0.108939109018035,0.124246856785948,0.159763804173381,0.151804958822988,0.140266282931256,0.10184474351069,0.159486176006328,0.189980307957991,0.16822799015319,0.208398822868292,0.16665886373005,0.1508498950494,0.181676223824038,0.165240465334895,0.194852058643147,0.212332835359117,0.16137298742167,0.173713977488699,0.236646358253804,0.184954533080518,0.20863333759054,0.195664181348715,0.25733121299093,0.115239044920815,0.227879203413114,0.123868206209515,0.156588792488275,0.19801178377312,0.154263394694787,0.146426034182938,0.205116432165322,0.195288562218537,0.13006610862603,0.201676212436894,0.210764834274168,0.219844685252797,0.185280254855524,0.168838483955077,0.153821587598134,0.0708119814704415,0.171449615538833,0.169576872903733,0.173278936275965,0.143779287292226,0.208720682565572,0.0778940982462225,0.106377622565571,0.0910015744613366,0.150029833852563,0.0887581815218836,0.13343165060463,0.145691900919382,0.211495042852073
"brachystachys",0.250507299446362,0.196919421431382,0.338060011394212,0.209282314309759,0.26731953532242,0.172042707989262,0.246258663391288,0.144445526470408,0.187893781785027,1,0.428362908310738,0.366340649146138,0.207599712769015,0.254809623794994,0.242044275145206,0.244720465707267,0.141011868374126,0.162721588946166,0.117339611500716,0.264075854624001,0.282424130045503,0.131745873397295,0.163302903261799,0.194218673997896,0.223133758897023,0.272499869664409,0.175421253705207,0.191814688724155,0.158955023654246,0.274496913437029,0.111358189453393,0.396520631806328,0.195765531961468,0.199273984377995,0.381740500135253,0.120507934322667,0.165056550810393,0.109080311240554,0.161620935502415,0.151881326389156,0.353718545133943,0.184532828240492,0.0581675587769878,0.296774654541123,0.155255747362953,0.0715872638368797,0.416901583693041,0.156441507092701,0.315123668848519,0.329095659252212,0.0859570602601585,0.350701150855101,0.250741655182545,0.137217584965381,0.210516237820613,0.139803824778475,0.170440971856264,0.165135104766259,0.359340075231042,0.195237193715703,0.207833387855839,0.190642757200222,0.209061374401329,0.331268355207265,0.176105218277019,0.200304933664353,0.26460291785279,0.193673267077492,0.0788751761005182,0.20419392206569,0.350501423997266,0.199200226143084,0.199835182563315,0.165618011946345,0.298237885822127,0.271964440678736,0.277215162645263,0.257082316562553,0.278274175684785,0.187528732843385,0.377261351918742,0.301699061327784,0.333803587097581,0.204109208891702,0.0820564651955467,0.24162688222247,0.142713250638316,0.164119182335741,0.223667294759902,0.476506896102075,0.0544310303409877,0.297521457328487,0.113703752699432,0.154181970012472,0.067202363400284,0.389911047210775,0.309905687822565,0.398418367876006
"brachystachys.aff",0.193374973897684,0.171897848496787,0.164683018757341,0.15813558265421,0.258014590632989,0.152121269761373,0.168475088217232,0.140860262377895,0.176152206809588,0.428362908310738,1,0.348767067141283,0.203603442539275,0.16474914768869,0.205534885634774,0.161014671590409,0.130530710609962,0.158211018676588,0.111003054240009,0.186523816909389,0.203221186225502,0.120078688365831,0.161306146759051,0.179313496819604,0.167614257350597,0.275098972590604,0.143583234684037,0.138207629938856,0.154051982917997,0.153647697221801,0.117246033700211,0.358072963759387,0.168280901987999,0.164531729560535,0.32733995958519,0.129612523210353,0.161477828626236,0.0945890017379508,0.104954507395198,0.132425641369359,0.340570660368645,0.129936615027908,0.055317934063312,0.204727717529269,0.131234089727111,0.084983351836409,0.348270153665143,0.116275645198253,0.271337214292172,0.293091102344595,0.087816009172252,0.191058911099067,0.177233798862523,0.151531004474496,0.190377670986108,0.178392523940994,0.146648510855992,0.140069889302708,0.289908472206035,0.196000668586607,0.151851564770887,0.150177143068423,0.150329740544229,0.203848762377316,0.170772241595908,0.174373873953624,0.185546824219916,0.18563344388471,0.0860966947853647,0.168841004621732,0.304820917899228,0.152819702948988,0.185260446174543,0.120252635808401,0.167172933055262,0.193192268368492,0.220661969082326,0.159968851829555,0.22023009031425,0.17665459425138,0.198255181060084,0.233004991637738,0.187140733959928,0.203204743848137,0.065905274687801,0.184752986272577,0.152184606349311,0.117246179367603,0.13064824483354,0.328721970659646,0.0626786718620084,0.351997572028109,0.0682751747445359,0.144883466840554,0.0785933610128955,0.355616342460753,0.139228392345032,0.186621558903451
"brevialata",0.165281224771567,0.143057765299253,0.209480424774677,0.152418190095077,0.243240557064347,0.15449481418294,0.169871635897502,0.136657213971164,0.166507596819569,0.366340649146138,0.348767067141283,1,0.18916691515598,0.194543331138116,0.200786656252021,0.156628428993779,0.151959616698112,0.156749463560859,0.125767698509013,0.17815568174149,0.181448697236279,0.134204195744782,0.141346241413322,0.150055291732974,0.15592801585705,0.241827270168031,0.192394738828783,0.162115861322313,0.154803659457917,0.204746957153394,0.109558406885391,0.261945086723136,0.14522059645136,0.140028554462149,0.298505704929027,0.101446395793136,0.184801323143302,0.100434181638874,0.130298011390456,0.131164324049194,0.285967501015469,0.144004095796848,0.0736884016464609,0.192746502414158,0.137231662835784,0.0678742102858812,0.28559059193761,0.123925527772691,0.286910923024385,0.340727718448374,0.0789210679023244,0.167741781836218,0.197875545837156,0.117705221178367,0.223753117665526,0.13103105333762,0.130149045202915,0.162977996345297,0.253423627372118,0.148055013270138,0.149779942756603,0.132640117670202,0.148663850133644,0.187528397257332,0.161750035832302,0.165741780406534,0.169846856564596,0.192497468408766,0.0694643299669196,0.160305486334847,0.26243709371923,0.14637203394791,0.170213975707116,0.14399898715804,0.167399113426354,0.171749964949149,0.178876943415187,0.132886819296902,0.238626687267049,0.173021202641409,0.194420257044035,0.203109071037091,0.202950612719312,0.138960557963063,0.0549238285577943,0.19030680684127,0.12673346865951,0.120948916060803,0.15247813480304,0.336320224018444,0.0505037585885892,0.271808632539692,0.0804185047175716,0.115172012232399,0.0608723686352735,0.290998065068886,0.202820214871171,0.198848202866126
"brevipes",0.136359120610995,0.145136198045047,0.103943689477615,0.161039536001173,0.175506880723843,0.0894962253863096,0.158100105356594,0.0802897022421566,0.126635586773182,0.207599712769015,0.203603442539275,0.18916691515598,1,0.112915956240806,0.113170753432508,0.182234742303437,0.123421510853331,0.105655350497071,0.0832926266818856,0.103504401834568,0.106001902627444,0.102262176365089,0.114581158916857,0.104976713868796,0.125823299315421,0.159924177045594,0.103173691095088,0.115736920439371,0.113169811191081,0.118281458618235,0.126615301040477,0.17272688287786,0.0978074342121162,0.0861802250722184,0.193443506283273,0.0878538509382167,0.114776001991478,0.134884625101674,0.0889428286238949,0.0844593502295924,0.203510472928652,0.0996732502895584,0.0438516354458543,0.130907927703563,0.239434870811983,0.0547258469041999,0.171374099646328,0.107199447678661,0.190423527196836,0.198101331121695,0.0558039367146001,0.109792864207255,0.125250923588311,0.0850334390966665,0.114744866618069,0.125056280990621,0.103860770070618,0.148470601658339,0.202271224234037,0.137048962195306,0.135527001637455,0.0816355286139081,0.151514119874641,0.154843718890918,0.199846217834344,0.124920813531172,0.161839935823453,0.120439138934872,0.0589363589716306,0.11758227418243,0.163380579416839,0.109304028818196,0.15403935381458,0.103238854893766,0.0995848370306245,0.104547399065275,0.121798384382089,0.116845066848186,0.12131253984048,0.104964043562269,0.108201104963669,0.162208762303521,0.117268664274556,0.107051111644882,0.0320229271242599,0.154011296661643,0.137757034013453,0.111308283354442,0.121191610874183,0.225132082978638,0.101908287517712,0.149074291882434,0.055493637997786,0.23369082102657,0.103984124030976,0.194686954229411,0.0844074162594061,0.115496503745553
"capitata12",0.257356951943752,0.212921434926624,0.335947453392095,0.220034751705119,0.143899698042228,0.193237771617985,0.266516147147213,0.12988600254432,0.214029059486182,0.254809623794994,0.16474914768869,0.194543331138116,0.112915956240806,1,0.237506510641781,0.38672543363615,0.197965607093277,0.187855266673248,0.137605240877705,0.237626506271733,0.240090873876027,0.166337850832209,0.193407453647769,0.192967087402706,0.259540122532191,0.0966300581649047,0.182496379077946,0.216416335045955,0.190175302744236,0.378633184308173,0.124379378520387,0.123138810775377,0.177209726129486,0.188319095015533,0.172844561166702,0.165127657040931,0.173338820515061,0.109223233160925,0.150000458127392,0.171251591376853,0.151172235356167,0.185363438679929,0.0677086788122082,0.279485139149153,0.184463647791964,0.0635664845681691,0.147840199651575,0.158019662122512,0.141366453352701,0.165754742835904,0.0839693346221346,0.264542127012676,0.254511335455743,0.153113795740955,0.244300270041825,0.145265577948506,0.170549555281727,0.192556913682483,0.165693857250947,0.230524518045641,0.177503928697346,0.180644645323662,0.257227128446559,0.290291947631743,0.202566143947533,0.243077145567006,0.225418606384605,0.200060724759029,0.0772297573032546,0.205589068951739,0.124766773532171,0.216744048891654,0.26915258178227,0.177761117539964,0.286775094746972,0.226857982683864,0.234597293414748,0.175508911990456,0.325636473723093,0.175069546866222,0.267162683308305,0.275699902582668,0.29772572371347,0.160615811801296,0.054219797553303,0.279196881700933,0.170413166528196,0.156160651376527,0.214919209809885,0.346232222397839,0.0634131183645681,0.0948802232778434,0.0861347283798022,0.137712901599801,0.0585660431642469,0.120016461034371,0.261995183902353,0.312210114279135
"capitata33",0.22059802843015,0.188556214688065,0.220062655947468,0.253823960983509,0.199334663136348,0.145317124072598,0.241169621479205,0.178585823262667,0.433466018496631,0.242044275145206,0.205534885634774,0.200786656252021,0.113170753432508,0.237506510641781,1,0.244240612779199,0.168543100122581,0.224455260102974,0.170650024604022,0.192584288640454,0.265280467453143,0.226298459380352,0.218496101829812,0.275191515052389,0.188560731594466,0.152721717477279,0.212427686839556,0.211643661223889,0.164371308031794,0.192905356594664,0.14506278769417,0.186649529160144,0.255922088567356,0.190894605138684,0.176422459831668,0.158855202072745,0.196609573976836,0.142609202699243,0.135796430787305,0.158109999132094,0.157123023898231,0.164774613173718,0.0787323701745222,0.283722200400166,0.180613072015721,0.102861446194807,0.154643473437374,0.162717686691638,0.153368566939092,0.146289302613846,0.128375844728726,0.20726913090305,0.23725664648246,0.160038582941389,0.239487613342801,0.192354872114686,0.178637848621992,0.218650706935179,0.210563424019435,0.215354510984043,0.274802277080244,0.217615159338677,0.187058908829604,0.282988097088414,0.199104836978293,0.234851642573375,0.242798788918414,0.27206901373263,0.137218346376416,0.238495377486575,0.155431328051715,0.159909813524495,0.247227471730888,0.160551355798225,0.186075900964823,0.269002876416012,0.284792627700255,0.208675744632048,0.237584340274006,0.235364350366297,0.27750844574779,0.249856672063683,0.218018509246525,0.195304358318726,0.0981533237025089,0.200717531519753,0.149243008849367,0.184007655931909,0.154071559989351,0.248537259967963,0.0900520444065235,0.138685907469537,0.130769920512199,0.17949301068542,0.117738516658577,0.150671381006282,0.177881634110377,0.250212221002884
"capitata35",0.269791836162377,0.204762686353175,0.191022662540624,0.238866051882182,0.145648016903966,0.150331437249076,0.26624460148263,0.138388744299226,0.242669511668945,0.244720465707267,0.161014671590409,0.156628428993779,0.182234742303437,0.38672543363615,0.244240612779199,1,0.187897327313664,0.179495760620906,0.126987853472452,0.221391861315892,0.234108500627787,0.14405621566693,0.193478681442397,0.174802392472736,0.234175540935053,0.0982206822879289,0.146106400613413,0.21765924693325,0.177103266765025,0.192449115361479,0.147931566858204,0.143907385118848,0.182663552004951,0.216486810875567,0.165898076867412,0.119597883051404,0.142904385744868,0.174667278946867,0.127797594986192,0.143816223263588,0.135521437888186,0.167759231465477,0.0683643335703146,0.268225020913698,0.171925845543056,0.0836489743276766,0.127255852832494,0.143522367251568,0.141417865417034,0.145255510862094,0.0926466753564271,0.216741948461613,0.206708752939331,0.16424408620753,0.192318151936402,0.157846429469978,0.166482082392742,0.160961644654087,0.183353648645497,0.268291893723603,0.20688301276399,0.191309936308743,0.152762262001774,0.262121499037542,0.192609187289559,0.188043090661305,0.269571572435563,0.216470787610174,0.0883027547462395,0.197985796271764,0.118568023213724,0.160213008821815,0.250312360454446,0.178508241933588,0.193195399997093,0.229088744273988,0.267284442503979,0.189848536685749,0.219200775084341,0.179437550535024,0.280538109564624,0.223906775079053,0.238479727228191,0.176969102117097,0.0615104118915824,0.235158905122561,0.16846026020053,0.160038477957846,0.198257731011891,0.247835764945503,0.05456198879411,0.0951671176700329,0.100755762689176,0.153998641807561,0.067629282881523,0.148608394307672,0.213291182328107,0.269159326530869
"cayennensis",0.192785403939654,0.161762895260669,0.144756128044689,0.158651777071964,0.112327443513785,0.12244880423731,0.236518608919908,0.121108036224541,0.170432174581327,0.141011868374126,0.130530710609962,0.151959616698112,0.123421510853331,0.197965607093277,0.168543100122581,0.187897327313664,1,0.181844014943578,0.0980852729646323,0.199273296016119,0.161440144903818,0.122100909541388,0.150819295651176,0.141988084143898,0.148614126824896,0.0908284850288975,0.145327480016971,0.161604300020459,0.173447504004749,0.157941646833558,0.10535204693875,0.108168822211805,0.148453450068167,0.15829747469361,0.187635610016276,0.102413973454008,0.135795838195432,0.0987321210959328,0.128209979970986,0.0981498474378042,0.129627004039283,0.153889636874284,0.0655430498319337,0.14766606712578,0.154763044495224,0.0857129615417922,0.0894778118719889,0.127746883598006,0.118781785988231,0.135724400249042,0.0878585768623529,0.143722274585608,0.157142682136075,0.10966364368881,0.128252852974652,0.142949079620167,0.122620905775255,0.159916288995989,0.276186710808885,0.192849036104643,0.125772580105566,0.131722358090942,0.14890383323233,0.190894159078213,0.174413797810382,0.182190542042832,0.171965864466261,0.160249619488136,0.069453734447487,0.22063265201425,0.105107046103741,0.152026727867997,0.165353318304726,0.180313519306524,0.169808958009191,0.189017389369573,0.163497152834162,0.128269894323837,0.156376415996294,0.129436482727307,0.156020127777262,0.148307828463254,0.197234052498842,0.120894079346357,0.0509457045946586,0.136608177164955,0.150793571302679,0.126921752981489,0.133819899831268,0.159284264388306,0.0721098605551947,0.0829232742225583,0.0790379913721552,0.122834256361623,0.0663538485427256,0.0963956534173001,0.161073642568649,0.218648728219568
"chartacea",0.208402578609645,0.238907759914482,0.154668059697291,0.243139394555277,0.164378931995935,0.126078056530088,0.219203529896834,0.153503635627277,0.180401740972754,0.162721588946166,0.158211018676588,0.156749463560859,0.105655350497071,0.187855266673248,0.224455260102974,0.179495760620906,0.181844014943578,1,0.149471612952973,0.155105232260598,0.322782830381297,0.161807596069105,0.166783789835903,0.20944259507223,0.190356464162256,0.131382102023717,0.127687046211117,0.193169283802848,0.143137566348952,0.15715885985801,0.139839733607709,0.142493298660763,0.204102730448251,0.180425523879999,0.164708139857311,0.148030391660869,0.159712065203436,0.12673857838492,0.146574306858035,0.152475435805758,0.150356442048298,0.140640912905533,0.0625089703250381,0.214014876907702,0.171492783469658,0.106496235038192,0.127346655028356,0.145481261629866,0.128167610999432,0.168979088979948,0.116685495660729,0.148912003646851,0.214121601912603,0.15495866651705,0.174268307101727,0.171830531137563,0.164660415350092,0.190413211040552,0.176050487219833,0.151701384363809,0.216291422346263,0.196504174647651,0.142199977428017,0.197157876100149,0.191362342548178,0.205385432906221,0.170691463406875,0.287269408073953,0.119736966653488,0.262470640691794,0.120783380459829,0.15357307174458,0.175390522696437,0.160193178580586,0.13916219859032,0.257339372569724,0.212833962769305,0.152824409710667,0.191049301644887,0.16025011368078,0.175326209264136,0.189976575039838,0.1927476661214,0.18626765776675,0.0921056917880994,0.141796049329619,0.161944308136312,0.164241454056895,0.120226884122277,0.164701368453957,0.110456375968033,0.118923258513866,0.106581028233307,0.14768488747668,0.0921584357976082,0.114801516206248,0.1593735346027,0.209681603605302
"cinnamomea",0.133672475438809,0.113615368614256,0.119414741360659,0.131888563841712,0.095814431873578,0.102335800881291,0.125621278960014,0.104398844533101,0.149895925251104,0.117339611500716,0.111003054240009,0.125767698509013,0.0832926266818856,0.137605240877705,0.170650024604022,0.126987853472452,0.0980852729646323,0.149471612952973,1,0.109431209158852,0.136868617209677,0.125950896796402,0.131756939274203,0.137952745189966,0.13045125445399,0.100257799695799,0.122285128559652,0.145870608338807,0.0929717026054577,0.139333211910188,0.110949868993712,0.106738716359753,0.138991876818909,0.101778044767809,0.113101215472817,0.138662511198295,0.104114762426986,0.105397539903878,0.0871899627428934,0.114819061040926,0.119351251890306,0.105317145536214,0.0538774662618643,0.1331975430869,0.135901170481045,0.0699550496387442,0.0844793268552903,0.10027708480111,0.108456258247194,0.103678440140311,0.0860868056354674,0.111770359035614,0.126259423747557,0.158291867573529,0.167144272479981,0.124783459838617,0.128556656095038,0.113779474869392,0.107575333175572,0.120556402035211,0.13514636214948,0.110600255956809,0.100040186830762,0.140458872486771,0.139108178679094,0.138202821380112,0.127389309914302,0.139069124444216,0.0683679526547193,0.146144719693046,0.0892287279776439,0.102538396324919,0.135367085201572,0.100828243507231,0.109621039146062,0.124286302579583,0.132717995731924,0.105852212541858,0.160407189323466,0.136177848137901,0.137573492679469,0.160702263746881,0.11137930740665,0.116444396276269,0.0403249795016092,0.114283737221645,0.103662679134261,0.113520935065429,0.090270259694576,0.133960671728603,0.0567197671886105,0.0658527445796301,0.0595055238376734,0.116373279622983,0.0731780192099022,0.140492943011773,0.108320250067436,0.130608769712701
"cocleensis",0.227943358239085,0.208295995627858,0.220916567297079,0.222572655682911,0.14575334203274,0.179583647472582,0.29798839646772,0.146561372387737,0.16315526648344,0.264075854624001,0.186523816909389,0.17815568174149,0.103504401834568,0.237626506271733,0.192584288640454,0.221391861315892,0.199273296016119,0.155105232260598,0.109431209158852,1,0.219552452038582,0.124852486940595,0.163975603659879,0.156035931468152,0.213861107041738,0.0928166451720748,0.175956185147868,0.233482104142339,0.200323426286375,0.220406269522567,0.125813201828518,0.130165073338323,0.167700192090975,0.185585022127379,0.332314796558062,0.107855633148737,0.188728861962055,0.113216190965998,0.328556278467596,0.13468572969563,0.137324732108391,0.187705466038582,0.0614717061567813,0.242875969842577,0.15023958857793,0.0867385059438005,0.149609761902134,0.145614736026097,0.154869888573563,0.253367688640459,0.0912262060276864,0.236238473262857,0.222879236542463,0.134928157955399,0.187936081595928,0.146124073131895,0.153799158123833,0.257907112015786,0.142878021370095,0.197445612736569,0.172236837632585,0.153281154205483,0.271096146287427,0.234306916688844,0.223841079385068,0.231129136008878,0.245843425662387,0.209951770058082,0.0574564356036379,0.254123735428863,0.108037246614245,0.304167816759048,0.210259457236642,0.436936584360178,0.287965986826199,0.240468875708197,0.216163016044064,0.171223850720632,0.244332718089019,0.177421674115208,0.314637123060913,0.206661905929826,0.335846868950371,0.15386041582432,0.0617126708924331,0.242912712981946,0.184042035595171,0.13534720762506,0.20849430480399,0.257080887346504,0.0584279688960915,0.154075648717106,0.105360940600204,0.141055009650072,0.0534544281870675,0.12415200405045,0.252794592291657,0.372277431880612
"cordatoalata",0.294519215842558,0.208558826052521,0.23504636242492,0.243951677426181,0.195136928766114,0.148406646728938,0.273569432125503,0.253957057148001,0.201048354129271,0.282424130045503,0.203221186225502,0.181448697236279,0.106001902627444,0.240090873876027,0.265280467453143,0.234108500627787,0.161440144903818,0.322782830381297,0.136868617209677,0.219552452038582,1,0.168985245489929,0.181825428091811,0.258686946811357,0.244697660522159,0.148560312689067,0.154120300392969,0.238004065471531,0.163832595806715,0.245442690979846,0.132610614196962,0.199861083058476,0.24088681163871,0.250682111482363,0.184866065581626,0.13643797319963,0.174054277009872,0.11497816739893,0.140944558402452,0.166905731076051,0.151574963953348,0.165306144333107,0.064937184196887,0.293225446458739,0.237728975809035,0.104055557262952,0.13285792508065,0.15798933480668,0.141452247133456,0.181104887916772,0.124807836163989,0.295292012420075,0.243421084041335,0.147858705788619,0.227406070395488,0.162144017813423,0.175678139187764,0.223499463970814,0.195974880253499,0.201012762301139,0.202724523881298,0.255996486239835,0.178833064010537,0.323282908383878,0.185850183754254,0.242608839145277,0.239929571918716,0.261308239985877,0.147770918873087,0.238313086484053,0.21792786442964,0.166798461011991,0.222084978989194,0.158747204142961,0.220010014964582,0.347959802305725,0.286619210228368,0.27286486241209,0.268087305584965,0.235167181398884,0.311931545186943,0.276552051977806,0.332816529221242,0.220378950791855,0.122489374073078,0.223709540123934,0.158942067065932,0.211952259879536,0.183289971045695,0.267390093375217,0.122321124613104,0.162248313439685,0.160111339295585,0.177334661351859,0.114759661888779,0.148934227369588,0.225884438387979,0.332076922039439
"coruscans",0.170492500721286,0.140333291193247,0.118567641741136,0.170437980070977,0.13248649318568,0.0942014667042966,0.172356063844703,0.135745294057838,0.1999000458908,0.131745873397295,0.120078688365831,0.134204195744782,0.102262176365089,0.166337850832209,0.226298459380352,0.14405621566693,0.122100909541388,0.161807596069105,0.125950896796402,0.124852486940595,0.168985245489929,1,0.285332182403078,0.166271977874547,0.162184123189885,0.103519429102032,0.140285894027409,0.145379390523054,0.112703134273263,0.137396179156661,0.128922679790252,0.120561592470153,0.167954113073788,0.11380245271442,0.143902929995799,0.128318820169374,0.11435318224198,0.0966937163489639,0.104599877816361,0.138417327036951,0.110762917584515,0.154952867421682,0.0688017450345489,0.180149358628193,0.160954340603173,0.0904780917096158,0.112382516868701,0.117000430552251,0.110422923170146,0.102589882292635,0.108831905064262,0.131955654944476,0.155512408598906,0.105367256696616,0.144984090322595,0.119125789667846,0.131548605247185,0.139283292434197,0.131562349682712,0.150461004242238,0.175425202692213,0.149024679328938,0.11805793238615,0.172876475129681,0.13641328436172,0.159910856469823,0.172911501862228,0.218067534605387,0.0905728729508173,0.165649039045684,0.108391407587419,0.133335663274012,0.14563179896252,0.113417900731912,0.128005216500383,0.173041955932667,0.171459844856653,0.136556468253431,0.150642675449632,0.203805918610558,0.158869819945175,0.164471676388172,0.134104513297175,0.150890311645397,0.0713673739267263,0.137177748063771,0.125902599945155,0.124721796306827,0.106052129510194,0.140812861491165,0.0695165592359702,0.0930125016033752,0.0893571552065035,0.15821029617405,0.0812963596146593,0.119677395322174,0.115374186673418,0.162845605714674
