"","acreana","acrocephala","acuminata","alata","alba","aria","auristellae","bourgonii","brachyrhachis.aff","brachystachys","brachystachys.aff","brevialata","brevipes","capitata12","capitata33","capitata35","cayennensis","chartacea","cinnamomea","cocleensis","cordatoalata","coruscans","cylindrica","edulis","fastuosa","flagelliformis","fosteriana","glomeriflora","goldmanii","gracilifolia","grandiflora","heterophylla","huberi","ingoides","jenmanii","kursarii","LA17","LA41","LA48","lateriflora","laurina","leiocalycina","leiocalycina.aff","lomatophylla","longiflora","longipedunculata","loubryana","M18","M25","M27b","M30","M71","marginata","melinonis","microcoma","multinervis","nobilis","nouragensis","obidensis","oerstediana","paraensis","pezizifera","pezizifera.aff","pitmanii","poeppigiana","punctata","retinocarpa","rubiginosa","ruiziana","sapindoides","sertulifera","setosa","spectabilis","splendens","stipularis","striata","suaveolens","subcapitata","T18","T21","T29","T50","T51","T82","T85","tenuistipula","thibaudiana","tomentosa","ulei","umbellifera","umbellifera.aff","umbratica","velutina","venusta","vera","virgultosa","vismiifolia","Zygia mediana"
"acreana",1,0.250578232910141,0.161989873251576,0.240666913514542,0.231066354204933,0.188151940780612,0.25357330957214,0.212586432968239,0.196243152286097,0.10505743918247,0.116365152281916,0.215866790132504,0.210407992346426,0.162382637870808,0.25274870331144,0.311294181043942,0.155288128219684,0.207097597426904,0.158998661701275,0.1677119786012,0.220169164024482,0.168807545424002,0.237487169338807,0.235912102615628,0.14469872679964,0.201143269450939,0.146115726501893,0.174645869525632,0.227674340610081,0.314845192002076,0.256736834773399,0.171899057426273,0.248278915568303,0.181305492437167,0.158960048127457,0.158042553755885,0.187006097065306,0.168208426421971,0.118845126607083,0.141505999598625,0.252030058000805,0.275834912792563,0.16111943318787,0.214954944428876,0.14342715650532,0.228521052967131,0.157785714321472,0.189773596369892,0.0936938574039401,0.25676045741159,0.18931082070466,0.176463611231962,0.302060173977108,0.162605089750502,0.151449637415908,0.180541097293595,0.234278168282401,0.127153740684096,0.209069936282352,0.22034544386661,0.291532017570594,0.258471587487135,0.201781023097389,0.215230413073774,0.23375542994868,0.247082282392455,0.166740136088204,0.273842682186539,0.212369865797418,0.242109910385789,0.168242633458177,0.18852535353709,0.247377096428403,0.142239191285259,0.163623126927613,0.278612097518312,0.136887732337798,0.195417311884756,0.169425031200962,0.199552368170513,0.207034666225599,0.227035198353296,0.141897295952896,0.198252505811284,0.178643033130961,0.21260222097699,0.248176002878897,0.224122908136982,0.149831246952089,0.183025940888608,0.100320506280371,0.20554899412645,0.209570734022063,0.280876069624287,0.149920041668163,0.103141077548205,0.199322342154643,0.194076293310293
"acrocephala",0.250578232910141,1,0.161511703485852,0.268813161756285,0.224960945476515,0.15897796104802,0.377497065284874,0.232991045885408,0.269981197611983,0.13993492792173,0.12675775522748,0.228425245741772,0.259582551766026,0.172017461662881,0.273093041821149,0.292809309763375,0.156641465537708,0.219465582841508,0.29413377068143,0.271916679468225,0.184453284845933,0.189309607052528,0.219351018478727,0.217686815436845,0.164467047610976,0.24901312913975,0.135310925738619,0.257805526204329,0.221294661795533,0.262366948499564,0.241019952588745,0.214409337033343,0.230974130980644,0.235101542259815,0.176212112413377,0.134564860646953,0.256068238239456,0.230164792015008,0.126451327900198,0.134057612416549,0.209655388497785,0.33278930563505,0.199705520791493,0.255340934615088,0.113266654996731,0.266343271172524,0.211374318592314,0.228095954454928,0.106792090567465,0.169957637933081,0.180817439236926,0.292192751542039,0.252361063661991,0.197082380520516,0.162610953506151,0.173911363413154,0.328534072464981,0.143466386841613,0.238065797304432,0.178715171657136,0.280102501134814,0.18819620602526,0.222988912815083,0.351632582508591,0.339923975034593,0.275747666391737,0.167295930758511,0.238239370543754,0.241134330195266,0.312175680219247,0.173493470116575,0.209930373724105,0.331247551359574,0.101804825420188,0.214007903045315,0.340878013844002,0.11848643408972,0.153742088076739,0.248385926964679,0.304127235929496,0.241086370404177,0.264202287630802,0.145836026429561,0.181570753197889,0.228682139779112,0.234432307990991,0.239299408997261,0.304924496704271,0.200347294836902,0.170364946245673,0.0932822473340556,0.292059213786824,0.210604758417944,0.280676924402474,0.142903893223259,0.0553553480980327,0.235237012965838,0.24735419679044
"acuminata",0.161989873251576,0.161511703485852,1,0.177237578597238,0.144065443224043,0.100937046309645,0.151449354345001,0.133073340193513,0.123273600762683,0.116310809822749,0.0696868380121637,0.130703083713516,0.108857187164677,0.123062983757155,0.135328327182297,0.135811124562717,0.138300947193738,0.158501155430193,0.118562896887228,0.117337598082932,0.134191036652592,0.154382908141692,0.148520345589535,0.144453006507227,0.0946638523767217,0.120192297588862,0.104273582146991,0.132703561138643,0.156204835978588,0.133702768520415,0.146148680869494,0.111419756546642,0.1418618321606,0.138647040319502,0.109961094336594,0.142314854271305,0.165304368970608,0.188071354286267,0.0823779006848692,0.0915430599467337,0.124080759511089,0.166015017801141,0.108087882232515,0.129649299102874,0.111029329844549,0.152476729972964,0.102163006680179,0.105032407491214,0.100627760715598,0.106630886802408,0.131178063942496,0.122496464762002,0.167360515225264,0.131377554772677,0.0982926671687256,0.127738423929514,0.132615936402863,0.135362071184717,0.146188064350479,0.125820102954861,0.153260934460073,0.161353219308176,0.139992924969622,0.139021994382778,0.158562915515971,0.163084323610265,0.122453628286651,0.170611815763705,0.138153760843655,0.175998987154491,0.125045928784078,0.13071013132836,0.150762343343648,0.0734256090803254,0.139805848887851,0.165566890157286,0.0862223192095831,0.111733159499736,0.18217669884974,0.161008484064198,0.175599359584558,0.127829932810468,0.136920880862772,0.138637456608128,0.125526566590443,0.128093290293332,0.12846847259673,0.139904531779269,0.0779428428906217,0.124696840251456,0.115625669000144,0.129585618785419,0.143224975990923,0.162524136458018,0.157201146719011,0.0500546173826308,0.136724276708947,0.162640613137446
"alata",0.240666913514542,0.268813161756285,0.177237578597238,1,0.264917394275786,0.164325231287061,0.300078282091593,0.237598306068636,0.267882756634792,0.123352096480555,0.147902675794111,0.202053853513689,0.198051518359546,0.196146463200242,0.252814060499385,0.249231943244407,0.190903049910969,0.261899196155879,0.17348013904472,0.196992718870427,0.208090974462595,0.199006412309772,0.262619603329967,0.239919295839229,0.148913885417809,0.18839310795284,0.150479937360166,0.217973627493289,0.223748978639894,0.263859855185496,0.240987589626977,0.200925912441582,0.28877771745155,0.21865387875525,0.197397299246754,0.15451806155951,0.204871223940809,0.19160883095202,0.172686336860705,0.156975742241503,0.22472581696564,0.276997995194662,0.177049725186462,0.204293733352588,0.146774551018838,0.264221948808218,0.186599640311715,0.18771181465052,0.139799068805732,0.163471756893613,0.196871188213637,0.18709690034816,0.250295444539223,0.205884792894223,0.151508048664475,0.192279860698731,0.217006767539762,0.191313221938374,0.242503139314594,0.185999712354321,0.293861160668204,0.277731394696259,0.277351038063319,0.215593839821069,0.311924589563441,0.302545947314086,0.209889803228827,0.296784815560989,0.220766079595637,0.282371470061649,0.217636285126523,0.216844810731297,0.239337414765531,0.11709482797691,0.233256641282519,0.31695089528398,0.129843168998178,0.172063557001621,0.229438990488091,0.263107801320204,0.245556385055526,0.229866938994321,0.148735325622537,0.21632385484063,0.203598907363795,0.249031495009132,0.25122237725797,0.263603460121247,0.143760581638282,0.202173690020199,0.126008256935646,0.219383921265905,0.192615268956614,0.274064730808273,0.188527450259681,0.0615692525167823,0.192942508778672,0.25265304321891
"alba",0.231066354204933,0.224960945476515,0.144065443224043,0.264917394275786,1,0.11609988223147,0.214436654067472,0.166367330886717,0.224802410660184,0.242197208164562,0.22309756505584,0.266729501433829,0.299964593178505,0.153725922747016,0.198924670364817,0.188247601236405,0.166715746396606,0.201940802680636,0.166771860402179,0.146517200008965,0.188053660418747,0.153720207598632,0.205905104965973,0.199375581412254,0.126915796093611,0.280070386893744,0.183462569810448,0.190368774366073,0.204561576915933,0.188434185043801,0.187476903498817,0.269244341799791,0.266009799922914,0.170037853555522,0.270397806973596,0.138262939180677,0.17099554103853,0.144661817964961,0.115746455389786,0.128925643453052,0.311368414602149,0.206858039243842,0.167002515351744,0.165530244016541,0.118708322467746,0.216030414198876,0.276729571000433,0.16260402155698,0.219914069686759,0.263585321749089,0.171687523378739,0.168087407098127,0.213838996275073,0.163805720031565,0.139194395928169,0.191763210696795,0.190456727934947,0.152180639067513,0.277860098472914,0.159941873977858,0.221682449951481,0.241548492245851,0.214126991422215,0.244594777939307,0.220070900444075,0.219744556003404,0.212431556865627,0.214847798861686,0.16766621356535,0.198919203151784,0.299910104173141,0.152935725833907,0.168337159517447,0.0987589178653419,0.187170306082376,0.22132244689771,0.104276019096293,0.128221478177883,0.176075809076553,0.20104085066861,0.217609627231619,0.217664951617406,0.118035597084199,0.202710950247993,0.152403830529525,0.205549900774386,0.181018848217291,0.184919933804197,0.106312240975732,0.27733015198114,0.100646756768558,0.26080605986166,0.129640274932038,0.190156057298581,0.188706899612078,0.159842642380854,0.132344954628673,0.210668728905431
"aria",0.188151940780612,0.15897796104802,0.100937046309645,0.164325231287061,0.11609988223147,1,0.155805851220932,0.319861602680954,0.111026823420459,0.0799729610998358,0.238444521329405,0.135795665613355,0.181225441909411,0.114630388694388,0.178422860475178,0.11073470622112,0.106237829934424,0.127886905768188,0.124652148781207,0.116917902405388,0.148454936143677,0.12244883735803,0.198858461455455,0.159500320748577,0.0863516461211655,0.170888952087209,0.0712778916791497,0.132790133650846,0.11640564855599,0.1378360382723,0.125764669793757,0.133204312243484,0.161619673824793,0.156134931798486,0.145141261315636,0.105698971094462,0.127853112637568,0.10318089809326,0.0920219523439959,0.0794539668715976,0.183104351591834,0.16399753116635,0.118956064150738,0.149203646253919,0.13891422807459,0.162474104221062,0.122120853129066,0.119119994153273,0.0619129657473066,0.114622198369503,0.13308488478089,0.132456674993648,0.130812125771464,0.101932386338644,0.0964067977524198,0.165717456411868,0.129301151312222,0.090195390332866,0.145386097996316,0.114469773974827,0.176469117000342,0.143507526351889,0.226248079423693,0.144765525742909,0.138923634041634,0.163941803978726,0.128918947138169,0.195167433424443,0.308867485035279,0.151212994643768,0.134168936032354,0.113578650729213,0.134089013675039,0.0644138396926162,0.131358871452617,0.219452764681536,0.0625399753876467,0.12520052319754,0.112618580767637,0.222145866588363,0.125826237046055,0.151274135523058,0.0872114731098037,0.140213137533113,0.170047084082529,0.120902809832246,0.221647568497177,0.152119944720576,0.10387786736725,0.123348321942424,0.0770848553723602,0.126286633766417,0.143111760012956,0.22141612127738,0.1730014452109,0.0350830019613591,0.130197178116814,0.130408861082922
"auristellae",0.25357330957214,0.377497065284874,0.151449354345001,0.300078282091593,0.214436654067472,0.155805851220932,1,0.232700129818511,0.325049693858798,0.154351717245139,0.128340033929684,0.20995427704629,0.225543958691072,0.180445290209911,0.263880313563099,0.253307288391652,0.180059728590618,0.208367711129256,0.253002527396513,0.231297063227381,0.176487418564005,0.199435418875355,0.226786335376474,0.212055384849931,0.158140996932992,0.217473039242216,0.118914960373132,0.272599814396935,0.233048007930112,0.242739465444647,0.220477712298271,0.190397571284704,0.229380724782503,0.219786668813033,0.171596875764412,0.132227163234286,0.20111935008298,0.200692189392552,0.108472260275907,0.129729799074273,0.305052154428897,0.319931170114945,0.186955921223398,0.226204126096942,0.122031024915425,0.249723657874671,0.188496596636357,0.209494321031065,0.0997867827642271,0.165943974234221,0.212481942383556,0.250779184238448,0.279531150191715,0.21694067199215,0.148075516547922,0.18805589481439,0.290775779746859,0.155092949803921,0.220519410909,0.174484399452688,0.248153474707053,0.203740546037687,0.223814985113705,0.342255243974858,0.3249966918871,0.318983506478696,0.207117393815785,0.258324161760087,0.235975643109104,0.302840331574934,0.170339821882519,0.216775408644335,0.305115986277641,0.115807950720082,0.221390335508303,0.32942297999229,0.100232846019111,0.140806176359047,0.237235108716786,0.265638761358511,0.240904428777283,0.220649075982242,0.145773870853274,0.200743659998696,0.21921050640384,0.234912711806991,0.236439267396237,0.293035544888484,0.177599585699906,0.184760131967003,0.101969823245883,0.239973586055732,0.204439017238201,0.253181289124421,0.163643853017322,0.0486261986654722,0.223533161644844,0.307043769101127
"bourgonii",0.212586432968239,0.232991045885408,0.133073340193513,0.237598306068636,0.166367330886717,0.319861602680954,0.232700129818511,1,0.212876068554904,0.0987929331930606,0.246818930923057,0.212622472750526,0.201463168831811,0.158035279698505,0.212670214720251,0.234950965258419,0.149504260832868,0.160916941214616,0.16203550133679,0.210314410919802,0.170021195852917,0.172458748298749,0.215472610805403,0.176523479035773,0.119516523148509,0.219654586997669,0.145336684122681,0.169196320955934,0.22041484794779,0.218127915981707,0.24031140775862,0.19434871975085,0.173616066164226,0.17152036792669,0.149119299928778,0.115131870823701,0.214547628217933,0.184536299671713,0.0909056977835586,0.097007623393182,0.197340875590842,0.304750127676187,0.133147269375977,0.217904462465926,0.162792476980788,0.233816936828473,0.189385294430366,0.195188744544307,0.107173776750275,0.121867959937838,0.148907306767638,0.146629504833688,0.227422343596193,0.158365024737206,0.125337426132248,0.156366135471728,0.196140814681964,0.107589836060006,0.255636733821488,0.174880004355731,0.257930717918959,0.170081497726199,0.191629895408152,0.217679565271362,0.24970630457788,0.221560482694061,0.181829519185175,0.210652904845556,0.390702678927177,0.259635991969898,0.166904836779413,0.19776200946712,0.267684015525858,0.11665020781386,0.148080071047036,0.223179752042509,0.102687046965039,0.185924711839963,0.201570713253649,0.204634452721458,0.205951575001814,0.237837700902198,0.131288500463731,0.149837685871418,0.190272682816933,0.236473320906953,0.167539140231972,0.267820940305929,0.182127057953701,0.149699397744536,0.135072366925311,0.270589792057808,0.210210905290365,0.216918571508975,0.121160793815572,0.0426379424629327,0.208874363715399,0.220404632406392
"brachyrhachis.aff",0.196243152286097,0.269981197611983,0.123273600762683,0.267882756634792,0.224802410660184,0.111026823420459,0.325049693858798,0.212876068554904,1,0.115498792402707,0.130395097194248,0.180151344518301,0.342971191502649,0.151881389793335,0.220151713338507,0.352674893518061,0.189829989546788,0.169131510254791,0.165101477552217,0.333346150098641,0.186218561491118,0.146387548040502,0.194775546628204,0.177723233402249,0.113337096884342,0.287424708348305,0.12875603360336,0.175511357961508,0.203315068125778,0.22507690502417,0.195458314076441,0.160896992235884,0.224436609747926,0.193907394454286,0.142940821969046,0.148119128168812,0.211350363159509,0.284596127850426,0.0792887578375274,0.128149984113747,0.194830191910903,0.250574546894505,0.136313184275676,0.19695820930207,0.0951756517178513,0.20386898491196,0.26250517414154,0.161373572016337,0.090807586159427,0.155118737350082,0.202572511822181,0.158236303929728,0.206483014202068,0.170800983003844,0.145351609096865,0.203433156855184,0.193903466158444,0.136474074313218,0.2140762671515,0.160376861960589,0.249403237859188,0.212761276548528,0.241987851739192,0.370970442190298,0.270586057279234,0.216443003085649,0.221765368389171,0.202985951010024,0.225656098751166,0.329686178158699,0.151124936094842,0.220371689968366,0.277056253294433,0.100296392980366,0.166271604051903,0.241140327803158,0.0947461472665895,0.1131977025042,0.203410824441183,0.211065977873119,0.230051892686859,0.27514287328819,0.159324573580646,0.22421709131483,0.22189277437378,0.271986200553459,0.194321583264314,0.284431934301303,0.235355516203865,0.194252247487683,0.10169649341231,0.247421360870435,0.173352958280818,0.214499264203207,0.154341266509677,0.038346307172458,0.187072919884824,0.22086116146439
"brachystachys",0.10505743918247,0.13993492792173,0.116310809822749,0.123352096480555,0.242197208164562,0.0799729610998358,0.154351717245139,0.0987929331930606,0.115498792402707,1,0.315964455368596,0.282372620875134,0.193412486661288,0.120014264114755,0.109853335909861,0.100176808847522,0.0774738129086185,0.136169557747892,0.123164436529053,0.0915022726596275,0.104894214954605,0.102733141470545,0.113347396769389,0.145871814096262,0.116118076468479,0.252602972178359,0.0954965652548201,0.128482639442577,0.0913530060011139,0.0910647815861113,0.111315681219074,0.338338818993446,0.116153933503039,0.107272994624536,0.326376861994571,0.0777218236672294,0.116668429204474,0.0920810128643202,0.100779927492079,0.0831287041500512,0.285276758583207,0.129286887910452,0.120061483401697,0.0968622786551734,0.0912703510387358,0.0963364829482437,0.326808417663606,0.134951233984081,0.210554513542605,0.232206871096654,0.104369276696436,0.120769225997251,0.119543045187779,0.130196999528131,0.0825071220049095,0.116296264301672,0.134969169865254,0.0760083869932205,0.223537794782764,0.116168722199651,0.115137897908843,0.120663227025103,0.105374684804653,0.145215024626987,0.149210209930611,0.142936207497258,0.0934246012389763,0.116367361833323,0.102562642309771,0.110399773069839,0.29479912481795,0.0920076012998381,0.098706161240687,0.0748328306795588,0.117710007581529,0.111866350865515,0.0776699202629479,0.0958492979954369,0.11200651759858,0.130995148793356,0.130182426388708,0.122789817234975,0.100632474833539,0.118695272736661,0.0884102067505503,0.0910307569006552,0.104194611811984,0.0998988223361508,0.0710826014508694,0.245015617104391,0.0806660446326133,0.264639603083515,0.0786003631241429,0.120661156137452,0.093225549279411,0.297180641973519,0.0753422106463349,0.0888259598740358
"brachystachys.aff",0.116365152281916,0.12675775522748,0.0696868380121637,0.147902675794111,0.22309756505584,0.238444521329405,0.128340033929684,0.246818930923057,0.130395097194248,0.315964455368596,1,0.283275536226071,0.218917289902903,0.116348800382603,0.124259671503808,0.116186884579548,0.0970845142017867,0.152333312158144,0.126741191008657,0.109699767235068,0.180562083712419,0.0912437349317473,0.132930841843616,0.159991419171782,0.118600522260782,0.261643187286819,0.0879195001346851,0.0975910166781289,0.110535751976756,0.109235524180492,0.128234057291049,0.327083166583189,0.169574088810318,0.118161204386193,0.35853197200914,0.0758413315438565,0.123654304392735,0.108180454921292,0.0998060527812007,0.0785704432977748,0.310996308341154,0.156907357632055,0.0977450868335816,0.111909915457361,0.136897930523906,0.131201257867392,0.32421262622976,0.159346404838928,0.214544602255953,0.24264674766061,0.111955277274281,0.12104178698938,0.122392601767681,0.123345062759414,0.0894384659187396,0.144810583932746,0.108778849042911,0.0907080924797061,0.233052567471078,0.115864652691123,0.133570769706632,0.137870362560223,0.125886932117473,0.127523802474834,0.122726489554281,0.123380189721921,0.113993300642812,0.130614025761516,0.234781320807213,0.120718545268869,0.316169847320253,0.0939811522293493,0.105456520596396,0.0730664873593723,0.17453018183359,0.143713298731825,0.100592484859726,0.128025707062348,0.0999997429954549,0.121496304285267,0.102798203491972,0.137612919674709,0.0802241662569253,0.129710369208621,0.11089818421367,0.15408451188708,0.148775214682113,0.160178452564246,0.109679125199957,0.234870546185079,0.0766525147711946,0.265348451623569,0.0758390545335287,0.12551870153144,0.0915971000411481,0.242833399040509,0.0866809071067143,0.115839396883116
"brevialata",0.215866790132504,0.228425245741772,0.130703083713516,0.202053853513689,0.266729501433829,0.135795665613355,0.20995427704629,0.212622472750526,0.180151344518301,0.282372620875134,0.283275536226071,1,0.273218851491188,0.124492398117014,0.229987472900574,0.198756573589709,0.141120875985114,0.210608618772956,0.155887947290851,0.157783672760932,0.163655244027703,0.181882395148826,0.180518500998631,0.196350873566219,0.122567700708883,0.33021900117494,0.108479826457916,0.172271731172179,0.204874556574918,0.247173324478151,0.206867304460666,0.306356499596836,0.186606082340775,0.189892265120076,0.30980278768444,0.0952622190113406,0.197805768343096,0.177460193350242,0.108733830800349,0.244569212946484,0.35230120803748,0.235929370725286,0.143103066251916,0.287141771504342,0.0900888677259341,0.200855191292268,0.325047957369464,0.148213680873009,0.230829075935598,0.294505779202532,0.274568170388815,0.172879784434906,0.195641755124171,0.158951568339515,0.132558832308289,0.163300436562268,0.27736412748684,0.121270369455264,0.321432603953884,0.165078401645397,0.247381882954995,0.154559018339376,0.194600133343828,0.202447149623118,0.233009822001939,0.227344588662359,0.161063373980424,0.197831227361175,0.243803683065729,0.22774450067709,0.315239684807811,0.15536631333287,0.21108190109259,0.0849253293224481,0.191515968817643,0.238771687410648,0.101174583415648,0.121688196936868,0.153359757240252,0.184860541262295,0.186251427835851,0.200714692629168,0.148201363067623,0.180984030302961,0.190581240160035,0.196861159995459,0.239569841069197,0.252800509738187,0.125622346198877,0.285247265924376,0.0919088953527484,0.352173814734762,0.185856663954382,0.242074504130399,0.144178195132538,0.195945774330733,0.190763876114344,0.189195122000048
"brevipes",0.210407992346426,0.259582551766026,0.108857187164677,0.198051518359546,0.299964593178505,0.181225441909411,0.225543958691072,0.201463168831811,0.342971191502649,0.193412486661288,0.218917289902903,0.273218851491188,1,0.111335812576051,0.246192358832794,0.354095704100174,0.156038431714859,0.159187497907494,0.154764869866934,0.318414478476219,0.150974720753439,0.130802375353389,0.170284635285448,0.176715622518791,0.0989113578101177,0.487947980121758,0.134035379305099,0.138754027834906,0.205428396835421,0.209690277281257,0.182276054121796,0.292015851390814,0.190793745198286,0.245838519606758,0.237457513166579,0.112235217946242,0.187619033497134,0.196730511300144,0.097053339147592,0.105656863608139,0.330516714788112,0.246061900090445,0.159890122480843,0.197894300676192,0.087749199874707,0.208535800666332,0.418611683670324,0.147798788689408,0.185556914429969,0.263118071361544,0.190424010045444,0.19000858784874,0.185448822559214,0.135782579813129,0.155886573860093,0.190982651634818,0.181218143330079,0.105657980049704,0.299312374297607,0.160422137276029,0.242999061396605,0.180657556477353,0.230350414024828,0.353623855251303,0.250278377081458,0.195813864682011,0.16336906472881,0.187990952844161,0.199452233266,0.282009522123459,0.288129865258153,0.168930992023921,0.325461088434884,0.0850000043432573,0.163816179110819,0.317289022977146,0.0833849559999396,0.112652650125547,0.173348192784924,0.223306889550374,0.171978227435684,0.323093028917781,0.0996211913756117,0.151316995967427,0.298026393151163,0.197406378621191,0.272151279045882,0.281292023741001,0.193318517337409,0.241714358639579,0.105193411380495,0.359861630487852,0.159217136804649,0.322420219743745,0.119124811057244,0.13846372610582,0.205157500219374,0.174361033934317
"capitata12",0.162382637870808,0.172017461662881,0.123062983757155,0.196146463200242,0.153725922747016,0.114630388694388,0.180445290209911,0.158035279698505,0.151881389793335,0.120014264114755,0.116348800382603,0.124492398117014,0.111335812576051,1,0.142883764573004,0.162473846461614,0.110330534728465,0.173869683343959,0.220331302613334,0.125330774001551,0.152291433001637,0.136399332360311,0.135295962039446,0.285517545082256,0.193516821790703,0.136341266304157,0.0894220709558983,0.118734027655793,0.151897950377562,0.141387209394451,0.212252784168255,0.142594134693596,0.200411503684667,0.122531098436245,0.161640601897923,0.0878186866924357,0.164898194144355,0.108165454686682,0.222968387860258,0.0971599342705846,0.135181922506616,0.290545857180322,0.132424917836977,0.141971725253658,0.220097635292005,0.228501043705005,0.124457661903536,0.372592142548959,0.202893150501415,0.103067087481868,0.110709363524646,0.118616470214652,0.173792541513879,0.132775848171445,0.0880725733145949,0.160730280664053,0.118562065375696,0.112910049585583,0.176156758592677,0.161737739296085,0.164847828428195,0.168979258138145,0.125327116678764,0.143064204931128,0.190968128158313,0.169706927600647,0.158833312786942,0.254835410903024,0.168942761622315,0.185155404046426,0.132911775244914,0.169167205345219,0.138184237124078,0.129150517344826,0.187779248948472,0.173244035200033,0.336357525704745,0.23581490606554,0.125553425248562,0.148023927503126,0.197164229802173,0.313853013519223,0.108137159871487,0.112815308755571,0.14320200891075,0.130094053725533,0.218918406524136,0.13759284930732,0.18395093481952,0.129215066314485,0.0879079431143896,0.174805923862945,0.105809420236239,0.144974409253299,0.0922200385511453,0.0863802567156616,0.129874727514285,0.218755735423345
"capitata33",0.25274870331144,0.273093041821149,0.135328327182297,0.252814060499385,0.198924670364817,0.178422860475178,0.263880313563099,0.212670214720251,0.220151713338507,0.109853335909861,0.124259671503808,0.229987472900574,0.246192358832794,0.142883764573004,1,0.212855246519048,0.188393001599496,0.182897399595636,0.240241185946097,0.310514954402278,0.156345836032394,0.194480617837864,0.225345777995292,0.202054148021725,0.131666188085447,0.24508188200083,0.126217958790787,0.188228592202276,0.197129589526632,0.301630208989034,0.213897907386081,0.190806550112103,0.223325541594061,0.220000773653692,0.157917188711065,0.121436355564786,0.171608734861859,0.211156596847011,0.0997647752626701,0.14636005818325,0.282938473163795,0.264493764546255,0.185278733329303,0.279417220698617,0.0802721770839498,0.251367798108548,0.171704112049564,0.153178615220945,0.104878867212998,0.319392847687705,0.217276092831588,0.2532001251521,0.193901132409887,0.169739734707519,0.334234307574594,0.177006697910511,0.244851940331798,0.197172625519424,0.221011720565483,0.157524956469722,0.279716905968231,0.174606740701063,0.279273873593601,0.280054217773782,0.291961162595025,0.288557003694533,0.208405997537253,0.228935835727398,0.213604128670244,0.269863833100473,0.195248795830397,0.183434292304063,0.264563408124885,0.0886930669496923,0.203123339989363,0.37174692212816,0.0866623220894786,0.136764666300873,0.172918549295679,0.234133973594617,0.212471348927524,0.201713167905299,0.130159423133843,0.203264705023706,0.288333251387985,0.302368323194315,0.246391410171963,0.263303711193565,0.156167020255462,0.167612330923467,0.135663265326927,0.208184255053125,0.214737613505499,0.336274177895316,0.136109879695546,0.048664254008066,0.210551734221369,0.247689749626299
"capitata35",0.311294181043942,0.292809309763375,0.135811124562717,0.249231943244407,0.188247601236405,0.11073470622112,0.253307288391652,0.234950965258419,0.352674893518061,0.100176808847522,0.116186884579548,0.198756573589709,0.354095704100174,0.162473846461614,0.212855246519048,1,0.165974302051325,0.228260786359471,0.17529360301011,0.343548712379596,0.179337284440756,0.148509958662983,0.198295483819898,0.201066378527545,0.139704980321212,0.31801008433433,0.127754269517452,0.162672851465577,0.215950202085899,0.322996452272377,0.2248310111975,0.171612009836383,0.214733798142649,0.190085252094893,0.163067313276271,0.13801482619362,0.191876276484622,0.228397605991483,0.113483098319639,0.149053271192837,0.219019358759929,0.313290219407444,0.139842947799974,0.230643234793292,0.122243207800419,0.248720802007841,0.27421084555757,0.186959369647005,0.104932421594816,0.149273517907318,0.204691905085191,0.19248178887312,0.178724940970241,0.180286008125075,0.150907891364987,0.159726469169258,0.233234609654948,0.1452477271348,0.211982618824357,0.15929361093361,0.253191746813256,0.21641425037101,0.175387479000245,0.372948092226413,0.246420512389091,0.260132886715035,0.170971274306003,0.238589785145311,0.234357129211621,0.332207389548566,0.170561842889359,0.204018547742847,0.290543449439043,0.0994943178895699,0.171313549793802,0.246411690094658,0.120364938995419,0.154413795579758,0.202279267308188,0.211383097645579,0.232297109156834,0.332197364006865,0.105519572881707,0.201171461878845,0.214421187001584,0.21996825450972,0.204703271166672,0.277209447544032,0.196859394289109,0.167056041075114,0.0846124345351079,0.252300773405017,0.166104907929252,0.260335125722652,0.131520439879254,0.0522744304454387,0.208170016187278,0.212019786794299
"cayennensis",0.155288128219684,0.156641465537708,0.138300947193738,0.190903049910969,0.166715746396606,0.106237829934424,0.180059728590618,0.149504260832868,0.189829989546788,0.0774738129086185,0.0970845142017867,0.141120875985114,0.156038431714859,0.110330534728465,0.188393001599496,0.165974302051325,1,0.174552289296732,0.147887083711799,0.134355034186814,0.146192750622226,0.179901433784331,0.157656454349615,0.162089123807482,0.116199120684729,0.114265379927287,0.111837895787758,0.141428691244134,0.158629824190349,0.208024109483564,0.160823201706744,0.111661058195855,0.231683228215099,0.157540900391043,0.123707569546623,0.130729817093222,0.139439377197949,0.167859518054905,0.117408854257852,0.137661611738565,0.240784476166838,0.172551339551784,0.148220164630212,0.151558820501306,0.0911775008457998,0.153643358709676,0.125459985666371,0.113287926921057,0.0825517167698428,0.135223498668591,0.182037865065879,0.195863019695506,0.136406672086329,0.192489647696536,0.135225720227982,0.146660894098403,0.137890618636935,0.11864152047825,0.149062042108708,0.120223972483013,0.195564751190099,0.156131942724934,0.182817399508783,0.163331606475489,0.186293400268881,0.173199836610275,0.158055163078107,0.167405829742551,0.132185116791439,0.181097327023895,0.164424994328336,0.14095790790126,0.150467003181874,0.084165089315651,0.170044060343263,0.183694273967396,0.0915535157346185,0.118321768191403,0.160799676558224,0.157020664266903,0.188381690388543,0.15400700824401,0.0938812548911114,0.241561609151608,0.192310672687333,0.194560711981122,0.156211577161526,0.155585152337797,0.121959552368298,0.155670293809596,0.118888148387076,0.139677687989731,0.141476047448826,0.180412655071931,0.158983834241848,0.0393790277194906,0.14701559108399,0.225681926781529
"chartacea",0.207097597426904,0.219465582841508,0.158501155430193,0.261899196155879,0.201940802680636,0.127886905768188,0.208367711129256,0.160916941214616,0.169131510254791,0.136169557747892,0.152333312158144,0.210608618772956,0.159187497907494,0.173869683343959,0.182897399595636,0.228260786359471,0.174552289296732,1,0.147897166663848,0.137124208558247,0.164665618544512,0.165423634322813,0.166163052035173,0.238956193856058,0.156522555390808,0.150939771148847,0.145426067610247,0.180008899642116,0.184018129963147,0.200277929041904,0.191844497671648,0.147541449856175,0.242757004154994,0.169880401362754,0.155430392354182,0.135118939335997,0.153532607109837,0.133378220934771,0.139395957452061,0.211132460530649,0.169003433297583,0.229251854841363,0.159454381739038,0.262582328110855,0.126877138189213,0.2002565613058,0.126551943941558,0.172458991522499,0.111202466483781,0.140909440018155,0.21055110696771,0.182613396374133,0.195815005416769,0.197965706085302,0.128051071536821,0.173082148268223,0.257298754255817,0.153242209049931,0.159663828962527,0.127606719157815,0.267884232048708,0.229478354962701,0.197721435182183,0.190633283957841,0.2472318675963,0.245426315160104,0.188334721728949,0.222403137257051,0.167488752465226,0.21015275699863,0.172239356711417,0.152469450240003,0.153875883224279,0.0887742102803035,0.200299923030239,0.224997099571125,0.105607082917042,0.15825539431183,0.161848484344267,0.214286189471047,0.178642340093324,0.180482478265261,0.116568879468868,0.192036824418536,0.158405646593877,0.163040163759322,0.278165699219692,0.167246463959503,0.103088064573314,0.190356723384402,0.107735049045525,0.150006350179665,0.118279006793307,0.198869960051709,0.137104758461251,0.0655240537796947,0.136669592228549,0.191466327725807
"cinnamomea",0.158998661701275,0.29413377068143,0.118562896887228,0.17348013904472,0.166771860402179,0.124652148781207,0.253002527396513,0.16203550133679,0.165101477552217,0.123164436529053,0.126741191008657,0.155887947290851,0.154764869866934,0.220331302613334,0.240241185946097,0.17529360301011,0.147887083711799,0.147897166663848,1,0.220922929042895,0.12862559254712,0.15582146562459,0.198795791438873,0.131836339798873,0.127471459520034,0.148444539016258,0.128494675194924,0.203630975582394,0.155045917170029,0.20503465671063,0.1445402753378,0.129532402692529,0.168430293769831,0.155040142367202,0.129378201984398,0.103666025152605,0.122136195402021,0.168864940288987,0.0822417653006379,0.137764058647762,0.155513290044211,0.222266899603667,0.166860417970721,0.196793988269436,0.0655484873852852,0.171656016757631,0.117984378374175,0.137912794145261,0.243456949139319,0.135035097635101,0.178581264334118,0.277453852187813,0.151116958155862,0.165403900407275,0.182263288452246,0.129435212189985,0.36918378795373,0.0990112932939992,0.152970178999483,0.114480594363974,0.168833910416937,0.138523162306964,0.178042023502346,0.3000750241497,0.234157618582973,0.226690776263353,0.160026412933159,0.167019541162855,0.155043225763999,0.198622258222176,0.130564307390617,0.129416519217972,0.255819199036961,0.0691948336163992,0.232144675910543,0.211024958684081,0.0605601169128204,0.103328609785261,0.158794334606714,0.187023487466291,0.159625497250872,0.159833803904934,0.0945271966556001,0.184227503444755,0.196669297525571,0.20376796869125,0.169956473819375,0.184034586761555,0.104131434415986,0.131554395259969,0.0956070626114527,0.158729840235939,0.158857422034415,0.214563784773087,0.122156150817722,0.0306837880587159,0.16683608251224,0.300231824168652
"cocleensis",0.1677119786012,0.271916679468225,0.117337598082932,0.196992718870427,0.146517200008965,0.116917902405388,0.231297063227381,0.210314410919802,0.333346150098641,0.0915022726596275,0.109699767235068,0.157783672760932,0.318414478476219,0.125330774001551,0.310514954402278,0.343548712379596,0.134355034186814,0.137124208558247,0.220922929042895,1,0.120909394594824,0.143754064743801,0.177644122001082,0.139376383401422,0.0913265692009206,0.276625603661998,0.114190546348714,0.16147909556135,0.178173756265581,0.198154013222903,0.160532401160566,0.150261296471538,0.148296554205166,0.17064044715669,0.104264884630706,0.103321432903127,0.174601499534512,0.239583676501586,0.0684621398315393,0.125220075437217,0.146596338937747,0.265163273421468,0.148608747710543,0.216263974984614,0.0625825419434056,0.212545148294555,0.241267848692583,0.142884758187841,0.111804292731954,0.223147326181634,0.213390613480275,0.19007255623448,0.157944296849656,0.15696779289738,0.170100782189741,0.146721115241477,0.21331987050944,0.168137784422421,0.247210661943193,0.147034557016573,0.191184696726178,0.13376167487325,0.157645692784132,0.424192289123297,0.247199269307802,0.211424086521174,0.167181279913196,0.185352650570295,0.205299899543478,0.33261616403228,0.126873332163703,0.168667284870923,0.311248297772888,0.0823324820239185,0.162557651660644,0.300492771525221,0.0673844540255802,0.112394066337207,0.178666200552966,0.177329926055338,0.190285260719814,0.280308584041851,0.094863541026678,0.164783220172828,0.274119100168921,0.269303299210312,0.148634630250495,0.24785293582638,0.19313969065747,0.123147832111328,0.100354730395452,0.244096248597347,0.208893997677017,0.200766442756957,0.145800626909981,0.0282389106249466,0.207570406792715,0.240212515196294
"cordatoalata",0.220169164024482,0.184453284845933,0.134191036652592,0.208090974462595,0.188053660418747,0.148454936143677,0.176487418564005,0.170021195852917,0.186218561491118,0.104894214954605,0.180562083712419,0.163655244027703,0.150974720753439,0.152291433001637,0.156345836032394,0.179337284440756,0.146192750622226,0.164665618544512,0.12862559254712,0.120909394594824,1,0.141860830083874,0.1710475227443,0.239319323097613,0.146237690411463,0.142059672568243,0.138239133226516,0.158431431812146,0.173825541333794,0.159380582749347,0.205328067694665,0.159195979930565,0.23986500657431,0.15172311309196,0.170398909595823,0.149415765516461,0.185843878250378,0.15286275253141,0.138803973814792,0.123602551185378,0.148119438227112,0.194666645867567,0.157247816085745,0.140333067710672,0.128116179469678,0.17287652703515,0.13033479938814,0.165512020191354,0.0943773858246459,0.130982305044665,0.146484254484517,0.145533068346042,0.185142585734903,0.17735505149503,0.127916518256503,0.159009963402493,0.145752749832229,0.150918811377813,0.161750091904645,0.147242356357878,0.198593328669532,0.239023412439074,0.162310772960428,0.188780331304999,0.172849328888023,0.202357341278813,0.160818446195001,0.220238769262987,0.205659471087783,0.17856013703677,0.146629805252104,0.165598839051664,0.160817071567195,0.0935960224122658,0.144735233218887,0.190524295411011,0.129576182933025,0.182305920006002,0.163362098109853,0.177078999701719,0.187802897209864,0.196375103459295,0.128235249546779,0.168480191522738,0.128364915634922,0.155726799761663,0.202584988841999,0.225760209330754,0.143233767375508,0.189159992703433,0.0932972895697445,0.152201753164407,0.142719387810753,0.180839215834158,0.154788386293283,0.0596966433946826,0.16105322474199,0.165645197139848
"coruscans",0.168807545424002,0.189309607052528,0.154382908141692,0.199006412309772,0.153720207598632,0.12244883735803,0.199435418875355,0.172458748298749,0.146387548040502,0.102733141470545,0.0912437349317473,0.181882395148826,0.130802375353389,0.136399332360311,0.194480617837864,0.148509958662983,0.179901433784331,0.165423634322813,0.15582146562459,0.143754064743801,0.141860830083874,1,0.164344137633733,0.16004527787724,0.119547936919361,0.121223697453917,0.0979373089201451,0.168569704546088,0.155501002095027,0.173785282981518,0.190854430932758,0.141772267983755,0.167980920221392,0.143662281040931,0.129252417015513,0.123492504710947,0.138960882108063,0.152854656232036,0.101636929261344,0.145356992061223,0.163038150039077,0.224850356228901,0.137283124589941,0.192763225271872,0.101482841575998,0.196446517813931,0.126792478549505,0.132669727258674,0.108803637758269,0.122257505296388,0.180162711635017,0.164721999096549,0.166812724736909,0.133580640175094,0.136840899328007,0.139084867472821,0.1411184580941,0.137299297318432,0.16055614944931,0.117114629485218,0.186013713840456,0.166323977623976,0.175768208013581,0.179266137595885,0.202655505448139,0.194250070368269,0.141108620258372,0.172590639474821,0.177536653578386,0.212965376179232,0.153700859782513,0.234656163236252,0.172090237569786,0.0739031759478936,0.187984021052566,0.20157390889326,0.0783306705653501,0.10363815221245,0.183377701526401,0.189969538241429,0.175549296418373,0.150929745261996,0.119499603004424,0.199833158069385,0.156148008800911,0.182262792965763,0.162198828154761,0.177604611675558,0.0871047935912114,0.159596854052413,0.13924522848283,0.154403824436849,0.177160334590129,0.192496046358612,0.152240291935218,0.0463184594529218,0.161051978592327,0.24519595279705
