"","acreana","acrocephala","acuminata","alata","alba","aria","auristellae","bourgonii","brachyrhachis.aff","brachystachys","brachystachys.aff","brevialata","brevipes","capitata12","capitata33","capitata35","cayennensis","chartacea","cinnamomea","cocleensis","cordatoalata","coruscans","cylindrica","edulis","fastuosa","flagelliformis","fosteriana","glomeriflora","goldmanii","gracilifolia","grandiflora","heterophylla","huberi","ingoides","jenmanii","kursarii","LA17","LA41","LA48","lateriflora","laurina","leiocalycina","leiocalycina.aff","lomatophylla","longiflora","longipedunculata","loubryana","M18","M25","M27b","M30","M71","marginata","melinonis","microcoma","multinervis","nobilis","nouragensis","obidensis","oerstediana","paraensis","pezizifera","pezizifera.aff","pitmanii","poeppigiana","punctata","retinocarpa","rubiginosa","ruiziana","sapindoides","sertulifera","setosa","spectabilis","splendens","stipularis","striata","suaveolens","subcapitata","T18","T21","T29","T50","T51","T82","T85","tenuistipula","thibaudiana","tomentosa","ulei","umbellifera","umbellifera.aff","umbratica","velutina","venusta","vera","virgultosa","vismiifolia","Zygia mediana"
"acreana",1,0.198492988930927,0.252385508804893,0.222789591421363,0.230508146431704,0.268941590685111,0.23988010646616,0.209579349048239,0.222692552814009,0.169933322540233,0.167286874821308,0.110745735977755,0.195440538354176,0.243505299865387,0.268559692712786,0.300089014806299,0.160853653343484,0.226484953276854,0.216450627725784,0.187692156212072,0.274515297955446,0.290534379812908,0.224453566172019,0.208136747372697,0.128738591094649,0.191222036660384,0.257815564453739,0.201643330192412,0.248112018019924,0.205175063165308,0.237244918943402,0.250580370136292,0.241359306927395,0.193308737387202,0.183609484578515,0.201064067536147,0.186620055810733,0.167570825890302,0.210271383724095,0.129616496568987,0.251384544385099,0.258909152437365,0.270348846810496,0.216742226053165,0.174898586122561,0.14060460745844,0.145715322861374,0.273379113715713,0.184423570280056,0.160116945510345,0.108925689144579,0.206532950030931,0.276067376950892,0.206014692633287,0.137802301718462,0.197484446963697,0.248081929591318,0.235044339298408,0.142307683378222,0.27157480433971,0.240172248835057,0.236616170137684,0.232682130637593,0.275743251241938,0.20255727416205,0.263419675075817,0.216044717274522,0.240301967998944,0.201688430378807,0.328483957370471,0.158043480291115,0.246657696874161,0.236141728408724,0.137712416171549,0.275004759108507,0.205857175132247,0.285682881439095,0.217107885415775,0.264839985091444,0.180585178389939,0.130019196869793,0.297936177283791,0.227206888829538,0.198613446230532,0.0943424847197333,0.333442262089557,0.248090070601582,0.127635798109539,0.152959739711414,0.235883716313206,0.198809526650882,0.145630903094578,0.205403494817603,0.175317395674105,0.177412729762004,0.0915518999595255,0.182391475915934,0.245422419190972
"acrocephala",0.198492988930927,1,0.138035381961091,0.198361518064543,0.190598649490285,0.164380753111414,0.211047147964115,0.250109245897054,0.208052509828579,0.116718942528404,0.145793561785575,0.139656855336469,0.145237479446087,0.181688164557496,0.164814924576719,0.16614336119302,0.157208859754113,0.232229139313893,0.154857574042137,0.176380559454721,0.207185521494953,0.161766831328118,0.187672486508898,0.241359482090786,0.136588058192815,0.119907336980812,0.171858139874253,0.140561232517477,0.17421426941251,0.142653200655123,0.155290815281795,0.138552519925869,0.193279911666268,0.206219887823852,0.132123381572268,0.147752282440533,0.152888043356676,0.150413603196126,0.145267415028372,0.14002250518181,0.134660376741793,0.17381213608341,0.192635283346885,0.216679047890796,0.166784542430819,0.168777554427163,0.105933869505107,0.25037673416218,0.137900827903355,0.111787146783299,0.160114941097166,0.1813879283332,0.240993492869335,0.211050424004073,0.134486236091473,0.200297712061488,0.161257237707645,0.144702112258825,0.117315532552831,0.179014383554635,0.24016952403743,0.197525522372181,0.141593836026294,0.168851865089109,0.161129017532778,0.203042143056693,0.162161877582422,0.20796460016458,0.161368639005176,0.203664892074041,0.137316226094379,0.141643087530012,0.179636714307472,0.142833728969793,0.158946088125236,0.232220952511927,0.170937855755904,0.202055128579004,0.176884144507269,0.146247151089508,0.143141163839518,0.165187266655875,0.1375513235847,0.151343269797945,0.12774782139628,0.149489293146942,0.145662800063464,0.130183674531456,0.131313357082369,0.200063292141399,0.151018271389809,0.144657659588904,0.152559804582814,0.235481497172232,0.142709693629754,0.104128151394606,0.143672767915382,0.188644038908142
"acuminata",0.252385508804893,0.138035381961091,1,0.179228428268146,0.212943942414155,0.237682071213308,0.191472166980401,0.171842266995277,0.181611103170014,0.159340001842257,0.167144167072728,0.0935092152572624,0.169840714146895,0.200279694731074,0.233108252437834,0.240002408727075,0.114730883823882,0.177483029252986,0.200506519508197,0.148365939366958,0.222442837092229,0.230545035195339,0.178837200993197,0.187611862284323,0.108882839463604,0.172852656939202,0.274405126434588,0.193803924383295,0.177782851389056,0.188424623628867,0.220746896177729,0.189897045912096,0.198141589751672,0.257814486330608,0.167536198328973,0.170682855838179,0.158093785732553,0.187130012749774,0.167459401091253,0.114868212565429,0.206945220396109,0.233259364211579,0.219589632252527,0.192005169344565,0.157477366265542,0.109206053551355,0.100781339978885,0.2307644321496,0.151880994219276,0.133795789732135,0.0906249668197061,0.190565624382304,0.199570778996963,0.180365066054921,0.128198089532638,0.190877059077354,0.221566025389273,0.23376397772455,0.131993137036269,0.181262714049474,0.198364982895288,0.210798120268676,0.20678393902483,0.232250784767231,0.157069101770463,0.215524068855376,0.222879000248742,0.224843997128362,0.160055221825154,0.237359377025347,0.141359149574173,0.222338095205813,0.259867293545784,0.0951463965099292,0.17082154671197,0.179075786183671,0.240321927987906,0.233897749301292,0.206691976814041,0.14678364738919,0.143236583173049,0.250605423544615,0.210489722143951,0.164673942694232,0.0972913657695096,0.300313630629738,0.181042975875809,0.103634825324607,0.117737084428017,0.194632174608969,0.174211118118864,0.114463349290861,0.187753697535339,0.14114334291401,0.124450666622801,0.0810570013058679,0.201195932995456,0.192075701284036
"alata",0.222789591421363,0.198361518064543,0.179228428268146,1,0.233273267971359,0.162801653803022,0.275067572103623,0.223830091796214,0.263903082264216,0.176866859128163,0.14777664720968,0.187412367645817,0.146252120369881,0.182073424207737,0.188039915821983,0.2340840474209,0.332848431122173,0.232744857040083,0.234038839851013,0.234996426434757,0.279474753800807,0.198663780733619,0.215922985553622,0.215984058288956,0.423598087747542,0.164024289129742,0.18512190995059,0.144031989687614,0.198556011595926,0.183817155839979,0.1940536665634,0.200724288446373,0.384310973752791,0.15629933632317,0.179640234862297,0.24947262492522,0.245503518841219,0.164392949480862,0.170668834830292,0.44532063931248,0.186725212935593,0.242389599452605,0.236092874018999,0.242727015164409,0.22718632271547,0.139115456053419,0.150136115925392,0.208847620281452,0.135763834546122,0.109709208318813,0.389139408666284,0.196561540839125,0.26469834712214,0.234933163211569,0.455376582078989,0.148194472769378,0.23743630542579,0.173929072800882,0.239065896991026,0.166153057207857,0.205141666190481,0.214077758058821,0.198332439879137,0.193022321905153,0.205218914074656,0.236997717762272,0.194705873030332,0.309909549382697,0.148776472648438,0.253628556367392,0.154001604062593,0.235012565864384,0.190843413072764,0.322354191622423,0.159829749553479,0.324129895504666,0.220774306229185,0.16946115603103,0.256880108777027,0.164646780630174,0.423261617500462,0.224353060958609,0.178038352574805,0.172521355784644,0.150149223031674,0.199597269315121,0.19519713755181,0.427808030376957,0.162467967603015,0.267039612209705,0.144409147470885,0.168398263499466,0.149095113329262,0.154844256177732,0.209097641103294,0.0971067047672164,0.16079215510571,0.260127790416386
"alba",0.230508146431704,0.190598649490285,0.212943942414155,0.233273267971359,1,0.177678310676952,0.259997198227278,0.200240095728064,0.252744304255423,0.29146369318178,0.270212082610142,0.24783451761109,0.328777522229952,0.252828709585502,0.228216341145164,0.246092944330149,0.161600596222412,0.226685485016916,0.193674841456943,0.212838217770038,0.296480963404489,0.226028029083451,0.260658022550535,0.24471693866419,0.158904975968575,0.264055288151431,0.189316844506312,0.184070974375653,0.237359263790042,0.199343076464943,0.200931653443266,0.30017707203346,0.284427261517534,0.168609555105134,0.295247524967431,0.203405064028433,0.194305366347289,0.187878363763897,0.172344046013406,0.193851008565827,0.36130885615413,0.278957653698744,0.227482876813233,0.238959975842808,0.20286864486338,0.151546635576863,0.250389456957119,0.235088154421206,0.26841795439072,0.26543917416483,0.134707876749432,0.209455543564932,0.275385203834989,0.2080916599768,0.176831560120585,0.187242346205489,0.267838251981399,0.187248333847164,0.264848126186923,0.212204272355416,0.240120709880908,0.260035006275942,0.217196001662239,0.240851195811666,0.213215009435969,0.270615745286361,0.22775435696842,0.267782736533157,0.201892866819867,0.303829945509138,0.271442842681013,0.204005624307929,0.270528375748546,0.170931710413462,0.189105272906933,0.259824260307577,0.220418402845655,0.204866509136533,0.216871323106845,0.278133185292529,0.236663575788222,0.272825861272897,0.221935527687167,0.216010365289279,0.116399187048551,0.195469179733809,0.227203562589455,0.149176739230807,0.151362168264487,0.36778367472838,0.158134189195814,0.269267489169477,0.163278375902256,0.180970076253042,0.136963532257334,0.206011527316164,0.182112644464671,0.247170257749011
"aria",0.268941590685111,0.164380753111414,0.237682071213308,0.162801653803022,0.177678310676952,1,0.178882277590068,0.171510086774809,0.170146282144355,0.151992100411738,0.149588001787934,0.103651979227859,0.220451160803479,0.185553330498344,0.204468965926352,0.230066748651083,0.148686095644066,0.187764008620563,0.17918946037059,0.169332063135581,0.198290423605493,0.183711078394061,0.191080927750202,0.147479895629953,0.0967546310479944,0.164817275995788,0.221884199524731,0.185702777437604,0.193340405182338,0.152582468029177,0.192477122463985,0.189142402549656,0.183115094136248,0.199942532267675,0.140977014056949,0.168549714829766,0.143285756477774,0.194327080764251,0.182841863705057,0.103664934198074,0.181418696928483,0.215825209070777,0.202311132927145,0.186792432219336,0.156686848694752,0.114033767216314,0.11806946428778,0.236078194958477,0.160813421240058,0.112173413202811,0.0873521191711114,0.192415057842735,0.211866275354576,0.175328530284597,0.114670369202007,0.152052491835692,0.190155615662696,0.214693767731184,0.114170615259337,0.206417182978431,0.210296073376765,0.199628876396691,0.226756901058455,0.236254915556509,0.152437215176395,0.228052474501416,0.186423154152535,0.178872959217448,0.178205586798627,0.246790943181905,0.128343826852572,0.218845042219567,0.178592185702319,0.123727444939653,0.224483993119992,0.176141146123916,0.208350926874949,0.176853812939303,0.204999198715336,0.125842316831648,0.10797292466406,0.227083703625326,0.198139646995153,0.184765099535262,0.103532485827662,0.242760080404058,0.178283869294124,0.104566204021691,0.157957928009517,0.188131267299934,0.191627187741338,0.129559924481467,0.284544200213928,0.137775938147909,0.138738930211976,0.0769035502786284,0.184626579588184,0.191437330980529
"auristellae",0.23988010646616,0.211047147964115,0.191472166980401,0.275067572103623,0.259997198227278,0.178882277590068,1,0.198843976639325,0.244294429137131,0.22741005037493,0.191905887730049,0.171738414461231,0.236909195774629,0.227125170244172,0.237024328304257,0.30202169852604,0.155179997810489,0.273191645173049,0.245948541603463,0.170973556745769,0.2980213514338,0.232496128986663,0.207982463361696,0.226190237300799,0.14463987103733,0.184029755467203,0.2109384195462,0.163987303657016,0.247305430032391,0.256254968697208,0.232713550275673,0.261997288713889,0.345810549484509,0.162012188830847,0.174167858403948,0.288859260762747,0.185031221762235,0.189749191260491,0.176538370090131,0.237614488469927,0.322021392477708,0.252117215967249,0.27057177492015,0.244466329455115,0.189305488903419,0.186936654916798,0.140609543175701,0.250758639359003,0.157402896068742,0.182006296897572,0.168041719409868,0.219823214135535,0.317124746390415,0.303748533439917,0.21610166033135,0.165538973287335,0.287886023106253,0.195947193565054,0.393962106858182,0.208785116769515,0.253931875228806,0.240004996893735,0.230094598603934,0.218952041471006,0.279024268762139,0.24809492777937,0.200003869403079,0.301401293946573,0.164828768001588,0.27916703252154,0.148422980051926,0.267513733193692,0.229023994849225,0.169996815604785,0.169930643923322,0.306258143240723,0.291056184237744,0.20353077917454,0.311186360354081,0.17874923510158,0.162470550442835,0.300193147913697,0.249794227748279,0.225436438384488,0.131943236261836,0.21856482858449,0.297128090193806,0.170251120007563,0.178065753619174,0.269615030660255,0.154011468807647,0.134611505658238,0.1704908770966,0.150135073616753,0.182824291849116,0.0830142083752935,0.169529859852874,0.267743026897411
"bourgonii",0.209579349048239,0.250109245897054,0.171842266995277,0.223830091796214,0.200240095728064,0.171510086774809,0.198843976639325,1,0.188893784723276,0.185957223647429,0.136064274878358,0.120339159189184,0.173482817913843,0.166324130428741,0.189774071957801,0.242007967654931,0.158215453294085,0.179524718570734,0.230513996987409,0.202595933057003,0.206226065104847,0.197186794045866,0.179590867719134,0.249842777664421,0.148589166336603,0.138101675293125,0.201497960760599,0.148481942918137,0.17657594578075,0.159160702552722,0.182608250868381,0.195079687218083,0.235978200111295,0.144919690474354,0.151691769554827,0.201309078530872,0.176240411252477,0.148143723408211,0.164803192833978,0.145428302444673,0.138078530276623,0.210182724596761,0.184126195079605,0.19396796550039,0.176627677781275,0.139134053650893,0.109839595613861,0.17972620974222,0.177349931291133,0.117995144554563,0.1687397747356,0.184486322581779,0.248640098617138,0.171493953103472,0.166631410003318,0.143421328064932,0.210406180551945,0.167366312416647,0.173804899559348,0.325743786525664,0.195228019547497,0.21862586577694,0.24108083233424,0.192096826042181,0.262193929485609,0.21015109847691,0.194196562029585,0.257529242696182,0.156123207338252,0.256592233643535,0.157657567749342,0.243051298293789,0.183724110457252,0.18060191131557,0.188081544310173,0.231110225368865,0.182707297122434,0.156187367198844,0.195908195392378,0.284019089280795,0.136339312784471,0.214512091800476,0.143652946785791,0.173167631920021,0.10647660677431,0.215797114481895,0.178396787235521,0.140517384009082,0.154320329414892,0.211139202695491,0.164619881582895,0.143455621928825,0.166559659293002,0.138489311857548,0.160499094108572,0.0919220132521686,0.163227889064795,0.203746399594363
"brachyrhachis.aff",0.222692552814009,0.208052509828579,0.181611103170014,0.263903082264216,0.252744304255423,0.170146282144355,0.244294429137131,0.188893784723276,1,0.156516379049514,0.16397296565225,0.150487086566854,0.165119301374097,0.226507130361432,0.237116465260474,0.217098452938787,0.176708637780582,0.266496417719168,0.201405903983985,0.199170103061699,0.34698756342558,0.230529887495248,0.258672714091835,0.218896210157457,0.201940135845825,0.165681357364033,0.162896536059605,0.192384876675054,0.209671705660219,0.201671135979144,0.169401593801728,0.228693705222082,0.283441105512755,0.14058975834976,0.161432464827448,0.204245183030056,0.199171163289938,0.179803269270154,0.17391616664774,0.217695482965677,0.220575513048169,0.27760495259645,0.31929348288789,0.307733536773926,0.222406180270187,0.243347182109619,0.139111028092141,0.259974114509812,0.145346212739485,0.134216992696374,0.167470131511468,0.205750325587305,0.3467452615021,0.203823771947862,0.22280344906471,0.173752967033134,0.210898685814769,0.184522811393383,0.141642223793062,0.181689559053861,0.222097753898604,0.210187934071827,0.193689857982952,0.216573965390445,0.193911334870316,0.269867276156231,0.213853450921827,0.27481001793013,0.165263524219395,0.256576849998673,0.156770473448412,0.230415573766449,0.30528397184458,0.209416044168499,0.179618869298803,0.259464808883785,0.270476686923477,0.176076725618883,0.253061781222505,0.184922902046704,0.195041900937716,0.2797471882122,0.247428468948974,0.21396854017289,0.116733800271697,0.224838764551684,0.20375054775791,0.2530790948406,0.158892410894027,0.259340086983071,0.147879468016881,0.137738114960519,0.15629053870387,0.154083475815965,0.139140999785493,0.16586114151618,0.143850252539286,0.269024078472216
"brachystachys",0.169933322540233,0.116718942528404,0.159340001842257,0.176866859128163,0.29146369318178,0.151992100411738,0.22741005037493,0.185957223647429,0.156516379049514,1,0.352423109092535,0.262784563362009,0.278109401479927,0.214318295973774,0.281927719204997,0.220699621440659,0.126292199886206,0.180545577794911,0.21572069714253,0.135048797105754,0.200573234576083,0.156228138446218,0.172507679332314,0.150593176114201,0.0997298134915855,0.301464171271532,0.181588080784564,0.11971587035711,0.171950510573691,0.198077350942173,0.177021078365987,0.410811906203352,0.227682870339888,0.14744269893425,0.336848262095127,0.197718573997489,0.237463917160609,0.177659852647706,0.141948656972607,0.129495000710014,0.402773618597525,0.237346340137509,0.175893471323523,0.171851796891115,0.155597209736476,0.117638140771166,0.356670215202011,0.181074608469823,0.316038302467078,0.276376543231677,0.0911018258410842,0.153751741282042,0.191654861134502,0.147871526250796,0.122758022469799,0.134554074934472,0.263624377293418,0.149477516177657,0.271157850552472,0.140653016127779,0.244447352869576,0.22085635118496,0.252006696156117,0.232639680531583,0.203369897563402,0.160269232549828,0.157163971732808,0.206734297186096,0.141981227770682,0.231321456751088,0.318495353921209,0.198696537437713,0.167752675485295,0.15540348617185,0.149780449398191,0.194735673791834,0.175105366928039,0.160506829477976,0.204152849602282,0.146305879490246,0.092100524476423,0.241000086277168,0.175684814047869,0.182276622195342,0.0756571923037158,0.167601616591668,0.216074585048095,0.102860670096624,0.233084799170934,0.309280497230225,0.106346245182191,0.281313799633317,0.1357178468638,0.133120377781715,0.116038605295139,0.314671522307803,0.200151866852093,0.175478251667261
"brachystachys.aff",0.167286874821308,0.145793561785575,0.167144167072728,0.14777664720968,0.270212082610142,0.149588001787934,0.191905887730049,0.136064274878358,0.16397296565225,0.352423109092535,1,0.287739937291222,0.278115911242333,0.184977316541589,0.180208395692187,0.190243950747919,0.11049037724889,0.175816729832847,0.154901200861158,0.124483173033536,0.162499975440031,0.145709669154294,0.155435371169149,0.139788093458106,0.113429859771689,0.28167352018559,0.182227388748008,0.163952136054795,0.187971556702255,0.11693922159604,0.152694761528284,0.372687072745778,0.165121616056758,0.137671638442099,0.325351139692848,0.140374143558523,0.139410432841709,0.108382614614687,0.155382343885287,0.102017603599459,0.36568945763054,0.153249270021377,0.149605555038711,0.159841811113493,0.164095538593607,0.106975029951499,0.32557856085155,0.160576465775178,0.290723127938167,0.265636219129384,0.0839896701511956,0.156142533488456,0.174873053173521,0.149353636619598,0.095614092442882,0.126670554386844,0.180248033740546,0.121718369715697,0.22270621762177,0.187604196304165,0.201420822288694,0.160824449740546,0.16042014991162,0.152531420374232,0.14108900256925,0.173382308675412,0.155686578532067,0.169741552101538,0.14714823910667,0.193417969831284,0.296653775387296,0.137161827547083,0.141634429405856,0.220444312371764,0.263507436403715,0.156007711596845,0.163562615676473,0.183059474988154,0.168006685160303,0.12028332805782,0.0967100152949704,0.192019652239506,0.174879601597744,0.188758283487069,0.0953711582023801,0.153214625932551,0.188985879245904,0.0969939538201157,0.146482158044694,0.303153786779392,0.144507418268711,0.283101103565718,0.143897885872051,0.13072038220919,0.161721832581082,0.290543691629296,0.151655682614351,0.160270268055062
"brevialata",0.110745735977755,0.139656855336469,0.0935092152572624,0.187412367645817,0.24783451761109,0.103651979227859,0.171738414461231,0.120339159189184,0.150487086566854,0.262784563362009,0.287739937291222,1,0.227174423944438,0.175810103499178,0.162195193772059,0.123271739592026,0.160366203536257,0.129412466225022,0.0997061876464847,0.115788814480324,0.20272478728589,0.148023888366277,0.165652668527479,0.110554499119397,0.272295088374918,0.258072291147158,0.121384569983646,0.102876666768071,0.234013712790646,0.099060969534006,0.0976358765575417,0.242955205121537,0.189337877902627,0.0842207173498783,0.257319898445138,0.1138097969609,0.176870402037453,0.105713190295722,0.100311845721574,0.198472151049392,0.279590104549776,0.121739074702919,0.143949064057425,0.138176102149774,0.132274147887263,0.099144290400017,0.307099742317757,0.11384536883491,0.252342261271065,0.452637794936084,0.122944827403803,0.118597360630314,0.151939055834895,0.132040007656674,0.185161174070741,0.0804023784606931,0.172887840898908,0.0865770070043915,0.229963049181764,0.0988103663109574,0.171152853957469,0.13234306022789,0.110062072718727,0.178559700853698,0.123721972255281,0.124207216686772,0.130805871243689,0.155089558408183,0.132619943541654,0.162797040654553,0.239374478430038,0.105891662288577,0.122430716402042,0.186139518534109,0.121931853761137,0.145049207744138,0.121074741138465,0.109316409747114,0.11280431437134,0.110817863949468,0.144106719837585,0.147919086748602,0.106989953298374,0.198573600026932,0.0846671516603003,0.0916880749868014,0.181413756740439,0.185921257813687,0.10973086124437,0.289418490556442,0.104377476369809,0.281936650707459,0.0992304799251898,0.108074120167664,0.0935293516504734,0.217055597065292,0.15055769153679,0.189151320881971
"brevipes",0.195440538354176,0.145237479446087,0.169840714146895,0.146252120369881,0.328777522229952,0.220451160803479,0.236909195774629,0.173482817913843,0.165119301374097,0.278109401479927,0.278115911242333,0.227174423944438,1,0.234752560636501,0.254229846915974,0.231808398619779,0.153084133074022,0.175934472222484,0.172616628649717,0.154636134146068,0.212568053396142,0.166943864979416,0.167791620177562,0.133037855862679,0.119354903334175,0.257458455998977,0.200862623068088,0.136576233514927,0.283077051110319,0.134055276339918,0.152657946566377,0.245126474859511,0.177220657209839,0.130922160145078,0.232826716190319,0.147656530326713,0.2180271764847,0.134128657096374,0.158416614239031,0.109598001983912,0.311986162955821,0.182130463527503,0.209590594368459,0.184298600960679,0.132536966134036,0.139582670960751,0.271486741290765,0.178024760562429,0.309534217818557,0.250109320535593,0.0860094782610593,0.177049738270234,0.218175602008206,0.161407460315879,0.105595349542107,0.141983395044865,0.270761807776074,0.175101844974839,0.210952363194939,0.195901137717556,0.291296562086071,0.214548994121977,0.216160827539783,0.185135765702516,0.162977090149294,0.184233073587578,0.167261188190316,0.17310299532205,0.177699761216124,0.288348330112488,0.239651113046004,0.191267981706546,0.201370362163447,0.171635531010031,0.190922021413994,0.151907960198519,0.181796846808321,0.202626186397567,0.17901294734688,0.171874547868118,0.11411919159398,0.225349679797453,0.234969312961298,0.278368454129831,0.0977710958615392,0.166950180206768,0.264960499957754,0.109929908856047,0.183930658968242,0.267231488163933,0.140026073437595,0.210121570917842,0.187239518395085,0.126188743967619,0.122138521923914,0.171289222708198,0.225592808820608,0.201888570692649
"capitata12",0.243505299865387,0.181688164557496,0.200279694731074,0.182073424207737,0.252828709585502,0.185553330498344,0.227125170244172,0.166324130428741,0.226507130361432,0.214318295973774,0.184977316541589,0.175810103499178,0.234752560636501,1,0.301444618610713,0.25963672358748,0.130602684768812,0.206429754935131,0.203675715299432,0.16727644300881,0.236416004847314,0.200518423719153,0.249004734143442,0.189071251379822,0.128000789809609,0.165006924789833,0.196911805045073,0.191510847137146,0.34611887703224,0.192503966348942,0.190508117473153,0.22239439771698,0.226460701080119,0.176896592916113,0.173769826203617,0.189619488538372,0.187426568494914,0.184569784208136,0.187629058220964,0.124217457292825,0.24987103998248,0.248722097440616,0.222894451886831,0.220348863625258,0.183841656357217,0.156923469204258,0.173344148691007,0.226257477504899,0.180892952285114,0.220757748062497,0.104438976037756,0.229653878888484,0.227325152620649,0.207633715309941,0.12660773075453,0.191639869156776,0.319109396352742,0.187669229959384,0.133086299863279,0.255178424175563,0.303110566178939,0.222724585218106,0.249153573312363,0.288206005386899,0.200878229266926,0.249813824201236,0.21201392893221,0.23918933863774,0.173100206057473,0.305174849310429,0.132735983022112,0.20932419685753,0.241156000319414,0.148337697512613,0.208630516172685,0.211200202264167,0.224439153417307,0.186863878086797,0.216912244514358,0.211074531176573,0.144950606439422,0.237619785651888,0.269535945786329,0.311923623786823,0.106388098421904,0.201822579017223,0.292568411178454,0.117119209746113,0.157403771235073,0.200623977580659,0.182048722321912,0.132817849224355,0.169084354983287,0.199498533266734,0.148075415697135,0.104386219592693,0.167044627406893,0.298493787088094
"capitata33",0.268559692712786,0.164814924576719,0.233108252437834,0.188039915821983,0.228216341145164,0.204468965926352,0.237024328304257,0.189774071957801,0.237116465260474,0.281927719204997,0.180208395692187,0.162195193772059,0.254229846915974,0.301444618610713,1,0.270459298503626,0.156772244724814,0.24057686754529,0.24450072277507,0.17120023666398,0.281826162771422,0.255904675610633,0.217411343665476,0.211445561854352,0.119234017406945,0.188671277928821,0.216647884331837,0.190507996427871,0.357205007550031,0.22573889223622,0.218891554331676,0.248902888076166,0.249750238234739,0.165539914936037,0.147963236471122,0.188860038782757,0.322914662445811,0.178521323115902,0.178505353345093,0.117466236810135,0.285280756304797,0.234158519322242,0.317627782426424,0.263301885286844,0.189547329440153,0.13760483583423,0.218959802187287,0.297704905303385,0.222008016463902,0.197101954722596,0.118881722598447,0.230436541707697,0.250489369444155,0.220435950413389,0.129019749228972,0.208810784036979,0.361257166482024,0.194017215510458,0.152336786740451,0.245255552598032,0.368724592450601,0.303902984994795,0.293091605815738,0.317642821971895,0.175944608949335,0.261170964226332,0.231532536079597,0.253975604300057,0.191191973682608,0.377914067506806,0.151993157426512,0.234819520260404,0.231874872226908,0.176683651008361,0.214178860634378,0.20220580315578,0.286135706399934,0.240668910386485,0.258080743858351,0.211674828386141,0.14040496518622,0.337130348258161,0.315482923116334,0.278333217420072,0.108042989876888,0.287706476263063,0.32184798369127,0.147126771820337,0.311791428862776,0.225443094460403,0.165137160562384,0.140241012192874,0.169641951977849,0.192815436718792,0.14575042511914,0.0976534783995264,0.243131418186663,0.284720495082157
"capitata35",0.300089014806299,0.16614336119302,0.240002408727075,0.2340840474209,0.246092944330149,0.230066748651083,0.30202169852604,0.242007967654931,0.217098452938787,0.220699621440659,0.190243950747919,0.123271739592026,0.231808398619779,0.25963672358748,0.270459298503626,1,0.138289404824916,0.203193103537829,0.269091957792328,0.164235627176478,0.267289123796143,0.280682355434881,0.223800981624055,0.223033030519081,0.120763001007098,0.1656489618073,0.231312557827704,0.193465993499003,0.254309682812248,0.267882976269577,0.285384456085334,0.274166404204299,0.323678844005731,0.18077017538248,0.158733528539774,0.286365777355734,0.187514497273539,0.182284026149875,0.171117202707227,0.164776282617228,0.263820998459818,0.274194945825952,0.281361626238073,0.230570873097203,0.213432882066194,0.164954981246926,0.150299699966629,0.266303142431056,0.180734933491357,0.150168214656635,0.131932782378903,0.200124908199976,0.269842635281515,0.185283481171837,0.179919130549297,0.186843508299025,0.33683394705134,0.206589555228971,0.196825288265281,0.250440754351646,0.324802621438756,0.225939225470648,0.331665843914919,0.263533843540855,0.261943548875449,0.242152116175892,0.201325520194473,0.254639004701027,0.22142565472083,0.306052430406359,0.133891137752003,0.312194570784536,0.23085296206543,0.153039793543957,0.252682373213489,0.247433356877267,0.289469213452252,0.193592690780441,0.313702751110348,0.183152329299419,0.15699597728984,0.307514264452134,0.311797992298403,0.199655963994651,0.0894532414956033,0.320132665613532,0.331701034836024,0.135786947146613,0.152509622163198,0.239614146729075,0.190140363988051,0.118924710510532,0.176567629675712,0.145785034343628,0.172331789257141,0.101004346004759,0.200673616128275,0.254657285179439
"cayennensis",0.160853653343484,0.157208859754113,0.114730883823882,0.332848431122173,0.161600596222412,0.148686095644066,0.155179997810489,0.158215453294085,0.176708637780582,0.126292199886206,0.11049037724889,0.160366203536257,0.153084133074022,0.130602684768812,0.156772244724814,0.138289404824916,1,0.170987423203036,0.138209231946916,0.18620705821043,0.22445740963211,0.155330790499026,0.172368178814747,0.152551189553485,0.393977820679158,0.13327114542253,0.14782150513547,0.127331746363752,0.153383652158277,0.126308693734941,0.112185025147566,0.125901551782017,0.239689977415908,0.109453001770866,0.139234359875332,0.164422536212981,0.239251483152429,0.14299713536038,0.158474342293189,0.320877893560529,0.121999007656838,0.158622839950628,0.167062286427227,0.204549839028372,0.177527551778488,0.106329855912551,0.120431115597826,0.148170101460469,0.127897922867924,0.104814048064564,0.202514796207523,0.14070519291046,0.163748056200923,0.152541742460611,0.325528190583007,0.137866766532776,0.133168923300035,0.200599017981767,0.142831285215552,0.119527302708203,0.136454034138654,0.176147457152362,0.119970359394507,0.142945156325558,0.142002007223525,0.172975113355988,0.143979508448712,0.199784040373123,0.136759932615088,0.189335761291542,0.142365959874882,0.14348124699943,0.142797662358392,0.348985272686679,0.130125971861307,0.235654869659644,0.134990176446691,0.113320518263498,0.128667495656697,0.120973463838933,0.221090264388027,0.153551543986699,0.128635679201975,0.14300294664646,0.117858847492749,0.121571848610368,0.119430016310922,0.339483108066889,0.141121944972521,0.178061812158754,0.127594032149084,0.152361790436058,0.161229281997188,0.101035709248753,0.16192327627317,0.0757184087690327,0.148603302929715,0.185067376093895
"chartacea",0.226484953276854,0.232229139313893,0.177483029252986,0.232744857040083,0.226685485016916,0.187764008620563,0.273191645173049,0.179524718570734,0.266496417719168,0.180545577794911,0.175816729832847,0.129412466225022,0.175934472222484,0.206429754935131,0.24057686754529,0.203193103537829,0.170987423203036,1,0.208905408794436,0.219025519534906,0.28574329224666,0.19660090990068,0.20398006462648,0.246633813151258,0.125592577008282,0.225772412704832,0.186546567728245,0.173999501231851,0.238871935018318,0.175147820137117,0.191631410514252,0.264407313906439,0.280539756116009,0.198575827417848,0.186467226783889,0.227677774023213,0.15187842991683,0.19841628849403,0.189294652734463,0.14206702874629,0.211628144296732,0.265774448738439,0.292224275720545,0.347274262712866,0.194489693898631,0.154300088960031,0.124407631794192,0.241320849345699,0.18108679664126,0.123570010942955,0.145886262025921,0.247619844304894,0.257592652394259,0.22873085715656,0.151503664282208,0.163765364665005,0.224584205903455,0.187401433949597,0.168159704941418,0.206813886553059,0.193568192878128,0.21124438510348,0.173061597737455,0.192607768711015,0.21850949268838,0.306833598814978,0.217175422228834,0.281604221341344,0.163653056370142,0.24071754594529,0.169789590651451,0.210961946653615,0.238121262968478,0.176136455236166,0.162847719383795,0.268348514085625,0.249948210651577,0.22224563026188,0.277099182224298,0.161621046115476,0.148532383975227,0.301357350352467,0.281812452232274,0.233064803149079,0.161344967862747,0.193446636404867,0.206491711854275,0.172866483286821,0.164050646781481,0.247983889521802,0.158036904784757,0.166523678325493,0.170865704701901,0.182100688884577,0.16890750033214,0.107490925886517,0.172125078134145,0.273896495358708
"cinnamomea",0.216450627725784,0.154857574042137,0.200506519508197,0.234038839851013,0.193674841456943,0.17918946037059,0.245948541603463,0.230513996987409,0.201405903983985,0.21572069714253,0.154901200861158,0.0997061876464847,0.172616628649717,0.203675715299432,0.24450072277507,0.269091957792328,0.138209231946916,0.208905408794436,1,0.149006106523369,0.246638678107551,0.212637401121279,0.20635220144697,0.224100053126746,0.13147887740328,0.152638854763065,0.182756350431124,0.188996235147047,0.179911089017351,0.208670991613539,0.246936526675307,0.227851036456103,0.275744623983926,0.161956008832299,0.145537209829748,0.237008507762891,0.203283391939822,0.198552673311813,0.165284049975638,0.144807354740899,0.23946019544746,0.269268104885667,0.217722189221155,0.226761880812904,0.172603806703515,0.136386642170217,0.114904317328462,0.260112913525304,0.180667170835928,0.134263162647634,0.126186557367277,0.195419496796988,0.260402983135483,0.177385199308659,0.177105985340542,0.15730429855213,0.282203147600981,0.204178736327751,0.177897780193765,0.19223401927876,0.244870503147084,0.215593739696328,0.227431606561091,0.199463295638009,0.225616806711676,0.235426379785417,0.207503050288932,0.27798082482878,0.156047331151964,0.2724463948087,0.148362331377306,0.284594732345008,0.232048398732093,0.131342827847559,0.150558037109155,0.194985058656764,0.271949458314634,0.168306259594995,0.286297976794849,0.181461671765262,0.130317375005937,0.295635952550983,0.228371061937391,0.182712148006005,0.0936813744839068,0.238721134282667,0.266254286525071,0.141020287357733,0.184077118313296,0.213063240879045,0.144568357309556,0.117201612007227,0.186892720305683,0.132031503041046,0.163106850886437,0.0864524432472901,0.178983726416407,0.21855255162105
"cocleensis",0.187692156212072,0.176380559454721,0.148365939366958,0.234996426434757,0.212838217770038,0.169332063135581,0.170973556745769,0.202595933057003,0.199170103061699,0.135048797105754,0.124483173033536,0.115788814480324,0.154636134146068,0.16727644300881,0.17120023666398,0.164235627176478,0.18620705821043,0.219025519534906,0.149006106523369,1,0.188553538192622,0.16119252115186,0.189359981896973,0.164589389201327,0.188009576206481,0.174525017062392,0.178674324325746,0.167990938129912,0.177799528825389,0.164278281295075,0.141104150652082,0.186334985064831,0.234862562813246,0.155930210199176,0.174663776861194,0.197192906735236,0.16524360296991,0.189165306995974,0.153104271896071,0.167143761088676,0.133017916644116,0.219135934476233,0.198847971690471,0.231064802208413,0.232912781087414,0.131589640338686,0.123821510282891,0.181835950026525,0.122573314441467,0.107001085282408,0.166416563250127,0.183364606492887,0.208175572568811,0.200953730364761,0.183071925765942,0.145897747139488,0.175323759960563,0.167229101077341,0.142032960090784,0.168190936845596,0.149079411238433,0.197135792330248,0.142756312695103,0.162095794996722,0.174910748348515,0.229010891523086,0.226063533717517,0.220193022169066,0.131517768334924,0.211437874637111,0.139049472844025,0.167382056844549,0.182324489693018,0.219853159233668,0.144846095307812,0.258419445480678,0.158280789044394,0.143051605507284,0.183691200415258,0.136840806476696,0.194302456248557,0.182913605433979,0.148855803036003,0.186353300914714,0.137058529820532,0.164186655710705,0.162609421247361,0.173490054221727,0.138153828605213,0.207071052061689,0.162552316501756,0.164798662583051,0.140978855488104,0.152802421230136,0.1436920048744,0.0849715369383851,0.153460268362173,0.19397556408209
"cordatoalata",0.274515297955446,0.207185521494953,0.222442837092229,0.279474753800807,0.296480963404489,0.198290423605493,0.2980213514338,0.206226065104847,0.34698756342558,0.200573234576083,0.162499975440031,0.20272478728589,0.212568053396142,0.236416004847314,0.281826162771422,0.267289123796143,0.22445740963211,0.28574329224666,0.246638678107551,0.188553538192622,1,0.273904935915327,0.263823506273227,0.267257501500597,0.200632296874825,0.191132176786334,0.231447150635593,0.231453253981686,0.264923227060434,0.272191763433352,0.257334823775596,0.265996052023627,0.347347274156167,0.176743489713688,0.167977585476688,0.234172008742007,0.230582036527755,0.206032281987347,0.22201844555847,0.225398683697242,0.265651391592088,0.323679254977605,0.339267644194978,0.31878483620997,0.215071476452474,0.151060013114618,0.172716162452969,0.322481094238041,0.177298248844536,0.166358750403117,0.193144536692551,0.223393228903143,0.331549948089496,0.241560355592097,0.255066417620305,0.240368056103324,0.297210555938289,0.225769191465432,0.180104031626123,0.206457237405807,0.262815159071639,0.264512178355852,0.215457158515579,0.27526463225637,0.222168114595372,0.303231898131297,0.251070060841897,0.307450616910783,0.196757807040734,0.317264235006811,0.133554980963929,0.274246523051835,0.298353728499687,0.202901885998764,0.192677517695235,0.297587368278857,0.344353607027462,0.212344390766113,0.327367022740329,0.189196915890113,0.201355233065655,0.343291091449148,0.291512323679187,0.218581257172447,0.120699447094297,0.302517052736332,0.266857792668879,0.240796639884907,0.227147170825616,0.314935912496796,0.167772704578781,0.167116137276711,0.191657098105604,0.212320375134329,0.164551900370378,0.114242401220485,0.211122466803188,0.334805504393429
"coruscans",0.290534379812908,0.161766831328118,0.230545035195339,0.198663780733619,0.226028029083451,0.183711078394061,0.232496128986663,0.197186794045866,0.230529887495248,0.156228138446218,0.145709669154294,0.148023888366277,0.166943864979416,0.200518423719153,0.255904675610633,0.280682355434881,0.155330790499026,0.19660090990068,0.212637401121279,0.16119252115186,0.273904935915327,1,0.243190714384402,0.2143610314427,0.201116881998542,0.185154591554611,0.256161987750252,0.171808498675308,0.211281044450972,0.217743271754963,0.244797189694553,0.246298777049959,0.241554501871491,0.182426124640631,0.163320160613202,0.17798997609924,0.147457373781171,0.166792390859127,0.162100492402909,0.137679508667389,0.21112742920004,0.2637865218624,0.294281446544165,0.224721453229614,0.161038818571081,0.187343700616622,0.120492597320975,0.31678286995841,0.156691151110525,0.159762816331137,0.124460771515909,0.194228443046794,0.304969994130775,0.176577605099639,0.158131369114622,0.185595003335122,0.253760664404432,0.222518753094437,0.126989982052205,0.198483613718659,0.199525834525379,0.217930644964718,0.216688987259646,0.260487740574591,0.207808436397544,0.248631910666894,0.191951397920304,0.227697184347128,0.17399251264515,0.261584128385985,0.158225524311316,0.248004330947772,0.219413939992581,0.131762143184345,0.280742010769941,0.196851949810594,0.28429112887733,0.204337482552309,0.26280361158491,0.162106885681377,0.126558127454781,0.291848422704441,0.221015045795469,0.165773921363605,0.0851328615272,0.279090596762614,0.222651716858629,0.135548714020386,0.142025939419628,0.218205832389506,0.175375570938224,0.111182513566734,0.158424244343528,0.142449063222422,0.139864282403754,0.132967836849389,0.161837790318004,0.228671333457596
