"","acreana","acrocephala","acuminata","alata","alba","aria","auristellae","bourgonii","brachyrhachis.aff","brachystachys","brachystachys.aff","brevialata","brevipes","capitata12","capitata33","capitata35","cayennensis","chartacea","cinnamomea","cocleensis","cordatoalata","coruscans","cylindrica","edulis","fastuosa","flagelliformis","fosteriana","glomeriflora","goldmanii","gracilifolia","grandiflora","heterophylla","huberi","ingoides","jenmanii","kursarii","LA17","LA41","LA48","lateriflora","laurina","leiocalycina","leiocalycina.aff","lomatophylla","longiflora","longipedunculata","loubryana","M18","M25","M27","M30","M71","marginata","melinonis","microcoma","multinervis","nobilis","nouragensis","obidensis","oerstediana","paraensis","pezizifera","pezizifera.aff","pitmanii","poeppigiana","punctata","retinocarpa","rubiginosa","ruiziana","sapindoides","sertulifera","setosa","spectabilis","splendens","stipularis","striata","suaveolens","subcapitata","T18","T21","T29","T50","T51","T82","T85","tenuistipula","thibaudiana","tomentosa","ulei","umbellifera","umbellifera.aff","umbratica","velutina","venusta","vera","virgultosa","vismiifolia","Zygia.mediana"
"acreana",1,0.224775409324996,0.274979376161316,0.18374566550101,0.252256017216697,0.261839255233982,0.175536351158599,0.20982227316351,0.221094775134894,0.133370237329073,0.0998850633048852,0.122130432021851,0.11089245473498,0.229990452049052,0.225573935618371,0.20090862639372,0.113790317124673,0.265981145635011,0.146504469040791,0.231286059720603,0.266854465636243,0.202236648343914,0.250320816878077,0.207674534765558,0.178896595642309,0.196636238539222,0.138839797565921,0.206249619403545,0.13936483144371,0.142158354352875,0.191247565170384,0.139408434758351,0.239285993900878,0.0827639695901094,0.13114708921335,0.112158890678834,0.162710906468937,0.182985902155019,0.16114829893871,0.16735975354909,0.174323675027431,0.184021006684839,0.152149531150845,0.243052511542482,0.195750610176295,0.253739008811164,0.0816710312257534,0.244869243974695,0.13547349813017,0.11570076393853,0.109617361271492,0.261955451597804,0.207594257573145,0.258542172199139,0.0949100686083294,0.215374900126624,0.19670122403219,0.181602706332027,0.178915550102945,0.154196036777293,0.189712338135,0.253520390503939,0.217103186675504,0.208198932549868,0.213410186504442,0.203519052505993,0.157125033123787,0.238502089066003,0.201424486341926,0.209280094321321,0.107214732316247,0.098206861705751,0.273811816652779,0.0832644833190562,0.311624980677712,0.156016863661253,0.163657216012169,0.177082696948777,0.179121920019282,0.178304434070369,0.132491665415343,0.270855816359524,0.117586173712434,0.180375703259778,0.199491306952836,0.153298442863321,0.228555627190352,0.184068723749011,0.11588409386893,0.277981111636681,0.161795171732388,0.045321611702601,0.176540428065022,0.225511243006721,0.299149080184112,0.0675538119305563,0.170547768477759,0.163304676393196
"acrocephala",0.224775409324996,1,0.241664021041177,0.206391562577799,0.15872424154257,0.196682046099391,0.206622123802757,0.207005371329339,0.218331939711514,0.0989499957314757,0.132398329063039,0.101774813056334,0.0711671148001574,0.222135762425561,0.232854221384757,0.201553863193374,0.137799897522956,0.277299016326729,0.161241384580482,0.162471700777219,0.26782613023058,0.185206876214947,0.24675023948452,0.215786495943389,0.125175417336267,0.150791500538939,0.1357072298728,0.140341401729379,0.119113646659545,0.123284582067804,0.175327701625577,0.155308564429146,0.256465530441498,0.0916644063910857,0.111764525384873,0.121497225550832,0.128370243417444,0.214073520583006,0.162805157076876,0.180571060285756,0.137935123136315,0.113336701158124,0.147071648619936,0.176382773698941,0.23472156532381,0.156553555982987,0.0674388226634961,0.190399847515245,0.184544334743029,0.129176375588203,0.123081872851532,0.164617395512456,0.224376520767518,0.204188625944693,0.108499239809176,0.263561143813399,0.153243206292075,0.201561067994086,0.127724824323701,0.18158015493415,0.180010836285533,0.194305931094947,0.191643297233152,0.215915435133059,0.159771661545143,0.197814814049565,0.144826978324458,0.183804748664158,0.279111656639775,0.218162663336359,0.0916697418359676,0.123869272931001,0.272541573406562,0.0808941744246673,0.290946424547634,0.171158897576025,0.117718079377449,0.22422514254545,0.170979092998837,0.204106431719054,0.11974700055776,0.141127424008888,0.153371389583372,0.21825006756461,0.11296937186617,0.17952273285985,0.25334984980389,0.162755107118379,0.12121036590078,0.21599557541469,0.117049218624751,0.0370912832401157,0.120372411972812,0.223253726384348,0.186435734599345,0.0716000937040685,0.156283957044363,0.160013670915119
"acuminata",0.274979376161316,0.241664021041177,1,0.180328804532833,0.206730118854314,0.323318423642393,0.16950520065601,0.206909682802805,0.23683774438159,0.0991152017344301,0.115931261209488,0.0891922951321997,0.1129886013655,0.210096711725477,0.214796957254331,0.234930398196162,0.0950568893327335,0.199499776675464,0.114761148388923,0.16114465841017,0.240072444314601,0.233461718711598,0.229869899331346,0.168167364500424,0.122574623568033,0.129924045574565,0.122649858890393,0.118294995768271,0.115732719171105,0.117040218166942,0.141307212728409,0.13995379886101,0.205882061478248,0.0702265053198461,0.139876993393784,0.086289460167018,0.116020494436067,0.16939920444061,0.160645044377759,0.150997367762276,0.0962568133334554,0.0825140246484804,0.112838085928698,0.210373125237941,0.24583834443996,0.146781510609797,0.0522452827674819,0.227124003016072,0.112081502119734,0.111295693896519,0.087385128435411,0.221704978266056,0.211508723254132,0.139990182402033,0.0814046449212971,0.29317278582291,0.144942132315828,0.229046978467462,0.138317443537643,0.171101560083677,0.145850264291489,0.226035559382842,0.193473823640362,0.179181077697032,0.196489362448096,0.163531827921338,0.149018448404538,0.147174512029529,0.184110098109595,0.172516937167358,0.0629545145591933,0.0991505421575261,0.33318778335607,0.0560208157897557,0.390107509174579,0.146495900924905,0.114276473309293,0.227726801004916,0.15462540843241,0.184972452243094,0.106597884586897,0.217435025964015,0.139999510328513,0.190894505990862,0.121928174062957,0.132768035507188,0.22889356756418,0.159668158788909,0.111981500509631,0.355255977670714,0.102521085182715,0.0295722789138754,0.0978426221731141,0.198957545108198,0.186686323026383,0.0544814022461887,0.143558016379227,0.116171096329751
"alata",0.18374566550101,0.206391562577799,0.180328804532833,1,0.29733944072663,0.202470914576684,0.248922824346376,0.239964526599873,0.247721885015954,0.215568503227147,0.190407978701898,0.138774273371297,0.16678284708145,0.245019070058259,0.242997666594355,0.238303955401787,0.136816122197228,0.269178437191228,0.157040265048823,0.176363096412198,0.252978794774234,0.233105323561657,0.235695599745857,0.190783688730893,0.175618493729702,0.142055902656363,0.200353053700378,0.186459790304598,0.158021585350748,0.20418551200585,0.220475214683368,0.160531477926972,0.290584189209796,0.16451473226869,0.227992937557361,0.170234013661164,0.149677256496114,0.29096966989213,0.208569322322598,0.166956681973624,0.16917405541878,0.195742032797607,0.174780833848429,0.281917573652664,0.209743112375023,0.189351313831219,0.127826631470553,0.211242746931608,0.18156759321242,0.132847203298681,0.115043515247111,0.169350827299352,0.249843953244554,0.193105720732024,0.0853630172568295,0.199645607181308,0.152617249731496,0.23669038865634,0.171086430697291,0.184080145638045,0.23695131539558,0.232264861384388,0.338510013304357,0.22921108467602,0.213886251595961,0.271937919231185,0.205887752429443,0.202541029285201,0.193865526562847,0.341394297512071,0.12083333771004,0.0938653445782785,0.238742175025604,0.113626591980561,0.203088293775742,0.228971496601163,0.149608972565268,0.189421522074438,0.215494481259356,0.201115372134873,0.128438626332322,0.233001514955209,0.152876497347112,0.189778411033301,0.168029001536061,0.140856241366153,0.290499444968298,0.160715871293354,0.129530104585455,0.2510813613635,0.146267577283636,0.0615209570207051,0.154294988935961,0.219240105238255,0.185797531110744,0.0770870755514961,0.211065129838221,0.275038080076569
"alba",0.252256017216697,0.15872424154257,0.206730118854314,0.29733944072663,1,0.228118230536301,0.313156968225275,0.2060700145771,0.198485456788767,0.269100087776772,0.237717246715468,0.214854041500201,0.273578302416967,0.201496047262046,0.238849244856779,0.171899690904632,0.137190674738409,0.25253220080738,0.140507337777162,0.165417145418229,0.215616036434893,0.176784698984782,0.212352296493629,0.17890454182528,0.24824534114357,0.265318704759948,0.17286924235924,0.187827948001674,0.161427243653258,0.241950169089443,0.191151591556447,0.253423190569611,0.248766881659675,0.14518616915935,0.344650325138024,0.139494443088393,0.161276818141363,0.19351439769026,0.162200903228333,0.197965207550412,0.293609329350063,0.225738600745638,0.145208524472985,0.175120154638567,0.215899633134287,0.22261602987033,0.283362881967254,0.220105646674089,0.261664489101026,0.235820148548811,0.133470563117514,0.182447729719867,0.205771273290414,0.18173687132424,0.0867348208236551,0.183007084797196,0.153453472969082,0.175256975563267,0.30747558299318,0.175989910488452,0.171589020594809,0.281190069613601,0.197353113784209,0.25042005868957,0.237679189279927,0.266141160822018,0.233584314562295,0.187480624509955,0.156619396799869,0.351165250436709,0.284861521161984,0.0788324884864721,0.236894874140707,0.173316756807531,0.254090874576809,0.235691695323049,0.150222807128204,0.173108215768034,0.216467405501235,0.195394702531215,0.167087490159823,0.370381710701165,0.12462721361888,0.147898247138246,0.170021661191088,0.143123072756223,0.286784166887114,0.170581925562376,0.115145363963577,0.360205565886739,0.214791394643497,0.169917482045549,0.138610852389039,0.212843487390129,0.171499622775657,0.182969227770718,0.136642983537778,0.29753568225206
"aria",0.261839255233982,0.196682046099391,0.323318423642393,0.202470914576684,0.228118230536301,1,0.177466124270432,0.216394887687587,0.362373950611202,0.127997383218203,0.153269600689255,0.10236866659756,0.16823835856544,0.26016607070974,0.239877715113321,0.358777603776844,0.133513842729538,0.247700673525569,0.119107363338075,0.140696881124546,0.336734331616088,0.392143816589419,0.280763222790645,0.227216135555222,0.180428309393856,0.174437464483488,0.161789614246894,0.163593261516153,0.118303640055647,0.161805181015877,0.200178957981079,0.180715567264772,0.251569605277632,0.133631149407154,0.176166007119115,0.119149491106537,0.131411725429093,0.221095561780321,0.209806847679012,0.194003707137133,0.136256869304803,0.116498553314909,0.173856914974182,0.261926993980576,0.341557666001593,0.226261706705194,0.0973427574133199,0.197865955573283,0.157857341485245,0.0998281631190235,0.137320091466711,0.227504710731568,0.184899421194408,0.164685257132865,0.0731506596599439,0.253695036879356,0.183053712974281,0.305018377436388,0.168554868204584,0.20570921528777,0.143569459217678,0.241749794581731,0.217061378709046,0.207012793907228,0.16369141136519,0.251149927595018,0.217863445725122,0.202229051670574,0.164194325911365,0.20421962414918,0.107789905780253,0.0832404970614595,0.303205899119865,0.0866985575110374,0.385131360231487,0.149109128313234,0.129783125343284,0.24777363814689,0.212837083148919,0.206682024624346,0.119544304956673,0.25793728034393,0.176304333803823,0.145939519022388,0.171846061933622,0.133182896385981,0.289598263258683,0.157124448819343,0.147892723105345,0.321397931519862,0.149407434502979,0.0480288215439992,0.119624316733169,0.254061558973538,0.182339933468539,0.0480361230254904,0.148399250106478,0.139125715094305
"auristellae",0.175536351158599,0.206622123802757,0.16950520065601,0.248922824346376,0.313156968225275,0.177466124270432,1,0.197988130845056,0.216878935725309,0.149367776453597,0.151857411331492,0.119680517863302,0.16466257184646,0.189615221452124,0.273956548737511,0.157528215616025,0.16033188316144,0.261264056761292,0.129152573558101,0.167979038993567,0.208970143152734,0.170644193799954,0.1887388461121,0.221284898560042,0.209347595108239,0.146500224309563,0.181001674571994,0.189584111312335,0.138829589659145,0.221777289484283,0.219518515105284,0.151261513693339,0.221944605434621,0.166024813395952,0.171649119408258,0.188007641878691,0.18766297069427,0.207608440030786,0.161882057227314,0.174669283768094,0.1751681297315,0.190094578626669,0.174644006100667,0.171369066717753,0.223211556266803,0.211115700479466,0.131022029108264,0.194536918506746,0.1842422941731,0.138444787037579,0.154858594895089,0.161544968693296,0.222215539250578,0.210818723167338,0.0964949223994233,0.19461072330078,0.15010105644408,0.167762053216858,0.18988074425236,0.220646274616803,0.169708492293113,0.275937891396555,0.179040947174755,0.248888169728365,0.172020444468879,0.253929405306469,0.219001245558884,0.214066988171711,0.194658542093401,0.303136674493246,0.157244815083136,0.125667866622855,0.198959279667574,0.138529071089038,0.223239820410229,0.203546090923179,0.139595898910695,0.179397062555158,0.231190853945589,0.227956651888947,0.167532848717217,0.270120904310205,0.136866279227905,0.21703618439964,0.1522885785269,0.149043788920147,0.271293455941245,0.129157913698824,0.117827081585757,0.235376532005736,0.217152970389263,0.0669851362124637,0.140891605563223,0.201081439330826,0.17980284449262,0.0814647903883143,0.150140105264119,0.241701048003018
"bourgonii",0.20982227316351,0.207005371329339,0.206909682802805,0.239964526599873,0.2060700145771,0.216394887687587,0.197988130845056,1,0.249771888698715,0.135062962614462,0.110635994290195,0.117782690152071,0.0846952504135764,0.24290039491359,0.218224122199329,0.238207961675213,0.0979512746039573,0.233030419626104,0.123229413881672,0.1651391230704,0.247458018878797,0.233800924716752,0.22577822967298,0.205508100149608,0.165439909921625,0.176838569478582,0.140850456672639,0.146677161393333,0.147305731200675,0.12099814793548,0.190962814518408,0.153874627025491,0.219771068675271,0.0896855355489154,0.196093590727182,0.128555191015346,0.135663620077522,0.211304929851002,0.205234519259868,0.16506974278416,0.13974715060101,0.11791443356681,0.140523726934527,0.249199006664908,0.23825043558268,0.175091473347587,0.0755389989362692,0.184494445353455,0.174515878076113,0.110367237007187,0.0868928569672219,0.202651531262173,0.339112160748239,0.182503228823012,0.145971832435252,0.21357678442965,0.164498699255733,0.29984267932878,0.136528451407056,0.168932165313037,0.192711843123444,0.189368597417316,0.213598370939999,0.179060152589223,0.162766704969993,0.205523065348957,0.184530895516947,0.175893788361162,0.284335732175151,0.227294678291596,0.0996528429672372,0.12140445362898,0.28454809430068,0.0855881839750537,0.227764328238676,0.158970667800494,0.138158560673131,0.187787211447773,0.165732436251745,0.266876380540782,0.134520894850913,0.16767720957973,0.127568780642281,0.231451582814687,0.12961383248422,0.167118839864375,0.25353185138772,0.192527580456778,0.120051198279056,0.253942580288712,0.134311249682661,0.0353459968511536,0.127949905816063,0.197665605998023,0.209594097795181,0.0717259409432204,0.189006158612725,0.180052217057338
"brachyrhachis.aff",0.221094775134894,0.218331939711514,0.23683774438159,0.247721885015954,0.198485456788767,0.362373950611202,0.216878935725309,0.249771888698715,1,0.136510299395027,0.175053709902627,0.093385161897354,0.0978740622682181,0.358306334850481,0.400145160339066,0.590273028734734,0.115902849950331,0.287376494644722,0.134321075564412,0.149225656188745,0.383690687856337,0.588140659461792,0.35896592411562,0.232159204119033,0.166621274372669,0.203126938333123,0.14695467072939,0.169143530741295,0.124527177068757,0.12268745309767,0.180991153210354,0.229470585689582,0.295902355513087,0.0850569398038621,0.252286302748628,0.0968822668925562,0.146167474183883,0.241482858977038,0.256904221874695,0.177177741498724,0.12111713718836,0.0917040142484619,0.146758643197716,0.35577199199261,0.308521650497149,0.176479561411339,0.0782787322576379,0.215044737445706,0.143966991543249,0.1030067538233,0.112208174529695,0.27250487118584,0.290477660979366,0.171059319982935,0.0949764969168749,0.274806364554239,0.158394878607714,0.413686548053182,0.14489652702752,0.169503020738065,0.181041480476975,0.217423708166086,0.338989491251731,0.21371357660386,0.148957381523749,0.264940352841855,0.283778203507756,0.200051142702267,0.20053959515916,0.234543247989608,0.0823958813271574,0.0918032603020632,0.319202248597042,0.065010210976254,0.28944128668184,0.156223444772868,0.145922110697609,0.220359914541392,0.231876636362029,0.22732706791353,0.134739431475941,0.243438203379293,0.202438929272237,0.173646532141918,0.152861515737203,0.176836308288922,0.246994199265942,0.201357893094316,0.154350499432297,0.279015023675539,0.145368480599033,0.0359799369509493,0.121851744521921,0.312369324336174,0.199372770725906,0.0614063036539528,0.179938448987443,0.151765079054403
"brachystachys",0.133370237329073,0.0989499957314757,0.0991152017344301,0.215568503227147,0.269100087776772,0.127997383218203,0.149367776453597,0.135062962614462,0.136510299395027,1,0.391889833640827,0.27633236407123,0.218378818614974,0.157225451079855,0.146015432187084,0.128095582102301,0.0830774799201851,0.152359295157113,0.0681663629213658,0.171684803501636,0.151198580531244,0.137412064867941,0.129818046881675,0.13640709125653,0.128705585017712,0.248589102136551,0.117135083210699,0.15536295254373,0.120300459817398,0.21497793821017,0.159374179424343,0.343252490553311,0.13143990022417,0.119688226589043,0.357976228278451,0.108683625803943,0.166257380745346,0.158197191095011,0.114262840034993,0.0972627693958481,0.306298007307453,0.145740907961916,0.105026709027168,0.185358139053165,0.135353838301506,0.131280741968925,0.338289692953819,0.133305413868061,0.243079271315008,0.257912160000876,0.0985488987244138,0.127894279191916,0.146660194824252,0.174741705166763,0.0522360413891852,0.101881875137451,0.0993303749768213,0.151006293165543,0.422905946015109,0.115748147837367,0.118434872425948,0.146581778778063,0.168274238569013,0.159324297302504,0.109741193857798,0.145934407394547,0.134482641050286,0.138611206748623,0.121280205837623,0.144855735601628,0.305819174892055,0.0559007196238488,0.121908991768399,0.0797017707875538,0.125496580483265,0.159950421968944,0.102224609162047,0.130650626083015,0.17045820869832,0.131545318932766,0.105889549604853,0.193538529659001,0.090769168283491,0.0945774882126697,0.103108275872472,0.0956526337492416,0.168866450260991,0.097116865896973,0.0960128803954278,0.258314856210333,0.14529072649985,0.258165859833158,0.122760633938557,0.129021205112247,0.12955866150523,0.282906134270621,0.157440420487318,0.157190404386131
"brachystachys.aff",0.0998850633048852,0.132398329063039,0.115931261209488,0.190407978701898,0.237717246715468,0.153269600689255,0.151857411331492,0.110635994290195,0.175053709902627,0.391889833640827,1,0.308564118094566,0.215646273428514,0.187571370323716,0.128738988975445,0.178226430878131,0.125350411736855,0.165946902757787,0.0591613649345517,0.120692996400851,0.167739912762735,0.16329008240255,0.187723053763257,0.148120099127182,0.112255054371831,0.282311833207394,0.149224565641497,0.118744327677441,0.108421435724066,0.15504099652341,0.126788463192396,0.31363385133167,0.162522081130627,0.0873624840962355,0.321266792692647,0.107384722328685,0.0947609673206163,0.153373285608865,0.143381428122286,0.112376832258084,0.335870332602388,0.122888470191535,0.100166006499128,0.155024162058702,0.166940287971119,0.104140587171048,0.268173834514327,0.124376787294999,0.278623781123541,0.256031570309397,0.127414396360746,0.124194358635817,0.153808270927067,0.161655574439067,0.0720060809780764,0.129545549951938,0.0976005974456335,0.150539146797065,0.31571871122611,0.124316295704917,0.137613590270251,0.131499188019125,0.173981600803472,0.135822545758164,0.128471589920166,0.173847575280981,0.127134947480493,0.11552786469399,0.142658459850717,0.14634711880023,0.270490310668128,0.0684451892198074,0.156022733313779,0.0958670043358295,0.157921121684226,0.156005850585428,0.068642113876646,0.146154546866115,0.194639367683031,0.18289662999684,0.0989374379786461,0.164335603335444,0.1422160781745,0.153636021144626,0.0817255552126876,0.090749731568073,0.174760954151768,0.0844214037924502,0.105005842675136,0.272800236913009,0.121647037197626,0.285674924568072,0.13774315742279,0.170327286646264,0.120438883571416,0.255616785070624,0.0869033162109342,0.122135671961664
"brevialata",0.122130432021851,0.101774813056334,0.0891922951321997,0.138774273371297,0.214854041500201,0.10236866659756,0.119680517863302,0.117782690152071,0.093385161897354,0.27633236407123,0.308564118094566,1,0.155351081852906,0.0994021083172696,0.126585804335348,0.079287620573477,0.095131687268746,0.135632920882396,0.08047220783201,0.0938800103971196,0.101882701011345,0.0719869500584897,0.096480289778646,0.130444039980667,0.106215693248133,0.237457302102047,0.110187876138852,0.0997951496113467,0.104080753311068,0.0994706907105492,0.147936427180091,0.231503749202643,0.10729798384593,0.0845720612579476,0.234685183113999,0.150973115834281,0.0925206425566606,0.136910970113167,0.0989966718081281,0.117943985778351,0.260922459229829,0.0935899523077489,0.0903749371308685,0.0840510529189939,0.0946866559062368,0.103860771158119,0.201946244962082,0.126006986806338,0.249939817287867,0.275745572322937,0.0815215632176269,0.0992013591804385,0.111639979779644,0.104374439425932,0.0758893307317035,0.0924465729038122,0.115613806355427,0.092926524756662,0.236944965289766,0.0853883530243653,0.151360843798938,0.113504391447532,0.11076158120976,0.10868387517398,0.106195145860078,0.122916327457485,0.108112884489583,0.107098700960321,0.0957472626873206,0.120761607406998,0.221872728853378,0.062128985484369,0.113004162205211,0.0764035361711733,0.110645918572141,0.109427447375061,0.116245584004546,0.0938004614144078,0.0983735419266003,0.105222067546684,0.105755903794667,0.129016637289797,0.0629476519557342,0.0986283263598573,0.0824516643725193,0.089571886715698,0.108418944852546,0.104928132909693,0.0653735891810941,0.246535670885983,0.0947149034014618,0.204848771065307,0.151340045838874,0.105384329526814,0.0973377773794398,0.197125363797288,0.13270859488784,0.139753713510699
"brevipes",0.11089245473498,0.0711671148001574,0.1129886013655,0.16678284708145,0.273578302416967,0.16823835856544,0.16466257184646,0.0846952504135764,0.0978740622682181,0.218378818614974,0.215646273428514,0.155351081852906,1,0.0880350509801464,0.120758006938966,0.089917754842408,0.080453451879723,0.108435542263867,0.0507464714391901,0.0647382514512112,0.0904477501255336,0.0982083458630663,0.0920343001740333,0.104415694495716,0.164082878228686,0.1777875983986,0.144196671076202,0.123505543178557,0.0954839255798466,0.338200427725444,0.123966356948631,0.179607537385367,0.0964426863377015,0.35926600973467,0.231608517963888,0.126257377814056,0.109710090799432,0.132805602784069,0.0722163264969612,0.0975716383100016,0.189014043563498,0.34595363514097,0.184052438863752,0.0756758776151567,0.102167462244001,0.13915858687978,0.37571348695479,0.112722456916093,0.178959296875467,0.167293207004709,0.129574946012697,0.101220345329953,0.0743276856136642,0.147644822686909,0.0466160641140875,0.0710603086167557,0.0698558951199103,0.0723111359855379,0.265826059052218,0.114783492412289,0.0769862325299674,0.170000970255909,0.104838433914678,0.130104682496573,0.130852418249031,0.136377688014745,0.167200177873194,0.114147845389354,0.0702366316445678,0.107234494807431,0.286349902242475,0.0542500169063209,0.0935416057370887,0.124630842633898,0.123811857583343,0.130121733852958,0.0754379208397728,0.0908868663746988,0.149494511103172,0.0860013780104926,0.0992699709540109,0.336914309723888,0.0665370812753584,0.0654236046087452,0.158534862073437,0.0745773016240645,0.231651753938996,0.0693223227990355,0.0545980742291087,0.230334641514874,0.183248537327681,0.270690279054193,0.130684651560043,0.0932425770435648,0.0871453621227441,0.127775216515449,0.0989029438220069,0.136799825408313
"capitata12",0.229990452049052,0.222135762425561,0.210096711725477,0.245019070058259,0.201496047262046,0.26016607070974,0.189615221452124,0.24290039491359,0.358306334850481,0.157225451079855,0.187571370323716,0.0994021083172696,0.0880350509801464,1,0.254676909997517,0.427956915467915,0.133602285746534,0.304780001293228,0.149950861290728,0.188056185234828,0.348338770895003,0.34466083494515,0.353529908406373,0.255314588180845,0.196344325155308,0.243156254069748,0.161808345293005,0.175981755055244,0.139930952030443,0.133957128527578,0.215457220058351,0.172320603050256,0.313454556673163,0.0865669137206634,0.172689094365322,0.11739956348986,0.202413924525036,0.24635663281984,0.247422681756429,0.179674673972471,0.145370866198109,0.104047591266544,0.154332257329228,0.292605221692151,0.286217078414402,0.197519865393484,0.0846441998797372,0.243752817815853,0.15401921627,0.11497082531433,0.109203175395602,0.259119293404992,0.331339159391798,0.20222485673198,0.125766392639252,0.250432025231534,0.170074884971455,0.337698957288017,0.147205302880622,0.17122971921384,0.224599623229605,0.25961348617185,0.269856939948625,0.224728917961753,0.161392187770997,0.266187618849041,0.193744104570643,0.250220655216088,0.25630582526448,0.279152544591178,0.0855380154285154,0.0988757975831762,0.286074677049913,0.0829820945322637,0.266743044694609,0.191552510079297,0.138573765640226,0.242790287908025,0.226570000805541,0.250414075919499,0.136200354798035,0.174280116940692,0.209349388123032,0.288562794444424,0.148890671640394,0.213962278835499,0.280336881927642,0.223057311949626,0.180401340559338,0.304093157509569,0.164006624415467,0.04728184972423,0.117675762475625,0.318315820384568,0.270360422120373,0.0597520258797731,0.205660134468951,0.197936060573193
"capitata33",0.225573935618371,0.232854221384757,0.214796957254331,0.242997666594355,0.238849244856779,0.239877715113321,0.273956548737511,0.218224122199329,0.400145160339066,0.146015432187084,0.128738988975445,0.126585804335348,0.120758006938966,0.254676909997517,1,0.202673459210868,0.160199349078599,0.283505982800893,0.150434191052428,0.171745199615837,0.251640658804863,0.200417473942328,0.236060325409367,0.210490041155256,0.176351681157584,0.170262786116163,0.184637973969828,0.203712897933526,0.187752257574507,0.160353111358574,0.213280696180979,0.169471380626479,0.27168170380598,0.123013867301855,0.149751488374391,0.145400069437056,0.186012074243016,0.24300513729202,0.199703749827463,0.182719743060074,0.157013882793011,0.153873425273952,0.165713864078818,0.178750765217529,0.245002905117722,0.193660164793486,0.0992323223633823,0.247680793421565,0.176597306386624,0.135416154370605,0.141069104955461,0.183344052252296,0.209443193307818,0.242705784109278,0.101418242798791,0.192660778010156,0.185446879152255,0.195408242779239,0.174519258652347,0.188321261013342,0.207044291941328,0.278671367334806,0.214819317161159,0.25363760719713,0.213834513102891,0.239882188521957,0.188745169472052,0.223210927900445,0.196883469092742,0.242544333469984,0.116867723674426,0.103118234329324,0.26981971118611,0.103571696072912,0.242425258918552,0.22620307645843,0.139398901360237,0.194543552216367,0.198242782020318,0.260743814139772,0.147145382612138,0.254577171235406,0.147551659133886,0.176753847078074,0.154431706423138,0.184666610213876,0.278569258835007,0.22161638848258,0.13393670159211,0.260669815498759,0.140857074452971,0.0504813451179598,0.141662964934093,0.222919408381052,0.209264025582409,0.0796880130001502,0.197565571201548,0.179660627223243
"capitata35",0.20090862639372,0.201553863193374,0.234930398196162,0.238303955401787,0.171899690904632,0.358777603776844,0.157528215616025,0.238207961675213,0.590273028734734,0.128095582102301,0.178226430878131,0.079287620573477,0.089917754842408,0.427956915467915,0.202673459210868,1,0.0974716540997978,0.264978806215191,0.122513592510497,0.135569181272475,0.357673754922888,0.688582399407992,0.344006062032092,0.198303374791102,0.155924067501446,0.200218100599828,0.13110645101957,0.154614373814341,0.11198575416625,0.108383379710616,0.158215049429386,0.226607127912637,0.275360710255579,0.07512909411902,0.237610612965551,0.0824605349891558,0.124583542961512,0.229412572644405,0.24440642098117,0.158265591569484,0.112237299861056,0.0807837537127595,0.136490006815185,0.349859636651103,0.292050224647847,0.15814708358767,0.0618920017502875,0.195546605912701,0.130183095288922,0.102502051071124,0.094673237190155,0.262338271568211,0.267683499777835,0.137155712566732,0.0870381043592099,0.269280641011437,0.1480866350578,0.433031805690036,0.145316573746711,0.160633670634309,0.182819402789381,0.203450590103225,0.307936511246682,0.185223050876025,0.140105088753791,0.237094039086854,0.26669904590228,0.184128276262311,0.181787012746809,0.204723429290399,0.0620570909756758,0.0838804790557325,0.30757041080132,0.0607499423296246,0.249101296149086,0.139018464957899,0.132711975496544,0.230597795586822,0.223031855183117,0.187063473432712,0.113382156786015,0.190972875674043,0.196507709213365,0.198962260325997,0.140344981734617,0.162018099714485,0.222960206468562,0.191273486693406,0.150864570084618,0.266045556770224,0.142553075003922,0.0311369493556706,0.111994766562979,0.305923080361606,0.232663343955592,0.0550092070081781,0.170389383049532,0.132598844779413
"cayennensis",0.113790317124673,0.137799897522956,0.0950568893327335,0.136816122197228,0.137190674738409,0.133513842729538,0.16033188316144,0.0979512746039573,0.115902849950331,0.0830774799201851,0.125350411736855,0.095131687268746,0.080453451879723,0.133602285746534,0.160199349078599,0.0974716540997978,1,0.157292103924299,0.114526081942694,0.141602964016365,0.123702329577809,0.0873921836720656,0.129166686702293,0.14889368123172,0.131918502945668,0.110900350518921,0.116697839611001,0.142048001548469,0.119075774036926,0.136212071280187,0.149371531413386,0.0935374948044366,0.15151753132185,0.0872630088989656,0.10652419059243,0.131666209564694,0.128825105608386,0.139018677718503,0.104039528642609,0.114563678788914,0.134712032746992,0.118473308687927,0.141671132414885,0.11433209980601,0.125608527495399,0.148784621813184,0.0759561420250007,0.136274406989925,0.11548990776238,0.104600725584531,0.109968990716729,0.119071516453497,0.143777577257645,0.137301290771581,0.116054377088317,0.103371796657519,0.123520845330208,0.103752160323223,0.109907484186963,0.134724756590052,0.160677323222008,0.159417966470406,0.119790141847697,0.136727717888039,0.133091512778071,0.160781415988263,0.135076747782176,0.147746024807538,0.113780867112428,0.167035839506117,0.121534307081812,0.0852146516653064,0.128881550006777,0.0965910715873137,0.128673031852623,0.156303668999242,0.091608421991788,0.106231787646913,0.113097456859062,0.138237533027099,0.128269607982456,0.132793272360743,0.0981335696433756,0.13483062196635,0.109142265774165,0.0968170235004688,0.149241901181103,0.137323256872735,0.104208951741846,0.131645537191692,0.11850974961089,0.0491222764178405,0.0940379689722796,0.132999266298138,0.118740283730663,0.0611996676646001,0.0941594518386564,0.149315370365686
"chartacea",0.265981145635011,0.277299016326729,0.199499776675464,0.269178437191228,0.25253220080738,0.247700673525569,0.261264056761292,0.233030419626104,0.287376494644722,0.152359295157113,0.165946902757787,0.135632920882396,0.108435542263867,0.304780001293228,0.283505982800893,0.264978806215191,0.157292103924299,1,0.143908197571989,0.212062206857575,0.309165000657289,0.249250897054102,0.293518053753854,0.284349124180507,0.201189727180803,0.218058835083592,0.227793807025226,0.189633968273281,0.140227889754236,0.177845855022935,0.25252898927815,0.172367513197992,0.359044260280153,0.116185306845673,0.212590318436938,0.145480264949561,0.185096596784217,0.286862831964987,0.232106756391616,0.245761264171536,0.214878705527812,0.160061796796001,0.200732632343138,0.226222331072432,0.313278494334028,0.22537741672958,0.104666762061568,0.250477115216757,0.192128722635257,0.1389757953232,0.128836950950013,0.270229168047886,0.273476089592664,0.206387696409188,0.11776785606335,0.254929431865683,0.204919162257881,0.273462125669722,0.17560802779252,0.229520550985136,0.248147466089801,0.278007457558323,0.254848907108789,0.330385939530032,0.205057515127739,0.311612640850538,0.251215629141186,0.234280386734901,0.233400028367282,0.297435418734211,0.123187126523656,0.116967295111215,0.272427733360326,0.115397342670134,0.252429277825726,0.216057764601013,0.15755567407918,0.214237705479229,0.278644743881747,0.232448570745942,0.153612763127608,0.202329040144059,0.193527507061884,0.202319855933135,0.188302230277454,0.19716119454431,0.268093143987373,0.21368490319533,0.153851460808135,0.243934859544566,0.184745039888888,0.057297815976521,0.17740330842749,0.283016408801109,0.246795743577376,0.0632988530660084,0.195250846935477,0.238859387163509
"cinnamomea",0.146504469040791,0.161241384580482,0.114761148388923,0.157040265048823,0.140507337777162,0.119107363338075,0.129152573558101,0.123229413881672,0.134321075564412,0.0681663629213658,0.0591613649345517,0.08047220783201,0.0507464714391901,0.149950861290728,0.150434191052428,0.122513592510497,0.114526081942694,0.143908197571989,1,0.0986502440275005,0.15200971906705,0.120459718587035,0.140269949083087,0.152125910241154,0.103672208945603,0.104545710358456,0.109419230074657,0.102552760388441,0.0949201526549014,0.133972513796256,0.133953795851283,0.115896327340197,0.157681939372573,0.063738277127076,0.0821072107653142,0.0834898386711785,0.0960884045966551,0.112000032914186,0.120621298551468,0.10931301900736,0.0924896356141638,0.0930726785712938,0.103849862184326,0.137281845062133,0.117499702458874,0.157719225008812,0.0454363939500778,0.154858682382447,0.122404122224484,0.1009132934379,0.0788530976290071,0.15868913363661,0.144107704856164,0.177291679913935,0.100381205450024,0.167525227098526,0.148562059404353,0.119654287771046,0.083360291919663,0.127952083777145,0.143199054165177,0.113731297331113,0.136259125304007,0.147046499095742,0.128443915486896,0.138707090930251,0.130722001291107,0.120882118780731,0.106016800873937,0.141076768970094,0.0602478205219561,0.0813667987723422,0.177478509085284,0.0679070503383232,0.143575541494185,0.094192429069359,0.310800001358512,0.0956479685709069,0.129556830833421,0.12253625475123,0.148553456570084,0.0992540121072217,0.0986628301480483,0.144310404220937,0.118512070684764,0.154675075129782,0.144466744917298,0.155351656757724,0.0987852767876001,0.180041720345772,0.0888515692072507,0.0237455916630707,0.0876350829567368,0.296325653281695,0.132048949906195,0.0877168462597943,0.11516194144036,0.101626903041883
"cocleensis",0.231286059720603,0.162471700777219,0.16114465841017,0.176363096412198,0.165417145418229,0.140696881124546,0.167979038993567,0.1651391230704,0.149225656188745,0.171684803501636,0.120692996400851,0.0938800103971196,0.0647382514512112,0.188056185234828,0.171745199615837,0.135569181272475,0.141602964016365,0.212062206857575,0.0986502440275005,1,0.181458360071538,0.153329123778052,0.170230076829541,0.147279914698244,0.143190947556554,0.115973955248936,0.175763408224001,0.164164132770812,0.11226078755913,0.160632562165489,0.150149038610139,0.125562135653452,0.195251322123838,0.0789572392909031,0.208542751264679,0.113395994102196,0.132111340514783,0.191462537919139,0.14632836042024,0.12098547317932,0.145349554634423,0.146074609952571,0.127364611692905,0.190048153857095,0.20677241107517,0.184746750949424,0.0717346603917888,0.148302085172206,0.130279853075947,0.100090629669934,0.113009324209207,0.177187213432496,0.185582293086005,0.199442149354133,0.0807578780734356,0.143677023669062,0.162485823623132,0.1956594545715,0.118692795125951,0.136152468133906,0.160251830535402,0.19054059482351,0.16275273958071,0.166008529001035,0.135726750794434,0.249617108024995,0.146076498261784,0.146431567386253,0.155012210338037,0.237362468552031,0.100772382897011,0.117550879485316,0.170112776315368,0.0766412203578789,0.157112452854117,0.190533581841336,0.100768913986258,0.161235564220378,0.146256752541101,0.164412163938905,0.133392534558897,0.171875531382,0.29560258164284,0.13705696583179,0.118484327844669,0.118679028499468,0.167280085679009,0.143948889645584,0.102993281376932,0.153819032988349,0.142422873858199,0.0439726645517588,0.15592401587489,0.156232440437035,0.230848382574668,0.0620673969916365,0.174786057029799,0.14929775514682
"cordatoalata",0.266854465636243,0.26782613023058,0.240072444314601,0.252978794774234,0.215616036434893,0.336734331616088,0.208970143152734,0.247458018878797,0.383690687856337,0.151198580531244,0.167739912762735,0.101882701011345,0.0904477501255336,0.348338770895003,0.251640658804863,0.357673754922888,0.123702329577809,0.309165000657289,0.15200971906705,0.181458360071538,1,0.352221602956635,0.40868419344559,0.274917322089433,0.171387603412825,0.209359543617505,0.18440739906114,0.168078309390723,0.122930337543885,0.151338555184467,0.238217664408323,0.190260730706269,0.345384696596041,0.0841195157521185,0.176003483310005,0.133031048274755,0.136853806904641,0.253145972267845,0.243848594814635,0.177011069486976,0.143086947704081,0.11893294031031,0.16076910246185,0.323405347294461,0.348162422337349,0.21838400148626,0.083971265336298,0.209729029755354,0.164145033479585,0.162719147295109,0.127607703900264,0.295535315399616,0.289473902198597,0.194539323452474,0.115097976185285,0.289134600943468,0.172791741361273,0.366440663734258,0.154700959158104,0.175936868357108,0.202164983195726,0.240483701723682,0.297426779344932,0.244868366257152,0.182125445538976,0.312214987274039,0.221876642399046,0.238187939043548,0.225466999036517,0.258733801641479,0.0900332092438986,0.107155431594629,0.353535650741996,0.101259516533254,0.284019716259422,0.164252126567426,0.154075160004267,0.227146938269223,0.239467931334643,0.259080671840618,0.143892709042927,0.188012915105422,0.213584632980751,0.217652386649726,0.150420182587169,0.199339077294612,0.268556881537669,0.214094944435601,0.155783517531344,0.261677191329666,0.15740456785621,0.040330643929947,0.150070300556571,0.354316868264491,0.242293456643975,0.0590542896806786,0.189571256663784,0.176992175055876
"coruscans",0.202236648343914,0.185206876214947,0.233461718711598,0.233105323561657,0.176784698984782,0.392143816589419,0.170644193799954,0.233800924716752,0.588140659461792,0.137412064867941,0.16329008240255,0.0719869500584897,0.0982083458630663,0.34466083494515,0.200417473942328,0.688582399407992,0.0873921836720656,0.249250897054102,0.120459718587035,0.153329123778052,0.352221602956635,1,0.374605675152479,0.206278922385504,0.163075854582481,0.193057551950577,0.138861662298222,0.14808682227628,0.0949290925757759,0.120034565385712,0.167598006122782,0.22203186667791,0.262651955487018,0.0820351229902142,0.246413851576533,0.0948293665109563,0.121828655780515,0.231557455688604,0.253201260070254,0.165345691072355,0.110184802745709,0.0951145358615163,0.15829248214951,0.354530564086711,0.304560342184717,0.171931557552699,0.0780780801145643,0.202506152059246,0.134516869098247,0.0888064887252877,0.0941546103497204,0.263628246517349,0.260890933154275,0.140297233569735,0.0891838080221901,0.267122525350372,0.141987112322261,0.454649949416648,0.140606380597698,0.169722054614769,0.166392053124865,0.200692466807141,0.314215319360688,0.176271856902811,0.140099621907524,0.23619619209353,0.274009387080177,0.167495320127029,0.191444187466504,0.198858947687271,0.0725370967683164,0.0820564785533912,0.298300017034299,0.0662996620647506,0.243773487008594,0.149320365468127,0.127756782506052,0.204520132375048,0.211974371208739,0.199174759992403,0.119575011795334,0.194566263348532,0.203861033435249,0.170629054506374,0.147708971815958,0.142144350664986,0.234621182530497,0.180385999465376,0.1608386127511,0.290474862718868,0.138523391092939,0.0346983827618608,0.114605897327365,0.285831244302702,0.191657726993692,0.0510619967150545,0.19214963471889,0.133281990765289
