"","acreana","acrocephala","acuminata","alata","alba","aria","auristellae","bourgonii","brachyrhachis.aff","brachystachys","brachystachys.aff","brevialata","brevipes","capitata12","capitata33","capitata35","cayennensis","chartacea","cinnamomea","cocleensis","cordatoalata","coruscans","cylindrica","edulis","fastuosa","flagelliformis","fosteriana","glomeriflora","goldmanii","gracilifolia","grandiflora","heterophylla","huberi","ingoides","jenmanii","kursarii","LA17","LA41","LA48","lateriflora","laurina","leiocalycina","leiocalycina.aff","lomatophylla","longiflora","longipedunculata","loubryana","M18","M25","M27b","M30","M71","marginata","melinonis","microcoma","multinervis","nobilis","nouragensis","obidensis","oerstediana","paraensis","pezizifera","pezizifera.aff","pitmanii","poeppigiana","punctata","retinocarpa","rubiginosa","ruiziana","sapindoides","sertulifera","setosa","spectabilis","splendens","stipularis","striata","suaveolens","subcapitata","T18","T21","T29","T50","T51","T82","T85","tenuistipula","thibaudiana","tomentosa","ulei","umbellifera","umbellifera.aff","umbratica","velutina","venusta","vera","virgultosa","vismiifolia","Zygia mediana"
"acreana",1,0.223139073605181,0.133217115269373,0.231849499187601,0.192229857478774,0.149960235570574,0.210512079539342,0.217079702287683,0.195131366750496,0.139591664977434,0.147337069787158,0.174963559096373,0.143890099005062,0.273093336144823,0.263366031075021,0.169699041332714,0.21203057286236,0.22694898267764,0.149286271089624,0.227190096304943,0.212904986913778,0.198456048199797,0.250686454632028,0.312763256669447,0.173881526885003,0.173482364323059,0.145822006747076,0.222760813242753,0.145695629122958,0.131044834029914,0.240570757973178,0.126572165336957,0.210216666542674,0.15410458042012,0.14438361934973,0.166586298261145,0.274723067285494,0.165586339581091,0.228714577993505,0.147435253483009,0.287480672411833,0.215053301703324,0.147436586943357,0.141576802358452,0.22105906437949,0.170794941665022,0.126840871821237,0.211745525186817,0.173880602902039,0.138033190008258,0.179205555747597,0.252274783072116,0.22928844986122,0.157580029629081,0.150117010075141,0.154449295476343,0.160021530388036,0.162594377907349,0.135823730473168,0.13870598919979,0.197294075956508,0.242635262185541,0.126039590822371,0.192450647878541,0.188562808337387,0.220918293526744,0.190169664880937,0.214628160889343,0.139150814160623,0.211629464180655,0.195345919486834,0.19107150513559,0.170204578840634,0.210140545769384,0.19816738902918,0.197833969786858,0.14187854483013,0.151680273234509,0.216790959534966,0.190640522311527,0.171932214071771,0.242289008814604,0.129076657812407,0.15644143156405,0.169356187501764,0.162540296623059,0.166557683964799,0.106077388536469,0.183660460867103,0.187220326998785,0.121817474865826,0.130925104764785,0.14449374045087,0.255459019534987,0.153575686326376,0.0943840400474236,0.0923367881001905,0.196475735496227
"acrocephala",0.223139073605181,1,0.246765174172375,0.339704978814166,0.195945400072102,0.165595165087707,0.312274275983919,0.343838040873642,0.297735316517011,0.162624721414723,0.207254288840588,0.178562133685494,0.167065898733914,0.2927963151597,0.279453192989377,0.264246559466744,0.303121796790552,0.249593206990162,0.180630307928952,0.288235945070391,0.266615731745705,0.306774340517419,0.298624677039908,0.29987402571086,0.2730239412516,0.24416387868256,0.210731967179114,0.361866956667307,0.168424726239858,0.157621841155398,0.205255318760495,0.147591033940774,0.309018695032301,0.180811139749485,0.261490289051188,0.184591145133643,0.264395185583477,0.325539864649299,0.199784326316675,0.165938776710182,0.209595848932166,0.27085984022121,0.185397987225665,0.134922112824283,0.25122994546913,0.31100796165189,0.174547996555083,0.169149239201069,0.132061834287015,0.139079943333848,0.252023632894147,0.238596442362234,0.262037438641665,0.195918555654204,0.211177113245331,0.162098651975097,0.206739374173647,0.253942439339194,0.111158026366481,0.216289876147682,0.305327872175661,0.275894197522328,0.124545807755184,0.333387828245171,0.229832261775476,0.250790833864667,0.296641882194869,0.190670934547154,0.210554661595526,0.289671772438305,0.203424029448744,0.235097895806074,0.251517453873635,0.321102177694187,0.267657937396455,0.235856685331506,0.193002655936997,0.306166392250499,0.145763615751725,0.212707982631411,0.20514883942279,0.227668215441631,0.171921232209283,0.283015283900002,0.20679695862605,0.233375696350342,0.217102473572548,0.102292702028772,0.253463785827251,0.314571079796994,0.210931084175249,0.136772792511761,0.276810713370889,0.268843304837433,0.290475105660663,0.100023654119147,0.107424544619796,0.271147109549814
"acuminata",0.133217115269373,0.246765174172375,1,0.31005855108246,0.185681821473158,0.122842855996391,0.217918363490814,0.284144172757416,0.216387713365416,0.082158039123976,0.213690438876659,0.137453763887021,0.0934994508326822,0.200752000359552,0.255222492015182,0.244853110024851,0.274076966684368,0.144973298102708,0.123985098640727,0.214485495189529,0.167384840461219,0.266011180514571,0.217012596803627,0.200048861950702,0.381751395873494,0.171356662105607,0.1591232576856,0.28598977272183,0.125127925378479,0.104105786077921,0.115328252576137,0.106647664219736,0.183761415289304,0.13914365759901,0.193006906195735,0.0983627842747422,0.236313489897563,0.247720645981409,0.0930001325182114,0.0829266469495028,0.131462893464512,0.241875583678868,0.182705087972459,0.0688438834890614,0.168546246659199,0.410955036843703,0.12471720445842,0.126893128024936,0.0917512696771968,0.0984138176768675,0.137115226583107,0.166751844444017,0.194841604545687,0.115311927418935,0.154040051236462,0.121827512594881,0.15965248661714,0.142102567841954,0.0611200832536394,0.210079878104103,0.212322784372923,0.203592121129588,0.0743942329888905,0.247932715299576,0.133038222159061,0.212877969115743,0.196638551118778,0.126670018974981,0.16364941815326,0.202381804088233,0.212709172086621,0.172537637647291,0.233738043824707,0.331755048904776,0.208934670808713,0.155146217987804,0.160625973890945,0.380140986212472,0.110744283241217,0.165254891872831,0.146624048235285,0.161541994266712,0.120241537239601,0.173080129543547,0.154508824384621,0.215144645235692,0.136947790683213,0.05568705086299,0.187730112687536,0.27851368124016,0.27980315048418,0.114181131919268,0.3348074836015,0.160048399325474,0.196937150337287,0.0653603331035687,0.105759327209106,0.236862290153206
"alata",0.231849499187601,0.339704978814166,0.31005855108246,1,0.173712906946298,0.123128022951987,0.285726861892347,0.378559257518839,0.291285109441243,0.132316283649315,0.217266986756257,0.172132802558807,0.132592362620724,0.327999482014363,0.320518982266681,0.246217966605697,0.33474742731603,0.204499951556278,0.157079182532373,0.292081144981413,0.276299227604096,0.362347922902016,0.25686124117207,0.28768149293784,0.332828524937781,0.210465001390259,0.224384671956226,0.387708320913513,0.171411973889518,0.135672468605307,0.172629798519212,0.143840101540155,0.262454976552037,0.168551213817049,0.223146904870602,0.138050621102301,0.192303394807685,0.331864233865313,0.128812505197549,0.137219639137189,0.200020186296828,0.264345006679134,0.166774070672557,0.118878502244846,0.254304048503823,0.422479532235236,0.167733791081283,0.146775519426062,0.147077017682295,0.163199845996421,0.196359708631492,0.219849454643896,0.286296490684,0.172649706309699,0.210777669548032,0.158168546684746,0.214593866941177,0.175869985824736,0.0940414697492027,0.295126859706436,0.267394922793951,0.274087667255121,0.0891926586081626,0.343485882204112,0.208490648861492,0.273397071596685,0.224475901395358,0.167443498757275,0.18833045888041,0.236846464778521,0.211518122248476,0.22184460663394,0.294468700840636,0.387951455762015,0.231991554740266,0.208563725527608,0.18128425455985,0.404389741329593,0.148080263761322,0.210637376144562,0.182300014006925,0.223894053092765,0.132605609379724,0.20776765511878,0.183507973115121,0.216426504998408,0.182977873936168,0.0827074314370092,0.259563931215018,0.384852589179475,0.215429857804454,0.114350445372833,0.38785255192383,0.239119343168643,0.209790825864012,0.0990898355420555,0.128523694415334,0.280233351177345
"alba",0.192229857478774,0.195945400072102,0.185681821473158,0.173712906946298,1,0.196919214356619,0.20978584123581,0.189689395883542,0.181582567749045,0.262721308098539,0.22751102997218,0.245912949827658,0.254834913497192,0.163786823878467,0.228820544215943,0.232556918661612,0.24101402402077,0.230476257738684,0.124930208928841,0.287628289695103,0.18767691650413,0.21837862508803,0.226505989937202,0.236660305448429,0.136302114661799,0.2755745580436,0.154396147740996,0.210272691077384,0.112259368492845,0.119431718850416,0.160370579156454,0.234854854880635,0.293714833721481,0.130353565513316,0.268552706720703,0.163870354582194,0.150954571596878,0.146874454539257,0.163023381035052,0.28661152351973,0.250726619029384,0.200959630927279,0.227997265997108,0.180688163315504,0.204961169128648,0.133476299175104,0.244699326289432,0.151290903993806,0.218166399867916,0.194313417231238,0.233969461526595,0.162337703746945,0.166722143037234,0.177916307714221,0.103746314198816,0.165900638318612,0.343019948418525,0.188334608067472,0.278532396709513,0.131342158081879,0.169278005968145,0.226253049558814,0.289119993095873,0.222310205410268,0.164197149746198,0.164947622289029,0.169850733420766,0.200562292801016,0.118838459622734,0.187425433905107,0.263058330108006,0.132415032675017,0.148797379287803,0.178922771669415,0.257410448631404,0.196519749180827,0.138324402013898,0.147947971234129,0.156318533664562,0.164971650552921,0.180185552792617,0.240478176937938,0.124302242603934,0.148588342818659,0.123895158999549,0.28144962351744,0.315257716856736,0.26899465464714,0.160375447538914,0.277850656185592,0.107631011405808,0.28078724291091,0.124653270052915,0.149152552876495,0.191583749225215,0.215417104475065,0.0836229753682561,0.181626098536933
"aria",0.149960235570574,0.165595165087707,0.122842855996391,0.123128022951987,0.196919214356619,1,0.165976596095587,0.152746619125364,0.14171818800034,0.139267223397417,0.135929551132202,0.12788115104033,0.170523319790198,0.128512553041966,0.157667647140675,0.144793066882104,0.184109931071632,0.199649787182656,0.0920173061271225,0.190027163390724,0.14794352379796,0.200778823962065,0.151677728533888,0.169436657948487,0.125010944930614,0.13207029838885,0.126801606714741,0.163723457652608,0.0881844022901907,0.111506158308994,0.145336198700292,0.111473840029932,0.180360574558616,0.109962101208184,0.118716285236054,0.157779296550259,0.121535257675429,0.12762843454457,0.132149318972513,0.183271062228831,0.114617127619599,0.150377879567566,0.339663418987261,0.155583441912334,0.144453406854345,0.123894362852652,0.106937994581647,0.135044872065743,0.0882540368991752,0.0767381854665849,0.171558029864604,0.14374694208478,0.119031985021848,0.132565728199163,0.0820775801092845,0.171029765285288,0.207574221568627,0.18158126431295,0.15611706091934,0.0979241158737094,0.132366011964827,0.180408292719334,0.209570418343556,0.168114556491286,0.135699987671891,0.151680360702746,0.144037134655509,0.169178476733543,0.0890677783843717,0.168543874627764,0.119725877355214,0.123524831759134,0.126705357705006,0.137796030220947,0.215792559587804,0.147246029936697,0.112942735817801,0.12371903173415,0.142449449310209,0.143470572048929,0.115634585579335,0.161842726831607,0.0996774002015709,0.178370601064609,0.101223039312681,0.269375443864981,0.209374395994703,0.170049451642916,0.147393449864076,0.15003042766505,0.115877789038002,0.174031866071701,0.108120784389147,0.14568977647722,0.116340467239288,0.0893071753205103,0.0567144247279626,0.141050552688566
"auristellae",0.210512079539342,0.312274275983919,0.217918363490814,0.285726861892347,0.20978584123581,0.165976596095587,1,0.2756117042603,0.254858636608053,0.162793283529975,0.24313854529436,0.1690537529815,0.161486553458479,0.267622117502463,0.304198490296017,0.226454296953344,0.252213648175092,0.264623876585675,0.163657544526038,0.289991609790457,0.253631575255145,0.267531677923067,0.331639196744226,0.279579541117713,0.222341824773151,0.207007461707788,0.204506454219817,0.301018503508274,0.170139481701151,0.174103634643534,0.188285677908449,0.154405568106889,0.309876962127946,0.202067150667106,0.236657459917329,0.160823686690928,0.207307235624262,0.233850887557256,0.148929951052457,0.157374652817801,0.183515099423135,0.265779582058386,0.232459575612942,0.129440553707315,0.244412332803032,0.24943926788095,0.14660812511497,0.16036348395257,0.149430065889883,0.150491576613079,0.297957969374088,0.204244249804229,0.387856112648943,0.222429702128605,0.156797494016387,0.152814245190409,0.204215012558764,0.207057769807856,0.153501587415444,0.186693360558464,0.271412244548836,0.273095603003518,0.161917604504672,0.285609785588823,0.227255064797479,0.236957911297285,0.245703011950201,0.191373750576486,0.204194681828616,0.311440097519268,0.230273786782878,0.229555150848797,0.229759361972639,0.278887663170145,0.274433251017093,0.250850460260715,0.179261476645168,0.235763795378246,0.159875499270129,0.206569169073934,0.228691979594211,0.238048587749417,0.149108203621311,0.212487134336545,0.173128713674032,0.197820161384846,0.221260161663758,0.12336467727286,0.187711783806335,0.292760168138342,0.183946716038826,0.159550187578975,0.222628541939281,0.224319917598715,0.241055727255423,0.105071800985048,0.120632901086235,0.309265865520199
"bourgonii",0.217079702287683,0.343838040873642,0.284144172757416,0.378559257518839,0.189689395883542,0.152746619125364,0.2756117042603,1,0.271366218449699,0.1609095296233,0.229286991185515,0.179842945987528,0.170336116451899,0.234708621971326,0.270113288853534,0.259541950236047,0.371714508528401,0.219364271847395,0.155567591125869,0.262255895245438,0.246096994399783,0.36669108708676,0.280860715144909,0.303571397755277,0.344637710683487,0.238554160826976,0.199797071956506,0.421111099468423,0.155456690919825,0.164367404593453,0.175303793566589,0.161701562902234,0.271268290047771,0.163867906500232,0.242433281821302,0.177157900063724,0.226053971773852,0.296911191426823,0.152837296515995,0.131451432647739,0.173506835584731,0.263365784145977,0.223580297691417,0.119881716457868,0.223036018887434,0.357621783982402,0.174439538135313,0.156023729740574,0.1546281838883,0.145176316190847,0.22083933712415,0.274660240571998,0.284763639171262,0.172700130751346,0.188170136588244,0.204857508270775,0.260931166757549,0.206612483870155,0.160460185952446,0.211983101472785,0.246063375685289,0.278752133255613,0.118947938661466,0.350089277797508,0.292709834688852,0.229542433353038,0.248275760027064,0.170971160464922,0.171586385278089,0.275616669282654,0.219803155757544,0.219853567162369,0.286183242484371,0.374426232571974,0.262966397102055,0.235990635271602,0.19175747834125,0.390386727999971,0.155081718501976,0.221985366651493,0.20977500272209,0.232304209457982,0.17029563936274,0.231016566784261,0.195381691669732,0.270956474530203,0.219647292822213,0.106813114299504,0.268188066280733,0.353501704068094,0.203978438588252,0.135735153848082,0.355812610586603,0.229612666743185,0.272824507372081,0.114126987049836,0.103834603067412,0.306558854799628
"brachyrhachis.aff",0.195131366750496,0.297735316517011,0.216387713365416,0.291285109441243,0.181582567749045,0.14171818800034,0.254858636608053,0.271366218449699,1,0.166375581808368,0.192953263428468,0.178481182967072,0.133881282725949,0.248542767671243,0.280482311054144,0.256924814164461,0.244574629407093,0.189480467292609,0.19343122814722,0.24138440929941,0.257292585527375,0.248778553108091,0.2286173763883,0.254582960623182,0.232960728774361,0.250635972463356,0.166156863326565,0.273421054665109,0.190662273325237,0.161168835152473,0.163755429914771,0.178558005602538,0.230136379182908,0.190303633074481,0.236004294575394,0.15450770485971,0.178683319878598,0.276843908893248,0.134278606703965,0.116487844460623,0.1966895905131,0.226950280474028,0.156754275548417,0.105967012941032,0.289167962636189,0.242164630121505,0.158616513445855,0.135997489398795,0.145157419013498,0.136579802557088,0.222161406111323,0.212871278921011,0.272850206462832,0.173003196004062,0.209085272013228,0.176772135833505,0.174082584904459,0.199994063163087,0.129045877444853,0.206393170538001,0.277131052996043,0.246781860453353,0.100073837261525,0.262688176906832,0.227315795793521,0.27580905500975,0.249163910068563,0.156144689845954,0.179369092046364,0.253718106220865,0.17262750084233,0.25312511699717,0.189204011429436,0.254308056423445,0.205093037757447,0.206139713244319,0.200484296171822,0.259254367969877,0.130723358374493,0.174851646413544,0.2142765036899,0.201297587519712,0.166935619914396,0.192235372193823,0.174234302093567,0.178202214828197,0.174212314129162,0.0925806401926975,0.202837054385928,0.253474136957119,0.172941645746492,0.142526897082694,0.216838464192774,0.273991940786628,0.211221252082765,0.106252497374508,0.105033203018238,0.232983121164588
"brachystachys",0.139591664977434,0.162624721414723,0.082158039123976,0.132316283649315,0.262721308098539,0.139267223397417,0.162793283529975,0.1609095296233,0.166375581808368,1,0.320625623045472,0.260393833367073,0.256623113539103,0.139461129090352,0.160082064462384,0.161288131806319,0.16008034143,0.156215826324242,0.0975012281919624,0.148479459688398,0.144335933946683,0.148272166740776,0.141850074782392,0.160853959405539,0.120201151150002,0.291267788383646,0.146867843384104,0.161335661693448,0.120868867670091,0.130527057926747,0.125966575233856,0.388524904604698,0.147259741323131,0.106105655030821,0.302649221221595,0.182996681350539,0.122146423631973,0.110626903944258,0.128633306977225,0.112933156513226,0.313549365655565,0.151421980917394,0.143186394029782,0.112367208192078,0.157033572641278,0.100552501994992,0.386601236593219,0.106962501597555,0.242747015809298,0.219000187815259,0.17329891312499,0.134959091383081,0.130869785339944,0.118179699024137,0.11515500743705,0.165488364470706,0.12725406884578,0.14646711143076,0.271835204411314,0.0909626693022413,0.146301106368949,0.141605877125462,0.119451069862791,0.147523830983385,0.169701229700543,0.134087141149698,0.15089608022502,0.155882863072836,0.0931317106493553,0.149550983272758,0.295491095445896,0.14216697558252,0.136370705070601,0.123080969188262,0.171436849432238,0.132033541600433,0.116601775108211,0.107816097385778,0.117578158018877,0.133669925421173,0.129121030512718,0.207341276331643,0.0911853746935043,0.125777598759132,0.117398525928425,0.145301916027234,0.17295812940761,0.112131697813932,0.145141621637662,0.255934153360425,0.0908923116446386,0.351432504398616,0.0959129353247807,0.15395130231607,0.11591323264473,0.338768128070462,0.0764231171779914,0.147514472168638
"brachystachys.aff",0.147337069787158,0.207254288840588,0.213690438876659,0.217266986756257,0.22751102997218,0.135929551132202,0.24313854529436,0.229286991185515,0.192953263428468,0.320625623045472,1,0.322643778796385,0.202635210485355,0.192307545119611,0.231115355691975,0.157997092102333,0.210145148712795,0.15063701761468,0.142260015260162,0.207400512142624,0.176915228782384,0.225064179871737,0.179412964333646,0.190922842403276,0.270450157185592,0.330818467461728,0.191031997361586,0.241455226298523,0.12055217866258,0.139508971236442,0.128355486499732,0.313349711399191,0.16011721392826,0.168109132650241,0.382745196068252,0.119657096230907,0.142802997429158,0.191171095315348,0.0959095492459639,0.0907968616098939,0.345465457622597,0.256069490951135,0.202732525520108,0.078375539306144,0.194052359677789,0.237001564993248,0.314936561053687,0.172581076587977,0.253231052623787,0.246579388546822,0.171215535779575,0.147671519024681,0.189307440740407,0.126222624508601,0.14794289286226,0.121657977812189,0.130246916123273,0.150116422221821,0.194986744250058,0.169107424474016,0.167156619314145,0.176765991762832,0.0572909983046959,0.212321556557433,0.125371581664029,0.212843180753862,0.167268821522529,0.130406655478666,0.187136175969219,0.174193950588482,0.42573750420482,0.163735280524488,0.237488783411903,0.226680124730289,0.169783656482835,0.185406891696043,0.124269976340429,0.208219579748372,0.125630316630506,0.164206505200415,0.141249501057762,0.187425135112271,0.114323183445251,0.149672326792896,0.134729291114529,0.159104813517939,0.164417088359847,0.0634645907749636,0.152655727948966,0.349146942240572,0.235297463458571,0.267197546713958,0.270028873014522,0.200497695131173,0.148452411278914,0.276459994121445,0.0841561069740194,0.233121632188933
"brevialata",0.174963559096373,0.178562133685494,0.137453763887021,0.172132802558807,0.245912949827658,0.12788115104033,0.1690537529815,0.179842945987528,0.178481182967072,0.260393833367073,0.322643778796385,1,0.225523275507456,0.147626875598161,0.156044428819874,0.152351956067918,0.186191126055985,0.160134238956715,0.1367551816543,0.152269566059726,0.138237614185563,0.173634326972542,0.155036150218849,0.174187284094703,0.134542037013283,0.297573828684298,0.131481505269862,0.16916958985787,0.166560604882849,0.110666139934218,0.118123883560607,0.283288808523547,0.152305977777696,0.132410785976256,0.29305893482842,0.142587144719209,0.161374941822014,0.183187335862321,0.135057054896162,0.0968580384899588,0.278829792016879,0.178026784965161,0.133568560850745,0.0836047329937661,0.134015960923827,0.149761009775028,0.278574658150787,0.141306742753523,0.274990274752356,0.238892323445788,0.149282669995646,0.162140503473362,0.168755859045034,0.105854217766428,0.141323743561665,0.15611802065861,0.136645073333317,0.140147806743768,0.200623050871873,0.144155566176367,0.147415278173087,0.169388715409296,0.0981648836375466,0.149714524469317,0.151923141797384,0.164006636770082,0.155641224391806,0.138894499417106,0.153213614275063,0.1510474817572,0.293380962399747,0.144407130135363,0.132357282018947,0.159690460770559,0.149172492206232,0.16070855001276,0.135999217510167,0.15538067806173,0.129695852202311,0.14065817676442,0.128894477901083,0.180984356873244,0.143893022988312,0.118274065199507,0.124433804835975,0.143655740734038,0.121667991959145,0.0870639979041943,0.147920855425914,0.305452530863094,0.12935466234516,0.259317222893736,0.1329066967315,0.153938549738249,0.155878724832922,0.23336175690298,0.0780224500606651,0.186394390780787
"brevipes",0.143890099005062,0.167065898733914,0.0934994508326822,0.132592362620724,0.254834913497192,0.170523319790198,0.161486553458479,0.170336116451899,0.133881282725949,0.256623113539103,0.202635210485355,0.225523275507456,1,0.137247427249718,0.148060498844949,0.164477578659072,0.179988177375606,0.185842055730462,0.120606686668426,0.161876626582805,0.170988554271898,0.190324310978947,0.162877487064059,0.168488107229103,0.141524896465395,0.234097920951296,0.16483840812051,0.177088653553339,0.124300076151978,0.132653570741074,0.137091242971701,0.22461071600845,0.182024822276172,0.140829496214214,0.251633755526753,0.126656150342438,0.145731593485166,0.122645287245203,0.166767867066254,0.118487835632543,0.208068207914169,0.156066886707869,0.153000053079066,0.101925046792198,0.145680484365258,0.120636208777802,0.224217862682654,0.116987924681164,0.224009693098343,0.180336279995333,0.173829134380203,0.165843567104537,0.139423746791636,0.118907051038601,0.11740979016846,0.186325468703427,0.14283828600649,0.154205903174841,0.207128919303858,0.119856150504686,0.152377862555645,0.150365265380475,0.119447166020894,0.162242541377063,0.172505390016981,0.145498571607868,0.153343365675509,0.152647656947876,0.104893695119068,0.153884819127602,0.220543943107607,0.116812705277009,0.132959335101384,0.136719601029675,0.1901556370244,0.162868247624706,0.115776532605202,0.122904058766422,0.10665129762962,0.144421476187957,0.146712789773254,0.196902267750378,0.129495657532546,0.131884450218462,0.123546171544848,0.154453944210013,0.152392936613071,0.133450253891673,0.139904161031023,0.24734130214933,0.114780079180057,0.23262311328955,0.106884286617518,0.133699638943875,0.15024271406709,0.201672663449619,0.0777435456183397,0.159131054298045
"capitata12",0.273093336144823,0.2927963151597,0.200752000359552,0.327999482014363,0.163786823878467,0.128512553041966,0.267622117502463,0.234708621971326,0.248542767671243,0.139461129090352,0.192307545119611,0.147626875598161,0.137247427249718,1,0.313906442777596,0.223014114347093,0.206467487558534,0.194920984405767,0.197877811859532,0.235799499188141,0.267017433929535,0.211567217765234,0.270122138065656,0.285155277576616,0.179895111652968,0.231238368914001,0.175750633611074,0.255846793508336,0.177968348371343,0.143473919700253,0.213988341218012,0.176802262158509,0.221076323064258,0.203872877952735,0.182436738777753,0.158237442639521,0.245284655527722,0.231440837492065,0.119220446002577,0.140658309749514,0.262161863278744,0.220237549257424,0.147361779398107,0.122004652333552,0.24810164841505,0.277760678358466,0.18328784879541,0.122201984061683,0.190802950053866,0.129880424687422,0.209019327116307,0.200600098992344,0.25365613440435,0.16494045266904,0.166440272527131,0.13995652071114,0.149608008221762,0.17817581912673,0.103507276524302,0.192110382299382,0.291293032250525,0.231698371767648,0.108947910060207,0.252767100078247,0.197552081281985,0.308330328767575,0.2649785534366,0.173257779089018,0.18395684424304,0.235600893455427,0.174650207294493,0.243460318698951,0.18402321904943,0.234187907509791,0.194765624992075,0.188307229258889,0.165998473492949,0.225543764830315,0.139180395744788,0.179729771081778,0.245480882852256,0.240317803480918,0.135579109177646,0.21590106601212,0.234233338017883,0.144519439638721,0.175884079832903,0.0937851798090245,0.197888969963737,0.244883756615224,0.156718984833878,0.130909362745912,0.199375427564441,0.260496607762804,0.185609311433566,0.0943191758145326,0.141309533987163,0.200935994227979
"capitata33",0.263366031075021,0.279453192989377,0.255222492015182,0.320518982266681,0.228820544215943,0.157667647140675,0.304198490296017,0.270113288853534,0.280482311054144,0.160082064462384,0.231115355691975,0.156044428819874,0.148060498844949,0.313906442777596,1,0.249879134944578,0.237843335426503,0.212634824462724,0.16466922450469,0.273661820165908,0.26837071350827,0.273946032444461,0.295165821390318,0.338528967710548,0.226187334886784,0.217434502228998,0.193580799737895,0.310939370290003,0.163843448890495,0.17234026167853,0.166394994071923,0.198860703664976,0.256212992407211,0.17227783781228,0.204031849557956,0.210970957255074,0.220795031389485,0.262354125432021,0.122483699615886,0.145720848513299,0.210253641185221,0.264535310727469,0.185486562557319,0.118665985603883,0.263873334812926,0.263781529712963,0.184395538759689,0.146575078285572,0.217335635562109,0.186719737270552,0.256662840512794,0.19292830448614,0.300504612414975,0.167151334659486,0.164393029815717,0.155833510102097,0.184324173380178,0.197746435150386,0.111300058990828,0.254977202681629,0.247431209263634,0.263463512170356,0.11103220739991,0.276682494126535,0.201978174630391,0.316471446223846,0.260636282219505,0.202098769994058,0.183826454151844,0.268896145905922,0.205439112315582,0.209626878491441,0.229849101334163,0.29325424348717,0.254462339547797,0.242124660695769,0.180751823503722,0.234356976461204,0.154834306241843,0.193075825013514,0.218676143318277,0.276337946220362,0.142050140347221,0.20946169449547,0.166786854281257,0.191834364752672,0.201704529912461,0.121105052270465,0.198120487094931,0.267715291414507,0.183685438378352,0.133254817824046,0.239115853019303,0.210604511549552,0.233846839830899,0.120187788599441,0.129583265860077,0.267017711167291
"capitata35",0.169699041332714,0.264246559466744,0.244853110024851,0.246217966605697,0.232556918661612,0.144793066882104,0.226454296953344,0.259541950236047,0.256924814164461,0.161288131806319,0.157997092102333,0.152351956067918,0.164477578659072,0.223014114347093,0.249879134944578,1,0.218840904226567,0.197728029625566,0.157193506767959,0.20280135655026,0.229271716288804,0.235186229004302,0.208955931272214,0.236581833130369,0.179792263509826,0.196423738625462,0.177182663251074,0.239626652104789,0.173148397962659,0.155441381223656,0.13720607406773,0.169527353743314,0.251169369322437,0.190522019282562,0.186269389121641,0.13498999820647,0.169485699235566,0.261632797418964,0.154881763475325,0.120857900238172,0.138654446619566,0.21653796079851,0.149782509023736,0.117885051281708,0.223305826068384,0.203447495928835,0.153652906015592,0.132218533973013,0.131746350066637,0.122609973178936,0.247961883359875,0.176512768591863,0.210020885442597,0.161450560735855,0.185223865357622,0.152916552994372,0.168765794314543,0.170224664130308,0.120317779374395,0.209552100588283,0.248928103825728,0.252027285622889,0.144320151828353,0.266519329452499,0.204878655569739,0.21757940355532,0.259861733520341,0.181345603632528,0.18236408418327,0.219446795548205,0.149435272266364,0.190623853659838,0.177213376765565,0.216677931237878,0.232676372872756,0.231265515094738,0.223061069829477,0.24219790591496,0.12624840372369,0.170045713433759,0.201109087658892,0.193883423695366,0.152425943866301,0.204950661709414,0.16660665344504,0.249537981155339,0.189827925120749,0.109819652800345,0.161228385658511,0.226981411115898,0.193303530380218,0.148567839799544,0.19293119282588,0.221763807938021,0.272942730658865,0.0936732020798703,0.113527284293838,0.211827114645539
"cayennensis",0.21203057286236,0.303121796790552,0.274076966684368,0.33474742731603,0.24101402402077,0.184109931071632,0.252213648175092,0.371714508528401,0.244574629407093,0.16008034143,0.210145148712795,0.186191126055985,0.179988177375606,0.206467487558534,0.237843335426503,0.218840904226567,1,0.254205565191138,0.142026844253777,0.284377291586265,0.202044268095343,0.355536850455899,0.290711023139641,0.272397141508163,0.340022599057803,0.225964099198504,0.202937013008315,0.372321124963068,0.131077173784497,0.151355025011746,0.17342976523886,0.147440260430942,0.259493927678242,0.14277869007768,0.237378008316605,0.156495189206497,0.218584402737208,0.279974325254651,0.163593650922778,0.199508785596127,0.172872766240075,0.239652776202743,0.250553118380018,0.223718846421038,0.237910614930243,0.357822187168691,0.175523427761862,0.16720363816221,0.129289761192865,0.116116750984992,0.233817927056194,0.244313580191417,0.207614983899831,0.178657189980928,0.189716743609913,0.209366825780173,0.33617497453497,0.209109453927106,0.168864405638811,0.201646659347454,0.218416815103994,0.238167672405818,0.167652918064541,0.350397582730927,0.224870711242771,0.208132949868557,0.22808012697333,0.196285075626519,0.152068704365933,0.208665686521186,0.229786491139986,0.215284880448644,0.276138563081383,0.381621704126757,0.29084030323165,0.223302237500046,0.181055910546758,0.387056635045466,0.157222871552435,0.239860065171171,0.160484478318776,0.234524049803665,0.198465867837352,0.180288333458176,0.169879788022578,0.290809552876829,0.291216053555583,0.171200285850253,0.250700768182147,0.319511979691831,0.188056089376419,0.152902106167503,0.338514739288792,0.182273807502488,0.210830380271351,0.116270672027009,0.0800474475044865,0.288403867597666
"chartacea",0.22694898267764,0.249593206990162,0.144973298102708,0.204499951556278,0.230476257738684,0.199649787182656,0.264623876585675,0.219364271847395,0.189480467292609,0.156215826324242,0.15063701761468,0.160134238956715,0.185842055730462,0.194920984405767,0.212634824462724,0.197728029625566,0.254205565191138,1,0.142982084572979,0.244589010957181,0.213884998672767,0.263766151139411,0.202190320432758,0.256636422445799,0.185374748474815,0.168760017877693,0.197102879969685,0.211672625300129,0.12460175658466,0.180560783132025,0.190808334434612,0.130354497088345,0.270368734490711,0.145458057558771,0.178304911423557,0.14844324765491,0.165651620864554,0.17633279691068,0.204374531626395,0.196768369410154,0.138739887963374,0.219257238802417,0.224267067426284,0.180140103061148,0.205832191930278,0.164798771948141,0.147001558171616,0.189815766550212,0.108215475519866,0.137464210025678,0.21899430923874,0.243863537665246,0.213213376626821,0.228039319966348,0.169221700228907,0.23517969376552,0.211747670203096,0.218633899140278,0.154111339525869,0.152823464487234,0.21622208656406,0.28712074673529,0.199771381579232,0.243374546224991,0.219515799046468,0.201869899400641,0.226675377381938,0.240079010811819,0.177711877589127,0.21985002837497,0.234804117288294,0.171330365667379,0.218072671147492,0.198950867127415,0.221253534667906,0.21568528235416,0.139225558631077,0.16377128346492,0.193634556944265,0.210224656537991,0.163899634630521,0.224368266328474,0.125928466714601,0.176509795660757,0.126078574653005,0.26420416345395,0.245229363902559,0.152793403044097,0.172071960483539,0.216025845509688,0.164750436200556,0.191731570236352,0.178433792776973,0.175619648402095,0.188293422864838,0.119843040864532,0.10946317809952,0.235920830974955
"cinnamomea",0.149286271089624,0.180630307928952,0.123985098640727,0.157079182532373,0.124930208928841,0.0920173061271225,0.163657544526038,0.155567591125869,0.19343122814722,0.0975012281919624,0.142260015260162,0.1367551816543,0.120606686668426,0.197877811859532,0.16466922450469,0.157193506767959,0.142026844253777,0.142982084572979,1,0.141933000026509,0.270749512666314,0.157199396735399,0.173899914968589,0.176313880640399,0.144735102835225,0.207525189348017,0.17205619032284,0.187880149205851,0.137591818465925,0.120145983598716,0.161671343712206,0.141030473356609,0.173052055512952,0.184148102292591,0.183484530012151,0.127103107227752,0.145694453961378,0.169037338187267,0.127936085624289,0.0857685185962525,0.134020723250279,0.167812822763791,0.107643897173703,0.0793799758728723,0.185558350882562,0.142322300421765,0.104934845448437,0.154757027642977,0.163352106323216,0.100734288629132,0.154141238886261,0.163016050227756,0.146674741965325,0.103231536081364,0.129547062413169,0.106938410300276,0.101741874385609,0.156835870169395,0.0898762074167218,0.158444463110304,0.194039400315787,0.163254341414306,0.0892678246217656,0.148560483500708,0.16343845477734,0.177529749531254,0.179039559951704,0.113706548438018,0.144953384039874,0.166938256818698,0.113579800967749,0.144145014896124,0.127244915074079,0.164619789444093,0.139021741612088,0.150892059498991,0.16458276842687,0.149352705115135,0.100279690453195,0.128043806917167,0.172502335574214,0.152617586989402,0.133421331080806,0.130086049932324,0.197497660348048,0.120274527419436,0.109877625603288,0.075695132373643,0.12186986522097,0.178060175618642,0.143161217016137,0.118894382247576,0.124087692655943,0.218514662275017,0.151782649595923,0.0905845808665589,0.089731950540147,0.157944874436117
"cocleensis",0.227190096304943,0.288235945070391,0.214485495189529,0.292081144981413,0.287628289695103,0.190027163390724,0.289991609790457,0.262255895245438,0.24138440929941,0.148479459688398,0.207400512142624,0.152269566059726,0.161876626582805,0.235799499188141,0.273661820165908,0.20280135655026,0.284377291586265,0.244589010957181,0.141933000026509,1,0.270246345667097,0.352101404376283,0.274315452928399,0.292150497877821,0.274488709584777,0.219621268627781,0.195911673539015,0.302417792412039,0.135912086246666,0.138543722897942,0.17627771022597,0.133985160743683,0.327348679129935,0.166576666903937,0.231525631120591,0.146464434498436,0.22181546077251,0.231286667946684,0.140060874256431,0.199113856190321,0.172299442232796,0.306998334671021,0.21650182515086,0.196237087548696,0.265687448077399,0.26954784566858,0.144599128648701,0.150153340130524,0.168584293963301,0.139688687457961,0.243056734523256,0.198259642042448,0.207971467637979,0.20533217357711,0.172467589886108,0.190159239531635,0.245483741147916,0.196564864018646,0.205727806579767,0.20514143845539,0.251451593579954,0.328906433444679,0.213541473469026,0.334523870940259,0.190339970608867,0.241392071471196,0.20288320828217,0.178249316383463,0.158175990333769,0.202881142753463,0.235461806825623,0.228171374158789,0.205746723834595,0.263422496914118,0.38827847609403,0.21251599629015,0.150715005400996,0.273407286259591,0.148162782465666,0.200566288357199,0.192433141870308,0.241687140547385,0.119303067955764,0.221837402621166,0.189681562047431,0.244682007792129,0.279390527428137,0.14765504628224,0.218885710219191,0.266315603611161,0.17309093561122,0.151868354481321,0.2179184780286,0.211322146772654,0.192798894213872,0.106475523656063,0.0907686627782835,0.22762059712365
"cordatoalata",0.212904986913778,0.266615731745705,0.167384840461219,0.276299227604096,0.18767691650413,0.14794352379796,0.253631575255145,0.246096994399783,0.257292585527375,0.144335933946683,0.176915228782384,0.138237614185563,0.170988554271898,0.267017433929535,0.26837071350827,0.229271716288804,0.202044268095343,0.213884998672767,0.270749512666314,0.270246345667097,1,0.259873672921635,0.26826447771603,0.243934602027391,0.210760931274224,0.298203864768612,0.184751127927716,0.291094208051085,0.168153006139353,0.168390633563722,0.21381754318856,0.169492345401106,0.25518904033525,0.191043704326969,0.266567940445667,0.178913591402185,0.179750901987379,0.209543954341821,0.142232384682249,0.139108195397773,0.176040274249428,0.24154595055434,0.143624913184064,0.125709631049934,0.257956869595771,0.21388553129997,0.148552465144922,0.172468588852792,0.140557321302128,0.229781981458532,0.220304882898438,0.190172246086109,0.22080250175235,0.162768772011679,0.1713547972611,0.149623476079165,0.163004313663984,0.191495551195485,0.115135101041449,0.183619410762371,0.263400892119277,0.292999773408578,0.106957405791915,0.246441617552391,0.193322583918484,0.235901290439158,0.22389841053952,0.181320972797918,0.166699992565738,0.231185688156911,0.177640599893899,0.210596415820845,0.185898794488391,0.221565115329755,0.207817538937048,0.227432035706679,0.172576019157833,0.199654314525565,0.152108261630549,0.209114979856793,0.206424622311765,0.201676149027528,0.151157990265659,0.208175494092216,0.23560988337232,0.15234911833392,0.156362703139354,0.101110745761975,0.172998232093655,0.247206583633602,0.175699709500646,0.1452507664006,0.181518223834046,0.264009779721513,0.2013856846899,0.110383858848443,0.117016584392407,0.205650824668424
"coruscans",0.198456048199797,0.306774340517419,0.266011180514571,0.362347922902016,0.21837862508803,0.200778823962065,0.267531677923067,0.36669108708676,0.248778553108091,0.148272166740776,0.225064179871737,0.173634326972542,0.190324310978947,0.211567217765234,0.273946032444461,0.235186229004302,0.355536850455899,0.263766151139411,0.157199396735399,0.352101404376283,0.259873672921635,1,0.269503701846231,0.278339610639046,0.295137163707967,0.210293572191869,0.195208727029214,0.396139408062361,0.138513926928315,0.16480176819247,0.155015039600089,0.165135465830733,0.262661305657551,0.170265333039246,0.242193981867068,0.145818074949419,0.188006396165979,0.275699227394315,0.142790799919347,0.172274843544894,0.14701375333093,0.26737188624867,0.232394049042174,0.158638546574127,0.234580004160225,0.330033132238469,0.173790269180346,0.153583470047144,0.155994641794469,0.127609118130041,0.228420088897442,0.215619980353819,0.230330612361104,0.186593501306959,0.179504362608409,0.187372710894209,0.264837652281916,0.21411369659789,0.131774745385627,0.215599250939057,0.252572105563513,0.296273169335741,0.141864862411977,0.383594804507694,0.232750743260719,0.238361620761334,0.224006469347514,0.182524400818221,0.177306037230169,0.235565691960774,0.199011896488239,0.209736043360394,0.265685191883986,0.369567201190433,0.301718736497877,0.24293161320602,0.164058956657355,0.334709644995178,0.154394034212573,0.208577307033683,0.16804001613165,0.21651055347837,0.13575012315562,0.239011995624376,0.178909207687487,0.321440995020493,0.23579493525641,0.140956832232474,0.279007736098284,0.320284597394119,0.229843588008632,0.203843072893775,0.312944386714644,0.184277366804641,0.258512469031991,0.104367758047577,0.0886833611387248,0.271876145719035
