"","acreana","acrocephala","acuminata","alata","alba","aria","auristellae","bourgonii","brachyrhachis.aff","brachystachys","brachystachys.aff","brevialata","brevipes","capitata12","capitata33","capitata35","cayennensis","chartacea","cinnamomea","cocleensis","cordatoalata","coruscans","cylindrica","edulis","fastuosa","flagelliformis","fosteriana","glomeriflora","goldmanii","gracilifolia","grandiflora","heterophylla","huberi","ingoides","jenmanii","kursarii","LA17","LA41","LA48","lateriflora","laurina","leiocalycina","leiocalycina.aff","lomatophylla","longiflora","longipedunculata","loubryana","M18","M25","M27b","M30","M71","marginata","melinonis","microcoma","multinervis","nobilis","nouragensis","obidensis","oerstediana","paraensis","pezizifera","pezizifera.aff","pitmanii","poeppigiana","punctata","retinocarpa","rubiginosa","ruiziana","sapindoides","sertulifera","setosa","spectabilis","splendens","stipularis","striata","suaveolens","subcapitata","T18","T21","T29","T50","T51","T82","T85","tenuistipula","thibaudiana","tomentosa","ulei","umbellifera","umbellifera.aff","umbratica","velutina","venusta","vera","virgultosa","vismiifolia","Zygia mediana"
"acreana",1,0.218300354318995,0.142997690367275,0.190820406293925,0.230120342015459,0.163480313221267,0.179316007666594,0.19391934191624,0.212354833266273,0.172030963674722,0.147725125136502,0.166583014020907,0.180005879487672,0.226439514527118,0.206701716637769,0.201554868529544,0.154039666612702,0.209191591926198,0.150273841266095,0.274686564252927,0.208096780882295,0.199439535861735,0.199816462715834,0.236572646713188,0.162507756614913,0.275968879735782,0.194381755507061,0.223249308576085,0.157676354560196,0.133260213273642,0.226068764922304,0.173389442181711,0.31142406250302,0.163286470514141,0.275132463585869,0.224364936139719,0.158966584242076,0.178172711297329,0.206289880111515,0.334072425740629,0.243811873340948,0.185693416991536,0.228237240984356,0.19997655768679,0.227567406198429,0.221990544450941,0.148897147426304,0.259438320912182,0.260958682695186,0.168552514566189,0.165539765023697,0.168357129887979,0.225429384912482,0.206935548403175,0.284572880816229,0.134023291078822,0.242568156713458,0.205535000007875,0.336277729757108,0.162475531013567,0.197562757858475,0.239650525884665,0.212698511601276,0.203341643114925,0.18924259426059,0.237069238637425,0.204389162111012,0.220884609542094,0.192390548936536,0.256404399470942,0.280563525294729,0.16640105854831,0.224210225402042,0.190566087973667,0.162033335718558,0.193460687575977,0.219834772445587,0.153164515013915,0.194972398036751,0.188337182833197,0.172654453580267,0.27326743300297,0.227636895716512,0.27362400520246,0.125941292922378,0.215772047463146,0.191368445620046,0.144212711239424,0.112402197320738,0.258609131218604,0.189878000333734,0.186872883368208,0.105763005494695,0.188078848174267,0.229365570724384,0.145191141330219,0.172676998854505,0.350351035786384
"acrocephala",0.218300354318995,1,0.158075679885608,0.215885722222154,0.340152859888399,0.233730067842895,0.19280469536866,0.210774544037689,0.31358389276025,0.191035396003123,0.156843177015262,0.179404650912055,0.253516792285131,0.283542507847102,0.234893531668533,0.244780561776869,0.24260049391835,0.315469327140669,0.180327686805153,0.302987641879803,0.399541187446229,0.207973096588545,0.358121584968151,0.21880959569998,0.248052332248038,0.137425838673282,0.288686825180161,0.152658867052479,0.226201762928992,0.126258443465984,0.272420013667372,0.16667631957369,0.256252228749421,0.270922438725313,0.274967402216113,0.363904685032324,0.346356166805242,0.299199615926053,0.123570922144592,0.208977488158619,0.213017581761081,0.261948270442409,0.212295841136467,0.382385611701045,0.388710503278828,0.325364040187248,0.211156117063796,0.201999658837425,0.108166542926946,0.31059862924407,0.142780257077467,0.19247272943169,0.263805170269282,0.333454486678881,0.143615650434694,0.161453819322192,0.313261411513319,0.2137757994007,0.188902015813381,0.225755330298128,0.213069738624097,0.259379008636832,0.318441169705624,0.322978604688882,0.215556555067656,0.277053219156807,0.233796418956643,0.315081354177491,0.15398205562283,0.271357676560782,0.235974001982093,0.211787851201431,0.235396246493909,0.312095794555641,0.217646069463852,0.304095367955496,0.145814862021991,0.101735849565819,0.284814676089373,0.294090395005788,0.21378845255615,0.201055783546835,0.275756640821447,0.167251721499923,0.187629452700944,0.336709854593099,0.312329774024139,0.155840396863645,0.104401748845185,0.258534219168295,0.285120545127767,0.219889236531364,0.0924162566081199,0.300367751798742,0.296635878797872,0.178170983220499,0.156721840042561,0.206910901109235
"acuminata",0.142997690367275,0.158075679885608,1,0.191113984367176,0.144465867531821,0.151102136244671,0.160713121353228,0.1737092169693,0.181900880817515,0.152763749956064,0.104498157448092,0.100595680796675,0.131711596232921,0.155786055878051,0.178010185232052,0.183429950530582,0.174966533639912,0.162017380562362,0.145652530233121,0.115189248194209,0.149812694103856,0.138013102667255,0.135418772254148,0.163617828642575,0.132757981119606,0.11371779056336,0.105098359684328,0.128616235610299,0.118431844864917,0.127744491888733,0.134779122421714,0.125244364986559,0.145399818395753,0.130331403601785,0.10690496844941,0.148046763157878,0.14738254728075,0.136610035545277,0.0865929473623987,0.114437318372746,0.147443828822328,0.148719052963636,0.122862714024425,0.189387428706614,0.166204646008683,0.161477979341624,0.0973455612174955,0.102767378127571,0.0700287696344754,0.148463274053168,0.114600360506787,0.150828014871259,0.165582027998651,0.160778807256219,0.0896928328777807,0.112702667762576,0.120429870145591,0.135115685209634,0.0990184734734024,0.131661119343202,0.162630477619893,0.168400381976918,0.156849298542332,0.149659108198476,0.140183084354667,0.168825347947678,0.15521734526855,0.231937002505257,0.149382561875115,0.173607002188482,0.114899754378716,0.116957966424515,0.145038811234683,0.154818259463305,0.162751903981727,0.193903386516778,0.113136681191419,0.115736626320157,0.169203121681941,0.199784831954959,0.126795864184715,0.115132378383008,0.133174978537215,0.115237139672754,0.142621348212184,0.144095878185849,0.155110527959258,0.12241187576823,0.0824815371184082,0.135482350000427,0.106909881338051,0.109438449011185,0.0934458437437547,0.14572709495596,0.175408887259096,0.069554594228368,0.100073124850852,0.14234043999056
"alata",0.190820406293925,0.215885722222154,0.191113984367176,1,0.21568751338484,0.179214421141156,0.199701333295256,0.204843723239214,0.281335426754361,0.141544084272375,0.184603609792453,0.297216299151666,0.179842437657663,0.196036008288406,0.249100808194831,0.244146727678434,0.200333612763323,0.213152577433728,0.153494087608589,0.177776049971557,0.232561998365272,0.214746486575364,0.232342189922293,0.191089368641204,0.164815205250824,0.136562080253869,0.172094039905394,0.125969808774862,0.180852059731049,0.168676294285858,0.211987576418055,0.1653387887054,0.235876776732796,0.162892739733798,0.210075646336827,0.199631881389447,0.177579352903574,0.164206879392625,0.10219613885122,0.145305014319484,0.290398121132717,0.211211971757528,0.149345511749672,0.24497021722855,0.230714452774629,0.3290563298147,0.132171809911442,0.150906074830102,0.14814305061457,0.209811713513425,0.145899506129468,0.161845159585358,0.282908324531478,0.202756679527476,0.139228465297461,0.298969253625457,0.195599947838796,0.163339418495745,0.152807966586258,0.203365801423572,0.199413209826085,0.291951558174009,0.246184548205207,0.228398322591375,0.19610465015527,0.229050813694253,0.211548913328234,0.263601949880365,0.177149312472102,0.257868153013652,0.153533529790808,0.206854927735872,0.178966716120755,0.212326923681644,0.214989274574804,0.219364529242656,0.1367286881088,0.126356521563871,0.196469570670662,0.252568447880079,0.201975415207308,0.160760807612704,0.240233846439447,0.143203215044224,0.219497032708877,0.203501152595679,0.214581420897869,0.209589797709293,0.144322583995426,0.213074516082843,0.164254345166692,0.184678864824491,0.0791583751439931,0.221454903883295,0.234319293518328,0.0903478780532398,0.142013161360424,0.213962619280843
"alba",0.230120342015459,0.340152859888399,0.144465867531821,0.21568751338484,1,0.197116759534018,0.177538418971521,0.206348283433154,0.299770824768817,0.286776142390472,0.263163910835644,0.286141062185409,0.320305083372224,0.300750927688585,0.215212969496992,0.24271100382833,0.177671521145726,0.250872362799269,0.181109927979171,0.388735244789785,0.324661139292918,0.181825805539571,0.306488606348749,0.190159786435887,0.180218351649634,0.256460846275583,0.283200378869519,0.160094269213913,0.189298046845989,0.126509955452509,0.206848245552014,0.266751541837258,0.267972409619003,0.242044380426072,0.378129323319941,0.309334264126719,0.270100742784177,0.300319215295728,0.102793590418994,0.177611968018128,0.328370455050725,0.256364201353165,0.220379890757028,0.32256276011384,0.324358838438614,0.2684912478813,0.264600580958606,0.193102530135599,0.224878392287205,0.386404964364918,0.149947360296732,0.166977618425979,0.256427383638331,0.315313290959868,0.161127536619195,0.147529627608887,0.281767014603674,0.200050719607615,0.290382956230711,0.170626248669001,0.19530614147575,0.23851610278932,0.279076466517281,0.257612685374171,0.208770319291849,0.258044794032912,0.231674731336434,0.280627895320635,0.139786741019059,0.247536621663529,0.316696501303992,0.200340003134169,0.223844741710147,0.242572772545316,0.203186348978426,0.235980821904863,0.153355216228373,0.11018208038465,0.237791229987552,0.273355194559002,0.183000743968683,0.222369322930461,0.254304458093438,0.179470008509526,0.144918335182619,0.303846856103186,0.284039929140564,0.160722843989716,0.0847639188706624,0.373659498049264,0.209430472321878,0.33003650362687,0.103246467554469,0.244006812932664,0.306649681100249,0.259334226286787,0.141092738030718,0.206987750604212
"aria",0.163480313221267,0.233730067842895,0.151102136244671,0.179214421141156,0.197116759534018,1,0.175527322093947,0.174472333718984,0.261519129542182,0.173383177550577,0.150151603940656,0.124385702115876,0.217305470857517,0.191113242012173,0.185512656225971,0.220879241787301,0.231699871497104,0.233330618161419,0.165571940834948,0.186151100141148,0.241641343810969,0.173699508714816,0.20101901713307,0.17646473211834,0.217178197256899,0.108504066615337,0.160777523929081,0.122657531550775,0.186898823582439,0.10546084905319,0.156939313826381,0.168433478492442,0.203394937143456,0.185206972122314,0.138494339918123,0.187146159234048,0.185405151908507,0.210073640858926,0.0819779724703739,0.166943883823529,0.148370512314754,0.189913385974194,0.172277302734331,0.253854817230715,0.255751195231708,0.197824305625225,0.12613405730373,0.131658431181199,0.0791923882306083,0.214221307691529,0.139264498354439,0.175941176441965,0.184704902424858,0.185781941584744,0.0984269705603139,0.134313961323893,0.185722806663692,0.185386790557713,0.131609421003097,0.16318827245062,0.181460910738924,0.228670950225883,0.222216430185225,0.237598516242434,0.190569727355076,0.204302218606115,0.190213957926942,0.255591463204084,0.132584960626195,0.221843054685588,0.156522807782397,0.172874281551983,0.191126274270091,0.228519506795746,0.187146279837937,0.215048391723629,0.129505826945413,0.0921268385984424,0.212272380965131,0.233669846307788,0.199068352417638,0.130953182465901,0.208160873930589,0.137547495894939,0.140488690750678,0.222078588485094,0.194230948684457,0.146255458771877,0.0882868708636244,0.181042875671793,0.191979718292682,0.160907491881216,0.100673114017432,0.234097765391996,0.206025490431705,0.0845411333328523,0.122822200410956,0.187269730568352
"auristellae",0.179316007666594,0.19280469536866,0.160713121353228,0.199701333295256,0.177538418971521,0.175527322093947,1,0.182624352491865,0.191914270046573,0.160679998884681,0.157066334796204,0.125560120572462,0.166631595531261,0.21762314874683,0.202341649530665,0.19992285083412,0.160659480392425,0.180731499870433,0.135003926933805,0.145797321842731,0.183746412850907,0.168713916043763,0.178140217060644,0.249488062237505,0.167309272883123,0.154717267624814,0.126393906254123,0.180998424795145,0.152183869289352,0.118580001034284,0.175912907501171,0.217479786083039,0.199845417870113,0.157300313834068,0.151732431406742,0.17109856413261,0.12898336854626,0.150492711937542,0.107714210468874,0.143296859549309,0.181303642071958,0.182143912400206,0.164810446245347,0.170282166068813,0.202623894457986,0.166356559642719,0.109189087398796,0.139047717118554,0.0950312023980067,0.149651452063127,0.126531061673852,0.169964669221783,0.234600396428764,0.160212538873425,0.13029998428678,0.135143111922874,0.161384995223379,0.162541878275084,0.115659783385162,0.194627837847902,0.185691383364411,0.204901533696342,0.183815402382926,0.179475796464756,0.175952430376743,0.23367065181471,0.151329977801576,0.245817836095751,0.148184408022892,0.253736079053024,0.145641149963065,0.181130833463004,0.187808352632038,0.190227799362199,0.193235685414971,0.219651966666616,0.154465778890747,0.122721442291616,0.177034877692234,0.217254268530486,0.16342424029479,0.157015802254949,0.206842362396222,0.135248072226284,0.130961601557249,0.16606564737993,0.202629746988932,0.152121066822862,0.113693988533669,0.193652956143812,0.167195809332487,0.13207751592925,0.090212123587353,0.209908654445373,0.191034429095414,0.0801169299673327,0.155212593296806,0.211894980493537
"bourgonii",0.19391934191624,0.210774544037689,0.1737092169693,0.204843723239214,0.206348283433154,0.174472333718984,0.182624352491865,1,0.231658316774436,0.136711984145055,0.138532126247455,0.132520977617884,0.17962971104414,0.182607256204712,0.186184903907742,0.207408908937664,0.154326053820315,0.230548538414797,0.171935732254324,0.176074681354356,0.197025052864312,0.155081389256852,0.191925788265678,0.235173325066346,0.159754850894784,0.124677767258678,0.137218684495467,0.130590581983285,0.226439448233598,0.141795137418896,0.153562763064563,0.147600569866628,0.196550082477184,0.158570898646709,0.164054179002431,0.181372731484672,0.166819044953165,0.151638000035407,0.118408877462147,0.158195371817132,0.187925259449562,0.18555909764054,0.151513164552934,0.232751199317595,0.240523610052163,0.17920660881743,0.139095757102188,0.143584511563867,0.0975698665708341,0.166854574932795,0.121524631942448,0.176337081190933,0.199404003691445,0.192723634518463,0.1043501929402,0.137012009210701,0.17977789081198,0.172233360210782,0.12746979514123,0.179309829877753,0.194209062064521,0.203352459661805,0.193246873272038,0.200054845021392,0.193698105449645,0.238924039852111,0.196293188973274,0.240259446102499,0.215290692712988,0.238696967649521,0.152145793582515,0.179515825449794,0.205691205812478,0.218729235815095,0.176169199959449,0.195047640879524,0.127966198038272,0.121534282496479,0.198809499140684,0.194026161126919,0.189189270700453,0.163604575334912,0.179485587148318,0.146825634392014,0.115957957100724,0.198241585904092,0.208011788378,0.142889639807902,0.0981806570547919,0.186892938903625,0.150036386482092,0.156502049121513,0.0954837622093328,0.184859023175667,0.200030670104927,0.0922416751457467,0.156853410363176,0.178978410436454
"brachyrhachis.aff",0.212354833266273,0.31358389276025,0.181900880817515,0.281335426754361,0.299770824768817,0.261519129542182,0.191914270046573,0.231658316774436,1,0.180316740582289,0.174248825490921,0.186474937066235,0.227269310099077,0.278690882385572,0.247429507289438,0.317559536092748,0.237308275273414,0.278666472038175,0.15930236278844,0.289014975280952,0.338781980441922,0.240911927335006,0.306687441188786,0.221657235361703,0.226247211696114,0.14601810894875,0.232298417243822,0.128906183126652,0.211125855415303,0.147285690105995,0.206915563769701,0.169844878322255,0.240405564484315,0.272112815893266,0.214828184552648,0.2739522183126,0.237640815905125,0.362400066996607,0.0899719833362431,0.177667407327517,0.207137148818299,0.311665788738599,0.216216378434143,0.341655422997358,0.342200073439017,0.319601972986224,0.17676157259427,0.164528642299057,0.0993161407916027,0.299854422335608,0.162430122330953,0.163257035151194,0.269006526106578,0.265246827150471,0.137766648415304,0.220819450931403,0.271076317294062,0.197994552074799,0.176935341311761,0.225371687797549,0.20585104380184,0.291859839513921,0.320958938522411,0.302953810883047,0.205157362973416,0.321917180741495,0.267842398076806,0.31387737857049,0.177966867364675,0.253178459672137,0.173527139075635,0.263155437188762,0.203839511614172,0.270301347496473,0.254245314521422,0.269211197585431,0.172346282727205,0.10261060631183,0.221106388852191,0.333048439003029,0.200579376641954,0.185526643892833,0.234348541317814,0.189557004433253,0.198273344394084,0.330458882478115,0.287878475916723,0.184351026657767,0.0906773968195234,0.240762876644742,0.258952302496675,0.200054316219393,0.0932507608044485,0.244364399665778,0.357683717841355,0.137514403628222,0.127640577931817,0.198047288308098
"brachystachys",0.172030963674722,0.191035396003123,0.152763749956064,0.141544084272375,0.286776142390472,0.173383177550577,0.160679998884681,0.136711984145055,0.180316740582289,1,0.324181347798456,0.259014074078678,0.252930350553939,0.154785131719952,0.129643430795554,0.167404497616081,0.154513830141166,0.150350971170749,0.10964256481236,0.167723810823266,0.159922341689076,0.128708871747956,0.151199223904867,0.136391666478705,0.160132094394113,0.320218547254949,0.127501859918124,0.124657645145853,0.133892489279175,0.0874627358220832,0.132617075699727,0.393984354008489,0.203729331119978,0.162780757694115,0.356660764294815,0.159166259518089,0.160109554222642,0.171316230252456,0.0793906272090903,0.128768802529429,0.391399993159322,0.126725912577068,0.125213846244912,0.179073317265537,0.213329140289714,0.177047883756559,0.366072757836408,0.126104005478493,0.292308453023232,0.322603639892714,0.107509312810711,0.125334980786789,0.152980786985699,0.140122513292134,0.0946754876492796,0.105957396206225,0.175272213080087,0.157020027797834,0.252877504420068,0.121936693039514,0.140378385846087,0.178321132522896,0.194631964301078,0.164549675746038,0.151198657350603,0.14710849888171,0.18206550082253,0.189559501246597,0.138934453753862,0.174518417573716,0.330303295165938,0.130882343152815,0.154802046237516,0.162889259456233,0.155082488893971,0.202205437911007,0.114570355911102,0.0972712036363416,0.192947488169054,0.184765829126089,0.178873288448775,0.163932438528187,0.17046828932926,0.136685600488585,0.163690898969655,0.178608950125861,0.132769479662174,0.10478350200485,0.0728426760042503,0.274803482266125,0.147839900155939,0.306994861834502,0.0972371800395445,0.183422736987521,0.168537270393815,0.320489167933235,0.113687169968183,0.156043743607374
"brachystachys.aff",0.147725125136502,0.156843177015262,0.104498157448092,0.184603609792453,0.263163910835644,0.150151603940656,0.157066334796204,0.138532126247455,0.174248825490921,0.324181347798456,1,0.315673235633884,0.248680092936346,0.177681686002543,0.216614957050106,0.199713676312851,0.161911184147144,0.191991507354596,0.103664672499224,0.146449559672126,0.169748002312302,0.160689963279919,0.169684036546484,0.160035597869996,0.146260368086843,0.280659302784905,0.195871604876337,0.100436149652887,0.15178135165127,0.100396121434092,0.15391929563505,0.350222801718631,0.187601128733915,0.111942031512287,0.347663469626354,0.146386735853449,0.135798718035224,0.159350247939917,0.107519511458042,0.11686293401488,0.341683129182121,0.155064118897975,0.155597681056864,0.158825200265411,0.181255571574754,0.163460569883721,0.319059222679774,0.126056439272605,0.216282616159258,0.298314244491652,0.136911711541745,0.141839510859345,0.216637176367577,0.189612362844535,0.15701402939873,0.203262568263504,0.190656887088322,0.128665978535452,0.225441504409554,0.163833689808612,0.160034265895344,0.215795001243332,0.18067879749738,0.145406327818776,0.147817230317868,0.151674976430734,0.146316738321907,0.220005382261579,0.125812835891204,0.191527371548619,0.298851331732997,0.151361960365803,0.163309812938336,0.164594551601263,0.164558147323003,0.142097212075943,0.120632541883856,0.124212441393804,0.158117863778302,0.156560742556523,0.156788813504323,0.153854743079441,0.171817715164583,0.111960102032808,0.128609416118989,0.168300747320324,0.141916531855412,0.15911594297937,0.0707723551594105,0.269437133551931,0.170089965009262,0.299456744786226,0.0754019225922631,0.144758305585574,0.148997809436652,0.275451188952477,0.11831138716481,0.146394441034523
"brevialata",0.166583014020907,0.179404650912055,0.100595680796675,0.297216299151666,0.286141062185409,0.124385702115876,0.125560120572462,0.132520977617884,0.186474937066235,0.259014074078678,0.315673235633884,1,0.240836630145848,0.189397889128936,0.171027614359311,0.217753478503349,0.139002615362121,0.163369707561269,0.110098273360678,0.191043367081487,0.212374062044321,0.192900278768294,0.192163611461276,0.164889500172232,0.14640590428205,0.282401970373352,0.168888754489166,0.118660982825304,0.132826054874365,0.128763611996963,0.167144062105085,0.302084629698624,0.194694942273209,0.114757562932723,0.362126328214656,0.20405459219172,0.162485089462156,0.163983828580198,0.10439699902767,0.132024783503378,0.336213608429883,0.160311157420702,0.185379283580223,0.189464365599353,0.194645647987953,0.346247732925987,0.278335453068478,0.162596448555254,0.306636723686427,0.29348027018055,0.133361070025243,0.146251804696842,0.234256805263658,0.181355138194645,0.143251418093537,0.313254080747983,0.202273722525648,0.127448971827995,0.271811048852106,0.167334774929693,0.154562732771396,0.227314880659371,0.173654006578879,0.139013718305925,0.159436067524064,0.176499071826868,0.133522282526193,0.202893470810501,0.116376562948096,0.198035772229397,0.299792398298133,0.152162368196455,0.138210544438916,0.163999587528237,0.142984956302345,0.156320618286208,0.1325756254679,0.0969512895769457,0.152916305082512,0.184797881464119,0.148526378228053,0.165955568821977,0.196993515271891,0.12451040189135,0.179610381801601,0.179064493874637,0.202584479394719,0.155415490477641,0.0951572609752003,0.31879785857454,0.150872208648718,0.327011407059796,0.0638332771207717,0.181702837926387,0.172988656972815,0.253740660347885,0.112257321989493,0.160957695102598
"brevipes",0.180005879487672,0.253516792285131,0.131711596232921,0.179842437657663,0.320305083372224,0.217305470857517,0.166631595531261,0.17962971104414,0.227269310099077,0.252930350553939,0.248680092936346,0.240836630145848,1,0.158997697758576,0.197696186098619,0.23700502737437,0.194597217126185,0.190951672355736,0.125599482129909,0.209768621625859,0.215195031029861,0.169708449334316,0.232545352006073,0.141321090933043,0.184593164554492,0.279505918077147,0.231669418539387,0.0937113031132753,0.143226582590667,0.104508146385416,0.207514826289068,0.248983055973964,0.198186838067632,0.199816322447468,0.275732025990412,0.198356534024491,0.206136005813327,0.187957960023544,0.0845207677793123,0.133750428824663,0.254906285698376,0.165456425228209,0.156686640562969,0.226037155963158,0.22382223167986,0.204726515390011,0.232811211166709,0.132206564671921,0.16621939466817,0.301880188262777,0.136603265995187,0.112333700444529,0.219904211745464,0.240819578606898,0.120091041657352,0.146155846237415,0.195613396191899,0.146536282552071,0.218893541749387,0.168445431992095,0.146216177914208,0.250820497350829,0.253009044408891,0.221495778677397,0.180692824103144,0.183660013935658,0.17362598718951,0.272717371225646,0.124261575757941,0.182171802099244,0.26971235045094,0.19523936613217,0.158452330949271,0.219000202431971,0.179084206889377,0.205179273652033,0.113064475844424,0.0899945642200589,0.267559639060116,0.212368199489488,0.189452898499901,0.155217774057711,0.215058439206651,0.163749144577417,0.13421241445066,0.222175975588617,0.206431755213496,0.145473794392542,0.0825830366794752,0.237286909176096,0.173870454076008,0.263110520851242,0.0659697791028483,0.234513149627825,0.192619293804086,0.190075901943613,0.104290921245231,0.150094122423093
"capitata12",0.226439514527118,0.283542507847102,0.155786055878051,0.196036008288406,0.300750927688585,0.191113242012173,0.21762314874683,0.182607256204712,0.278690882385572,0.154785131719952,0.177681686002543,0.189397889128936,0.158997697758576,1,0.215521408221663,0.234276023102143,0.191216869579485,0.330642826960405,0.165502598244455,0.266863384155249,0.235961834265506,0.171238595422618,0.235680653366683,0.259685279636667,0.294337133710622,0.155293011067526,0.182910598467888,0.170355936245081,0.177962285688094,0.122043160753637,0.221784072772372,0.1804132473593,0.250189107534872,0.192367951640949,0.197902537175264,0.268323928642888,0.186408297996313,0.276255236368106,0.139058944023401,0.233827696482247,0.210378546043858,0.267669255214296,0.223219175324584,0.222826904473737,0.308184515635604,0.245778499358046,0.146201344259302,0.201321224457319,0.121689478980845,0.245331737005569,0.175648158554323,0.210623517216404,0.236066426718978,0.222609033451665,0.156671452697505,0.186482035248544,0.267379492899889,0.202910145865562,0.173769846403679,0.200745159982847,0.227808381371196,0.248368276041557,0.225646927813186,0.236066693388411,0.223565566439831,0.295764379517756,0.175791163900454,0.281662141823084,0.147591322713799,0.276621482108428,0.218516935949968,0.174236848669443,0.238872846792296,0.231125765869533,0.208265525659748,0.224046723385088,0.173302071012496,0.142238895686996,0.208759338342898,0.27151603128215,0.188659913901677,0.192073641085239,0.214955861530128,0.183518620648675,0.122654775208323,0.249001019695536,0.282050615059852,0.159541458649639,0.0913845519997134,0.262069625196602,0.217322607513263,0.185238905038153,0.0917977618195531,0.223433803397233,0.295916003363953,0.115558699314194,0.162574645226746,0.240236852160268
"capitata33",0.206701716637769,0.234893531668533,0.178010185232052,0.249100808194831,0.215212969496992,0.185512656225971,0.202341649530665,0.186184903907742,0.247429507289438,0.129643430795554,0.216614957050106,0.171027614359311,0.197696186098619,0.215521408221663,1,0.255425316444585,0.219021965773764,0.225072950137335,0.197652674126064,0.160045070625159,0.230066871834741,0.243705828566099,0.216922331778428,0.209231022080745,0.182649559727204,0.1503241433802,0.2221863984974,0.160387528659952,0.180762483827367,0.156245656091679,0.215978655651858,0.144054559724984,0.240790610980387,0.174874810047119,0.174283163907821,0.193859218284701,0.179449998655779,0.169702635017242,0.10718952077539,0.170614922676168,0.192974923734206,0.230272679177854,0.210189330872262,0.256741947568922,0.257335178573941,0.221897371633031,0.145444150530348,0.188160809734796,0.0925316981363284,0.211183546717805,0.144996046984121,0.166043835168466,0.267793492107685,0.280757155892338,0.146254021200223,0.189715232359371,0.218472354589321,0.179135376721992,0.140161058257011,0.240336717563156,0.242737353787542,0.25200052619957,0.245630485463787,0.236018851879675,0.208117800727658,0.217397812484225,0.173554364562339,0.293141512979815,0.16857213134222,0.243921943540669,0.165366759069396,0.197134074743046,0.19782871641403,0.219782219912356,0.220277243568653,0.243957983981103,0.153129238812188,0.121612961445042,0.25116098645773,0.25154523667341,0.207951133889128,0.14572222585194,0.219281556787259,0.171293948165317,0.144707107365709,0.204971989492804,0.227602288552124,0.201409484620604,0.0859228232644492,0.192107540868523,0.180639037776667,0.15995125120191,0.0755612851505142,0.196509353753439,0.253438652837624,0.0951302763681409,0.144726814598722,0.219676764937575
"capitata35",0.201554868529544,0.244780561776869,0.183429950530582,0.244146727678434,0.24271100382833,0.220879241787301,0.19992285083412,0.207408908937664,0.317559536092748,0.167404497616081,0.199713676312851,0.217753478503349,0.23700502737437,0.234276023102143,0.255425316444585,1,0.251186789519304,0.249427122549069,0.189502938929598,0.206883506884071,0.267261862567017,0.205978058661444,0.307479696295752,0.202818699077077,0.222649468990092,0.156017588785522,0.277248271059737,0.137835825179077,0.220852311500768,0.144484106794687,0.217853245366025,0.196270957911026,0.271649933155456,0.182567828152123,0.198748905643729,0.22734763001079,0.240384920965947,0.239180204041932,0.134799464374405,0.163814552365161,0.183469747557371,0.259034880805567,0.225891451359209,0.269003936092062,0.258445214014364,0.2863932394166,0.186836267881636,0.170107574358642,0.0959961621393278,0.254403784793548,0.191294298253457,0.154532729342121,0.266053438805623,0.296678006048107,0.14180820326239,0.270947451400017,0.319579411742982,0.183964005854084,0.190837712162703,0.222457916242303,0.275916616143614,0.382529219588507,0.266330798427958,0.238995284460093,0.245830568632008,0.222065995122694,0.295933743514397,0.308495882734349,0.152660880775295,0.279861895438689,0.163292192290432,0.318276597218096,0.206074735662531,0.258394902745638,0.215634191786728,0.267935538930836,0.147228770056883,0.149272666322746,0.233781380192522,0.317173360473749,0.288098341981983,0.17321893568671,0.224540864446032,0.171981761528278,0.210531012730365,0.258401376574725,0.261762054496503,0.200589678375215,0.0871315617864637,0.196697086206738,0.201280882111272,0.200842829305199,0.10911170103699,0.218791068631335,0.261206078363907,0.102241476020257,0.126924229180452,0.188285895895666
"cayennensis",0.154039666612702,0.24260049391835,0.174966533639912,0.200333612763323,0.177671521145726,0.231699871497104,0.160659480392425,0.154326053820315,0.237308275273414,0.154513830141166,0.161911184147144,0.139002615362121,0.194597217126185,0.191216869579485,0.219021965773764,0.251186789519304,1,0.20889193263381,0.165283825673825,0.169276364963461,0.216621970005367,0.192836708765612,0.244603821076087,0.15899502784533,0.214026094478571,0.107974033860326,0.185755091986488,0.11868947743584,0.173217168552007,0.0991454183894084,0.279332211263937,0.120824470756361,0.1835618194163,0.180462726763011,0.144342310127298,0.198279607273125,0.21658122070701,0.222101948596393,0.0830912147175992,0.140583697730354,0.213319716921105,0.193831021843115,0.173282559869509,0.226750781709487,0.221014623077093,0.262859871910905,0.122633057704294,0.136700081189564,0.0741049441469195,0.238873833911393,0.133662674305132,0.189303970392523,0.256812653018742,0.204344694097678,0.188014786402598,0.173684109883322,0.198496769792411,0.143700442025292,0.114693161054844,0.294383355121027,0.208862571513048,0.215431236025387,0.258178800311888,0.219988071072245,0.181361657991532,0.191516444110595,0.194876140553401,0.271850985465713,0.126105149572587,0.214668790171688,0.127199639446485,0.225726679876618,0.196511764860846,0.201577626541879,0.16983732646828,0.25276916637401,0.131317944899091,0.110455010597491,0.202800534058925,0.246632312708865,0.167039633985429,0.126254508492103,0.180509960709821,0.141461969186152,0.17332210334395,0.219250519704194,0.185241593291758,0.158167685104749,0.0741716417717261,0.15837172854102,0.185336151546229,0.136685331609364,0.0897201325820329,0.229158276600025,0.242466934251111,0.098429032246789,0.11858400076779,0.153789317282916
"chartacea",0.209191591926198,0.315469327140669,0.162017380562362,0.213152577433728,0.250872362799269,0.233330618161419,0.180731499870433,0.230548538414797,0.278666472038175,0.150350971170749,0.191991507354596,0.163369707561269,0.190951672355736,0.330642826960405,0.225072950137335,0.249427122549069,0.20889193263381,1,0.163605754943925,0.280927550227453,0.276969924429371,0.181556772292812,0.289158593982481,0.214843133832734,0.285418142145287,0.155554639276861,0.191726961709633,0.14182132799543,0.182578414227361,0.140874188665879,0.23094878143871,0.154475109562123,0.255213604485005,0.217992193638549,0.210953689261286,0.224669241343138,0.212328914541334,0.235572953430642,0.111989044589843,0.183034089540497,0.188204703402928,0.256068642130014,0.191819476011635,0.275987879101696,0.334042226401964,0.252249685145832,0.165651892884704,0.159159779115775,0.103841468898428,0.252484028575841,0.158332476013067,0.199907250403737,0.253537190908913,0.221862974047595,0.126632578664832,0.156427109519895,0.228024265783001,0.199516808020342,0.17693154610936,0.217642977873289,0.220921658288616,0.256302746115722,0.268064014001174,0.226666239932762,0.283049642584689,0.234062014366413,0.2237389378585,0.295017607784043,0.135940963840231,0.261834036661098,0.202161687403797,0.210583863315856,0.227974555705245,0.250812091784977,0.205951947646596,0.261645352522497,0.168492330561337,0.104555877782135,0.224368218837697,0.262230791337812,0.200281039717109,0.170297542143599,0.23233240212599,0.175101872198344,0.161360373955653,0.26114495687847,0.220228518129758,0.173117002158954,0.0932102572168275,0.209817320405776,0.200243161988159,0.181759531475686,0.136097150800815,0.271765300749302,0.240759030674226,0.105520989582806,0.170246632784785,0.22001949773667
"cinnamomea",0.150273841266095,0.180327686805153,0.145652530233121,0.153494087608589,0.181109927979171,0.165571940834948,0.135003926933805,0.171935732254324,0.15930236278844,0.10964256481236,0.103664672499224,0.110098273360678,0.125599482129909,0.165502598244455,0.197652674126064,0.189502938929598,0.165283825673825,0.163605754943925,1,0.135845903250711,0.165034136713146,0.116152510242708,0.151042588987015,0.143847612752168,0.156241088327393,0.0900796239020213,0.115107840958031,0.113970835715583,0.15286739635659,0.216307543080338,0.141208896902552,0.107594681051969,0.157833357268159,0.124818559094035,0.142923996871884,0.135696766595669,0.150294156943616,0.141020203088707,0.0825538000763269,0.105110313601559,0.123501871682477,0.149573267252689,0.139472953223356,0.206508196333352,0.188328490273902,0.157766782895057,0.0914486431549179,0.133084423344505,0.0793987613664518,0.142894556508761,0.122698759278602,0.134775720227765,0.1477546120633,0.155618199217701,0.09196836325218,0.110541837246648,0.142394074541571,0.156013501170024,0.10195257060862,0.160760362172406,0.157227424722455,0.178244346336399,0.166682266695575,0.184605621449072,0.167122193681335,0.18974387427945,0.17130205671552,0.20491886490833,0.122809297156741,0.199784308726176,0.122135842685973,0.166506154457032,0.187466473113408,0.162265503502196,0.121663262080254,0.171198271505681,0.100290001801186,0.0925065035542385,0.171323809770417,0.158645488636078,0.151805220929477,0.122707382718129,0.129288327382944,0.127013695814146,0.0924697639979536,0.170334810014698,0.173496448837987,0.126055963700774,0.0685065636713868,0.139248311723801,0.126829113123133,0.114302245404197,0.0913329294124853,0.156556195225529,0.161935446958696,0.0908853635561824,0.109846157307412,0.137620545676095
"cocleensis",0.274686564252927,0.302987641879803,0.115189248194209,0.177776049971557,0.388735244789785,0.186151100141148,0.145797321842731,0.176074681354356,0.289014975280952,0.167723810823266,0.146449559672126,0.191043367081487,0.209768621625859,0.266863384155249,0.160045070625159,0.206883506884071,0.169276364963461,0.280927550227453,0.135845903250711,1,0.32486977093287,0.176318191472794,0.265081241741753,0.196710921266195,0.171782667370787,0.215496330090741,0.282042178665451,0.233774992160372,0.165577379577994,0.0997362004340901,0.218138555296464,0.1527725984535,0.338392251497614,0.202154434515111,0.343891750445831,0.328321363513248,0.284347364232424,0.301183490090789,0.136307446174331,0.263370982990921,0.205775851362199,0.279916189891213,0.25263618611679,0.281072124818063,0.303102179722976,0.272917845428912,0.158286469186665,0.263925603293059,0.258394237789872,0.239940333595525,0.141258363813797,0.153545183928086,0.229162024278426,0.299974851762107,0.332970484663403,0.143909344320411,0.308739440189974,0.181373487489797,0.342428077517786,0.200637576934135,0.166014366841128,0.279157175723545,0.29091285682972,0.222388217414472,0.267074069659235,0.251524157753435,0.202595449824321,0.237912889962712,0.160583401501554,0.215204084031177,0.227250149770188,0.172530883320963,0.223055046933334,0.221737791991141,0.177674541975445,0.17314182554621,0.168748702584996,0.141718670715409,0.21189909567848,0.238770034708719,0.166643006791305,0.342618451951852,0.239478112798854,0.368561353424342,0.134925302566682,0.27147364252237,0.23460378018835,0.137206766747338,0.098639952739735,0.285728682891271,0.21902506246873,0.245883580194153,0.0896407473126415,0.214625129960307,0.318445339370093,0.182429234887429,0.150793672188775,0.308881506838453
"cordatoalata",0.208096780882295,0.399541187446229,0.149812694103856,0.232561998365272,0.324661139292918,0.241641343810969,0.183746412850907,0.197025052864312,0.338781980441922,0.159922341689076,0.169748002312302,0.212374062044321,0.215195031029861,0.235961834265506,0.230066871834741,0.267261862567017,0.216621970005367,0.276969924429371,0.165034136713146,0.32486977093287,1,0.240596195694384,0.355050343436579,0.170057656324645,0.247156126479225,0.118307692493735,0.249447710689064,0.125678466044337,0.235606854784792,0.130780636874848,0.233606133396586,0.157392763912158,0.238599692072652,0.252025262047461,0.291158708744474,0.475767455572068,0.4194927956943,0.335555603320896,0.0882912346484057,0.201268928913478,0.201410109911233,0.27547937149501,0.199436747770792,0.440847469726057,0.369706731182324,0.432635312079782,0.225339721762431,0.177483859700671,0.0955735189896563,0.280264311375268,0.153774335731326,0.155635126271392,0.267821302554369,0.294233041397508,0.135384547404418,0.183876211340427,0.318720381801543,0.182974501568049,0.165382024985931,0.214753000093412,0.214019967000019,0.285544070443063,0.354120875550589,0.331896633229787,0.226368504009103,0.265258821299974,0.224944865123973,0.304340676345022,0.142116226220248,0.227725761470247,0.210978225648456,0.212199773079071,0.20060563633407,0.303418677048129,0.196412316620255,0.232219986679753,0.135373564837,0.099718000718061,0.222690777829178,0.314609088390231,0.220366803574797,0.172870113616048,0.256262319930031,0.152826471080203,0.157135486333269,0.334839594771925,0.316403585155523,0.184316292435094,0.0918919236740433,0.269681560111782,0.282079381741149,0.209352024297439,0.0947344281940337,0.286400372546301,0.296863398150785,0.183064192706446,0.138446092318187,0.193885161843448
"coruscans",0.199439535861735,0.207973096588545,0.138013102667255,0.214746486575364,0.181825805539571,0.173699508714816,0.168713916043763,0.155081389256852,0.240911927335006,0.128708871747956,0.160689963279919,0.192900278768294,0.169708449334316,0.171238595422618,0.243705828566099,0.205978058661444,0.192836708765612,0.181556772292812,0.116152510242708,0.176318191472794,0.240596195694384,1,0.208114806647805,0.160891052665504,0.173861925513248,0.13681954292724,0.151837878815582,0.120215069867308,0.409031765388505,0.107316700889502,0.385318478662906,0.147230665724857,0.193550216048152,0.164163582054262,0.157613857900057,0.214560248593845,0.175464913337664,0.185158934564517,0.131313518341398,0.141914712131842,0.160044981689692,0.208576670731608,0.169393944495053,0.222524828346769,0.245749657832073,0.226472190493053,0.110976104029511,0.16456605182645,0.0914970966579765,0.189822308144704,0.11416885250997,0.148846609412255,0.199990115626155,0.210107876515991,0.137832318721139,0.186981071900084,0.184029245687877,0.159078415442118,0.126419606735786,0.189651215875449,0.187085124480802,0.240829937145506,0.245093345728356,0.194277753822659,0.167302335336072,0.169019201409564,0.153106727367106,0.250685922572022,0.123385673032713,0.200919360393729,0.14304221303007,0.217396213414281,0.160771615858311,0.191665921939829,0.16883371525756,0.197913107051718,0.146840988283836,0.100153793462929,0.189054740748041,0.33702547649167,0.160563217197916,0.131346622491961,0.176734551973252,0.130919372130575,0.131291575942407,0.21900207821975,0.211336251409708,0.163034774161255,0.0897150071857962,0.16661066997112,0.164949062294093,0.155136571572164,0.0714755487251479,0.207653942100924,0.212291366891825,0.10095766899742,0.124178580841601,0.159601912287866
