"","acreana","acrocephala","acuminata","alata","alba","aria","auristellae","bourgonii","brachyrhachis.aff","brachystachys","brachystachys.aff","brevialata","brevipes","capitata12","capitata33","capitata35","cayennensis","chartacea","cinnamomea","cocleensis","cordatoalata","coruscans","cylindrica","edulis","fastuosa","flagelliformis","fosteriana","glomeriflora","goldmanii","gracilifolia","grandiflora","heterophylla","huberi","ingoides","jenmanii","kursarii","LA17","LA41","LA48","lateriflora","laurina","leiocalycina","leiocalycina.aff","lomatophylla","longiflora","longipedunculata","loubryana","M18","M25","M27","M30","M71","marginata","melinonis","microcoma","multinervis","nobilis","nouragensis","obidensis","oerstediana","paraensis","pezizifera","pezizifera.aff","pitmanii","poeppigiana","punctata","retinocarpa","rubiginosa","ruiziana","sapindoides","sertulifera","setosa","spectabilis","splendens","stipularis","striata","suaveolens","subcapitata","T18","T21","T29","T50","T51","T82","T85","tenuistipula","thibaudiana","tomentosa","ulei","umbellifera","umbellifera.aff","umbratica","velutina","venusta","vera","virgultosa","vismiifolia","Zygia.mediana"
"acreana",1,0.204772114045102,0.118741787738392,0.199912561304471,0.172950031192737,0.150643218232431,0.214823779837615,0.177392690591706,0.150665052896796,0.133023497510703,0.188655763376952,0.190229185246668,0.145105572106536,0.184600500876238,0.203638657673056,0.177379002130896,0.213874945259027,0.207704355890089,0.190035689248618,0.16572720260955,0.165476713499295,0.15367097615197,0.194464084314598,0.22531829284555,0.212613835058459,0.0956691210380017,0.109509853748518,0.22302545881029,0.125536392331604,0.143103350631944,0.166130567357264,0.0996844753540887,0.210162926222291,0.0869980062060396,0.179990596570036,0.199819245508013,0.180108056774151,0.144603408712867,0.144829214027778,0.184622999372587,0.139731399423295,0.174938892484661,0.140600769430941,0.139899927124193,0.170179614792697,0.134972958967226,0.103270561509017,0.213931824898857,0.167630394054917,0.185444652250397,0.150366191992758,0.159994463084968,0.224259780018405,0.166380634483196,0.200074626288963,0.116529760013228,0.204516606295259,0.152303341245559,0.137006555146101,0.209746092533998,0.198494242851245,0.182717095187712,0.138447044822801,0.187823660496465,0.175125298033915,0.212256098577869,0.180542408671052,0.185415960821424,0.195021923318737,0.210090654171866,0.194060036219401,0.193906226821326,0.164219525042661,0.186377485681099,0.214124539462544,0.205708636325872,0.163466674701435,0.068720960354631,0.185677372674858,0.0926225513481812,0.163591459007626,0.225650997668982,0.139685437240616,0.215121010435645,0.149664731750778,0.17435977270014,0.207594767685201,0.157533055562145,0.117409985408467,0.223090609435738,0.168052151011736,0.0550505836216319,0.137742601907215,0.188013389135988,0.16300335649206,0.100231585557105,0.176410548780404,0.161143073403438
"acrocephala",0.204772114045102,1,0.115943137752705,0.197024227710389,0.210799588162448,0.170901365522259,0.23835095507463,0.220987925020017,0.21211238505198,0.203217157331313,0.195359849131445,0.16369432079576,0.193176318777956,0.258147062531281,0.234456872998914,0.229147103620529,0.23371605565962,0.303715962193718,0.199813731663532,0.175600213415428,0.200964728074563,0.166643298142416,0.224900848485732,0.252779585266316,0.260705845912908,0.114141523712675,0.113640192055379,0.221379780546844,0.138365719148261,0.152877064193175,0.176924634354734,0.115730725228769,0.269296551839267,0.0887373924511006,0.181245516156113,0.211027758002176,0.274063468942752,0.148965599733246,0.168276133705663,0.238384006685504,0.178079041544425,0.228419850434466,0.145995199465485,0.235877483178346,0.20647115610436,0.183049936355954,0.117801345126995,0.149240829355856,0.268459136048234,0.220108195475247,0.195369011453936,0.219048624922235,0.242074572110553,0.203001886967283,0.124671109101558,0.1140908322675,0.283863692454244,0.226615363039079,0.166844676556166,0.243699942398508,0.222782278820939,0.216117224617175,0.139325686912398,0.204270515481706,0.229751438469687,0.172962598605269,0.179039168653107,0.219672746702421,0.253480117512964,0.268330330123059,0.205193175364626,0.19325718812714,0.188216305491019,0.18374045392411,0.200224541328383,0.220082023407517,0.248445320241156,0.0811967912286466,0.194714188320964,0.0962044737237621,0.188207328762736,0.245172016076197,0.226325473632393,0.214969570927522,0.182261945443605,0.249281319580616,0.208284789268973,0.160808465075901,0.14259243291225,0.210905750369304,0.222951904517469,0.0596461522961043,0.154682981410242,0.196929549236727,0.191525292581915,0.12040684539623,0.17109655041694,0.202572851930758
"acuminata",0.118741787738392,0.115943137752705,1,0.13437999366617,0.139541833684916,0.118223153353968,0.176079661381135,0.0935283980891817,0.110069571200413,0.11775023545527,0.090939409952376,0.109647740481571,0.0867399202006656,0.118043287285926,0.110814668992686,0.0745925416824548,0.109943158558379,0.160951002922296,0.109607496598188,0.106393893190362,0.137141199331011,0.106338959623259,0.127855104664926,0.122013259153767,0.129334699955691,0.121631827557449,0.0698227738821393,0.0984652002161155,0.130403623926557,0.126126767487261,0.124230170150957,0.0937766899460734,0.127454592162744,0.0991417675814131,0.112039049442523,0.0976944046094623,0.124393568220753,0.124911318314945,0.0933673096212068,0.120546264454822,0.116606763516001,0.151363419980817,0.0795051802286786,0.119333378081845,0.145388422366156,0.0867067266496133,0.108512054638955,0.153471201731965,0.112601053589518,0.0955951264897356,0.116980000137669,0.0927073134833639,0.101281178565348,0.0957292015504491,0.112828659675172,0.114756193772568,0.127653923767941,0.101243825153309,0.126025875894401,0.106934292008289,0.106200010068806,0.120164501843253,0.1020471713604,0.109663865843743,0.15133285948399,0.152619567711375,0.0987084682864467,0.0992696214236937,0.119761287863324,0.174321896614956,0.117091893063472,0.097068592323271,0.168794886621645,0.135789561594061,0.0869846393907015,0.134049854670169,0.123445155438466,0.224877805198293,0.119305491957888,0.103200914288473,0.116341640875442,0.146514373089627,0.0867103726458925,0.110040677775516,0.0870703730704902,0.109523649655853,0.125918033419279,0.0976830384998823,0.162319812299504,0.130595391833998,0.155301512752003,0.0965458288403479,0.0795721642717322,0.0885120694190442,0.105673869211783,0.103796184688335,0.110149012846855,0.141544566152516
"alata",0.199912561304471,0.197024227710389,0.13437999366617,1,0.189232118297117,0.154912752285258,0.216614398713943,0.237588129256144,0.174508430225367,0.133156813226535,0.157080771761711,0.154831127392045,0.125991687036645,0.232527743739169,0.201533018329744,0.251257323255106,0.163043500494266,0.206533921591353,0.19765737848502,0.181013134888195,0.175319054578249,0.213407276822072,0.231219169015817,0.197855415090797,0.192078614361697,0.114967342312587,0.103622834964733,0.164623181494636,0.131192337671817,0.214936765181395,0.162007228382729,0.114316797528897,0.183259299782312,0.125328890670523,0.15945651790375,0.146920287311485,0.168656887261502,0.136463709734965,0.131973901260152,0.163962412623701,0.131516949395016,0.187902171340375,0.115454933339183,0.14941465108386,0.19958365983264,0.138415872839209,0.168712278562342,0.187216567971915,0.148952661204709,0.147585576210976,0.146523730986367,0.134528879954218,0.147559729419695,0.154749128334885,0.131750164488938,0.111836747237483,0.202456915559013,0.14601859055303,0.151970434455843,0.14402243971912,0.180345330487496,0.23087460194121,0.253895599688591,0.198632141089071,0.158052245669849,0.239489716851263,0.138132200699765,0.251956119727199,0.260613506536869,0.222869961890316,0.157262937016559,0.153501501671056,0.176435560585085,0.199018944608721,0.157906375902794,0.207672299431123,0.161323769757243,0.090760202277204,0.166121038445681,0.104249080250578,0.180613502971193,0.204047249106608,0.129262228495425,0.166809347280386,0.118784381062837,0.161184177558917,0.282752359825354,0.158864886719895,0.171381953423059,0.205330466561342,0.167496755259382,0.083380260769424,0.111507693183572,0.135808650887281,0.149186374987308,0.114007863196892,0.163531558002255,0.158523542914682
"alba",0.172950031192737,0.210799588162448,0.139541833684916,0.189232118297117,1,0.165075007517782,0.247633845561679,0.197824922242814,0.174532044469816,0.319416618013865,0.284822786145471,0.263349866341924,0.25795929212958,0.218499622030042,0.196515282688476,0.153466341342924,0.205572439663267,0.25961323117448,0.181347401058873,0.186087118427975,0.185630901825805,0.15546114013084,0.188655531845438,0.215182950648926,0.205973711269202,0.239195064217936,0.101671916965491,0.209662731046219,0.150058119866643,0.153382212469793,0.200180994378632,0.238610398065056,0.22883206738892,0.0955570507139171,0.308271822931824,0.194655679458522,0.221915506201738,0.145497833590312,0.147566291047054,0.235481899220196,0.308878496242128,0.262295528227694,0.142451444496669,0.140373457729624,0.219824498437547,0.136720641977953,0.23621250568866,0.189530704750925,0.299436337574725,0.353750117461561,0.202317303239985,0.189469649222849,0.214108079666888,0.184030122674014,0.101141205712447,0.134915078126249,0.231905149501725,0.185899306798554,0.281000283018858,0.198971632622542,0.164753982964862,0.227245171204457,0.232860414973425,0.183401276821938,0.20722421873421,0.212211991032951,0.19192758612514,0.182167871348468,0.231152226867616,0.275748576862987,0.313714776115016,0.166693883536753,0.210524025531404,0.202173280761402,0.15022107501897,0.236243789211175,0.218501790239962,0.0700456779185637,0.205453271915872,0.136242255334115,0.174997355875643,0.258167019021999,0.172821181536487,0.260381703344336,0.182148475898713,0.209928211453976,0.232247779754831,0.163797859839468,0.130274846647307,0.31827991578004,0.236763084191048,0.196458419392168,0.112342028060138,0.138255470517245,0.199701054909583,0.236295826735953,0.140812558096478,0.213901955664869
"aria",0.150643218232431,0.170901365522259,0.118223153353968,0.154912752285258,0.165075007517782,1,0.17628205433242,0.141731490762695,0.108458745961449,0.127220248089449,0.132530790107956,0.175037780854841,0.142810889723638,0.164946646364681,0.13601123310008,0.155843117465438,0.159064692949423,0.182970080473309,0.167700221131733,0.15858399061474,0.142863209357837,0.129516025985261,0.175012599454206,0.212683819792631,0.169508712585273,0.0941000082691509,0.178091144410438,0.171659467529145,0.134949651767812,0.137330321192534,0.147975588984521,0.0972194737826896,0.161524684027327,0.0774918036604015,0.140956994193199,0.138755723728189,0.185082060738806,0.182923166513918,0.132609744871435,0.178233013910462,0.122731396676974,0.172430766844184,0.137857460565781,0.142743975207681,0.144386373392256,0.138113154714551,0.101456542330087,0.174843987147153,0.133384903118214,0.16673910036454,0.163494251503231,0.136357549623436,0.17128808752372,0.233445963907194,0.106125369552479,0.103803940152546,0.168447851484943,0.244758859933844,0.149524982574695,0.156985375223785,0.191614787306849,0.170120798920414,0.109283778102829,0.13700192440382,0.152004386706818,0.144854491193237,0.222347443084373,0.145601118990557,0.175518438764093,0.200854679495983,0.175328015407325,0.149461401685678,0.17670582033571,0.173752375751243,0.14503553093239,0.175878835072305,0.16619776454208,0.0584511721392674,0.147283961680402,0.101344017967708,0.15197447106173,0.196711429434913,0.171904843646333,0.182680790104101,0.14799232863012,0.213628381422084,0.193384570587199,0.20680887255096,0.123554882942391,0.169755823573719,0.194005677578947,0.102529651630686,0.102910551900808,0.154532605079885,0.240798310360893,0.117462620710154,0.16033942075609,0.133523764102889
"auristellae",0.214823779837615,0.23835095507463,0.176079661381135,0.216614398713943,0.247633845561679,0.17628205433242,1,0.202789702204658,0.209354383690633,0.175150685228751,0.181100109803136,0.148069327425073,0.157485588598938,0.215240832210285,0.227489860116837,0.141438370883286,0.225028292377391,0.258504158763811,0.174495265862737,0.196240399347293,0.241605303636486,0.175370903192759,0.225653340966491,0.319059144594888,0.224423536868275,0.117173263487785,0.0835999031235537,0.199583850999014,0.161085004052489,0.220501000658108,0.214413558554554,0.108721633223752,0.259488629940052,0.0943612970867139,0.17742840112367,0.190990708985822,0.208928290403557,0.144900967441387,0.167955200472242,0.206077362796483,0.198332226857718,0.239060462026733,0.138483895075784,0.182191276593919,0.233783295918708,0.146583167970784,0.128655871977673,0.163360597149121,0.204857425239683,0.230793260745008,0.188782320157706,0.202087372358215,0.225789749512105,0.174603526798173,0.194984025928094,0.119737152369866,0.262467076695637,0.208970250489244,0.163141609260426,0.196055999834904,0.185266641265172,0.230569372199298,0.146816522765581,0.209506566969573,0.234339106664298,0.217517376407508,0.189489571945853,0.265175485162768,0.228984463776027,0.24565184128282,0.195401629741503,0.188081987033854,0.22820294986636,0.200022735656777,0.221700963586385,0.220214547329636,0.210712737974672,0.073026099185308,0.201545917828987,0.130437203046934,0.197534052442949,0.232475453107266,0.175714098016973,0.208676188550054,0.160432071035183,0.219407110623061,0.278195768244957,0.146948403954285,0.145918304721004,0.198619483621475,0.231740510179648,0.0847010166306572,0.140362514067193,0.180602754841933,0.187711625320663,0.130402590976058,0.186413465150109,0.21085395077605
"bourgonii",0.177392690591706,0.220987925020017,0.0935283980891817,0.237588129256144,0.197824922242814,0.141731490762695,0.202789702204658,1,0.178599564384257,0.228065899282685,0.199365442555155,0.141651494614688,0.173979060837082,0.182056353595131,0.219333073139481,0.3145516654142,0.209427422439338,0.267336856157391,0.216145651373771,0.149355139807512,0.124523084623221,0.127617990322085,0.201145806626132,0.259643750977379,0.301461283770329,0.091488672760924,0.106188257198727,0.269116808351156,0.104442855299985,0.111650125650042,0.163713596338825,0.0873562711131344,0.346402504175311,0.0594695844261472,0.167651094449711,0.206927649559045,0.269883575219786,0.132210199651234,0.169738072114045,0.195864295784608,0.186080945794716,0.22343666246732,0.162488384491503,0.130351659828681,0.216650718072524,0.177751966715748,0.0824093879059161,0.150833777162204,0.252643069561022,0.231938887267928,0.252487002743199,0.252084068817388,0.292411270804771,0.248654083354443,0.116092070625765,0.0720203398756142,0.227068507219009,0.257668770740108,0.131518458312308,0.253656040832284,0.197692692425386,0.22781653205901,0.176316773827336,0.15280310641592,0.233264688029391,0.137199817395377,0.166154953328047,0.260991828066648,0.394998718952134,0.249611394340734,0.183253410583131,0.189332839396806,0.183217383961711,0.162759272693887,0.195650476823817,0.260407246363576,0.271303498046947,0.0549079734072651,0.185983161792753,0.0853413154157718,0.162258845434733,0.242638441227026,0.272521918902745,0.212314919262097,0.225855795836212,0.213275415259896,0.299505133382822,0.150764401650332,0.11363242136491,0.176618963440464,0.256467335023732,0.0399480034112283,0.162275679429547,0.320809201587378,0.222627325930192,0.100027896482955,0.156045271439611,0.177588041603924
"brachyrhachis.aff",0.150665052896796,0.21211238505198,0.110069571200413,0.174508430225367,0.174532044469816,0.108458745961449,0.209354383690633,0.178599564384257,1,0.184037450029639,0.124829217410113,0.0959648959810595,0.124359873717724,0.179137234731147,0.466908686989579,0.12301764071538,0.163513817413398,0.194490482238131,0.116335865415236,0.165953276799236,0.126964235790807,0.132119297101666,0.151938162281828,0.165765054408007,0.16921947937427,0.0716962473334946,0.0791820131842182,0.138426386570577,0.121721869650923,0.118577063233097,0.132825532045231,0.0850366537320579,0.228322198463369,0.0624195631023897,0.116838301779964,0.131258080731679,0.206122378014256,0.106662854935768,0.108135736186455,0.144615636919779,0.146232172542422,0.232186525870629,0.167658736628855,0.142492275836291,0.184594037675987,0.113907577327302,0.088892043935366,0.145911203370194,0.183060594972708,0.193958161892302,0.167499638125657,0.19730250021846,0.188389565062907,0.13799455461472,0.0956910661400748,0.0783683700346608,0.174745995861344,0.193379845811209,0.155375158189702,0.181115330315816,0.167946663300358,0.201993740455125,0.131970193645775,0.216696927174261,0.237089620872231,0.18347207985875,0.186450508790546,0.13168791769645,0.184903479048867,0.190729980715478,0.159092116208948,0.131755650979646,0.224568509694778,0.123756645550418,0.124512515336571,0.180888209447427,0.191805551085292,0.0884566360538452,0.149460764904252,0.0846733875294356,0.143399043918825,0.173276460410984,0.187340464128743,0.138236981610419,0.122858590317824,0.185959490587026,0.16363356550125,0.11494929536229,0.0854733572150528,0.205647228261177,0.181076488341927,0.0468053086008091,0.098505155075794,0.130837002162594,0.127211359005638,0.106371249982927,0.145812874887925,0.188915734453683
"brachystachys",0.133023497510703,0.203217157331313,0.11775023545527,0.133156813226535,0.319416618013865,0.127220248089449,0.175150685228751,0.228065899282685,0.184037450029639,1,0.39608756287449,0.287511758667841,0.250868632126235,0.167128713601225,0.188458772998917,0.124576883628377,0.170468671409522,0.295368767753566,0.130737277203456,0.122958172564064,0.126428420576509,0.150735626230238,0.169424511036,0.202496333017321,0.24937838004481,0.265072861602887,0.0711372998339489,0.224098697886168,0.124618154634963,0.10967316759979,0.16046814536589,0.347787144484829,0.304918032291089,0.0537017763658337,0.346534329010269,0.155165623521948,0.265329041587799,0.113594596246115,0.148065632451425,0.193738940485609,0.398717115355445,0.230297737808808,0.118281107642606,0.115875262234791,0.211117195006383,0.168862432772378,0.347569938857119,0.125713763257285,0.423946176771062,0.461550158086906,0.394806213269878,0.285216951063143,0.247962709745361,0.233730069013221,0.0882758709335299,0.0857558945095146,0.220806154060859,0.235915482553642,0.354270063470537,0.207374336114461,0.149814125623302,0.197859800162571,0.103199007427157,0.140284551608993,0.203209429546751,0.149688197099743,0.177381741541962,0.114489884578779,0.323595940585392,0.227032660164142,0.358245812204144,0.143016709751567,0.1662442904602,0.160762929905514,0.154937296397988,0.18858621605675,0.412072796623263,0.0784974144666985,0.167356223307273,0.111430740333663,0.129680380337004,0.217058261224622,0.363206364846327,0.247962281220962,0.282289235861212,0.231753411480332,0.193903160185781,0.120627571189099,0.121173389029264,0.314800102101229,0.353332214687624,0.218921481216867,0.136199514587381,0.14963922314188,0.159069584897833,0.356530214321695,0.128320173478607,0.222586596224517
"brachystachys.aff",0.188655763376952,0.195359849131445,0.090939409952376,0.157080771761711,0.284822786145471,0.132530790107956,0.181100109803136,0.199365442555155,0.124829217410113,0.39608756287449,1,0.353437930653753,0.272009331732096,0.183669580086012,0.253577218071342,0.191511128336521,0.163886477064055,0.223760702842762,0.142435845374335,0.146027780198435,0.137619361712562,0.10180469343699,0.183587670918421,0.232576287974644,0.229492918640167,0.257592007802577,0.0658236108161554,0.363577433198469,0.0983236143195878,0.112755181704271,0.165281894025549,0.284699876058289,0.180269019796451,0.0637831379453779,0.397523514234123,0.170966932343125,0.195116695669917,0.115521931376104,0.168332536749766,0.190766534790735,0.365758624105196,0.163152553950788,0.11762007726612,0.103172392351332,0.166672198743445,0.21024799233224,0.284863673135803,0.142005199525831,0.333956614898633,0.371099999494067,0.19675095693272,0.192643550853354,0.198617981899264,0.144239303767335,0.199993231526025,0.0970820437775884,0.226512531965856,0.181396816586004,0.248256979762474,0.181349251521982,0.138929464163208,0.14259095719226,0.115722943622834,0.124455531479189,0.217521826362622,0.194384006232604,0.136303743687221,0.133956639592825,0.223835306067707,0.222078195527555,0.375486435829816,0.1759916619052,0.167979353205708,0.189258284191082,0.418679938078793,0.199052437082908,0.211286007127816,0.0508090179787393,0.167563854198228,0.0749447445834772,0.125623686051985,0.23569729612083,0.210626047206934,0.155293165406362,0.147134824985685,0.187775575236978,0.204614671498363,0.147143967027537,0.133542040630891,0.292511724877203,0.18707585547014,0.218920509010378,0.173437489184864,0.1529107296443,0.197095851945746,0.29330838973966,0.136249966871546,0.163366636875938
"brevialata",0.190229185246668,0.16369432079576,0.109647740481571,0.154831127392045,0.263349866341924,0.175037780854841,0.148069327425073,0.141651494614688,0.0959648959810595,0.287511758667841,0.353437930653753,1,0.216864654273995,0.134213292539872,0.184665847355713,0.144989859851739,0.132007841541312,0.185704313691064,0.128730039092018,0.131559423497931,0.155965657680986,0.116781711428986,0.144435939342225,0.174554321880083,0.156212685943042,0.255203826760617,0.0683890324320018,0.198802690542887,0.132288700234506,0.142099053501569,0.133138189645197,0.24018951695093,0.155641016512841,0.0876298632358969,0.315508523966225,0.13966999634922,0.172144428836296,0.11982924012177,0.125138395355996,0.156831222796515,0.273312905323804,0.167273596376074,0.100221605120398,0.0957002965108517,0.145956938537309,0.128504310454603,0.259591187024358,0.118509842061845,0.279853572967415,0.296587318197691,0.156382381959836,0.135210107561588,0.139640224906972,0.148622821315492,0.155206202177636,0.106697526141082,0.167609617892766,0.144815482259872,0.266172626658876,0.13505903127768,0.130714141186068,0.13163572421491,0.0917081299251739,0.1202271191957,0.131439263173746,0.183664505866166,0.150614385005278,0.141513003496379,0.16688438873473,0.182808612435377,0.305248987497728,0.126152049893707,0.143063658371255,0.187368482541256,0.182498999866644,0.174481670628231,0.139188658639031,0.0751378957845255,0.130760131608521,0.10318430338041,0.116177493285157,0.20142446802914,0.130671694043052,0.143145005637593,0.131622178007037,0.152599366529707,0.170976523923472,0.135402075679292,0.1391521786034,0.283879884815949,0.181653771768584,0.219169813040124,0.117215571877039,0.129624970797739,0.167633517139701,0.263643113050572,0.129785142690458,0.152286002775552
"brevipes",0.145105572106536,0.193176318777956,0.0867399202006656,0.125991687036645,0.25795929212958,0.142810889723638,0.157485588598938,0.173979060837082,0.124359873717724,0.250868632126235,0.272009331732096,0.216864654273995,1,0.139719551176827,0.143584124104062,0.147255207314674,0.168826607134613,0.164887016213877,0.15123674976398,0.145137270782455,0.132955021632861,0.112611324846951,0.191857441785595,0.228253689117287,0.209592760686125,0.183353006088969,0.0828883831081019,0.199551852217883,0.085109676966107,0.114991672052243,0.15035575606045,0.169425508323446,0.169185458611052,0.0537538243173504,0.277217537538526,0.175466958142432,0.195560877321853,0.0976259972028373,0.158515370115873,0.21843789993025,0.226786198967276,0.159003330201255,0.104282271897312,0.119646777933636,0.138189200589688,0.166608785328256,0.192708159640845,0.118762229428688,0.252016326880385,0.268225876146369,0.155641968806993,0.141095668095597,0.193054697166985,0.146461166021168,0.107052188140831,0.07180043612872,0.215410131175113,0.139555307824804,0.211023869759867,0.189731291332682,0.125186822444044,0.252136557047548,0.100855886004706,0.124350220319782,0.13315532157107,0.119327550466905,0.15252985406982,0.133408351298592,0.220789011138235,0.234736984572157,0.271777006269644,0.142394094242932,0.136215037650257,0.138146330297059,0.16039696183034,0.194760262873463,0.168368377691965,0.0512235482872027,0.152356976128407,0.0698071812993212,0.115892090767216,0.206928837953358,0.152047916500317,0.170858472784932,0.157953603900157,0.163530820896783,0.159843880720674,0.113609953579599,0.103846130014225,0.227185651253969,0.170196917747389,0.135214832850837,0.157190608718949,0.140080354304427,0.166168208032718,0.190372209369537,0.12736174364004,0.126310608510975
"capitata12",0.184600500876238,0.258147062531281,0.118043287285926,0.232527743739169,0.218499622030042,0.164946646364681,0.215240832210285,0.182056353595131,0.179137234731147,0.167128713601225,0.183669580086012,0.134213292539872,0.139719551176827,1,0.175867499392004,0.324499928282669,0.253878657888576,0.233948696601798,0.183828221287682,0.183520547667573,0.187771588858276,0.216700827921933,0.227823271029782,0.238061190749468,0.216543722835701,0.10923011009156,0.0929231517982158,0.154683479656408,0.107127514572488,0.166633671188601,0.197789289173183,0.138216291261814,0.22428626844454,0.0996233701544847,0.159461297885659,0.192005822551699,0.202243884394886,0.164220778952806,0.195021877327139,0.228197982571166,0.183268744081962,0.216946080058378,0.130906440601138,0.14838652504956,0.225344576357232,0.144744138513277,0.103050648026117,0.205211941129841,0.196415652135652,0.187119147231631,0.182330260140783,0.193090097630229,0.215661237214236,0.163162504210727,0.124303193501809,0.116662180505848,0.250226679084648,0.201558201720153,0.235790725283609,0.204929915744146,0.194036541018852,0.172475877014171,0.169066689082472,0.158111747974353,0.188254006427057,0.208811860385047,0.169719794050805,0.189943602894754,0.229905843018997,0.248343465460438,0.187815173278122,0.177214462651175,0.19901624235786,0.187278924144876,0.158643085084342,0.193973922897218,0.200173047889801,0.0707963217893476,0.196017763247578,0.112207979719182,0.180920486810264,0.245250844524355,0.166869216073882,0.192238059373295,0.145581552980729,0.224503487594303,0.212932134885161,0.146676724275802,0.125924601731428,0.210897901871362,0.206489518052528,0.0841842134380981,0.106620218908261,0.134560176269241,0.20444534528763,0.116331642499608,0.155695526174721,0.180438023165765
"capitata33",0.203638657673056,0.234456872998914,0.110814668992686,0.201533018329744,0.196515282688476,0.13601123310008,0.227489860116837,0.219333073139481,0.466908686989579,0.188458772998917,0.253577218071342,0.184665847355713,0.143584124104062,0.175867499392004,1,0.183117200483905,0.225859567830405,0.232231558016154,0.148903362897944,0.172142125544404,0.166430719780977,0.147648238675063,0.216444216404725,0.233698518107961,0.233011165319388,0.0903447555334448,0.0862960893662614,0.258596484790238,0.110707629103774,0.137067102637821,0.160351360458699,0.0884797842043162,0.251959101805903,0.0703958278092228,0.177981811888774,0.197640930646765,0.2414959459202,0.127695217431415,0.149772971123162,0.20524227234781,0.1694325862704,0.215546042889087,0.158515005265533,0.128786329863386,0.175455038518779,0.161115753480399,0.101987937486585,0.195852102185319,0.205435188845314,0.198329488666476,0.189845575806921,0.20046147545425,0.192944880427974,0.176623068167211,0.164112427588774,0.0975651575537201,0.229344638368931,0.19012606143795,0.152764953183341,0.194294109168384,0.16901574480329,0.181961974817532,0.131620142054334,0.200100964223411,0.23973958525462,0.184468685375736,0.203170622335065,0.163419351429936,0.231552903322787,0.226547029300323,0.189743524958361,0.160193309053419,0.18979552944422,0.161664028456359,0.325024875538193,0.231438729106926,0.201461153282265,0.0677407521937006,0.167698823516514,0.0952550366583109,0.142129205620727,0.221536024435301,0.196137828411053,0.180925850835737,0.155004563713662,0.23867532205822,0.227218465580438,0.196481581336105,0.151807159119664,0.170854742206136,0.193210514608486,0.0502734699426329,0.138110683542633,0.166756684463997,0.180568573650092,0.109806012524356,0.176251019450039,0.182311250674738
"capitata35",0.177379002130896,0.229147103620529,0.0745925416824548,0.251257323255106,0.153466341342924,0.155843117465438,0.141438370883286,0.3145516654142,0.12301764071538,0.124576883628377,0.191511128336521,0.144989859851739,0.147255207314674,0.324499928282669,0.183117200483905,1,0.174676746611353,0.169973486125091,0.167171178779968,0.151320346002713,0.148751870418331,0.159973042714615,0.225318575178183,0.196402362047113,0.198261304510993,0.0821408249519742,0.112387963610649,0.223860662920281,0.0786232988628499,0.113733368392385,0.144278324107146,0.0797105940380215,0.195311345533824,0.0635816769289792,0.147388292012616,0.182686843875604,0.146146288332938,0.130321441363609,0.200247665924745,0.176164742080345,0.136576618055867,0.170746429042944,0.143721869374294,0.133137347083776,0.130455645873188,0.165210328970194,0.0638082518681998,0.150377460368327,0.161409656896941,0.159887891093203,0.14553273533738,0.142370797661847,0.213145175726914,0.157306563573567,0.136626233636659,0.0894632300318965,0.177047355220787,0.123423656017392,0.123035888211982,0.187515657028003,0.150990106365642,0.139544312918337,0.10665052438339,0.105977511465579,0.208892207209223,0.166634812900558,0.135806076016832,0.22941128227924,0.314160598435776,0.171273710337643,0.210087498654767,0.151698512571179,0.177172275576397,0.153490277908588,0.224475688726662,0.181444287123833,0.146471728614768,0.0488406321349834,0.15116816924532,0.0687651308192065,0.119483464405442,0.21741521253103,0.156343634755443,0.149522960493298,0.169404569551551,0.190412922221094,0.354986874564133,0.168149589126384,0.116126890487589,0.126201199023447,0.148067060952166,0.0443061355228721,0.165836615254895,0.147698033904083,0.225227423169884,0.0634947950203689,0.138239229883916,0.147639384671892
"cayennensis",0.213874945259027,0.23371605565962,0.109943158558379,0.163043500494266,0.205572439663267,0.159064692949423,0.225028292377391,0.209427422439338,0.163513817413398,0.170468671409522,0.163886477064055,0.132007841541312,0.168826607134613,0.253878657888576,0.225859567830405,0.174676746611353,1,0.202082996472492,0.18683129242295,0.194945476914052,0.163647233973604,0.140646788806879,0.218647303850165,0.219239801603486,0.24172463373707,0.0850134312055674,0.105096132486878,0.232652357841486,0.0958999293184794,0.142222186102877,0.189004420135029,0.10340893904932,0.231220276436364,0.0783014741403978,0.149265882280866,0.265548625098654,0.217917002559886,0.138722316110194,0.182172616361321,0.210352612310111,0.152980387571099,0.196952999553855,0.147814673022009,0.159156968190753,0.18582592765823,0.121258042042635,0.0996641565043399,0.182335183687348,0.208622770304638,0.225628670064871,0.163703610799584,0.205981929022251,0.228941926974636,0.19884176901218,0.117226544894055,0.104534234013441,0.214989654845243,0.189347672526563,0.185018541443454,0.223123846026249,0.223575969598795,0.221500276030369,0.139896924590054,0.146633892348943,0.168441890667472,0.159976507154239,0.149553610052536,0.205558289359736,0.214672129281469,0.209221242622065,0.227166925709522,0.210669325992189,0.170728804318388,0.169683302860676,0.200879655043725,0.209494111012818,0.199282038116151,0.0589306964887916,0.199482241031201,0.0988709110904347,0.159644655218889,0.205595824300448,0.185679708524903,0.241576659905075,0.204394494435963,0.224050351301229,0.210292219236695,0.158251453611041,0.121641624572339,0.182392130604911,0.20579655138838,0.0528928859042055,0.160344498874816,0.173335857891899,0.192408837999349,0.103622101280472,0.161007829208494,0.186818440944502
"chartacea",0.207704355890089,0.303715962193718,0.160951002922296,0.206533921591353,0.25961323117448,0.182970080473309,0.258504158763811,0.267336856157391,0.194490482238131,0.295368767753566,0.223760702842762,0.185704313691064,0.164887016213877,0.233948696601798,0.232231558016154,0.169973486125091,0.202082996472492,1,0.174491628284772,0.164975719626575,0.201735664010916,0.146479387839599,0.196954951536526,0.246290439581825,0.29739894812441,0.202874529982525,0.0971822215477219,0.23202401435753,0.341189719142318,0.165030178682639,0.193266464307137,0.125031336547935,0.332557167872709,0.101503039084865,0.199613531638402,0.213870124319544,0.266119475274396,0.150558618413937,0.183956825622685,0.213553076516217,0.226307492199543,0.37077589574025,0.146239711940215,0.186421690981064,0.269806278443384,0.156748825641544,0.158646348574325,0.153247774362578,0.280719727518452,0.296258386663707,0.364860793574158,0.242553530035001,0.254123248320186,0.358066286869266,0.122523650358522,0.121467373908748,0.278774586089733,0.245830027514011,0.201424674858943,0.248249797869915,0.197797425535835,0.242557858107817,0.154174532607839,0.186705057887495,0.238636649371306,0.237596676001011,0.200418987679651,0.174031135947572,0.314882624921951,0.398217214607677,0.253873966385571,0.187088737796672,0.249194867146096,0.212297521165003,0.21716041968454,0.255116335381299,0.361691661919403,0.102876905859555,0.226448987804878,0.17980666189535,0.254224212190919,0.364583060926836,0.263748353480102,0.272999274051703,0.282590141568522,0.220716054286549,0.260151043891221,0.135164087155684,0.17716772898369,0.266148394900402,0.355660917057035,0.217210584577974,0.131493194137841,0.186976206538579,0.183588336054489,0.163802519982848,0.186041604020732,0.268935968957195
"cinnamomea",0.190035689248618,0.199813731663532,0.109607496598188,0.19765737848502,0.181347401058873,0.167700221131733,0.174495265862737,0.216145651373771,0.116335865415236,0.130737277203456,0.142435845374335,0.128730039092018,0.15123674976398,0.183828221287682,0.148903362897944,0.167171178779968,0.18683129242295,0.174491628284772,1,0.161256722581366,0.151461431443565,0.197376594696981,0.26348903673022,0.200516613842823,0.286568266547286,0.0812382263269794,0.13130366440041,0.180964787970159,0.123398246388339,0.152174549882187,0.145319681646294,0.0801419460664161,0.19137310963056,0.273667418135202,0.176695165292087,0.169078441344971,0.174717780600344,0.191350340083183,0.13198338252645,0.19281758333507,0.116267098439434,0.151758719641716,0.153924585279937,0.120426290949918,0.160651702956318,0.12403213953048,0.103853095160478,0.164812009327817,0.14638790931586,0.145283514953378,0.124084560851811,0.160390044591258,0.224963079228459,0.156081173767649,0.115550032204125,0.0848442901669628,0.185903412907278,0.174294965544511,0.134102089974143,0.182101209512862,0.191710849026474,0.160857522561514,0.175136485660194,0.162799927360999,0.202052892536825,0.139818849916612,0.162490023662929,0.192981857395446,0.165089826111134,0.210104998403822,0.167897177371378,0.175361564921689,0.187975175589994,0.182018757589163,0.167270815562901,0.224077074656302,0.146804355076528,0.0769876122491921,0.176027601912937,0.0786764135098242,0.160145926005939,0.211788856908588,0.159649349435281,0.227330731527014,0.126971537671497,0.179800112507331,0.160039872747899,0.186382609134171,0.10521167365421,0.148875341821986,0.148404851846869,0.0570281716076281,0.139799869389972,0.158647954248016,0.212464059560885,0.0871870081006877,0.171740807266079,0.131380667482094
"cocleensis",0.16572720260955,0.175600213415428,0.106393893190362,0.181013134888195,0.186087118427975,0.15858399061474,0.196240399347293,0.149355139807512,0.165953276799236,0.122958172564064,0.146027780198435,0.131559423497931,0.145137270782455,0.183520547667573,0.172142125544404,0.151320346002713,0.194945476914052,0.164975719626575,0.161256722581366,1,0.171057479885263,0.139384574889135,0.176295864769547,0.183948946304788,0.1731232597113,0.0943849107602067,0.123782389895224,0.151609478552628,0.0987689141357645,0.140245191702371,0.184903051883142,0.103576368579655,0.176898734624757,0.103937058787937,0.155229401888147,0.198997523480489,0.158484405701086,0.149672034072177,0.132524737218998,0.209685902471701,0.124303230096633,0.168681204218881,0.148564145975593,0.129937199012267,0.160485643734326,0.125530615130315,0.08621683165098,0.175634355809979,0.140642719269964,0.158448310092935,0.158335338408046,0.148659184520051,0.161575753295904,0.192970038805279,0.126335729111852,0.109156743177077,0.202595715405154,0.154707334556489,0.148862494187963,0.184830834719254,0.164518632138682,0.181025438345381,0.118369876379259,0.193095565243757,0.142170420497703,0.164415871119977,0.163108177750092,0.183853365485923,0.17401875302423,0.193085242314345,0.164011189435679,0.126147587572131,0.163892397493226,0.148542784351651,0.17078284566607,0.17806787363355,0.148994033145847,0.0956741126895344,0.181368728074636,0.0906444488222024,0.177053237319551,0.186321723254934,0.128980313024635,0.18027414203985,0.127815137218081,0.231784446010246,0.204863857729093,0.164549265816769,0.139529129153786,0.200288391700126,0.169817132651321,0.0836867677081201,0.148356204483793,0.139455756126069,0.18660634354637,0.110050519996524,0.180458308881353,0.13030066146513
"cordatoalata",0.165476713499295,0.200964728074563,0.137141199331011,0.175319054578249,0.185630901825805,0.142863209357837,0.241605303636486,0.124523084623221,0.126964235790807,0.126428420576509,0.137619361712562,0.155965657680986,0.132955021632861,0.187771588858276,0.166430719780977,0.148751870418331,0.163647233973604,0.201735664010916,0.151461431443565,0.171057479885263,1,0.14433600265443,0.174046910931168,0.214063378578439,0.193893337147506,0.111836320032997,0.105616480645979,0.136081807122739,0.126078585360383,0.172758181372024,0.273720527793668,0.103763287590814,0.157010038862477,0.0964709779120322,0.177416882267878,0.147171895003836,0.180099068975631,0.142584256740125,0.136669222074205,0.205340781907057,0.121764117036781,0.178312660767621,0.118433744417634,0.133895221337326,0.180518697639067,0.142778633155551,0.114183683768691,0.166925134380978,0.142113696692524,0.14017443062991,0.149727274584525,0.125419170480095,0.139719450159532,0.13443034902642,0.280313826288739,0.12579138775428,0.198412751936155,0.128835727142181,0.138160074824087,0.192000359138548,0.154818689350415,0.161234503502672,0.122084863580911,0.148139898929548,0.159998411850489,0.180344446388591,0.139755255113265,0.227687176708855,0.183058885287591,0.224263318452626,0.171148687510311,0.125655583295573,0.172179790518516,0.176873731613128,0.15326546439411,0.187268992481412,0.15083170713587,0.0792544407492522,0.147410009517872,0.10264941262015,0.151469415609206,0.213843557701839,0.107626027042491,0.167229192931851,0.10868415565234,0.17756875192819,0.188186582435804,0.132806410517349,0.144090826594973,0.191751312262031,0.161372096320673,0.0884344108667129,0.124019658760161,0.138898738142432,0.146610747166048,0.125176584993936,0.163555370801906,0.170082493035911
"coruscans",0.15367097615197,0.166643298142416,0.106338959623259,0.213407276822072,0.15546114013084,0.129516025985261,0.175370903192759,0.127617990322085,0.132119297101666,0.150735626230238,0.10180469343699,0.116781711428986,0.112611324846951,0.216700827921933,0.147648238675063,0.159973042714615,0.140646788806879,0.146479387839599,0.197376594696981,0.139384574889135,0.14433600265443,1,0.295007340719291,0.178551839636025,0.227753849789817,0.103834427168543,0.07275413727756,0.10713489672512,0.11475742395607,0.116224977121688,0.158604322519551,0.158432216542174,0.166584297679551,0.14201442640608,0.144134841012075,0.104876879970712,0.182628037008233,0.145848268752195,0.11396700312876,0.143419376493986,0.117545355272619,0.185738611813862,0.0999119951044586,0.152827172339094,0.139306398247674,0.135278613660217,0.0847080673534294,0.143627694697485,0.133343085656614,0.134708207830849,0.13638771081595,0.134321257718282,0.120228128516711,0.147898257967795,0.121818973896927,0.156364866941168,0.187073672644512,0.163932982327371,0.137620712443173,0.119728267315235,0.156355269336203,0.157211143129572,0.145070198681595,0.176228761579868,0.17195186802753,0.136437710183813,0.127333041735465,0.174994414372104,0.164290836314586,0.176208982971396,0.120648722787808,0.113369506598255,0.13818599281402,0.147797858235085,0.10917220961073,0.184548406406642,0.148593997528562,0.069452820258886,0.106064973552031,0.0749440374271947,0.186959287701281,0.144256123910078,0.140269334255187,0.17211907294406,0.10067164148434,0.231732154801256,0.162354318928045,0.114080446486629,0.0946656484378347,0.161926380386803,0.146695692736706,0.0546936680158663,0.153507563904358,0.113731127296995,0.106364172196993,0.109338530411638,0.115174304139569,0.140373028637388
