"","acreana","acrocephala","acuminata","alata","alba","aria","auristellae","bourgonii","brachyrhachis.aff","brachystachys","brachystachys.aff","brevialata","brevipes","capitata12","capitata33","capitata35","cayennensis","chartacea","cinnamomea","cocleensis","cordatoalata","coruscans","cylindrica","edulis","fastuosa","flagelliformis","fosteriana","glomeriflora","goldmanii","gracilifolia","grandiflora","heterophylla","huberi","ingoides","jenmanii","kursarii","LA17","LA41","LA48","lateriflora","laurina","leiocalycina","leiocalycina.aff","lomatophylla","longiflora","longipedunculata","loubryana","M18","M25","M27b","M30","M71","marginata","melinonis","microcoma","multinervis","nobilis","nouragensis","obidensis","oerstediana","paraensis","pezizifera","pezizifera.aff","pitmanii","poeppigiana","punctata","retinocarpa","rubiginosa","ruiziana","sapindoides","sertulifera","setosa","spectabilis","splendens","stipularis","striata","suaveolens","subcapitata","T18","T21","T29","T50","T51","T82","T85","tenuistipula","thibaudiana","tomentosa","ulei","umbellifera","umbellifera.aff","umbratica","velutina","venusta","vera","virgultosa","vismiifolia","Zygia mediana"
"acreana",1,0.267329990548842,0.188740447350045,0.23284804774039,0.211821562023082,0.161665706797772,0.22486797515336,0.253881872860588,0.164783666656874,0.187375477514468,0.147488984724813,0.165082801133094,0.146499694842987,0.217808728337969,0.218034781029589,0.169379635629146,0.114673591991013,0.209628192206033,0.206168512945586,0.163449196874882,0.200855825164456,0.110805815625321,0.240296988717514,0.192864529280903,0.173436961027143,0.173909019573717,0.135174840899169,0.250008942046549,0.179042536711309,0.169617308715725,0.213581023814612,0.189601664111065,0.235585469319388,0.209770524697244,0.139915965016356,0.161658316122717,0.225796151081492,0.189609608559512,0.143651406808991,0.242801322736767,0.193584554879492,0.186377591715886,0.168007952465658,0.202152794463528,0.254695114757462,0.23511721002411,0.122461832812817,0.206398575259484,0.17695533641867,0.162673273982452,0.200510527527729,0.205131916515324,0.194666335792792,0.189601633939188,0.178193844043749,0.190221463057687,0.196483310478384,0.15014214098713,0.154808370673878,0.182578687937568,0.189866864526022,0.225059813894079,0.267776060412969,0.223681413504798,0.247739673421402,0.235222748123198,0.145769612518732,0.291172031647773,0.255709327997742,0.226941974215585,0.129912579175031,0.136749722774056,0.241742159846831,0.172491727833769,0.240163640235312,0.212825408460302,0.204146735383074,0.117800008170323,0.220494035847516,0.240813110902532,0.161565632199186,0.205360416993805,0.18594387986337,0.235890916716308,0.185365350740267,0.176391079910369,0.181672347109101,0.161550012389897,0.17004420491467,0.136339645142742,0.265292138290593,0.14771692522868,0.186888594016979,0.183073100751553,0.283513304532764,0.0861103699030415,0.15368003631779,0.228593150136044
"acrocephala",0.267329990548842,1,0.210388079220162,0.221485413635352,0.281474839750955,0.10710420038098,0.238593850756971,0.30461758284208,0.191717639996358,0.203694672888703,0.256285998307282,0.226591546475803,0.14024878822724,0.265833506435869,0.223703630800787,0.168276243100069,0.117411668401105,0.225500638614478,0.206775792207505,0.195721948233542,0.213906456449218,0.0996582952397741,0.212366192284384,0.193896801402898,0.224015432413536,0.180035738696003,0.161695536707155,0.31928462152311,0.228872009360084,0.180988244397256,0.316585044532061,0.186616894619717,0.268232154830416,0.231728879199635,0.156574009366702,0.168325062665422,0.23662485242613,0.317850618122233,0.180935021423482,0.245005228520428,0.219910212368088,0.270555676623022,0.164782214942233,0.233368190291826,0.207114150578271,0.192288604343405,0.123540980081501,0.380502937990004,0.316441896214936,0.173664595150089,0.208954704052702,0.322417636050494,0.17429900928002,0.331914559600346,0.169758132573331,0.224995994691801,0.22273726664016,0.138031477220847,0.191581561014121,0.162341700690045,0.213009291896082,0.266158201396789,0.232791880132582,0.226613673139188,0.274830887743761,0.226474484411474,0.195507049329063,0.350269715215987,0.280196887070945,0.218914579357227,0.135131388353916,0.133109431786418,0.367061313716702,0.253384033490112,0.253344687781657,0.42257133278903,0.296532852051752,0.123740138624258,0.24001260274528,0.26543728648926,0.15934661577671,0.253117000524139,0.233817638103531,0.259485915582413,0.366915709851036,0.227392344853921,0.134827496675062,0.169438417654848,0.181461082943224,0.125230148237316,0.332578444232848,0.173239752493225,0.151965859845422,0.297122002672458,0.201916549237035,0.112964833839736,0.148330893832919,0.234333495827147
"acuminata",0.188740447350045,0.210388079220162,1,0.169311239085839,0.225912782964718,0.0972862283271718,0.18980386129068,0.218361979681905,0.160091693889561,0.144960362372205,0.163122254801532,0.172268063872785,0.138051686340875,0.189370633530977,0.178959057346865,0.160974611190618,0.0985678207699876,0.186896394383717,0.162142794685671,0.145866177355548,0.189905162869283,0.0976069551163703,0.175400912002154,0.161442914185598,0.257590575921014,0.170472363770991,0.108083583241069,0.228177132880501,0.208343411396105,0.185446919281967,0.236825084569683,0.143764331534146,0.22274123160852,0.175437022471365,0.130255204179959,0.12687379006832,0.205066058679063,0.204855020847306,0.155869467233149,0.205252320883661,0.151491567913022,0.186331259194463,0.137904739311114,0.181485191420291,0.144274342740123,0.17879507363848,0.0908897122155469,0.197573979788791,0.15127753933839,0.140453281472979,0.185060438145995,0.222659363561387,0.131482585293662,0.175001857388383,0.15436184639575,0.182203196583946,0.198764688620839,0.123082858863952,0.149572641480624,0.130649434668377,0.185681724482103,0.183641806944206,0.188540633571806,0.202647345909506,0.19128951406675,0.193887416361982,0.135637912121381,0.216966258858922,0.229127721297076,0.19667235389511,0.138260558370263,0.144357484412634,0.251383677389621,0.161972071821033,0.20611935058286,0.200263171020245,0.222704979872677,0.181966082624922,0.167920049170944,0.192316435405122,0.106727489511106,0.209986519115201,0.160276540175554,0.188615760647914,0.201371463934399,0.207807123552913,0.125628753521643,0.173772704111783,0.163092621653436,0.0938707144555219,0.220664573638718,0.121900385021267,0.136270936383146,0.167869555732599,0.146085232860295,0.075574998152837,0.17029002874326,0.198574182508768
"alata",0.23284804774039,0.221485413635352,0.169311239085839,1,0.216551532029548,0.0928654612175375,0.281011097696636,0.229574245531771,0.29399031031034,0.174073055181228,0.172908472471557,0.20202785441011,0.157194491993034,0.277904157207338,0.248348170603825,0.215187095519446,0.136894755893702,0.294976554845063,0.223378315275756,0.215668050853261,0.260242604493879,0.151144669248078,0.243013339666037,0.298567947563693,0.15921195878704,0.2285328944645,0.158711773992518,0.254387191391617,0.167461332243884,0.159211161527536,0.263685027445752,0.168936272894061,0.31752990592034,0.213450923809661,0.160468546612145,0.198552896005089,0.193632884822449,0.164552199270501,0.173517615251153,0.215813130974671,0.20108430254451,0.219042629133961,0.190470201934672,0.197303188943449,0.222988872528328,0.190256390782642,0.198239491325401,0.17618024556438,0.192760645430489,0.149045160279798,0.206402058403439,0.176251432743424,0.229961392946419,0.212046262759677,0.165299195845806,0.265085531010753,0.236014124600967,0.213026965115325,0.184310443806111,0.171108626258365,0.211235327365854,0.323941488980865,0.246091410929333,0.234419256434052,0.258709528001407,0.200870504134398,0.163509256256868,0.249542921090944,0.187656511446752,0.312325661643943,0.190565032269687,0.108872229342677,0.21463954756216,0.223711256705612,0.181433795033386,0.206518129383083,0.192196038416224,0.123565560137984,0.191529156010692,0.257244598231496,0.202299701146111,0.234696261725908,0.192036029973798,0.284935047585638,0.183538019409247,0.198373709419384,0.221603053097762,0.207496451441029,0.146126052888657,0.239142685480611,0.172111738658905,0.213248398119533,0.130885380935968,0.173025210040736,0.162999250618447,0.132701815415751,0.187768200033583,0.248979812983307
"alba",0.211821562023082,0.281474839750955,0.225912782964718,0.216551532029548,1,0.214690768165305,0.246201094946934,0.272217385370529,0.186952149945512,0.262288698475055,0.332163400549033,0.307306164347515,0.236386601041705,0.250712051604637,0.241535387598449,0.187240729449476,0.137699563174799,0.262135839935773,0.174581220023222,0.189952056095974,0.247333854033041,0.113725903369232,0.21337366683808,0.21022286643924,0.225825723127211,0.266557833589955,0.157226024135215,0.285590418593809,0.260709189094701,0.174723675046029,0.312194212494286,0.274505047574729,0.270437275332309,0.253900447851107,0.332145989032944,0.161093745621017,0.217231206402155,0.27289854760546,0.180493841362684,0.204499339616312,0.340873485590518,0.242863642657726,0.160031947451958,0.271707871034302,0.170542292350431,0.172142838366471,0.237822918682147,0.252070452017438,0.347624601414405,0.268821664720769,0.188691978941758,0.273407383181816,0.182898048617092,0.311000492596658,0.194274550350335,0.222914926573171,0.205189185676709,0.14199015570069,0.292420646227631,0.18257147050804,0.203500450923276,0.284216363107586,0.264517020061603,0.227918754515997,0.268637943504464,0.214566044133025,0.166101288532848,0.271024359705351,0.234824744465743,0.228476863703143,0.242808875829951,0.245203144955083,0.292648467383965,0.227132488549391,0.239167426689292,0.289298068493469,0.272668818645333,0.107813209893949,0.214514475848138,0.230721289268954,0.168037004925839,0.26958790001266,0.223309374190511,0.230891701108689,0.242508819387731,0.236607275206298,0.140664122202139,0.161898938699499,0.181442452375562,0.233055657003541,0.26797003366324,0.258013169500864,0.12615245057306,0.254530081073491,0.210000418395865,0.202993716424483,0.166087132107879,0.267528260961869
"aria",0.161665706797772,0.10710420038098,0.0972862283271718,0.0928654612175375,0.214690768165305,1,0.100715879579309,0.130159326862684,0.0683682438229544,0.0774005840182749,0.0718082208012324,0.069546142624681,0.0637187414730052,0.10151068065011,0.0955922040247695,0.149237839114194,0.0784078694747695,0.101739072152394,0.0935403048807644,0.0928595728162733,0.0996071454776545,0.0671833845227366,0.107942289117797,0.0986812971437283,0.0895899334151993,0.0719435383995831,0.0631586374786974,0.104489137633264,0.129889585511083,0.0920291788559435,0.119259144394457,0.0666607514766039,0.0994296845691617,0.103065937545149,0.221979377778894,0.0850120496618758,0.0886739019670951,0.0774215756884222,0.0676001708627646,0.0847171397416537,0.0873854665412455,0.0782137431395085,0.0903562654958336,0.0882157814781896,0.101260168908521,0.0936585029284069,0.0544210673129776,0.090956155867496,0.0840948887208753,0.071265577458001,0.0991407003447595,0.087374014765985,0.0858284768573719,0.0860429077928418,0.0881000037175788,0.08396216145165,0.0864501695484777,0.0736921998673887,0.0926245200045175,0.115495708043557,0.0936512654330135,0.122377824954316,0.102806659822853,0.119328231117594,0.109270257305282,0.114056309716708,0.069799213261608,0.121603571115262,0.134354906762135,0.0969574344344732,0.0613961769321702,0.257511346697946,0.108463044215056,0.085659356889124,0.091786312771706,0.110572076400537,0.0885973084646653,0.0979274211300001,0.083152818790968,0.0947004577915016,0.0955797241260818,0.100628374797834,0.0882620736493949,0.0959516546297141,0.0773876095766057,0.0909808076120329,0.0670280809042475,0.180053513579907,0.0712171258645138,0.0695206396731173,0.119184259323497,0.0613634478189621,0.0610779271636721,0.0907366309879659,0.122770178289643,0.0431860007302402,0.0835244221037477,0.108018133510333
"auristellae",0.22486797515336,0.238593850756971,0.18980386129068,0.281011097696636,0.246201094946934,0.100715879579309,1,0.2516554276159,0.260683139433541,0.178324779221579,0.173042532234354,0.217158747917769,0.161510796748902,0.260830668296141,0.257041803860027,0.192599823457814,0.148407367794979,0.282773047608771,0.236495470383167,0.24021597306428,0.213483583615523,0.149445846531606,0.25445208901323,0.281550243835903,0.223150998173365,0.187495919057344,0.152960722421205,0.240483593689271,0.181976058816212,0.18758343491473,0.233592320403999,0.163801374835941,0.308473875203043,0.254751202384839,0.176698462151348,0.196270359711066,0.202858594669396,0.192943454213977,0.174487715233485,0.202720176589695,0.217198683094802,0.207685099007839,0.210561657425508,0.21861962927669,0.202149445523549,0.201651659984715,0.128469691196204,0.194618636499029,0.199578263946795,0.183252426286931,0.190794439965552,0.188327613676042,0.229339007442478,0.241594450789912,0.152073652592843,0.251747752025629,0.202884606820948,0.184421584499036,0.167602128151847,0.207310284745343,0.182493124467073,0.297586607365529,0.209076323202851,0.247363473791572,0.248976187681411,0.23425050367546,0.184385424780968,0.24476310355608,0.205682842639618,0.254641017722296,0.168201168805235,0.124603096741431,0.218852703049091,0.215671894990208,0.222660515030798,0.21481265942708,0.193046963648421,0.113277838746864,0.166889602811332,0.258426525535773,0.200790951248466,0.220554665266262,0.216747201200372,0.250633836307859,0.189643325900634,0.220392757912183,0.184414306354631,0.215907594338068,0.166075950425239,0.184827492544823,0.194536581633764,0.180647659507612,0.137023213669515,0.197970973847977,0.194249324237873,0.134132516722169,0.197486700056885,0.268018245992695
"bourgonii",0.253881872860588,0.30461758284208,0.218361979681905,0.229574245531771,0.272217385370529,0.130159326862684,0.2516554276159,1,0.222490877721741,0.165935681332797,0.238848113325632,0.23299487658787,0.139450446036227,0.244989504385812,0.227529341262694,0.177894650814083,0.124396626774798,0.263040513428411,0.188477172802076,0.204965872847865,0.197633317475585,0.131073145365654,0.218491779786407,0.219412683942762,0.243032242130568,0.178835740221635,0.147171420155339,0.305251691446645,0.182484512281893,0.243895437591576,0.324469726560121,0.154411486786926,0.309762035515871,0.239392941919621,0.17559000045228,0.209968432833842,0.21638666401596,0.252108012378332,0.202105771338438,0.235806014951764,0.250392746505955,0.23340991518562,0.156219853667167,0.24082113280141,0.249727904870672,0.191892209108371,0.146863298740961,0.272192923198711,0.24161952351133,0.197758983423508,0.19931557916575,0.243613425562561,0.194744775953443,0.313056455108985,0.178563269418191,0.28819975778836,0.257302974110563,0.174431211844329,0.234514077932988,0.145645858377777,0.204937853879025,0.27275388100922,0.210598010973809,0.239111722185178,0.289192298298402,0.211723677593379,0.174222378671017,0.264156326985544,0.249855375292995,0.248443362010412,0.146730389700699,0.150352935817347,0.330993635648456,0.261939542678197,0.251461245036998,0.292602882754806,0.305523710296749,0.107128538091674,0.267386218261036,0.252895334406076,0.177274139236801,0.276709770393272,0.247613819085074,0.293948707106978,0.288682270119318,0.254484646982309,0.14991474958016,0.195334889696978,0.202398348847871,0.127091242918451,0.362669394382464,0.176783383037886,0.198591252116103,0.24730048589407,0.197946870354263,0.146402511791182,0.164314786669207,0.237083619640581
"brachyrhachis.aff",0.164783666656874,0.191717639996358,0.160091693889561,0.29399031031034,0.186952149945512,0.0683682438229544,0.260683139433541,0.222490877721741,1,0.154845674046898,0.145800894039883,0.23176089283952,0.141855958871232,0.220446655533156,0.200422160455569,0.168871822019041,0.172377614120111,0.292347426969655,0.203251858984283,0.252754459344797,0.180067834114955,0.179694060432494,0.173784738323211,0.327789789392977,0.165514918310571,0.192842300997138,0.121037893537696,0.240610740994273,0.16566071888384,0.134310253388502,0.216812226975107,0.14743223465518,0.308830059962479,0.236509181116281,0.160776986741497,0.183519677923753,0.17197388684295,0.158756543333395,0.338154987850012,0.172009731771581,0.216355241356125,0.169259370026972,0.172633797308943,0.202946951865267,0.17628072189233,0.154316015593157,0.132073969695772,0.149555996654692,0.175670444937903,0.146264229130241,0.181537755564939,0.150067523122462,0.188062118163625,0.214922485140214,0.12958141501939,0.274907657540858,0.154906968608663,0.219605334820318,0.143053712082754,0.142944552878387,0.15446671937427,0.325863110348764,0.165165445314192,0.183600249278523,0.178429004898852,0.17160284990834,0.131024333830403,0.185203490382466,0.16608886940378,0.215400122772354,0.212004058543496,0.281819932249564,0.182083731042425,0.259975096347555,0.143364799671445,0.169845260947592,0.195743728895252,0.114116182202512,0.168617490054503,0.232841266345949,0.257709906344111,0.192777336359103,0.190959072625736,0.215994612037051,0.164929648836202,0.196047506299453,0.236365794613968,0.188084334158396,0.135195256838666,0.195243698407683,0.147450942212066,0.201419975016474,0.110880785543618,0.184896619625152,0.143322236146651,0.175632418242276,0.210984165029849,0.322552151873672
"brachystachys",0.187375477514468,0.203694672888703,0.144960362372205,0.174073055181228,0.262288698475055,0.0774005840182749,0.178324779221579,0.165935681332797,0.154845674046898,1,0.33019487548406,0.308902053551552,0.204218912559824,0.167844126948843,0.161599679959472,0.137793878156788,0.0775065591683532,0.167305276185362,0.156971013836482,0.144540833520815,0.163913909261749,0.0776350466149768,0.149487448661484,0.158704026864957,0.115592065926447,0.2994707286363,0.0919038137475523,0.164401297711668,0.136649974524898,0.146886035146365,0.183006705469344,0.486862025434338,0.177916969390288,0.135061190744795,0.299651123429293,0.121142830086675,0.1379823070562,0.128672087850531,0.122623216555962,0.14824505852718,0.337651943754422,0.142305506336576,0.100461023341963,0.137679005692332,0.1443863815565,0.148656836019982,0.339478308772739,0.148031443476514,0.289880288496827,0.278495496712884,0.12856875042024,0.160877966587421,0.136494599661641,0.16151889951168,0.136097393219575,0.142020775497299,0.165548850922053,0.111730725867466,0.248452028408231,0.112078023860239,0.142686471012319,0.17874775226844,0.148504329111802,0.141070768239681,0.216917311489929,0.150122945720433,0.131874786907868,0.16413840232208,0.144254485385492,0.154686325724336,0.27903941861469,0.0856913087107192,0.170942292617663,0.128155134157306,0.161210818201662,0.167886150133712,0.181728466326313,0.0853443588979893,0.171485967392915,0.165672711809736,0.146946645814935,0.197978908395269,0.143670330191423,0.185847245110069,0.143314264696948,0.138288955482593,0.108770149190309,0.127587675014378,0.122864770973379,0.228160347164671,0.140752530115334,0.283771759605898,0.0951391422292828,0.263051751459886,0.120379309651336,0.304628723520115,0.116917317101991,0.157734793030425
"brachystachys.aff",0.147488984724813,0.256285998307282,0.163122254801532,0.172908472471557,0.332163400549033,0.0718082208012324,0.173042532234354,0.238848113325632,0.145800894039883,0.33019487548406,1,0.366644492960589,0.211737967531219,0.204141596713348,0.181882413777203,0.152442158245291,0.0928720124118616,0.207291519773341,0.12526905450095,0.17383533310237,0.155151852206255,0.0821361833103359,0.151044641311185,0.178975422195533,0.205841450173985,0.292716304271402,0.111434980914769,0.242288584465979,0.144634521402373,0.133936992956676,0.260677990349301,0.335418229652625,0.232710188217054,0.165174270723619,0.353877598121315,0.144181867150704,0.174784643671059,0.292530631880676,0.133802224630831,0.174080785954781,0.451555845829765,0.223859836587221,0.109157441572506,0.201180296254109,0.138421532067846,0.123157155556095,0.314579846138886,0.312473065014549,0.474347489218048,0.27264036500265,0.160297754254984,0.260545649465191,0.145817375136973,0.323047440053214,0.126940573343255,0.227970442344816,0.168957174441508,0.122081484766487,0.260084808162246,0.101119601317185,0.166812866579277,0.246855920128146,0.15918636569756,0.179347555438966,0.22643765032145,0.146262632585009,0.171028314578243,0.232422065349359,0.185113510051314,0.203653776231334,0.315264085718928,0.100830495042528,0.309839563853549,0.297313894693031,0.212620053446693,0.316319814709193,0.274562316117178,0.0754537942433361,0.198428597213765,0.199733179687104,0.124388396509577,0.219249349564217,0.221326130868591,0.185803045428991,0.303413615019882,0.176253623901532,0.113056520885371,0.121912377361626,0.167026297596751,0.230243917769338,0.273503902449316,0.321932418511416,0.110212673261449,0.215609292661117,0.161431990272313,0.327215760694748,0.110509745110115,0.197111774558553
"brevialata",0.165082801133094,0.226591546475803,0.172268063872785,0.20202785441011,0.307306164347515,0.069546142624681,0.217158747917769,0.23299487658787,0.23176089283952,0.308902053551552,0.366644492960589,1,0.231533091560598,0.232114233911821,0.184192519566768,0.165378006825354,0.165753683747779,0.224110013323695,0.147825229256297,0.171978286388688,0.174011499568104,0.0918926332842408,0.15603893309646,0.171296247538379,0.147817929454992,0.304531943042014,0.117875706592585,0.219375446737493,0.187278576703635,0.152209305653493,0.267538263476558,0.299549032869652,0.23009725215555,0.218061724822962,0.329464018687824,0.17418153507334,0.180541781920982,0.207022569189141,0.214147048835108,0.197776454843219,0.354901855802498,0.190805765183768,0.162151999014811,0.216890301692294,0.175530203452856,0.142593193050859,0.269008111122196,0.242729358554678,0.385819615928158,0.298923289696009,0.17859388397687,0.226166213361964,0.153120049103402,0.251849805363504,0.119896897656511,0.219287692315308,0.181805892485224,0.199406122292173,0.287498829731965,0.130738794298693,0.162075542882377,0.227647213317575,0.187063686489586,0.182233892500799,0.19923351834923,0.152267366307593,0.159323230028098,0.222146741033872,0.226259301021852,0.216888516591004,0.330553806819857,0.148654101551615,0.232844178893842,0.20760308053436,0.166389622059261,0.23360898626675,0.247450303670955,0.0845400370944342,0.147784193953174,0.22720290262996,0.148638528506046,0.239799184783148,0.210049586992217,0.222165947540776,0.230627991335294,0.200825361440103,0.127485381195243,0.139555874427871,0.143584008897076,0.243748215975014,0.215259236011724,0.306015479135503,0.119944430242592,0.210506381756687,0.180480591770831,0.251622604038981,0.140474606546676,0.238830422644406
"brevipes",0.146499694842987,0.14024878822724,0.138051686340875,0.157194491993034,0.236386601041705,0.0637187414730052,0.161510796748902,0.139450446036227,0.141855958871232,0.204218912559824,0.211737967531219,0.231533091560598,1,0.199298499341998,0.132524114351212,0.121153425493408,0.115971730063286,0.147665940563519,0.128467985764697,0.109335122666759,0.182863938918176,0.10006044558601,0.126615754730626,0.155743595457813,0.158054096432757,0.268753877580102,0.114009440105361,0.143499708693269,0.111819329123726,0.0929939811507176,0.131640122451106,0.241773776711135,0.179194462820349,0.137661753246433,0.191060992778091,0.110159012494638,0.129693122396989,0.111901175266275,0.096469164417105,0.162595265839295,0.216724928360401,0.125783499146423,0.119058595880729,0.137255322535552,0.123389685379854,0.113167763364156,0.195284107615995,0.1323920225573,0.230509816280504,0.200863020457444,0.128801382845826,0.12331381601995,0.124752940054071,0.18814099670296,0.0996276915565675,0.147762941318997,0.119326691054065,0.115299814925767,0.20094275521847,0.119677165714809,0.151340441401266,0.162350625403997,0.123564021194645,0.130485582698863,0.136969473420217,0.133383432113105,0.0950833739767891,0.162462525738063,0.157482323790057,0.151681676801784,0.204713034404551,0.0886843428929323,0.133944686625992,0.162312411824237,0.118552407520888,0.141833604045199,0.135337963196008,0.097378729545226,0.109744302302623,0.149911111583616,0.135632588745109,0.176937388766695,0.17784837510377,0.154741427793252,0.112651244862822,0.142068253346439,0.117666121898161,0.150281653458572,0.093785264076468,0.200140834698694,0.12514127966102,0.202194537394722,0.0848638321925699,0.103015425886302,0.108107236747797,0.180498061232391,0.224019254395163,0.17167183470812
"capitata12",0.217808728337969,0.265833506435869,0.189370633530977,0.277904157207338,0.250712051604637,0.10151068065011,0.260830668296141,0.244989504385812,0.220446655533156,0.167844126948843,0.204141596713348,0.232114233911821,0.199298499341998,1,0.221111970828671,0.209153858957545,0.133580782280506,0.256542917325852,0.187086739148166,0.25880827165314,0.207145522857311,0.150815189837511,0.200393110514713,0.273248399853431,0.219756494125262,0.221341681228759,0.176715249217313,0.277628275128055,0.17703530230447,0.170217822662932,0.230047463422856,0.180724117911462,0.285564052385165,0.219177448863899,0.216066836594576,0.198481656898299,0.211074948142712,0.226836037729351,0.137238186179664,0.213657479533355,0.228293493882002,0.208927585262999,0.174151186194482,0.292182060555841,0.206333901450368,0.174452102367582,0.134649934573599,0.236466968013283,0.244177184921174,0.161436601831829,0.179841773537996,0.216056605462572,0.226914367124527,0.277389954642258,0.165185277444809,0.284788874414803,0.205736839418321,0.23449461116484,0.189339221395822,0.1637391603452,0.180866136280575,0.317513558101349,0.209135777764886,0.235801954574027,0.259188807052987,0.196495053273051,0.201440111478845,0.235082255267331,0.231552158234721,0.269014907046357,0.211048146023068,0.129155747376535,0.245989652905966,0.260929486842293,0.238767397330052,0.248885448295846,0.238765237900312,0.10512779709256,0.203276354657987,0.292456364031551,0.208069590188212,0.229234364224149,0.25345152128954,0.205867205870394,0.22555124515351,0.248665504104553,0.198449682533551,0.204392879995487,0.178567316164513,0.18903781789009,0.25301108522076,0.2162277254538,0.146494363002743,0.205935250923809,0.19251808611544,0.14080765602406,0.172397336697452,0.277103897639627
"capitata33",0.218034781029589,0.223703630800787,0.178959057346865,0.248348170603825,0.241535387598449,0.0955922040247695,0.257041803860027,0.227529341262694,0.200422160455569,0.161599679959472,0.181882413777203,0.184192519566768,0.132524114351212,0.221111970828671,1,0.144889417468658,0.136512667996817,0.247377313164393,0.17729466929772,0.182692221900687,0.251546782197428,0.113613767499806,0.189967911401314,0.212465199122295,0.220466955507069,0.190702733445717,0.172002143908815,0.21710764614632,0.158040329816582,0.16916860132369,0.244558091409829,0.146273428299904,0.243501137933495,0.22134141042109,0.157279186609945,0.162889029612375,0.199360350623398,0.174605879894575,0.157967249200071,0.193015605103876,0.164402275440342,0.209440868214085,0.212056702746077,0.234099615159452,0.205054995320501,0.165856401855873,0.113980306059783,0.179195663326909,0.18705375603408,0.201602300402014,0.162819874810294,0.225930131778112,0.202193283826941,0.211022858928746,0.172452975552522,0.210374069376259,0.184031968329992,0.157506739655383,0.201357908850991,0.149604906960105,0.220819766035069,0.215803684856289,0.236964883613612,0.254288727386827,0.244301373302453,0.226540388945171,0.149528541991702,0.238139884148003,0.191986960183358,0.200487278173637,0.135150715480347,0.111012989822166,0.207672562507556,0.174174971704967,0.206467256334859,0.191318329320921,0.184086317649169,0.111090047560192,0.231592496104743,0.254639409136288,0.170123822932,0.243232066306988,0.217050017513842,0.225200387314216,0.185653381980793,0.184583969138167,0.15879298624915,0.178068178728674,0.174440778126029,0.141861726198967,0.230474111928266,0.15052622144211,0.125520373813195,0.241042370094679,0.199689739014702,0.10731329790204,0.171482439386169,0.218461366184451
"capitata35",0.169379635629146,0.168276243100069,0.160974611190618,0.215187095519446,0.187240729449476,0.149237839114194,0.192599823457814,0.177894650814083,0.168871822019041,0.137793878156788,0.152442158245291,0.165378006825354,0.121153425493408,0.209153858957545,0.144889417468658,1,0.125382519014055,0.208447271872767,0.273110219451438,0.17603306731665,0.179905089624947,0.107490317082143,0.133356071821118,0.244369515636831,0.132809634543261,0.148597656883226,0.137849637613542,0.182629001498205,0.160057519234939,0.122226125044839,0.163283666986734,0.192916826892261,0.214331065684286,0.169713403366082,0.118863126908017,0.170446473798681,0.125946745411531,0.151163758133364,0.0967863553519188,0.171090551356804,0.169599248543488,0.185531797065594,0.110222814253189,0.184334897502844,0.145365643558163,0.126048259170919,0.10999239248653,0.156533007967571,0.16208295774322,0.116862991439495,0.159532902669062,0.150494525628095,0.154451655402915,0.184334145113798,0.122030609884023,0.164567286536369,0.123703072012296,0.138681946374696,0.132134048974506,0.140178982732179,0.152841052910584,0.205047662013676,0.163227125990352,0.17132565808669,0.232729323288847,0.134806155044299,0.138838406075261,0.182817188054739,0.21443373680934,0.249825255583547,0.136878307160368,0.117971517584589,0.149738285279569,0.162485245139626,0.160806772014911,0.186354538467626,0.158997269994145,0.0961658400573052,0.117401904745815,0.185823451097835,0.14590151001491,0.151365858639284,0.142497490431156,0.173206551969549,0.13703126366016,0.164397542951279,0.158678090563358,0.112060988906159,0.115115989281131,0.147832000080871,0.141823669081084,0.136487610725511,0.0950907905587811,0.15951893296366,0.142618040965512,0.0963231693102367,0.121973250878395,0.183975027760021
"cayennensis",0.114673591991013,0.117411668401105,0.0985678207699876,0.136894755893702,0.137699563174799,0.0784078694747695,0.148407367794979,0.124396626774798,0.172377614120111,0.0775065591683532,0.0928720124118616,0.165753683747779,0.115971730063286,0.133580782280506,0.136512667996817,0.125382519014055,1,0.160447824975371,0.0997094227585533,0.119902854196232,0.133928457805467,0.0791027282451925,0.101419580878628,0.131007636354724,0.0942517105960156,0.111748979432525,0.178344661040656,0.111171789722482,0.113890545302224,0.104324693567293,0.117985439056026,0.0901083174237118,0.150053808476671,0.19112585511214,0.0892753475114974,0.0938655767973144,0.130850627602574,0.097130228015218,0.152086361824436,0.115141313956101,0.111334740178141,0.0982930911861379,0.130390623646569,0.145747453622019,0.102665470709018,0.162538622422715,0.0843106222186767,0.0820306493467013,0.0937362206608121,0.0992752375875032,0.112513558692151,0.0941288926387418,0.127715639657265,0.125195831987303,0.091836801410503,0.121811098597821,0.116174787613135,0.101695068163528,0.0884646210145678,0.117936277510987,0.103719331567578,0.135918937724061,0.110839358808999,0.161386758178321,0.114357670893882,0.136188757721004,0.126670918799917,0.114063406636375,0.110012770757953,0.141426522094962,0.0971142878906165,0.135321214635619,0.0956591510104112,0.11814068065515,0.134310801581427,0.097858467110928,0.102182771064969,0.0724712073273207,0.10636337016633,0.14978305959178,0.121704619815033,0.100396531932417,0.110258855233029,0.167001989916501,0.0868401262722918,0.143289511333345,0.131405189861879,0.11295302752828,0.0812480555701897,0.0893767297573638,0.0920646696039682,0.0842982468607164,0.0804827632844497,0.0975885514633711,0.0916484620219725,0.0627013980367656,0.124341901807934,0.166488899844047
"chartacea",0.209628192206033,0.225500638614478,0.186896394383717,0.294976554845063,0.262135839935773,0.101739072152394,0.282773047608771,0.263040513428411,0.292347426969655,0.167305276185362,0.207291519773341,0.224110013323695,0.147665940563519,0.256542917325852,0.247377313164393,0.208447271872767,0.160447824975371,1,0.217248723237143,0.26468971824668,0.225815078804997,0.172970136149086,0.212655143010626,0.314933861437695,0.198783498973089,0.193666883667931,0.148986604789754,0.248865387578151,0.199753418153208,0.166765613442628,0.24730629938377,0.161318700382296,0.308772113941101,0.226172461174719,0.179596683360968,0.208875743295012,0.232607202492114,0.178061117938676,0.180934883951007,0.212625203657175,0.240624529881637,0.209993825007328,0.151991921812757,0.227592644548854,0.214548133659406,0.190175744762545,0.162355397181267,0.191041566805819,0.20741997639924,0.151314769424445,0.2003983910201,0.227023740063863,0.218596763726198,0.28949694061991,0.162674502442595,0.262750712773808,0.181241441034292,0.209515061758168,0.170743093774049,0.197923986407698,0.196987754385431,0.353045155141419,0.224892352625047,0.221815480553956,0.254223882782738,0.2222930944812,0.158557644687119,0.214378425002726,0.211132426097127,0.266785894250903,0.191433611034626,0.141952122566693,0.215773917477701,0.250708602672,0.175691787106924,0.228400529951746,0.273573499821986,0.114984511379974,0.175988200480254,0.262345664881717,0.209596223015255,0.246133118939479,0.200471348574176,0.268256232445455,0.186315850651793,0.21434785632154,0.22221795911546,0.194541087296456,0.153207490640345,0.177320357442879,0.187001508963319,0.190986133884975,0.117876827149907,0.221791741365517,0.206044216054258,0.140276949119477,0.203896697995051,0.268570373524585
"cinnamomea",0.206168512945586,0.206775792207505,0.162142794685671,0.223378315275756,0.174581220023222,0.0935403048807644,0.236495470383167,0.188477172802076,0.203251858984283,0.156971013836482,0.12526905450095,0.147825229256297,0.128467985764697,0.187086739148166,0.17729466929772,0.273110219451438,0.0997094227585533,0.217248723237143,1,0.182597832695958,0.186207538750419,0.116278008901808,0.204601583984965,0.295685338815535,0.146754833795603,0.166220286661019,0.109453867775326,0.218207118127247,0.166915522091201,0.145949499532394,0.214264802361757,0.219193802121115,0.235904527251556,0.16386721663118,0.140289184150918,0.169636722309351,0.174789762713264,0.162719460764402,0.14388998869553,0.216893074359913,0.189525835282425,0.180449493372279,0.187503399351961,0.136863999808177,0.162349275342244,0.17336750745629,0.115510857180909,0.174927152199701,0.173840874198444,0.139203291362942,0.17519278986432,0.177163307452264,0.162771106933055,0.186867002816224,0.159835954899736,0.195054531906286,0.212122116169633,0.175436461749635,0.141419291776326,0.188506430842505,0.197557535998964,0.263091447854798,0.20645597000665,0.219782560236228,0.19671130893423,0.180911782565307,0.130635968006478,0.214085369057938,0.193950829939311,0.186521359115153,0.167757175061766,0.113595092871824,0.192597509917529,0.184835193993627,0.184323796008159,0.190133792386585,0.208579921554093,0.107335259451404,0.165586299785188,0.177298193245952,0.167334928368742,0.214386560410473,0.154215485916517,0.217094910374319,0.150450378452336,0.161213758958583,0.166679140283595,0.159454562993103,0.179802383333257,0.155599781829997,0.169415114762623,0.182568955779825,0.111744951249362,0.142185033130559,0.146708286775167,0.123047962535108,0.237156840685472,0.239341728988162
"cocleensis",0.163449196874882,0.195721948233542,0.145866177355548,0.215668050853261,0.189952056095974,0.0928595728162733,0.24021597306428,0.204965872847865,0.252754459344797,0.144540833520815,0.17383533310237,0.171978286388688,0.109335122666759,0.25880827165314,0.182692221900687,0.17603306731665,0.119902854196232,0.26468971824668,0.182597832695958,1,0.15788520467744,0.22903605415643,0.158846298405746,0.348763272494528,0.189302776840734,0.168800173675021,0.129678789124502,0.224724577668503,0.157794467871415,0.137853095392653,0.183474911729569,0.123948618362845,0.267996316331779,0.213828163256067,0.181122006397283,0.208836889671903,0.153433056359275,0.178292735919839,0.115845571425234,0.141720844337061,0.25741863196499,0.158492597121893,0.153888565011191,0.177375511444636,0.149327584913556,0.140401533210036,0.11616625720218,0.17304530405622,0.195325012706932,0.142388129111561,0.140111564027492,0.162825988048767,0.197724104282797,0.221826231694126,0.109799874835094,0.319425819859432,0.141388738837632,0.208236411027795,0.148642443288404,0.134423571712739,0.12411470666675,0.336442020673223,0.163226634301563,0.192083248254635,0.250000113771618,0.159133294111092,0.164826758704884,0.184568950817331,0.183510861506961,0.240917612018473,0.232731542286327,0.0849416233852437,0.193013032258054,0.33599931543473,0.165398255437476,0.185506135870791,0.161343182944359,0.0821102349522537,0.136672937797941,0.189349240505035,0.264949875981067,0.169932811277899,0.193677128304899,0.189568413365103,0.17726069434005,0.155499020418051,0.291266702591662,0.166785545749072,0.128785491844802,0.22219571143101,0.187972967977322,0.246256335765727,0.118582010759631,0.174698296627203,0.181804987361675,0.202908815479314,0.165311236198824,0.230436312224471
"cordatoalata",0.200855825164456,0.213906456449218,0.189905162869283,0.260242604493879,0.247333854033041,0.0996071454776545,0.213483583615523,0.197633317475585,0.180067834114955,0.163913909261749,0.155151852206255,0.174011499568104,0.182863938918176,0.207145522857311,0.251546782197428,0.179905089624947,0.133928457805467,0.225815078804997,0.186207538750419,0.15788520467744,1,0.1144897639464,0.174910908938263,0.214731282081725,0.161912415371264,0.18835799561602,0.121765967871223,0.211434554821842,0.218704254808889,0.13661796746591,0.287983320445597,0.165127656335368,0.223057199122472,0.206395622013549,0.135675278239703,0.147231866035492,0.201486512607649,0.167708567434943,0.164648775438586,0.204529769597514,0.163033192187294,0.227243613902847,0.160690540993933,0.209697027242934,0.156363347297238,0.147974730123562,0.153338410373932,0.175843028891176,0.171084158029869,0.157454262486394,0.188088754003709,0.210896950855448,0.201798315271611,0.227996225813656,0.221675267735557,0.199761708979415,0.196837638423473,0.197485685255543,0.163128901092094,0.225515448046443,0.346233920483674,0.20941401896164,0.247559885965992,0.208321876980197,0.210787065984608,0.185145713956327,0.128333505595474,0.217377645992057,0.197250231467337,0.219364513599778,0.146606274718155,0.111412159047723,0.210197974998259,0.187227596635434,0.196799067273591,0.19857464882251,0.179625010280421,0.127779192210599,0.152415741437497,0.191728746681997,0.161754895805726,0.208244525433062,0.201605603325694,0.23519941916281,0.17155917326447,0.203114386668345,0.160938019642024,0.182370115086856,0.137882591358309,0.15632789996429,0.182966703317679,0.126376460748356,0.125690159986138,0.164676235472675,0.162482846194908,0.0969928762775024,0.231595540002433,0.212156100364982
"coruscans",0.110805815625321,0.0996582952397741,0.0976069551163703,0.151144669248078,0.113725903369232,0.0671833845227366,0.149445846531606,0.131073145365654,0.179694060432494,0.0776350466149768,0.0821361833103359,0.0918926332842408,0.10006044558601,0.150815189837511,0.113613767499806,0.107490317082143,0.0791027282451925,0.172970136149086,0.116278008901808,0.22903605415643,0.1144897639464,1,0.122115584774118,0.228150707972514,0.138517320425748,0.122373642505404,0.0829397957215427,0.157446582861806,0.100160618267854,0.0853232069439051,0.115001113518867,0.0861136900934773,0.28724858801423,0.114454508337764,0.105092847731726,0.156659925732201,0.0958294069888444,0.0949873724340809,0.0647411904102596,0.112369528188056,0.141999093559336,0.11969153395989,0.113444443175872,0.125679836410764,0.0950625290881025,0.0762563533764299,0.0987727629975618,0.0820727417089187,0.102251930856978,0.0817273210909898,0.100671124350654,0.0846054562257737,0.167409836329725,0.163669425555005,0.101628293832767,0.240578902216188,0.0814537442699065,0.181396268446112,0.0921789117577304,0.104659931350653,0.075411301831024,0.189463768200029,0.110352305415114,0.103363074539944,0.121571662394188,0.113627065006929,0.0888063508604707,0.108551423231896,0.098235764327601,0.175790950124964,0.231185964109578,0.0676047000047346,0.0985076690162837,0.218280635911356,0.0953442518130987,0.107647266633148,0.0999183165511517,0.0657925241757601,0.0742258686929236,0.118251365256002,0.250232055498286,0.108515124935143,0.121699313401413,0.114484806867831,0.0811015973854124,0.108074799989518,0.399135362215783,0.123570838752351,0.0812317967687147,0.214463361480937,0.11217006592839,0.209025316056659,0.0637642505132153,0.0916999001116303,0.126782755760853,0.201903225152245,0.154672192663642,0.178743438261491
