"","acreana","acrocephala","acuminata","alata","alba","aria","auristellae","bourgonii","brachyrhachis.aff","brachystachys","brachystachys.aff","brevialata","brevipes","capitata12","capitata33","capitata35","cayennensis","chartacea","cinnamomea","cocleensis","cordatoalata","coruscans","cylindrica","edulis","fastuosa","flagelliformis","fosteriana","glomeriflora","goldmanii","gracilifolia","grandiflora","heterophylla","huberi","ingoides","jenmanii","kursarii","LA17","LA41","LA48","lateriflora","laurina","leiocalycina","leiocalycina.aff","lomatophylla","longiflora","longipedunculata","loubryana","M18","M25","M27","M30","M71","marginata","melinonis","microcoma","multinervis","nobilis","nouragensis","obidensis","oerstediana","paraensis","pezizifera","pezizifera.aff","pitmanii","poeppigiana","punctata","retinocarpa","rubiginosa","ruiziana","sapindoides","sertulifera","setosa","spectabilis","splendens","stipularis","striata","suaveolens","subcapitata","T18","T21","T29","T50","T51","T82","T85","tenuistipula","thibaudiana","tomentosa","ulei","umbellifera","umbellifera.aff","umbratica","velutina","venusta","vera","virgultosa","vismiifolia","Zygia.mediana"
"acreana",1,0.156899401755778,0.0714201272020609,0.22161516312098,0.152888694218946,0.187017863456411,0.189509571656251,0.245583603420931,0.201463260088173,0.116329560646064,0.100544738597869,0.185156988641798,0.130665346173643,0.157930274845548,0.33101677118701,0.160316089398069,0.232110097130174,0.214831028064571,0.155637617754292,0.0604490196010513,0.208517312547271,0.160891622478305,0.161071108019641,0.41379576924651,0.211493816908951,0.0767909765479626,0.170787339018498,0.156055257293994,0.171351348688871,0.116675071824058,0.177134800903367,0.132759408041952,0.209160252926208,0.214888289214987,0.151075406118642,0.0992078624155024,0.16118061070676,0.198961745824745,0.190328606204243,0.0832503943765012,0.172640385767237,0.230882592090292,0.0755962176252484,0.180123688088582,0.114715533475727,0.284727044827967,0.123314356185265,0.207295268615103,0.161639188448446,0.0802260076632766,0.251672755966465,0.0889325403672088,0.170959683071784,0.212780671825494,0.208848253983307,0.0858049122162462,0.132327888142696,0.204046020691605,0.0680161847364069,0.257812297887328,0.326251195474229,0.220523222907436,0.190546201006015,0.197461848856046,0.167027729580662,0.168723672106199,0.186433809694339,0.200931941762406,0.241218408349561,0.217767537618354,0.166069979769732,0.182768646442486,0.107852920575099,0.115214346911082,0.253136824065861,0.214639651953007,0.1051810260152,0.133372511475316,0.200843533952089,0.112442201801642,0.262145879527602,0.198976404172348,0.0997250890530058,0.215150205560276,0.150841973938002,0.158053484667179,0.177591478808465,0.124585687027242,0.130494822119206,0.321628714403255,0.213745417729961,0.169301452723357,0.101496374052372,0.232058503580576,0.111779217028645,0.109942008832322,0.0504483084351775,0.179079946196135
"acrocephala",0.156899401755778,1,0.143734153412582,0.214497915079615,0.153717325679816,0.17347065334414,0.217209004294464,0.184654052439996,0.224522284867282,0.0922555311079002,0.112367039830817,0.162455517149016,0.127651437640107,0.152389582599711,0.173205334430047,0.145209016342111,0.188813357267158,0.226470831638901,0.166111146278903,0.0635193191018109,0.178481711914671,0.201038011531359,0.181424066520693,0.17420171323358,0.169658481567656,0.0931390443299007,0.172908491323139,0.180172126137172,0.167718125854701,0.129357635834698,0.202445796842721,0.118956932011019,0.210592145632212,0.149434814411404,0.158880955712705,0.113278626209043,0.172378400534821,0.15589346995221,0.197529920191418,0.114974722941439,0.161834918233285,0.211317750785763,0.0733683742059468,0.266969901983249,0.132697453613146,0.139629808615695,0.117071254696032,0.154658989143461,0.142084738294811,0.123793875202961,0.173811964406414,0.0954801331917291,0.192504929554494,0.211230392510204,0.201264679079454,0.137921953985159,0.141795771126637,0.139605409938262,0.0619710953623449,0.230367692784291,0.18852290808883,0.220496630579143,0.229751360943305,0.195253169702058,0.148806402048542,0.13550627934887,0.17648426247815,0.216283871235289,0.174340987005427,0.203163759123082,0.1673824524106,0.190924151901864,0.122948843237689,0.141089181916501,0.171885723443517,0.172849637448907,0.131320955488173,0.174739897073007,0.207658126209055,0.14342227613706,0.186293986158127,0.179772960972915,0.157059438884566,0.177829140094562,0.121440875275146,0.177548335412282,0.191105802948419,0.120186326276208,0.163001922642822,0.175774835312657,0.168634664384557,0.142731506498697,0.0953710979300842,0.149261317061271,0.142405934892909,0.101679955606882,0.0594113731155748,0.165747582453092
"acuminata",0.0714201272020609,0.143734153412582,1,0.111256481285633,0.102435808266194,0.0894046243004965,0.134804909581397,0.0910678808576917,0.087229398738592,0.06004663408499,0.058053020516663,0.070125983295226,0.0809206691302262,0.161689908073736,0.155524223964987,0.0749166748947321,0.112811956293179,0.10461805589836,0.0768849066253762,0.0432557721580636,0.156450047018384,0.137137423633049,0.0952299278013469,0.0761143837086569,0.0724762542583612,0.124613631638877,0.0914930003997368,0.0778697262394054,0.0924853386744788,0.0687863875434852,0.146970932450852,0.0724565935806284,0.0929972322857741,0.0791787977044267,0.0654533973143201,0.0829385682315149,0.0776583032456092,0.0917198748545239,0.0946536788709148,0.137310124376617,0.0804724378371971,0.0913713674864311,0.0388854711804412,0.137605479940235,0.0739672115581791,0.0741645713186506,0.0632550116758168,0.0645487798809267,0.176068947508105,0.10025011912216,0.0752100033942747,0.0720008379714787,0.104682986003564,0.118178756788448,0.110152026342078,0.103388273270175,0.12871556088672,0.0680793048577454,0.0456097444521189,0.0927497194753605,0.0816160487212457,0.110609557964956,0.0997346170434255,0.129369652555603,0.0800266077538263,0.114561054117123,0.143074139608814,0.106743864730456,0.0909104869449082,0.13304189356856,0.0895033239211744,0.09191725184305,0.129257558384935,0.0915060131447847,0.0703515127189412,0.139283743684997,0.0626746240008619,0.114464650119882,0.0915168418527709,0.105062711940613,0.103532310226533,0.0839139940686659,0.0924990411150829,0.112500499010896,0.0636442833114642,0.130624288022025,0.0858638077297627,0.0921514693121944,0.129670842620009,0.0898768181539767,0.0703202904435475,0.0668805263611854,0.0703635175922641,0.0728300762105914,0.14139446735088,0.0587409551732263,0.0648891959992357,0.0887838089206577
"alata",0.22161516312098,0.214497915079615,0.111256481285633,1,0.235757813118032,0.227448745935202,0.284030400524797,0.287020126570682,0.267462889779285,0.129780685498361,0.17549462678342,0.212229065188843,0.195691319179193,0.266496192921536,0.282102244483402,0.301742281109908,0.280677080122128,0.280919826360071,0.173931032648476,0.0961044329212693,0.270743378608415,0.173979412005525,0.193916699908505,0.26731012651644,0.229819916959074,0.143109485275749,0.2225900868035,0.227499409544243,0.196398806893589,0.152293752642201,0.172603437944888,0.185861315325231,0.289439219353062,0.199699267517384,0.189889971875937,0.132670967477499,0.212892590821373,0.225515224350948,0.285269528646737,0.16112327771885,0.262763787404768,0.314591008394835,0.0890037431359245,0.256133298914209,0.176805966721277,0.269611794869798,0.164058174058615,0.245412214782676,0.212839292456444,0.123442197023954,0.27198403551932,0.127562889202119,0.264695626723748,0.219807384284164,0.265540265848348,0.127571009569117,0.166739068723154,0.187265459286823,0.0750090443446635,0.270563595424295,0.210985165821292,0.336315386052269,0.298899217279499,0.238883956861152,0.21952493522129,0.196271702256316,0.245854189503298,0.302039788112537,0.313481890894336,0.291224990360141,0.228286149206008,0.27022452993826,0.202683388489183,0.198257678703677,0.229563555156946,0.363938421783701,0.0950013340607134,0.186838436296618,0.258160404583641,0.240883154666783,0.265937997184296,0.253391920400058,0.16264914159991,0.249998132490771,0.154205464885398,0.22840040090095,0.288704895495384,0.130704291594705,0.219388486400702,0.252123140298811,0.196171756550553,0.231544619377585,0.129422324942139,0.314697511644472,0.17245994525311,0.158031010335814,0.079702196371197,0.243410207016345
"alba",0.152888694218946,0.153717325679816,0.102435808266194,0.235757813118032,1,0.213286796132939,0.209992096857849,0.229646589461227,0.171433274825312,0.198964655807531,0.291682281857509,0.227470677098923,0.229265936066389,0.244438921494193,0.257397457312192,0.141716338430686,0.164771526226117,0.179227150941698,0.12520842759262,0.0913021163675776,0.171530634374299,0.146872759823736,0.12227885337444,0.23203713693083,0.179031561004428,0.298255622037621,0.146528590043222,0.140809280824721,0.211959184737883,0.153191504742645,0.112406124233038,0.251504291274181,0.23355049473988,0.182345158886655,0.295030224643604,0.144207132017327,0.127999728270673,0.128331481282366,0.17006582750279,0.122799174183138,0.33098726339435,0.224267992019043,0.0757823489542154,0.189174410962041,0.145711470482618,0.111200647752298,0.334702256193637,0.171685551628245,0.314013823023053,0.252826891526714,0.156177239744261,0.173342769137749,0.186763486741735,0.192917169128907,0.22555625102559,0.141818642433704,0.191079112418493,0.122879777715329,0.182685350312782,0.216118401249061,0.183366087950363,0.206583590253866,0.211640018727423,0.160453680533888,0.154512500590311,0.207197701579577,0.210816597152171,0.263031453089103,0.199420728247205,0.217067973446534,0.321116454343358,0.164821128227775,0.177535481147467,0.255880116389906,0.162878551180949,0.194335290720071,0.0766649376385075,0.120723662644861,0.203592446748644,0.255529387542578,0.235306888451731,0.246570365116614,0.106370749211894,0.232463649750836,0.106037088059945,0.196173933396566,0.173296043354914,0.112923259624201,0.203146247671738,0.287353719851557,0.181951481075656,0.291016785576653,0.140510431840697,0.188060511344169,0.182239536767129,0.298979152905929,0.104699068050325,0.215574359130214
"aria",0.187017863456411,0.17347065334414,0.0894046243004965,0.227448745935202,0.213286796132939,1,0.198413613363179,0.404646957502818,0.228013186218141,0.0895992158334004,0.260967979689543,0.153107393812623,0.129490826733699,0.305348917371621,0.250224719009377,0.172566487997764,0.217202355602964,0.202499130523898,0.146643689017916,0.0712764021674749,0.236785016118453,0.19542263227639,0.151299294287807,0.415182380239942,0.242659897779309,0.125471652628714,0.199551660781881,0.151533759291967,0.249848384865604,0.162119552094327,0.152819519284469,0.194306686903244,0.242734230244235,0.332604659893006,0.216357223227272,0.128473181358978,0.162087547692458,0.195285268538175,0.229569320188694,0.100901582287796,0.291924975387481,0.356734847210607,0.0719376160348387,0.241362588610598,0.130026659512303,0.159929934388595,0.201896421770008,0.215839692392506,0.332735159845815,0.107150314005939,0.262138523468396,0.106156054070413,0.186070182135686,0.420551011849671,0.283471717442671,0.0993422239819172,0.141718879694881,0.153115871496786,0.0494747087827768,0.450730211204198,0.220528569160392,0.210896801444854,0.271533411592956,0.159318710447953,0.148366744826558,0.166988451433971,0.305813897271783,0.259446896229529,0.232682326996697,0.174401334186378,0.267922838260705,0.212356056892613,0.150639597995038,0.245881124597544,0.250610187698473,0.181775011186494,0.138734045158697,0.151308116674777,0.277140642876474,0.198124910537054,0.422033701338707,0.323863484013509,0.133398953252901,0.292508654816579,0.14003766992683,0.261174860981916,0.174022965109324,0.132562255550916,0.241813285093369,0.27446097980006,0.426623942778764,0.402113664545417,0.15185658108525,0.297579702163371,0.223865301326799,0.188719162292249,0.0800113143673011,0.172872496179129
"auristellae",0.189509571656251,0.217209004294464,0.134804909581397,0.284030400524797,0.209992096857849,0.198413613363179,1,0.240809202435565,0.256774849899,0.0951805172687591,0.172473990963079,0.191110451616134,0.154262727535097,0.252106501168841,0.257816876104432,0.208171776235065,0.179683792170368,0.209151758129705,0.211824602096362,0.0811265949673726,0.240193494147979,0.200207004358072,0.192743267887067,0.209350980193425,0.208229011018712,0.156308867194571,0.192054499208035,0.182144169187661,0.196528965651005,0.14908799795157,0.189484148414894,0.151042437460562,0.249223206035377,0.174405737493036,0.186817819817558,0.127429868816819,0.202774699344488,0.174815223711926,0.206767932878245,0.190443749009082,0.18789273442985,0.22638108939171,0.0812422090436739,0.230746331126168,0.155323499721365,0.140167531835818,0.168451003012644,0.154035530471304,0.19527712780455,0.115813212763477,0.226721455980815,0.131859212682636,0.269658777949339,0.220234815964409,0.219839131049645,0.137860649221747,0.153307530273934,0.190135271089771,0.0791877225074946,0.261212035784522,0.221795888099225,0.250042899852042,0.254034423627176,0.241298649672956,0.171781911208403,0.181131613393165,0.259932776083884,0.280467300239777,0.185171603677861,0.244554578548446,0.192015642500666,0.222297912121869,0.173039378621302,0.16743541856228,0.222300324696525,0.262879719420991,0.113675674852552,0.165034623690956,0.227487309001853,0.205808616838153,0.231989273866484,0.246426986112371,0.152959663749784,0.240443415392287,0.142537307190945,0.236965660621718,0.216311241510402,0.153980702806707,0.226480512406251,0.192313184256003,0.187619046251406,0.186770480029238,0.134481603762798,0.179054548741896,0.187893299527961,0.158359793644414,0.0799630156548367,0.222702136061126
"bourgonii",0.245583603420931,0.184654052439996,0.0910678808576917,0.287020126570682,0.229646589461227,0.404646957502818,0.240809202435565,1,0.251491222373991,0.101189011715,0.234611869152465,0.236993811346962,0.158710664176813,0.307902878676008,0.263128880508895,0.172190105610233,0.285357519817984,0.2424067673685,0.178162862229137,0.079851578856829,0.25605914608523,0.198370820632331,0.220676190511664,0.452651528965442,0.281973528570769,0.11107837531763,0.190844135420058,0.185995159884425,0.226293129315638,0.132155983257329,0.198073728213783,0.152332521455744,0.312910639000104,0.344232228932433,0.190859757754837,0.130730652006782,0.171241815326262,0.189504758018776,0.251039257137598,0.0942062878000837,0.313325259146233,0.406076930186024,0.0754898913675739,0.247395330670043,0.129953770092184,0.221681656888814,0.223232130002051,0.255954627580938,0.33172876369695,0.104433960971503,0.304795958630401,0.106555086839491,0.234934910963084,0.404789433067444,0.312775482007604,0.10396267295417,0.16310936905587,0.204105159917194,0.0669614513549372,0.436690885648435,0.243582440111706,0.22498480723229,0.27686587864364,0.165139460162701,0.134571270796329,0.18091173684611,0.282286194754916,0.301897392236212,0.247294634131675,0.188523642509111,0.234142697713885,0.208002144909689,0.151592200710334,0.231415059607332,0.294608030009946,0.195053676874901,0.0924057333046586,0.154612082698963,0.315293983033585,0.197961173513657,0.426993870657843,0.339901939346876,0.115605251930472,0.35908782026356,0.151287946402639,0.267839421355055,0.186917597507967,0.107416541857611,0.239312098088604,0.314851463670822,0.413680336757403,0.370606169537978,0.164550595886283,0.369693234270664,0.196655350341481,0.167626977324098,0.0782678943084154,0.176869134551862
"brachyrhachis.aff",0.201463260088173,0.224522284867282,0.087229398738592,0.267462889779285,0.171433274825312,0.228013186218141,0.256774849899,0.251491222373991,1,0.0891943862459444,0.139931329391496,0.150354987524303,0.125640648016898,0.19831675324565,0.329629505237645,0.164844234503131,0.224799468116576,0.377868091939676,0.16123102973591,0.0803365033804957,0.206664109891104,0.172280536061902,0.17109879093795,0.2478999811747,0.225141952066023,0.101350561646456,0.181582926390539,0.151369634771961,0.19528803288102,0.154146249455371,0.168214900740523,0.146852966250944,0.230510136504444,0.198121995937222,0.182958287020616,0.119647634740578,0.15358269926418,0.16857746617538,0.257693426725942,0.0946649216272694,0.211678602917736,0.258709863381438,0.0865045929805021,0.215743616173446,0.13817366997098,0.164362652889942,0.159351911230687,0.177108210361369,0.184821715456285,0.0941903381685895,0.230914671806708,0.0929544160318782,0.226278144474871,0.220055279844946,0.24984018602686,0.107861180457362,0.125826185913028,0.15280122113483,0.0642479776954484,0.288853244189625,0.216705391118088,0.226107356827798,0.257928102990004,0.159133265966417,0.164036551216032,0.144372498873592,0.205468350012444,0.26785887667888,0.209040358899696,0.244069177638246,0.214403723075531,0.203849411617492,0.121479069791692,0.150821655153075,0.22767801536884,0.225478922381711,0.095295509977793,0.149614198214719,0.252065096415515,0.163312931712571,0.253760652692364,0.267551087245566,0.123891327796623,0.223047888923024,0.144180284567329,0.220987017208539,0.182613053274838,0.102433778707877,0.178954024494017,0.206425488057767,0.20933319373293,0.207762849445353,0.131983503409719,0.224053986358907,0.133409697355794,0.163445049119585,0.0760668119833284,0.179798215683342
"brachystachys",0.116329560646064,0.0922555311079002,0.06004663408499,0.129780685498361,0.198964655807531,0.0895992158334004,0.0951805172687591,0.101189011715,0.0891943862459444,1,0.292679184886423,0.233774032205614,0.180713584018713,0.102418277640677,0.127869607695608,0.0993570814219932,0.103273068052861,0.101720710564077,0.0797565079159183,0.0510114987425959,0.0975382322774831,0.0804953755734861,0.0769573095273378,0.115168482765937,0.0964556650359212,0.21586735780598,0.0851996988801364,0.0798042425487535,0.0785773542134233,0.0845242518438087,0.0902059192172656,0.421359245352014,0.100867817104669,0.0792810510168068,0.267736017210639,0.0638229133577943,0.0996429750011023,0.111571340734713,0.103842398152061,0.0768368378219959,0.29628700317668,0.106139712342886,0.250823244080577,0.11022700353393,0.0896675703813154,0.0948795082409503,0.345305429696495,0.0884307846790308,0.230461045380689,0.231331823691287,0.0905056334944808,0.0628842112748737,0.0950819890273057,0.0889678264627041,0.107009791809872,0.0647484053909592,0.0682467043741443,0.0811680523408013,0.418218712574428,0.101595342546478,0.0904673429548397,0.177316455782422,0.0938948812910272,0.0879871188611288,0.0883117743741818,0.130696828719222,0.0955833121927784,0.104290712907315,0.101012053929351,0.109000212124875,0.273229758649899,0.102740508354999,0.085678718913097,0.0750436347574159,0.0863693817586751,0.116232693745327,0.0614140693072402,0.0676746809697156,0.0977995886395244,0.094415440511171,0.101450475897204,0.130208514376764,0.0610752552052839,0.0989658144613797,0.0817151984058766,0.0819391098842653,0.110920797042243,0.0618419695265335,0.0770623680326027,0.22918125978307,0.0793945007768612,0.253449209134768,0.0397821990845267,0.0918999487003707,0.0808821406618393,0.307923582097489,0.0432320982136913,0.160001386738719
"brachystachys.aff",0.100544738597869,0.112367039830817,0.058053020516663,0.17549462678342,0.291682281857509,0.260967979689543,0.172473990963079,0.234611869152465,0.139931329391496,0.292679184886423,1,0.259473885616846,0.21560675931125,0.271711956695461,0.20533775495729,0.147202459794024,0.121117243353135,0.139988178339553,0.102131297015641,0.0911889461991557,0.136499652025883,0.112250614453081,0.126235700173847,0.228235079140777,0.131457720425408,0.289867726350316,0.121463493962579,0.133139833422526,0.156233916866133,0.104750888081492,0.099109883543238,0.307397566556204,0.153908454357902,0.184475921919698,0.327661925793723,0.077559448974497,0.129034092963121,0.107793238018544,0.170768285563303,0.196107975979446,0.422679607907971,0.229613763782724,0.0925472684099017,0.144024936603495,0.153673824648341,0.106371683330085,0.365629293738271,0.125999664514346,0.368064663508449,0.272409982508115,0.15826589051048,0.0969601957688557,0.132068541673311,0.241745783254412,0.175040165364752,0.0937993035529669,0.130801449034468,0.119045426527077,0.181183645836556,0.239121487986442,0.131828677502269,0.159267970632844,0.16401239389607,0.116215935769757,0.14050066207632,0.186256811724833,0.206942756598116,0.206613201610111,0.13116610388802,0.133360110341026,0.362052221944874,0.140426557135086,0.145352720604363,0.199608069460987,0.14530139899526,0.151341278884792,0.0711495412622973,0.0963178824097729,0.17551897494507,0.211312304140654,0.235789172984781,0.270750565532445,0.111565644426824,0.166597951413598,0.107980075903644,0.15651570272948,0.154178317990244,0.0798672891164995,0.169637653214403,0.280912969855322,0.242835905165356,0.468889842597149,0.0859194591548684,0.189726992959053,0.217657575369524,0.334497751471751,0.0904708262719004,0.135645200574119
"brevialata",0.185156988641798,0.162455517149016,0.070125983295226,0.212229065188843,0.227470677098923,0.153107393812623,0.191110451616134,0.236993811346962,0.150354987524303,0.233774032205614,0.259473885616846,1,0.260531547071965,0.180352412445535,0.147948740158387,0.158346063904128,0.204235361279361,0.162248317179903,0.166213577604256,0.0633859671037912,0.198235699287952,0.131036973049921,0.167148243751982,0.190858364782878,0.161475716031034,0.213709021399728,0.177135514089285,0.133382881505379,0.146177090381327,0.102606898119707,0.154847241889205,0.252485249869068,0.180514465898045,0.156252045643529,0.280793270650519,0.0874202113389304,0.147246591493667,0.182425670531898,0.208539433050686,0.07603219410916,0.282420576024275,0.199455195112885,0.0723621576312371,0.206110463517165,0.125201953650115,0.158015937408412,0.254658089139809,0.195700491001619,0.271904999026622,0.212128306064377,0.209166448619582,0.083493545932445,0.203383358323663,0.163559478491654,0.157942137209778,0.0749576831930594,0.100065852858322,0.163324257118597,0.21516384221724,0.181694351044228,0.189981881905212,0.172561607362235,0.207848005421956,0.134215550253562,0.123463912821489,0.101500102258936,0.140347684997947,0.170648691212401,0.203643062486752,0.154107545395304,0.295361290976957,0.200478525797794,0.0943349202685977,0.103974766081031,0.191090856927086,0.215049611302435,0.0888005257761394,0.12117432703035,0.19003894014663,0.113757457499503,0.167256471903677,0.190905012933536,0.0991029118822183,0.150928976038297,0.110622662932977,0.161727923134119,0.181602917227626,0.0889800112295034,0.119666647282295,0.364855503893394,0.153501111918892,0.297434874421513,0.21814542280826,0.172218652343858,0.10726978453385,0.253068947953865,0.0392564097509322,0.1346354076823
"brevipes",0.130665346173643,0.127651437640107,0.0809206691302262,0.195691319179193,0.229265936066389,0.129490826733699,0.154262727535097,0.158710664176813,0.125640648016898,0.180713584018713,0.21560675931125,0.260531547071965,1,0.147331545897095,0.154230144099687,0.143690089544517,0.167993535653958,0.174062773556566,0.167534711518032,0.069769144602604,0.168884307675353,0.128902496146467,0.125827782810192,0.145349719749243,0.136117603641455,0.18197650770528,0.155027119890496,0.142225821098778,0.120705060452561,0.200029357102318,0.120088340835592,0.196295044669088,0.148116507625785,0.102897060914532,0.217962915135674,0.110766534677738,0.123200249541794,0.117274005152064,0.193212555302651,0.0922320931916934,0.246386562737559,0.186691090148734,0.0755202091680776,0.161244374877298,0.107808275484499,0.153859718439225,0.216969764083997,0.169751344829814,0.314257646408772,0.167225542235527,0.18308507420629,0.107942570803878,0.127883035154959,0.142646535272919,0.126195257929552,0.103160711675543,0.107439118987071,0.179106191563602,0.16969088231165,0.14793340201077,0.139477182336552,0.144037308390861,0.150444974698867,0.118236457203584,0.165129298790525,0.118009814218661,0.163279552771671,0.174330841361837,0.172636069320802,0.137669790436724,0.235408268330473,0.170309726384409,0.103283018747669,0.117928980623681,0.151027618536002,0.181594818775619,0.0727867888962444,0.11102366308025,0.1383990173337,0.114454368267499,0.128658554515909,0.189034897470828,0.133729397703108,0.140978424735014,0.0949750360758134,0.129821524517552,0.178767887039564,0.109701511494121,0.112490641182807,0.280938985649914,0.149257298343857,0.232204609503896,0.0747748440254559,0.188870212212232,0.136839227977028,0.197927204321871,0.0522629299797021,0.141622266345807
"capitata12",0.157930274845548,0.152389582599711,0.161689908073736,0.266496192921536,0.244438921494193,0.305348917371621,0.252106501168841,0.307902878676008,0.19831675324565,0.102418277640677,0.271711956695461,0.180352412445535,0.147331545897095,1,0.475717333108502,0.220506189835769,0.187155964039294,0.192936103338909,0.155820880460963,0.127596090901232,0.214758895446462,0.198293812194249,0.16467843660723,0.278760585948646,0.194009258997072,0.243669440481166,0.194487449768612,0.154705460406932,0.214155734927806,0.161825562720177,0.141761190251351,0.158711638559224,0.212773404822939,0.215033311472502,0.207613266691868,0.16270517024736,0.147344521410024,0.150759404025859,0.210897131643859,0.229954612186804,0.274820388229981,0.286498801438746,0.0890387980826349,0.191247625260282,0.205838615029701,0.132618132400812,0.223085226186815,0.176834466418484,0.263452528081762,0.121725514836387,0.21492727921892,0.172630213766352,0.21048061962889,0.288665274969578,0.224151609498028,0.186262430933388,0.190781475820472,0.145106274346964,0.0711417993386,0.324900564311207,0.175385080778613,0.213222786036696,0.220007003870368,0.206228804874466,0.168845328078308,0.286636200249687,0.301999512982153,0.281207001112517,0.188227320528229,0.207416961910886,0.245639667017151,0.203785631468456,0.417650042641573,0.255233901369976,0.201191273736493,0.252036445503029,0.0840326002700283,0.122652522165649,0.21851958800803,0.299950439508031,0.29510180141356,0.281474968823978,0.141613254322316,0.233302605203417,0.118138544097291,0.233187520071579,0.189383914885392,0.10690179915483,0.277868207978866,0.203274799740389,0.265874227574743,0.281355960233537,0.131440193946001,0.237432475730694,0.310458636082711,0.193129491506179,0.139202795857261,0.180622989771661
"capitata33",0.33101677118701,0.173205334430047,0.155524223964987,0.282102244483402,0.257397457312192,0.250224719009377,0.257816876104432,0.263128880508895,0.329629505237645,0.127869607695608,0.20533775495729,0.147948740158387,0.154230144099687,0.475717333108502,1,0.15718957973328,0.219656234298079,0.22904763353419,0.17809549409557,0.126857542833552,0.268260804322576,0.18973514144087,0.149279530771907,0.351865376255705,0.200645051260288,0.297255787425371,0.182443632590503,0.158825685655434,0.178738990039849,0.140231810927104,0.147368271750638,0.175400243607915,0.210830447262434,0.221675504715721,0.164693984691947,0.150496359829648,0.168039905408772,0.159165680216493,0.225118888126264,0.304059286149495,0.259051091269399,0.256651306252928,0.092633183567993,0.19422432174087,0.174105106955709,0.229084033100148,0.192917420626836,0.18914634883808,0.222983296838344,0.132443828580499,0.255774851194538,0.154328745213984,0.197699447146388,0.233171969141848,0.248076124308749,0.159550538130913,0.192152929559653,0.15126076088435,0.0797350689052039,0.290360952063925,0.27654806451705,0.254449129995577,0.217601976782322,0.225930706497444,0.196589512199963,0.325754009987506,0.363027812657128,0.278975965221333,0.234668802702022,0.283952496741104,0.223092279820187,0.216244631336182,0.359776919563054,0.226254761492261,0.201998047109103,0.299500618312504,0.0828184237484497,0.131620240331596,0.22172832268042,0.276707944637802,0.251979688840642,0.264267042686337,0.126757843601301,0.226765598509068,0.129603576774321,0.220700645139176,0.198781252686365,0.125922204370371,0.26759489046361,0.275009115907321,0.222778616881881,0.240999430003194,0.130719996322076,0.217897732581706,0.376031182767581,0.173524633094312,0.124355750917164,0.193801637732951
"capitata35",0.160316089398069,0.145209016342111,0.0749166748947321,0.301742281109908,0.141716338430686,0.172566487997764,0.208171776235065,0.172190105610233,0.164844234503131,0.0993570814219932,0.147202459794024,0.158346063904128,0.143690089544517,0.220506189835769,0.15718957973328,1,0.138178979582042,0.157959313928007,0.165345667125423,0.063973277742473,0.169784533377348,0.139017173691753,0.160264292841613,0.155351005704592,0.186114786607024,0.0810750291213554,0.180698607037992,0.192614456529985,0.152022826755374,0.124642089261377,0.130412012382844,0.115607309108221,0.184878081545002,0.122012651020467,0.116560834480818,0.114565738769222,0.145681283770029,0.175636217083047,0.169261382305948,0.108971789627771,0.199566940817077,0.1875058919785,0.0722374597500211,0.168100654554154,0.190622818716916,0.150190358453981,0.103014805727236,0.144501508163736,0.148620728656481,0.0838835469037638,0.157261633480249,0.0953381673665934,0.196990716290969,0.150884601706005,0.150619752460163,0.10063230732936,0.110773615783399,0.160855474025997,0.0632343506661316,0.224556224380632,0.160410999400375,0.190663184278696,0.181366752650087,0.196498351188465,0.207138465482627,0.123340626133999,0.154903885507482,0.240975784225472,0.17283525052776,0.165926301421109,0.135717287031891,0.203795178744432,0.119173584558481,0.134022114494793,0.194922136473273,0.215960001095866,0.114609312541205,0.120177196482203,0.159404853576947,0.134584037065117,0.162381772662522,0.183677378932649,0.148741816110612,0.169254420429871,0.107246079473126,0.154899420402666,0.204646700725548,0.112877184107347,0.138222818624513,0.205113484938653,0.137549114008171,0.143621950559076,0.104834777774029,0.165695297237556,0.112079741964239,0.0944149439618983,0.0559701457380601,0.175163662664331
"cayennensis",0.232110097130174,0.188813357267158,0.112811956293179,0.280677080122128,0.164771526226117,0.217202355602964,0.179683792170368,0.285357519817984,0.224799468116576,0.103273068052861,0.121117243353135,0.204235361279361,0.167993535653958,0.187155964039294,0.219656234298079,0.138178979582042,1,0.232887346093498,0.121805445051447,0.0647146446273086,0.245793826446218,0.156771600069611,0.166855273422679,0.301460297374362,0.260029725075063,0.0918581080110254,0.154776227149532,0.11967123323478,0.192710303598481,0.120132302342842,0.161797936450085,0.150952256649882,0.283538741250886,0.258828239566817,0.177666762876205,0.0862842836399178,0.161581471628209,0.181391934532189,0.314258550788449,0.0887382534270675,0.20234167243124,0.315787526427396,0.0605539527006945,0.211615059053061,0.0976340878260315,0.272793046220599,0.162099989205905,0.379124142999495,0.189045174093952,0.0726200670475822,0.464936347004863,0.077149357222609,0.204430893173184,0.264636560827312,0.242144686799206,0.0827946843835978,0.0962684391928226,0.197746638681567,0.0510358227109587,0.255098244177783,0.222226757019115,0.215619841140035,0.233498605368437,0.132236347975103,0.115802775753539,0.117868787348166,0.176581482511646,0.226889879306433,0.358175731225441,0.177893620934285,0.20023813537414,0.23276914088064,0.117432707624894,0.161197522558166,0.232455430517238,0.206211728989752,0.101647030981542,0.120177530658063,0.269896559659972,0.136160722680713,0.27164083087804,0.223722077397466,0.105007496731126,0.231564453821781,0.144622376655505,0.189165723597625,0.182814815349584,0.0851077604044994,0.146465333970534,0.281545517720519,0.256318443381423,0.212399114982574,0.158478008803222,0.335161626017734,0.113696571891924,0.162726180121478,0.0541031703939386,0.145817577101887
"chartacea",0.214831028064571,0.226470831638901,0.10461805589836,0.280919826360071,0.179227150941698,0.202499130523898,0.209151758129705,0.2424067673685,0.377868091939676,0.101720710564077,0.139988178339553,0.162248317179903,0.174062773556566,0.192936103338909,0.22904763353419,0.157959313928007,0.232887346093498,1,0.161101431660209,0.0808974150486002,0.240290249479726,0.164350201704339,0.207037073654064,0.256322697190487,0.175833572102578,0.102427832726921,0.160923146876006,0.16226563928718,0.162075400276692,0.166108440202629,0.165361649289808,0.149136781078425,0.250169988084954,0.194813215143677,0.165568647408741,0.140568200998315,0.140846160312893,0.185152813715184,0.196675804589053,0.117627799705266,0.195764423918703,0.263825822416716,0.0855522795018312,0.241713206703811,0.114103677386366,0.203321652369162,0.132835878929186,0.189750815252038,0.20346523159021,0.100624962587564,0.212655763847781,0.116693189630753,0.198137271596706,0.218004100567984,0.221989505803798,0.118775832446279,0.137195137297247,0.192398276283646,0.0657551004759389,0.236178956073131,0.226992513200494,0.273693174635296,0.242489470033377,0.183696154768115,0.220374181488591,0.189758942962188,0.209118841500975,0.229009079678258,0.245542980221835,0.272342686177511,0.183248447084553,0.223333378296021,0.138369641737446,0.170757539963337,0.189832420654309,0.219220567511382,0.0996329323325389,0.142272383862166,0.239382703126483,0.144576991659032,0.231999085214665,0.238276605688367,0.114040941826212,0.220562413002118,0.124352489320703,0.240256431742937,0.215988517904851,0.11232339575574,0.145916414186027,0.242787018803047,0.187268965463021,0.193494441853222,0.119024042831394,0.223250267076154,0.134115982546304,0.157752876333099,0.0606929886136258,0.186595704838166
"cinnamomea",0.155637617754292,0.166111146278903,0.0768849066253762,0.173931032648476,0.12520842759262,0.146643689017916,0.211824602096362,0.178162862229137,0.16123102973591,0.0797565079159183,0.102131297015641,0.166213577604256,0.167534711518032,0.155820880460963,0.17809549409557,0.165345667125423,0.121805445051447,0.161101431660209,1,0.0795438634332823,0.151562692058725,0.138650821041862,0.148382143297975,0.171321094219,0.156562839889902,0.0932926524629102,0.148179535297799,0.158198606417919,0.149569908821374,0.110005235849711,0.136662558664403,0.0994344380166368,0.150315668571558,0.121945942329207,0.182538097121404,0.129234683078551,0.206855469379831,0.118175156042591,0.15878037916389,0.134040832589611,0.12293468249692,0.182088607061719,0.0595153781826488,0.165573234971572,0.119598169946102,0.116078791051603,0.110783442078335,0.127385259419707,0.15651199097508,0.0994284482672664,0.146572036840967,0.0998452775489737,0.176046481887381,0.135568867756595,0.153288235931274,0.102539292271896,0.116884579712046,0.194256529513642,0.0677820769898579,0.169872271976973,0.172768822282801,0.169335737843555,0.192492734115276,0.158908939490063,0.118854734973087,0.128185062559546,0.16848351799623,0.195047360325521,0.135464747956371,0.159416700044356,0.152721556324329,0.174417769536326,0.102464108750006,0.117434759334828,0.14999472594347,0.165250029925462,0.0932685263923052,0.133164000291426,0.157955829454572,0.110071223566496,0.149970685479598,0.197029311266651,0.174897409461145,0.143743698841693,0.131151582221842,0.164924626967039,0.153505188189626,0.127897656144768,0.124866354634709,0.164878904461892,0.162730873968719,0.13767837494404,0.0883160053104604,0.153754225611035,0.128742983938505,0.0946457725961757,0.0675326479251695,0.138399298217735
"cocleensis",0.0604490196010513,0.0635193191018109,0.0432557721580636,0.0961044329212693,0.0913021163675776,0.0712764021674749,0.0811265949673726,0.079851578856829,0.0803365033804957,0.0510114987425959,0.0911889461991557,0.0633859671037912,0.069769144602604,0.127596090901232,0.126857542833552,0.063973277742473,0.0647146446273086,0.0808974150486002,0.0795438634332823,1,0.0926745337419127,0.0612910006905933,0.0583625522014189,0.0627359457741039,0.0506314764780034,0.1332876713912,0.0659001431223977,0.0675707966468051,0.0594486420795734,0.0592360703963536,0.0481856885168523,0.0540477061997439,0.0715380759513419,0.060015226044925,0.0559566609152077,0.194915462630543,0.0563871552077256,0.0601214523993464,0.0962585200646177,0.123615156978793,0.0664964931699218,0.0915229877705838,0.0532115428317628,0.0758411785810175,0.0825614668459976,0.0625960248172758,0.0623213334384858,0.0670684088124778,0.0632211912142198,0.0757080435209976,0.068825941032656,0.10638268935757,0.076769909196302,0.0644483556701522,0.071958852274391,0.0729546060485628,0.306173344349104,0.0721697465216923,0.0359714127736088,0.0722892487633641,0.0701350572117475,0.0835369237941432,0.0806341636688232,0.0734632679518841,0.0613695767045192,0.304320727988885,0.0989853761781604,0.094957945111825,0.0788583922880266,0.0827873099893837,0.0676889727247061,0.0830648282765649,0.1312644503842,0.066880513802471,0.0673757451216837,0.108501963141805,0.0408766985302644,0.0538241367572399,0.0695452594809879,0.122428296120446,0.0691631562931513,0.0791147098742328,0.0648626803048967,0.0893357617452936,0.0469479471716897,0.077824701197527,0.0845150331779936,0.0629736170959234,0.0703229618546975,0.0727697498358008,0.058079887185101,0.0646718513729277,0.0345717862495884,0.068177965468263,0.117992370326438,0.047080979787737,0.657962040375624,0.0763437651619063
"cordatoalata",0.208517312547271,0.178481711914671,0.156450047018384,0.270743378608415,0.171530634374299,0.236785016118453,0.240193494147979,0.25605914608523,0.206664109891104,0.0975382322774831,0.136499652025883,0.198235699287952,0.168884307675353,0.214758895446462,0.268260804322576,0.169784533377348,0.245793826446218,0.240290249479726,0.151562692058725,0.0926745337419127,1,0.165346895144564,0.156268771145616,0.231112826447874,0.160485106893062,0.169587304042748,0.173969490534733,0.167550217162546,0.170071855457243,0.166514352673827,0.151343336858529,0.132946784133003,0.237347277312795,0.170754109343814,0.160825549522582,0.173058583629632,0.151098413785602,0.216242499148249,0.292515218864317,0.195182884632209,0.196847164865685,0.255053610709727,0.0859118245555282,0.218457428277958,0.134075825387548,0.205405388363008,0.126888535088647,0.250784723804196,0.15135570203444,0.0999381641430634,0.259095599702551,0.115317645747304,0.264940572551542,0.223493553433639,0.205534511652674,0.0945866514458225,0.238684200889068,0.192055852331417,0.0689654078225518,0.222617193358516,0.19075685095723,0.232278191961531,0.218907106683148,0.233168403808045,0.149949607627832,0.201258134176362,0.243335874739805,0.226595921327716,0.273003879950271,0.187457042536837,0.193050554889774,0.209323176569674,0.163502643181455,0.145601439108673,0.18275477653718,0.251778557041605,0.100380762527605,0.142216778750685,0.208316233273034,0.171752885480907,0.20882244507449,0.262985319723923,0.134627666716381,0.222724518537175,0.157389669729448,0.186034002838871,0.22469716293105,0.133766949351796,0.169499758130956,0.243183587189699,0.179577184313367,0.183356060783725,0.0932740711153396,0.22357193331858,0.172185731210211,0.130972386648409,0.0696328767717312,0.193046865446943
