"","acreana","acrocephala","acuminata","alata","alba","aria","auristellae","bourgonii","brachyrhachis.aff","brachystachys","brachystachys.aff","brevialata","brevipes","capitata12","capitata33","capitata35","cayennensis","chartacea","cinnamomea","cocleensis","cordatoalata","coruscans","cylindrica","edulis","fastuosa","flagelliformis","fosteriana","glomeriflora","goldmanii","gracilifolia","grandiflora","heterophylla","huberi","ingoides","jenmanii","kursarii","LA17","LA41","LA48","lateriflora","laurina","leiocalycina","leiocalycina.aff","lomatophylla","longiflora","longipedunculata","loubryana","M18","M25","M27b","M30","M71","marginata","melinonis","microcoma","multinervis","nobilis","nouragensis","obidensis","oerstediana","paraensis","pezizifera","pezizifera.aff","pitmanii","poeppigiana","punctata","retinocarpa","rubiginosa","ruiziana","sapindoides","sertulifera","setosa","spectabilis","splendens","stipularis","striata","suaveolens","subcapitata","T18","T21","T29","T50","T51","T82","T85","tenuistipula","thibaudiana","tomentosa","ulei","umbellifera","umbellifera.aff","umbratica","velutina","venusta","vera","virgultosa","vismiifolia","Zygia mediana"
"acreana",1,0.258814021167838,0.23187521560204,0.227009074010726,0.159378798035484,0.229016784533465,0.23814331868223,0.166195306261362,0.178355600406816,0.152752982536619,0.123754550624961,0.22764277384165,0.155337199470121,0.229861714203005,0.290568483638411,0.178604575295523,0.143272571322857,0.236825078395825,0.221885243142942,0.241857442644315,0.145548152065399,0.224771409215896,0.13135207809894,0.256050875326241,0.135992445581579,0.247166263508518,0.149232851409636,0.270426242251836,0.185608602959184,0.177801229330724,0.211640551540257,0.122249777711471,0.269295237776973,0.238875919732342,0.143699322993608,0.15765531074492,0.17501288034473,0.160746220582944,0.212066361269438,0.240980539017563,0.145113715408744,0.185045138610847,0.126607710789243,0.153813955051681,0.228557279137824,0.262012561960537,0.167257738378862,0.199012061327561,0.196555818551362,0.104704015165183,0.253323293017625,0.172691719379831,0.204720478098484,0.207893179786052,0.160489451902224,0.190120035625726,0.287420108844268,0.192149693788366,0.153881489288885,0.186855817007155,0.206821190507951,0.229338361499316,0.14867996341136,0.242095776510912,0.208881705132743,0.329421443074768,0.2417800513546,0.307120214626995,0.121677283495276,0.207611826222985,0.165341104210445,0.125123442439875,0.115411791533552,0.199424945262856,0.244914888898558,0.236859990058877,0.124230182215344,0.256911729931632,0.17529912772127,0.122408685587974,0.171004082607822,0.296877480549794,0.225627644081002,0.240883099167991,0.0791212442750639,0.234740844094326,0.0767420434662786,0.121425811631468,0.16488501947996,0.147884683472103,0.0977474994010604,0.151923289669062,0.220822808597921,0.177022149821509,0.150555561643859,0.142451861078435,0.166616985711046,0.224244907399733
"acrocephala",0.258814021167838,1,0.20466957874039,0.313653611722698,0.191024720602908,0.272583924350555,0.35056119193141,0.237663829512419,0.211735107751023,0.173878209211566,0.159588304968321,0.196759290752112,0.154436268568738,0.217716827053377,0.219546950292242,0.188019336233168,0.32474305446929,0.250447434390775,0.295113389841812,0.203448792098141,0.187730400633834,0.232678001561235,0.148699982412849,0.253868587417606,0.129247752649367,0.201271196289735,0.214225872040614,0.260433453351696,0.19120533744859,0.21076202423806,0.228234944693751,0.13757763910696,0.265579604322519,0.205935337484907,0.17225098118777,0.164321040020082,0.190820385590159,0.198731104978902,0.228197330411285,0.232573075035314,0.171714994802069,0.199648637132519,0.146029251067873,0.183401099548426,0.236049534392335,0.24519646186032,0.197988009286256,0.247419494147899,0.221285320874623,0.149220078806465,0.230566789355207,0.156192769782532,0.280429918552093,0.243039557754339,0.177323328463245,0.225520950204082,0.256506858409851,0.225054835145923,0.252896123318973,0.19828360164991,0.276961305960348,0.274495388084374,0.17081996132073,0.190348147839927,0.24848378560865,0.34985157795851,0.22947311772256,0.316121955280708,0.14400547840541,0.282478243588209,0.237266126277854,0.193021063690244,0.179305152104236,0.168657959998868,0.223220007824848,0.211251393225133,0.126867732065803,0.268079724524785,0.252501175172413,0.144842709252732,0.20244288288086,0.309031841340189,0.21360667105997,0.222837833862823,0.0908497176674471,0.263410704052242,0.109638934255131,0.149045041521116,0.18639196352122,0.225866513784347,0.115571287941849,0.187378611615217,0.190431341780529,0.210420683950705,0.132969787552742,0.132014264262881,0.18830958325106,0.312045115437592
"acuminata",0.23187521560204,0.20466957874039,1,0.174018799915525,0.127211306907536,0.192048562667775,0.216848531458313,0.147910381792791,0.132217222313135,0.108518195986782,0.101073654464618,0.153002606065633,0.14583893213429,0.188084081280836,0.173774414427028,0.168202458812126,0.132090694563868,0.171084322458997,0.173996158464764,0.182051353131394,0.12297185835112,0.180015496411988,0.0920045239926549,0.173169561394453,0.08466385511471,0.145838883161347,0.138496130121236,0.139576329337556,0.166053234079417,0.137321219568251,0.163043505158329,0.0923268936390734,0.184918652851216,0.123167018102326,0.147536952290407,0.146702453648991,0.135268903493043,0.147194495905655,0.143098333086907,0.174292839155285,0.116755105790033,0.124771588895638,0.107706731535022,0.142750660259659,0.178345381332639,0.145843845080982,0.122304772700193,0.153020833459788,0.162300766162998,0.0989116180276851,0.175117803028402,0.147858344050876,0.157315028543203,0.164780038704397,0.131386251057249,0.185581824668098,0.187182724235697,0.173804476027275,0.12437255227335,0.206006293658386,0.156869665998974,0.176859590629781,0.147938019681299,0.185997231675919,0.153563656127276,0.219235126331314,0.201843892235325,0.213991599306517,0.0823558125885398,0.140690615782964,0.148825408989323,0.103411879856531,0.091838463818817,0.145144139658515,0.142426048423632,0.223073284671067,0.117756372831826,0.218845087243757,0.130243738715648,0.138328024251234,0.154036607777848,0.188197261677364,0.136585961755417,0.171982225588599,0.0580551873037859,0.160543561037318,0.0818097589614125,0.122781701467975,0.128196141942805,0.109630011313481,0.0888330176631492,0.279350314954082,0.166798378245124,0.183872716144989,0.121228335437184,0.121393693384918,0.128655432303762,0.160121783836502
"alata",0.227009074010726,0.313653611722698,0.174018799915525,1,0.220689139620443,0.174839282829448,0.279163915801907,0.260873893453556,0.253832456343892,0.156976907721867,0.177131376343608,0.161605823401783,0.145224850372686,0.209696690428656,0.228571317761905,0.188972796298915,0.328104073635148,0.230031821328996,0.202437867480538,0.225745384411462,0.204782222669884,0.22902714182607,0.169448994979108,0.236402922522312,0.141422167135883,0.220592433334199,0.12726411994198,0.18510897788456,0.177722561813124,0.204168977844248,0.194108530091719,0.183425623343129,0.320616331345368,0.158888765905604,0.16506519193517,0.142680028544055,0.212104735675082,0.184919180975123,0.165823426713738,0.187475333726904,0.185588917062991,0.183186157358059,0.156798065800729,0.161758084249192,0.219586196629496,0.203517214071085,0.152970761111744,0.27523572999541,0.183349280782205,0.221613095087411,0.19033849456487,0.134401730367837,0.247045762540501,0.193053206150952,0.171612522778041,0.176984978399962,0.213783671055397,0.164559746671886,0.242693182483274,0.155814753475713,0.21600083695395,0.221576276472487,0.193863278313274,0.161937978174687,0.245030180847195,0.290113361170865,0.203102794363744,0.285840869354143,0.169546532095819,0.262330707318798,0.20575968182393,0.246795708566296,0.164721261953523,0.179844694742249,0.184643858330341,0.217649755883908,0.119222050793035,0.166634571861208,0.242068750397306,0.156097842496157,0.15171867235265,0.222305057654382,0.129472358277769,0.206751211608137,0.101505205479434,0.229436302193764,0.221101833883132,0.157998131981893,0.176632495131124,0.190169747962014,0.0912011491240424,0.164614004654853,0.153698987559905,0.216847541937036,0.191492022835357,0.142806355797339,0.157187666592872,0.26162794974127
"alba",0.159378798035484,0.191024720602908,0.127211306907536,0.220689139620443,1,0.139888436640748,0.222203249870073,0.198030040313512,0.189950571419166,0.254857828607514,0.267335902520109,0.233356589988093,0.226611219813431,0.168720594728712,0.173651937226941,0.167857749336688,0.181885376133599,0.227586054047068,0.201302365961825,0.162488940138109,0.18990044801004,0.210368433866766,0.164389441766741,0.187539532510124,0.190305851083119,0.240512563509872,0.117081053518923,0.150796441407034,0.166890566344834,0.217893983940798,0.180261978906152,0.241607659125163,0.222338102563374,0.155605642202266,0.250851134971069,0.123817189756251,0.170660000764176,0.162635718007781,0.107462879851817,0.151132036468167,0.284145726081287,0.146353270618671,0.171569749881518,0.155828919109429,0.170783520732696,0.139145067955851,0.224284192609133,0.19148854032596,0.256939782958762,0.231528273096249,0.155326615043286,0.0984696086148255,0.177156348664936,0.197062935325281,0.152142435062591,0.13027657074195,0.172402227739806,0.133746784044815,0.258071869807811,0.120235309379094,0.187887344285536,0.187832179479867,0.186735418852309,0.159896115505077,0.194888758793402,0.209496973135517,0.144930356174528,0.209592691238353,0.12425470403167,0.221632492500271,0.244797333045051,0.1316298675813,0.134665124458417,0.144363190994759,0.146599264506566,0.159148026368105,0.120108971102503,0.141966565089215,0.204496173599847,0.146125337264681,0.141354378644416,0.197908929710388,0.122240912460204,0.156071340098764,0.0921070931966857,0.158692195921679,0.140783510415361,0.098710320972122,0.130198266294417,0.302917022215445,0.16809889893085,0.244204922801036,0.128703089888774,0.219126964554675,0.139139529708099,0.239514343803363,0.117049344358223,0.193649003806937
"aria",0.229016784533465,0.272583924350555,0.192048562667775,0.174839282829448,0.139888436640748,1,0.241356783401486,0.202796447922169,0.168130244422524,0.142693284277901,0.148091367115225,0.179111308605443,0.142217550709176,0.186915207641927,0.22098835082324,0.180875286873804,0.19089196884454,0.215731481027241,0.275367054663872,0.200724151004249,0.163594843446978,0.200051801137519,0.110281724923841,0.217273001361602,0.100733057894837,0.184657244538838,0.215492066461295,0.191799039546667,0.169991951359134,0.175687291264888,0.18233818000481,0.110508222080687,0.23617589205313,0.224233683769017,0.165766310206239,0.21604765542655,0.168696439650521,0.21780526361652,0.204844127952499,0.192572486652945,0.164795179117181,0.196872718158135,0.130419592077758,0.162863875584485,0.20571595518366,0.238852091605382,0.149055420164644,0.175970850068383,0.164055825492532,0.133604855402687,0.252599051512595,0.166512979022007,0.212603343681718,0.160590497712091,0.159706282757462,0.161577032959384,0.218963122357685,0.183003654207578,0.16113567620318,0.216142054365487,0.260982923318892,0.189115385555995,0.175228858701302,0.183648145819142,0.198986917757323,0.245166233291351,0.21944578643826,0.265156679002554,0.0930406617566621,0.208904444164301,0.194193722440354,0.115758417464996,0.124658844549479,0.157750896975218,0.227796716720753,0.276014402520203,0.106901079562663,0.231641584404759,0.197632928856033,0.119200908498658,0.19703955024384,0.255781378050115,0.192841267486047,0.249689267568794,0.0833419793416374,0.255731700286865,0.0803211652495297,0.12699406862755,0.156890978584928,0.148787406472863,0.100528100666876,0.189977361020486,0.250143248395749,0.229859532647966,0.115167991284542,0.131710074260384,0.181902321518191,0.230360576507291
"auristellae",0.23814331868223,0.35056119193141,0.216848531458313,0.279163915801907,0.222203249870073,0.241356783401486,1,0.247313955276463,0.217246829429681,0.164779722163756,0.155439479612645,0.177841630380713,0.160942334672206,0.232149429723231,0.256636217223675,0.22346167773494,0.241592857659171,0.267837750349881,0.268100821515531,0.235497374068041,0.217698241877098,0.225915266918901,0.150902264214414,0.259289884531868,0.145488769745054,0.191768544096237,0.174874217932246,0.23651833544234,0.220731404133867,0.243850831209042,0.255491254649152,0.132967536776058,0.294432577027026,0.213811415798749,0.18843668890329,0.174248173737082,0.189712031278129,0.178558654608612,0.175884348685591,0.216946272846961,0.177343691776069,0.183263396051739,0.160433875143439,0.179349066162139,0.265333624083528,0.189361611512864,0.171939456662619,0.268391134769346,0.175120727030258,0.142503933027901,0.252166441436036,0.149900174898091,0.239554129667839,0.225332179611096,0.182408962943248,0.21324334377387,0.231802286942478,0.219833612254482,0.196250247578446,0.174591912350532,0.246075612582052,0.269404647099,0.196194206113675,0.236621726213563,0.225470931597446,0.315380021092503,0.219593942673961,0.340998561685592,0.148458633638876,0.270604399497288,0.19919581567765,0.172200938015517,0.159188716619731,0.182020030872512,0.202025655838801,0.236114494748972,0.136679895751392,0.202265841447177,0.223070385801942,0.145300201877837,0.201870926706125,0.274266148929002,0.198445929054731,0.214876142916927,0.0869355077173179,0.231893783814697,0.120669563097817,0.128913297653696,0.162159768058587,0.214409645412216,0.107602030565028,0.1901156847723,0.201317755241694,0.233447784425963,0.138330021332833,0.158064012156447,0.1687096761403,0.310073043063132
"bourgonii",0.166195306261362,0.237663829512419,0.147910381792791,0.260873893453556,0.198030040313512,0.202796447922169,0.247313955276463,1,0.314352099529762,0.142299706439136,0.221381428325481,0.189836132140346,0.160479502495166,0.181994871631528,0.190500834163847,0.189213597919406,0.258227437151931,0.275208121109819,0.220878393143373,0.187741690120514,0.20603871256454,0.22383765993696,0.249690686704213,0.189108500447298,0.146508639679369,0.185819471763795,0.139612251365154,0.182201586878793,0.19515337119615,0.202134812094124,0.204108006962792,0.185657645869966,0.294644327947475,0.158291846385089,0.18164231270619,0.156601286167966,0.210711223548684,0.196270350269542,0.127530481420548,0.185875022468927,0.197557806861824,0.290140117870931,0.24565986331721,0.170324661626403,0.214128056326259,0.174952067183833,0.154353699956128,0.304604779626867,0.210767451469041,0.155693515003637,0.219502586404054,0.164148530107304,0.258219052800311,0.203104778435338,0.184443582827445,0.209294494991702,0.208596458547957,0.18612092647649,0.190436245940679,0.135580046119119,0.277321394529611,0.167357383611031,0.227406378617441,0.157177427050462,0.1987064581494,0.219243882135821,0.205202559987882,0.221111349569829,0.208578393697691,0.398089593269416,0.225933043272569,0.333552222053892,0.17732423219133,0.156853740028516,0.166701903454605,0.169615159086919,0.1376251002139,0.169741976252411,0.223647300011144,0.183464844925702,0.19675023558892,0.236425249371335,0.184177090734037,0.191051466873006,0.11603715621114,0.244766448540279,0.136767940203667,0.119085647866255,0.179963931912792,0.170881798235425,0.0815715202439529,0.16454700046312,0.225040728424931,0.207895221868385,0.158593123602342,0.135026624126257,0.138070189159487,0.23124219110967
"brachyrhachis.aff",0.178355600406816,0.211735107751023,0.132217222313135,0.253832456343892,0.189950571419166,0.168130244422524,0.217246829429681,0.314352099529762,1,0.202191337503679,0.17196732554718,0.155463672538944,0.118220998887888,0.217888422721856,0.226713218424443,0.17268517129963,0.254844776266622,0.257649271405205,0.154684596829292,0.152749118657091,0.2069370038407,0.208236312792885,0.287728441866546,0.209825624587696,0.130642852764993,0.202247963000884,0.0984259528825486,0.217772710925556,0.147872944751956,0.156539807025516,0.163971266543482,0.175028961162126,0.279692766930686,0.177412886562083,0.216830481774682,0.122798702476301,0.183931605869875,0.160331152908819,0.21066575366832,0.238455165903702,0.211194731812561,0.336456578034841,0.232218488454147,0.138176200162059,0.199313290825605,0.134880837872506,0.170839290991027,0.247910586170099,0.150913536627283,0.135243434945085,0.195455596114971,0.103530572896588,0.209845786306494,0.239499823225448,0.154103899842139,0.129224193120504,0.244332577803086,0.156511610771827,0.197777161835891,0.123952196139776,0.191382080256657,0.156886528981719,0.211781876573495,0.152474170684875,0.200031017810557,0.235591163875723,0.197571316469808,0.225361627743299,0.267449036279212,0.350208085653962,0.150440922635427,0.280548682826798,0.205014652341708,0.13187560253537,0.177471490198613,0.164080992701607,0.100756744769481,0.224710857083805,0.173866716727787,0.210224665310687,0.147009428906058,0.255260937511632,0.20667142693302,0.205192634801517,0.0569954306084518,0.221291218690663,0.194413257208456,0.104775174038561,0.187148248567469,0.143879308025873,0.0681636515413308,0.120262213939424,0.162173113186141,0.170335922087121,0.180858735541206,0.110015457798717,0.188307033861961,0.232233808669934
"brachystachys",0.152752982536619,0.173878209211566,0.108518195986782,0.156976907721867,0.254857828607514,0.142693284277901,0.164779722163756,0.142299706439136,0.202191337503679,1,0.329510931176598,0.276831047844013,0.235457635144889,0.235200371138674,0.169252319684114,0.139860500085389,0.156895817343422,0.154924608435859,0.160785162076928,0.149346367638944,0.134211709593625,0.182353888494847,0.149260738420245,0.212799360819403,0.124221678200066,0.306239991842228,0.0808792176897088,0.199654142461074,0.144907329700818,0.12046939363235,0.160494384499097,0.351750124032947,0.181537200424684,0.14818423953119,0.321096264517105,0.113804718347441,0.158531449373685,0.16458166057181,0.212720700547397,0.261348339069286,0.359897096970888,0.197137578140413,0.141740238443722,0.0943022815996269,0.172644462884586,0.111238849516987,0.368468978062644,0.19346960278541,0.288768232530696,0.254976649605387,0.173788653740795,0.0959870036439415,0.160606515451816,0.128962901654979,0.170773619224105,0.128661685230526,0.246045597363955,0.114559329194791,0.267319500983678,0.12820696378489,0.148923132087675,0.145378996547143,0.124615279911349,0.172517514633698,0.210683016670403,0.208678667351581,0.197501801327632,0.190559131999272,0.163283488915459,0.20302392788815,0.320399408794343,0.10765155835294,0.146229952093205,0.118729117571597,0.127872575452347,0.137143462219257,0.0851785782826725,0.224441279920651,0.144057549399477,0.121199473262656,0.133465667575559,0.257608954008037,0.108539464179958,0.168643005458819,0.0546163100766761,0.163046491209333,0.0916777252530358,0.0808607088891705,0.280075451626717,0.252399032138585,0.0952155491581098,0.310859147569455,0.156402693126202,0.165156796864377,0.110234855393345,0.339772304315069,0.222311300725842,0.264098161762621
"brachystachys.aff",0.123754550624961,0.159588304968321,0.101073654464618,0.177131376343608,0.267335902520109,0.148091367115225,0.155439479612645,0.221381428325481,0.17196732554718,0.329510931176598,1,0.26706989696984,0.207939546088613,0.11962094451178,0.138490195484111,0.116348624241612,0.13898942326374,0.144922229270315,0.137361870156483,0.127167751929716,0.185686278400433,0.141354314493536,0.105148534024031,0.14909220760794,0.121018623838549,0.294841335030905,0.126148114571441,0.123118370924975,0.136875170625495,0.148172310979144,0.151117892000578,0.321197399075105,0.16955424494265,0.118612562152592,0.31180420136597,0.105680469380513,0.135442843298254,0.115260847928425,0.0958736298290049,0.137670763911748,0.366036961831211,0.116904358703434,0.116337066559795,0.0920895395800391,0.140935498335365,0.140486784623929,0.316717626293838,0.144511330274516,0.258303533180973,0.286755640986155,0.176189638442174,0.122140472784136,0.177819855903935,0.118322798493755,0.117025404407916,0.106161984306313,0.143219692152676,0.109685245897682,0.247766751483965,0.0970186567870905,0.187399892583485,0.148557542620506,0.112293935511915,0.12179391182527,0.129686143612724,0.150496819068642,0.116414557678676,0.144637526703174,0.103558826495632,0.154166467138079,0.32451739867331,0.105222316015775,0.102275834259192,0.10004225350978,0.120395500607234,0.110067886945521,0.10250323357649,0.11053635784847,0.132975753381011,0.0985468647282551,0.123090164991516,0.176221870221951,0.106191141026599,0.113394540206368,0.0827006127439787,0.169413052272597,0.0755839103177285,0.0790048650017764,0.0977715280549145,0.242232345162435,0.068055101030058,0.268205548905553,0.159137533166525,0.151258874920967,0.100523225652398,0.317542933015447,0.107709732468587,0.152115345245083
"brevialata",0.22764277384165,0.196759290752112,0.153002606065633,0.161605823401783,0.233356589988093,0.179111308605443,0.177841630380713,0.189836132140346,0.155463672538944,0.276831047844013,0.26706989696984,1,0.244247487268236,0.156225425659986,0.173591700778113,0.165521984061228,0.143106296166725,0.172519700033321,0.156009613566125,0.241668882849257,0.150747312224317,0.191727984706365,0.0965652225972845,0.157515387974415,0.103190222836001,0.345048988796145,0.121368775344145,0.155603458304962,0.157907953418129,0.163057530523888,0.159593481357779,0.25985165799356,0.198174782335635,0.14378561193107,0.292819998392108,0.152755223816563,0.18492365277614,0.167220156137866,0.129831090524924,0.169180813295254,0.277851168294971,0.120593769438354,0.111371380418629,0.144427083859754,0.169190653514023,0.135657233322058,0.288639254085851,0.170783566207823,0.346438980662714,0.246294444901077,0.213940356021217,0.146237977159884,0.195684144908959,0.189124457152199,0.131136277450312,0.135754203182092,0.170659393603535,0.186711735102171,0.243518362816452,0.130103506492736,0.210279620003199,0.148833357302723,0.135855898844253,0.159086441254921,0.133986368825828,0.178570430052992,0.176586015311024,0.189750559344952,0.0942541414585967,0.146534433139676,0.303749906669155,0.0848830943478219,0.0963433234193161,0.126379417398339,0.148600720427674,0.130426755991759,0.1004656668312,0.161344155346543,0.16811388182143,0.110196529578964,0.162089218180709,0.226207143347456,0.153309037890128,0.174474306214593,0.0672856297952047,0.168647119566574,0.0790586062024702,0.100233490486065,0.146253623146773,0.271810679223058,0.0827418163020462,0.33218792549082,0.179742609942514,0.173652382192024,0.163009395903211,0.272033786060997,0.127610221817448,0.152871658721655
"brevipes",0.155337199470121,0.154436268568738,0.14583893213429,0.145224850372686,0.226611219813431,0.142217550709176,0.160942334672206,0.160479502495166,0.118220998887888,0.235457635144889,0.207939546088613,0.244247487268236,1,0.140981798052165,0.173561378269073,0.154810189528071,0.122173865645928,0.158988738908534,0.180762701828739,0.19091683955436,0.123319204937199,0.157839128228875,0.107399710521928,0.158576428635543,0.0803477979425768,0.230355022506468,0.12570772613419,0.126958047695782,0.138015021789825,0.148583300751273,0.136797758050622,0.234493788884198,0.153375484212544,0.179052224240336,0.200622257638046,0.116894016259346,0.144686845459741,0.122014181398441,0.113153394492513,0.157243838848222,0.206299526356762,0.109885419421352,0.0913818091840073,0.105159199124263,0.156178011975198,0.151081676962697,0.216656716586637,0.124682642330392,0.199856496731995,0.185593061748056,0.150317564118069,0.115284480328784,0.171717617150474,0.141030469884531,0.242630452210279,0.123077155004104,0.167122499139639,0.119053147384187,0.201130116172127,0.123681058725411,0.160382453745267,0.134608228225349,0.111623690752974,0.147553943578892,0.137405626339124,0.148446742811236,0.140128844733132,0.153776705685235,0.120371152635702,0.120148323479139,0.222262626565103,0.0990727106497269,0.0850357310994304,0.101469226546604,0.126903200772566,0.126113817746009,0.12654571617753,0.134231308272737,0.142454057483386,0.084936031098715,0.116096494066572,0.184201238540042,0.117299509201864,0.146322144778037,0.0528526763409157,0.153598885364203,0.0638575188478372,0.178083416275121,0.127373388087643,0.212367977378488,0.0885670307072926,0.222372716901992,0.120317772234451,0.164459411048533,0.0910292829385592,0.207793997530833,0.102528847968938,0.157834521087639
"capitata12",0.229861714203005,0.217716827053377,0.188084081280836,0.209696690428656,0.168720594728712,0.186915207641927,0.232149429723231,0.181994871631528,0.217888422721856,0.235200371138674,0.11962094451178,0.156225425659986,0.140981798052165,1,0.248709575248497,0.199182295492707,0.165850007954232,0.222172299188425,0.215451855096055,0.188711288518933,0.156475376906774,0.2002759164526,0.155030385760066,0.279166239621569,0.240206811403173,0.238847393245739,0.120337690649534,0.263504358579414,0.176717828106237,0.174484561541951,0.176813088800473,0.179474422037672,0.307630472837991,0.216424685561343,0.141490326115453,0.253798668383741,0.184642200508763,0.163846784478809,0.30037449058806,0.324222248580315,0.177106372267112,0.231114273524612,0.157929814500225,0.159910461555972,0.253814314494426,0.165086658781662,0.145200327787553,0.242716260299683,0.135604087068733,0.107119480610252,0.224438161882296,0.151766066770916,0.241069639726781,0.176290410303166,0.171249229213911,0.152298801781584,0.382039903358499,0.18047052415835,0.170690150641264,0.174101005835732,0.193269445113148,0.200991661892455,0.148586932194725,0.24415689014442,0.257593489369799,0.331260399429875,0.239985765745854,0.268126625043746,0.119193811197248,0.232510003409012,0.16569321629776,0.122599451081485,0.150707158045739,0.172815670825137,0.318809900984596,0.217948651563434,0.104169004878272,0.328260375280519,0.161757367317083,0.128566965658088,0.167575663210367,0.316721333079462,0.169066773851905,0.248843448098148,0.0674354283270972,0.246155184636217,0.107780531448575,0.110281287177195,0.292353785283116,0.155665742287227,0.0883238435563015,0.139158338982012,0.213795913606841,0.198482099128702,0.108420063833836,0.128682921100993,0.342444619120476,0.334107834316389
"capitata33",0.290568483638411,0.219546950292242,0.173774414427028,0.228571317761905,0.173651937226941,0.22098835082324,0.256636217223675,0.190500834163847,0.226713218424443,0.169252319684114,0.138490195484111,0.173591700778113,0.173561378269073,0.248709575248497,1,0.193984857247721,0.152637637212231,0.216890587928785,0.235866176220921,0.235258130223733,0.188402538031067,0.236899391683397,0.144075811435819,0.262134164775938,0.12424820479194,0.215878139312835,0.118730822155409,0.249467101259754,0.221944411061997,0.210431130165093,0.171966620092045,0.150054622197299,0.256550899154725,0.255090795794776,0.184218638113347,0.158517678576843,0.172931163419574,0.165156756651729,0.216032126849959,0.233172935779485,0.159610279860935,0.184559760038472,0.16399310643821,0.1492350839204,0.23333048310337,0.171731278959994,0.168025454323695,0.203775858410576,0.174688550095023,0.12081234804407,0.234899871477735,0.126126447864548,0.237019503237943,0.164150427435683,0.176882190733412,0.209826680733873,0.26746579506695,0.202287270017152,0.157117283005596,0.177115291766057,0.251819136151918,0.246370834938173,0.164275363591537,0.208557509759838,0.214547807009207,0.329322240951675,0.225115521828329,0.30137415956947,0.118081743780563,0.214913405321753,0.186156760638027,0.124450621257662,0.130877863758993,0.176028559210097,0.240556417244091,0.26499981156138,0.106933671343701,0.240109998150824,0.177993344451821,0.119505256758601,0.222932272992225,0.281723196386703,0.181357392580251,0.26016840567981,0.0745189375514768,0.257235243855956,0.0982605277543969,0.122582618455464,0.163396851450687,0.181407929688871,0.0929050719382657,0.151605483610344,0.203416572212048,0.183708835695739,0.116742364078458,0.12903599154916,0.182207851621934,0.231364604619588
"capitata35",0.178604575295523,0.188019336233168,0.168202458812126,0.188972796298915,0.167857749336688,0.180875286873804,0.22346167773494,0.189213597919406,0.17268517129963,0.139860500085389,0.116348624241612,0.165521984061228,0.154810189528071,0.199182295492707,0.193984857247721,1,0.132665605366338,0.21569270173768,0.188519393884404,0.214513765411433,0.161989315783776,0.174783531012726,0.157832807369428,0.199545690962541,0.125883074481974,0.165799166075869,0.165817687637151,0.183014261551188,0.219456695047473,0.176508596456384,0.189637334102502,0.115407455606854,0.193457635228812,0.160146975155385,0.176571708821392,0.142700186137108,0.153862836565491,0.131272854108694,0.129670862989647,0.192964998440774,0.159956327668893,0.16401092931109,0.186071940199995,0.165276861586698,0.192941766219939,0.154665544280635,0.122838213626575,0.180585481814822,0.12615296877116,0.10511542345504,0.207814350402085,0.152193807760739,0.169610356078265,0.175820616964956,0.169425477168917,0.201092419959428,0.179946413346038,0.195467380717401,0.144785477382722,0.135383848200972,0.209775742999329,0.203783813814608,0.15453428678017,0.160066565064218,0.184273422697211,0.230252930512918,0.167060290913833,0.241807576794362,0.13986378088687,0.221850604920584,0.15569396371331,0.164818159056206,0.118170866665213,0.170344153993589,0.171998664426655,0.178834448823602,0.133203240009868,0.164192758141129,0.141534963477881,0.123166140596423,0.156904691300188,0.197891757359317,0.159188775026951,0.200935244974237,0.0856424926164804,0.175522876167063,0.0948155827004065,0.113432669682215,0.154865556258302,0.152799271990958,0.0989068724232307,0.185181108009269,0.161704033291366,0.174038229273752,0.105355684212103,0.111480849879154,0.141094947573611,0.216342492326352
"cayennensis",0.143272571322857,0.32474305446929,0.132090694563868,0.328104073635148,0.181885376133599,0.19089196884454,0.241592857659171,0.258227437151931,0.254844776266622,0.156895817343422,0.13898942326374,0.143106296166725,0.122173865645928,0.165850007954232,0.152637637212231,0.132665605366338,1,0.174439621488588,0.17877725376618,0.155968599504148,0.228948849305425,0.205027659385729,0.204337486635046,0.190225509593449,0.106820351380005,0.147615842237305,0.104126881818318,0.138823945781201,0.140380425345036,0.157787183335519,0.219478091779162,0.188153501215565,0.219368380430817,0.140744891818645,0.128901929992134,0.145090899302854,0.167936680525154,0.174611410298108,0.158659932893832,0.164244006465744,0.152435578692431,0.199162473990143,0.171615969300714,0.13093933320524,0.158399631786306,0.155523024056253,0.151265655752182,0.263923998508963,0.187524848714623,0.156785656638725,0.180925144875983,0.0974073856188176,0.25097883246975,0.174367296212474,0.139736214586019,0.14350017958358,0.178703718644134,0.143273841281771,0.23991553031851,0.153132367266779,0.177183580880426,0.166029054105039,0.179822529172713,0.138538337682195,0.190912447299872,0.222961815153086,0.169082786682902,0.217065103132518,0.213386643473029,0.23965461377513,0.186060366423694,0.246555919541057,0.19471646136672,0.111573495106489,0.146860648791912,0.151853613005553,0.0979674244690051,0.164184756842055,0.188611930745522,0.181089865376517,0.131753161190783,0.205005566240748,0.125820466176592,0.157587955314683,0.0611782625114438,0.185456821991462,0.179866654743483,0.118237160364602,0.133503849291051,0.152376027169582,0.0727692195520792,0.145514341105399,0.138604039637193,0.279659956688794,0.10946340996838,0.119039931296473,0.138318210377607,0.208796735673625
"chartacea",0.236825078395825,0.250447434390775,0.171084322458997,0.230031821328996,0.227586054047068,0.215731481027241,0.267837750349881,0.275208121109819,0.257649271405205,0.154924608435859,0.144922229270315,0.172519700033321,0.158988738908534,0.222172299188425,0.216890587928785,0.21569270173768,0.174439621488588,1,0.206643825508426,0.176686253336285,0.190327857908414,0.223749508055316,0.20319033902864,0.242039080373782,0.179885221512266,0.197691740092888,0.148106981461171,0.215675093261542,0.198727051679165,0.21982284085483,0.22804084231819,0.152763625819854,0.31164736466786,0.195754143875994,0.168663392272503,0.167229161642332,0.193762355546578,0.17511224794766,0.152495594030791,0.229430711919635,0.206942701171329,0.204507738219812,0.178181319519764,0.189848155757426,0.258359000840239,0.183039581530135,0.156733340032107,0.231259093174651,0.1730609660932,0.156312848585629,0.226563135514332,0.176402789720471,0.258925968082633,0.262715916302992,0.196181396681847,0.159691643043912,0.239148422224595,0.184706760653932,0.184860441680605,0.172061279255401,0.252289326910089,0.239587979524965,0.257718655202184,0.242252228230681,0.232764740074451,0.245179971894646,0.211896166353707,0.244297961604325,0.168418156994555,0.319233471696597,0.19394285818496,0.186085254299056,0.140760832531232,0.151409724929154,0.220987226290206,0.219419428425874,0.115187905233869,0.187908063997364,0.216757247344774,0.202471650025278,0.15370386495788,0.222190408297663,0.201591433880048,0.199434544645121,0.0886380440916194,0.22613943612671,0.145623222837432,0.11830074044769,0.176604958016127,0.226812929373548,0.0995889713098471,0.167618909892885,0.201128833812202,0.212921702741161,0.135869635487309,0.123829263679427,0.171982611465818,0.304753713498303
"cinnamomea",0.221885243142942,0.295113389841812,0.173996158464764,0.202437867480538,0.201302365961825,0.275367054663872,0.268100821515531,0.220878393143373,0.154684596829292,0.160785162076928,0.137361870156483,0.156009613566125,0.180762701828739,0.215451855096055,0.235866176220921,0.188519393884404,0.17877725376618,0.206643825508426,1,0.218638962369923,0.222526073565376,0.195716815618166,0.139880208412202,0.232621730560957,0.116454879176319,0.184235387869353,0.156581096950609,0.190326472390594,0.182152318024492,0.213526575147736,0.214467301262086,0.150532029551099,0.242552185229586,0.231115889532745,0.164512269727396,0.173441524090126,0.199585656439956,0.179385555678845,0.184642742080385,0.170047295889671,0.160421829199402,0.160036518998705,0.139443343556262,0.158448425324759,0.221769561967267,0.204693574489917,0.130382456312256,0.206082222602672,0.140826728654935,0.142142850418056,0.222496837122059,0.13250838838112,0.225356901219655,0.186162192333263,0.236151220821242,0.205282940268789,0.244595951674817,0.172229169592479,0.221622406526327,0.162908599117486,0.211206324199101,0.21520243956509,0.163463969419784,0.193628648600255,0.198420798617717,0.281782176991812,0.177936909993708,0.278147148809936,0.128288439767265,0.253063932945662,0.226361406562262,0.129101037544497,0.124963941006922,0.133944479301106,0.173416757936585,0.210367421263359,0.0987578681713303,0.310990178237595,0.208578147087177,0.114902926624266,0.22762417480283,0.227656969746798,0.189578491042102,0.237268489807759,0.0823506226441378,0.201013673699414,0.094910576007487,0.127826832703134,0.162689944376639,0.175272489992489,0.111169148028843,0.1843136525367,0.1790544492723,0.206862132497103,0.119245698019687,0.143801588510242,0.133346227458566,0.263234820569454
"cocleensis",0.241857442644315,0.203448792098141,0.182051353131394,0.225745384411462,0.162488940138109,0.200724151004249,0.235497374068041,0.187741690120514,0.152749118657091,0.149346367638944,0.127167751929716,0.241668882849257,0.19091683955436,0.188711288518933,0.235258130223733,0.214513765411433,0.155968599504148,0.176686253336285,0.218638962369923,1,0.143768011597847,0.182576949433676,0.109891601915684,0.192703005910972,0.0923750573382395,0.218352727460389,0.147091777163095,0.156264333902864,0.16894986204527,0.177521080938909,0.151171097189547,0.118070050314422,0.18974611884164,0.176543404093873,0.157019400787515,0.145405025406907,0.197278737448032,0.186162867701895,0.158112795364954,0.188943958916909,0.11723176873946,0.126669297456364,0.107449827671519,0.156185949511464,0.185580471479638,0.16504803274548,0.122500191928436,0.191505155405584,0.175730687875393,0.105549424540089,0.236325328021674,0.142028450373574,0.212577816195373,0.141646173602373,0.194590485177019,0.185608700903098,0.18584540438469,0.158134624309977,0.133914024421044,0.155819850555146,0.190334353300973,0.207994553312521,0.162285413422594,0.187478850296377,0.172747526926961,0.262909408844729,0.208161313720897,0.235530549551675,0.11198794649978,0.164326516474063,0.165703462760121,0.136562566003702,0.109479571500739,0.183848142815916,0.15348122878215,0.174983476543739,0.104169574605624,0.176467814941256,0.167754510155031,0.0994247943143429,0.19757488501311,0.196391588298716,0.151666096477072,0.214979741272607,0.0674718860767634,0.171725403819072,0.07467181629956,0.108174137594837,0.158636662173914,0.124796393014442,0.108044229424385,0.171363918917193,0.175576336919317,0.217037668256489,0.121378937849421,0.118673844346144,0.150682864881263,0.230841977053206
"cordatoalata",0.145548152065399,0.187730400633834,0.12297185835112,0.204782222669884,0.18990044801004,0.163594843446978,0.217698241877098,0.20603871256454,0.2069370038407,0.134211709593625,0.185686278400433,0.150747312224317,0.123319204937199,0.156475376906774,0.188402538031067,0.161989315783776,0.228948849305425,0.190327857908414,0.222526073565376,0.143768011597847,1,0.178724597729549,0.144320157426511,0.229770130651551,0.138228908218613,0.133491752760501,0.103226379998686,0.159979689932221,0.161255823309828,0.196710339823773,0.156556197778515,0.146139397263001,0.242904662951933,0.141611228642798,0.133745585416677,0.132278633265075,0.189558291826172,0.144276973839501,0.124724939759273,0.139508265072925,0.143216058247108,0.145615211044926,0.1573200041187,0.129570815947462,0.153323088783628,0.145937648470925,0.118447031657211,0.19107985766047,0.134504874616819,0.160602292195746,0.17017156383129,0.0967774775470327,0.19672570498011,0.169815729315344,0.162616093415481,0.151913874635915,0.171674867501094,0.13478576193395,0.132200174653567,0.126900156623911,0.209485045078882,0.18890021159588,0.185657918049766,0.139338160312645,0.1770857316531,0.205752280001905,0.150177036403606,0.192936234412547,0.145934009927139,0.204622748255999,0.170101497140463,0.137579619803623,0.115225689526853,0.121289289209306,0.159913660701063,0.178342806685025,0.103589978902476,0.146277354918847,0.198410421175849,0.133661303712675,0.170734433704704,0.170208920151236,0.117467720417562,0.195322561070053,0.0723815488824098,0.205453818554375,0.143292168252843,0.118311361869979,0.130838182596377,0.157099332590879,0.0774579248216719,0.124944340232789,0.115451543284906,0.267266431173154,0.117536121965091,0.143347522424887,0.124796994671672,0.220674626622911
"coruscans",0.224771409215896,0.232678001561235,0.180015496411988,0.22902714182607,0.210368433866766,0.200051801137519,0.225915266918901,0.22383765993696,0.208236312792885,0.182353888494847,0.141354314493536,0.191727984706365,0.157839128228875,0.2002759164526,0.236899391683397,0.174783531012726,0.205027659385729,0.223749508055316,0.195716815618166,0.182576949433676,0.178724597729549,1,0.163067251056724,0.248608981190193,0.158130545297476,0.197770117519667,0.135191320832468,0.208352027648057,0.179914401427287,0.168864676172203,0.194363289753772,0.168692115257224,0.258874267532844,0.168692103484654,0.217029828787381,0.133898593772044,0.197130646026733,0.186835524849394,0.188770029313546,0.258732519008378,0.183926645248759,0.191021906684288,0.192101004589585,0.180470227719044,0.20859670603727,0.23939527355387,0.145123372227354,0.204438673289096,0.223592296361139,0.146438936851423,0.237071760021928,0.1379286176924,0.242781866481912,0.208958503665002,0.224217241109597,0.189085635161438,0.251774998548552,0.195055234804836,0.160938358450012,0.224224158191605,0.203484964135322,0.238368427849207,0.206900966967775,0.193634537762953,0.320125012049251,0.247156140936964,0.185666831169178,0.242918238323587,0.12290732885307,0.231620051572216,0.204681348465101,0.135123383382964,0.144992957708403,0.161991842276582,0.20086668559267,0.188834354926385,0.164392282911874,0.232375610511709,0.233358081915426,0.153249257269266,0.18141699537355,0.243903061664813,0.157846385584124,0.262045144080141,0.0738708503562139,0.25026891256183,0.115552228848361,0.125564160962344,0.163320551867258,0.167218130774942,0.118946052264622,0.186578522446735,0.161533102138097,0.2001518884719,0.214857585010484,0.126064185916632,0.166710624793855,0.225992369123495
