"","acreana","acrocephala","acuminata","alata","alba","aria","auristellae","bourgonii","brachyrhachis.aff","brachystachys","brachystachys.aff","brevialata","brevipes","capitata12","capitata33","capitata35","cayennensis","chartacea","cinnamomea","cocleensis","cordatoalata","coruscans","cylindrica","edulis","fastuosa","flagelliformis","fosteriana","glomeriflora","goldmanii","gracilifolia","grandiflora","heterophylla","huberi","ingoides","jenmanii","kursarii","LA17","LA41","LA48","lateriflora","laurina","leiocalycina","leiocalycina.aff","lomatophylla","longiflora","longipedunculata","loubryana","M18","M25","M27b","M30","M71","marginata","melinonis","microcoma","multinervis","nobilis","nouragensis","obidensis","oerstediana","paraensis","pezizifera","pezizifera.aff","pitmanii","poeppigiana","punctata","retinocarpa","rubiginosa","ruiziana","sapindoides","sertulifera","setosa","spectabilis","splendens","stipularis","striata","suaveolens","subcapitata","T18","T21","T29","T50","T51","T82","T85","tenuistipula","thibaudiana","tomentosa","ulei","umbellifera","umbellifera.aff","umbratica","velutina","venusta","vera","virgultosa","vismiifolia","Zygia mediana"
"acreana",1,0.168357834584533,0.160276681244648,0.215988853853442,0.217470497661691,0.216691346321292,0.180573290617144,0.160065602432326,0.261259579161988,0.279553761375561,0.12696154843281,0.162088683035966,0.152176306091524,0.181560715177009,0.232067640031991,0.1897814881445,0.167175834940829,0.240129069797383,0.157086049367729,0.139942387128147,0.188400230188732,0.179951463666601,0.202725795120179,0.210602226650196,0.195900316903928,0.203483514509738,0.169193930559804,0.187256256905774,0.217329865364964,0.180099974497482,0.240012598286679,0.187785878921678,0.224998533823657,0.201598173437918,0.10068013031002,0.115032992892938,0.142865944423967,0.142569363827308,0.133709513661582,0.170492707735769,0.172109799034365,0.251592366942705,0.103754799724319,0.168893940995492,0.188635515687586,0.190012039724013,0.191589909048709,0.267390490261059,0.15688276802756,0.174727264343893,0.240043160586859,0.19125930619129,0.227639893035841,0.0970163279311804,0.145409776854629,0.183691559951437,0.166439341588301,0.119405694651972,0.221885193071939,0.179118838433783,0.181469277898267,0.202637787250933,0.271162435400871,0.194143496990516,0.227416990150886,0.213685748207522,0.100909762676451,0.230276237670181,0.156298387234333,0.246147802110249,0.156473224275637,0.279223344136507,0.198596774950326,0.188884519380564,0.151913705887628,0.19120749227592,0.156596309934569,0.117979812616228,0.171807547488665,0.215498418020536,0.221794885458224,0.178827814037413,0.233022176229145,0.145448248896827,0.162629648271285,0.166850201019241,0.142645832702225,0.144665937307879,0.12856672405239,0.169282119150826,0.198941048691109,0.113828548240259,0.165347793469994,0.159285887475515,0.222341445285756,0.12345938437781,0.254357840382529,0.225951899490353
"acrocephala",0.168357834584533,1,0.166943760633383,0.193138704852225,0.185107421801841,0.141382691372748,0.261220835729637,0.163428279917417,0.15916265506363,0.146642304880121,0.11867224750186,0.156075672845606,0.126289805360616,0.14974113773012,0.166935910264441,0.135398203344445,0.151329613346791,0.196448544719943,0.159108686638748,0.155114789133432,0.162560465735444,0.154708783906016,0.179130083015261,0.350750747921381,0.132157591324902,0.138674943495756,0.152290206206653,0.139738455267191,0.146223011172717,0.189008719808661,0.185961197821735,0.157525913653065,0.20247436173981,0.131445627240374,0.352724682656847,0.349188180104034,0.148375774132735,0.121606852527164,0.101813363254047,0.151462653134569,0.173937314171771,0.173597663142793,0.0851423262239645,0.142023548237392,0.199274801764816,0.16295214159425,0.168728601715963,0.179906548106144,0.142046958305652,0.141415790012568,0.162528840815925,0.16847316705969,0.179462366284147,0.387579749262312,0.140229559388869,0.15263097575533,0.115174859517286,0.138170067801048,0.186888780375009,0.140365148670247,0.151519475010728,0.201759283313656,0.152354938338173,0.150570528452612,0.215051451187131,0.180817156267976,0.357193095302262,0.194773638780776,0.145163674879337,0.204138526694106,0.17050904489751,0.144336065754484,0.155853925412254,0.176793579253663,0.41554104116013,0.16974472131544,0.160372168675209,0.125386506043551,0.137073317731479,0.1620380717118,0.165766915279334,0.213340845578295,0.183621567214223,0.117290291289808,0.178146210411212,0.175026637031471,0.422369427439102,0.0961915860230791,0.108610958902217,0.15113800353389,0.156929912498795,0.171955783289699,0.157900204537498,0.131941992916071,0.168355098026109,0.126808404776613,0.12233250833794,0.166124263627488
"acuminata",0.160276681244648,0.166943760633383,1,0.169428729829498,0.150728896277396,0.15846240512729,0.151047917785705,0.104102640680256,0.194145008072475,0.124164406835617,0.118754809485277,0.151925039188419,0.0938582861666522,0.168026475208682,0.176307122542418,0.179536255075774,0.173948979199122,0.153778189077035,0.133071245084053,0.1335732000214,0.214060027659523,0.173592107458964,0.177625250996347,0.128224449181627,0.188394018802063,0.137978773055853,0.207530629815235,0.166573422159174,0.181190779471629,0.126327417614926,0.190350064001861,0.146051888171207,0.177353419747973,0.172332848554995,0.0804072317272627,0.0575379367348985,0.186617462218932,0.188749672928272,0.12737272409722,0.152185154684598,0.149196233177149,0.188674041273609,0.120015562070355,0.165521559479309,0.177527307010085,0.14413349889383,0.143008682444464,0.174459522709244,0.134456202355938,0.153991078443158,0.146138099735223,0.164015299149055,0.212085714410254,0.118366024283103,0.154544482979383,0.198763578504314,0.161220556114285,0.0659866975916464,0.171829531349986,0.146067862858624,0.144334758834479,0.151263017768997,0.175694748537985,0.2003343606456,0.245178336074012,0.182425553970669,0.073907631786219,0.167391250428639,0.133960198710403,0.164102352892683,0.148916771372998,0.128901295732445,0.173211351521783,0.182855780993986,0.0963721645987501,0.152660594114522,0.105366609204472,0.074884719612239,0.0800717169590775,0.171188488975157,0.174249700171613,0.150380487625223,0.197274018400654,0.131643143624277,0.212983815422946,0.0898208337114951,0.119958906178167,0.125445141919836,0.123206430207483,0.134565833510883,0.165914677161777,0.0907802891937684,0.178851381389923,0.122503435369651,0.202537615831873,0.100928085636014,0.126255299747942,0.190434035961923
"alata",0.215988853853442,0.193138704852225,0.169428729829498,1,0.264048380665197,0.181315786213924,0.290161969014207,0.227300440337513,0.239298740859335,0.201939904037592,0.165146880151923,0.171659130524392,0.137824293945192,0.216916545125544,0.249149446438713,0.197224367999812,0.214329003599862,0.292783376750302,0.198929258536062,0.204291303459582,0.234072061923871,0.210123134143274,0.247525118930728,0.253700807563398,0.174367610512316,0.173773702256977,0.199137190789602,0.203953640755185,0.22734487467164,0.203111894702964,0.258830435229592,0.189722174979025,0.290046355817756,0.188548609052174,0.126516886773808,0.0918969002652539,0.188471690695184,0.143825946312426,0.120487326769225,0.197016495151768,0.213319579536501,0.277211529735975,0.105585410866884,0.198105064416035,0.243941887619321,0.183695254560173,0.161175658272782,0.226923884182118,0.199613811213486,0.181518976601479,0.217765581555821,0.208999537367454,0.240930562829207,0.126259477800948,0.195997676804437,0.2016446072086,0.181125476876852,0.127499604533518,0.214428747614927,0.190473394577956,0.263800144749202,0.330500265855316,0.252184541185538,0.221147266128516,0.280289382558104,0.250078818909979,0.152507785665341,0.367944197018323,0.1694148774148,0.340979694514254,0.209243022095364,0.185722409326592,0.232255854226277,0.242212457824792,0.196196744797113,0.273253550200643,0.20766608857425,0.132964601509755,0.184672440265591,0.241396052274396,0.246688811521317,0.266636302750766,0.229220606460453,0.151606549651212,0.184806936542725,0.176970194100336,0.21078086973765,0.141588771586499,0.130729893736827,0.17934967435928,0.218770284676988,0.122564815133969,0.171799111189317,0.160051263017676,0.226216422441786,0.178724720109436,0.176157008361171,0.216020143534717
"alba",0.217470497661691,0.185107421801841,0.150728896277396,0.264048380665197,1,0.177129621359767,0.27289396191438,0.151526389694447,0.209762316915466,0.305165336262719,0.267395743288248,0.257635935239942,0.299119260560913,0.213554645076007,0.22904434933643,0.169463398414916,0.197805444192332,0.300539783650639,0.217273161090489,0.207559119537802,0.214407722725417,0.183392455257233,0.230795379779432,0.233468870467489,0.162657691629278,0.297102784904296,0.172197137671261,0.217110304383592,0.211077530258941,0.211317586907258,0.308444644367457,0.288904591410516,0.299310898679102,0.174235393873231,0.234874971791481,0.105519200980665,0.163943789108199,0.128215330991216,0.122520169096727,0.176144564860043,0.318085039567919,0.237607909855427,0.112650601805428,0.182699931510029,0.208651204048285,0.20006514496342,0.268762664477336,0.214575129671298,0.263955548592646,0.275697162242103,0.211173264905989,0.186265614633351,0.249098796838256,0.102000120818448,0.184582811023554,0.188871186297274,0.163180705045716,0.12072591312618,0.321446868548568,0.179580401877243,0.209004184116885,0.243907667197231,0.202126371908806,0.202428440631474,0.233246932212018,0.2094951649519,0.113029415969308,0.267833843501715,0.17463378582845,0.268459121088811,0.317538726873334,0.15521931656457,0.204538665436168,0.194527066722566,0.176987686409627,0.231721590344351,0.207233815633319,0.132815432330668,0.146167508820611,0.226417764212624,0.209227751427748,0.271147475243122,0.209668176578789,0.14648652818158,0.170628062207371,0.257677125800229,0.182934928935786,0.132431344009243,0.128724252124091,0.285857281656224,0.193219986549862,0.238916649813831,0.171172153922997,0.174474507268253,0.209785788307549,0.28498985934861,0.170246727000486,0.217407436610292
"aria",0.216691346321292,0.141382691372748,0.15846240512729,0.181315786213924,0.177129621359767,1,0.145914659540248,0.122622154339674,0.166099984920259,0.124085390959166,0.134981053046215,0.185821390511977,0.123774840339225,0.170936059404607,0.191393057090317,0.230192787420713,0.16048875546454,0.159218504998719,0.128352803405254,0.172146097147332,0.231271657875484,0.287957509984414,0.1895599268075,0.157034816512293,0.158641359784104,0.146596855302104,0.188493887636046,0.202121942096037,0.204734273860225,0.144549922421738,0.1949829837721,0.150154075249519,0.171094943430521,0.178181764970265,0.0999367409120566,0.0852840350448049,0.166473096448897,0.127611568332425,0.146331193121284,0.179303494139016,0.154587170206813,0.18079048678529,0.102585198475517,0.167674955309928,0.155675007272144,0.180775197826974,0.126109660656312,0.195434284460943,0.113691053436202,0.130898683205319,0.202949755570746,0.147821516048212,0.223028091431088,0.0999804528852774,0.139677534938098,0.168353678195842,0.166654781139382,0.0906808259843837,0.140179959977795,0.170955025745387,0.167799231158365,0.151158161823701,0.255085557806581,0.166366850094145,0.214395076208223,0.173631556442437,0.106092368936325,0.190093922246823,0.133900615765575,0.177109188426227,0.151634774291442,0.137547048838746,0.189214167834051,0.174489619201526,0.135843792920996,0.149723142480273,0.133696793071821,0.10209227941295,0.119450044181396,0.169245469852449,0.167767803150935,0.1590708397575,0.190144885849975,0.151296736107078,0.127457419235125,0.111645485430458,0.200928696831074,0.13196942015234,0.131213447493997,0.130478225872689,0.197995531060556,0.108922218659902,0.155307750753139,0.140564576921642,0.241815533619421,0.116905931303712,0.206844777149967,0.150229938977633
"auristellae",0.180573290617144,0.261220835729637,0.151047917785705,0.290161969014207,0.27289396191438,0.145914659540248,1,0.161032056803521,0.18191087996602,0.137348023479486,0.176116452542416,0.137749962753978,0.164830939981681,0.208513863077633,0.234876098704313,0.149417806016628,0.192549034930243,0.310326294901822,0.227788873349033,0.192478869373717,0.189315525598281,0.181769416550717,0.314166532029843,0.216582567167097,0.148759757363798,0.195125666133976,0.176768920536823,0.172640866288889,0.199896516221639,0.22840868814485,0.222940363785739,0.181984915722445,0.305995706525902,0.157458471791104,0.183509264028738,0.134290098394923,0.172612667839945,0.115866420041526,0.111258041767922,0.18419826787969,0.226879530462565,0.224625072108122,0.0952863988004425,0.180550789666016,0.249069118629116,0.176161659029135,0.21283514989477,0.186971721715685,0.157320983649422,0.163986682127418,0.200660519228968,0.163662100368793,0.215377245323762,0.180607671244591,0.166589258467288,0.182421758931726,0.137322084492741,0.226600991779929,0.184738357942842,0.179674941428264,0.190142736615665,0.249279309514497,0.165868586207656,0.18306468603356,0.258261606566922,0.249646489900118,0.193088380448121,0.269626734314671,0.158201993258147,0.304036530729018,0.206783459524709,0.139798443480696,0.188588160119862,0.201225637035415,0.209103526357018,0.186816313024098,0.208031931490048,0.149719938640323,0.172066378456777,0.217343721555138,0.179457100684821,0.360105463240671,0.224413326280916,0.128233763490356,0.201079909765829,0.387605547745936,0.23187116812684,0.125310546069581,0.126907430331507,0.210260569380702,0.177129044457663,0.136901010918599,0.177420205449292,0.167661278210845,0.211736260891563,0.203425857313966,0.147398117323269,0.208154413222501
"bourgonii",0.160065602432326,0.163428279917417,0.104102640680256,0.227300440337513,0.151526389694447,0.122622154339674,0.161032056803521,1,0.138240188966079,0.114390767339469,0.125080300942926,0.115274175037231,0.103455358342278,0.148594712531079,0.15202836019369,0.137310865639517,0.150514031711927,0.169864005301466,0.142024027152512,0.16732643671881,0.136174703241754,0.147818142185695,0.161846934871073,0.171786413426529,0.136329182516759,0.126102876922183,0.151183539471358,0.123970815763443,0.163424857941354,0.233382173278492,0.174105238105365,0.151267562419867,0.159906132783654,0.134777166386058,0.115717444121882,0.108238596604225,0.132562731806259,0.0896566329337877,0.0970103543818271,0.145151969505846,0.161244277367426,0.204478758874135,0.0809558981551647,0.146384498729028,0.142557174354526,0.140582348655937,0.117483366107863,0.135832380623647,0.146192194164333,0.228545276332201,0.166062263375769,0.115626683970175,0.170249789044798,0.118025115594289,0.139447297264766,0.145321530787034,0.123580723852599,0.0911760028635747,0.11605777060423,0.133220828268958,0.167181749315969,0.26280271133939,0.13218288356346,0.147608906923376,0.166192531989864,0.14729769981601,0.0920365379789029,0.232516343058209,0.119643592299239,0.184721744585453,0.165446963464103,0.118815260622043,0.145089072935978,0.152799661338362,0.137871324487064,0.139080590130487,0.134220939741125,0.105350706490809,0.222232762944688,0.194839938769903,0.164850589808445,0.181466819191017,0.153269876408195,0.11112486195127,0.13582600405156,0.145676103629834,0.15804650491176,0.114049440120754,0.0946212247154876,0.109623844522563,0.137077130429687,0.100298909566512,0.127578211911372,0.123582130674583,0.146840242249486,0.113392877973835,0.122115134988688,0.144911324258874
"brachyrhachis.aff",0.261259579161988,0.15916265506363,0.194145008072475,0.239298740859335,0.209762316915466,0.166099984920259,0.18191087996602,0.138240188966079,1,0.268770689427712,0.175307781569198,0.156469054685446,0.114875899437803,0.249448692742181,0.265474007036226,0.173871703652598,0.287777461683209,0.230617937372135,0.229811736960314,0.225760774010919,0.386257860976796,0.23081040074821,0.292973315093038,0.205487058834374,0.305558743155434,0.206948849169063,0.271650095786561,0.200017255700259,0.301591711156573,0.173295508433165,0.249537595418404,0.175698685753074,0.283755035036068,0.344351930050122,0.185781561639457,0.0929443217927999,0.384766981653931,0.155662191868105,0.146899764194955,0.163943961564658,0.295408364901896,0.283388895251886,0.125223262475058,0.590745972706594,0.221266581129883,0.171859684917524,0.131028233632592,0.40819909880282,0.301238507073914,0.157620455159421,0.175749718983172,0.386403400570715,0.421940599656504,0.0835173868930159,0.280439615020506,0.363360152139049,0.190392327142755,0.0771683129131858,0.29281319323305,0.194983432460222,0.208893563793109,0.232341033946173,0.207648609237587,0.30171939422121,0.290669350472899,0.253346501553868,0.0902161740426932,0.279425255157622,0.121611525762714,0.23195897776582,0.169955722663981,0.285969444493849,0.271928180059607,0.377549042312323,0.20311364869855,0.169804805516668,0.158533524021984,0.0996976321654549,0.0882174149228246,0.278978238244412,0.285928919747364,0.246388146114054,0.356348754639003,0.134998028034721,0.263355929102612,0.127006704855066,0.149536593291714,0.198631083420111,0.171044972961059,0.145529803071623,0.207685705677064,0.102478205891821,0.264131156534656,0.120896703493251,0.367101499485094,0.171207891379508,0.14588379447924,0.221176217744627
"brachystachys",0.279553761375561,0.146642304880121,0.124164406835617,0.201939904037592,0.305165336262719,0.124085390959166,0.137348023479486,0.114390767339469,0.268770689427712,1,0.311529202699495,0.312446435066987,0.212674762653034,0.157910450580062,0.145837260722003,0.144333058177119,0.156726294181242,0.212227982533643,0.149454761061858,0.150982888868054,0.217054190533339,0.161358978367521,0.165359380760779,0.243684923663633,0.154051317273564,0.348342482622242,0.151869338868842,0.15459117398441,0.143698474193266,0.14120250711593,0.180657785820305,0.386432899005739,0.19530137188495,0.145094417487591,0.27645657348592,0.110777494274465,0.15540489399759,0.141399589075491,0.169667762953361,0.139164387789163,0.362157650669631,0.182289257814531,0.0916198123175588,0.189400725175517,0.153043122917192,0.157500067266819,0.338809092924779,0.297392074815842,0.311927085919621,0.269666909448587,0.172419986184008,0.267799808483478,0.19239003572929,0.0615379295999355,0.15339492945495,0.166721327814422,0.173278899227295,0.0800397113566445,0.418633696513485,0.126176197987795,0.119525894710366,0.169336562988896,0.197646198077318,0.149866244384268,0.19412613308753,0.147832604210337,0.0721259715579634,0.180975776342677,0.101201484189896,0.17180545684558,0.353733279877723,0.28303340241006,0.161609186220773,0.232757492430643,0.196877772251799,0.177125584191483,0.188981722936734,0.0929023113451756,0.132963288254634,0.159509367989463,0.161456870491348,0.176952384681528,0.178000530388854,0.0990853246494429,0.124698381072901,0.11789673770099,0.122549998380565,0.104321724638966,0.0998457671003316,0.267182807873481,0.132005534037311,0.25985602673259,0.148920940504303,0.104010451554566,0.180052678526431,0.354228147046485,0.137878197948589,0.133379955650331
"brachystachys.aff",0.12696154843281,0.11867224750186,0.118754809485277,0.165146880151923,0.267395743288248,0.134981053046215,0.176116452542416,0.125080300942926,0.175307781569198,0.311529202699495,1,0.273107036134832,0.185407517338404,0.183065837521162,0.173312160352529,0.114067696520671,0.160517833755241,0.200914775638555,0.139317710466254,0.181788714336559,0.185134827783409,0.183512168810574,0.210387871207842,0.129627179899005,0.151384072379997,0.329177632058268,0.19004423844222,0.159349728195308,0.189010591858004,0.151514528226501,0.164847905287856,0.392003443115649,0.20562482888537,0.151476044255118,0.27926523526341,0.0685628010259008,0.142478229230397,0.108254838022122,0.0906927798243671,0.115559261899761,0.430077558418068,0.194607762340079,0.26989656143675,0.178480555446541,0.18698760380101,0.131927354766219,0.324404376291423,0.177980155073554,0.290298635237298,0.290351226735881,0.14670113880414,0.151347321763773,0.183839398088225,0.0645812647135164,0.194667003563524,0.185703464165686,0.116466838940575,0.0704371115006201,0.259595660858647,0.241433687539417,0.171299050750901,0.217800172255487,0.138553496920074,0.195178909683243,0.193234758604393,0.16082767823086,0.0814434640313533,0.183244429702721,0.145766799136214,0.199029688094327,0.33996834816629,0.0930215390644463,0.185225126375105,0.199708481940942,0.118844353929339,0.144419783970047,0.128809343287453,0.0816610893799046,0.0943417945512741,0.18489238195225,0.172181777178378,0.196493656415467,0.182726791298969,0.0985944450210286,0.170410683495257,0.107339078073711,0.113019600340909,0.311775412349456,0.114880777031829,0.265237328682026,0.142528445406438,0.319850271519391,0.132522346776799,0.127088419073267,0.162848862656295,0.341077103620069,0.125345816185432,0.194221805602851
"brevialata",0.162088683035966,0.156075672845606,0.151925039188419,0.171659130524392,0.257635935239942,0.185821390511977,0.137749962753978,0.115274175037231,0.156469054685446,0.312446435066987,0.273107036134832,1,0.197764396618188,0.134500702948555,0.150530858023039,0.182312023871678,0.138712789560105,0.15798367547317,0.133309513677201,0.180770375864354,0.188466590675136,0.196453497310395,0.180624904728793,0.183110618033082,0.145341374479364,0.288236278325274,0.154740593070344,0.18839728320085,0.167198665876915,0.134295015714478,0.165956668153325,0.320713283469375,0.190329189456289,0.153196217203251,0.249616477110975,0.0813053103506798,0.143996526950525,0.227114338586714,0.132676086244011,0.17027861519946,0.312909026445545,0.194712291273825,0.0803946142580914,0.141451533026543,0.164044962340074,0.147689107420303,0.256283965395816,0.162155595538959,0.272018496558952,0.283447777266466,0.173809374252276,0.140016033535261,0.219969134893552,0.0704535048637766,0.150799388242555,0.154952242051192,0.14904693357833,0.0724628266613703,0.26496729678626,0.125343777038664,0.146702231362661,0.154769643304449,0.204643178481025,0.14344819443868,0.198194010402662,0.163244126215641,0.0792481672040462,0.190332788871126,0.110768460368025,0.189756044274701,0.32463680209273,0.1374574181888,0.161524670191777,0.17688402060456,0.184078229840853,0.157301198240698,0.1277827417364,0.0987242249132648,0.088838178460497,0.145599348318195,0.158208437547214,0.18162319659997,0.173215155372045,0.145237550064731,0.140341646877774,0.0882542802777841,0.148636884695448,0.0975694268090569,0.0992270179390818,0.266850568468059,0.20181833780947,0.27856366618125,0.146248124281215,0.115524631939954,0.202162861334838,0.252516408775494,0.131825106746882,0.211876291916696
"brevipes",0.152176306091524,0.126289805360616,0.0938582861666522,0.137824293945192,0.299119260560913,0.123774840339225,0.164830939981681,0.103455358342278,0.114875899437803,0.212674762653034,0.185407517338404,0.197764396618188,1,0.123614581587859,0.187901867605031,0.112587613318612,0.100672011642598,0.158535009364898,0.11449655405973,0.104974392668899,0.127584542825011,0.108165989929662,0.143608093704814,0.140012038311794,0.0834061998251507,0.209320569629585,0.100614217163792,0.124697363819633,0.137456499304699,0.123800828688222,0.171362009737797,0.210257002248557,0.152263437309095,0.0894026985844618,0.180660716704467,0.074864734311756,0.0847469877029804,0.0952496891385574,0.118154909009683,0.142473096837574,0.222715261618404,0.142905763507749,0.060863974280018,0.0870598545769233,0.134573234204023,0.14529205818156,0.197017653856299,0.102923125042971,0.187249087004519,0.220214103902342,0.142153881896759,0.0954983018351491,0.130937575911133,0.0830449171861399,0.0924034892194909,0.100657165124466,0.12530890403995,0.125448026005137,0.225118139815454,0.118418769039498,0.138000381901576,0.148205878094143,0.109532639849616,0.157768141637352,0.145263402989519,0.137903917603387,0.0792295040695353,0.144996968856162,0.103180369255208,0.175529315296445,0.218241562972779,0.11402710370995,0.141614600779368,0.11920088510941,0.093164390674704,0.131312227905186,0.119034899808539,0.101543678173367,0.0910740460613638,0.10418467980044,0.117215583399325,0.159885911001586,0.135719754896571,0.10991103537166,0.125041455280081,0.130322998408673,0.124267371558842,0.0751146617621375,0.112381065903061,0.216175649828868,0.120012133918148,0.189350245430634,0.122606889112081,0.181218743068951,0.118272379376314,0.179049262782182,0.103094720310532,0.162178120796469
"capitata12",0.181560715177009,0.14974113773012,0.168026475208682,0.216916545125544,0.213554645076007,0.170936059404607,0.208513863077633,0.148594712531079,0.249448692742181,0.157910450580062,0.183065837521162,0.134500702948555,0.123614581587859,1,0.292613702742528,0.169715439089208,0.271912697580785,0.21944540216986,0.178962913711477,0.173879804158168,0.286070965607833,0.205998205843187,0.2376600354409,0.16610727275801,0.21286749114903,0.21970879562009,0.21676013542845,0.205956220403798,0.275811443605074,0.180860545125316,0.224501842354387,0.19416642990534,0.24504875120367,0.268003807081941,0.107687346467879,0.0651106833010329,0.230540801897795,0.12552118401506,0.158369096406112,0.184899070761309,0.224990964129514,0.255003867261303,0.144294018155019,0.246978512527614,0.214856712080933,0.212833247235066,0.150214336752969,0.268797771028196,0.181152441128213,0.163754227829642,0.183200965210875,0.225821607999659,0.262613238874243,0.0858016067410104,0.199939922345331,0.25464298678447,0.16091804121354,0.0744895713459055,0.185860286160066,0.21364882926517,0.259226272847201,0.205182582006804,0.197283330375008,0.280468634576622,0.294200116971576,0.271705795745583,0.0858457016938603,0.245529971571901,0.14914629239779,0.249058033988461,0.162380885166628,0.159322620369893,0.255904562286571,0.248777937414734,0.141752177752856,0.180043715257007,0.139997586835136,0.102864548259373,0.123619108737145,0.282838235948318,0.252234058044204,0.194927621307323,0.234964191828397,0.143607428950013,0.195590641612024,0.112186013269967,0.127644852070142,0.227499257619187,0.171421869760027,0.243538453018999,0.191898432037203,0.0945827321008177,0.208684971832414,0.188410735675376,0.210090898556572,0.162789321065493,0.157477169852759,0.249898831562547
"capitata33",0.232067640031991,0.166935910264441,0.176307122542418,0.249149446438713,0.22904434933643,0.191393057090317,0.234876098704313,0.15202836019369,0.265474007036226,0.145837260722003,0.173312160352529,0.150530858023039,0.187901867605031,0.292613702742528,1,0.192277821470459,0.251641106080817,0.261235673062521,0.255645224780116,0.236503557737648,0.297271072079387,0.206580267999246,0.270927969198937,0.178396204519267,0.24404734813792,0.18005891989229,0.250079101372261,0.207991792004922,0.273765805972076,0.206835034415629,0.264597871327446,0.180260062015419,0.311172408504283,0.206868484161261,0.149194117493997,0.0737541172199516,0.259949471636777,0.134156799794294,0.145476339855316,0.18160360667156,0.26886965214374,0.287124333247076,0.174039923978959,0.245095648763232,0.265395049364033,0.200957657695375,0.169618426649661,0.240482564867312,0.189478890960261,0.170432451085768,0.216399196175747,0.266059089350188,0.372506400043411,0.0944187169833745,0.192673032513763,0.278455181825641,0.194008293593262,0.104334806155014,0.224733823080768,0.209214621605942,0.250409726987977,0.240441014860276,0.21406353941371,0.264509903989739,0.338419175645645,0.349753809764139,0.101193383503081,0.257225583598941,0.176275491693311,0.275729867712056,0.166532050418518,0.169662800967666,0.231532668026728,0.263955646316995,0.1589258441351,0.213223792312598,0.17888275488039,0.103443888564621,0.103514502483064,0.251611004659267,0.23051746097504,0.228181163139733,0.267407157235087,0.151807409713569,0.271492651670914,0.158957903220242,0.158383764763653,0.200509889248059,0.209349969547381,0.203326696089407,0.255489472273317,0.129106427441013,0.204616776615751,0.204659900923315,0.299244966670677,0.165686673845346,0.165098713680227,0.258927205544177
"capitata35",0.1897814881445,0.135398203344445,0.179536255075774,0.197224367999812,0.169463398414916,0.230192787420713,0.149417806016628,0.137310865639517,0.173871703652598,0.144333058177119,0.114067696520671,0.182312023871678,0.112587613318612,0.169715439089208,0.192277821470459,1,0.168224933108437,0.153447530140168,0.142107434692869,0.148924329667535,0.23519616918093,0.219036967379255,0.157324440373506,0.162737519388535,0.173620754611765,0.144734229462892,0.194003394792374,0.18389600720591,0.226755331069256,0.1437890002571,0.196042370517084,0.167366563278191,0.170863421509199,0.163331065465265,0.0945199099546441,0.0673995132918592,0.178349904970675,0.155053563442041,0.130221424887282,0.187724212574078,0.154191210391828,0.194690376994911,0.0993053290475803,0.175303199503026,0.165371292068952,0.194762273671228,0.126513908845301,0.180214253897507,0.133450942502144,0.141822970774921,0.186429209525181,0.148956629359403,0.212367022515064,0.100189925883511,0.140302521402905,0.17844307451926,0.177936742179599,0.0888781075030729,0.169226231381041,0.162375934687702,0.166857593760582,0.171428830600809,0.197671189795479,0.171939522606977,0.232213079116972,0.192382349420113,0.0961603605222694,0.200634869846009,0.176200180504281,0.17612230103449,0.153296542965352,0.159092671025852,0.23418979601878,0.201039862021148,0.114480069917905,0.169230530102745,0.140905962390166,0.124451473455104,0.0953817865897058,0.188820342887221,0.203790918575973,0.147573111767912,0.186224538106139,0.143868891808815,0.136092675483177,0.105713416818519,0.148844063422138,0.15868825092682,0.12671344715971,0.142115288185495,0.212431239446248,0.0976271733201582,0.146404252680378,0.146352208686734,0.208960072486265,0.100199218087032,0.206574183689232,0.18149502533485
"cayennensis",0.167175834940829,0.151329613346791,0.173948979199122,0.214329003599862,0.197805444192332,0.16048875546454,0.192549034930243,0.150514031711927,0.287777461683209,0.156726294181242,0.160517833755241,0.138712789560105,0.100672011642598,0.271912697580785,0.251641106080817,0.168224933108437,1,0.203403808635816,0.199920120392846,0.192216835779173,0.270350423738059,0.218512190596198,0.237917734166711,0.146188203939187,0.346268438841685,0.209469979602807,0.203179609541371,0.188476859864364,0.249846081002013,0.243506135888418,0.235470186103308,0.170765780895346,0.258427339587242,0.230006639114757,0.146745725204472,0.0885884272820682,0.265301027450681,0.136358439623336,0.121612025931464,0.160075677948192,0.25515624109328,0.254546268399236,0.151042679898036,0.263037432706829,0.256358162705522,0.145175511171789,0.141831245584313,0.245456501399002,0.206342642468145,0.155125641311192,0.170010805270262,0.229220292997514,0.275378461858477,0.0827653319821869,0.273635594481531,0.359146193897192,0.179570902805347,0.0731679852332627,0.208876558760068,0.17462933122325,0.208126160092521,0.209575238256392,0.186850543285261,0.253717297542872,0.311313764923116,0.202128063539434,0.091076367815567,0.238425913178221,0.182495464890257,0.214153194727805,0.236872329465806,0.153589046451719,0.232922875080498,0.251319954565858,0.144755190721141,0.151804106925293,0.19886540826426,0.101057914200247,0.0893455601176965,0.291485015554863,0.237900999630064,0.204214152587774,0.262183719305311,0.137688387626287,0.221331865154462,0.100509411571223,0.131488327154699,0.191890041454244,0.155795284323052,0.138216255239138,0.184374395292514,0.100692846605599,0.350899317121102,0.166407815921482,0.260486828214011,0.268621226762277,0.157840614419641,0.197339442941683
"chartacea",0.240129069797383,0.196448544719943,0.153778189077035,0.292783376750302,0.300539783650639,0.159218504998719,0.310326294901822,0.169864005301466,0.230617937372135,0.212227982533643,0.200914775638555,0.15798367547317,0.158535009364898,0.21944540216986,0.261235673062521,0.153447530140168,0.203403808635816,1,0.276436687361425,0.196453488293637,0.201127978148744,0.18525214422597,0.269529318660006,0.251024461701266,0.186585890649277,0.193651067478831,0.200996350015763,0.222671062684246,0.233288140342173,0.221688004708112,0.291389066224884,0.178096699298199,0.357597733211205,0.179894145581584,0.157815943480068,0.113415657495544,0.204397687625651,0.124285838157764,0.136329827907737,0.192663297506111,0.233851184361242,0.287648855217534,0.106877420118457,0.226533843762807,0.293114488100216,0.182457689857099,0.164074371559229,0.236836293298012,0.183091474734024,0.18401791718813,0.202157700267465,0.259708360411633,0.253884424434051,0.106213647304814,0.177466059797727,0.208523925357349,0.189454850180079,0.151921650998079,0.255187064078323,0.196771240355161,0.244818214179988,0.289037119834555,0.237544249653184,0.20647778723008,0.234966107110713,0.263912133621714,0.132207332973082,0.277904751372336,0.158224568693842,0.358640542864813,0.201260183905725,0.225801226657675,0.197734564029382,0.268179847351914,0.242462786324496,0.294616243432506,0.245623433581643,0.120558332063417,0.142961006113197,0.238330150542116,0.23562095851346,0.371080066944614,0.23126982585508,0.205347244237025,0.193254673880465,0.235844420318798,0.174366866630706,0.131050480077232,0.137332620446636,0.188174731041869,0.203849488289878,0.138304657463744,0.174127951357579,0.213702459689851,0.236498657039448,0.204426439643873,0.165732691038679,0.239924161136652
"cinnamomea",0.157086049367729,0.159108686638748,0.133071245084053,0.198929258536062,0.217273161090489,0.128352803405254,0.227788873349033,0.142024027152512,0.229811736960314,0.149454761061858,0.139317710466254,0.133309513677201,0.11449655405973,0.178962913711477,0.255645224780116,0.142107434692869,0.199920120392846,0.276436687361425,1,0.239921675641738,0.205182704102775,0.164904244007115,0.228194119100017,0.164421748846983,0.206350952959181,0.148290274734742,0.218500373602192,0.146094918610989,0.175758138142059,0.172454048036261,0.168542024878002,0.175712943111311,0.310824154865837,0.165938114603333,0.170652216134784,0.0771169332825573,0.292684468180851,0.135657067227694,0.162744487214645,0.155873582034348,0.235471835467642,0.197225246839371,0.128344066003114,0.22242563901966,0.223640756091215,0.125184679965035,0.148748319345096,0.186642889797144,0.15857139626526,0.146896188924084,0.158033654807884,0.246774630005478,0.254138501513801,0.108480131960842,0.166038919191268,0.206475697487693,0.150928803070252,0.120370562877834,0.176773197220124,0.16249343760603,0.19528680136296,0.261425632095761,0.150588036067875,0.232766709004651,0.265568853052921,0.202160852807567,0.0976915696402293,0.216875015771974,0.135617870302029,0.201136738333959,0.165467813926551,0.123458392685053,0.174116169442975,0.209991049310286,0.161621609857632,0.186587283421465,0.157023428974752,0.0995051965852443,0.163673164882355,0.217356076344319,0.186778309098213,0.27699785254144,0.212585106170631,0.0962276839176414,0.194936636716372,0.170003487337379,0.163002588818758,0.132880575375393,0.116650393433275,0.134469978041214,0.157556748211269,0.110898734251202,0.195929274549429,0.137368844056919,0.289377228750896,0.18810066803726,0.133351674818471,0.164463160786849
"cocleensis",0.139942387128147,0.155114789133432,0.1335732000214,0.204291303459582,0.207559119537802,0.172146097147332,0.192478869373717,0.16732643671881,0.225760774010919,0.150982888868054,0.181788714336559,0.180770375864354,0.104974392668899,0.173879804158168,0.236503557737648,0.148924329667535,0.192216835779173,0.196453488293637,0.239921675641738,1,0.25473694793868,0.198777147556572,0.218055916188625,0.170119807630377,0.165047909265092,0.17683127822643,0.208511007994744,0.194297290145759,0.202022373866434,0.183630513790879,0.186888303122878,0.167759013084985,0.259211607681948,0.152167052695594,0.138770255970555,0.0649176062445521,0.222235520159438,0.102722055916373,0.085294238419592,0.150319047325114,0.234443061342835,0.200692317240241,0.100428924053375,0.217465851992504,0.213575252433997,0.121176811487905,0.110496199888353,0.197349128431923,0.166545234874432,0.138695399613465,0.151075422704108,0.215144720726219,0.282761901653889,0.0842276291030411,0.195093980859323,0.201495193337025,0.144089584381895,0.0853987111991424,0.188129320468783,0.18502871556674,0.198263184773423,0.236133672247392,0.258041844164842,0.188060566002371,0.214942132904358,0.177948908124926,0.0893523563963368,0.236543844833033,0.106006931542578,0.208141229926651,0.195860569236567,0.111714578193105,0.210863173276772,0.222336185085612,0.128626426080667,0.177518246802449,0.136731077508628,0.093439681848898,0.086560502004687,0.214758422983676,0.174370215840719,0.215859148050038,0.216182246463541,0.0854495225139737,0.2270022719212,0.109405917384407,0.144955914929732,0.12213928372708,0.115548183148023,0.15309945758631,0.226390044496474,0.0961136750885771,0.160335513453428,0.15762593961195,0.265378809025713,0.18201972359214,0.130571089036399,0.18475053446273
"cordatoalata",0.188400230188732,0.162560465735444,0.214060027659523,0.234072061923871,0.214407722725417,0.231271657875484,0.189315525598281,0.136174703241754,0.386257860976796,0.217054190533339,0.185134827783409,0.188466590675136,0.127584542825011,0.286070965607833,0.297271072079387,0.23519616918093,0.270350423738059,0.201127978148744,0.205182704102775,0.25473694793868,1,0.2809026507987,0.261068375519718,0.157535382267859,0.27010978986447,0.182724888539093,0.266628803209103,0.214497515313385,0.301325282254622,0.200191712778559,0.232285008725907,0.185173535092868,0.262609690367989,0.336905909433311,0.130869648454266,0.06514134760866,0.258544720738276,0.143300242178924,0.184239115370666,0.199599501745904,0.271717696369885,0.288013370869098,0.138914119392391,0.362509412296288,0.230754946521653,0.189614525990487,0.146341934316387,0.31316372703988,0.238049478602484,0.161474438040406,0.188440203369357,0.285881468859055,0.390446232384606,0.0855691389783833,0.248860095139597,0.344802054578502,0.216594988508439,0.0681633394145039,0.231290853985329,0.20252410829969,0.253746340679869,0.231066090872422,0.232378530034695,0.278356571700297,0.311387907425052,0.30994823418584,0.0985116518040389,0.292930929284602,0.147810765049466,0.22021981540918,0.18564976474765,0.182394292097762,0.354575104047955,0.305042137035213,0.138786384603591,0.188643051606685,0.123286707153247,0.0867165705823242,0.117133499101661,0.294803103281598,0.296101807806665,0.242089904922578,0.297720517053859,0.134897873068685,0.245531050201959,0.0957859205940504,0.155215490803159,0.223350419136746,0.169717798255422,0.173340996257261,0.251474531560253,0.104620821072648,0.21934944425479,0.150625507004672,0.308586847047021,0.156660828538578,0.171830810274923,0.241828883506616
"coruscans",0.179951463666601,0.154708783906016,0.173592107458964,0.210123134143274,0.183392455257233,0.287957509984414,0.181769416550717,0.147818142185695,0.23081040074821,0.161358978367521,0.183512168810574,0.196453497310395,0.108165989929662,0.205998205843187,0.206580267999246,0.219036967379255,0.218512190596198,0.18525214422597,0.164904244007115,0.198777147556572,0.2809026507987,1,0.205233254720928,0.16965226284775,0.202262671959699,0.181479740169064,0.270484539320726,0.190401266539638,0.198861409570977,0.139571690642339,0.223590199350496,0.164348589720854,0.205993505583104,0.183949740933948,0.104267672327482,0.0764042791579922,0.252925922309574,0.15611760725527,0.141046302534267,0.184645887530779,0.18503342567871,0.222846642303931,0.110874845845608,0.21504971594962,0.21150452085649,0.169432105546947,0.132963818200706,0.24741589496049,0.149174142269882,0.18620673706875,0.188453340004388,0.201850602774726,0.266635404726965,0.0900888712691432,0.186488803776058,0.20783327960035,0.186905422800411,0.0827997358686557,0.202313119260623,0.154655417100089,0.16297347284823,0.199217642199268,0.223737976583108,0.26739005350328,0.235838509924327,0.198529670231179,0.0855740137510209,0.19807137547961,0.160239218130883,0.184992412271359,0.162746307025451,0.173847796084163,0.243559342743977,0.210610143450865,0.126882706642451,0.166474634166604,0.128882244507284,0.09403660535672,0.0961189637759029,0.217134853250553,0.216515664606854,0.168697897123156,0.219885994722115,0.115717808046748,0.172202740357266,0.129014056429513,0.194291311503979,0.152577873999049,0.140169818018218,0.133658687605924,0.206167553208149,0.114873831267425,0.202722709398206,0.13296427028446,0.269836080494665,0.132156914872093,0.143098372481072,0.202202996360686
