"","acreana","acrocephala","acuminata","alata","alba","aria","auristellae","bourgonii","brachyrhachis.aff","brachystachys","brachystachys.aff","brevialata","brevipes","capitata12","capitata33","capitata35","cayennensis","chartacea","cinnamomea","cocleensis","cordatoalata","coruscans","cylindrica","edulis","fastuosa","flagelliformis","fosteriana","glomeriflora","goldmanii","gracilifolia","grandiflora","heterophylla","huberi","ingoides","jenmanii","kursarii","LA17","LA41","LA48","lateriflora","laurina","leiocalycina","leiocalycina.aff","lomatophylla","longiflora","longipedunculata","loubryana","M18","M25","M27","M30","M71","marginata","melinonis","microcoma","multinervis","nobilis","nouragensis","obidensis","oerstediana","paraensis","pezizifera","pezizifera.aff","pitmanii","poeppigiana","punctata","retinocarpa","rubiginosa","ruiziana","sapindoides","sertulifera","setosa","spectabilis","splendens","stipularis","striata","suaveolens","subcapitata","T18","T21","T29","T50","T51","T82","T85","tenuistipula","thibaudiana","tomentosa","ulei","umbellifera","umbellifera.aff","umbratica","velutina","venusta","vera","virgultosa","vismiifolia","Zygia.mediana"
"acreana",1,0.253146801045556,0.199309615922657,0.170971273455161,0.165518790687432,0.108841580485833,0.227518715734128,0.188389219504545,0.187984444185249,0.0928585783486707,0.0825898339146142,0.11026466354266,0.136378753476051,0.158093763127608,0.202740883136012,0.156491290196502,0.178319833212147,0.286660478917983,0.208213676907127,0.142187493748557,0.156115994683487,0.201513088370791,0.19880557892676,0.16879465113709,0.182338117032498,0.129244063811913,0.145315857482094,0.188914242065815,0.10923204455829,0.164367318372646,0.166966754742474,0.143098480219635,0.183017071515584,0.078590620769487,0.11228858902575,0.109875684811364,0.186448838282803,0.0966302879046233,0.11712637346478,0.138624030998465,0.162152999891406,0.107526445030303,0.0804019711230523,0.206604453727187,0.101959787163007,0.248367344731739,0.0629196468220171,0.150195164752558,0.138111540164199,0.0609632726037732,0.139145285206473,0.0610789800866533,0.182255867844549,0.195259649567832,0.162794847797074,0.223152881715891,0.155571900805213,0.202938496504511,0.174104445218672,0.299129537932262,0.156923239741072,0.188071654400453,0.130531132805882,0.193105020712791,0.202932996590936,0.176403289207911,0.180653964099087,0.349875392339432,0.194210679178307,0.223670612306902,0.150796464606293,0.178144745896693,0.170153069822933,0.20313085566957,0.10741940959489,0.175589138133234,0.150215565411328,0.168478759758662,0.137374898071086,0.186056991555528,0.137769567083577,0.109610127642713,0.0798033009376791,0.200605213858192,0.0740591418231871,0.164916564647126,0.17646862690263,0.164027584925949,0.156866034983522,0.180297675831547,0.0772300398565089,0.12562544199908,0.0650454409724218,0.149571018054025,0.176211473570121,0.0833420801367485,0.153050279739281,0.194610961574041
"acrocephala",0.253146801045556,1,0.258868190616898,0.238529123452356,0.173800788195103,0.126178525308933,0.30066340117435,0.160673407251224,0.244907261467721,0.125575154536832,0.115499702461042,0.194543598021626,0.190059680442323,0.188083223097347,0.302466935528953,0.172830616440815,0.167547933014704,0.389408064778038,0.279858041099759,0.199507606944317,0.198381683193402,0.32084315380036,0.20462760586389,0.180209339220562,0.241422547526175,0.160531407041783,0.194587307172316,0.270961982026356,0.146481478683057,0.19508846619363,0.271033294769577,0.151892223179389,0.233915517369574,0.114871869713005,0.154452936042272,0.119170609334248,0.308451241820586,0.10889747144193,0.169114132794928,0.177077825435051,0.171283840179002,0.110702977619368,0.0957942682923787,0.27531741437017,0.102832339385396,0.288334209196973,0.0742535440316696,0.200426170810192,0.212033308315393,0.0800587527258828,0.14822950397201,0.0699177154708325,0.241776433000441,0.341984081094327,0.201279160528486,0.293943043937712,0.211942398166147,0.235861320483357,0.177836370773286,0.184019224326816,0.169603288669165,0.269150895331668,0.204415572253194,0.241036470838695,0.310189194969502,0.187683901932561,0.220307382164623,0.188931555514529,0.30634386715762,0.282627775406935,0.21187481001001,0.272440717172036,0.204103738418786,0.248743883942045,0.184904332186953,0.252408839190427,0.178761132618613,0.235497811274879,0.186760729158292,0.227977080553755,0.164021131408321,0.18264421875673,0.118354068730742,0.305915301026318,0.0619198855214873,0.224037368876936,0.303015712903498,0.212858277446789,0.23671469152204,0.175270111839469,0.0749775089993879,0.163324397061567,0.072347758790586,0.191381827894358,0.209986616595239,0.0952247205819306,0.221708540721562,0.230047904749201
"acuminata",0.199309615922657,0.258868190616898,1,0.261504542514299,0.171940968772788,0.110855534668148,0.32851812488954,0.200837886236641,0.312219674891946,0.121603506147215,0.0975831091957294,0.16292247722029,0.187321547115131,0.193970908635178,0.314345296460427,0.184177465857003,0.217100584347796,0.268556720848941,0.294433658254893,0.178546875466761,0.218197187017229,0.29229165276169,0.225991204803573,0.177926908735347,0.426956054459315,0.145278299746087,0.15354981170703,0.242809329490542,0.138345250292062,0.156563727949705,0.225323384126091,0.14845448369759,0.229622995109636,0.127203303371679,0.119359010382476,0.113256163914608,0.258856101944008,0.104370419108431,0.121879710014225,0.165115198103898,0.184288638602588,0.127230844822125,0.0860739578991864,0.289966509132554,0.109856778465483,0.306374281560145,0.0629866446231381,0.188085786182403,0.181300552459777,0.0807433276830141,0.137624600163334,0.0775947509854548,0.263337062146171,0.245733298495761,0.236794963623761,0.184611417098419,0.204378862097133,0.366229083387565,0.150271629881464,0.169157765617431,0.169539856324751,0.250724588124872,0.152236356829188,0.236640548655895,0.265875718263031,0.182676288586365,0.220969758296914,0.168780631011145,0.294037592517425,0.301451623140887,0.177617012233848,0.238118304520242,0.219538775333859,0.129256328827099,0.118068315679425,0.259623162482098,0.18822802134345,0.232103266861217,0.160303296909479,0.299753921010156,0.164213856938389,0.129197974349172,0.128218622842894,0.295737845168823,0.0756675043263297,0.284885209012183,0.24688756821673,0.298475036076741,0.269568702233763,0.197196931151149,0.0724915367984689,0.146610239324193,0.0646701828128268,0.207367054975222,0.218179092842229,0.0912607755094784,0.217879388740747,0.228459243699253
"alata",0.170971273455161,0.238529123452356,0.261504542514299,1,0.250099446762463,0.121912367353488,0.242819665880078,0.178878906683519,0.262363766013381,0.146561301443772,0.172368075728249,0.180661576510555,0.182827879493525,0.205902515735433,0.272726307398127,0.196535679168103,0.253360434354327,0.262862770959334,0.276969297466446,0.162923899122531,0.25477323172888,0.271996530702386,0.250676125735503,0.256167675571316,0.22704971935563,0.214913138401392,0.192365102021295,0.232277771035016,0.166529471695214,0.195865470429795,0.274411378371174,0.177536182453504,0.271840640574325,0.161282476118806,0.150891189438979,0.1455415965403,0.242434137176888,0.158156034947144,0.12793782518723,0.160281359519338,0.191658161693992,0.203038269446186,0.121989599568968,0.252414484288933,0.143240318034122,0.219165863890011,0.10707467419011,0.20642115847683,0.1926977490101,0.0872031559123726,0.152568423048943,0.108261740439528,0.281426363906225,0.214301001931242,0.168088338455671,0.169703987134204,0.237888967451833,0.268037137439825,0.1792655361071,0.150844051841054,0.212684031246874,0.273348938647469,0.23735600590395,0.262448437657239,0.273136773129367,0.28835818714794,0.259883384198501,0.196468755485346,0.22366654930798,0.266714911905725,0.17114974183065,0.226240655208956,0.260606955588602,0.15708032471948,0.184917347798565,0.274280904029913,0.192812385392364,0.185294739604109,0.161266688481877,0.228262861191998,0.169032503704521,0.195660629231023,0.105870232064212,0.230007738850523,0.0656973622049163,0.191306585472061,0.270574657750422,0.177655907021061,0.224186080702255,0.248548696384508,0.116963625957835,0.165451449972916,0.0861808789025179,0.199201229304878,0.239932030804732,0.128888497841331,0.186476792377557,0.254539616741122
"alba",0.165518790687432,0.173800788195103,0.171940968772788,0.250099446762463,1,0.108599016481347,0.1770240236982,0.210678877295359,0.192365101863999,0.214216548414905,0.206999575454267,0.240074961312347,0.25524125108485,0.173975109753593,0.213484444649276,0.191044671586281,0.152282902294901,0.205069155699688,0.187438474181169,0.128880260872487,0.180786754405443,0.178218386334347,0.196150152442985,0.213608334059581,0.16982491979701,0.23061448198478,0.136362507642636,0.166304042202115,0.152840597400501,0.1378197777665,0.163688234480949,0.247967724506119,0.217152729318074,0.105265727726615,0.245080132614938,0.110535376204865,0.199195978918091,0.119209347495667,0.110079445750417,0.134129171157042,0.298846512475586,0.148867000895332,0.0859226935123464,0.175466847285822,0.176711158350754,0.267096243165819,0.187641220773646,0.16875293748818,0.24694322180772,0.184392492061944,0.129933681048364,0.0816574649351466,0.265478259369489,0.187981380987502,0.142996533477449,0.199448632232361,0.193699310119027,0.282696820000779,0.258878185369891,0.146541492042436,0.156756140866422,0.193557963319092,0.158848219283124,0.264556961310386,0.244838892456884,0.241593136232635,0.217445566547951,0.176300551527869,0.16596695971701,0.197759427471682,0.253071667768922,0.158394226589582,0.184326640979517,0.135106883142111,0.145482607517019,0.164552515452386,0.173009957096303,0.135181601091923,0.180810501048873,0.23040605890451,0.134904585397178,0.177556918898299,0.0837998410053281,0.176513492514734,0.074630236008906,0.152278258829179,0.184696873056478,0.144097954679765,0.145723607482506,0.31128304093358,0.0965963549184253,0.220728827497937,0.0732519644244217,0.167853819929417,0.172768065138098,0.209336457101458,0.148563924271767,0.194479509936657
"aria",0.108841580485833,0.126178525308933,0.110855534668148,0.121912367353488,0.108599016481347,1,0.132460579305119,0.115141839312597,0.119539328237512,0.0828298363383596,0.0507800650422875,0.0856054356466454,0.117096017059045,0.109915301897658,0.128384353940556,0.215269365902307,0.127071675222501,0.166108781029057,0.120709271863728,0.085233088390625,0.103005853224843,0.148201537600626,0.166925394179141,0.109959062749199,0.126622833952804,0.13246940651758,0.0919325871734992,0.12467549754554,0.0916258604849286,0.104134081127092,0.121146597518994,0.0901714824258669,0.13177291450721,0.0557900611092672,0.113883381675097,0.0832906716015754,0.115217638584951,0.0714400638625429,0.0923989923051802,0.0804930134070883,0.11696678252363,0.084888370859757,0.0543593547945167,0.126117048897226,0.0717099878417967,0.12857848098166,0.0369602269497523,0.118208030619184,0.0845667148158145,0.0390003770198419,0.0910573008541287,0.0492523950790929,0.123397209717285,0.0905325379836788,0.114747221709753,0.085808057717075,0.113539863351747,0.123392600062614,0.139148380003118,0.0940462226934424,0.101639184305155,0.120748794163064,0.0850597587384967,0.11855597159434,0.135005477906811,0.118759348173814,0.130551885333155,0.0992650736906841,0.125901202149118,0.139343711618195,0.153779936546158,0.143200343388355,0.106466775438714,0.0730145302626362,0.07991783118382,0.138488020879434,0.116823017174833,0.114028651377019,0.103776461907826,0.129027986308413,0.1018369928938,0.146485992719544,0.072997771158844,0.111677984161579,0.0496961646883514,0.116618642859103,0.133520222221768,0.0940656607295152,0.0990847230011736,0.126704219324988,0.0544857630260949,0.11302191587918,0.0632513491877033,0.185075561038995,0.138138490408374,0.0631352205356604,0.101489824087138,0.110319225769713
"auristellae",0.227518715734128,0.30066340117435,0.32851812488954,0.242819665880078,0.1770240236982,0.132460579305119,1,0.307462170386045,0.364143763990556,0.0997792104202554,0.144917121055679,0.182032471274642,0.196746895407476,0.188993557578548,0.444131700137505,0.181290017716998,0.21621768750417,0.27854339531398,0.339003789126204,0.267679423656638,0.201676917512768,0.377216706986734,0.290309991235074,0.183897411648644,0.368887013951395,0.165285918487453,0.169623247350855,0.303386785173982,0.14814645356367,0.150095431642238,0.276668882202737,0.14902349420368,0.263783001145606,0.0895625539981826,0.124817336367992,0.129153815909182,0.310737042017584,0.105772961016809,0.120527542086153,0.167286368862087,0.235912676022748,0.108922053487795,0.102216246802055,0.391739493035188,0.0930303983243729,0.402547014600072,0.0658609595277853,0.185605726179614,0.251220675042413,0.0701863755505181,0.16238534719589,0.0653184712844086,0.24740561397356,0.241584321159055,0.420635835502315,0.1583935567972,0.223096531176146,0.35792322431871,0.187205835241033,0.169515044694381,0.189193726010544,0.445821778123343,0.191650160454777,0.320116596723643,0.298560047081849,0.216629808858981,0.293913787737763,0.202058549816614,0.380195229818289,0.36679604072814,0.189440625264643,0.387665515696148,0.226163421983092,0.144180136112112,0.13224401169843,0.363080189690747,0.21255250591824,0.402702883310728,0.167075218891022,0.330953540845578,0.178693406888553,0.163899657979081,0.124329219619338,0.388859827104216,0.0722146538138062,0.383491689486545,0.233742510108565,0.436577480893158,0.320208342278042,0.238111174247507,0.0735213275533647,0.159698585986186,0.0561311596436932,0.215910341636081,0.227740874349773,0.08919047120647,0.205555489813086,0.255033242366568
"bourgonii",0.188389219504545,0.160673407251224,0.200837886236641,0.178878906683519,0.210678877295359,0.115141839312597,0.307462170386045,1,0.193538257969907,0.0861050322332251,0.0637952611380038,0.13268142400286,0.139523889290104,0.178133489806328,0.213794507304069,0.186830925198369,0.188831917536934,0.183849266472837,0.211515130575647,0.151386572429709,0.141310121638877,0.184517285967044,0.334224545978465,0.169955634656917,0.18298999897011,0.117137324027861,0.126938168239993,0.175612704214212,0.100978556011048,0.109354577640686,0.191480700620991,0.133081215954009,0.201119055062373,0.0716369251862925,0.125395785754443,0.0924042232626283,0.232559733185364,0.0661754603744502,0.10423099046633,0.119322976523447,0.324693116380799,0.105700221161406,0.0634113711071245,0.241385116293268,0.0777018617533692,0.274557449661246,0.04389399467797,0.134320742765189,0.123853462821425,0.0559895571161304,0.125933086513299,0.0498905009847352,0.265323881507517,0.145659494430928,0.312882207780435,0.214822061538119,0.168009825870443,0.275901679916095,0.136401280186322,0.147029785746107,0.120062714530956,0.219235965117956,0.120143854236536,0.26045937360234,0.318712756181473,0.223892595378765,0.287559390646334,0.1497920906586,0.206959655099535,0.189816735123274,0.151864643531362,0.186154736423875,0.144324151402292,0.099765382266222,0.101700763791176,0.175131030171795,0.20934289704534,0.188994538234075,0.133535405912146,0.525739086333899,0.140446008474891,0.096724947474163,0.0724389513072557,0.269391144502567,0.0540347101491033,0.27476122682319,0.173295870500404,0.209639852378127,0.145170127274527,0.270634443144842,0.0513061867743356,0.126044971940972,0.0500882832642023,0.156769146195986,0.133351855621645,0.0797923001154115,0.19938999573507,0.176816212575677
"brachyrhachis.aff",0.187984444185249,0.244907261467721,0.312219674891946,0.262363766013381,0.192365101863999,0.119539328237512,0.364143763990556,0.193538257969907,1,0.119051815638563,0.129559466668198,0.15998702445232,0.212458790593643,0.172851289615082,0.632615500500974,0.169384487435843,0.215827450508291,0.280388820833507,0.276396223499847,0.207730967273027,0.221763666415091,0.286326232995846,0.270968490962326,0.228381057251727,0.355332266379706,0.168414212084287,0.160771774518173,0.23061371421162,0.175629007564516,0.217006816694452,0.281065530768425,0.143976164045378,0.25350831825287,0.130792604508461,0.137683823958301,0.186112957334029,0.261502730309432,0.140802181750824,0.134403910042976,0.135116256760898,0.19538868724459,0.153223161940135,0.0999072134341226,0.245955796411818,0.13701433192952,0.296836536993933,0.0946005442739953,0.24256085487649,0.210312456517642,0.0989002182482648,0.194001449583408,0.101559647468878,0.275964356900779,0.237130348345885,0.240077273553302,0.149038175201959,0.217493302248427,0.31616004119556,0.149124787600717,0.184639014755154,0.184002878821634,0.307653160391198,0.19895132687631,0.276739512497577,0.256950326545383,0.243955666237402,0.244324757313908,0.196385731640286,0.285800097555392,0.341156057411974,0.19332123324682,0.254094519185429,0.22379741541827,0.146273731685007,0.177673941954602,0.349592109477605,0.21356105546263,0.23153071257236,0.154843118717023,0.250055930421991,0.14696423986989,0.174490666507213,0.103633341542651,0.410768168175665,0.068444777241777,0.369092872820046,0.225038195247017,0.273394425343111,0.291123296178959,0.242486925060613,0.0964552948011399,0.12967003808988,0.096761659165299,0.22017636854984,0.22467237328906,0.105997638381376,0.196775746030783,0.219853510838802
"brachystachys",0.0928585783486707,0.125575154536832,0.121603506147215,0.146561301443772,0.214216548414905,0.0828298363383596,0.0997792104202554,0.0861050322332251,0.119051815638563,1,0.294535014605282,0.25555048847651,0.298689276813421,0.101277543706484,0.123902586408168,0.128955103816289,0.13144013851176,0.1218750072363,0.124447745382769,0.115793661340656,0.125172328054089,0.200278944236373,0.1395412926985,0.179676625019319,0.103574726764514,0.315506430051363,0.175273373048174,0.100774992156932,0.12182857997417,0.192719249742094,0.166886678124381,0.373309623807782,0.139956105237772,0.171149871114486,0.277831487328963,0.125872237727719,0.127493131077939,0.121391142845261,0.0767598327006455,0.0877872743259674,0.300904974819069,0.175115689227648,0.0844156804205311,0.129426146827734,0.0905184975832985,0.0927411671283911,0.329148213822661,0.163659228730715,0.277070781665501,0.234808699658236,0.12056208250964,0.124300983480995,0.161656725941341,0.138352012831729,0.0724449871663215,0.0929289182175967,0.129377715456499,0.0997097716839447,0.224015616584102,0.107751362077405,0.174317870328541,0.106859817868231,0.192831934812521,0.135586680367124,0.116766149773559,0.163796933528116,0.141017268089765,0.0936221090847969,0.106953537003215,0.110483482001089,0.279835130130899,0.121396154877237,0.136505143256228,0.116361474613004,0.100961228810461,0.135685905190286,0.0808596684160746,0.0829390283744208,0.079192889540028,0.115350001788019,0.100020391909284,0.155706171163177,0.074795706150153,0.0918947350657813,0.0430508359293938,0.0891973277597987,0.148206548462434,0.0720903199250122,0.118055520314125,0.257058253503494,0.132760817500435,0.254061775321737,0.0716429157308046,0.101272201501067,0.126296931392973,0.376070606200043,0.106176132827213,0.13105444168748
"brachystachys.aff",0.0825898339146142,0.115499702461042,0.0975831091957294,0.172368075728249,0.206999575454267,0.0507800650422875,0.144917121055679,0.0637952611380038,0.129559466668198,0.294535014605282,1,0.253102356935985,0.191680128960572,0.0838595454002423,0.176439740381959,0.0816866975574239,0.0741025587041955,0.109793913485891,0.158944070489256,0.168466139191322,0.133450196984718,0.154106774508522,0.119895251236153,0.193698989264692,0.112123306099822,0.341245855966909,0.112987579943265,0.172256081616675,0.0980417786058897,0.11400144796458,0.175690151245883,0.293913845681863,0.132989774123491,0.170400811392002,0.260344700026086,0.133966542801411,0.185152555045081,0.116988047176443,0.0722758321917085,0.0868953557352206,0.285190507656157,0.188130546762892,0.0500620505279091,0.154261515391101,0.094163924624725,0.125348958265296,0.322392540700153,0.108197918304449,0.306817123982871,0.251997385427943,0.115038207325253,0.0963499287507449,0.134641741998852,0.137673508405854,0.123780824183832,0.0845187030972297,0.0965824677738901,0.134407847769183,0.20957530980575,0.0741875652749556,0.189025332716376,0.164814414946537,0.192768440322317,0.145758141880709,0.120110000025814,0.159733553095946,0.14767593939297,0.106125107021116,0.134898455595585,0.129841318682205,0.261189857148168,0.209518575436332,0.13824505406059,0.108719225503491,0.109251704727005,0.169993247084515,0.0837966028829647,0.163231402098214,0.067282204878033,0.0885011655341864,0.21949757078456,0.144882093326862,0.102802583406463,0.0992765372663607,0.0306933336388156,0.118080346631745,0.13072820494079,0.11366073991119,0.133027523177795,0.256382255743794,0.111152089149889,0.26393833588363,0.0829564783466648,0.125273201403723,0.153881365073662,0.303772837844998,0.080752228317402,0.114902857673125
"brevialata",0.11026466354266,0.194543598021626,0.16292247722029,0.180661576510555,0.240074961312347,0.0856054356466454,0.182032471274642,0.13268142400286,0.15998702445232,0.25555048847651,0.253102356935985,1,0.252820323606031,0.138046720434045,0.194758241208477,0.120776213088389,0.11130003894816,0.174123233221415,0.163711963137665,0.175696987918704,0.154649342358843,0.204719717989901,0.15176332987739,0.153988012508077,0.185767035398122,0.29346662289328,0.177106569142454,0.185687846520892,0.12692872978635,0.138403150965142,0.200050393212671,0.280592599511765,0.199708700563006,0.0819205607969839,0.282853675500211,0.108760640086895,0.174715397758602,0.112106589604524,0.143027519865632,0.131592790154328,0.311351961883698,0.0950368208462766,0.0793701220064803,0.195491652484101,0.0844866406735979,0.190171411980761,0.21885276145487,0.158869565309727,0.301442607646855,0.252120126610826,0.205979016874771,0.0671175162511353,0.150984045805562,0.149558886491678,0.158634996953824,0.119496106122975,0.14245953896649,0.143957724969609,0.248587823196543,0.100429249708906,0.142892443673404,0.173205139900986,0.150022033315125,0.159338397922427,0.225515210690874,0.205199449208757,0.1734543712932,0.137088731487931,0.185664183902752,0.158201267553997,0.294655900228278,0.201172952510612,0.142247473700109,0.11607334767484,0.125547722083285,0.160469268991375,0.125875695833951,0.15980010113113,0.141145207369053,0.175872658282832,0.165710252591689,0.187875398670713,0.105396732595862,0.178419803459285,0.0400527241214694,0.139283035488697,0.187164215309213,0.150568076557952,0.167493101138411,0.308011589491626,0.0670266761685034,0.273585033889334,0.0550268403869223,0.171200333043719,0.16478213831742,0.266920241093821,0.145433760277189,0.149358296771576
"brevipes",0.136378753476051,0.190059680442323,0.187321547115131,0.182827879493525,0.25524125108485,0.117096017059045,0.196746895407476,0.139523889290104,0.212458790593643,0.298689276813421,0.191680128960572,0.252820323606031,1,0.12627827787956,0.210040550838863,0.147276285654774,0.157666057925142,0.179760114558568,0.21094413703408,0.174122046744432,0.171308536719842,0.249406729195937,0.18943422831838,0.178967145322651,0.182387823308712,0.244546271487889,0.198737151398715,0.177124990084612,0.156592567505237,0.123542460369972,0.204997409468452,0.24220992072811,0.203513308235625,0.136608458407171,0.227428930393098,0.115844179673223,0.194174682859404,0.0869507380807149,0.0995653024169306,0.12318221825075,0.257803734851728,0.146466894159455,0.0973981368017377,0.179245954537424,0.0856260714515256,0.176688986424936,0.16963795526494,0.208346989112837,0.254652545544382,0.174951516793124,0.135893307928261,0.113169345297128,0.232345600372233,0.162495886288392,0.149944333420743,0.164690322198954,0.146747984813048,0.193891649954317,0.2235506827109,0.127231412410602,0.175132945027149,0.1594959773547,0.161219217994447,0.172439812608808,0.190625769961021,0.218268513262157,0.163874386188283,0.14205028708519,0.185693826552335,0.184434895167669,0.252656233261366,0.181503503793713,0.177780527558646,0.158343665799784,0.149414347181027,0.178202446990618,0.131551540304002,0.121600616889986,0.151196323250294,0.179136152632115,0.119672990313192,0.169990763415701,0.104368560717615,0.190401108683786,0.0632624355573809,0.155018434977461,0.181235948505896,0.13420420461111,0.146709841341482,0.305962638722522,0.165550581849646,0.237539434981851,0.0585939466462537,0.191666434335682,0.18439408625562,0.205441705070694,0.166652765679483,0.149266626533844
"capitata12",0.158093763127608,0.188083223097347,0.193970908635178,0.205902515735433,0.173975109753593,0.109915301897658,0.188993557578548,0.178133489806328,0.172851289615082,0.101277543706484,0.0838595454002423,0.138046720434045,0.12627827787956,1,0.182562084115552,0.3446748662502,0.151746559356967,0.201074332857758,0.189862747817843,0.1132967349886,0.161706746742307,0.200382876355215,0.222414179610408,0.172604946101825,0.184361627657039,0.130552621069041,0.1314116519506,0.189022963097555,0.120753651633308,0.142919321392124,0.180855743805709,0.12549982274852,0.224351281293337,0.101219345217982,0.12791688906141,0.0969794503895501,0.193517724398889,0.0932363310799416,0.0894765092356632,0.15811819167676,0.157758231481305,0.139561016906747,0.069104295887119,0.24541967832524,0.0999270031167816,0.179466129637925,0.0646763509268403,0.155045792313644,0.132204058963305,0.0658457927736435,0.115977588666248,0.0916957862590345,0.233065395711238,0.156052182634185,0.147202109509,0.176859393551685,0.152804240184548,0.205615444293114,0.145722752368976,0.12685057197132,0.126211555199604,0.182704592890179,0.138927504467407,0.227733123601461,0.243574285879923,0.17734653343134,0.170155756703535,0.186107146492189,0.163659422224527,0.198893438852885,0.143413516865245,0.163408373227331,0.17068271189033,0.13707346116594,0.115079084807925,0.172848669702105,0.284655644058698,0.164027843972432,0.131375405307945,0.188818507865339,0.152459979875826,0.133139425264755,0.0712289331338642,0.174392682615355,0.0544594150922675,0.148599148403863,0.225077786188486,0.160775281965851,0.130923682316011,0.19093081377747,0.0756574656646923,0.115070827480685,0.0549916039084675,0.185748455597465,0.159561121821193,0.0781733477993085,0.233391820421632,0.256633412517921
"capitata33",0.202740883136012,0.302466935528953,0.314345296460427,0.272726307398127,0.213484444649276,0.128384353940556,0.444131700137505,0.213794507304069,0.632615500500974,0.123902586408168,0.176439740381959,0.194758241208477,0.210040550838863,0.182562084115552,1,0.18625295240756,0.201388480020816,0.266668574323938,0.303841167397651,0.267298449019816,0.231794452770762,0.363493842892945,0.274411496545534,0.240455341109383,0.402453649657508,0.193877222135331,0.182397778838443,0.345420939478135,0.170644962833543,0.211227430602923,0.357268167282246,0.160911920370191,0.279471417381408,0.12891055799057,0.140601480370721,0.17865891232501,0.378869035935361,0.137910653172788,0.142304499942498,0.184324892842096,0.209341321874121,0.156131790960754,0.111228089150759,0.354054051272409,0.129089762950021,0.354539841901555,0.0860821254760953,0.208315631309861,0.243187474004333,0.0945773502387854,0.185170854571019,0.101469096918712,0.259287366617682,0.263457070958463,0.331254396760504,0.178226002454332,0.228381776556825,0.368800601677475,0.181498247092811,0.198092186122623,0.241573963541411,0.416505683489709,0.276444657672533,0.330359820439636,0.315417624110528,0.255583271169286,0.314928635021249,0.210101929051603,0.32429991317128,0.377484886430101,0.20029757852483,0.336663010176502,0.237656832086897,0.155154914032724,0.182043222928947,0.416617628833445,0.243665596394728,0.340714002724066,0.170874927416856,0.275246650481757,0.167931171010304,0.185418579764027,0.124673658089978,0.462643872432427,0.0979345742849191,0.45940297117511,0.273908634729517,0.346404247981114,0.377908908267241,0.272554401203512,0.09725745409261,0.169630834219655,0.103427795962123,0.271888512862476,0.235608059027812,0.112489319117652,0.21521617917846,0.260112284773079
"capitata35",0.156491290196502,0.172830616440815,0.184177465857003,0.196535679168103,0.191044671586281,0.215269365902307,0.181290017716998,0.186830925198369,0.169384487435843,0.128955103816289,0.0816866975574239,0.120776213088389,0.147276285654774,0.3446748662502,0.18625295240756,1,0.162494523996217,0.212547517825775,0.200028972712077,0.119435594823239,0.183018425803096,0.202429206386186,0.196676680135246,0.191056014201193,0.149116060225314,0.201052378297348,0.138398487840327,0.169740281403134,0.116152269610175,0.130153844191404,0.188422222736901,0.137452434108623,0.189274321496461,0.085334655334855,0.133846404519432,0.112671393288189,0.213613827853356,0.11135973975466,0.0925198763529098,0.138819471724143,0.183999799776675,0.131455477949634,0.0766062474991152,0.17875636919122,0.112066361067061,0.205691746194649,0.0682022126420218,0.168098922051448,0.129035866486037,0.0732493206935637,0.13248407861988,0.0696945085475921,0.227793954631372,0.197209593439725,0.149050104313911,0.199829285456825,0.192181355443331,0.201043330329822,0.136981949882766,0.138479555972383,0.138407322848357,0.19909943862205,0.128248868118619,0.21468058556529,0.264514055135524,0.186869310390456,0.201050648574237,0.183971195655764,0.167586850988006,0.213510318772732,0.133143496296811,0.205100156031096,0.183938006513577,0.134862538860739,0.105774436102351,0.188867261968988,0.171032433151283,0.134609316284696,0.140426421880137,0.221390289441408,0.145807891671085,0.177560789730063,0.0771706840556017,0.169109715514911,0.0648401477187533,0.143936531701523,0.201611179358578,0.152632008186179,0.144745624903041,0.192391019445908,0.0831595991288117,0.135030826203258,0.0507827603883731,0.191932610040971,0.155747404185908,0.0973177605495787,0.18214512792484,0.195623099361968
"cayennensis",0.178319833212147,0.167547933014704,0.217100584347796,0.253360434354327,0.152282902294901,0.127071675222501,0.21621768750417,0.188831917536934,0.215827450508291,0.13144013851176,0.0741025587041955,0.11130003894816,0.157666057925142,0.151746559356967,0.201388480020816,0.162494523996217,1,0.190380227410115,0.176141289131659,0.127514776892081,0.173615783043752,0.191433153637634,0.236260427430321,0.204833923396273,0.205458729824074,0.130817266047561,0.180746436335779,0.188179237781277,0.166995840686931,0.21239552864923,0.200624687077295,0.134811937994398,0.20552941734622,0.116784147216812,0.132661874019178,0.150846063732018,0.184155661882059,0.113593751384714,0.113407695985243,0.137949399156973,0.175177900780313,0.147276265838335,0.115776464797214,0.191590431088302,0.113181298264666,0.171957237333408,0.0689107640220568,0.182443280336109,0.12092257624358,0.0700931545452126,0.143423596572684,0.0881408852201159,0.202830072231806,0.18252125131786,0.152434454744138,0.135394724478312,0.169595702444484,0.182281083365045,0.194057622995299,0.152216026175843,0.151119358520025,0.186176837747785,0.128408964122291,0.174353639564516,0.212430859524224,0.19195481038638,0.23236597607961,0.173976319020762,0.220627062371071,0.179793296165411,0.154376179492526,0.181483552124605,0.195198212004433,0.123974371939391,0.118026804297081,0.167925650607412,0.175915652150217,0.152311807448211,0.148503608764159,0.195739021409342,0.139901677265149,0.124283962394265,0.109666243356899,0.18004789958123,0.0941438079614335,0.154453844060817,0.181511680176609,0.141850518567593,0.171850682613966,0.187789987241736,0.0774365323763057,0.123260092753151,0.0963763428094682,0.172494797204106,0.19571809052386,0.103582476519878,0.169241440898772,0.204968599320566
"chartacea",0.286660478917983,0.389408064778038,0.268556720848941,0.262862770959334,0.205069155699688,0.166108781029057,0.27854339531398,0.183849266472837,0.280388820833507,0.1218750072363,0.109793913485891,0.174123233221415,0.179760114558568,0.201074332857758,0.266668574323938,0.212547517825775,0.190380227410115,1,0.282330012300986,0.152262049810985,0.217883369674074,0.268172415080533,0.231665362713083,0.224865541652871,0.233839760573883,0.201430543142335,0.162681254138097,0.263768139462212,0.150830535092365,0.183133846035972,0.217504817058573,0.178592164193053,0.268184723959887,0.104898417215288,0.140576311664716,0.113267030319608,0.225281997947039,0.132828117648605,0.144540879081256,0.173125846133664,0.194831361478163,0.132345130019415,0.0880094793452482,0.246393724225214,0.118201750542893,0.260862533742934,0.079355353908977,0.212265677810929,0.190694713656852,0.0900105012315312,0.139297618628447,0.0974924928840264,0.250726566693366,0.279161642944387,0.18058424363591,0.258631251186221,0.20740313645639,0.253372988360401,0.16876946127578,0.177574448369028,0.170184892312549,0.238138372951112,0.169598359757445,0.221625582568029,0.236260074066103,0.216649879460216,0.207851134785372,0.203060152060555,0.256799599228764,0.34696530396946,0.165827724098328,0.25528329172358,0.244284842918053,0.216398122646866,0.15609530723226,0.242381815980646,0.169746866068738,0.20339745744162,0.216025000474317,0.311447456102432,0.171523692600191,0.166085633642239,0.107476854039037,0.233457517808223,0.0753951954983507,0.209014931297361,0.238467036782996,0.273135615587443,0.200624736979848,0.199950559016327,0.0896083931817025,0.157208618510509,0.0712417174798897,0.237324022217532,0.218076128926536,0.100706435267418,0.17321291022797,0.225288588145873
"cinnamomea",0.208213676907127,0.279858041099759,0.294433658254893,0.276969297466446,0.187438474181169,0.120709271863728,0.339003789126204,0.211515130575647,0.276396223499847,0.124447745382769,0.158944070489256,0.163711963137665,0.21094413703408,0.189862747817843,0.303841167397651,0.200028972712077,0.176141289131659,0.282330012300986,1,0.200371076593898,0.214855724616628,0.339074678470383,0.291173439097724,0.213337309763139,0.257552780949932,0.218277903890167,0.168854397059327,0.270142051733996,0.129615559006181,0.158004523992019,0.254463044404733,0.206212373097686,0.234248518166558,0.146009775772987,0.173325409534577,0.125005671724412,0.301473433341991,0.105301470034391,0.124914823172335,0.187323805704453,0.21567027266659,0.172949304004289,0.0745046112610883,0.316707899008768,0.0899178616312745,0.352486240587351,0.0711035399564942,0.192217930535257,0.251716303380218,0.0804484069986626,0.14221976253984,0.114058591950061,0.282284773669604,0.245594994364146,0.267725709103796,0.173524894557915,0.186573109412878,0.299230550457747,0.178915543399157,0.202179231188406,0.215717694548911,0.287986575441683,0.191152796433421,0.288398660829496,0.287894970696824,0.237238282693941,0.332315460687042,0.18375112002228,0.324317823388331,0.278309032262284,0.210665331220881,0.286892716168384,0.203266448809419,0.144892154007738,0.126075765658032,0.281664126078362,0.203005383179852,0.232769020786345,0.14242049059165,0.297931172387505,0.161263428804211,0.149379029678358,0.123887641098112,0.258272485544351,0.0725739097676551,0.245722019520157,0.261300178951509,0.257093039045588,0.24749081065258,0.239824712444004,0.0947827090159798,0.152952231102624,0.0629670360668039,0.194369783103725,0.220445979112031,0.113010854018236,0.218966020747557,0.290222244730232
"cocleensis",0.142187493748557,0.199507606944317,0.178546875466761,0.162923899122531,0.128880260872487,0.085233088390625,0.267679423656638,0.151386572429709,0.207730967273027,0.115793661340656,0.168466139191322,0.175696987918704,0.174122046744432,0.1132967349886,0.267298449019816,0.119435594823239,0.127514776892081,0.152262049810985,0.200371076593898,1,0.160969192648065,0.262318006978173,0.177622467150264,0.209854701945546,0.223295862652689,0.186781831295959,0.143444844442511,0.209576315005626,0.130409267392057,0.161537810757768,0.207927078042975,0.123458135237354,0.356975835797698,0.159880602470659,0.112744616977089,0.141808751772404,0.282804059609584,0.102994229087196,0.131661510772841,0.123202859059677,0.17297243527885,0.164138362955825,0.0659583180565469,0.232386291582451,0.0785294149795698,0.267517067576943,0.0862102635407798,0.152619511448516,0.200406539506509,0.0892990670723825,0.187618935118597,0.11783900406698,0.174227339271385,0.188552719053059,0.238181228350658,0.122585792935732,0.14433725688173,0.212917265569053,0.116264883420049,0.144810789087273,0.19202191340592,0.260479547868571,0.240884539427799,0.253716420167945,0.236782728914836,0.194080387638857,0.208142627114724,0.155321080790188,0.223067075549379,0.206233747241633,0.167174476590338,0.245600638289926,0.141027690480101,0.111965845289452,0.133072215292,0.212562150135486,0.150451153639929,0.237079969829899,0.126896142160344,0.191705604575394,0.134910172884959,0.139280504383047,0.137901863069943,0.246654192156633,0.0433443992294572,0.172347629456215,0.203083766215544,0.233767681917973,0.232483670034894,0.214634463010573,0.0800534813916363,0.104491738496875,0.108810021233341,0.176449385758556,0.177428912575247,0.114354143007417,0.154962172358169,0.148533154873086
"cordatoalata",0.156115994683487,0.198381683193402,0.218197187017229,0.25477323172888,0.180786754405443,0.103005853224843,0.201676917512768,0.141310121638877,0.221763666415091,0.125172328054089,0.133450196984718,0.154649342358843,0.171308536719842,0.161706746742307,0.231794452770762,0.183018425803096,0.173615783043752,0.217883369674074,0.214855724616628,0.160969192648065,1,0.20880939879423,0.186880929442373,0.276063275108246,0.186082573779517,0.175046201102792,0.174257579608827,0.195657223221333,0.18323323613885,0.182659426858402,0.189560798814707,0.204559049290256,0.241588593396129,0.149265576440405,0.135985268584371,0.15189951946272,0.214012966274321,0.146819009140448,0.133258628641318,0.15387432903557,0.176989283413231,0.180068724275702,0.0915795333116333,0.200598488904556,0.127424446311621,0.192527542691128,0.0878505679471086,0.177344315514161,0.186805741836924,0.128590898712889,0.15967195655735,0.0990835561833654,0.214828908801565,0.209232638683346,0.13516978895867,0.145841922952811,0.17975289627308,0.193113143848818,0.135619027517721,0.143329544584765,0.18945388957559,0.281287628297146,0.217906511003231,0.197198154997541,0.205092322339122,0.236222322163196,0.164550712013317,0.194144453176107,0.183079048515504,0.235764689647597,0.133940427620914,0.188157792644029,0.193326966628254,0.176563967762099,0.15486391654319,0.241181053411874,0.169054518281076,0.150372425820182,0.144461830778272,0.18445460910397,0.178008082694576,0.239306514878988,0.123784616311981,0.192816392242181,0.0559892722445626,0.153900364206567,0.203662140746243,0.146763534136834,0.194833720729326,0.219130215998042,0.119601110862461,0.141112020263484,0.0924615286537056,0.232638299679545,0.252108634519729,0.115012936540563,0.159651449849578,0.185920493439634
"coruscans",0.201513088370791,0.32084315380036,0.29229165276169,0.271996530702386,0.178218386334347,0.148201537600626,0.377216706986734,0.184517285967044,0.286326232995846,0.200278944236373,0.154106774508522,0.204719717989901,0.249406729195937,0.200382876355215,0.363493842892945,0.202429206386186,0.191433153637634,0.268172415080533,0.339074678470383,0.262318006978173,0.20880939879423,1,0.317456503069741,0.242525031185087,0.320266992639523,0.230226869057927,0.225318781178245,0.280951341885166,0.15007760903451,0.226120695972163,0.290274853644158,0.1621865845531,0.274170515750337,0.217691276727447,0.149463840559058,0.135330711725748,0.345069486923303,0.135961503528228,0.148231741838217,0.198716704622543,0.183009598671066,0.231472820899934,0.116892338333999,0.313536357366927,0.121609872978176,0.36381249418999,0.0925372675909468,0.19607715903206,0.282844479535672,0.0958654280122538,0.156506909777944,0.123072311704214,0.282059435985439,0.248645876754538,0.257351381670831,0.170092765462146,0.235480080686796,0.283099783445684,0.203276265188258,0.172743333349407,0.273089106952105,0.346695716796521,0.224698083552354,0.318219283704092,0.292682022500414,0.224164127976711,0.299542240718865,0.173957132785225,0.374773766984368,0.291018003679162,0.210972362615324,0.346030520083477,0.256239731019257,0.173864821296888,0.168448233137837,0.305195699095812,0.203113908513194,0.303816876334547,0.151918567807267,0.240414637598892,0.184122887692974,0.178994538467246,0.123734452192034,0.309658861601769,0.0745773832210331,0.262692290444492,0.277820636916849,0.300789051307991,0.32836560110386,0.230378451365489,0.11551131273006,0.182089007988514,0.0871351227582833,0.210940656421399,0.249030435103589,0.140352657588887,0.21396611712371,0.260190812682911
