"","acreana","acrocephala","acuminata","alata","alba","aria","auristellae","bourgonii","brachyrhachis.aff","brachystachys","brachystachys.aff","brevialata","brevipes","capitata12","capitata33","capitata35","cayennensis","chartacea","cinnamomea","cocleensis","cordatoalata","coruscans","cylindrica","edulis","fastuosa","flagelliformis","fosteriana","glomeriflora","goldmanii","gracilifolia","grandiflora","heterophylla","huberi","ingoides","jenmanii","kursarii","LA17","LA41","LA48","lateriflora","laurina","leiocalycina","leiocalycina.aff","lomatophylla","longiflora","longipedunculata","loubryana","M18","M25","M27","M30","M71","marginata","melinonis","microcoma","multinervis","nobilis","nouragensis","obidensis","oerstediana","paraensis","pezizifera","pezizifera.aff","pitmanii","poeppigiana","punctata","retinocarpa","rubiginosa","ruiziana","sapindoides","sertulifera","setosa","spectabilis","splendens","stipularis","striata","suaveolens","subcapitata","T18","T21","T29","T50","T51","T82","T85","tenuistipula","thibaudiana","tomentosa","ulei","umbellifera","umbellifera.aff","umbratica","velutina","venusta","vera","virgultosa","vismiifolia","Zygia.mediana"
"acreana",1,0.188560348308541,0.147511114681144,0.206961648589333,0.360109181171582,0.0967631932152694,0.186469265481436,0.160553032889619,0.230227046084481,0.187238433387697,0.140438445433377,0.168100970160612,0.127255690159961,0.200466748912484,0.19240205531528,0.17593160794351,0.168329472011241,0.230315197252817,0.107596157871247,0.135430567569281,0.244447056432376,0.126451131036545,0.14658097668776,0.179307723923316,0.122443878358497,0.104160671117553,0.100482335393857,0.164969964628762,0.116802722494799,0.191469114111484,0.193637654373164,0.125214120894959,0.22709375136547,0.151415055055534,0.152688169053246,0.15795562034375,0.0791404208596714,0.08632386653868,0.127820215076078,0.133173446251314,0.181322111647172,0.322834767066354,0.154166086463298,0.159206494612753,0.174213321222939,0.181898939789792,0.159103386839623,0.208655876177047,0.109342806658366,0.123049683716031,0.0859353102190254,0.132604961338639,0.219235819272646,0.123644677606422,0.0885289523451627,0.179559345668496,0.154387006600898,0.166050920866376,0.166642101418561,0.101797973371863,0.218345576184374,0.227382412243029,0.215140900282691,0.246036457316841,0.196030066208743,0.19723505978075,0.144872068410683,0.203327108373296,0.113543314905401,0.355348543416697,0.133823472569958,0.164539613760169,0.475171637805912,0.122803101584729,0.153765592100612,0.19100473804717,0.0987913650571651,0.143432765883022,0.171355111325594,0.18550113127361,0.206019040198191,0.198636047967489,0.17056010603018,0.204294644025312,0.0979895103571119,0.20576277727481,0.15998756111757,0.152096496871368,0.120797227795955,0.237078567155611,0.157932037678375,0.106576738135723,0.0954727884444446,0.156058658316363,0.148416149881675,0.152645320024332,0.120109749794682,0.183448513551572
"acrocephala",0.188560348308541,1,0.147313373003188,0.193933423199455,0.239680166467403,0.108124819582368,0.193554229570906,0.220756738986487,0.266861973179265,0.152247509055278,0.119501807346473,0.175358338552627,0.1181604951096,0.259295728040525,0.270000182714089,0.21508462336208,0.239066861059117,0.35632996173015,0.130967987398507,0.172481407803545,0.193912868490651,0.198894468838655,0.184045506935178,0.222370377355754,0.176961303593025,0.128461290662576,0.132415351051568,0.169207429853235,0.135620038061966,0.283019481673814,0.196404315280846,0.11452554115674,0.244294692972748,0.178127379756752,0.165275524852826,0.200907329105991,0.123209863170267,0.0934122993282306,0.133178546160851,0.254074192105133,0.123435776157215,0.192820907174969,0.153152414728714,0.189678645224218,0.181901178872609,0.203485594668101,0.119802059237269,0.218260208958076,0.164078502751905,0.296960025139694,0.121732363689447,0.139106575063556,0.162112319918967,0.154705015079367,0.118309143536996,0.211274694727195,0.203146111656336,0.161128648741226,0.14847877427291,0.150157331138509,0.21846948695079,0.181242863066377,0.187103487443469,0.243076403125063,0.209264487305677,0.196878145449582,0.160759575530694,0.238619494665985,0.156861495140822,0.233435714708075,0.155393606194341,0.174481086319574,0.198260352448084,0.17698644943096,0.193936198759456,0.236057569150367,0.130587500468682,0.15766931690562,0.163357612365469,0.240579340890011,0.19662794718794,0.273634562623555,0.19799689924941,0.145753955886272,0.045727605368306,0.103577133459678,0.200242912048949,0.182481041481875,0.159546424657676,0.271669366470678,0.173272141652539,0.110603908809989,0.144417643778016,0.189368303372004,0.19962191227304,0.12684213688948,0.121938351919738,0.19237616733475
"acuminata",0.147511114681144,0.147313373003188,1,0.157532780564958,0.141421549223017,0.0951662218073304,0.165815419211057,0.197552758897738,0.180122454145026,0.12237973383364,0.112815285104657,0.150131452427457,0.127315378099496,0.157440313799887,0.208176915493217,0.168229265629211,0.182456507893441,0.186243535013749,0.134187601080689,0.175812651841078,0.18011115244677,0.127306661010474,0.123711655623515,0.190400531460555,0.118746239550021,0.0871115444875822,0.102337323474902,0.116609635741841,0.0982344289713529,0.143639385383025,0.184424659444412,0.146122521010951,0.192746388182246,0.157982536801029,0.136755996392842,0.125543933142339,0.105674090765764,0.11499016968579,0.19032956321685,0.11292000183337,0.142376472614596,0.157618068331791,0.134219952409067,0.185506583109641,0.137862338691577,0.173129963519857,0.0963704176823783,0.223223458097115,0.0967986111691155,0.157629153595523,0.0842485245396852,0.113338329007644,0.207077092596128,0.123450392607057,0.095945549796356,0.211535922178661,0.140449718790356,0.115734175070476,0.105910613538003,0.103501294424455,0.208677907509917,0.164198298539266,0.144788814651836,0.163233772778994,0.147880847224406,0.19709472678581,0.153605837227264,0.172678450334404,0.107748857689804,0.150204479971318,0.122606620722146,0.172728305973011,0.125126876609334,0.100845463799846,0.142029656236353,0.149603988013203,0.0984902292688748,0.154426948721769,0.141520147120172,0.170585844253074,0.144645717242998,0.147464918125127,0.159103007888289,0.146776194429875,0.0600900874774004,0.141809339285155,0.169117945799879,0.202958378796676,0.0968823166207553,0.171850675961911,0.156137534815817,0.0856350883594541,0.081293646680878,0.123698145814462,0.122533930906804,0.171086097175047,0.107371080386673,0.154223160845269
"alata",0.206961648589333,0.193933423199455,0.157532780564958,1,0.159384723629187,0.104399328321544,0.244821462315272,0.208330062353318,0.220544510248094,0.163096807249254,0.111399361005705,0.149764361110823,0.186364680695221,0.209738368097566,0.198003731209445,0.2020584232137,0.23527537422349,0.249488126665048,0.204746695972426,0.17787975762943,0.222037938698186,0.149498639094441,0.212567651480687,0.212993836326324,0.163872925284444,0.104764929528844,0.148120322535808,0.209798374067582,0.134295309120163,0.154231900921695,0.197568174307629,0.144662053401461,0.25731280333896,0.158932775649507,0.172604172673296,0.166703354092509,0.121692350716751,0.089003230082281,0.171982910728702,0.161378008961094,0.165173527546216,0.220640785969214,0.17224012508846,0.208016298596923,0.187916203663432,0.206358553390963,0.167710171982004,0.205026191397001,0.131782544301666,0.12126449879276,0.101968987676511,0.18635476537118,0.199450796293096,0.155481687873953,0.130269599392022,0.201807077898983,0.216433894731622,0.184275352389976,0.147130031681861,0.142535845005454,0.229441017472802,0.250614089870647,0.310045345518301,0.253303687105854,0.235931917300608,0.22253245192149,0.214711325651907,0.262309789693524,0.142723126645318,0.211084538519956,0.183009198383191,0.182480728187567,0.133278190586727,0.131021644404498,0.147740997392867,0.29843711661853,0.148729076054114,0.153664744674269,0.235981624936491,0.235344763710341,0.230980573420804,0.258036553797957,0.148761759748503,0.176326028319708,0.043762682982559,0.13835037198511,0.210160290979283,0.189032131417858,0.115891995089761,0.189349620552699,0.194422279109993,0.0949642403996624,0.112303905893041,0.170265530800251,0.185093207714074,0.128887995122214,0.10862379856375,0.204438756027797
"alba",0.360109181171582,0.239680166467403,0.141421549223017,0.159384723629187,1,0.0933517399415646,0.150610434666639,0.157335866315757,0.176783030920672,0.244126191321329,0.24294979603372,0.239557953709761,0.20309993004922,0.18134220139068,0.173931661230324,0.187832869875802,0.180553799684852,0.169698573705061,0.113772388434295,0.122864114233287,0.202259613503766,0.121961317878191,0.135485899667008,0.166470609434717,0.130602314133611,0.224793488114156,0.103134275392488,0.127267287070564,0.120170347669865,0.245693310398967,0.136549753373386,0.217591730437415,0.167465266784948,0.13344017319764,0.245376748693983,0.137626560321889,0.0781581476867965,0.090087551463425,0.0938473686155911,0.171741007362318,0.268427536699681,0.253010695151607,0.123254756085433,0.138176371214856,0.123197947520874,0.135511318815414,0.230751098652376,0.178710223633309,0.19237837796386,0.314767485446845,0.0961516724119248,0.126926423703903,0.184079629052588,0.117954414385032,0.0765639175051017,0.141372416063931,0.137055869303057,0.12028090057712,0.226496624357248,0.101684118331257,0.20423030388048,0.186008324673272,0.172588213773283,0.179668867811294,0.152243714404779,0.184890827706361,0.103222190774467,0.198880662917172,0.124304030810609,0.327373670386134,0.230991561755321,0.141725729470775,0.359853345465509,0.122877825661717,0.149752688169171,0.179558357834947,0.0923907198059004,0.110037495623483,0.126410249012067,0.176579624836412,0.154553644695131,0.186594974153684,0.161794483761221,0.152715079605258,0.0727714007980299,0.134276207818873,0.177698213488503,0.131399933989914,0.127591741797874,0.249899208522588,0.129706535438495,0.208609795428304,0.108016123718944,0.117293661865218,0.123348521450271,0.25379727462123,0.103727771732094,0.146032509275212
"aria",0.0967631932152694,0.108124819582368,0.0951662218073304,0.104399328321544,0.0933517399415646,1,0.0994602584975463,0.0939603396950505,0.106552003646984,0.0654824833408896,0.0949532974504129,0.0835684815074033,0.0737533398346353,0.1045816677085,0.111131330418864,0.11233179170002,0.0814364477869579,0.12350342425468,0.109362710891407,0.0953464522780768,0.13022769240847,0.0912635476090259,0.12265650773509,0.110398146030493,0.0694650039608539,0.131799022618139,0.0603994934628727,0.0692736793028942,0.0721060696106386,0.0983503285147916,0.0865540121580795,0.078037742352454,0.113430355728476,0.119882745119204,0.0821976181018726,0.0896836467745077,0.0639212338767345,0.0741237173148528,0.0848174170468656,0.0604259728908574,0.0917030215323903,0.0911651473965915,0.0888269024663663,0.0984633668908556,0.0833939893452786,0.116445083572585,0.0569039248736575,0.112427825491173,0.106039504992979,0.0696937755841654,0.177967681889893,0.100187969500593,0.132596300025161,0.113838461238271,0.0978571923984847,0.139517902083721,0.146071996831268,0.0769088362781499,0.0665516931576876,0.0927640502564724,0.134999346510991,0.126731990079121,0.101171566922697,0.122245757263475,0.0992167467877835,0.122072695434766,0.0869481177646988,0.136799148386667,0.0749824175307052,0.0968872103453164,0.101621280032153,0.0944387010554012,0.0753661290140399,0.131960933716735,0.110742879922668,0.113874977187094,0.113512405229177,0.0765399031816052,0.0902166241690905,0.118452794207287,0.117078891629491,0.0935844736834797,0.099303653966161,0.0875108386441574,0.0656956544588693,0.0914403271324684,0.127385538409922,0.0789503031891924,0.0808019773252374,0.107187881324794,0.0893569773691659,0.0587958550037333,0.0527741114095209,0.0908538145076231,0.0949070317099478,0.0784475057162965,0.0608859500068053,0.0823708344337772
"auristellae",0.186469265481436,0.193554229570906,0.165815419211057,0.244821462315272,0.150610434666639,0.0994602584975463,1,0.221792665733552,0.222806483018763,0.170472352712935,0.156230408154077,0.160262113252768,0.207773567283581,0.207122429177202,0.24139002560933,0.212832312341655,0.247336985703328,0.242550988029987,0.116895300000871,0.197735764253101,0.284086330406571,0.170164607506209,0.192909326248426,0.274076592431697,0.141019134972991,0.0855170692199464,0.143253704004488,0.223335813383337,0.129721814661982,0.176272034439847,0.258037373098599,0.118572043678785,0.340461126281833,0.178701420939706,0.184333111006594,0.174431753754479,0.118751317044991,0.0937680976641016,0.179461664095244,0.137873731061374,0.165325177455728,0.20572137171937,0.169608448495537,0.226821286896594,0.22503615370466,0.253082287382852,0.174837077909406,0.203213299182568,0.126154486621686,0.126492929507842,0.133508986595418,0.161508138104244,0.246241610691094,0.159682502214091,0.144019829478673,0.215181011887677,0.161940179809119,0.205331999903309,0.138607525821269,0.126816482053531,0.240829039752409,0.263972554737727,0.22323159573122,0.254688195736584,0.248760165976049,0.222594342245596,0.213627635913709,0.268443671202979,0.14934179794215,0.220270865090955,0.162718450189118,0.202094809060448,0.123946940680244,0.116950794274093,0.140427947749278,0.224910827211271,0.125463081811278,0.18266906731994,0.221494319664749,0.208527048277385,0.232035288092957,0.202341480172259,0.148940105886406,0.167457577402022,0.0601670605376551,0.159727797069289,0.264085525807451,0.202979021717479,0.135703186713271,0.210970295086769,0.223730979951974,0.0852472738091802,0.114912053355757,0.188298828125798,0.180254294181923,0.147215066569099,0.125098734707992,0.240365983970904
"bourgonii",0.160553032889619,0.220756738986487,0.197552758897738,0.208330062353318,0.157335866315757,0.0939603396950505,0.221792665733552,1,0.247797831015818,0.173986091644596,0.127916983569634,0.154237118892109,0.200317876512917,0.199572565967806,0.182030068073401,0.260105388314548,0.296498009398414,0.238117728307537,0.130190794398192,0.198140288325924,0.242051632587085,0.169310508709202,0.181840849948187,0.203193538793129,0.196789978569039,0.0908183250581288,0.163758566610823,0.246081322886957,0.131192060103837,0.171305341706721,0.265234214301744,0.12825350552827,0.276459917871308,0.180169459333245,0.178851744379807,0.243861409645859,0.120920891176193,0.103241294158189,0.2021532231961,0.229597491278532,0.129169502458235,0.223760585870902,0.22235754420732,0.265508509329382,0.266731886567682,0.248832690874563,0.172031492027508,0.213848471167202,0.114439569954092,0.195089828117394,0.112790930224373,0.160954906310685,0.204754693267265,0.12251774594901,0.108756582074012,0.247024349460684,0.15992716397804,0.209541687192372,0.145180382848998,0.142802976345854,0.234424398049692,0.216902552033411,0.191920574128054,0.264721452690107,0.270732673820272,0.212473361690582,0.260757933128377,0.261287633648971,0.17368391138647,0.228533493918902,0.206964223895255,0.199583430074149,0.177444632285388,0.200080394884565,0.164191803360716,0.230330798442081,0.137828780349253,0.209761175060372,0.209404538859886,0.218873558423622,0.221858223271372,0.198675988186573,0.201121909123243,0.138041161299446,0.0472992939148072,0.133159648047651,0.219726778277889,0.255861720457381,0.157646290818886,0.209083090924652,0.222717971042744,0.0985041205399048,0.173376686944783,0.182353675668667,0.247552383974592,0.147676459650598,0.090985402330229,0.267813046844897
"brachyrhachis.aff",0.230227046084481,0.266861973179265,0.180122454145026,0.220544510248094,0.176783030920672,0.106552003646984,0.222806483018763,0.247797831015818,1,0.204840303496132,0.133377893359862,0.214255742643081,0.184368157888857,0.293719665274731,0.482043808754537,0.306875959517633,0.239232237415002,0.253240004363062,0.143474487421072,0.187182159003984,0.24515872153782,0.197811021318798,0.241646974767019,0.242138243927454,0.19966521954639,0.125442660886963,0.21276783950619,0.215792992488314,0.155085443556447,0.158020197291915,0.268575046348373,0.135151554481983,0.311564800066954,0.209690456664743,0.221915303381733,0.249416434696907,0.147321357516835,0.108476437705398,0.166946412967792,0.232420790395364,0.158208558985395,0.249411420006588,0.208524606449713,0.246589391525428,0.227778557821931,0.249538952137277,0.151054043452123,0.27370116298158,0.152440400481516,0.187522970195791,0.142213922174757,0.199846768025137,0.19065369498108,0.17163692983822,0.143336011138204,0.216079105042349,0.196071757271971,0.195752132123583,0.216377562435679,0.166088040692552,0.259351531193798,0.21266987543643,0.249049412673131,0.338573313150862,0.253577102499826,0.238977392090206,0.181147535775711,0.235942575406404,0.184947829559194,0.30135055854724,0.241426489398358,0.256220052472068,0.162890750386418,0.143955259447858,0.214484385261885,0.266199721393738,0.127181797210943,0.20583842432964,0.195905096376321,0.220163743129087,0.223719934525205,0.247693872200537,0.222852313053145,0.178114598475745,0.0590324879318052,0.138930834899592,0.248420250434193,0.232558266794442,0.168623158374482,0.20359461227305,0.243331577847153,0.107469314327828,0.164394208245289,0.238290208107718,0.219407591000176,0.180203604037677,0.118289474754915,0.240654692594451
"brachystachys",0.187238433387697,0.152247509055278,0.12237973383364,0.163096807249254,0.244126191321329,0.0654824833408896,0.170472352712935,0.173986091644596,0.204840303496132,1,0.293458934423968,0.32702062544658,0.265256073742837,0.165662302178349,0.143030979769687,0.187563179634178,0.218823675404814,0.176117438400964,0.0747365779061661,0.126572068824945,0.206808274835976,0.124879235236111,0.142664254459907,0.170596309140861,0.103456479475744,0.240312643215505,0.103828923924969,0.200971700537868,0.0887224745891725,0.138633350091902,0.239289441871841,0.366351268681448,0.199936435271337,0.147375275292504,0.347138060141729,0.188785490448948,0.0729074155757079,0.117661524923225,0.123231480803659,0.172842982128466,0.324446951109291,0.152329291407589,0.146628530157672,0.175888895409334,0.2474212428391,0.205253111924952,0.487781342262513,0.18732155353696,0.23147068278424,0.286280590738501,0.069402069710727,0.124399259486073,0.172856150567296,0.0959983986053173,0.0802082557014911,0.203334284786528,0.102977896238938,0.151664262848524,0.505710354276304,0.0802496151166193,0.194846543640331,0.16533822927314,0.143456003705455,0.211542203049443,0.147414729090488,0.14863064991039,0.132274216022022,0.189214934985207,0.102852434772071,0.192088892779657,0.320802122449954,0.147047521032544,0.126569470551839,0.106279710360877,0.192655773360599,0.158381723304543,0.0780772221156013,0.185874979663646,0.152198741649555,0.135506323482487,0.197045430774188,0.183045218276569,0.149866652120016,0.12834525718479,0.037383582306089,0.123508823673825,0.158667799577766,0.163496755952256,0.129350829748734,0.335286877366263,0.193421851656506,0.239781828712993,0.120688719630104,0.119437510555315,0.126933887277322,0.388704996280624,0.0902353631912289,0.220806679592008
"brachystachys.aff",0.140438445433377,0.119501807346473,0.112815285104657,0.111399361005705,0.24294979603372,0.0949532974504129,0.156230408154077,0.127916983569634,0.133377893359862,0.293458934423968,1,0.340514567908227,0.170185313706283,0.139629399854449,0.123086650493942,0.122791397102046,0.0821507472088599,0.125120762820101,0.0931224157384124,0.0895812853938236,0.177406296908724,0.0676209535906218,0.0984838666593204,0.107592136748534,0.0935569312920339,0.235655856381795,0.0685530508757761,0.0985351770310998,0.0840283960784392,0.128632584861035,0.101051417800811,0.321883768735268,0.136988037182001,0.10328123008551,0.273737043368562,0.0953799349107687,0.0747520175108671,0.065002152136303,0.0770687213220744,0.09931605329986,0.323105792153516,0.14722634093852,0.100092521157217,0.113011966707455,0.0845180242515764,0.100767333385144,0.28602011644959,0.121919806274159,0.219060941888643,0.233227405755181,0.0719905471397343,0.0874333974856805,0.159037769097628,0.128444186862577,0.0653278043647341,0.0968045795716753,0.123024987914091,0.0922061630067886,0.211030414563857,0.0934497246987808,0.147635368366936,0.176373586176279,0.118182951041544,0.149172401684557,0.104520952882136,0.149547330988339,0.0854404375187144,0.122815987280304,0.0822560213191867,0.134250709472261,0.294133275499266,0.106773019579285,0.128060583515904,0.109445410980589,0.121786264621316,0.119856120338141,0.0679327454799665,0.0759104746818419,0.0971130333391521,0.129838951837408,0.111478617160187,0.139986698112506,0.111428705178046,0.147975955171779,0.0818965537504447,0.131022219899657,0.139415375836383,0.083771746889443,0.0785457471885364,0.238687254971698,0.131671128323035,0.402224308805725,0.073271531790464,0.100504554282889,0.113641897800655,0.313514828170363,0.0801591278395367,0.0850125668420575
"brevialata",0.168100970160612,0.175358338552627,0.150131452427457,0.149764361110823,0.239557953709761,0.0835684815074033,0.160262113252768,0.154237118892109,0.214255742643081,0.32702062544658,0.340514567908227,1,0.222875026123396,0.254154785974589,0.158090565301201,0.21262734082329,0.172541483009562,0.171283828186991,0.0834202928926711,0.155621309760156,0.177487035842444,0.156939301946331,0.151089077442408,0.164204925445609,0.112084579762835,0.241695101455565,0.112947527322666,0.127902785796853,0.114581780551995,0.132669862635455,0.178786889681506,0.278893833322722,0.188827297920355,0.16796543266635,0.293259396154583,0.158243430844363,0.106911319733723,0.0871745495464532,0.12539604326505,0.162247753077407,0.272575007078437,0.165287644576815,0.129954220122255,0.176246873567013,0.148468043329476,0.150301497366666,0.281783517840704,0.213536252572107,0.238941953352051,0.285863025445759,0.0796323354716031,0.138821041347049,0.167817281503943,0.144229749936511,0.0892799485084781,0.157643924342556,0.121468775481036,0.131000514201697,0.279210104816867,0.0868778799623633,0.179592329982434,0.168437212995241,0.147577906408449,0.197978501082157,0.165153533240546,0.158682380781236,0.12435042753963,0.177634839685477,0.116027254696363,0.190371550371163,0.308273757820751,0.207617159814544,0.144028596123733,0.116125519305601,0.169096301625295,0.169056249000965,0.136273004054512,0.127497035687311,0.141215022095433,0.165223011317578,0.142338499356311,0.191000719315155,0.156081051197556,0.143871453631963,0.0302760397370796,0.108873473709461,0.178157251117592,0.156411574783566,0.14241899557523,0.290748454667602,0.206241508029363,0.294089734714583,0.0956947961836099,0.125365533627245,0.12436797091478,0.277184206975347,0.0993254028948444,0.162025557130708
"brevipes",0.127255690159961,0.1181604951096,0.127315378099496,0.186364680695221,0.20309993004922,0.0737533398346353,0.207773567283581,0.200317876512917,0.184368157888857,0.265256073742837,0.170185313706283,0.222875026123396,1,0.128871046517611,0.156730400572912,0.167358114451828,0.257018299904974,0.156303590418903,0.121805633675312,0.158821626335661,0.229760473033415,0.134650325976998,0.142292548818727,0.193298441321603,0.118951818154963,0.196722535405408,0.146378790935955,0.235681117364283,0.128244756215893,0.0920621350844339,0.257964509108858,0.225017791703911,0.227289757169441,0.138088474765015,0.250123004739454,0.140395879458471,0.0925679919439719,0.0949724029627851,0.190933699116517,0.116531629674653,0.245802244034875,0.169503069898094,0.175472827025177,0.171146095051861,0.247851389267485,0.219251630055322,0.275514201850119,0.164688809744573,0.19086634537493,0.205187640613527,0.0922769325819554,0.174809378893533,0.175698972574614,0.106777333019194,0.0906694388111338,0.202496734499996,0.138884303193065,0.227221587468435,0.198560067678892,0.10700771301818,0.187474329428213,0.163369506416844,0.187130597834185,0.172049857241526,0.169985285154177,0.14621079131324,0.218455426819348,0.251631925501577,0.138991382487178,0.163162287743056,0.29488840098388,0.152038734211207,0.0850097703709977,0.0910535393136216,0.106756642035142,0.188012711496155,0.207744617270145,0.187169922222302,0.205833621130138,0.184280720433846,0.2297992953198,0.196722009021493,0.109057217197241,0.125570211902531,0.0205633441980313,0.128321301175743,0.203842515410067,0.21571127500564,0.114712473269412,0.290573974927336,0.250366133238947,0.165185006621783,0.115903917280595,0.143928744276217,0.139287763868893,0.242055081598561,0.126648396464299,0.256482700779993
"capitata12",0.200466748912484,0.259295728040525,0.157440313799887,0.209738368097566,0.18134220139068,0.1045816677085,0.207122429177202,0.199572565967806,0.293719665274731,0.165662302178349,0.139629399854449,0.254154785974589,0.128871046517611,1,0.231147226401973,0.403728719850406,0.201584669634038,0.221362872813067,0.168482220128052,0.166983951750181,0.217758599382478,0.168704420058099,0.192038073559906,0.227644703272004,0.173976800240942,0.121601495444819,0.132272746288976,0.222140571531901,0.139569273236318,0.171143834967014,0.213938348104917,0.116738595894555,0.236552243372727,0.162355777905293,0.168448162532497,0.212245332016394,0.172675145880258,0.0917319036673167,0.142985635418773,0.190175531702032,0.154819562643642,0.215233906114615,0.174291488501987,0.236004710602825,0.204688715861734,0.188640466770538,0.128601551206499,0.260215903815469,0.135072992128353,0.16942138329372,0.0982909178000951,0.154785752326503,0.175223733580912,0.171420154897783,0.1105774783042,0.204496050257432,0.192172148548574,0.165239479148527,0.166895077522683,0.123384979802046,0.200573747141448,0.236410331753308,0.227259832280055,0.275652075907617,0.205333356892422,0.191675614740037,0.183400017013074,0.231978365652696,0.197677511115879,0.233112496851937,0.200143554949034,0.236396822101003,0.156136901655073,0.161466498810702,0.26005236633917,0.262539865103244,0.118557217869057,0.15735955705701,0.193510362118239,0.207427075840872,0.209594515236478,0.220536276462519,0.159383922533992,0.171166576826596,0.047530548686848,0.115213526475764,0.186537302884245,0.18567169386222,0.161958259207111,0.198699978343228,0.178632064401414,0.125693204122119,0.135037694408742,0.174948922722875,0.171433424381608,0.134078187044844,0.125224893964497,0.211966960927735
"capitata33",0.19240205531528,0.270000182714089,0.208176915493217,0.198003731209445,0.173931661230324,0.111131330418864,0.24139002560933,0.182030068073401,0.482043808754537,0.143030979769687,0.123086650493942,0.158090565301201,0.156730400572912,0.231147226401973,1,0.220275422861087,0.169308893638802,0.224790506249662,0.142370235492102,0.149673313877663,0.208708189581726,0.187836015429579,0.20605822604276,0.253958866954848,0.153591394415154,0.143505547262628,0.133403969016949,0.149927177820178,0.135514762353272,0.154540298747989,0.18641891230975,0.160309054509298,0.240040441083941,0.193171649092667,0.165555747530988,0.215617745825409,0.128884239409306,0.128289953202434,0.151847610779734,0.20663166690772,0.163937193877638,0.202655645430833,0.164864682793924,0.181647506648982,0.155410084885888,0.201014817411119,0.115159029541355,0.289403536853426,0.150899224664904,0.159396847784374,0.113436972027758,0.137577321471049,0.188857297647231,0.144104713822848,0.110528743277929,0.174846710093325,0.205629093207286,0.16589541617051,0.15513414503194,0.146054750784815,0.272794114411881,0.192489849234816,0.182249855120716,0.270578888339295,0.190763342607701,0.247812564821996,0.139426701838461,0.206400286738445,0.152356153848673,0.237397663701767,0.179710812292601,0.183382150471645,0.150200905920275,0.150642810722574,0.17074461542614,0.215828762794822,0.125208075244832,0.137058742740336,0.166058690121193,0.238510810804037,0.195751053284311,0.202524445122809,0.212825611761334,0.152272191081351,0.0614887166941596,0.134843564552516,0.179397510285079,0.189058097093004,0.11064882961894,0.17664861891853,0.159096620537249,0.100046705616985,0.119667187578578,0.179227757259766,0.178836658442077,0.133329110845528,0.127398034710884,0.16708859974808
"capitata35",0.17593160794351,0.21508462336208,0.168229265629211,0.2020584232137,0.187832869875802,0.11233179170002,0.212832312341655,0.260105388314548,0.306875959517633,0.187563179634178,0.122791397102046,0.21262734082329,0.167358114451828,0.403728719850406,0.220275422861087,1,0.258950342218325,0.263502710971699,0.148359187125314,0.24884749351648,0.241516961247825,0.174865928587087,0.1963545941453,0.226649756378791,0.18805876380416,0.113079575938284,0.195720422269266,0.221423324196955,0.189309806197116,0.155467386388601,0.277842346876619,0.122597017419332,0.276052792911839,0.172250476560786,0.199851312144813,0.255009455109185,0.133498032097467,0.0767012583581507,0.20178891838451,0.179249524046144,0.156705689902007,0.234681422983055,0.19496041801099,0.29136507802873,0.254298402882211,0.225670297500381,0.164072760552369,0.222010375531922,0.134781384403382,0.171649331725971,0.124532993523449,0.19654271910871,0.203148637665829,0.173339558208426,0.103999853705122,0.25635755833839,0.181400275243357,0.208277568069765,0.167731230751573,0.164392213893334,0.216398052929395,0.213201558412866,0.283262889349186,0.267768103492129,0.229658814125622,0.182799719739013,0.213831193314676,0.233052464942176,0.163845732206212,0.199662814846968,0.193859170680463,0.229046079591724,0.154329984192795,0.134614290355746,0.237683623630341,0.230436252949635,0.156537166226749,0.238159163765267,0.190684817834177,0.222829472178587,0.203212080333933,0.251436685475723,0.184299048883988,0.146939547474037,0.0537675427348176,0.128532160571479,0.23805891808764,0.23605818634681,0.275429345226055,0.202758874339817,0.249844722444978,0.112520566257095,0.164919300903516,0.198484163738176,0.198486307207773,0.18229156108595,0.111129723807247,0.284473068842832
"cayennensis",0.168329472011241,0.239066861059117,0.182456507893441,0.23527537422349,0.180553799684852,0.0814364477869579,0.247336985703328,0.296498009398414,0.239232237415002,0.218823675404814,0.0821507472088599,0.172541483009562,0.257018299904974,0.201584669634038,0.169308893638802,0.258950342218325,1,0.227231730573651,0.131262991061232,0.238534984192223,0.333684827170765,0.193237219586136,0.16922477266656,0.263237663116367,0.156825233369787,0.0977904126491345,0.151288693101673,0.389485877922704,0.117832308432942,0.202227080589228,0.392010912496384,0.110798738614009,0.30981974610194,0.163149569921426,0.194168604907471,0.208001059893949,0.119633166485836,0.0838282967240302,0.229613959640282,0.225975420933201,0.159388737872856,0.236217915002307,0.197881739079685,0.287251888241907,0.400641726826443,0.39317408870272,0.269814234874999,0.225722997116055,0.0957799176596752,0.229430329362413,0.130863223239747,0.242954385419354,0.202868656190222,0.114032406230693,0.110254226233051,0.296214942504896,0.136532069841159,0.273196846872668,0.179228284567774,0.128897599873128,0.245789567290847,0.219961386620053,0.266936555533973,0.254911904371602,0.212517473656008,0.161055223991707,0.322565145249767,0.347560240417584,0.184398720298684,0.204475370963671,0.188693634696819,0.23405371691346,0.137276948322774,0.138231554799697,0.173707641996066,0.291192231152481,0.120932696782024,0.363692448984465,0.242782250576715,0.235795236228466,0.358829868437945,0.25460764778014,0.18561048699977,0.168310510036621,0.0337205571187568,0.177168627037186,0.247679989942656,0.264578996032548,0.200578576338192,0.253916837478145,0.338262638857865,0.06528433188629,0.174781744845715,0.18018817696661,0.203296397195038,0.182402601529726,0.0976340316133713,0.40600921812923
"chartacea",0.230315197252817,0.35632996173015,0.186243535013749,0.249488126665048,0.169698573705061,0.12350342425468,0.242550988029987,0.238117728307537,0.253240004363062,0.176117438400964,0.125120762820101,0.171283828186991,0.156303590418903,0.221362872813067,0.224790506249662,0.263502710971699,0.227231730573651,1,0.138320714666706,0.15619605001487,0.278542759660713,0.166969154553803,0.249050792338449,0.224636236687718,0.144509619513495,0.140696354074486,0.120757812660236,0.223969892993128,0.121608728052212,0.166351873835849,0.23171807737017,0.148568162091317,0.285215118860107,0.184645856443088,0.194784787036546,0.188299574538318,0.120342814161889,0.107577219634884,0.140427598339152,0.156212714745724,0.203462387882094,0.20706666752918,0.178690834482974,0.198065031125993,0.197821886971179,0.222714483944537,0.165148904264787,0.255226532433425,0.136643316080085,0.151637414326984,0.101734789114603,0.141350501587674,0.222284504935172,0.134729261571999,0.117803961322997,0.233846956613107,0.189065099910079,0.191890140933936,0.171772235175666,0.142973478759127,0.251391100822592,0.244379189232728,0.18786076133781,0.302865062176539,0.221340217062705,0.217047206167438,0.179729854066175,0.310077591252965,0.137027553776928,0.279313911645414,0.209598550496934,0.184393110783199,0.16152715228642,0.164411492660447,0.202672137883587,0.264390357985483,0.147488224060271,0.161403151981564,0.220908285415741,0.256827344892894,0.231432973193983,0.226914575921805,0.186710496426603,0.173770264924873,0.0608892141217319,0.149571367493774,0.187227836088565,0.203444097708311,0.125290022279955,0.294200940642004,0.174819759316665,0.102215524489509,0.141826026043717,0.175293830784378,0.178954372870837,0.135214595684051,0.122093277717244,0.23037053746279
"cinnamomea",0.107596157871247,0.130967987398507,0.134187601080689,0.204746695972426,0.113772388434295,0.109362710891407,0.116895300000871,0.130190794398192,0.143474487421072,0.0747365779061661,0.0931224157384124,0.0834202928926711,0.121805633675312,0.168482220128052,0.142370235492102,0.148359187125314,0.131262991061232,0.138320714666706,1,0.150716291808646,0.114634696946778,0.0882307463420321,0.126760210934013,0.127992155717442,0.138692810798918,0.088146916791179,0.150098714791155,0.168210603347121,0.115958394528928,0.0886149462001537,0.133015095897953,0.0924618514673069,0.130051321752425,0.118565562185732,0.0904649460109782,0.12489696071735,0.100541038636014,0.0741208862184016,0.149527476240655,0.0937352148601509,0.0795617331212778,0.117761560113283,0.137511673384126,0.124313599118614,0.113899542555865,0.116732624948284,0.110729183580012,0.130379116136919,0.0899065532445292,0.136382158503091,0.0862695909080942,0.116789364893898,0.12442048139979,0.1004194853164,0.0808484329215129,0.1100798349915,0.148246405358553,0.13183022782757,0.10239455344742,0.127147379822911,0.13686388806519,0.100020212417412,0.114963361362661,0.157395310702085,0.134431838248485,0.138967066356889,0.145927020262554,0.141736255798096,0.179830126039373,0.125177075047143,0.118496543764258,0.134846764314102,0.0871240263848368,0.123387497966392,0.107890464486791,0.127610631187597,0.13820827937406,0.110543809198582,0.138798188023942,0.143858821170643,0.132418502181822,0.139837642713555,0.0997582245492681,0.0797245321429164,0.0267550152244796,0.0732653005165926,0.123841418314766,0.123411123557385,0.168207866460811,0.110152166260626,0.113478408848245,0.074377052515705,0.0873678873733431,0.120120907840512,0.157454255300806,0.0759466602984549,0.108686334380256,0.116063109983009
"cocleensis",0.135430567569281,0.172481407803545,0.175812651841078,0.17787975762943,0.122864114233287,0.0953464522780768,0.197735764253101,0.198140288325924,0.187182159003984,0.126572068824945,0.0895812853938236,0.155621309760156,0.158821626335661,0.166983951750181,0.149673313877663,0.24884749351648,0.238534984192223,0.15619605001487,0.150716291808646,1,0.235687068819802,0.163071790913826,0.217129337681067,0.182553497816772,0.171844230510229,0.0751370193968889,0.147472241377508,0.21384206672295,0.137643240580345,0.113710264365248,0.415121000996848,0.0939635175313772,0.273321687336992,0.147154244232031,0.144495996231047,0.191991243879629,0.0963740808838666,0.0735055240086219,0.205501020838417,0.137331840534563,0.116614078208901,0.171943236155122,0.15752874772793,0.241757699523225,0.317842104364549,0.259976675199512,0.18763873576965,0.184582506120836,0.0933872505054873,0.128852781739366,0.136082758753145,0.183188234361167,0.158891102032164,0.141589922989609,0.272838964600308,0.230699615684854,0.136625740599681,0.20142524988007,0.111030784973898,0.114713144807255,0.181852631352845,0.153139256526263,0.193660822234247,0.231594203099725,0.198838666328757,0.140389687504114,0.194210034155575,0.214764065889077,0.129024329617295,0.163709470461774,0.137446783127919,0.178801792465589,0.11087101778332,0.114759919642214,0.125820488220067,0.183516906833182,0.140682036433349,0.203405397852847,0.207676691253449,0.155415841648538,0.194415778259731,0.175092975701041,0.148800764060205,0.125055637255246,0.0337851654963491,0.110845110434613,0.173277546980484,0.26835254676681,0.187939779791633,0.190705693031087,0.269286797157438,0.0798998353900595,0.158391976603142,0.22775239673028,0.185516199665381,0.162262761978151,0.0952246769232461,0.289063440269748
"cordatoalata",0.244447056432376,0.193912868490651,0.18011115244677,0.222037938698186,0.202259613503766,0.13022769240847,0.284086330406571,0.242051632587085,0.24515872153782,0.206808274835976,0.177406296908724,0.177487035842444,0.229760473033415,0.217758599382478,0.208708189581726,0.241516961247825,0.333684827170765,0.278542759660713,0.114634696946778,0.235687068819802,1,0.136649935656394,0.192727179691981,0.253139592515191,0.153476968093966,0.112974865311267,0.135058276111247,0.348687888286289,0.131358392762034,0.316366844873909,0.319853954834868,0.113636720947041,0.303225973131869,0.198237941090454,0.209881734686806,0.184155064453104,0.122598583411148,0.0908189876841791,0.174905341775266,0.164949541632791,0.253205902270385,0.318774781089086,0.183297823235294,0.232969467832401,0.33863849812088,0.37977818253406,0.267576674351912,0.25628814716188,0.123307603703449,0.165419222657987,0.0887697591156835,0.185034525961626,0.314582753215009,0.158779239427684,0.106285957390151,0.271922497164497,0.172886806115461,0.267210349459819,0.163282567711446,0.12151715521685,0.339835395143089,0.35793851378555,0.294153531148137,0.278499178081419,0.210222251510797,0.292108182299422,0.232907582229179,0.303688497860783,0.125348341649651,0.267871668130246,0.1727702799215,0.220430173422682,0.171905817558773,0.161123846175452,0.168406822961673,0.273022414700542,0.10131181771978,0.222605252579267,0.209608181075797,0.224869848524462,0.357746060334335,0.206319003676,0.248903990147595,0.180279981946866,0.133284644650102,0.280645705891722,0.249272027736049,0.207527610826859,0.165673832274561,0.322455150937977,0.293133471866988,0.111078241048894,0.169900063126467,0.192437321420363,0.170186311407903,0.196058646609978,0.119757658419605,0.353054766732191
"coruscans",0.126451131036545,0.198894468838655,0.127306661010474,0.149498639094441,0.121961317878191,0.0912635476090259,0.170164607506209,0.169310508709202,0.197811021318798,0.124879235236111,0.0676209535906218,0.156939301946331,0.134650325976998,0.168704420058099,0.187836015429579,0.174865928587087,0.193237219586136,0.166969154553803,0.0882307463420321,0.163071790913826,0.136649935656394,1,0.220587302660802,0.171322670586417,0.119074888289297,0.0799567702690169,0.143520569065497,0.156583774585362,0.108585044039727,0.124133925177077,0.175751183760107,0.0964734673901304,0.189730795274309,0.126860659116213,0.126024562207413,0.205794351610019,0.0789804264644608,0.083464189687942,0.128148623044442,0.175862468789856,0.0850046983989117,0.124869093221252,0.132665448697804,0.173551816842608,0.150542791490447,0.138574809908951,0.107743975925737,0.180435915778335,0.0874877774978534,0.149115785400452,0.0968180550452807,0.118600503763804,0.149611737234438,0.194524058905674,0.164723069333517,0.140346155469267,0.119306038089519,0.126471982689951,0.148478088909823,0.091301793879587,0.149727122472249,0.187021283277039,0.123454045498468,0.177308952214206,0.163964098259512,0.152218656075283,0.140595842415234,0.226855517496831,0.143095210568928,0.176519387449103,0.12967570578131,0.15197720191294,0.113209870715057,0.119696213815157,0.147947743657267,0.169405843034516,0.168499413326987,0.138912911458002,0.194698854910152,0.189871437717034,0.170539751714732,0.139989073608614,0.115210998544886,0.100921252205508,0.0234452013740221,0.0842864788284621,0.153185308358784,0.154535693624808,0.159656735020721,0.139716757597189,0.161682372064701,0.0579830494177718,0.107434888754089,0.163149897076934,0.136942743766055,0.0935652594609109,0.108866105251253,0.178004251663869
