"","acreana","acrocephala","acuminata","alata","alba","aria","auristellae","bourgonii","brachyrhachis.aff","brachystachys","brachystachys.aff","brevialata","brevipes","capitata12","capitata33","capitata35","cayennensis","chartacea","cinnamomea","cocleensis","cordatoalata","coruscans","cylindrica","edulis","fastuosa","flagelliformis","fosteriana","glomeriflora","goldmanii","gracilifolia","grandiflora","heterophylla","huberi","ingoides","jenmanii","kursarii","LA17","LA41","LA48","lateriflora","laurina","leiocalycina","leiocalycina.aff","lomatophylla","longiflora","longipedunculata","loubryana","M18","M25","M27b","M30","M71","marginata","melinonis","microcoma","multinervis","nobilis","nouragensis","obidensis","oerstediana","paraensis","pezizifera","pezizifera.aff","pitmanii","poeppigiana","punctata","retinocarpa","rubiginosa","ruiziana","sapindoides","sertulifera","setosa","spectabilis","splendens","stipularis","striata","suaveolens","subcapitata","T18","T21","T29","T50","T51","T82","T85","tenuistipula","thibaudiana","tomentosa","ulei","umbellifera","umbellifera.aff","umbratica","velutina","venusta","vera","virgultosa","vismiifolia","Zygia mediana"
"acreana",1,0.180917798988031,0.155654955911496,0.325469897955387,0.173717480480202,0.191662080775818,0.188250084596718,0.197872096280829,0.19627695723849,0.12552950406671,0.122728674127791,0.275022739544464,0.180829020252621,0.280269278997092,0.284827021619751,0.189484342437448,0.312837474512792,0.331663444630771,0.284268804142618,0.176700661295746,0.172261767051286,0.244552738264163,0.174671116400161,0.240054907185848,0.124180347502751,0.187582972230093,0.249916777410706,0.187274097212422,0.285624552943024,0.230754602357833,0.232911535776075,0.0715119890010775,0.296199428879148,0.345654155108464,0.126453235506969,0.129832004252558,0.23474331759084,0.277830962998994,0.216438508315479,0.288685409458852,0.236202479712243,0.182452790370929,0.105146111270281,0.297542857705355,0.167488703646786,0.159571568729801,0.0958668803582346,0.217671175852414,0.159518184725483,0.185308100975648,0.153502870449734,0.292376964211106,0.271307967730771,0.231214318075246,0.205660020334088,0.165881222381938,0.174083497893041,0.210443006585154,0.244556130195489,0.204138341972434,0.279251688393382,0.240537274992295,0.298057575752305,0.221619169667688,0.190179204963027,0.293537371017388,0.234143798899214,0.298373030505259,0.119614860383933,0.217947604836742,0.216336767593275,0.310727752454943,0.166811747280203,0.0715576591778488,0.168865212894153,0.247126965866661,0.251742643102148,0.230921914881885,0.0743965646164245,0.184967610156417,0.159782858295762,0.297503857935433,0.268960865771241,0.286460327172938,0.1980425408027,0.166285130866364,0.190682584282443,0.157436052006933,0.211752282495098,0.24873634424111,0.147496652670541,0.107787448202498,0.0809357977771898,0.249623224555778,0.165733279582987,0.173476310404587,0.123680232914146,0.30930598696754
"acrocephala",0.180917798988031,1,0.160661260700433,0.180777771809735,0.156157301812803,0.167021097570325,0.216347363671014,0.185458528921373,0.228425369324437,0.109478121466869,0.148637701387336,0.135397139546058,0.123289076809908,0.206404255330806,0.189650632031257,0.161604327858691,0.180126161141682,0.198047461143636,0.15729744606763,0.14212029704078,0.168779350882737,0.183312340268462,0.240175693649503,0.204495598462419,0.143336114150524,0.153360536833058,0.141996184071776,0.168717732781623,0.151637194527076,0.165052067895401,0.14405928763947,0.078639504992634,0.200461948757451,0.174041003092115,0.173241436729873,0.129665885420826,0.14759614481084,0.161345656742681,0.134936226577331,0.16098208863728,0.173201829622182,0.188555711616769,0.11181619993786,0.187110087503209,0.150994197343627,0.170408864007939,0.127513233713337,0.1906015641492,0.168949998072694,0.144914234453103,0.152609235215467,0.171926974552075,0.202078708336161,0.19730451605027,0.166477091359152,0.161654135473324,0.171312839875789,0.145918484691107,0.152145413346706,0.19710729006698,0.203107774643875,0.252063663178379,0.182067348402654,0.170351658475568,0.157036198693654,0.183834059773996,0.136776920868368,0.224001046317561,0.121738264968768,0.197904206986363,0.16681898752732,0.154975353290969,0.122835800705882,0.0775730845068414,0.1954074965847,0.203381589847098,0.132016058010675,0.135265321232664,0.0750970303563713,0.159044037380628,0.168496558252554,0.196281120027506,0.137188152328661,0.172920563627832,0.151133232386906,0.146698438087644,0.165145524669912,0.165015744785964,0.149210773155758,0.200765036725535,0.131308926250329,0.195698062677379,0.0612994036943305,0.183470726832208,0.153584829629897,0.141639428433622,0.0826314419566693,0.213233677674937
"acuminata",0.155654955911496,0.160661260700433,1,0.216174964655007,0.227661411621234,0.182399631074825,0.187714918023744,0.168980793431428,0.18075069957542,0.136032292880987,0.161112618838175,0.200931889716689,0.169028976088036,0.206948411153544,0.178733818726508,0.230612091130706,0.166214805125332,0.194723137579241,0.181485976752919,0.157369803065796,0.198156797319009,0.185128865574235,0.14240981118448,0.166341020818886,0.188813704381456,0.178271474722462,0.161949371072797,0.170995924699115,0.17252701122475,0.189752543895975,0.175028578164071,0.160611583291744,0.181595141893489,0.193781629015972,0.208713141667415,0.157995545209902,0.172364617448749,0.247358029130232,0.1156128657142,0.153358982415138,0.20241693863172,0.172461198483153,0.118460724254868,0.164335495166882,0.186254982111514,0.131860484456794,0.141970951250761,0.281529794296083,0.137956397827842,0.196598991616895,0.193691527658719,0.220868659629572,0.191265338068536,0.215237047724036,0.137386614905623,0.159069220350649,0.234440553860464,0.16993977718161,0.134677137158691,0.202399919140521,0.173603164455588,0.275223967663682,0.217437071377144,0.241289181232142,0.217854388854613,0.229306575593591,0.15426612679168,0.205802416138778,0.172466315116152,0.217571705844341,0.189903389481794,0.164415116660136,0.227846228307943,0.126081166999511,0.19100041718131,0.212979241377392,0.155652499983382,0.141701308443549,0.119960320039875,0.187374818549506,0.244629664825101,0.189940043565824,0.152751900018161,0.122707119516048,0.153057249741166,0.223554585101386,0.192363993625675,0.193883010019926,0.147354445538411,0.221456222727344,0.129037923826134,0.100365048160953,0.0882724722076681,0.201145310607364,0.206186591022233,0.141049947450466,0.129839546809677,0.245108961738774
"alata",0.325469897955387,0.180777771809735,0.216174964655007,1,0.307506338766679,0.183524221698718,0.243189800883252,0.218797452875533,0.27920256704175,0.143998844930027,0.130441015955023,0.297155679258266,0.290809998122245,0.349698414379789,0.275093288109078,0.212063905766015,0.292252804165227,0.374650200398572,0.31626899340208,0.239755003788214,0.241165610083979,0.236503435918318,0.238701567537171,0.27774597450057,0.158295182257901,0.225191438688134,0.297670691611141,0.204839350341713,0.29250525059029,0.16909195436983,0.194366274313339,0.187380781492183,0.320853637378609,0.356923482334442,0.16032768407492,0.169959958010199,0.162939744044528,0.379721224581008,0.189512568732645,0.253434267664172,0.265955132909153,0.180455009404991,0.13558707733987,0.281115280882455,0.183471537914661,0.172039943069667,0.12677707102667,0.278600697078747,0.172158421287867,0.267738415128236,0.187189935020171,0.319052685977769,0.287930783563418,0.215380159913084,0.190195767405283,0.17943064462903,0.269146115410082,0.261424905758977,0.214638062699924,0.188638701783719,0.251267609784546,0.305133086507982,0.353722750001149,0.340968768736446,0.218554088122705,0.388528627101448,0.283329209285282,0.346403978312503,0.148988443090457,0.301567199299382,0.207206175413977,0.334577423140085,0.279181538898629,0.113704360401619,0.22407276898671,0.263132367614701,0.318119861965429,0.22973674124134,0.12609735202245,0.288899124251921,0.215994625936384,0.328971989157394,0.277828840273307,0.206749633709596,0.206744590917411,0.175931875387482,0.198696359818642,0.207780202902289,0.278319551242822,0.261628429466427,0.158804171799331,0.115590196345913,0.0845080842895398,0.245069218823471,0.240843170319775,0.194439791364007,0.188717377492759,0.302352659196973
"alba",0.173717480480202,0.156157301812803,0.227661411621234,0.307506338766679,1,0.187389959042631,0.204074109815152,0.174107959524004,0.201584682321679,0.236748108419954,0.250506303466723,0.281755524992557,0.259211250991114,0.234814892955387,0.175500601791471,0.161684570291764,0.14596967972934,0.211795529780622,0.166106451481436,0.147585325794525,0.209363489723755,0.189588242508293,0.166240207863331,0.157565306224865,0.177765750038262,0.278707238978405,0.172142188392454,0.152737310674312,0.135756158978955,0.156676613390011,0.14956240130644,0.391410853276893,0.203896550755316,0.185570032937658,0.297456235528024,0.159433685398451,0.188805805929648,0.182135121002968,0.117877705616179,0.162344537707418,0.272818489375349,0.180670480135927,0.0988958754693336,0.19916881632812,0.234305366232972,0.138592597931334,0.243425631506313,0.26559304770956,0.255033650308992,0.328744706468774,0.190332421113547,0.194157987498688,0.183777175107292,0.161811847823,0.146798694721437,0.133147752888025,0.302068984293695,0.179323519518327,0.248429679944318,0.145564606799456,0.149166295446887,0.310796491569295,0.217037164351722,0.437155031753792,0.275628620204307,0.388428349482387,0.146618133150497,0.227745356729009,0.200540579110515,0.228852101164404,0.297563690945444,0.184349970069104,0.385890647744654,0.165307529577999,0.181288869985034,0.233280373519941,0.144917837010156,0.130507959061893,0.216019924882567,0.303975607893056,0.27914976378577,0.237831932751467,0.150336455310049,0.13853694142418,0.138809799072948,0.123011912814288,0.155748214907389,0.167068441967062,0.164664762010692,0.33965840917824,0.134074433402071,0.186558704915105,0.0794063579452398,0.167837813971673,0.207231275891596,0.266436127225685,0.235563771064421,0.25170451381461
"aria",0.191662080775818,0.167021097570325,0.182399631074825,0.183524221698718,0.187389959042631,1,0.204032993786811,0.201919683209195,0.177944862686296,0.113444325386541,0.179905747174544,0.175120656143685,0.180154396012385,0.1796559244182,0.184165865534049,0.249264867389451,0.224946339277852,0.217556270965686,0.185851473930908,0.1488787287747,0.173588041225768,0.160733727819231,0.155778813053995,0.159591715261341,0.1155311395273,0.131112681784842,0.191124348312928,0.205921061116979,0.194375713030571,0.178972375536735,0.200167677171874,0.0835552317354121,0.232913733171034,0.234628569483157,0.126338196031303,0.167379340295455,0.135172018158583,0.200498366704383,0.206707203037559,0.203937302894008,0.185666046570545,0.145419971753314,0.12410649241312,0.216157665737957,0.110087597345333,0.118486860968452,0.106941727198707,0.202451667123537,0.10654538763508,0.157729523993004,0.162752522342213,0.226768472042921,0.254254761951156,0.218458861459605,0.166820842446394,0.13872087166988,0.195503717728289,0.134250810990019,0.153650720904069,0.186525417419679,0.186286637701419,0.17109666719984,0.21897711800288,0.179069165580921,0.1650968334795,0.159677892144878,0.213121422084457,0.204611364006992,0.144873762859166,0.179153395615031,0.191473144775186,0.205616175740106,0.139598691516548,0.0779963795500673,0.197461305200688,0.176835103526579,0.157276434002321,0.176773901297513,0.0759040354427597,0.133104165586769,0.170880516742643,0.215115933205932,0.172521764347167,0.143221548539915,0.172682832031546,0.204831732920335,0.194018093016577,0.199075057666582,0.127822144422688,0.218543087642129,0.136116702688086,0.110682394236777,0.072354845621409,0.275382359130276,0.161121293509943,0.126434512242188,0.0964204672194979,0.184803590927568
"auristellae",0.188250084596718,0.216347363671014,0.187714918023744,0.243189800883252,0.204074109815152,0.204032993786811,1,0.178312973001437,0.211915242054383,0.14262246010339,0.163067072376397,0.163547514495221,0.165371407871769,0.284938298117576,0.245766663476638,0.260583381685706,0.183999119174103,0.238601808380834,0.179443910038941,0.158558640584208,0.275407059028566,0.20751451719922,0.173366074695853,0.249894077515583,0.161528813544781,0.200661068756463,0.169135017047204,0.228216549639512,0.176372210547426,0.245848815034307,0.232544473877196,0.13614287624596,0.257000395493273,0.204693840083187,0.189837793995433,0.18081747028138,0.167344328361305,0.195155214189534,0.155291744340602,0.162767089493836,0.191827411835634,0.193216709057757,0.134920377940388,0.228485469052409,0.173430597705023,0.169903564137892,0.154884050340882,0.235043850321571,0.13736603071907,0.18894126286914,0.182485104014407,0.270618729749778,0.243569733190257,0.1981628378659,0.164309880391824,0.195881577062674,0.24433937815884,0.172850247737335,0.146072203302296,0.202957588618886,0.187737542038852,0.239731381740902,0.232700206429255,0.218756313138451,0.231292353998816,0.218452515530997,0.157911560156741,0.290656748248313,0.170593437159584,0.305487692292825,0.179499793366846,0.180617088736633,0.164079999864681,0.133410112190587,0.230915088893862,0.232445121700884,0.167954203081922,0.165068194254129,0.113340866708628,0.189294461752684,0.222420800608587,0.232345602863271,0.157766262171606,0.157091908194712,0.173957266094861,0.180449029919795,0.223208163227813,0.252159460645797,0.156442613994504,0.25394044765066,0.168923429152424,0.1210970768829,0.100811364013812,0.202995548510339,0.262809109294052,0.144608612348939,0.134730156502466,0.263427262844996
"bourgonii",0.197872096280829,0.185458528921373,0.168980793431428,0.218797452875533,0.174107959524004,0.201919683209195,0.178312973001437,1,0.197509586629409,0.132227339040359,0.15190492222157,0.192340472498235,0.195795002355469,0.192251555781791,0.17408613976108,0.225349539711697,0.212517371621744,0.243586528605388,0.194021992718193,0.154469441820266,0.167160959600285,0.186279331614586,0.176945114108932,0.203146107493891,0.137293857088,0.152450457014762,0.202771590845241,0.169262864658685,0.200449850523228,0.162389392559016,0.16097928575978,0.101520742785132,0.23651140845175,0.235393883295587,0.116711887317959,0.177076680548905,0.118232442667077,0.184919893091912,0.165266509158926,0.177106564204585,0.155694591978213,0.137818070556186,0.107135563109256,0.242052426830706,0.128150212756025,0.187230559043078,0.102300511645466,0.186282538582441,0.103730800034055,0.167673888976359,0.158884377051274,0.223572922452245,0.294156665811681,0.177039792315106,0.156338512888225,0.127545062958903,0.186870275943383,0.149927208004139,0.154665355064835,0.167552421610305,0.220907736844469,0.183972906175367,0.209417934424181,0.167332395007981,0.183900290429909,0.175380996473538,0.293812949100574,0.206839793633783,0.136377104757225,0.184159870462948,0.20021854821137,0.214716433756059,0.128527716818382,0.0767491997249528,0.157220860699064,0.180879935415735,0.192596820015179,0.170525938007436,0.0711773729938524,0.130002379266509,0.172969832027878,0.245366988795015,0.170084243951672,0.15967150372971,0.159836689365338,0.133316805374666,0.183592668287101,0.17234600607874,0.132928920139953,0.208285586596099,0.146972491001647,0.130799761474372,0.066310945318302,0.219797491748234,0.19411050227694,0.128014405404631,0.103540152436537,0.184049138149846
"brachyrhachis.aff",0.19627695723849,0.228425369324437,0.18075069957542,0.27920256704175,0.201584682321679,0.177944862686296,0.211915242054383,0.197509586629409,1,0.13220855279461,0.105545250411268,0.199822034780421,0.174796974992684,0.231029840128763,0.175695204568029,0.208160250382144,0.174114362503674,0.230303005680197,0.21326285127605,0.209239894517405,0.196948091678203,0.202813362293086,0.250827109957458,0.253434406191473,0.148497064622726,0.175718930610037,0.188316702778592,0.181921163730623,0.166112029160096,0.137243886351067,0.137591264167057,0.151529100201173,0.222884246145866,0.213782178298953,0.1353831371138,0.168603887507745,0.13263767925516,0.180460399613116,0.141436442103719,0.198830857107907,0.213886045977083,0.15305953930564,0.119572346483717,0.200744445236143,0.149980480317901,0.194598250473108,0.123467851690878,0.20219774955053,0.119964921583017,0.18758597799771,0.157908514592629,0.215612117395742,0.21792939685681,0.167013956080484,0.223827653383252,0.159467574428413,0.256913684443799,0.191071371716439,0.147897961942766,0.175226587339814,0.187388615714569,0.238689576775945,0.25008082886133,0.262874936259345,0.200806210946422,0.241253368503885,0.189733485252339,0.232484452605734,0.147614154347284,0.221871035402565,0.158731282712415,0.207533121744229,0.208535876174835,0.0980772282896236,0.199937751030888,0.296526071078624,0.228494681085787,0.173624321152705,0.110664745841231,0.180676268524871,0.18171750527245,0.221289278319133,0.189142036505988,0.170323117704009,0.177635979222539,0.153012831293702,0.191379253959496,0.162954454354986,0.164653802571169,0.232518767737286,0.193086209736364,0.17786711483808,0.0775487831341212,0.204299130631264,0.174370615771014,0.156309968709329,0.137672926029945,0.267343306304037
"brachystachys",0.12552950406671,0.109478121466869,0.136032292880987,0.143998844930027,0.236748108419954,0.113444325386541,0.14262246010339,0.132227339040359,0.13220855279461,1,0.321383198442374,0.2932811998323,0.242578733598172,0.151226394425946,0.119403212368541,0.130274647416339,0.15323507483506,0.147817203779199,0.178414561223809,0.103223815498596,0.148326626184863,0.143230362902364,0.111035046326671,0.136795918552365,0.10802805832349,0.306874474707885,0.12997285762404,0.147320729790383,0.134396484107533,0.1159891172576,0.178530441966588,0.320366806536285,0.1690871569907,0.1451903238145,0.320282497125742,0.111476307905301,0.101401420677368,0.182802179908846,0.108737881239559,0.131918855104188,0.336419364372763,0.143073427131128,0.0668663590347755,0.148384794840629,0.131503809828597,0.0994888435265811,0.353162626340741,0.1909172239937,0.28015877140549,0.288448483999236,0.11851754558913,0.173552596459588,0.165472781147006,0.146862891635946,0.118059384128089,0.167669646955459,0.140089469246351,0.121370557905721,0.248017381409168,0.120989996166923,0.14193032673563,0.177914610005644,0.162188536970339,0.14115510884037,0.176156095760891,0.160611747491568,0.123224179524307,0.203565139354436,0.120375230962089,0.155738869374202,0.299100905366687,0.125233093320017,0.121678948500114,0.0915855512611815,0.172757251176894,0.144561067319109,0.103744847296796,0.118205418445496,0.0730429031554498,0.126441731939483,0.17468845705175,0.173294139088572,0.138749317308542,0.109454954963369,0.16880543162314,0.11725640758615,0.143728343492136,0.12846077483091,0.0993148757274532,0.295882977167756,0.119424728180103,0.243941557889716,0.0676795920729499,0.150853984703543,0.12442320694053,0.362928241823674,0.0922839969957664,0.181764434226358
"brachystachys.aff",0.122728674127791,0.148637701387336,0.161112618838175,0.130441015955023,0.250506303466723,0.179905747174544,0.163067072376397,0.15190492222157,0.105545250411268,0.321383198442374,1,0.264007144095958,0.219106581883703,0.132122761333037,0.145457858014713,0.166380579053885,0.13633376284574,0.164006177389696,0.121741366423285,0.102086682867513,0.141731071018487,0.141529475559681,0.127755415600287,0.171587051205879,0.104948926087637,0.293565088987574,0.12504967476837,0.132468932850379,0.123358112891371,0.153193533378713,0.174637754173647,0.279676784780439,0.145246274444571,0.146445836276389,0.30662414372796,0.191677217184913,0.127020713926571,0.173562531411518,0.108242550582829,0.113525584049734,0.358757085909764,0.144980891345489,0.0856403812950077,0.13617836929439,0.10345922165924,0.0867248380084469,0.321412700672938,0.180931732715559,0.281542181429987,0.293882833249634,0.172348099062919,0.136797182413182,0.131214980000959,0.149576793240978,0.116817165307439,0.114924014076569,0.236593266929837,0.102477150891023,0.247971545159533,0.165499138749567,0.15084632063465,0.147951628037503,0.180683600868457,0.127753936935944,0.15125965931255,0.151253125875738,0.105719865288182,0.167316461770215,0.226669122333884,0.153059203623595,0.391862088880657,0.117279178249082,0.141895992413953,0.0680077281230506,0.161650789524278,0.135537162523944,0.103313321499427,0.114320583948958,0.0647871380839655,0.123140486340118,0.157738335766464,0.163449448595987,0.106908524859381,0.113499760834795,0.125137394609729,0.161864197887281,0.135126043123773,0.181348787919116,0.102944964993018,0.313944440823376,0.103732898899283,0.260500578616869,0.059570859482712,0.163028316223723,0.123885542745622,0.307144497068761,0.0752527789834479,0.144461669008011
"brevialata",0.275022739544464,0.135397139546058,0.200931889716689,0.297155679258266,0.281755524992557,0.175120656143685,0.163547514495221,0.192340472498235,0.199822034780421,0.2932811998323,0.264007144095958,1,0.301802183976876,0.249115998948239,0.259924611217993,0.17795323200915,0.277330142358969,0.312794675331886,0.323264567445482,0.212520538290816,0.180261232221825,0.206977636207805,0.176339152661785,0.168975076344891,0.133151682467427,0.362459871659929,0.296255132504538,0.163059006365165,0.232169127889945,0.144808879186904,0.18623425889829,0.254260305866018,0.269591951286136,0.366218611166815,0.27897141585155,0.140417805484892,0.144313613674061,0.252586798979566,0.174897663592835,0.270084768528836,0.414732124255905,0.161420498335382,0.0909994358645566,0.277734210820935,0.136155106189618,0.109333505588645,0.257048053683762,0.258271054342751,0.292869045002233,0.385428822023679,0.173112077441153,0.328430207767253,0.220698464943053,0.198987853303164,0.140983174463872,0.138256795904228,0.208990919257737,0.23211643052034,0.367705051324341,0.157566390649074,0.212121763631436,0.279770418335161,0.311303544128785,0.248685050888224,0.158212248828709,0.277572298554679,0.322114186049479,0.238842310715082,0.141236594179339,0.221255029945063,0.37328622652616,0.32502004419764,0.190420123125322,0.0886181598821199,0.145429560363892,0.194864344422046,0.185941986941108,0.234400519826112,0.0955143975436503,0.188202089042975,0.183681663636336,0.376696244461926,0.283596841798287,0.172049130411586,0.215588104270053,0.145063814545477,0.15795553023997,0.15305911032525,0.198096201453671,0.375478148550203,0.131908011331368,0.263892784148755,0.0650212024333496,0.234649851550499,0.181182280510118,0.33661218719484,0.199014105573721,0.249867491461581
"brevipes",0.180829020252621,0.123289076809908,0.169028976088036,0.290809998122245,0.259211250991114,0.180154396012385,0.165371407871769,0.195795002355469,0.174796974992684,0.242578733598172,0.219106581883703,0.301802183976876,1,0.184945598981779,0.179022056672487,0.18432319155284,0.365832639740223,0.224801063744014,0.184179043354913,0.131728290921949,0.172942340749444,0.157919221470702,0.143447207308004,0.184579568052374,0.126856675111389,0.245207280201681,0.307283192973843,0.160226887890577,0.308526391483849,0.134224389674933,0.156763403453563,0.221994255687668,0.213108091759287,0.249276337887552,0.232349478125692,0.160619172048108,0.151983215400184,0.292611453438109,0.162072532215322,0.164884402784017,0.246224864818918,0.142128016723014,0.0821117007609368,0.19119047012756,0.165347610601221,0.123279560262458,0.20119868774567,0.189344956672226,0.206092141921005,0.457528827977386,0.147740083264688,0.221426257619811,0.208538278665163,0.191467852218975,0.126619769937002,0.142619590456952,0.184634232408334,0.15690195806105,0.247764331084999,0.130136888666119,0.140597168238773,0.192378577585787,0.204765915001249,0.1855468836533,0.145111145219465,0.210944403636402,0.350028418267754,0.222025842834147,0.131612645994894,0.166955233022857,0.246031361471532,0.192460246959233,0.173341651406501,0.103950034043688,0.136365431900403,0.168125149554089,0.205498846402033,0.168792691690696,0.10132034928436,0.18631366182614,0.174981904322013,0.241559900648284,0.189374573110403,0.12731017616155,0.151292031130907,0.125719609736503,0.14783685521831,0.139572585663968,0.134135893282787,0.273172101870056,0.111603356495639,0.206244424148422,0.0635207035189012,0.184767747699595,0.205743126816088,0.226507972388352,0.154008871136146,0.193180248291685
"capitata12",0.280269278997092,0.206404255330806,0.206948411153544,0.349698414379789,0.234814892955387,0.1796559244182,0.284938298117576,0.192251555781791,0.231029840128763,0.151226394425946,0.132122761333037,0.249115998948239,0.184945598981779,1,0.24576575463743,0.217625764454958,0.210621946825826,0.338393797828614,0.283187862299447,0.177439059700741,0.311142034808259,0.244564435617483,0.180365917733505,0.222329376913106,0.165198338645391,0.224703111760799,0.221518511438598,0.172516356463964,0.206538753376568,0.190792299246381,0.198821896826076,0.133260629564727,0.271607071524152,0.287095525019259,0.176777644898416,0.175227298409991,0.173059992124004,0.336683034827266,0.212887531546712,0.236677334147186,0.268759898526074,0.214650480583197,0.0961526880155657,0.255512251084685,0.2003332702831,0.152586314406117,0.124474091408053,0.311897450043477,0.191263827748037,0.199598267717633,0.212414674837145,0.324403768496963,0.249088579740728,0.20519710721638,0.158780961858292,0.150330955652628,0.256415301097438,0.260912786503596,0.210552864775193,0.186199538632834,0.228007548380502,0.307795043042933,0.333020325680071,0.313493630739123,0.216405332753593,0.323979141720298,0.190724662364769,0.304558762814631,0.15466692708824,0.255050646467141,0.200385126383167,0.279788667189906,0.219646759218019,0.106508419721633,0.210839754905931,0.265935249732964,0.225473046878267,0.23137474344976,0.117535598835072,0.302608668696169,0.223718953342169,0.308239791770446,0.259880197108236,0.182765901487878,0.17693240522517,0.144310322010344,0.180726930037644,0.182458210268709,0.27266160691169,0.272411360024692,0.145817521230416,0.106198038154919,0.0617051957935026,0.251968096551922,0.222838713996724,0.201927405712233,0.189967089370719,0.285090682410417
"capitata33",0.284827021619751,0.189650632031257,0.178733818726508,0.275093288109078,0.175500601791471,0.184165865534049,0.245766663476638,0.17408613976108,0.175695204568029,0.119403212368541,0.145457858014713,0.259924611217993,0.179022056672487,0.24576575463743,1,0.213497713853195,0.254525525475172,0.295044080407992,0.27361422591089,0.163687876796623,0.198128340445203,0.219370766201981,0.167832434373239,0.199054985889008,0.128271872730671,0.204996910803136,0.236391219170712,0.191310787488042,0.22555402976657,0.181437236654741,0.163962395578363,0.0796545441386088,0.2711899256909,0.30901765118411,0.149558483319533,0.162193053299738,0.120314184019247,0.20279283319228,0.163510222028085,0.273037525731189,0.266485980921679,0.200316992472773,0.132401128246223,0.270451589971823,0.138526854972457,0.126298263780999,0.109770000254936,0.25421364329527,0.123156070588449,0.169234486098134,0.209120599937668,0.309541175074019,0.234925656509888,0.200214359312279,0.147016697610296,0.148575883175477,0.196155639788664,0.200361604979553,0.275613989944804,0.205752361514708,0.249850687149002,0.256061674154441,0.324118695005267,0.220938045526497,0.173221236614758,0.247125187036065,0.227192128919357,0.247295414632364,0.159438896813051,0.235659932625148,0.231481506941627,0.279557179555597,0.161569209482814,0.088665986808155,0.179737515258524,0.193896606669327,0.20114187037494,0.192390140093887,0.0766531226295851,0.187454506290348,0.15694922075054,0.306818056579641,0.249727675923456,0.186679110154734,0.186886127809333,0.183216625761567,0.180459414113192,0.178528328737019,0.193880584331788,0.23803573664134,0.162828448149275,0.100131050438756,0.0658667314990042,0.249667868737559,0.19739096963154,0.176472799895801,0.121429528166769,0.215711419289385
"capitata35",0.189484342437448,0.161604327858691,0.230612091130706,0.212063905766015,0.161684570291764,0.249264867389451,0.260583381685706,0.225349539711697,0.208160250382144,0.130274647416339,0.166380579053885,0.17795323200915,0.18432319155284,0.217625764454958,0.213497713853195,1,0.190112116844741,0.240747489198461,0.186035943078022,0.168430441878019,0.224275002403532,0.233244764041801,0.188760811856112,0.214867250892088,0.173484129465359,0.155285997892612,0.195501163187141,0.223323134610611,0.203931370779216,0.214532254265006,0.213255108790868,0.117084283931827,0.280675698755527,0.223175215398995,0.15950486298375,0.154084100324449,0.141444684694635,0.227448062868239,0.161734539391158,0.179133980351601,0.179997108987091,0.162016161394157,0.125260756124698,0.246639526513836,0.145057976713278,0.167524855014873,0.122337449283484,0.208480003398359,0.114409257652662,0.174482732736924,0.189150062553539,0.272038544581159,0.269457647457048,0.209289347930772,0.183645733915595,0.191964298401804,0.221543697870501,0.198085765464895,0.151615445118091,0.21573624777726,0.201323936902969,0.207331812951942,0.247113488254363,0.164478366714677,0.17167276984876,0.188573371556935,0.187646396903707,0.249461581663135,0.151419337079141,0.234040656872966,0.215440490324621,0.173437162767829,0.153702985242728,0.0868561646402831,0.210317531805285,0.205571498695403,0.173137599671764,0.16245079692574,0.0811890182590671,0.144723300350009,0.196266641203942,0.199005193114265,0.176113581712208,0.160190175472658,0.185644544292903,0.190574695108876,0.26117385111569,0.198035364520709,0.158647393477191,0.231247449709782,0.179172519496349,0.118461549339673,0.0818127923787488,0.220354708726934,0.202491556432677,0.15569436488363,0.108014427311164,0.209879733177053
"cayennensis",0.312837474512792,0.180126161141682,0.166214805125332,0.292252804165227,0.14596967972934,0.224946339277852,0.183999119174103,0.212517371621744,0.174114362503674,0.15323507483506,0.13633376284574,0.277330142358969,0.365832639740223,0.210621946825826,0.254525525475172,0.190112116844741,1,0.294276978618178,0.297888670237506,0.15719014236698,0.157707501154751,0.20096910567491,0.21696540995021,0.225260772244464,0.126516926540492,0.21054870923891,0.403753935262614,0.193370206295433,0.446743665150023,0.167332374157517,0.194490259452324,0.0868830030651166,0.294498227519062,0.37951322094149,0.131276104641589,0.128688495906504,0.155904408531588,0.278209170696657,0.23310080380094,0.246976489793927,0.212507778658899,0.179778708993523,0.119852308589134,0.287358467121985,0.114605710630865,0.124066502388969,0.121414842221848,0.229466786310901,0.109892483708003,0.319593529222188,0.164661423526207,0.296073566838276,0.280235542911869,0.218830388878488,0.160244941313598,0.162942723375455,0.174278349041077,0.172000855541318,0.22918598929667,0.183326355623563,0.249892048767889,0.240519860179829,0.28714055229511,0.184073580555717,0.158809262750731,0.206309709179354,0.460693026038993,0.258154926503908,0.149233717914513,0.201938544288567,0.203403789017747,0.276144973390015,0.151446366103512,0.0792835073082363,0.193896616376125,0.190814307738784,0.263632602491694,0.222810214184983,0.0594306665680889,0.137580973463729,0.18854012751646,0.286901602222719,0.256202050797023,0.165970233417725,0.232692937545069,0.157572710073293,0.185896647273082,0.15848565763379,0.150771750422836,0.21901863313559,0.136094398255363,0.118702873885189,0.0714603728427962,0.261459996577583,0.184509715983417,0.184223804728037,0.137522170508967,0.244154643713685
"chartacea",0.331663444630771,0.198047461143636,0.194723137579241,0.374650200398572,0.211795529780622,0.217556270965686,0.238601808380834,0.243586528605388,0.230303005680197,0.147817203779199,0.164006177389696,0.312794675331886,0.224801063744014,0.338393797828614,0.295044080407992,0.240747489198461,0.294276978618178,1,0.319646696938707,0.222421002894381,0.219211111429208,0.254170045834075,0.236334531322083,0.2405207964652,0.140039609236434,0.245932513308511,0.328126925424016,0.22383553853337,0.307521084511723,0.168814750731711,0.207130094101752,0.102928810676057,0.379790733926831,0.348819079281097,0.173131191779713,0.174308447242353,0.142508261538758,0.312067009544009,0.228918191124861,0.322240655465872,0.252539200922888,0.222045275930086,0.12645194684585,0.351591016067029,0.145833928669493,0.151466444644994,0.136194734805833,0.301805467510741,0.184076363332983,0.229636255192441,0.225849104593083,0.317685729524524,0.297758602051616,0.233094187591422,0.169354299783815,0.181806864280714,0.243423736351914,0.238787967137485,0.232280198766076,0.214607983527007,0.26489893979852,0.306385904581361,0.355475766930114,0.253047061774882,0.174254001606291,0.283715415284677,0.287804758450034,0.324377453120457,0.161974511816463,0.274157582119221,0.251871155916094,0.315495229920248,0.198392629152101,0.0873938178288668,0.242100312892781,0.248667513441773,0.250672155121009,0.25431156330615,0.0923202435734818,0.234561948597632,0.197958885188001,0.327880901690595,0.284304280953034,0.224229733227427,0.228947481586514,0.176327814979322,0.2028787337671,0.215153367336215,0.252413726138207,0.287914110634704,0.159633591550597,0.121498281986789,0.0830647378842199,0.280470024463917,0.204016314590091,0.195737465557788,0.173291973811003,0.275961932142449
"cinnamomea",0.284268804142618,0.15729744606763,0.181485976752919,0.31626899340208,0.166106451481436,0.185851473930908,0.179443910038941,0.194021992718193,0.21326285127605,0.178414561223809,0.121741366423285,0.323264567445482,0.184179043354913,0.283187862299447,0.27361422591089,0.186035943078022,0.297888670237506,0.319646696938707,1,0.195576666247866,0.186696504670854,0.237544706745227,0.185768114322125,0.217905287225493,0.114485307452413,0.261393920950587,0.254099409223703,0.182523518490867,0.239531404723594,0.136002259050935,0.191141297540358,0.0854064831448719,0.28298816124681,0.40782278717048,0.12549741985131,0.140015244190687,0.134764748065759,0.288852352763465,0.191973388466529,0.349936840952135,0.294344332247479,0.189697756581777,0.122732444880711,0.280189332047718,0.144514335925238,0.120722812102008,0.123981770589058,0.292157559743126,0.132297847760122,0.177132453133025,0.184004045034623,0.324632028109294,0.26869669454841,0.214536544944964,0.187691728690424,0.219820724191102,0.199553264218959,0.223037772374514,0.254536022383398,0.201398313600679,0.286605514220352,0.27806839148506,0.388884758065086,0.259333660161133,0.161852011054885,0.275894679007716,0.228127177823191,0.255602673612901,0.130788631460132,0.202745744959831,0.211128569097977,0.418913071765323,0.215533958896023,0.0953596533570989,0.222789621945266,0.202071566588981,0.232437752209391,0.213855174443769,0.0740150332791356,0.220500874025439,0.191449119482739,0.389026263591856,0.350790372474626,0.194833906211016,0.238846465021412,0.18252796820402,0.174515816637812,0.175073678043193,0.248777964274029,0.240130158514288,0.166211319398138,0.11624169966939,0.0752546215636332,0.231359305317668,0.162316878263958,0.195256105042328,0.149449451858362,0.262211719445603
"cocleensis",0.176700661295746,0.14212029704078,0.157369803065796,0.239755003788214,0.147585325794525,0.1488787287747,0.158558640584208,0.154469441820266,0.209239894517405,0.103223815498596,0.102086682867513,0.212520538290816,0.131728290921949,0.177439059700741,0.163687876796623,0.168430441878019,0.15719014236698,0.222421002894381,0.195576666247866,1,0.153124386255898,0.18631113510309,0.200525177275767,0.248196193470742,0.122865630884146,0.155066665850507,0.179536963811982,0.17205990972384,0.161548138068411,0.12992000705129,0.134743766058716,0.0752899938442454,0.192142576310282,0.196935790504179,0.123243744658667,0.125425482546355,0.104979946618885,0.168818660161645,0.164273462622358,0.184383051869251,0.210134495755672,0.152732849494002,0.118553497442646,0.180828787893267,0.115666888612169,0.24781478322423,0.0939555239585887,0.201148894357655,0.108244062469793,0.14493265403369,0.152250400348701,0.187978751139744,0.191917595013633,0.162752418888284,0.259933496857677,0.148292645683089,0.187661739138818,0.220719894473517,0.170479224600508,0.147675990037381,0.191511472848435,0.19344921560512,0.22713165269739,0.180566348302193,0.128607789482234,0.162135774946504,0.203291136913706,0.196757467499738,0.105042262013439,0.233714899859426,0.145024810322552,0.180531908392514,0.123893303225869,0.0706503989263331,0.172071889426354,0.238148076397093,0.287954059077374,0.142326999244405,0.0582746856976365,0.149117124904414,0.137553397913368,0.183875284536417,0.156294925672582,0.19807220591722,0.1668114371629,0.187639773634391,0.16000479092441,0.165735898473879,0.174207638507953,0.200008048973024,0.125841942435154,0.10986319136179,0.0868760579406512,0.206621416293611,0.134246040409122,0.138933595568475,0.0890907725934729,0.181628502561059
"cordatoalata",0.172261767051286,0.168779350882737,0.198156797319009,0.241165610083979,0.209363489723755,0.173588041225768,0.275407059028566,0.167160959600285,0.196948091678203,0.148326626184863,0.141731071018487,0.180261232221825,0.172942340749444,0.311142034808259,0.198128340445203,0.224275002403532,0.157707501154751,0.219211111429208,0.186696504670854,0.153124386255898,1,0.204724942584881,0.167747918994779,0.208549983638602,0.22422052166504,0.181058110581356,0.162747515217445,0.223271436697403,0.161849434462441,0.159096951993193,0.160661727346057,0.137841081821289,0.211520188418184,0.185664353691275,0.141234970151408,0.149485181367269,0.135890538967557,0.200773049943434,0.126819359123304,0.170107331811627,0.187740586378968,0.206880053270045,0.0894990670901877,0.172846960415339,0.170388647330501,0.15586673156203,0.134132831974528,0.275070908696783,0.163969939214603,0.176417179180122,0.216956115416406,0.260158768190658,0.1907410134221,0.215183630635377,0.140400262123012,0.1500216049681,0.23215108841298,0.177561702960968,0.14580222726564,0.167728338895027,0.198985303014197,0.280813904338314,0.227030155789398,0.24481701995546,0.218122965586007,0.245250218644085,0.148266799416982,0.249746290110891,0.155201274301114,0.261449451701194,0.147938244233328,0.179162534876731,0.175442418353203,0.118168476082787,0.224362927288572,0.247852890461207,0.150121681640781,0.144988658111049,0.123759317365351,0.228399860554527,0.197951330686816,0.197973769642718,0.169626936477807,0.156778153558547,0.182248668830664,0.163572207453971,0.184352229456947,0.15798932436016,0.169130511724216,0.217421195444069,0.150506500383707,0.0920847431855913,0.0608043626260189,0.176517905659354,0.208484930168305,0.143292154489296,0.164257648172785,0.252727243459059
"coruscans",0.244552738264163,0.183312340268462,0.185128865574235,0.236503435918318,0.189588242508293,0.160733727819231,0.20751451719922,0.186279331614586,0.202813362293086,0.143230362902364,0.141529475559681,0.206977636207805,0.157919221470702,0.244564435617483,0.219370766201981,0.233244764041801,0.20096910567491,0.254170045834075,0.237544706745227,0.18631113510309,0.204724942584881,1,0.160936261358096,0.205731068480335,0.15185244494959,0.187500102653294,0.199864285792237,0.216835615836965,0.207666214693371,0.181703213249734,0.155543856204869,0.129894217399242,0.256805925835093,0.225277728630092,0.168054889714785,0.160491861293625,0.153824485033694,0.229859357957789,0.170168470324142,0.203123786657784,0.212595344772047,0.205871478651346,0.109378926468936,0.218908376244629,0.150390200473861,0.154916754980615,0.144156490748639,0.23886591699664,0.147838161942529,0.188732048159707,0.181908102691877,0.227230909786947,0.219526760454891,0.233137993866673,0.178839689368132,0.292044063934215,0.26886052256791,0.265816918055787,0.174026254336575,0.227826834920512,0.234249398847739,0.256048628158097,0.313405085712461,0.218243500149544,0.173643248520938,0.271226342255135,0.171473511337123,0.300449309815548,0.120452019029796,0.245420828170308,0.31074999265871,0.212353829293439,0.179461170422687,0.0932552228308304,0.18687249185669,0.244557272514193,0.20735507640836,0.204391875281995,0.104128449286495,0.176746172713179,0.186640663598694,0.23783408196182,0.206886455141282,0.18292207240212,0.176827522866438,0.148487553266536,0.161666674898012,0.192477824530898,0.193804812915288,0.230887268525716,0.179861671606227,0.10697583591913,0.0737213099561349,0.206018341665549,0.188893632291424,0.163206239426841,0.133195684291285,0.266555388150872
