"","acreana","acrocephala","acuminata","alata","alba","aria","auristellae","bourgonii","brachyrhachis.aff","brachystachys","brachystachys.aff","brevialata","brevipes","capitata12","capitata33","capitata35","cayennensis","chartacea","cinnamomea","cocleensis","cordatoalata","coruscans","cylindrica","edulis","fastuosa","flagelliformis","fosteriana","glomeriflora","goldmanii","gracilifolia","grandiflora","heterophylla","huberi","ingoides","jenmanii","kursarii","LA17","LA41","LA48","lateriflora","laurina","leiocalycina","leiocalycina.aff","lomatophylla","longiflora","longipedunculata","loubryana","M18","M25","M27","M30","M71","marginata","melinonis","microcoma","multinervis","nobilis","nouragensis","obidensis","oerstediana","paraensis","pezizifera","pezizifera.aff","pitmanii","poeppigiana","punctata","retinocarpa","rubiginosa","ruiziana","sapindoides","sertulifera","setosa","spectabilis","splendens","stipularis","striata","suaveolens","subcapitata","T18","T21","T29","T50","T51","T82","T85","tenuistipula","thibaudiana","tomentosa","ulei","umbellifera","umbellifera.aff","umbratica","velutina","venusta","vera","virgultosa","vismiifolia","Zygia.mediana"
"acreana",1,0.235989624398523,0.216772518944609,0.326146246318803,0.229272134071568,0.145343420188041,0.375397158583871,0.150314373885959,0.193343329527492,0.0873267635511473,0.107911022281496,0.132213732076357,0.164186557592751,0.277770184633342,0.269274273048045,0.295247859597324,0.182908709533548,0.220549772108763,0.143655682767103,0.223607394259146,0.228149736844326,0.238639917123261,0.238894048007714,0.276909836858166,0.243079897436687,0.22669142803616,0.238112282878909,0.143873424133876,0.277218432053512,0.244483964761718,0.274898241171997,0.189347431334289,0.235722971692889,0.159660342112179,0.252091324437168,0.0946816137962739,0.204500654596372,0.15012203389525,0.178303261526977,0.214348925046641,0.150444492528004,0.246505946529646,0.197012581692519,0.312366454048188,0.307520658103711,0.101113959305282,0.111556950675665,0.216841036512192,0.234989923756438,0.152497266573376,0.263620303831784,0.20432516007734,0.294172871166039,0.218917839261489,0.191195973550428,0.122438599501066,0.183813018543556,0.229489925833511,0.151529142168139,0.155928731434257,0.300407739099822,0.207062883285959,0.255240679225589,0.209387826520718,0.282661725340315,0.240557379127004,0.257760626662416,0.35384422551043,0.255671308242965,0.284874495397026,0.19243557905116,0.159434136620973,0.216281608339411,0.178532991312961,0.179083594163443,0.26759744920314,0.0865373517534812,0.260686691525092,0.222574198407304,0.223716527989639,0.244415347710784,0.246860605574854,0.105930816824755,0.202572477131628,0.14896542321138,0.155373176819083,0.2406057004685,0.258901749993347,0.0580783497276429,0.204989137359002,0.134315795263989,0.143435058890661,0.235330829001184,0.238513339825289,0.159889010802246,0.146374755885333,0.169208639217912,0.225678467882787
"acrocephala",0.235989624398523,1,0.173954453997877,0.267338463630186,0.252915058012299,0.114003337595261,0.242776529092995,0.164701553843353,0.191609121996465,0.0938852927285329,0.0995967349272836,0.107322480254176,0.14021235170662,0.245436046765561,0.185090072031597,0.253270804755324,0.16532746265049,0.293024604791878,0.152002821301284,0.169841856196895,0.227512740174977,0.189438726522043,0.197600013122334,0.222680911522647,0.185412601743633,0.210867074499257,0.150221662155592,0.13157225210458,0.180644868151627,0.205951081750557,0.227889743420037,0.147589345848984,0.215723870409293,0.113561784755415,0.172446262410658,0.151022390375133,0.180883770392503,0.142047325331508,0.152254003601481,0.149465795144013,0.161109485366058,0.202112523550821,0.129316468139693,0.218323837919091,0.184031591364127,0.0909556187342839,0.118692829729377,0.184990813198065,0.247137128404346,0.105178813248553,0.136811879170886,0.13926619780854,0.230819320401745,0.206412641638104,0.175138900060062,0.212122204816977,0.155075465410978,0.136242359116653,0.151337044003404,0.164636029439705,0.18893555936741,0.183261920479587,0.224801402058143,0.184487931780642,0.267892982725779,0.201022060128808,0.159233473812912,0.282842904682665,0.229803975580997,0.207575085938534,0.195588880561675,0.121697138170352,0.155439919486594,0.142799000822227,0.1429534855151,0.232775259200677,0.107102375033583,0.15756589287582,0.156012557099972,0.188935542651719,0.163192566328103,0.224878390473433,0.0815604666338016,0.174495651297709,0.116992240502903,0.129461167069588,0.168441084225652,0.228361056893626,0.0703387747068982,0.180515943295614,0.196237778020164,0.150052839750396,0.150702640466319,0.160885618288894,0.13073850326229,0.0958934683058104,0.145957882942351,0.197018245555003
"acuminata",0.216772518944609,0.173954453997877,1,0.218402075607774,0.15895131065952,0.0778204020847547,0.243224168630184,0.145720942950467,0.133259748658529,0.0660404756925873,0.101743505223558,0.12883539217295,0.170445675635261,0.259605536766992,0.163722708431244,0.24906186379062,0.144789648852145,0.153556039775943,0.133159042554074,0.198057421005417,0.228826493404285,0.150496521580538,0.156265665332611,0.183807306044097,0.214212688279857,0.157387396485761,0.257726134268369,0.107847453739322,0.250312241589646,0.211743195402995,0.211952792544699,0.16512781278141,0.167115051473961,0.113239545944598,0.180669962182341,0.0817701665631423,0.161242667089952,0.129315916654396,0.159559029058424,0.111630741180024,0.129273071515625,0.1820346007776,0.183947277104588,0.223782659436537,0.240144953442807,0.0876256846635403,0.0943541549299349,0.169058272313016,0.16083859914901,0.12556866956201,0.134232992656995,0.127682341862904,0.233949339491704,0.17489210489526,0.147766158283809,0.138720739005969,0.11427290066022,0.147016747699884,0.20586154906171,0.119737992216052,0.220841770760164,0.159763469447816,0.175313217869012,0.156263893828388,0.210164352581134,0.182882837246577,0.145633841103809,0.192016042253242,0.197212086658475,0.165663409796833,0.174310307394662,0.102742686819863,0.15023689089114,0.19455284787992,0.125507106241633,0.234767848899926,0.0791502373659268,0.267543862516437,0.126740351773724,0.15722254508863,0.155171907032389,0.149437081292176,0.0746329971341775,0.158868859515454,0.0777152994649485,0.110017957265773,0.156274568354933,0.225329660831318,0.0528023961696247,0.154485263852301,0.110073239734164,0.115573106330721,0.216643095435831,0.218952209650273,0.140279584621784,0.0959937967653386,0.131317854281587,0.155934343656
"alata",0.326146246318803,0.267338463630186,0.218402075607774,1,0.27924200478369,0.12331621108855,0.347354696169879,0.195549335787579,0.243398605832704,0.094218588971007,0.122334372073729,0.12138335439484,0.1640907048275,0.290482961063728,0.242209472870604,0.327682860046965,0.182621904924575,0.222751274729438,0.161081265292752,0.225237262540888,0.231640258650075,0.222953524838745,0.253725762020886,0.320433049239977,0.242116493733657,0.228420686437345,0.238516058635448,0.19588015576189,0.262993190753541,0.249283644708456,0.274377015510442,0.234841032983937,0.271321094920604,0.145402187812771,0.259504581971027,0.114687564924749,0.212711799721763,0.140658347940465,0.208954323912659,0.180353792688606,0.221891320664238,0.210693797439553,0.154917043849428,0.298333435462816,0.307401716968367,0.119035108561707,0.143618116590499,0.280805883189716,0.27678712896992,0.12799389339877,0.158861877602943,0.199472023744641,0.298881850040294,0.194604763337572,0.1876642343114,0.148135064024917,0.178144032739128,0.176348522183349,0.161367317363748,0.19216926120354,0.284851559449804,0.244872705158846,0.272582825951637,0.195781960703436,0.28211524215252,0.250702972821361,0.204957233346779,0.321070355278868,0.288627984457191,0.304701565953507,0.231817694721115,0.130518283050221,0.193394337802376,0.164169238577305,0.184312083339972,0.28070911714621,0.11812265582575,0.253780385985552,0.194176789067681,0.274500643666683,0.217449667839202,0.248240540070099,0.113546711778634,0.191994779337807,0.141268253644928,0.160968204194994,0.204261797517172,0.247354804886951,0.0876706346664229,0.240977866684157,0.172206774470708,0.147664246125417,0.209101053071871,0.246548203067741,0.158129444690933,0.121798516356959,0.140402359799143,0.24294013468062
"alba",0.229272134071568,0.252915058012299,0.15895131065952,0.27924200478369,1,0.101503661246761,0.268742695898076,0.170211899905808,0.201117421298707,0.194081261437804,0.255210247876233,0.202602077262249,0.211320741119995,0.220585529556556,0.197658294501609,0.233487117241441,0.166514837905275,0.238246915224461,0.146197843163049,0.191401138518638,0.195900459239418,0.188181297987179,0.206331974737472,0.274392925214858,0.158700928951395,0.328927498176067,0.160544585536482,0.153097486338373,0.191654347177656,0.199462837485404,0.239494850864116,0.282248197580556,0.20798700765814,0.185255063788847,0.300072230347281,0.127569229963239,0.197349032536739,0.158974365789854,0.167556943931411,0.158921741225813,0.27429495325333,0.216913632617673,0.0965629475923533,0.189397573316824,0.199850048208429,0.113159740798084,0.241438081926523,0.203714800851392,0.292227622883838,0.208571033044276,0.188592767081722,0.182924864558403,0.213735136204915,0.189088704697778,0.17502962023213,0.153219167312038,0.165600297075192,0.157112028484282,0.257983108731269,0.17537408781712,0.177184815203691,0.215858655710117,0.239099608637553,0.227271847966341,0.221437350861063,0.224121840796415,0.170339846736074,0.254699066482899,0.228473898255845,0.260999143191138,0.313930093384656,0.118065027196173,0.188416582940044,0.119312816320357,0.148688508439775,0.208031387546554,0.107620935663047,0.162449133247737,0.173517749115682,0.249989342518674,0.165958063537799,0.235939698902128,0.0882158539189574,0.188114023575939,0.158252226069686,0.13260182487361,0.174438394205372,0.216459682018356,0.0811094966458794,0.3114594462464,0.114019879963485,0.275484034610381,0.152357983072925,0.176712252163319,0.116203253317274,0.233947202087948,0.157881490584782,0.238391800948503
"aria",0.145343420188041,0.114003337595261,0.0778204020847547,0.12331621108855,0.101503661246761,1,0.145052707012778,0.0699762625569889,0.116977042024343,0.05195365726547,0.0695700406330689,0.0780273161055671,0.0798560096497286,0.102058450967094,0.12201660652011,0.107413009766013,0.14952424019842,0.090861903059041,0.0759282392171798,0.0875507335891225,0.108624958784637,0.084331522235922,0.184417810338698,0.142281155637085,0.0900610176937244,0.0836337390748374,0.0775911344151089,0.0705147685477945,0.112824712005555,0.0838496568602622,0.166070526319324,0.080221899405479,0.146475643294494,0.0995789919236877,0.102122903046329,0.0698574983881664,0.10403643700436,0.0977516072107096,0.0850077017198085,0.146225051291281,0.0812205897364565,0.107714146464671,0.0597708779418337,0.143675687112042,0.0913582365093177,0.0675705172804152,0.0577171319052289,0.109897449800748,0.0700706005283094,0.116032079240822,0.154376213643188,0.0999494402956688,0.0918562656823152,0.103020972048407,0.0973337871248428,0.0673156508195046,0.0887181900231879,0.103070978866321,0.104016683206638,0.0969416669404214,0.0967344479116951,0.0932130503921922,0.171385230494234,0.109565138160931,0.0995233730802954,0.142507710907022,0.165789925759923,0.12908614100828,0.103207307790744,0.151472530743827,0.0823517626416995,0.0923272961775542,0.101379161701683,0.0779427420989887,0.107491643659709,0.106802368047813,0.0721508244786179,0.091141103841826,0.123100046175116,0.0954743421843479,0.0960532736996043,0.118199159002576,0.0387621201591673,0.10480255644292,0.0945660760690654,0.0945472432778126,0.205240077659239,0.0806533032068825,0.0413820625243595,0.0912158536729106,0.0583539284751186,0.0916565642812127,0.0823589069264498,0.113786913736626,0.0692298736300324,0.0996280744815844,0.10099580595285,0.13738067441726
"auristellae",0.375397158583871,0.242776529092995,0.243224168630184,0.347354696169879,0.268742695898076,0.145052707012778,1,0.177036225214609,0.230769127120194,0.085790858044208,0.169193093526121,0.127331090818226,0.181483838739326,0.325632538690848,0.256169421914003,0.321274220035589,0.183067581483638,0.228193915423799,0.168699428702067,0.218920462654847,0.266563648666635,0.265925787680588,0.267870695832645,0.354358398091699,0.307980770866729,0.249930209515738,0.288999398100005,0.164180076139516,0.311725844662254,0.299039938149901,0.294714626585133,0.239170215176243,0.2949293437755,0.164510187136697,0.27758157385997,0.11955305542439,0.238426297257998,0.169541611063527,0.18351226140156,0.207369566353257,0.18799096098454,0.260408019806122,0.183221512576132,0.312847916589066,0.322213912508763,0.0932412069855862,0.127833351382293,0.324610883439822,0.231028483632703,0.134127860056222,0.203790954994166,0.195266985613704,0.348050458018309,0.225914056931871,0.21633017319259,0.168029800799294,0.181371430644217,0.218979024658466,0.154394356800445,0.161409066939029,0.345191178701425,0.22422440093445,0.260808551974117,0.232852895070018,0.268617622005627,0.278088104256573,0.247451635564895,0.341271463251641,0.312467052805828,0.286582652816869,0.20378189741587,0.152487302391547,0.228262073293117,0.19005416035013,0.18764696433989,0.276088033790812,0.0940421478344104,0.275628049031633,0.221629746508903,0.292687435492218,0.295684027701099,0.266064640598792,0.109807725346615,0.232406428039979,0.155180463048654,0.175542139831159,0.266130544644173,0.251655011632698,0.08115997216941,0.186311103409734,0.176681134899076,0.155770869483125,0.239356939708464,0.319442945145153,0.165126536776128,0.119356550125295,0.168833580061411,0.244933773587807
"bourgonii",0.150314373885959,0.164701553843353,0.145720942950467,0.195549335787579,0.170211899905808,0.0699762625569889,0.177036225214609,1,0.376254259001173,0.107595439224079,0.101043567734298,0.0677951381293921,0.0930038194762908,0.191093394564624,0.118052732078668,0.166513821752832,0.101617503785421,0.107833768771093,0.108923458289672,0.181843971584393,0.138100176073334,0.134113517903588,0.164655183089202,0.151552855694211,0.134640910749258,0.146242246991696,0.109180671883122,0.53477701638825,0.141664141917564,0.142096925217456,0.36045262055581,0.125408215943992,0.148259601753651,0.086589676718748,0.115310812716003,0.115087497692096,0.120419818800238,0.0826986444735552,0.20211835485528,0.116363461718397,0.192075265408372,0.118515800853149,0.0706350851348872,0.130842589955102,0.228925743637296,0.0960481056877487,0.0998531264436844,0.131559271776292,0.125083745662423,0.0620522113563608,0.172676993898067,0.13269100272173,0.158174590130609,0.166580682688723,0.106698434321278,0.0897011591209444,0.438160492662268,0.111065972922628,0.109205964767179,0.0987508864167385,0.117508400215283,0.284422175267393,0.130850758909693,0.136497374667098,0.136392836780207,0.134714774317686,0.149443166460159,0.173350434836465,0.338285337161204,0.164415829623451,0.125736111483156,0.0796953833299238,0.127864999785431,0.0854044447520653,0.104368317697127,0.173236329371822,0.418443285774014,0.130145951068655,0.100988206321728,0.119630830819011,0.10913051634442,0.103012484216108,0.175028306379468,0.105137747013439,0.179781363274125,0.0831541203106764,0.113308801123606,0.139342944056363,0.50160664641566,0.155794244965932,0.1262752494752,0.1113374799327,0.125276082756787,0.125902729196979,0.479112585465839,0.096822795871796,0.118167447372662,0.350362438902106
"brachyrhachis.aff",0.193343329527492,0.191609121996465,0.133259748658529,0.243398605832704,0.201117421298707,0.116977042024343,0.230769127120194,0.376254259001173,1,0.0953313075469711,0.0923446399287184,0.162228722004932,0.171796509048197,0.24010701017262,0.363159100060629,0.232392511069026,0.133875847820228,0.200979558694934,0.138200137358301,0.176412752492209,0.186197047843938,0.174156873599596,0.230984552208087,0.198978523887992,0.159838378636491,0.148132118564759,0.135957684958031,0.348013979372238,0.179443172221344,0.183555252470992,0.397518337591345,0.148632586942738,0.220873462012313,0.12097989794319,0.170118315351878,0.133585682808468,0.148821193913998,0.119493854270855,0.226930591487202,0.16296561449384,0.270500639676179,0.161946661568519,0.0862563823007885,0.159960636893752,0.199134670375908,0.0749941430573196,0.123420163050474,0.179304471106191,0.154093344054161,0.126197433076221,0.142418362777682,0.198997899810062,0.19574515090633,0.177754181773022,0.167940420356651,0.11536413488602,0.389534941536356,0.149011252554731,0.156527573339896,0.161841267500211,0.151700666784002,0.323545656716955,0.189949204076487,0.175863010289701,0.173370416727466,0.242709631496404,0.194124059463133,0.242075567092137,0.380616697628786,0.234844894728515,0.175375545538587,0.141254477207208,0.173103810557263,0.107896082620239,0.173000082341313,0.239623628521319,0.344225236089678,0.133628534092007,0.150634811184327,0.156694582634274,0.139312002295676,0.188613915260489,0.110484131853792,0.186862123775619,0.193752529630882,0.219184390412603,0.236387334381537,0.155475031878251,0.311189341362615,0.175114253908623,0.12254567423288,0.155145210435155,0.18030019837897,0.154799676232726,0.361932320547287,0.130858240116681,0.11026505246078,0.42612474091713
"brachystachys",0.0873267635511473,0.0938852927285329,0.0660404756925873,0.094218588971007,0.194081261437804,0.05195365726547,0.085790858044208,0.107595439224079,0.0953313075469711,1,0.260705096531176,0.20200356057599,0.156757485002781,0.0900366003047171,0.072585824258519,0.0843004366425811,0.0706876773623122,0.081623220446343,0.0731064483166705,0.17958236339912,0.0857530131865486,0.136266828899796,0.106720308207349,0.101638347302933,0.055722618019886,0.234012574616217,0.0568876953005243,0.110837520025718,0.0803330107418689,0.051945487991315,0.0916952066791119,0.302231107541249,0.0944923819042092,0.0598194336786094,0.252859864557752,0.068382784863586,0.131075243557903,0.0703511394754415,0.0969920495491364,0.0798833909616481,0.295523174233011,0.0776254054427268,0.0418391604583001,0.0720265571327703,0.0823398439341543,0.0481327371666599,0.316313211874397,0.0835948834743914,0.206739609667296,0.202074978139815,0.0779589452531808,0.0887741111995201,0.0647173438363893,0.0661483026252817,0.127033685699921,0.0547725335700648,0.096705518462241,0.0514625533209007,0.253845303871133,0.0805023848221883,0.0641938889334417,0.119868287717779,0.0971183216804194,0.0759613230737108,0.0808761134019814,0.0810744378288639,0.0832784434005462,0.0875823486558881,0.0830522465782719,0.100242057771309,0.242021217954545,0.0859876639174766,0.077685108717293,0.056047611920437,0.0884402708443026,0.0906012693785809,0.0862485060844941,0.0825470937032502,0.0714209956241864,0.0781661009747028,0.0612532864167447,0.0987570477556331,0.0731331241868255,0.0609804803835805,0.0881874603060945,0.0908500408933127,0.0688514888081156,0.0633487514008902,0.0714915685323191,0.220661497368574,0.0881754815068477,0.254557535002188,0.0490137329847632,0.0698777682183068,0.0898610657893571,0.296981708663459,0.0518622070678673,0.111663727076632
"brachystachys.aff",0.107911022281496,0.0995967349272836,0.101743505223558,0.122334372073729,0.255210247876233,0.0695700406330689,0.169193093526121,0.101043567734298,0.0923446399287184,0.260705096531176,1,0.221771105334171,0.184708290941641,0.141880130165478,0.0978320959615302,0.148987786373624,0.0779651725571294,0.221811269390515,0.0796788609382629,0.109187819780109,0.145700852757255,0.112902209052101,0.0976952021403283,0.144239286575717,0.119507993031455,0.263700119841601,0.108944161412728,0.0683253053151337,0.113578359006662,0.115163369398146,0.157570742879964,0.353149379829603,0.116975197570045,0.087973059167586,0.313586325334152,0.0765054517644465,0.115613904700465,0.110907290438906,0.089351090561036,0.0934878031479503,0.288423851408481,0.112647758814434,0.0560596330733169,0.109497631805591,0.186384824745859,0.108355343971876,0.274622401573865,0.102874160626448,0.227054507293275,0.216775413997439,0.168824437579395,0.0994405644594378,0.115117088673306,0.142361323714119,0.119169755479357,0.0742873992816813,0.0862347074078236,0.0853254411727411,0.211878829685973,0.0780331884494083,0.122012039112258,0.103633803066004,0.106113344475918,0.153514334842937,0.0985265158722233,0.224860255897298,0.0960775406475612,0.188464636560974,0.128971624789187,0.138335494279143,0.280280333109523,0.0708131531468349,0.113264745876179,0.0724319698268698,0.0934562652334415,0.102896048527583,0.0524870278224886,0.0910112327298199,0.130316681381568,0.12375060020802,0.106766982611222,0.15356317850982,0.0402939803523593,0.0903758739894423,0.136855513495822,0.0880478786635554,0.11331872079155,0.127108535207525,0.0603570721673084,0.228005942520569,0.0734946175823148,0.284370533375413,0.0798660283230246,0.130307959950337,0.0546782534415667,0.292433304427026,0.086866599827129,0.107741440473854
"brevialata",0.132213732076357,0.107322480254176,0.12883539217295,0.12138335439484,0.202602077262249,0.0780273161055671,0.127331090818226,0.0677951381293921,0.162228722004932,0.20200356057599,0.221771105334171,1,0.201588709335631,0.176144252812575,0.137394858423523,0.119028926051774,0.11558741124673,0.161724906209974,0.296980964425002,0.0970752637718541,0.146051718500957,0.0904124572227809,0.130301162417248,0.137832631036033,0.10195722301734,0.243936203703014,0.084002577544275,0.0763576558702352,0.153529302020561,0.118882090318114,0.109631929967329,0.241187006560259,0.118671728640332,0.109448869313899,0.263813474097991,0.0495457780619006,0.109044230239584,0.0893436228169753,0.0944513272875872,0.104121490250401,0.303605936210849,0.120895217194107,0.0839625259037445,0.121648350316778,0.125038224305352,0.0593790697578295,0.213302740076622,0.120038041462063,0.25143435787838,0.258249881046877,0.106592300777692,0.0892587169756421,0.10626507156091,0.103739605863689,0.104093446615404,0.0966236722150203,0.0829762984040293,0.115296636115615,0.216491639047126,0.0988518741116695,0.10745749803066,0.141086495059933,0.13332517260022,0.111527241639394,0.113234849212666,0.134159401574806,0.107850000595965,0.124192789492618,0.0920664904099206,0.116242085869339,0.236780946909623,0.0874079564558763,0.0931027071740341,0.192375872369276,0.0907967984687136,0.130987066427497,0.0482985564965737,0.106433175973744,0.111859870416097,0.108091666483202,0.107970837372652,0.172389012441129,0.0384526003957138,0.101729879553714,0.0733721169233373,0.0868973835349963,0.121599623976892,0.119058091418613,0.0253355483692082,0.220844617625032,0.0874200941269567,0.2807776670318,0.0893238748843122,0.127082474267365,0.0788823886660249,0.246039311755246,0.0982733877296699,0.174875537085307
"brevipes",0.164186557592751,0.14021235170662,0.170445675635261,0.1640907048275,0.211320741119995,0.0798560096497286,0.181483838739326,0.0930038194762908,0.171796509048197,0.156757485002781,0.184708290941641,0.201588709335631,1,0.247126026177024,0.19302851596182,0.281730663202499,0.14725068587646,0.132733382164656,0.101110965132924,0.109378055362445,0.161226713224665,0.13708582681941,0.134021318481417,0.146329744326382,0.22140846495333,0.21320760811189,0.12995058083875,0.0904557229009813,0.176653128082958,0.257151331115552,0.18435977425354,0.214461188856669,0.156959440056811,0.111996999133477,0.253060347827412,0.0570782314789424,0.149895727065042,0.11571902413607,0.116348325223532,0.117509542807362,0.203568458061494,0.168003474663733,0.12406403665078,0.146248575683935,0.144082761001037,0.0885791934960632,0.173635617716712,0.132123387452265,0.2253251213769,0.189243761506589,0.115470276455925,0.136182422616656,0.23288799935579,0.160499852937698,0.194312566833736,0.105170801683385,0.0857674149159613,0.12635551299447,0.21197921373684,0.114960786099868,0.162647458868174,0.134070582079217,0.153225620270023,0.138158973986178,0.176980862401224,0.162083593008211,0.132922623396984,0.145686904324693,0.192267691538428,0.133728992348193,0.232825751766243,0.106391727186425,0.154237512173544,0.107190812894295,0.139369083616079,0.192607740217785,0.0621549113779692,0.17766116788709,0.134796375128307,0.13098293690066,0.15779442341789,0.170886948949903,0.0635482306839549,0.124909009205036,0.0648373245949742,0.113854022187669,0.136797605407432,0.185705079403498,0.0310410380497328,0.208963045465625,0.101151494404454,0.206707475558587,0.122979048607118,0.15014562884518,0.084494401826987,0.185879730570464,0.104258632931344,0.113843793018876
"capitata12",0.277770184633342,0.245436046765561,0.259605536766992,0.290482961063728,0.220585529556556,0.102058450967094,0.325632538690848,0.191093394564624,0.24010701017262,0.0900366003047171,0.141880130165478,0.176144252812575,0.247126026177024,1,0.279633865047549,0.459043357669818,0.177788078162288,0.192438029495265,0.151613080538386,0.180484629182913,0.260185318821025,0.197535096235671,0.218107045666976,0.24468820976279,0.295039515360612,0.217582356064154,0.217505941206988,0.167858718949111,0.28963191393769,0.31196090948539,0.310809872980969,0.214973979084229,0.251452062588498,0.138376315297014,0.203741710574808,0.105792023482666,0.227196336384183,0.163420569467403,0.215906451042671,0.196113659574599,0.166165914473883,0.2524826890626,0.165362628149804,0.258304271884308,0.296248854973224,0.135961237931532,0.110628067942087,0.242742249648197,0.197347918521776,0.12425366607591,0.189889350042162,0.183678244096407,0.305686223568092,0.236149059557466,0.189151618740115,0.193557571132227,0.152531367692898,0.200394129352485,0.168434851585627,0.151756938531533,0.263859850871765,0.235517168607005,0.216927693771325,0.219217999606212,0.257375332768185,0.262315349500456,0.22324359096989,0.306049565076144,0.272525197816447,0.251844211125308,0.210678976904297,0.148141286134317,0.210886813474885,0.239328809400967,0.172897326980917,0.300762844845166,0.114598611584021,0.23355445529597,0.195424481045885,0.233313915730152,0.197179595006085,0.320375839514082,0.0994593388283441,0.198231300048625,0.12018920293865,0.175589269261688,0.211689034496796,0.270530081571627,0.0767162712496694,0.198437600981384,0.141063679116877,0.148820189513886,0.236760055422901,0.268090454774671,0.148999951019133,0.114536545858105,0.150799604472139,0.251656272532664
"capitata33",0.269274273048045,0.185090072031597,0.163722708431244,0.242209472870604,0.197658294501609,0.12201660652011,0.256169421914003,0.118052732078668,0.363159100060629,0.072585824258519,0.0978320959615302,0.137394858423523,0.19302851596182,0.279633865047549,1,0.268911328158275,0.188010191211998,0.213474216830625,0.131649761465912,0.137040510834328,0.212238117790004,0.173866409292078,0.221616732961015,0.241036528810675,0.22523565819176,0.149668262044808,0.156731822863723,0.140679952615455,0.216308404331598,0.261150795115069,0.194998777949111,0.154780497248246,0.229547248377601,0.188222350834613,0.213937459237209,0.0780179072613951,0.188271710227956,0.183365370127937,0.145937184241336,0.213301674540624,0.143188340537895,0.282082027818351,0.131511686783572,0.21040916433009,0.193095797201079,0.104333701037639,0.100553764247254,0.169871324283395,0.162790082657086,0.155622013508744,0.204116705517966,0.149912918264607,0.253989937217449,0.158622534891473,0.203673312254588,0.130804943004083,0.147647192643658,0.267008768500475,0.153340422465648,0.174505110305191,0.277646615412898,0.181001900823518,0.227075381183157,0.226258228074348,0.216904369131183,0.266689710623741,0.251897210390393,0.228840533182987,0.181009509537074,0.294446144410819,0.152171844002278,0.247261794615875,0.254621586600597,0.13721117406519,0.148561160289836,0.226909293228666,0.0780583763791799,0.158091730769601,0.200824654388948,0.18495565188962,0.196138071370754,0.249145142889728,0.0614266039403922,0.219766249357329,0.160207167501733,0.193847439690763,0.252346532780005,0.225327107573694,0.0453199202714981,0.155925499960511,0.101378019023014,0.158138867796653,0.189997390715452,0.236337990420413,0.105689895180025,0.142323509349442,0.133543377029473,0.222755713698619
"capitata35",0.295247859597324,0.253270804755324,0.24906186379062,0.327682860046965,0.233487117241441,0.107413009766013,0.321274220035589,0.166513821752832,0.232392511069026,0.0843004366425811,0.148987786373624,0.119028926051774,0.281730663202499,0.459043357669818,0.268911328158275,1,0.187803364452159,0.213704659779211,0.145083647343796,0.204406983780204,0.270095273062214,0.195874028620423,0.189773179039277,0.284414916834099,0.307194316485588,0.232689283084108,0.22127046455531,0.133026567252661,0.292714199662477,0.349921744345756,0.291880447878219,0.260715438765603,0.23995239276842,0.168560751929542,0.252712377385734,0.0961501473565981,0.217309622829681,0.172417935810583,0.206588091206816,0.210957805700354,0.153036956062575,0.245852585970074,0.171968664726667,0.272333275045841,0.329588448642147,0.127730290222767,0.151826269069935,0.281462707008205,0.236137558756199,0.116000792135772,0.187020104035735,0.206394848244896,0.350801857060169,0.246264918731321,0.22976078363386,0.180485053478177,0.131820607401157,0.19058322927335,0.148612406058549,0.173853932429816,0.278379795823213,0.186795001876416,0.247397917027364,0.255435510211352,0.302119314819691,0.280449757068153,0.204074199907924,0.28561747757669,0.294014375453716,0.263563918505021,0.240450807611781,0.141964657981816,0.23126739772575,0.169173537128395,0.189544079874102,0.300061754676136,0.0752133789836578,0.255421019698853,0.216135722394583,0.25578552182509,0.223448419025146,0.260445185866457,0.0868536232991413,0.205937888294542,0.120822461469724,0.165212804618141,0.207439113624631,0.27557009301412,0.0535296346707105,0.187794510450233,0.150250004306797,0.140241961709457,0.207655940018925,0.291916702315632,0.125285265386866,0.126292968670351,0.153141853617132,0.186316475379171
"cayennensis",0.182908709533548,0.16532746265049,0.144789648852145,0.182621904924575,0.166514837905275,0.14952424019842,0.183067581483638,0.101617503785421,0.133875847820228,0.0706876773623122,0.0779651725571294,0.11558741124673,0.14725068587646,0.177788078162288,0.188010191211998,0.187803364452159,1,0.164103230031952,0.132171283880788,0.131546081097489,0.179004519787927,0.120618780774513,0.162191597128584,0.16602131156957,0.156145477505609,0.127642373370037,0.127337184337553,0.108835481291959,0.161563787969317,0.177262788044332,0.163880823729124,0.123719054431958,0.150887325616809,0.153337178452465,0.143407367067502,0.0986248021476434,0.126763356069241,0.134782979861323,0.116088869174652,0.126256865563154,0.123248662502652,0.169296931880888,0.102604786323562,0.219105781329648,0.170024924801352,0.0893706883986953,0.0967504860104986,0.135363745044992,0.133979781310757,0.131972140293919,0.124479754627142,0.136928234354133,0.190082767033512,0.114749011966404,0.166390421231823,0.12347472056927,0.13206429763644,0.17701389189163,0.124127276101137,0.139652509363329,0.167265013516764,0.14317586768205,0.222217794514836,0.163505402979544,0.199944010650035,0.173163908309898,0.171094052012505,0.17441412470883,0.139628072865387,0.173990145498372,0.133341805952572,0.111966871324914,0.177904369027448,0.134841289644205,0.138979146078092,0.163519116903694,0.0962548852925682,0.145606894863683,0.156554815606405,0.139801280197376,0.19057915033096,0.171515380698533,0.0547995974441871,0.154392049214564,0.0985407397151064,0.110907411764508,0.166478975157542,0.194351248921383,0.0444604819334774,0.121527202358726,0.0920302899244843,0.137201546899788,0.130849532941896,0.17949904668596,0.0839550340056165,0.104085812989634,0.121462216894222,0.148128060498773
"chartacea",0.220549772108763,0.293024604791878,0.153556039775943,0.222751274729438,0.238246915224461,0.090861903059041,0.228193915423799,0.107833768771093,0.200979558694934,0.081623220446343,0.221811269390515,0.161724906209974,0.132733382164656,0.192438029495265,0.213474216830625,0.213704659779211,0.164103230031952,1,0.124117365464275,0.146859636736307,0.175418046667869,0.143768503963639,0.146348884320615,0.173620591588761,0.155736386582904,0.141532086003997,0.129842465987373,0.103584576086246,0.177645464101563,0.164539835575977,0.190311079657128,0.125517086008054,0.168337325902564,0.158292637207178,0.182376097523316,0.0794266536768304,0.181472966842711,0.113962393763754,0.114664040818638,0.153151976462911,0.159450724836558,0.208577052606048,0.101653127501885,0.193879827292861,0.188778669257586,0.109755141371107,0.0943880426386216,0.151271973338865,0.163624770952284,0.125575965605193,0.168546885586814,0.11643180814382,0.188495919706744,0.135488813146334,0.177574550079574,0.162260290516996,0.122712616987066,0.151032488601608,0.131881123706071,0.118948819406906,0.177457104915128,0.191446840898457,0.220623910205318,0.208228639453321,0.202726279977422,0.320615662430149,0.160655476029493,0.254430530433407,0.155402147374935,0.196346595809032,0.159034755270005,0.135338518193582,0.206939003187415,0.117050643089089,0.125208600278259,0.187128848215185,0.0745362637625658,0.146110624071659,0.198258797052905,0.163079890330411,0.166540349666223,0.231377126700068,0.0675660833033744,0.172789639125951,0.100826188326117,0.150428401168649,0.205261799680655,0.223624391780717,0.046992474211891,0.163883590163728,0.098961661560487,0.127370706166989,0.130856117492378,0.176796073683076,0.0799736885242983,0.119425956147069,0.125921661737717,0.15588677213581
"cinnamomea",0.143655682767103,0.152002821301284,0.133159042554074,0.161081265292752,0.146197843163049,0.0759282392171798,0.168699428702067,0.108923458289672,0.138200137358301,0.0731064483166705,0.0796788609382629,0.296980964425002,0.101110965132924,0.151613080538386,0.131649761465912,0.145083647343796,0.132171283880788,0.124117365464275,1,0.0966014258526872,0.171721576137542,0.10819867670454,0.14369537591923,0.142144030435168,0.111852257625241,0.0997404037232222,0.110587324913744,0.131203814496693,0.144225340840484,0.120813578656768,0.135693299546897,0.098722371181064,0.137475600687018,0.086178157975844,0.121134575688112,0.0858250325424088,0.128274438347775,0.109399370474287,0.132964291014943,0.134617424343932,0.11509356310074,0.126993693784475,0.0915764244508648,0.138167493462712,0.175844297532836,0.0781689488130394,0.0819783765345532,0.125352388857899,0.0986118655624443,0.101945551293144,0.105638845591581,0.115920252689095,0.131155116655419,0.102303033583537,0.126319916295607,0.114329658680203,0.136759557200843,0.120951640995686,0.11170392504632,0.126407351942672,0.108433221598245,0.151002345244168,0.16281850879692,0.117325959823544,0.133239949296235,0.141288058614207,0.126532269876657,0.146255811978239,0.134669584590236,0.136054315646713,0.103192416422732,0.104991895278174,0.123338314234114,0.125235430507555,0.113367274976583,0.152712917272212,0.0812729702657167,0.108966804101651,0.107888017235584,0.137082872982983,0.114860485536712,0.15737945881718,0.0537997755700239,0.121048118306647,0.0786899862284054,0.0866713378809351,0.120415677471255,0.131002124653705,0.0723379427684325,0.104324641844207,0.0942475231092086,0.109909823081679,0.121321430145857,0.135772809532715,0.110231419901546,0.0676983717061022,0.125693629755944,0.159657171730125
"cocleensis",0.223607394259146,0.169841856196895,0.198057421005417,0.225237262540888,0.191401138518638,0.0875507335891225,0.218920462654847,0.181843971584393,0.176412752492209,0.17958236339912,0.109187819780109,0.0970752637718541,0.109378055362445,0.180484629182913,0.137040510834328,0.204406983780204,0.131546081097489,0.146859636736307,0.0966014258526872,1,0.169819358135278,0.252803245319738,0.178107426481594,0.205487727117229,0.154285659636949,0.193795397060426,0.238602443527465,0.169508338687259,0.234105361120889,0.162163519500747,0.218184480981701,0.171638253214714,0.184382531096663,0.146864535939644,0.14086293998141,0.11409524770085,0.171371104851087,0.11083044608805,0.184351272865204,0.134931089395523,0.150796900022757,0.138481591380356,0.190519344731057,0.217675704671526,0.181501412406733,0.0689111990609519,0.115068878654606,0.182397436044443,0.164951566964707,0.10954600643601,0.129686249520356,0.182821220297967,0.198176100593977,0.162454680693803,0.137637478467227,0.109256199251063,0.203323097463719,0.125056305516429,0.145860863522565,0.130761077311526,0.16869683416462,0.211663935967882,0.161573227282801,0.141011543007522,0.168870267680026,0.165206485406279,0.151499624788398,0.212090212328927,0.221083823043278,0.169842412287616,0.144689120795745,0.11862519815943,0.120872796670448,0.141457689644107,0.122532821152075,0.174792930321966,0.175410214705151,0.245056981146495,0.136736527541217,0.168737016787426,0.177498801475073,0.128890417173357,0.153271301398582,0.120919793082056,0.176265960214491,0.133989314326959,0.134480173499833,0.170096802582895,0.112995061998273,0.182670652250768,0.139989406644049,0.114093768256133,0.225137532227666,0.16519825508635,0.186656492627449,0.113569758883872,0.105700853609946,0.206150382823132
"cordatoalata",0.228149736844326,0.227512740174977,0.228826493404285,0.231640258650075,0.195900459239418,0.108624958784637,0.266563648666635,0.138100176073334,0.186197047843938,0.0857530131865486,0.145700852757255,0.146051718500957,0.161226713224665,0.260185318821025,0.212238117790004,0.270095273062214,0.179004519787927,0.175418046667869,0.171721576137542,0.169819358135278,1,0.155802055154015,0.211046849389265,0.225875207833131,0.191838855119169,0.168551361746702,0.148021577369558,0.139622026474733,0.21989221229396,0.179086219970621,0.206950338815241,0.177236273564715,0.234278112072926,0.11806782962935,0.192849246565372,0.0997947196439338,0.194817387720025,0.150534261643887,0.162018191902078,0.172111593657839,0.136926385453225,0.215116926376625,0.116874091247611,0.200414554256962,0.233391939976371,0.119634962783554,0.135035447234921,0.231743004659884,0.153908233696916,0.13790062302566,0.20290969129416,0.147357278599772,0.196103117069044,0.186280757115263,0.188833135715315,0.174491248490503,0.134661483536879,0.154169016601039,0.169884562311411,0.184084705633073,0.20951803092565,0.180598395793719,0.222315123586227,0.240840904438654,0.199256401869758,0.247044492584483,0.181472229569112,0.243256465554397,0.176896327758867,0.232282991590392,0.141453947659959,0.139344224700028,0.213970106514798,0.148531808607739,0.170595713473851,0.215198440823674,0.0930317270181295,0.172624716029955,0.182576567174752,0.191025927996511,0.184369442423908,0.212844791068647,0.0790513573023851,0.162951277600934,0.100372480970237,0.145011630915226,0.196998343813171,0.187369183838035,0.0656721434780136,0.166631604532343,0.126022880526128,0.15078332137627,0.15454885348018,0.237847101377557,0.118950599226373,0.133016257585731,0.164201806472862,0.198014351370037
"coruscans",0.238639917123261,0.189438726522043,0.150496521580538,0.222953524838745,0.188181297987179,0.084331522235922,0.265925787680588,0.134113517903588,0.174156873599596,0.136266828899796,0.112902209052101,0.0904124572227809,0.13708582681941,0.197535096235671,0.173866409292078,0.195874028620423,0.120618780774513,0.143768503963639,0.10819867670454,0.252803245319738,0.155802055154015,1,0.307086165153724,0.219059528653617,0.156515247543788,0.235529926432374,0.235578900298016,0.123562716677162,0.173278841963597,0.15727782500895,0.211498321247395,0.141032804515315,0.17791421495925,0.142335625738998,0.148273997628667,0.0944477530313277,0.221699624023792,0.118942622798621,0.143087194163594,0.135486761472487,0.12918236797944,0.166170203740565,0.179471045793124,0.245894613296923,0.25147959104783,0.0690386023755895,0.111783683968732,0.227729721887116,0.189377230607544,0.101803380395857,0.134613321172614,0.165827014895223,0.211815884263039,0.15191808689192,0.19700457080516,0.105141002375792,0.118162458060324,0.138169264802484,0.118452261893468,0.128417576508296,0.21823540237168,0.162541336393815,0.162857362148242,0.149201518053007,0.174051833890265,0.154989202220634,0.12773193834373,0.251090802690965,0.175075987218183,0.184726405692602,0.142572495408537,0.133294704150544,0.134759148228905,0.142998315385769,0.213581231083353,0.211318208350772,0.0802494416045157,0.197266353228623,0.15691353316439,0.178645457093128,0.259660700488398,0.139497763124963,0.15636698051679,0.14107595362773,0.110937838115957,0.179250583881618,0.140227472161042,0.166276407738477,0.0623234621173712,0.167726454961009,0.106625468339118,0.110490754953723,0.199226480075652,0.162681175971532,0.115829667131576,0.0953849952999621,0.113516103930749,0.153420063929013
