"","acreana","acrocephala","acuminata","alata","alba","aria","auristellae","bourgonii","brachyrhachis.aff","brachystachys","brachystachys.aff","brevialata","brevipes","capitata12","capitata33","capitata35","cayennensis","chartacea","cinnamomea","cocleensis","cordatoalata","coruscans","cylindrica","edulis","fastuosa","flagelliformis","fosteriana","glomeriflora","goldmanii","gracilifolia","grandiflora","heterophylla","huberi","ingoides","jenmanii","kursarii","LA17","LA41","LA48","lateriflora","laurina","leiocalycina","leiocalycina.aff","lomatophylla","longiflora","longipedunculata","loubryana","M18","M25","M27b","M30","M71","marginata","melinonis","microcoma","multinervis","nobilis","nouragensis","obidensis","oerstediana","paraensis","pezizifera","pezizifera.aff","pitmanii","poeppigiana","punctata","retinocarpa","rubiginosa","ruiziana","sapindoides","sertulifera","setosa","spectabilis","splendens","stipularis","striata","suaveolens","subcapitata","T18","T21","T29","T50","T51","T82","T85","tenuistipula","thibaudiana","tomentosa","ulei","umbellifera","umbellifera.aff","umbratica","velutina","venusta","vera","virgultosa","vismiifolia","Zygia mediana"
"acreana",1,0.338635760456416,0.129957576681484,0.225008183167965,0.223454046290846,0.141538328567358,0.251009917884831,0.225793596624741,0.233967540475527,0.158710646976441,0.215741262792925,0.140417911867308,0.1300582269385,0.195290988580812,0.220928126021557,0.184208052484259,0.13680611516809,0.279404234534059,0.237108952190351,0.233957192320252,0.196590655523128,0.159149235215245,0.215488327686267,0.236028387795109,0.209762427619426,0.142260106292335,0.305551296801035,0.250947478518733,0.163379868470575,0.122259773275592,0.196435727105394,0.127766013379438,0.291523731092469,0.164691903167228,0.250684511742639,0.173437820936907,0.173152425092053,0.237602338523786,0.227609808381576,0.272355649180912,0.170904732470732,0.300191523276958,0.148822475087905,0.251704984648008,0.178951123922639,0.233565527137802,0.175455692448571,0.168228710788747,0.238114526411305,0.147314484773867,0.205960107752674,0.185748921702015,0.300492820532559,0.204007826939405,0.179115096187677,0.20023217629829,0.310051331055208,0.251936978739811,0.242106122631957,0.258036089666595,0.22802504286722,0.205721274281392,0.18619538998703,0.241115794266885,0.329714437387431,0.201877530697738,0.128153874662434,0.334194156427319,0.349955767721989,0.191330803183283,0.149861588653434,0.218270151589502,0.206389660889325,0.175584032468627,0.206833209740844,0.313433680144273,0.166503078115183,0.137650449681277,0.160798446398138,0.241058896859859,0.202799978729319,0.173451260048131,0.160257764344219,0.28274059234087,0.0996485826205828,0.372186392173886,0.226005074349365,0.147437784897714,0.107080281399253,0.258380974755262,0.285724926112288,0.200097827452134,0.121057392565728,0.250236395109723,0.146489639309494,0.117084166807232,0.22089496874153,0.230432507682506
"acrocephala",0.338635760456416,1,0.176852386962,0.234499058682696,0.30135601099841,0.127314608595399,0.211539781309273,0.199261614844407,0.225866989121345,0.147410798675661,0.192466164316079,0.124545492355071,0.135775514606584,0.245796059263364,0.213798907707921,0.196685273954094,0.137545176110793,0.296968964534245,0.309479987432341,0.220339182511274,0.196024839053801,0.149879466970561,0.19697540330813,0.235840904518463,0.281373955506908,0.152520266878764,0.346827087088436,0.284110476649903,0.147195718296272,0.175209443684413,0.215786622288307,0.125664011932543,0.263077938772368,0.153717060034739,0.274341952309756,0.200047932623583,0.210252842831485,0.302861107647335,0.33929133324637,0.240911221125981,0.188989783115924,0.368724333110233,0.122767576230995,0.295110413874139,0.203435008356582,0.21861060182016,0.22689602424454,0.14809161571347,0.267847719510846,0.175005969838313,0.208914745050619,0.187280859417979,0.437434091554787,0.240039649990694,0.152722147911997,0.221386022997052,0.33802825217038,0.314244634606661,0.293425224464067,0.244800885715127,0.243059035300231,0.253594461807139,0.224153205689,0.238181948672317,0.366408550548745,0.174049118153102,0.132599207528014,0.416106900807631,0.341570036210333,0.186094283015641,0.120475803075829,0.216725553916628,0.204632758125354,0.188984022278245,0.197500797984478,0.342649630839935,0.18013945583147,0.150069409390784,0.178186884747537,0.238792672763813,0.218104171023237,0.179092408835483,0.162864164365402,0.261686137774733,0.109189901293513,0.45626330898582,0.216904984332586,0.197438959406361,0.089128780317129,0.253244923540255,0.337006495364419,0.276370786220041,0.125909126300919,0.246552510116021,0.138656916330314,0.10896894997273,0.201669320005132,0.235652607377356
"acuminata",0.129957576681484,0.176852386962,1,0.157712667611249,0.123779127989359,0.0656318503853364,0.233759352259064,0.155963880057121,0.16040840256321,0.129005431590571,0.123876307452914,0.0850722341437458,0.104680536390257,0.15093401377475,0.181802569400259,0.133187935160586,0.118952101077868,0.170881151647396,0.159536588814083,0.125227352240839,0.0954800806913194,0.101790262960579,0.141229921911672,0.167336029361907,0.111962126389391,0.0856143067774062,0.156086915818774,0.151603545129301,0.128071219820574,0.198713110523993,0.172518400265684,0.113029279309395,0.140056024566278,0.0866293572193662,0.169593537430556,0.185870709353167,0.152348319211929,0.133271333953044,0.149789557804097,0.107501440938949,0.132566084783199,0.198730405655573,0.0813421575062267,0.277300159148977,0.215466312251566,0.137197951811726,0.10998699531466,0.082738536791078,0.172817564301118,0.0987084080940832,0.100454065356207,0.114246998001146,0.178358101205102,0.107275267736742,0.125692914408058,0.171405806864384,0.183830933346881,0.155314332821849,0.143991488343452,0.158039940183616,0.116891590293301,0.222541375191841,0.284295689574963,0.145708710771358,0.14895763263498,0.148010217510026,0.105029151061478,0.20931646398187,0.128095510515298,0.175239458667508,0.0835251678513969,0.133274975134274,0.163083082259332,0.211416959505141,0.112072173860369,0.162262458363066,0.212409499366326,0.0580654940201461,0.110290298445306,0.117750373475367,0.133974306823296,0.132860978885458,0.079601921242909,0.130064206750432,0.182877005960041,0.183466382636478,0.128574629181357,0.0673517881364651,0.0625739208246597,0.126841923420205,0.239800847671134,0.305279903917492,0.276862023441942,0.151534990277879,0.297006718168615,0.0946113134727605,0.21250306429961,0.159754771642976
"alata",0.225008183167965,0.234499058682696,0.157712667611249,1,0.224929922401229,0.113156530835212,0.266182816835222,0.240175584218407,0.252265564568809,0.15689784921442,0.189232514371692,0.148110326105444,0.168709398440022,0.238838717691598,0.281916715722255,0.236517818405163,0.186789890432111,0.32071963489284,0.250423698607342,0.233428533855999,0.185437747518808,0.207165112948063,0.231329004045192,0.314852900209084,0.187468295321389,0.162668993064917,0.236062266139002,0.214381331312958,0.195722199370571,0.165296870379664,0.237830705403019,0.160579794736301,0.294171801451019,0.155132283368522,0.216899041288686,0.169995345854308,0.179878059434855,0.245502850584294,0.152706249667415,0.183827986445194,0.173989008461126,0.304885485104526,0.142817290506716,0.21538015419471,0.241433819362346,0.199019091585384,0.154897105120661,0.220148916953896,0.211597420137281,0.189215480734564,0.183552626030828,0.150935861811586,0.271683832799628,0.194494585010877,0.16430191430822,0.208006716434069,0.258208618114355,0.241591917654771,0.195861423278863,0.207692543080713,0.20524701603477,0.322133295999087,0.272396050493733,0.227459056944904,0.258953931546133,0.248919145111354,0.178712055215431,0.232292576086764,0.242612383810635,0.330325740430811,0.14726644064912,0.20783906798674,0.231862762533664,0.222263421375892,0.211359434470469,0.267756996452098,0.196173113462636,0.12695083066948,0.194502381009493,0.243229633095121,0.218551365997885,0.208157654109754,0.156667078240116,0.202133805786792,0.110063679034111,0.229922993162028,0.23009778365468,0.176983658532575,0.0976208895253833,0.245921850690393,0.21517795170695,0.18564050448684,0.17381719390578,0.23890663957628,0.187042265812047,0.12315694322571,0.203213015264906,0.255099671141872
"alba",0.223454046290846,0.30135601099841,0.123779127989359,0.224929922401229,1,0.141379992136584,0.218566181386855,0.182792772938079,0.262029124333731,0.227628300025755,0.246947991590473,0.232204508884813,0.230238345220825,0.233478578718309,0.227271745316694,0.179561244367703,0.145189925229517,0.241350343611832,0.202254137687643,0.183888160327348,0.169168876588397,0.156989623934959,0.204758058699234,0.22450803425514,0.238269050785818,0.254738463657167,0.253729619619454,0.209719435003783,0.142934397944955,0.120904074884794,0.184806822610415,0.248534410654214,0.223886154994508,0.148654914809753,0.286879623762389,0.228085360179839,0.150302849358405,0.156591324848632,0.287145424254496,0.174765368614741,0.303545505101589,0.242425588481197,0.140307900317039,0.173394987953508,0.168382817129432,0.238877911580249,0.345771912922434,0.152634134602076,0.290448619645489,0.266490263479192,0.189423681177407,0.166070651368073,0.204412565642332,0.185446561269987,0.150620884271371,0.293702272817265,0.235835420680968,0.213874717346361,0.429040124853507,0.251734214339235,0.241610963763466,0.2587846638438,0.183995575851871,0.216459477116442,0.288092867545054,0.186183997154205,0.134848721575168,0.228741995921829,0.204312591438619,0.190068510915703,0.238347739409195,0.195907191417352,0.19084722884621,0.168269635444032,0.190500610593572,0.261280958318602,0.150141631947692,0.112305730829832,0.144044440428275,0.198685521606804,0.200186943710537,0.206755585830084,0.128433525107631,0.201542403996015,0.102387854286905,0.204985235156297,0.217617014304193,0.143555238818432,0.0869377493608,0.359998138586435,0.177988597646522,0.324551505182034,0.116684301627555,0.204087804389499,0.113223124798086,0.209864307769679,0.175009843549983,0.259245671334925
"aria",0.141538328567358,0.127314608595399,0.0656318503853364,0.113156530835212,0.141379992136584,1,0.106765541959624,0.133319681029105,0.155569169266271,0.0685510674911366,0.0855467204128539,0.0941452081720411,0.0935933776347953,0.107134347961482,0.125626936255114,0.11779069968377,0.0933345703946468,0.210255822138761,0.103269295964921,0.126831522206444,0.160670670707306,0.0948094785063004,0.110027018367304,0.112713039409728,0.139474447504847,0.0820337955189221,0.11282867454561,0.204653213420637,0.115333955547071,0.0927865662268593,0.109612058103473,0.173428215335355,0.122089980858768,0.133346763082605,0.0890344982729897,0.0915289711069116,0.104960632910619,0.0691891356250869,0.111440368812258,0.112716843838449,0.0963757480704102,0.132330593524859,0.117878825582882,0.120890324958434,0.12372400613441,0.136140917737092,0.0805966479444399,0.195595387251234,0.108397466624849,0.177409852943085,0.111448294207566,0.0985752188675273,0.108025585980736,0.147239173813312,0.0796853712408726,0.137279648977525,0.135451900402198,0.157201480379212,0.128200572054113,0.144383701309793,0.187377061917875,0.118077121251254,0.0924903712812463,0.140625465869147,0.128020378567954,0.101696849839746,0.11290473936161,0.12017382150846,0.125431254876032,0.206269839129231,0.0854794683109956,0.103062768575874,0.102678804770905,0.104373864844785,0.142290164393876,0.152073915899208,0.0996521603760586,0.124364669195925,0.090306814758181,0.131914120478564,0.132493790694342,0.0983959141788431,0.0918166554925537,0.11980675571147,0.0563461594089309,0.117396165997104,0.150781606638965,0.102433691136363,0.0758618684240812,0.125898668750168,0.114975534821252,0.105243276891605,0.0735374510262752,0.141363074087078,0.071251155904701,0.0779091563803852,0.104440429169576,0.136751830352533
"auristellae",0.251009917884831,0.211539781309273,0.233759352259064,0.266182816835222,0.218566181386855,0.106765541959624,1,0.258653187207586,0.294188559284177,0.138547162012777,0.164527996429174,0.143641167567474,0.140005293288279,0.220439024690565,0.256194755867121,0.204766013127362,0.167520149901577,0.240735184432603,0.236775622705572,0.218373229329609,0.175759376031987,0.163601423018355,0.269018915309629,0.249378891782654,0.179027162754075,0.153177858157858,0.199018877894138,0.238074929948927,0.172229918872768,0.168368532664375,0.247306713825721,0.161561269603723,0.245844201340923,0.153143603195894,0.228753602014331,0.174463245707434,0.299241206241895,0.152957879010941,0.172147735368883,0.196460783716146,0.167991558703916,0.28544376729692,0.143144941084227,0.307229604696532,0.261874032913145,0.195692672846353,0.141172289557332,0.157631115895795,0.218675997012344,0.161680697518397,0.181510815917384,0.179236732108806,0.240201138341526,0.180277773340271,0.182742585485554,0.279836731278476,0.274846939919511,0.232961935580137,0.220588769439033,0.274754655567294,0.223769894356719,0.320298521867724,0.308142876058527,0.263458731050556,0.254775029868641,0.196449546314161,0.167394252850366,0.270979643326823,0.197788714118142,0.325759884078698,0.158775894830356,0.187912947077488,0.240437609834678,0.233495982396914,0.18937671622286,0.253020926466291,0.250928986452006,0.11432293740766,0.162875220537975,0.283089823561905,0.216354958547999,0.203548661908618,0.160495795355548,0.2129588711276,0.119635211602889,0.245490184169475,0.244305588699257,0.144212364578187,0.106407889970675,0.220986544918872,0.244058155327105,0.260147127031168,0.174908392544669,0.240148068865892,0.218902842669684,0.117153313777655,0.219932697372684,0.301777111642864
"bourgonii",0.225793596624741,0.199261614844407,0.155963880057121,0.240175584218407,0.182792772938079,0.133319681029105,0.258653187207586,1,0.236091212479654,0.14451659199886,0.186037721965468,0.143892236604181,0.153534343654659,0.266248013731838,0.253721817803731,0.217486273848343,0.147722528174736,0.247133866432756,0.212066927262427,0.199356123736285,0.219298117427775,0.210877374953021,0.259429281445535,0.229667680399647,0.18373376626268,0.126542712999659,0.235315945607629,0.205073780426143,0.201253071424414,0.161261914739247,0.170312215230913,0.154845779491673,0.232502317213174,0.163061766893469,0.189960477735906,0.144773258763312,0.211664522809565,0.124436382316606,0.166403615612492,0.227658398410305,0.176336387895468,0.231762097808549,0.151137177585156,0.238542974806009,0.213675628979143,0.1952076376038,0.150344095954893,0.156682501269826,0.195871923917608,0.174552881188797,0.163877577685228,0.165404998807072,0.225052305375244,0.180188906624594,0.184569675455397,0.214126944968083,0.231921838767885,0.219855143387882,0.185536889623687,0.204089659784744,0.210033054231604,0.226403960719242,0.22204843580072,0.201444414294758,0.241683627630366,0.174728501005057,0.163688238317079,0.228632943064052,0.205491361319385,0.234779980655223,0.123192359132969,0.231572571274091,0.273038422233635,0.18632933910196,0.199126189876282,0.235150656744819,0.228665668301364,0.132805432861453,0.182718920141535,0.215184751099654,0.248813763750474,0.219792293584261,0.167448043879884,0.217036072777268,0.105292944767116,0.196381850690116,0.208314662143424,0.149651355121568,0.104504587253968,0.207735279108293,0.209519292588817,0.186264285513737,0.14284335436628,0.233817344494588,0.156192503051449,0.141364172358929,0.208089991015556,0.244595480262439
"brachyrhachis.aff",0.233967540475527,0.225866989121345,0.16040840256321,0.252265564568809,0.262029124333731,0.155569169266271,0.294188559284177,0.236091212479654,1,0.15011017677487,0.163899426667737,0.149988136150545,0.127362527763096,0.239559119983267,0.232937163281904,0.188032196980546,0.179147352368999,0.259763736940747,0.211189794332798,0.189089799773462,0.181919558354651,0.15076692122469,0.234441087076253,0.236798284152397,0.196479348973187,0.20979744931832,0.192670659326257,0.238922106989555,0.189033744148698,0.154385492459776,0.229794603224834,0.15267937685588,0.314766028203508,0.160459531417725,0.163903920097829,0.165431559030776,0.232011071958879,0.162536910926881,0.185825603187937,0.209175786680516,0.187250659278802,0.320788581561849,0.158554493368449,0.273763265058434,0.19449105136753,0.229863438051169,0.1472440650753,0.154035162289085,0.222532953736592,0.16064508880479,0.200120282235869,0.183782300172013,0.237659286668261,0.198832544287489,0.168696662900806,0.225844301255279,0.311582631241471,0.260226671469893,0.224398028094435,0.221993372221651,0.22331088580738,0.248095384312984,0.235786313921146,0.307425178920313,0.272327248298995,0.184391763008113,0.153651987901649,0.260619475548754,0.208284376257179,0.227623230227889,0.184291434955647,0.183894466800592,0.19508249434395,0.181549387627654,0.211762701247797,0.27611922111966,0.171756959310983,0.11358450868664,0.213053232291454,0.246919540252293,0.20973800107863,0.183271134398564,0.146910096199252,0.253119594160336,0.116182760086317,0.218640082058814,0.252199375057417,0.145835491436041,0.0792714367128481,0.206089530040669,0.267011046367171,0.215057562000209,0.143687069896417,0.221478814927723,0.162736828898027,0.125419176716008,0.218833207179958,0.310316897272135
"brachystachys",0.158710646976441,0.147410798675661,0.129005431590571,0.15689784921442,0.227628300025755,0.0685510674911366,0.138547162012777,0.14451659199886,0.15011017677487,1,0.331977319772376,0.238285833071881,0.207031424039654,0.142820152496265,0.180019801088642,0.123779806412018,0.101374918573539,0.204150674594828,0.145432504381574,0.110801523581544,0.145583843856397,0.151287445994135,0.145461137410053,0.233942368882796,0.114982826941729,0.26271636503618,0.134358396051416,0.149769879237632,0.106801211207197,0.112466182013253,0.129124690291102,0.356837577921176,0.135451293173031,0.149462844258895,0.320481917824157,0.106803732190601,0.125310886343369,0.122139113400602,0.131012959776117,0.125506493847563,0.335012288086026,0.161948541972905,0.0886687978097944,0.189097776509686,0.163502770364093,0.148101468080945,0.405262354238492,0.108166491541172,0.308031343688856,0.262030553050974,0.15038713118509,0.143346546514564,0.152357960959183,0.112260268435708,0.140531683669711,0.11636645374076,0.169039777028174,0.153879421296318,0.252350025674103,0.136477681513113,0.124036369977738,0.172208541168371,0.159000795727524,0.148144641507772,0.150710883969216,0.131891286459099,0.115286446483605,0.157274358799391,0.150016683953854,0.13401751428722,0.285826666530442,0.184580052427418,0.15652412938908,0.125166699304643,0.164205376771243,0.177745511738886,0.124343371819558,0.0936039243546699,0.105750892156101,0.152775141297676,0.142292968112304,0.158573589481848,0.128914718873272,0.152949326207358,0.0700541841540375,0.159755253468486,0.126252208194702,0.0959124512899131,0.0666523805937453,0.258702343681672,0.175098892572322,0.339220371692087,0.099177304394335,0.194410190480036,0.0788458075840535,0.33551326019916,0.202478569026144,0.152839410450635
"brachystachys.aff",0.215741262792925,0.192466164316079,0.123876307452914,0.189232514371692,0.246947991590473,0.0855467204128539,0.164527996429174,0.186037721965468,0.163899426667737,0.331977319772376,1,0.271896198426254,0.206799329195806,0.192117696731274,0.179416570716585,0.226376116187353,0.114067811194995,0.209651088945464,0.20180469380011,0.198874070074731,0.163602979254078,0.148099618388748,0.153595652557597,0.171503455344771,0.129996183004148,0.309429597967521,0.185933468132188,0.195957355361135,0.151079649396304,0.128806878471213,0.175917453701495,0.33224164195201,0.195868041338466,0.113402928413628,0.399644305127877,0.170549889242002,0.12540700030525,0.195251712666146,0.138469996439072,0.208753702557088,0.354176451178665,0.197756407058783,0.101231310899871,0.146737121740761,0.16824488297741,0.159223555422709,0.374667689412579,0.189030096287657,0.376089624736735,0.311667435949784,0.140385080060946,0.126546361756633,0.193328015092648,0.129048644282052,0.165192399726547,0.13822876379101,0.192048880238045,0.19437362118795,0.283445000618801,0.155839343023942,0.148612821311637,0.172054091025847,0.2308614871639,0.15718125452151,0.216459698654843,0.172313524938051,0.101486129056541,0.201097813459227,0.195816496148336,0.156861614894178,0.309062665690773,0.142129149735778,0.201755591086915,0.177969172193826,0.141508612765397,0.206256209650355,0.204194129870504,0.0987369667492444,0.118629681880632,0.148323718413318,0.178596888605161,0.179662817501606,0.10347585206394,0.174925353661729,0.111379872730757,0.209843653708688,0.148518370452442,0.108111013559751,0.0681441826955679,0.297190481593436,0.203979821041087,0.315890260352796,0.168041615944019,0.178987164006425,0.149472265477583,0.328782455302442,0.172334700437104,0.156343663454026
"brevialata",0.140417911867308,0.124545492355071,0.0850722341437458,0.148110326105444,0.232204508884813,0.0941452081720411,0.143641167567474,0.143892236604181,0.149988136150545,0.238285833071881,0.271896198426254,1,0.211633102240791,0.145969045715073,0.137593569562106,0.132782354005471,0.125960721388683,0.124626873941714,0.138672712270801,0.115291657872674,0.128843470412163,0.125387033357109,0.143076397890799,0.131744210597956,0.149013899156083,0.25471983327122,0.122331547859624,0.125218205223572,0.119359320660168,0.0947427240397819,0.120147630795863,0.29223142849565,0.156649640439567,0.118662110675108,0.266787967073715,0.105424563139683,0.104394367043332,0.0984819841901419,0.101761287512601,0.124530583044751,0.267000944439347,0.128121965330152,0.106369309092491,0.140117037486409,0.136423253110963,0.128571871959777,0.241676311861872,0.110840088931971,0.289823096848555,0.267769529166199,0.107581940619187,0.116093710412435,0.140082013108606,0.122705693197962,0.105171389646506,0.120568666689422,0.133612768039102,0.155236097941642,0.253921875571579,0.122091139771326,0.127577456270601,0.130511925574544,0.129979585969486,0.163068492329192,0.13970045226451,0.114147452599149,0.0911081135016927,0.152808278549628,0.124449406719881,0.138923241075857,0.249377681143342,0.130240685998172,0.110179574515365,0.133012831090886,0.125191912818206,0.132806317845166,0.102442278387099,0.0853134696502951,0.114404092000771,0.13237160241138,0.139370386711374,0.207204695372109,0.108777872496104,0.134212285626628,0.0625428531852796,0.123393237362021,0.146868684414675,0.111422288170934,0.0902730508303556,0.263064467663139,0.11713895864452,0.277413153168228,0.100875894405769,0.163491427345118,0.0815167797774153,0.247432988825089,0.155340183084315,0.150639497350359
"brevipes",0.1300582269385,0.135775514606584,0.104680536390257,0.168709398440022,0.230238345220825,0.0935933776347953,0.140005293288279,0.153534343654659,0.127362527763096,0.207031424039654,0.206799329195806,0.211633102240791,1,0.141098567564922,0.162666106110286,0.143511160260423,0.130843561235428,0.154849107811928,0.152148802920511,0.160607945579385,0.112845905061973,0.127705237247412,0.176383182888007,0.148039189910734,0.110315588097587,0.207457462302473,0.152243808399588,0.12538974217958,0.141571544659145,0.133975157900869,0.133338875812977,0.231366782004091,0.169425873395228,0.1125569922403,0.242832469049168,0.11959028276806,0.12490719176276,0.110518735298344,0.0944784377554866,0.104609580785439,0.226569242220768,0.148699197402538,0.102869630286602,0.110713209728361,0.158926754347608,0.122308584640813,0.211639437134127,0.127484409004614,0.230482147008543,0.225402407170291,0.111145458640658,0.101654713501345,0.147609346512503,0.118702177912414,0.109744744975319,0.14202967781414,0.117642832491739,0.14690222121056,0.221633710270379,0.140619521512538,0.147230318010928,0.17645299441039,0.156310098407447,0.149765528924809,0.145286561732656,0.126164175289123,0.113577029558318,0.135146748789283,0.118545882830196,0.183457953058336,0.178891521815315,0.117033144509305,0.158431111044804,0.161353132187527,0.120041526374382,0.179301107741489,0.1422619735854,0.101061546955313,0.219990582535242,0.144289409248848,0.149962327213943,0.165187081102236,0.106895279879139,0.123048598559544,0.0720522915338115,0.137323054546547,0.187740228817163,0.10826034046876,0.0845971983876026,0.243922519323712,0.118944561646717,0.201557958722014,0.129447733667774,0.148700150055875,0.121445978992615,0.205902029936987,0.161238356429599,0.168985971692536
"capitata12",0.195290988580812,0.245796059263364,0.15093401377475,0.238838717691598,0.233478578718309,0.107134347961482,0.220439024690565,0.266248013731838,0.239559119983267,0.142820152496265,0.192117696731274,0.145969045715073,0.141098567564922,1,0.272569609898615,0.240611049900818,0.153759565620338,0.231880200954741,0.189823439884868,0.186467192437172,0.164723839976552,0.188711789638375,0.212785725410536,0.236028275034356,0.194794854357036,0.174839055670806,0.177566740417173,0.212366415981757,0.24766028882952,0.14658413505198,0.173997463940454,0.141476816120352,0.246190516131234,0.169111286877353,0.189055192758931,0.170214925909476,0.19634332388884,0.136729052434075,0.167547274821479,0.170100266072234,0.249628733838726,0.212891496345503,0.151569006028849,0.199349369979504,0.206054849490519,0.19255250479817,0.171901957954466,0.152025205682063,0.197221647845575,0.181217909095596,0.153468667474919,0.171379582067062,0.207985335963236,0.196598469335751,0.16559933938775,0.1787731639697,0.215582816284864,0.210738898731759,0.203358951421567,0.175746244991784,0.19840508698394,0.265593984034274,0.20849320094058,0.197611926009255,0.210705525298233,0.20669816538758,0.159300125904126,0.216801456919455,0.190104346020113,0.223731909915823,0.13810056366013,0.180888258168408,0.217416917136038,0.207598591773758,0.191498975375916,0.220959912020259,0.183933782711068,0.131481400434267,0.169185981260537,0.227924553481003,0.237292384396813,0.223983719214114,0.151600406633933,0.214926351100164,0.159787734565839,0.206217538947955,0.202329075987463,0.138005599522344,0.108437887642254,0.23497015095796,0.177126195114562,0.164952979817498,0.119802675632986,0.224066892336827,0.127378636088983,0.122332410174103,0.199647262149501,0.222412182212419
"capitata33",0.220928126021557,0.213798907707921,0.181802569400259,0.281916715722255,0.227271745316694,0.125626936255114,0.256194755867121,0.253721817803731,0.232937163281904,0.180019801088642,0.179416570716585,0.137593569562106,0.162666106110286,0.272569609898615,1,0.193167407165542,0.182729981428096,0.292759184607885,0.214931027372245,0.192016535514214,0.167360737510008,0.209717023035735,0.229069348783968,0.279468782945179,0.182857273026861,0.181871214424959,0.206236560592717,0.209460969204392,0.223386937951359,0.22476370479502,0.242108155621977,0.179670161414525,0.242050897873194,0.173975428423464,0.231574252251612,0.220364431517211,0.197062749744689,0.136967347934862,0.19309598657772,0.211865137691071,0.195131166912825,0.247652124736435,0.165064986546744,0.171839770400259,0.290372786209223,0.257153082497082,0.174912175784795,0.177097030841093,0.215041522562223,0.191567155290825,0.158260489195165,0.195357780658493,0.225938503515838,0.170450768408708,0.143835138052178,0.237836828357522,0.227205453780412,0.212871292010701,0.21448256768592,0.251411504306661,0.236934847610853,0.291466203449732,0.27424315012773,0.237782939525186,0.242753106120465,0.189506642638179,0.165496059618344,0.218209525016491,0.225160152758885,0.307403654850758,0.130516390439145,0.20967563173984,0.256416614520981,0.27714831326627,0.196579216279915,0.231232220746902,0.202674417814135,0.1319170185711,0.160835804281045,0.23902020327721,0.272659527904007,0.228876467812461,0.1328216893739,0.212964771055672,0.151698752986011,0.213057919263245,0.253518166743928,0.137198550675873,0.100999077535639,0.241792905678051,0.18044205297117,0.162628988017572,0.174347839613077,0.278420196075871,0.223814636384751,0.154049334189978,0.250971110627948,0.301881592608603
"capitata35",0.184208052484259,0.196685273954094,0.133187935160586,0.236517818405163,0.179561244367703,0.11779069968377,0.204766013127362,0.217486273848343,0.188032196980546,0.123779806412018,0.226376116187353,0.132782354005471,0.143511160260423,0.240611049900818,0.193167407165542,1,0.140870240288347,0.253152747096699,0.257640152908939,0.244309067487195,0.163644221219068,0.162383327926176,0.171073302298323,0.173470430264677,0.192281002922574,0.16005555221969,0.234236840238276,0.287971608830103,0.154652037974455,0.135909990797592,0.210409714374415,0.135636331846114,0.234497035606335,0.129012094529574,0.272696080254481,0.16020173029042,0.158323474953145,0.222890836940033,0.133793097392966,0.179064287392704,0.164704292076115,0.246180130755106,0.112640458533808,0.185171997238621,0.169299942743511,0.138650513386074,0.147013454578621,0.138161407805392,0.218793120750537,0.163910498033985,0.159586910791546,0.152447876101648,0.286944317616497,0.188439262903166,0.17422176873116,0.173168173249142,0.194014623672634,0.213610701631493,0.169557092654671,0.172423555574956,0.179470861210954,0.181564736083033,0.211922704016351,0.175896998665288,0.220478236057099,0.17100950013186,0.120690329316417,0.232713578801182,0.175823217087025,0.210484145693732,0.128653304592078,0.155848726498733,0.21452306366888,0.203753600040385,0.152301895740068,0.279826724803075,0.201954638945602,0.156713517550834,0.135725040645888,0.180425398139024,0.19286799360113,0.166296886393893,0.150577514695788,0.166864993138348,0.120499392121396,0.243923487077336,0.189187827945932,0.11328896560629,0.0881157032148321,0.234422406359828,0.214164354303669,0.167778668788788,0.127501977100541,0.21130824968148,0.124316607839562,0.106465164606449,0.193778714003084,0.208597396290353
"cayennensis",0.13680611516809,0.137545176110793,0.118952101077868,0.186789890432111,0.145189925229517,0.0933345703946468,0.167520149901577,0.147722528174736,0.179147352368999,0.101374918573539,0.114067811194995,0.125960721388683,0.130843561235428,0.153759565620338,0.182729981428096,0.140870240288347,1,0.16151565445655,0.140497140323163,0.156280868457025,0.123191754341479,0.156999502862287,0.16445574336942,0.160945460622741,0.131434787354755,0.140752776774226,0.140908170460646,0.130703493796707,0.130414998158717,0.166325780646243,0.141978815679397,0.14804311664064,0.187328319289297,0.124571988054896,0.128745238573024,0.132116456584091,0.12589216793449,0.0887751321542675,0.118330245487671,0.123557183830594,0.119674377733815,0.184378290400536,0.109626997188113,0.155221645107909,0.158907202106551,0.163714995350613,0.112166144051782,0.110816937644629,0.171378159933253,0.123006283552192,0.122532601644806,0.128530055458525,0.145245053141195,0.142745955791878,0.144512783132967,0.184480192991064,0.140173465084272,0.135441263820599,0.142936062747421,0.138953205748902,0.142537068501079,0.176218551981818,0.171773231301402,0.160488721368634,0.143804800786314,0.141011422831085,0.109786520755828,0.149597320238126,0.174488987455493,0.198908790953653,0.107638452306206,0.125059380006424,0.151858854115495,0.169037175096037,0.143370573056686,0.152119568182498,0.142729405109457,0.0901063908841939,0.150705002450185,0.175585877948019,0.200286732400639,0.150903461232282,0.0970004526090249,0.135839695747006,0.101011841844465,0.126648768304532,0.17098826876865,0.118063867970159,0.0762257721276716,0.170267939806225,0.130858209610911,0.116737199945348,0.149064460836716,0.170331383524537,0.115174821739609,0.189219651527123,0.162588773929163,0.171254649161568
"chartacea",0.279404234534059,0.296968964534245,0.170881151647396,0.32071963489284,0.241350343611832,0.210255822138761,0.240735184432603,0.247133866432756,0.259763736940747,0.204150674594828,0.209651088945464,0.124626873941714,0.154849107811928,0.231880200954741,0.292759184607885,0.253152747096699,0.16151565445655,1,0.289539297853493,0.202958708229077,0.198668641822631,0.186599445224628,0.232414618330193,0.309805488538134,0.188760392792858,0.191937037845988,0.291803346944441,0.284544974849439,0.181555702962356,0.161370481657329,0.238895729544715,0.158518884245837,0.288799858079164,0.157918736158379,0.25533595363469,0.201741081257094,0.176179827935328,0.238339195523613,0.197518931197733,0.177508910081577,0.189002052634506,0.299281546834121,0.130874481641582,0.229769932291593,0.264525291864639,0.228405619207869,0.166364343162576,0.207279984273895,0.243268284073002,0.201603844311461,0.19585581472626,0.186805627585477,0.317739928635503,0.192704042501356,0.181872106926956,0.196683814146376,0.261718110002465,0.275341326711823,0.204543794006381,0.212951296960586,0.231464157307447,0.234179105914533,0.240650935813245,0.236078434418764,0.297302059099315,0.200522187573641,0.161160508686218,0.292048658073082,0.264750054349352,0.289244294231401,0.114247437511093,0.221298036229672,0.228938426761112,0.235844780888268,0.23204597962179,0.335545250468897,0.214151629601814,0.12795207459961,0.148972667873753,0.219654158800932,0.202837613535083,0.205373884150181,0.156857563691331,0.209128968208965,0.143635001324979,0.297474999430184,0.199833762571971,0.128372171137619,0.0810445788424445,0.214214645470802,0.248157043425028,0.185545921952791,0.146479296271986,0.296008173645219,0.181930435588817,0.103156417820355,0.232026381299432,0.292765326165172
"cinnamomea",0.237108952190351,0.309479987432341,0.159536588814083,0.250423698607342,0.202254137687643,0.103269295964921,0.236775622705572,0.212066927262427,0.211189794332798,0.145432504381574,0.20180469380011,0.138672712270801,0.152148802920511,0.189823439884868,0.214931027372245,0.257640152908939,0.140497140323163,0.289539297853493,1,0.270740239739902,0.182146024272788,0.151817532786927,0.200088848022257,0.236743274490484,0.177115108972431,0.16229413306067,0.322239546815482,0.250952836845486,0.167124898849084,0.127156682587408,0.253418751777632,0.126669028508169,0.239863607155387,0.138330089627122,0.270916837211108,0.137097397904494,0.19342594145845,0.251981790314875,0.200302902472384,0.194215326646911,0.148127715686708,0.286828933846408,0.138825774827443,0.241952685086903,0.186902023114346,0.183196620387329,0.15585338089557,0.175793112326912,0.266926978274685,0.159706377190646,0.248355349331588,0.196963953681431,0.390840652859472,0.181913279315061,0.154314987728198,0.173440696735709,0.234663015345527,0.24885848478547,0.205547366908707,0.202179960959359,0.210092467227302,0.197668730448921,0.214215583768785,0.224125174890774,0.288854969745417,0.174874138295495,0.156328199009772,0.27963847067352,0.227839244244722,0.203450937898653,0.111193522371698,0.203803082919316,0.212977740093216,0.204031375781791,0.215676882499986,0.293176541397825,0.197267028687987,0.128390009753663,0.155748422201794,0.204485280250447,0.215643011890095,0.176957030065437,0.134578726479397,0.196427509975732,0.123429390273447,0.338585604677315,0.203661954631712,0.14516483340193,0.0959248496036315,0.206244517314094,0.275567372982133,0.214295122820753,0.149745409357009,0.256721173189514,0.136641790200705,0.122065380428847,0.204576400152174,0.225253507595957
"cocleensis",0.233957192320252,0.220339182511274,0.125227352240839,0.233428533855999,0.183888160327348,0.126831522206444,0.218373229329609,0.199356123736285,0.189089799773462,0.110801523581544,0.198874070074731,0.115291657872674,0.160607945579385,0.186467192437172,0.192016535514214,0.244309067487195,0.156280868457025,0.202958708229077,0.270740239739902,1,0.147793171902039,0.140879808207202,0.173197475125298,0.186261132151157,0.173359289849061,0.118124199322821,0.198232699302799,0.188675529343962,0.167814435367339,0.118102230972734,0.173359832586401,0.140963438610449,0.202772967941706,0.145611016029002,0.170135123359975,0.146163587652465,0.176171815730468,0.167323249911748,0.152020826385203,0.167504443571506,0.132901513407178,0.232265517141234,0.141443917606556,0.167291408738247,0.169444452097122,0.17280825547536,0.139866993929649,0.188430341325354,0.228156010018365,0.145688024369577,0.133367147491507,0.145442920630579,0.239100789515919,0.149507405288675,0.149661652025701,0.184599186292409,0.194623780806696,0.190806214912584,0.186686803686027,0.190136613777842,0.175468472395252,0.207800415801822,0.193661518732186,0.207591809207925,0.232706659938047,0.179709536451545,0.139384282817521,0.192624518464675,0.241448429107555,0.196110193789629,0.10778497946041,0.149435669536862,0.186789529013455,0.164866357391116,0.170642174490806,0.214127099616724,0.160188348543244,0.131070316902203,0.1635631276065,0.175505049874818,0.181448833158441,0.15368523874445,0.127687751095336,0.179412372614549,0.0902993043157074,0.217326850225138,0.238192524338589,0.130778501138852,0.0869127842795447,0.196866876114171,0.188323635845229,0.161887971405836,0.131302422378489,0.218159162491551,0.162938384670961,0.103205504244402,0.169418735355635,0.181896340497779
"cordatoalata",0.196590655523128,0.196024839053801,0.0954800806913194,0.185437747518808,0.169168876588397,0.160670670707306,0.175759376031987,0.219298117427775,0.181919558354651,0.145583843856397,0.163602979254078,0.128843470412163,0.112845905061973,0.164723839976552,0.167360737510008,0.163644221219068,0.123191754341479,0.198668641822631,0.182146024272788,0.147793171902039,1,0.195508803316511,0.167812761351839,0.188426991736103,0.173517071680689,0.114953853187865,0.175026648536532,0.195971263876106,0.130057433143473,0.114731347293322,0.146299355959463,0.130094328269353,0.196095600167617,0.143342781145698,0.138172150073565,0.10441367448243,0.149620976696703,0.121489017279449,0.165755020624563,0.372393582335362,0.135563548399278,0.191044009011095,0.107731098821191,0.233464242554246,0.142929019669525,0.159844755258837,0.147019895659384,0.149228871078795,0.159110511915238,0.198805734811742,0.200726482823587,0.195682855636259,0.185840244590818,0.180179663134318,0.158322165646263,0.153776303462018,0.195635621536178,0.194847504371592,0.163181707229254,0.174376227981908,0.171232405305702,0.165895909496644,0.147614802044066,0.206534360610118,0.233907464027249,0.152290698860785,0.123012880035473,0.222892644957012,0.211512932146855,0.198467724785939,0.114356910322488,0.223317445574236,0.236113970857758,0.133123417349024,0.163413649072577,0.195993294487546,0.229291143625895,0.137267862174151,0.153892241656052,0.213432139603769,0.200699971374947,0.149956360960988,0.143111381879638,0.177407475722622,0.0964019152906273,0.186795609050067,0.177565179066684,0.147940841043539,0.141773362919927,0.225562575577529,0.196788709949628,0.151876230694222,0.0966418733053475,0.191004183302829,0.0853149613188699,0.106275513710816,0.14364536244384,0.196129490575909
"coruscans",0.159149235215245,0.149879466970561,0.101790262960579,0.207165112948063,0.156989623934959,0.0948094785063004,0.163601423018355,0.210877374953021,0.15076692122469,0.151287445994135,0.148099618388748,0.125387033357109,0.127705237247412,0.188711789638375,0.209717023035735,0.162383327926176,0.156999502862287,0.186599445224628,0.151817532786927,0.140879808207202,0.195508803316511,1,0.180660601018607,0.218369668320359,0.135985263986384,0.133404259243502,0.139063449317778,0.133744468479196,0.134712302520641,0.128422814811644,0.163218575875075,0.108963696743201,0.172560795583998,0.140994926336437,0.143942678820741,0.128992729447184,0.137053765835243,0.104126193580814,0.125939067064559,0.179420817570956,0.12205481649983,0.174757860555011,0.110127520662056,0.140278281063842,0.164777305722816,0.15485346092528,0.138044449999019,0.119236625847114,0.142065987750445,0.151430911851947,0.13609535696203,0.137207144452661,0.135117590389755,0.140258012750626,0.131601972951648,0.149637538950828,0.157533628290874,0.145649149614441,0.141864753696564,0.158802218516386,0.179580672647053,0.183194806143107,0.164807950243137,0.151943774013644,0.158050776062903,0.154999656196812,0.139319250409548,0.143597371099955,0.145752647407538,0.168420270213875,0.111542110648987,0.215686037600068,0.201372340885228,0.228583171983379,0.189622822421039,0.150540424834126,0.182645499630388,0.0988712173872983,0.129887969736825,0.175659138632085,0.16209518024375,0.150111876543156,0.135770945337794,0.138020956669501,0.0789324670048673,0.185307801917101,0.188000212090683,0.151145188927229,0.0917170181662348,0.17428169283154,0.127945904606393,0.140379643777171,0.112563340466989,0.190778420765387,0.109050773486485,0.13539407212191,0.171180095801505,0.162104383503275
