"","acreana","acrocephala","acuminata","alata","alba","aria","auristellae","bourgonii","brachyrhachis.aff","brachystachys","brachystachys.aff","brevialata","brevipes","capitata12","capitata33","capitata35","cayennensis","chartacea","cinnamomea","cocleensis","cordatoalata","coruscans","cylindrica","edulis","fastuosa","flagelliformis","fosteriana","glomeriflora","goldmanii","gracilifolia","grandiflora","heterophylla","huberi","ingoides","jenmanii","kursarii","LA17","LA41","LA48","lateriflora","laurina","leiocalycina","leiocalycina.aff","lomatophylla","longiflora","longipedunculata","loubryana","M18","M25","M27","M30","M71","marginata","melinonis","microcoma","multinervis","nobilis","nouragensis","obidensis","oerstediana","paraensis","pezizifera","pezizifera.aff","pitmanii","poeppigiana","punctata","retinocarpa","rubiginosa","ruiziana","sapindoides","sertulifera","setosa","spectabilis","splendens","stipularis","striata","suaveolens","subcapitata","T18","T21","T29","T50","T51","T82","T85","tenuistipula","thibaudiana","tomentosa","ulei","umbellifera","umbellifera.aff","umbratica","velutina","venusta","vera","virgultosa","vismiifolia","Zygia.mediana"
"acreana",1,0.216957542541092,0.196109391672014,0.202642952930427,0.1580288089751,0.153404131229871,0.254203013193496,0.204627143796817,0.175727951936427,0.119756801154159,0.186714429203186,0.117239084732325,0.129938055775839,0.171267433277248,0.229139369114002,0.250023393336503,0.167594663729465,0.225638801809468,0.12907550954171,0.213086201532684,0.24793583500277,0.142867193274638,0.191886056655697,0.238686533742873,0.207773473956433,0.120498226524064,0.274897341549538,0.220559732151311,0.178247711471709,0.171814344555213,0.13748467715006,0.156682296949439,0.254789363134713,0.316431781100468,0.181202151918327,0.10227768559716,0.11365743671907,0.206003371154231,0.162832957828546,0.0704888579345102,0.149456685076526,0.215204697981348,0.16932726834847,0.255160847861032,0.16162842546892,0.236405404181744,0.0967161880354587,0.190740679973691,0.167042821046297,0.124607724687739,0.175885296067803,0.163162374601476,0.216491654926572,0.20791720390178,0.130882595283828,0.171009694619422,0.191792466710176,0.16986263270805,0.163410011650153,0.18842301518267,0.214615141522846,0.247109323041879,0.181056683880942,0.255198872834852,0.240597534111326,0.221624155840136,0.174045025976718,0.234525229615796,0.220887121839338,0.260731325968019,0.1692659858476,0.146226713510242,0.142185766244682,0.196675294353274,0.192058141548004,0.164409144412767,0.106697046811568,0.190338933064277,0.14128355714448,0.185176825068934,0.131875262197426,0.166924213305618,0.11858255361306,0.193074442340984,0.0811765541772122,0.123206472873606,0.265211831981304,0.167714131800596,0.169284632112502,0.173030942700096,0.128494147796732,0.182983235855078,0.115263317049313,0.200827345788864,0.185463325361164,0.157954384224448,0.213195165573761,0.230908734803295
"acrocephala",0.216957542541092,1,0.315783129404194,0.182382470997236,0.188536287348651,0.150775647108784,0.288987880925428,0.234024097415768,0.272682859198068,0.104369778698038,0.1595841162043,0.114297655344257,0.109077869587556,0.209590487966954,0.250702677843776,0.270507892394425,0.224192774667844,0.285875024583563,0.147027539272444,0.235283001246989,0.219153660298573,0.159066614403682,0.232077485266866,0.254271851130776,0.235008458187321,0.120471775939536,0.0507205289060463,0.268833507912526,0.310913632342357,0.188808925024732,0.158377911495444,0.117814701924622,0.292256903900255,0.291040961711199,0.214253853396588,0.0993727962359563,0.139067133820476,0.196170660810077,0.171322218359607,0.149400948742554,0.292511965256211,0.177889920618227,0.175081398790888,0.275821881390907,0.312444174048542,0.204150337034708,0.101792243735409,0.172138818857563,0.196055817371769,0.153400620221475,0.210262461431872,0.153174086376754,0.215556188464839,0.262057149845825,0.142695927918338,0.194883304806607,0.244130017127345,0.229886322103918,0.202521493328377,0.198621767375691,0.188246100750278,0.252785281922883,0.179002541822156,0.233255534460094,0.260533834539134,0.245321768699552,0.178993674529594,0.24272225264443,0.254006336985168,0.286673443548261,0.20471461165595,0.196445830869841,0.155768154452513,0.241594891254043,0.20492680413366,0.217755122720795,0.0955608704636622,0.209832091931255,0.14404411358204,0.200417254000823,0.170588591533078,0.16389359225535,0.144417771548047,0.185005505029263,0.0749980717134724,0.108372704901581,0.309948115166598,0.188327259165886,0.162616821089421,0.249793105897907,0.129728468314201,0.178230392480052,0.12679402298421,0.175661280690149,0.188198939302825,0.208791578388679,0.24781234218782,0.250936465020316
"acuminata",0.196109391672014,0.315783129404194,1,0.156946961900727,0.177656813556089,0.183219690852519,0.243737400835745,0.203534337036637,0.234788975219905,0.0984835087057255,0.1809319137375,0.110005274734368,0.116973556611835,0.213284127720984,0.192197460030087,0.218261777713512,0.175076748718748,0.196727758561633,0.141227041224385,0.203383061626399,0.210240693243439,0.180781357726073,0.201518692257413,0.239267082431688,0.206128696087869,0.127120628484407,0.0526722386332827,0.292893884305074,0.228315091194754,0.202485787335519,0.142912516203541,0.132572040975735,0.206384838206135,0.230715918231511,0.207077282294505,0.104928814992887,0.111234262822618,0.209597975701005,0.14115620590105,0.121514156262696,0.29490705336454,0.186695058910564,0.179845740103889,0.216126847943,0.241788088867821,0.323326120527349,0.0919363632513913,0.161055832077696,0.177149337353529,0.138587740126626,0.179660574765196,0.196203328128062,0.204477854818986,0.210531713859923,0.152738603972671,0.216253149035704,0.242541745822551,0.183461118492438,0.187339091451954,0.167780105973136,0.16639339124458,0.217038235478382,0.157277366391106,0.198328346471395,0.233090165502098,0.229757949101745,0.185832204443092,0.234730935333644,0.212704277119973,0.199805958904815,0.222673737563759,0.152660958330228,0.166127864282652,0.235514022471149,0.195238012000003,0.17661037753854,0.124272647581737,0.228329686715008,0.137427526910297,0.185753990465807,0.136209558465874,0.169687327053133,0.167480138417487,0.18449064766077,0.096741703595457,0.107915598863084,0.230555893688614,0.23157535235305,0.178314262942502,0.252735898826713,0.16734648767572,0.160354586189338,0.104333485401179,0.195700310474191,0.181665572276717,0.172216645253093,0.231669257616722,0.210985906379
"alata",0.202642952930427,0.182382470997236,0.156946961900727,1,0.234828666003987,0.255037921039956,0.31752296721472,0.248303528031038,0.159771812098567,0.0935979362688741,0.160245696958671,0.127019168730056,0.149141048352306,0.168852548831517,0.22460134081421,0.250942269733163,0.155557392042261,0.246147791070714,0.12892557096427,0.20889025489797,0.219327222260895,0.162530920231642,0.169519748062886,0.227002541996285,0.175027579700097,0.137772644685114,0.0641940915126181,0.16402998387985,0.220496656230167,0.154421189380286,0.121307983882582,0.170505672759507,0.242331581282115,0.119184276547689,0.178396660242025,0.103010462395757,0.114491119193976,0.21551985879608,0.166295779406372,0.0556918841381737,0.129079129091251,0.189590858850054,0.152806150372966,0.255438498881902,0.127194043141527,0.183384112013781,0.110634963269681,0.205441222717919,0.135709650946657,0.169521932305283,0.179021581114074,0.234303033850671,0.257844306305848,0.137801912518874,0.173414310115981,0.182165224007598,0.224307709225666,0.185481429739195,0.212458722727968,0.170355800077255,0.197659754136998,0.248060466487861,0.286367077562934,0.184218127922093,0.230573474811115,0.226361474366677,0.182742640269303,0.193662705744797,0.202064267799954,0.267531108406406,0.172599987693226,0.132891717982545,0.157302545045567,0.167451689018229,0.213345213462347,0.152804625533157,0.0915262449612251,0.198111635260405,0.145756894104532,0.199202325335761,0.119579164885838,0.168154540677261,0.133990572419152,0.183942981291138,0.0723247403437678,0.13367155984656,0.254551319956294,0.134612307603119,0.127259163576325,0.162331405385427,0.20388747944342,0.134315122245562,0.122563151130179,0.163235244419204,0.153757531735545,0.18860589318788,0.182762486297694,0.306812825688694
"alba",0.1580288089751,0.188536287348651,0.177656813556089,0.234828666003987,1,0.182973172086,0.272682052565854,0.230104445557669,0.166724862137999,0.199261443943534,0.245606144187058,0.233846752457781,0.220894779020232,0.202752299481244,0.207356710127115,0.181043892543857,0.144808345778749,0.198302465134534,0.160338408386086,0.162392470473542,0.167478405172273,0.180276211432262,0.172224283061658,0.197811080829777,0.146519790803708,0.237140999404753,0.0622920136211403,0.191601589135257,0.154379791031598,0.14933717234306,0.132171875496635,0.229956549792594,0.176817538031974,0.127372828363711,0.274845405264696,0.0900721327247385,0.105958105448634,0.157476256783655,0.119303612954149,0.0687705842196511,0.244584730150502,0.185350561549385,0.109828621832729,0.215040650447416,0.127725204506204,0.160090606038695,0.197098335886807,0.159843393050531,0.237147373558945,0.324869056531916,0.120990957803527,0.181807875883264,0.23838217084626,0.127705099410211,0.149637223183098,0.176081806067867,0.187698208014073,0.216394706170757,0.275973983580242,0.12203272086102,0.161501703095127,0.221668720594945,0.210179135610792,0.186940645807434,0.200447728997377,0.233285119356539,0.196787784547182,0.193213811621661,0.16129658091443,0.253852762439987,0.27383494358959,0.149441318212904,0.174481097803898,0.168298343613999,0.14901765693621,0.151167481802859,0.102728666126596,0.167321288693656,0.180048760725235,0.177898959927177,0.140486362338136,0.215239280848739,0.144027243122974,0.175933648695213,0.0827581765855282,0.130966259386434,0.176933267524429,0.176879798873495,0.0998179051544029,0.285872043130707,0.169066588179851,0.249878282778307,0.104528027518755,0.13639602160997,0.128234058753537,0.223025550603327,0.168849152061611,0.209751537824699
"aria",0.153404131229871,0.150775647108784,0.183219690852519,0.255037921039956,0.182973172086,1,0.290160165694908,0.224071901437808,0.13876407003385,0.0662780223763803,0.139897842531569,0.116012715546966,0.144264783708784,0.159016821493674,0.169376162796292,0.199906348126834,0.18363987094204,0.173445910605576,0.118030219883011,0.176510169702018,0.199484201774379,0.250340105893063,0.130493076595275,0.195778375686978,0.127609707408762,0.159960117370588,0.0578169022547484,0.120855288273399,0.247065934646393,0.122797224821308,0.104635862131302,0.100308092687324,0.184034518746903,0.107787920644808,0.13795187316231,0.090759716529807,0.125670633036185,0.202731056508193,0.153798716034451,0.0526644761850315,0.10881540479631,0.180508526095632,0.170836603043088,0.218288138041327,0.118513210222993,0.216115159329319,0.0736585647818838,0.16738725752473,0.121109724281428,0.229594559834041,0.163691351003229,0.501763611578789,0.324874685591423,0.131025593915308,0.158999794009675,0.167432161478349,0.140140876109014,0.187604771536033,0.286493652348163,0.154846894565339,0.145706812564325,0.21617215776206,0.231479219699173,0.144494999688625,0.232233065074589,0.174717443805712,0.199200844914391,0.155534743070642,0.181124432660883,0.191452797021196,0.140906077474791,0.122903135578268,0.142143980201614,0.139871529016563,0.181996011991544,0.133080935253609,0.072768746015433,0.176822473590226,0.144323224827923,0.16100021931845,0.102151719231179,0.174903763073757,0.190501243784944,0.163855662872221,0.0806199634222465,0.123056630930857,0.250905124608832,0.166707120387162,0.121568858684431,0.169280759305541,0.16932824252553,0.111041230480779,0.0752933980202095,0.104875205610353,0.191785922978442,0.186298846233288,0.238640145899056,0.204842793345105
"auristellae",0.254203013193496,0.288987880925428,0.243737400835745,0.31752296721472,0.272682052565854,0.290160165694908,1,0.30330427271877,0.23513658826871,0.114313230156329,0.187114010115859,0.132738117889627,0.1374094454587,0.238855810125444,0.279712660691968,0.33944941521437,0.187218064407927,0.265996945935601,0.164205702272521,0.250799930406625,0.27975471598784,0.222341579231481,0.303152989291043,0.29749609627769,0.222645758072917,0.169705232193846,0.0623737793274701,0.209743271178311,0.271516892469067,0.221532567638869,0.160707825665945,0.14608576366296,0.308708722327111,0.191561941180302,0.210529481768861,0.109668172601345,0.14355803795798,0.251061216139832,0.167880235371587,0.083623658778279,0.211451221695225,0.224998237636386,0.215598316262863,0.330760506464816,0.202221021957091,0.274349959697918,0.114843164338878,0.231213774964002,0.199458713280302,0.234129905730484,0.228185368812387,0.298902359966714,0.338059876842469,0.180069077865487,0.216917641159171,0.21520441277101,0.242692327380916,0.220823597368447,0.27653094695816,0.215067475443046,0.21604264665826,0.325117629144836,0.263405445175701,0.287678089134774,0.30148129641479,0.272719737668918,0.282216507017351,0.298653132275339,0.274179098943247,0.334224327735681,0.214945220471087,0.185985048468455,0.218850537463945,0.260947938844359,0.251755537683746,0.235381097001278,0.106621088887447,0.256368847245926,0.195689419394451,0.213186189114884,0.173399739863347,0.196691149466546,0.192449221369151,0.213639600874468,0.0819106864468604,0.136751350742128,0.325933183305011,0.243093230353695,0.167940833104965,0.256137763321648,0.204149819336843,0.155672664817055,0.138520674327198,0.226954125696558,0.179410625859975,0.247567434273816,0.270326515092922,0.289997875499542
"bourgonii",0.204627143796817,0.234024097415768,0.203534337036637,0.248303528031038,0.230104445557669,0.224071901437808,0.30330427271877,1,0.202976182181212,0.119993628282218,0.167900441597853,0.123614127688875,0.124887762662853,0.217836531648698,0.237535128914986,0.199680209363751,0.214364907453435,0.19074312540117,0.160031876561959,0.210713748827919,0.179589409847201,0.195481732004102,0.192586406715505,0.245598902985228,0.157215520204301,0.14569646819494,0.0585268315583594,0.161212394757688,0.212178812167582,0.177171035613148,0.198944304409644,0.115377429328206,0.238131795562051,0.158130961143277,0.182918640689648,0.108963365092188,0.17480717081173,0.215815170909476,0.201133045581988,0.0741523391406158,0.20008045954034,0.203955077126874,0.126864212438998,0.249287025042157,0.139623473591206,0.192702239096927,0.1251896968796,0.185928418585903,0.145384061209544,0.169240677951681,0.137047058767718,0.211630540857457,0.273548741843749,0.161537898046466,0.175052672770552,0.182919942331638,0.170374000116355,0.244180635076739,0.21339460812952,0.140027125805018,0.173725772782581,0.222834080069387,0.193531875730867,0.226510311840886,0.227742201279812,0.256170424642304,0.222926867522434,0.234092559614167,0.203948775389083,0.256287150472611,0.204648561495966,0.194501732730419,0.174694093979662,0.212152475494182,0.210966181576048,0.156575023541581,0.117886315583448,0.199908679448058,0.165225391960501,0.186128200085136,0.149660430882727,0.178171112946249,0.156274408838503,0.185416344149012,0.0724904406562048,0.132706215278317,0.234893552808808,0.184014312528636,0.118688437379951,0.193749215578278,0.173442401639353,0.179180910618206,0.116086599418107,0.156440823470409,0.140999797407722,0.145936605038023,0.228301959758048,0.238244457303958
"brachyrhachis.aff",0.175727951936427,0.272682859198068,0.234788975219905,0.159771812098567,0.166724862137999,0.13876407003385,0.23513658826871,0.202976182181212,1,0.113304920669024,0.157720019952366,0.111581939843114,0.107607467313638,0.272107550327816,0.284935805077133,0.191551609502013,0.159843571058713,0.16421719948022,0.216662974806074,0.181712971965022,0.157537800166058,0.130262103094104,0.172565287777449,0.190737017848786,0.172314273494289,0.118403507023107,0.0599446076381418,0.159177769735027,0.174211956036787,0.155478293970269,0.123980852841744,0.136039941697157,0.173904271418526,0.282246898705053,0.194969904342176,0.113880996170987,0.0925248265134587,0.159341725855544,0.120562003361691,0.391301043080373,0.241407593037675,0.188269209217159,0.122498792326586,0.181212723793212,0.301227958333416,0.199433867122516,0.113241439710496,0.153251423366906,0.150435250969118,0.1546465557487,0.135882177232864,0.142279105776614,0.180673895467161,0.224020344942368,0.132448553448567,0.187197973180375,0.208700954355518,0.208076395092146,0.16545210821216,0.153960137424223,0.149912070567117,0.186577663287155,0.164572243521352,0.225615117695359,0.204133672395307,0.198360835625712,0.160842182292428,0.198226063690538,0.174830130124129,0.206746432144074,0.214287014942284,0.14306894122778,0.207500561517899,0.223310478662349,0.163083512853095,0.283667432427639,0.0997049200346655,0.152814424029927,0.132797266894823,0.137895519853543,0.164788217222005,0.174299455071844,0.175789502304398,0.166265667814311,0.0672929432956335,0.0979542308667613,0.204199816677936,0.1632097348742,0.114569873491873,0.175417731405162,0.130491786782848,0.129389227399559,0.121429134615718,0.147571158278334,0.122936566407048,0.175658061893889,0.189646091188053,0.171725648322487
"brachystachys",0.119756801154159,0.104369778698038,0.0984835087057255,0.0935979362688741,0.199261443943534,0.0662780223763803,0.114313230156329,0.119993628282218,0.113304920669024,1,0.310127792576866,0.228049410999937,0.163452536641099,0.0977987272666155,0.120861564695304,0.0848498577121481,0.0758798955286994,0.0836647377533453,0.0699412803156453,0.10944673217242,0.0815646226916808,0.0772132833541453,0.0889485697205224,0.12302847145386,0.0813284791729874,0.227605866717882,0.0299566880955316,0.0668471210392762,0.0855436933950103,0.0916843464282225,0.0762090576957182,0.317780416079741,0.113839030506913,0.0843809405520431,0.266325273716768,0.0549459431711028,0.0742053890025216,0.0832657543539342,0.09357035906357,0.0515634961576644,0.303567041885023,0.103927191893367,0.0533438054915945,0.103106893119864,0.0787498256732466,0.0919947997225305,0.338537813206029,0.0942523435328337,0.228478769277525,0.225761897645743,0.0710321062427589,0.0580454365762725,0.0946023389689542,0.10890942956141,0.0932701401956362,0.0946432849973071,0.0670566648957392,0.125116889725224,0.239728337259913,0.0642454882321924,0.0909809169009993,0.0892456625831918,0.0876511017037682,0.101292687749696,0.090985285812917,0.111084402259957,0.103329222986983,0.12240990010393,0.0830216519744872,0.100689495969958,0.307542163879515,0.100049959718093,0.0791219313393774,0.0996995149684442,0.107017174702129,0.0888300007369393,0.0740277734489487,0.121161641022141,0.0763825268037336,0.0769842318985207,0.0982189404158068,0.120261934366653,0.0627796689354582,0.107326052446857,0.0450157944381915,0.0727348419317378,0.117011634119298,0.0992482635135123,0.0751494315915719,0.214379018487123,0.0874023770844955,0.274389668705379,0.0748259056907109,0.0860383630085977,0.0794956404258474,0.309040551299118,0.0662480570953492,0.0972775071980113
"brachystachys.aff",0.186714429203186,0.1595841162043,0.1809319137375,0.160245696958671,0.245606144187058,0.139897842531569,0.187114010115859,0.167900441597853,0.157720019952366,0.310127792576866,1,0.259601517431558,0.223594516838672,0.175288403590561,0.188410994408433,0.172258454039602,0.12265439801511,0.145353288307337,0.0993570948015237,0.190409934592299,0.172380903589819,0.144443931574817,0.156238863471916,0.194988748626979,0.147557080436972,0.256632910626891,0.0462199167254642,0.135590821885708,0.14587846853476,0.17802540886997,0.113648483258048,0.340678148656303,0.186318111840527,0.148916288843894,0.362392527254277,0.0880510262088944,0.0990825921893312,0.168731561510063,0.160330086374999,0.0620577449941824,0.349990335150032,0.162377979401927,0.125361862557608,0.183592622399601,0.132857043606541,0.184090397021893,0.299956393087757,0.135916703978807,0.356358023543198,0.261935766997873,0.124624340770752,0.143529002374394,0.153401741119086,0.145824003415166,0.125708561127765,0.133510971393846,0.146441773568041,0.180982899354328,0.253853837465971,0.145694476141428,0.147919705878212,0.180585494262358,0.129721901736478,0.164711658444815,0.175267077226599,0.174830387783276,0.16950573420296,0.194948711172014,0.161349010527165,0.177986208055576,0.351421951234967,0.133183956356855,0.140675470063996,0.167129052685124,0.133019483487821,0.127476781133714,0.0883325485838654,0.17131038110402,0.127392283073454,0.125238755728007,0.13278063311081,0.184789720159774,0.11064857859518,0.152345663488369,0.0665544478032127,0.102059394427551,0.172175584324524,0.158170019276542,0.132577555440047,0.279607789568108,0.104458464108442,0.432820670761385,0.0865690977737259,0.140285431495768,0.121034077832592,0.356927610132729,0.173399915324938,0.17922740403243
"brevialata",0.117239084732325,0.114297655344257,0.110005274734368,0.127019168730056,0.233846752457781,0.116012715546966,0.132738117889627,0.123614127688875,0.111581939843114,0.228049410999937,0.259601517431558,1,0.216525285402601,0.159739861651272,0.124242605010272,0.135811044147154,0.119381962439744,0.110835874324106,0.0889262167827512,0.101961724973256,0.134393207313082,0.102356155951299,0.108353887200902,0.127412642448389,0.104088126214102,0.262742567806209,0.049330401801741,0.0932208881973857,0.106055134580574,0.144367234755133,0.106266166192244,0.253880756369127,0.113472669093578,0.0871982918194392,0.260398472039669,0.102804260782616,0.0737839398659803,0.0921557810545784,0.0927027246088499,0.036654379447911,0.240708033639396,0.133402407595246,0.0763735069818482,0.123152032164551,0.0791991862139679,0.106234355311245,0.242071932923834,0.136592987907244,0.249134795138266,0.27327222195187,0.0853872906299039,0.111593400535074,0.140341844029878,0.0755292856970738,0.136849500055676,0.164387698853945,0.0947081085121333,0.134305978396516,0.312005528129078,0.0968765804988062,0.11674177770625,0.111602853469489,0.113402044063865,0.127721620814353,0.127623298918549,0.136246702011826,0.10388121783013,0.130839841055571,0.113406232949042,0.127695791616592,0.302915947085054,0.108508438711044,0.0906491264463393,0.131429110889536,0.104692293018846,0.0924242565445252,0.113514303432472,0.107530858693392,0.097082001033103,0.111051462171285,0.0866124838619898,0.148968278352638,0.159191357629087,0.0967325346898208,0.0755523714463093,0.0968377217913134,0.124859384236517,0.0853450613683391,0.0824709799264506,0.246267340348592,0.135094457139495,0.247755334710384,0.118983278975575,0.111594536318492,0.123607174672676,0.271609725650568,0.110415166207947,0.114102836423407
"brevipes",0.129938055775839,0.109077869587556,0.116973556611835,0.149141048352306,0.220894779020232,0.144264783708784,0.1374094454587,0.124887762662853,0.107607467313638,0.163452536641099,0.223594516838672,0.216525285402601,1,0.136587621157669,0.12760554807051,0.142142948225329,0.109123633640489,0.154930915620275,0.0803047201044528,0.115391586808446,0.138792020571818,0.116733177242789,0.114490509205453,0.150266414721055,0.121262414993862,0.184241066707986,0.0479776218309732,0.140264332067101,0.122701805325105,0.109987225412732,0.0734782430486822,0.181545264313693,0.125474762777981,0.0909226821611769,0.213926629807271,0.111739336271488,0.0906642515318878,0.115307231605266,0.144135400005889,0.0344236546836031,0.175867783707592,0.145095634543017,0.104671487016429,0.137472886135953,0.11011457987189,0.111946247799629,0.164890286283455,0.151546911975352,0.222724302184651,0.196667529246195,0.105228030808817,0.154448430478846,0.150908200837796,0.084794883854639,0.12153461358957,0.139272092361578,0.094121570751293,0.127360981273264,0.252836401120078,0.116386174651646,0.146637260105614,0.127746054291882,0.125817228098017,0.113087881510166,0.167434660886098,0.123860461968967,0.120834459701458,0.128886238280346,0.150164726151611,0.13089664231356,0.21569264351356,0.103346376858095,0.0941643378271734,0.100820984629561,0.131254385207392,0.0800981525698937,0.0638202376123229,0.0937908803627253,0.111488145094133,0.112290515059672,0.0921401069195849,0.14733515578945,0.116084768195252,0.142351924819873,0.0672823791429961,0.156565572399457,0.12897113112854,0.138423204492314,0.111211844892581,0.205707210121246,0.151863022692562,0.184254921523357,0.0725746575087352,0.0970810516008336,0.110056701523757,0.208797425039119,0.0933256986161479,0.131883452731698
"capitata12",0.171267433277248,0.209590487966954,0.213284127720984,0.168852548831517,0.202752299481244,0.159016821493674,0.238855810125444,0.217836531648698,0.272107550327816,0.0977987272666155,0.175288403590561,0.159739861651272,0.136587621157669,1,0.212193013573261,0.299753644114019,0.162542014968438,0.168964283577901,0.249041939703802,0.155405658462896,0.178764145678685,0.167099151046486,0.164878743892995,0.216367401699922,0.158235234909605,0.122279190094245,0.0505509532974075,0.149295140740708,0.168466040180497,0.174657068507031,0.119261338657398,0.126281478250571,0.196911500511889,0.16640611622761,0.189388509044209,0.117788032584724,0.133337169702474,0.175923908236749,0.133831688378395,0.164044164827925,0.187344507803983,0.196035179326468,0.129859174187719,0.184274361764617,0.171061727196326,0.21263912428809,0.115222326088643,0.164745231803041,0.183212406059442,0.14253747614296,0.1183754248532,0.155263182474436,0.175414560256551,0.173791927389397,0.153608855960532,0.291971882245008,0.19774286991798,0.187837783943307,0.29457685886298,0.138530025042241,0.14752552528558,0.174554676551929,0.142443275623961,0.238529808682721,0.199417396137497,0.201806891483219,0.157125523720109,0.226305683111714,0.188333135327936,0.2081859481528,0.201143110236621,0.154265126803098,0.201893497370994,0.195255986147953,0.150960938790593,0.2059207717016,0.138238330973623,0.178391146329527,0.138932821351663,0.138476471683627,0.154127644418251,0.283482521925047,0.273358842955989,0.178641461081185,0.0826332569428655,0.142701327196417,0.188195261092156,0.170871489697741,0.0982543047351186,0.178822993925035,0.131297724397133,0.144504915751815,0.111349186610935,0.232508225449959,0.124142192332086,0.151686625749861,0.197419147644221,0.180248420201413
"capitata33",0.229139369114002,0.250702677843776,0.192197460030087,0.22460134081421,0.207356710127115,0.169376162796292,0.279712660691968,0.237535128914986,0.284935805077133,0.120861564695304,0.188410994408433,0.124242605010272,0.12760554807051,0.212193013573261,1,0.272036881370481,0.208236410099709,0.27375690388043,0.162304177354199,0.266283986131687,0.22891015771238,0.21784791892281,0.240137196766341,0.285024012297442,0.228244209073321,0.136687665219001,0.0870000321843344,0.199690457862889,0.240386476110148,0.173386208257947,0.137420253939272,0.141311810093362,0.295978608473829,0.188099108766212,0.225129010018596,0.122841164233629,0.129188536001597,0.21303791084441,0.184576670676908,0.0824581937214103,0.180215576428056,0.233147842360123,0.166354090410394,0.333062157163514,0.165932881084071,0.184437765119547,0.117749953151236,0.218725672808716,0.183404021864255,0.149941825951185,0.197976651744834,0.19960030765823,0.299033497272296,0.169433347572558,0.213233219905522,0.18556191457057,0.187223577728553,0.190483111786019,0.226205787083084,0.19378836805681,0.267383530832737,0.331021375419757,0.230466581895209,0.224817963631131,0.290961519262144,0.291447224306996,0.223392302789723,0.232688106132713,0.246208473011061,0.263950751710872,0.212157784516459,0.224011135404496,0.138018724306369,0.215911484746037,0.199712475432996,0.166895696920081,0.105961947386492,0.239916615739544,0.17423634080664,0.267324203460801,0.168844558836164,0.181532018456681,0.149710780618166,0.215572471118377,0.0849763615848013,0.205183877343133,0.242321624885122,0.165716333018772,0.168291623699091,0.206460608960038,0.166099668590958,0.185661778578938,0.114495406603081,0.189535875304019,0.17354634577148,0.166262936868574,0.185872440065821,0.225219240862412
"capitata35",0.250023393336503,0.270507892394425,0.218261777713512,0.250942269733163,0.181043892543857,0.199906348126834,0.33944941521437,0.199680209363751,0.191551609502013,0.0848498577121481,0.172258454039602,0.135811044147154,0.142142948225329,0.299753644114019,0.272036881370481,1,0.184443740661801,0.259391100005328,0.130158948970288,0.270086679248664,0.400634966392112,0.207786085121634,0.275696105126685,0.346897181871584,0.248749781915313,0.149819887366571,0.0588435646322317,0.242011443945369,0.401582375530422,0.201674785509336,0.115762659940728,0.151921805048668,0.375091979393269,0.167573284094997,0.22175597779437,0.115181295492586,0.12829794864771,0.236668230219744,0.188705719931417,0.0485793946383251,0.168110361175373,0.255802739967938,0.366763051346896,0.383396557500792,0.233080367128867,0.304722234559741,0.101535775649014,0.273387220804386,0.197773816218726,0.11883515225449,0.293724618235475,0.22739100218384,0.302342183718789,0.134188684428936,0.25012570849527,0.203598143059396,0.266849654379581,0.15772024176064,0.28535174379594,0.321075138122976,0.196092320040509,0.334860961917719,0.232193479530754,0.239737436271756,0.399340097974513,0.193895182119323,0.265970581770803,0.24098291804839,0.405062486728211,0.291665856887278,0.191618046680529,0.137481707752907,0.177937484903843,0.206377362951675,0.272262985530996,0.222188158634775,0.0879319115943834,0.234718262125192,0.145092337254869,0.177579653390531,0.145115106118206,0.188840572207425,0.176166098768815,0.22881907109706,0.0903824411653665,0.142027486340079,0.379006659545248,0.142612078920677,0.194607048126896,0.193819031385475,0.226902484736438,0.157256393139192,0.117317900983872,0.217487204124356,0.241243663665729,0.324626574621061,0.267945982372676,0.380520030037767
"cayennensis",0.167594663729465,0.224192774667844,0.175076748718748,0.155557392042261,0.144808345778749,0.18363987094204,0.187218064407927,0.214364907453435,0.159843571058713,0.0758798955286994,0.12265439801511,0.119381962439744,0.109123633640489,0.162542014968438,0.208236410099709,0.184443740661801,1,0.185658396694987,0.13151457596389,0.226927213667671,0.167545208472862,0.176777092209666,0.178128956366168,0.204355313657916,0.1633377059608,0.119639773387831,0.0651123850139907,0.156522147912635,0.184580655309871,0.187788546450277,0.127711279297327,0.110559272268579,0.206302001872693,0.147120071405882,0.181495291150346,0.111919435403391,0.147709696855009,0.206693178078658,0.193297551698696,0.0878514065082548,0.212167702012378,0.162277891971719,0.125933988686843,0.19503349121284,0.141636033768816,0.181364469136722,0.0856371181881169,0.160208892820788,0.143548074277151,0.163101266899147,0.161259869935578,0.165612264739692,0.186922042725087,0.115956042968225,0.163202701735121,0.183768200331174,0.141565051804744,0.147981139598583,0.156202280824745,0.155706847167604,0.149096684994889,0.211316144345146,0.157781680676238,0.170531963813902,0.192684898466647,0.193961053561923,0.142779212102765,0.214212692579227,0.20694376116566,0.191742212624869,0.15018473049627,0.141008612829066,0.134136778711911,0.177164318094372,0.216401239415799,0.130689286348858,0.0820967938444793,0.160977460674086,0.147491771244578,0.20631054381227,0.128589675402981,0.153614074121201,0.128234678725949,0.155992379680736,0.0744399101801043,0.130798459344535,0.211895785258993,0.146316037244849,0.137108009567995,0.164076293521321,0.146068771660542,0.147060935471341,0.112380412672775,0.127444910853382,0.15437073033409,0.116100176714294,0.2014842590007,0.17250159159552
"chartacea",0.225638801809468,0.285875024583563,0.196727758561633,0.246147791070714,0.198302465134534,0.173445910605576,0.265996945935601,0.19074312540117,0.16421719948022,0.0836647377533453,0.145353288307337,0.110835874324106,0.154930915620275,0.168964283577901,0.27375690388043,0.259391100005328,0.185658396694987,1,0.112931547743087,0.238966674910199,0.312202948396638,0.208293391487802,0.215594960930444,0.251855664565656,0.240876326877907,0.123707593236951,0.0671603270883475,0.195951509943691,0.228982552694014,0.194730982687911,0.122762753559717,0.131475246399525,0.298170662432696,0.14633687348527,0.187375473683473,0.101496655736506,0.122302489995469,0.228009279466621,0.170943097285129,0.0551711691596246,0.150801830364722,0.248535319800183,0.225763349455563,0.262060049556957,0.179269627283913,0.213345905297176,0.102171648967181,0.237384486679278,0.16768611217545,0.116453007104127,0.227976583717088,0.177181393278496,0.28952698926313,0.170100934937697,0.172489375232284,0.185739970391824,0.210635190936783,0.157757648638614,0.178139744369725,0.249951270072794,0.252678237062964,0.294004209482745,0.242907865545406,0.186112794948861,0.296050535336328,0.264767538633825,0.213781171234249,0.223061166367846,0.232332413489675,0.258931733155228,0.163483166307648,0.158409810751582,0.138894688089185,0.225153367302317,0.194708965129269,0.187747632612293,0.0998719736877197,0.169228257147404,0.150105095256628,0.2370483810736,0.122952630826483,0.168707823240151,0.124300260558359,0.214891751058135,0.0888618513115478,0.155134970990109,0.240021450593513,0.148885613612705,0.161624666721506,0.193722609311607,0.164995032715377,0.145276809153557,0.108362195613108,0.216516666311821,0.187327609930937,0.176444090221305,0.190467052669936,0.301577684790697
"cinnamomea",0.12907550954171,0.147027539272444,0.141227041224385,0.12892557096427,0.160338408386086,0.118030219883011,0.164205702272521,0.160031876561959,0.216662974806074,0.0699412803156453,0.0993570948015237,0.0889262167827512,0.0803047201044528,0.249041939703802,0.162304177354199,0.130158948970288,0.13151457596389,0.112931547743087,1,0.1376225962569,0.113404498063768,0.12856297257037,0.126635701292688,0.126425329593003,0.132888465983776,0.0970821780153152,0.0462579015726976,0.117843893024818,0.0949843901531103,0.107459728877296,0.116022643603799,0.0944003667329398,0.123963372036722,0.139842661498687,0.133224889415869,0.0677480705622489,0.079010689012398,0.124705883415359,0.134278693851743,0.111172313853985,0.151612172870119,0.109733614921445,0.102670222806839,0.163526637196875,0.154125564908618,0.178485868111824,0.0770766606625966,0.119835837655253,0.102743577741295,0.164367749318982,0.10287886988942,0.117980892523633,0.161385149278013,0.134334962360047,0.139033799897134,0.195868818647884,0.175818683573635,0.147282405746962,0.104191430370411,0.084614364619998,0.124335428011689,0.155715708629894,0.157029082014666,0.168100070948185,0.125936559458565,0.136308582596267,0.0942540581303237,0.142590221207387,0.126926842406493,0.149984819416868,0.150821337342982,0.126256759502801,0.231458103222818,0.152506069224091,0.122439942537881,0.235510405672129,0.108929698344308,0.164382106638433,0.118411436560314,0.145711117729735,0.128610134333803,0.130414852094128,0.186760238217969,0.107958287321133,0.0656553534602058,0.183868448276646,0.13727776306573,0.134975201213976,0.0744518871876789,0.130566468847953,0.124167997582953,0.164163962495546,0.1358565357622,0.119945516875134,0.0947481275395958,0.0870310575899321,0.197749949684305,0.12755209647743
"cocleensis",0.213086201532684,0.235283001246989,0.203383061626399,0.20889025489797,0.162392470473542,0.176510169702018,0.250799930406625,0.210713748827919,0.181712971965022,0.10944673217242,0.190409934592299,0.101961724973256,0.115391586808446,0.155405658462896,0.266283986131687,0.270086679248664,0.226927213667671,0.238966674910199,0.1376225962569,1,0.213759060516394,0.190223244201342,0.188718556937176,0.274643375719702,0.215002050464226,0.164405038511371,0.071744091070523,0.203496467200843,0.240360905968442,0.137510001808561,0.165671449716322,0.135586953339635,0.255257755211797,0.177974347729063,0.179146934929004,0.105305370880248,0.11318329474222,0.17964562518066,0.245793769695646,0.0845112760224593,0.16759636720289,0.228929527627154,0.156136737667442,0.257829436532454,0.187784046186646,0.228356953085865,0.111593304722018,0.281305212707997,0.148641958058992,0.144066973212236,0.223985229056344,0.168535301438922,0.215996730493606,0.18737144069453,0.223359754003814,0.23266408092429,0.176152152248867,0.178217839473172,0.181091517023602,0.196736367297648,0.204848243756001,0.250137389923481,0.219813533230128,0.195474673912024,0.241883821273522,0.206342305287512,0.186568454002374,0.195169510383843,0.223611531220539,0.251237928258691,0.201515092176442,0.185874694008673,0.168274027623443,0.191091119166253,0.278698860693569,0.141358349319868,0.143439354498808,0.223273603803437,0.155070477197976,0.227695764317912,0.138594675709643,0.149851974722781,0.158751771356005,0.218658176542868,0.0881528727095241,0.140419951497427,0.28544778600063,0.168679581439328,0.161135379665162,0.173797793327635,0.233153792784835,0.181933964387408,0.158435725462609,0.16541117908111,0.16587118707525,0.204709543565631,0.209272502068639,0.20884474895223
"cordatoalata",0.24793583500277,0.219153660298573,0.210240693243439,0.219327222260895,0.167478405172273,0.199484201774379,0.27975471598784,0.179589409847201,0.157537800166058,0.0815646226916808,0.172380903589819,0.134393207313082,0.138792020571818,0.178764145678685,0.22891015771238,0.400634966392112,0.167545208472862,0.312202948396638,0.113404498063768,0.213759060516394,1,0.227346391978889,0.243660435206671,0.273646847201264,0.239873099139511,0.140804603528888,0.0694059511953669,0.200460765379062,0.279230832052167,0.236193617003937,0.101078582166424,0.133714603046422,0.394843814513009,0.147281343253221,0.173130085729724,0.0912408528327114,0.133562460369867,0.232312973179741,0.188902463606156,0.0427823516943246,0.146803856614846,0.229188184638302,0.423807045659759,0.322033221591728,0.232717993279134,0.308237870567558,0.0915059490435987,0.223721434983471,0.175204726469343,0.11659060810426,0.337502553251709,0.224954405405508,0.320530327067478,0.165234783957152,0.203503832332129,0.194932809605408,0.267178021781257,0.153872370791069,0.209955248126781,0.30646481396638,0.208593171531431,0.304310171028317,0.235165856140713,0.22131567757502,0.346015337606161,0.211327558288217,0.248708906915739,0.243088365227004,0.340692981500871,0.291938297260996,0.178905733875373,0.139274157041095,0.139299081326288,0.205332520578398,0.225191402859473,0.235791713669598,0.0929618119020692,0.212754595175715,0.146503092162442,0.260152451204817,0.145044226143048,0.160402829189126,0.156863521302039,0.213828818927047,0.0699758927792606,0.146674951948572,0.334070621550474,0.138657255181297,0.163072803028132,0.169387285315088,0.18684273271737,0.152564248433173,0.0945192277444998,0.222019952282175,0.31867598920077,0.223543029534099,0.303144056698655,0.410515388313705
"coruscans",0.142867193274638,0.159066614403682,0.180781357726073,0.162530920231642,0.180276211432262,0.250340105893063,0.222341579231481,0.195481732004102,0.130262103094104,0.0772132833541453,0.144443931574817,0.102356155951299,0.116733177242789,0.167099151046486,0.21784791892281,0.207786085121634,0.176777092209666,0.208293391487802,0.12856297257037,0.190223244201342,0.227346391978889,1,0.233699719656402,0.22735527956386,0.125509849916636,0.135050307106632,0.0672642994730214,0.125215331326267,0.203634735960435,0.127748969954034,0.0987991637274643,0.0869132708817274,0.201313194760847,0.102710996265388,0.127001903442958,0.0834885512365412,0.162044403061803,0.190473292572805,0.154608406296272,0.0438580856796854,0.134569010128488,0.175472659410787,0.168891181003155,0.272647162564171,0.120431495333242,0.166481310642965,0.0860463454202971,0.167273647433959,0.133656825907153,0.137787048674928,0.153786543532023,0.228810642853852,0.32697476827296,0.100224822856488,0.280331333899913,0.175440016694232,0.143997909682023,0.152551463990273,0.192721748307471,0.163980966928633,0.165530367969284,0.346804941544607,0.190700563873567,0.154772025738811,0.223047227982504,0.180177258647493,0.195699777535884,0.167554504952762,0.189568920333086,0.179738832164202,0.14026187940967,0.147436465426965,0.16196691514003,0.137113286426385,0.163797850710152,0.138467831210432,0.0830822810188858,0.224008366642493,0.135620201817156,0.261357951814163,0.15080947259349,0.128319286310499,0.126751233620631,0.161830945904467,0.0668331573783261,0.208227067747619,0.187515514308783,0.179273497570268,0.0958256717965382,0.161510205896752,0.144057593769981,0.151603494496992,0.0748509685846512,0.113253421111785,0.145734486039409,0.126883725836298,0.199193534796868,0.213231134184098
