"","acreana","acrocephala","acuminata","alata","alba","aria","auristellae","bourgonii","brachyrhachis.aff","brachystachys","brachystachys.aff","brevialata","brevipes","capitata12","capitata33","capitata35","cayennensis","chartacea","cinnamomea","cocleensis","cordatoalata","coruscans","cylindrica","edulis","fastuosa","flagelliformis","fosteriana","glomeriflora","goldmanii","gracilifolia","grandiflora","heterophylla","huberi","ingoides","jenmanii","kursarii","LA17","LA41","LA48","lateriflora","laurina","leiocalycina","leiocalycina.aff","lomatophylla","longiflora","longipedunculata","loubryana","M18","M25","M27b","M30","M71","marginata","melinonis","microcoma","multinervis","nobilis","nouragensis","obidensis","oerstediana","paraensis","pezizifera","pezizifera.aff","pitmanii","poeppigiana","punctata","retinocarpa","rubiginosa","ruiziana","sapindoides","sertulifera","setosa","spectabilis","splendens","stipularis","striata","suaveolens","subcapitata","T18","T21","T29","T50","T51","T82","T85","tenuistipula","thibaudiana","tomentosa","ulei","umbellifera","umbellifera.aff","umbratica","velutina","venusta","vera","virgultosa","vismiifolia","Zygia mediana"
"acreana",1,0.233414271069676,0.225617076131856,0.329351494368584,0.2358796430964,0.137110791744277,0.241997734141649,0.215755277790128,0.236228905016976,0.165875168263246,0.26106754023874,0.2169635441775,0.160431057799392,0.186559858702013,0.222033893642225,0.1961675150633,0.168551405381915,0.290187541176572,0.163552797686147,0.201073545857919,0.321949201662906,0.223190529450459,0.204509443023001,0.24797775853093,0.104727826971015,0.223288759304874,0.137022686870224,0.210674531137108,0.12288903624179,0.214313691782683,0.339445023224442,0.1842255979804,0.258531130927054,0.16804706776327,0.214753489431309,0.226697084082934,0.203255908490397,0.196928056978888,0.217723995925742,0.184123175015254,0.196121032737039,0.180896703068565,0.167961009042026,0.185923574698313,0.33452215560424,0.206563855984613,0.169090327830674,0.171693515476737,0.157184560298537,0.189531478927044,0.217231141626758,0.217913123029457,0.246800534099598,0.1708755127236,0.110591307598161,0.184337856389005,0.204917829019893,0.180787009125036,0.212474220503005,0.159269819336539,0.207659974763116,0.266639275769292,0.217332611024623,0.270443071286458,0.240194429530585,0.23768185463877,0.188258228656766,0.246475315001401,0.199853848325791,0.238260158323841,0.186846958178121,0.192402736202982,0.222637568984935,0.259228179951837,0.295942470772592,0.2384485231576,0.181066669795839,0.134885908267823,0.171187015140487,0.328678479337548,0.173042206690987,0.207715566328772,0.203130632033522,0.247999370288624,0.17827979510058,0.269475674327766,0.237257816004988,0.12862702807354,0.197080438487618,0.213893465177742,0.153409646250963,0.191161267006978,0.136200969758567,0.241469790458789,0.19506383479186,0.247590033619717,0.212317135543627,0.209984167363384
"acrocephala",0.233414271069676,1,0.183260940961127,0.240116679850834,0.242353173573869,0.138665625512595,0.221502978614589,0.243061452681104,0.241013570899676,0.158459967263008,0.152679943898464,0.218595667970836,0.164774965721489,0.209637583553128,0.246061969079696,0.246414262732251,0.184709960271972,0.271474624464469,0.197555646311084,0.217449057499665,0.276279411259418,0.157605027001014,0.223185604511323,0.241295399315444,0.148943042203454,0.146870475179522,0.158520407142745,0.179233495113144,0.117814014070635,0.19178540853827,0.212899938798631,0.203735862905849,0.303289443980514,0.158550219461349,0.143350922674832,0.212861599761246,0.225754867991098,0.218148732642382,0.185582043935515,0.195259563471834,0.221965682262809,0.195404671429792,0.168851625783209,0.234139524062016,0.248972921996416,0.211158445290382,0.153850472927336,0.212728675224146,0.197320451220422,0.215892736727968,0.205400515032893,0.218614393480328,0.220571392976742,0.168119979446765,0.0703838853972612,0.186773995001719,0.193488102930254,0.204747403836905,0.183777192527905,0.17092156536122,0.216197891953034,0.249096797479086,0.200788608336338,0.257750184176229,0.231593469850456,0.261669052106313,0.206188372529729,0.15190418468458,0.214953108330275,0.241543665558567,0.180237713636875,0.196280779657791,0.215825082914774,0.160374649972748,0.218854113500933,0.18451445611887,0.173981263523298,0.154291546462602,0.16805169698181,0.2648428004207,0.190993114184532,0.23848508410655,0.234613798899969,0.176755844823492,0.158523907761333,0.228079827871442,0.236723858239639,0.162994611726124,0.192598356454016,0.228028639753037,0.116334396529708,0.165983364002026,0.0994796084423716,0.198784735067072,0.167173505473514,0.216771099226544,0.173629143921887,0.233082438195589
"acuminata",0.225617076131856,0.183260940961127,1,0.215509738301236,0.200957647408007,0.115549132978422,0.178720359397834,0.185068932073535,0.19246528937153,0.174115039863182,0.162573486977246,0.159383984970231,0.133156705152382,0.163243372868309,0.17680954127798,0.174966683480736,0.139482415002207,0.242290797885585,0.134218140492986,0.154151683013168,0.214342551823845,0.145501695230577,0.16409954611845,0.179446921628846,0.134048752784113,0.152452091706249,0.12948728112287,0.193337970944066,0.0966849929457522,0.13966027077654,0.220572153208032,0.143699926863635,0.211274660307397,0.142017111453271,0.166129186206797,0.174981990009113,0.147669350519778,0.185249615675519,0.192317705082567,0.164139013150373,0.165183745577287,0.180635470479929,0.126630837065077,0.202989373245147,0.216220497704349,0.187349370596168,0.11197151427615,0.147582714922195,0.126476600241476,0.170839893429781,0.172001829481081,0.178946057701815,0.189118698005582,0.116807144027646,0.0735923674565636,0.142613504158161,0.155947085235779,0.14443427541512,0.169108726747242,0.127140969480369,0.172436076375133,0.18372924247929,0.198919575888817,0.246443359948011,0.182776358960618,0.173840360590245,0.133114364557796,0.16699073936178,0.154669887817657,0.200000746124637,0.160619006566275,0.170535596282073,0.174877387209298,0.170678567670499,0.264488266682964,0.178380554362993,0.142030982532261,0.155544283053991,0.148939416067013,0.226890011592641,0.1328932654871,0.172291116587885,0.152674241010672,0.157988035155525,0.122421624307246,0.1913856067616,0.183152387492426,0.136340541131341,0.17846584588642,0.170659644070162,0.123999380832756,0.163769619439642,0.109632505067457,0.20472947654638,0.143460682565687,0.155238696418825,0.146868871813523,0.146089861607659
"alata",0.329351494368584,0.240116679850834,0.215509738301236,1,0.262094712285128,0.128653194772392,0.260054093765249,0.189663176330597,0.256951739648272,0.145636772872275,0.18826259961116,0.221567610344942,0.194176207635647,0.208100452771235,0.239646022016956,0.218149595021456,0.185226874213259,0.348376174192985,0.216021797117968,0.224483597018312,0.272205797596952,0.232744869180895,0.202728315738855,0.245472352971317,0.131410648008618,0.192627792932698,0.169108002331977,0.282985292294551,0.12260052503016,0.160536910018407,0.291620255928711,0.173770042476094,0.307961169657987,0.208303620572905,0.204488261661921,0.248648243301627,0.217779633627586,0.213689909194039,0.191392021001102,0.181086334126811,0.234573151987618,0.195391470907535,0.144416879476279,0.223691250351659,0.254749455088951,0.221297080954058,0.158943530605043,0.171837479974554,0.14138254270628,0.195881946151838,0.185667769294604,0.178338696689897,0.246173634696056,0.155570156794014,0.0799143209408859,0.175782270611356,0.212028992984834,0.170000272524088,0.200537621880067,0.185712379271121,0.232051219769729,0.281659241439875,0.223988097136466,0.292736941013318,0.240051548937899,0.234301440122072,0.182094455347615,0.217565255083505,0.216260275422281,0.299031146093023,0.169391132118021,0.215199035420826,0.184863658240971,0.239601557711993,0.276609503594004,0.231987883440723,0.166339268012621,0.146869939923671,0.149949655121022,0.288163129114834,0.171980213176352,0.200696951055112,0.204268573686245,0.200649215425618,0.179638269856383,0.276314878641688,0.250031452420572,0.126201647938626,0.167832344999473,0.22264108055085,0.147159249660203,0.159839035131287,0.108031073547538,0.209646551642366,0.200016559023706,0.18207655250451,0.167075759434658,0.205842813520064
"alba",0.2358796430964,0.242353173573869,0.200957647408007,0.262094712285128,1,0.112122793165486,0.199962888783827,0.207731224640516,0.22568867130966,0.255206106905555,0.239417250521635,0.297666424120117,0.242669827261298,0.174596513614727,0.208260253411924,0.201037220580971,0.164869166103644,0.310374460671125,0.176066392774736,0.190860714818409,0.243941466428338,0.152026851001276,0.189490471201272,0.250373550935021,0.151443599443624,0.24384708007223,0.131681147900893,0.193063846861986,0.102102405926925,0.190209345407987,0.244444370303907,0.267100597022769,0.264075114891198,0.164440544290107,0.287982765210526,0.179989320529654,0.19281853363797,0.216423372834533,0.196393426326027,0.191692959023957,0.290041143168808,0.177075250200496,0.167182166406117,0.226594877965822,0.22491777904266,0.238599259085039,0.252508604810634,0.179549608782852,0.221825409827748,0.289132006915477,0.200181810970258,0.213511330373495,0.239255356144035,0.178722434209842,0.0688740584139946,0.18564377756306,0.200830891669835,0.202048124316003,0.30576427719716,0.153045347717227,0.245135895203276,0.265763444165015,0.226422490164374,0.270763897522461,0.205982398417199,0.264601050360937,0.15385084804075,0.160661751807527,0.186486769024931,0.251748363850358,0.268294030523026,0.182599817175507,0.262617785321238,0.143886327714255,0.197524502020894,0.186716490636811,0.208692327434441,0.148437919724897,0.176219105674254,0.340106357516774,0.195446619046537,0.204345143427675,0.223477443610615,0.154960368821271,0.141917124838115,0.214641056242028,0.243389919572172,0.13633576679081,0.160146960565226,0.300169465701359,0.14773072649707,0.276325597092965,0.0922215865750566,0.201893220309459,0.207112789906823,0.286085341346752,0.167904498132573,0.194185427285271
"aria",0.137110791744277,0.138665625512595,0.115549132978422,0.128653194772392,0.112122793165486,1,0.122769854559643,0.116348124827162,0.128405773045378,0.0779879314255038,0.0765995739393847,0.1043669097739,0.0976156885940551,0.120852738504966,0.10310065044506,0.180282805569975,0.105502399586183,0.157341856537851,0.124564418679805,0.136002097030983,0.128965021235204,0.187831458480008,0.146702575056226,0.13725976008179,0.110929637899613,0.0964892424301009,0.113586220876535,0.128702843754709,0.0634383103186077,0.132134423326179,0.232053041461672,0.0967756219377336,0.15412294294221,0.146715776790433,0.121316948580467,0.122819751019756,0.159496405587506,0.128789070212572,0.196452289139971,0.150384491756245,0.11130105394424,0.101766692998544,0.101545905758612,0.116560932858151,0.124503280389594,0.110804901578979,0.0766183766989393,0.128156968330157,0.0837968155534647,0.137266534460356,0.105525812607537,0.120783439503476,0.122863065245341,0.118628664760815,0.0448183101959687,0.117551615820271,0.134511812703468,0.0987366251170869,0.125472934529805,0.137333590139435,0.123011570795954,0.118064519137967,0.11660303449977,0.165574229556569,0.157571324892535,0.142675991491485,0.135534367155154,0.0939049501681836,0.124177607565617,0.149074551125672,0.0921148542908703,0.100918763111385,0.216048121782203,0.0982527185237364,0.11483852109382,0.145751058391801,0.119096864520527,0.0916645334623572,0.11590432277624,0.116053709791223,0.120319904311358,0.118962390825683,0.0944369880599452,0.102714665532907,0.127068243492236,0.172822046285264,0.115517086034792,0.0880979852135979,0.128597064430041,0.116521925092922,0.127781010243929,0.0826878810848502,0.0681950782402287,0.135206985029319,0.121557363845926,0.102363121251303,0.117510569903465,0.0997647378111361
"auristellae",0.241997734141649,0.221502978614589,0.178720359397834,0.260054093765249,0.199962888783827,0.122769854559643,1,0.208261424595387,0.198706555874303,0.146468690652176,0.166384059158356,0.208028651718118,0.150863100145723,0.185198553463492,0.236461765361879,0.203823783479228,0.189527323157517,0.236196092296474,0.134899617972726,0.191148537936154,0.244549508229162,0.159408106620082,0.216155311448018,0.244166924148905,0.120661838205227,0.183358796772311,0.145959730522895,0.243051484672449,0.117687880959609,0.158476109027674,0.19317325063248,0.181178196754178,0.259609305421628,0.206798054001525,0.154186383010505,0.200546137055217,0.168913794809953,0.228706065666009,0.189089490480988,0.182976769487204,0.255272490005025,0.184874489868447,0.1525181547231,0.226758247665407,0.238584841497569,0.229968579456558,0.120548818318938,0.162327557420431,0.150442592940013,0.167392214266711,0.212658734460586,0.201361921621385,0.188411600529679,0.142495802747595,0.0840315319156438,0.160928373601002,0.176153798211823,0.202009280369632,0.194697857713913,0.149576372449055,0.214260709553479,0.238412451605238,0.208253858650037,0.23453498813424,0.251304080003319,0.244700425278603,0.177582671866504,0.176576152107348,0.228721147244797,0.232158396700539,0.15383744603571,0.224032319246733,0.193939647717944,0.162025206337472,0.214253824446844,0.228698787009099,0.169886508711598,0.161052415432704,0.145228579753152,0.26689915764355,0.158329620684178,0.21957944332635,0.188338807404087,0.164804783380787,0.148515930589549,0.199018439744831,0.222982123262029,0.128369602351264,0.174342733140879,0.204213223198744,0.112853712306554,0.158007166957894,0.103920063697759,0.174830608005054,0.163737032477385,0.19152018055392,0.161509664207171,0.256366805394566
"bourgonii",0.215755277790128,0.243061452681104,0.185068932073535,0.189663176330597,0.207731224640516,0.116348124827162,0.208261424595387,1,0.204828170364843,0.182807588752753,0.204025554030574,0.204339087636416,0.129523414714383,0.208330122171934,0.321340335095323,0.216132611582415,0.194369727076728,0.234907435332521,0.152606565277822,0.177415789709726,0.250601872323874,0.157112504156884,0.207767754112356,0.306625997222899,0.134474364006559,0.157786677405433,0.137971661995021,0.177848995499797,0.100951475851015,0.198336638327652,0.217517957373544,0.239078217902284,0.285332488530625,0.142824672132254,0.146180385212653,0.23690551420839,0.182171309381616,0.261815305684973,0.245387760071472,0.187326896497319,0.208585477301714,0.170254195244604,0.179948292373965,0.211935078026298,0.225336072366887,0.218375256263375,0.123523701752608,0.174500641259158,0.138575214982488,0.17135816844275,0.271522849856593,0.297230446463268,0.193137411701438,0.153893548480557,0.0627638443319259,0.154033011810447,0.197847081129689,0.264489222778143,0.164946071503554,0.149379643741645,0.201003515026372,0.187059347291436,0.201055390897431,0.259339795467363,0.20415047425195,0.29136141456846,0.174328937170268,0.127988497838815,0.259788265195184,0.208487445226607,0.16498000109791,0.213530639895593,0.283754545583462,0.166322147994325,0.194259212994188,0.190360909445289,0.182599980567704,0.164956729312222,0.164934479143771,0.264304722090523,0.182123724862499,0.189229212718173,0.241160952001541,0.149759265956869,0.163054985398916,0.215227334085453,0.236383172624014,0.12342597131457,0.193855428329927,0.167814372071829,0.102711571747229,0.223182749686303,0.0973544164047748,0.20523525115445,0.184487872495726,0.277255073840542,0.212892629461518,0.193914745216323
"brachyrhachis.aff",0.236228905016976,0.241013570899676,0.19246528937153,0.256951739648272,0.22568867130966,0.128405773045378,0.198706555874303,0.204828170364843,1,0.125691409395695,0.143314795557047,0.212352309787395,0.193390209430747,0.300160671120417,0.205844589551836,0.261777894830834,0.175651244240018,0.260096440292304,0.188592167429631,0.203435624010735,0.223791742851309,0.252252712895375,0.220268438969664,0.235487693289826,0.145245156383942,0.130649132868881,0.134538708766968,0.232782208620347,0.107763586651725,0.226829533431144,0.282462233868379,0.18184521727378,0.25171361195623,0.169992473790934,0.156839416759374,0.179982449821734,0.201374913930166,0.193034963372383,0.170397332461349,0.185566416352288,0.208025032505778,0.151624989378458,0.16053626366606,0.224273183904282,0.23674657874088,0.281945037209829,0.144571883793723,0.223756419794479,0.131958921090421,0.187708228816782,0.202086677169096,0.217691001962722,0.186541582397914,0.190130495339827,0.0635288486005708,0.194813338896306,0.170321313422969,0.228341843714797,0.2478882933415,0.17644310953995,0.279273115900269,0.250439488798605,0.252257604552305,0.2698753783993,0.244202498521453,0.264359194968491,0.184641192382945,0.12912912145204,0.26218314912042,0.263856850909356,0.161813961238528,0.264420769879084,0.213376286711836,0.189002737153493,0.194381411457766,0.17322331816098,0.239439295566207,0.135225291269254,0.164883170207357,0.258041806056838,0.251085874500222,0.177499861826632,0.195488719427946,0.158689256911652,0.193965173482629,0.200386012036057,0.202947189412832,0.171959348729826,0.196196489386079,0.243973947661962,0.130684290327021,0.138008254229171,0.0851352022022116,0.188159257495129,0.202936861702039,0.179755737149224,0.228128169960584,0.185641262534634
"brachystachys",0.165875168263246,0.158459967263008,0.174115039863182,0.145636772872275,0.255206106905555,0.0779879314255038,0.146468690652176,0.182807588752753,0.125691409395695,1,0.378506870778607,0.275934883960465,0.200887718354965,0.109211187272199,0.270303834684999,0.134984089726853,0.187966750512242,0.186399115577644,0.103700442278961,0.120355617476633,0.20668914862267,0.107494442222672,0.163544711767044,0.204134903531154,0.0819500537082116,0.314980550594158,0.0917865398271115,0.12357234015368,0.093845928671561,0.180222240894754,0.14774817244228,0.413180918905561,0.159287482448998,0.106418266514892,0.328159646924022,0.171240127166348,0.124713963679251,0.155490666784587,0.167995786695262,0.138699248571714,0.339740716357905,0.1082858190598,0.114031199734656,0.132590463629512,0.155636917396134,0.126472420922334,0.368138242208147,0.0963316727154089,0.260952441413809,0.277636266111687,0.136444646957583,0.190294453522349,0.150444108690404,0.105294528938521,0.0671596389395175,0.120163550073479,0.133749979909026,0.182496666899506,0.22838964826052,0.100046413638097,0.120781495145718,0.15368301907811,0.13345186651105,0.194682300346805,0.139632877923863,0.17055985258943,0.105171716109633,0.131345365170827,0.141489563039828,0.141382243642798,0.360509738652357,0.135719451058998,0.148509393484382,0.144419987287813,0.190758617488421,0.130214896686577,0.115701113055621,0.0912706468071779,0.10882234843236,0.222573941889115,0.112842491984898,0.176754498012626,0.171968714094878,0.132827838129878,0.111826148773522,0.142417086038484,0.246663251564307,0.0828235886669869,0.111958196940629,0.255529103730932,0.0690287416524028,0.511917367447153,0.0932484071932637,0.13478430766775,0.120278337551399,0.418390030182005,0.117910449801822,0.143169733333027
"brachystachys.aff",0.26106754023874,0.152679943898464,0.162573486977246,0.18826259961116,0.239417250521635,0.0765995739393847,0.166384059158356,0.204025554030574,0.143314795557047,0.378506870778607,1,0.290225397312614,0.197311809632973,0.11991651976023,0.148915700179389,0.1357709201301,0.11497628212876,0.195608130961754,0.126896050108546,0.120558699916388,0.324084321084505,0.117615289528329,0.170754113270248,0.186909240394026,0.0792334133941421,0.411112268779531,0.0860893315279649,0.137748051805775,0.127173594832706,0.113339019470881,0.229222826485484,0.351475644063559,0.167473278281063,0.100206001802282,0.361787123989954,0.156038959694497,0.116102958186624,0.14849257605114,0.205427200410191,0.125557980124134,0.383021323780704,0.136589110681618,0.170291856521674,0.143482779961667,0.324702301815868,0.174271795537783,0.345435028326717,0.108179930114514,0.242875472655895,0.294176935943727,0.189213016688322,0.155407224075191,0.117748026505807,0.101564181492318,0.105249670770722,0.132721037426079,0.137704603967536,0.137598608215758,0.25981764567821,0.108202040145086,0.118779256572668,0.148214314583994,0.152565627317116,0.198148720591867,0.13689519484012,0.154321384837091,0.127787431782091,0.251861811249149,0.181974727536045,0.15300691869467,0.414668931982687,0.16769231629331,0.136903865589194,0.347489976919273,0.184812010373321,0.143155254647134,0.122940593671834,0.0916068109966336,0.103564188269636,0.274791503915107,0.114689204289058,0.202743771220375,0.15840354259045,0.214702798315912,0.107717058661654,0.159104189027262,0.176654936250246,0.103247866217538,0.142705992241295,0.244863980709041,0.0708179311228372,0.418580491655499,0.179269486304828,0.154677642260605,0.152917901361717,0.364496997671334,0.140192382239573,0.153504934428027
"brevialata",0.2169635441775,0.218595667970836,0.159383984970231,0.221567610344942,0.297666424120117,0.1043669097739,0.208028651718118,0.204339087636416,0.212352309787395,0.275934883960465,0.290225397312614,1,0.27528875815362,0.181288889178372,0.199762450083803,0.188748923572023,0.148606592027332,0.230309155888318,0.137248360387085,0.173749210973217,0.22242254934793,0.126443983551825,0.162141436090046,0.223969298630641,0.119599144022353,0.29137581064691,0.129308849177603,0.206364982199141,0.093088400077544,0.119429720412524,0.213700271099536,0.344252300468981,0.239940312320223,0.141493264728891,0.320773257598119,0.153328450512748,0.156972424014292,0.193581162492221,0.164753984592088,0.136534223813644,0.382154990734268,0.143821280745517,0.12316869230156,0.180399630699911,0.212220038890943,0.188219943435817,0.272469695710693,0.159350392716752,0.261347235303646,0.29301327275099,0.173805110901677,0.206740774150306,0.184211635229125,0.12953849954982,0.0527362914649233,0.132548190821883,0.149926376924891,0.164971530314613,0.303658042616395,0.141593803215483,0.186883508766654,0.184742337619803,0.179466927957919,0.212899198165795,0.188747584330151,0.197553082846016,0.182570067988614,0.123264545360176,0.183954084711858,0.182795383858764,0.298219846650171,0.177642267813111,0.168353163658714,0.186914989173516,0.180190275907454,0.153939122427617,0.141309429763095,0.143036862033598,0.133564562956983,0.230894931799126,0.152556462793525,0.180927420472254,0.159615815548966,0.131444640520365,0.146596556924629,0.159048672807277,0.181030602000361,0.119945233235055,0.174135468079756,0.287952808519469,0.212806297753343,0.304808174129472,0.0913286866278509,0.125432567006708,0.157318086687433,0.349995469356871,0.140128172512798,0.17326850048215
"brevipes",0.160431057799392,0.164774965721489,0.133156705152382,0.194176207635647,0.242669827261298,0.0976156885940551,0.150863100145723,0.129523414714383,0.193390209430747,0.200887718354965,0.197311809632973,0.27528875815362,1,0.160054683782698,0.147895893926255,0.186854219542208,0.134253999814576,0.17137941244114,0.112346323932527,0.151438335981278,0.138498120735534,0.140030587496565,0.155314054901411,0.158302636880421,0.104874306153219,0.184263996638545,0.113830390898392,0.235050058798548,0.0663646408597504,0.145894629073523,0.22716608812969,0.257691665617258,0.191561138712321,0.150248079766519,0.246592895425234,0.1271220771396,0.163621538666904,0.187580593450022,0.111379849383296,0.152245894118272,0.262979244173223,0.139182522015194,0.102395727591867,0.15765757880394,0.142506654747711,0.166329348835914,0.241728316767875,0.159166866232175,0.205360341417264,0.234119202363289,0.140075791740034,0.161025897780215,0.134825495704372,0.134394124553389,0.0568566359725239,0.139396061149506,0.157436659622953,0.142923285872916,0.253774990479869,0.132155690203581,0.197621446973791,0.165894150702504,0.180052901647683,0.177696067176785,0.174011759657632,0.17229924027092,0.151939835430708,0.0969502485587951,0.163023922786391,0.178574398263743,0.190116367769592,0.173721447219062,0.161461763906881,0.180803517712542,0.150383905289537,0.149462967230895,0.145178489441763,0.098288078687827,0.139974227298859,0.150372822552687,0.131580479791392,0.154082147697682,0.154441647351469,0.143526879106756,0.121708726720192,0.162406797135241,0.161875995280221,0.103346384037603,0.108654998937681,0.265568851471987,0.135905576444137,0.190673011343622,0.0748048908364072,0.145846051902436,0.140919752934546,0.239051976544107,0.147349960818589,0.135273240513304
"capitata12",0.186559858702013,0.209637583553128,0.163243372868309,0.208100452771235,0.174596513614727,0.120852738504966,0.185198553463492,0.208330122171934,0.300160671120417,0.109211187272199,0.11991651976023,0.181288889178372,0.160054683782698,1,0.166086719354396,0.225473367285843,0.166467725653119,0.207215528422038,0.218089758218879,0.186245674875356,0.182133063470535,0.174417650092622,0.161592654530743,0.196947207430664,0.1753214560614,0.11803510100646,0.165508554279828,0.184840379717535,0.0862925434038828,0.159338104068091,0.231238448991348,0.139461256824277,0.225067531231506,0.171934188318531,0.121130962362348,0.163095810312184,0.173610936269171,0.172501464774431,0.146403594994605,0.172196245438307,0.178226047664652,0.157851438747155,0.115135014235319,0.250583491689386,0.189352930266343,0.252508974189337,0.113755900030323,0.194215598894124,0.13384012147085,0.170017849729331,0.161124959721387,0.22235106398112,0.169567320347904,0.204357080084434,0.0480699197453858,0.16991725514317,0.134702666739218,0.173811477638155,0.193851351103755,0.162897539766258,0.210894609534824,0.187095548699433,0.233788687555152,0.211832942954285,0.229373546662359,0.223330329182759,0.158328461800272,0.136606567095214,0.208786893153372,0.220118815086967,0.140391993975869,0.223695788814552,0.219703167964537,0.156617998723174,0.191286271208345,0.154783919640042,0.19413623385206,0.135094359580751,0.131254830709768,0.196817090620903,0.209798254215344,0.185082742015816,0.154057917195842,0.142168400645398,0.152625238203726,0.167574082345244,0.163276369183609,0.151808825814557,0.187704829827702,0.179516693843731,0.110193026509052,0.103605261415681,0.0768531579105144,0.164855460461197,0.179678662377867,0.149040855739378,0.186446702467645,0.167810664243099
"capitata33",0.222033893642225,0.246061969079696,0.17680954127798,0.239646022016956,0.208260253411924,0.10310065044506,0.236461765361879,0.321340335095323,0.205844589551836,0.270303834684999,0.148915700179389,0.199762450083803,0.147895893926255,0.166086719354396,1,0.20665578850768,0.181051388438696,0.240972267553306,0.196396120978018,0.183039121938468,0.221122712082237,0.144228286669774,0.306762969151413,0.278824208170013,0.122826463518232,0.155985073399866,0.162591446519762,0.196474112916032,0.102492565170998,0.190507110584131,0.231364578201335,0.250321272905366,0.258029193347574,0.172527960273387,0.144627139851623,0.211655882159166,0.194420179411648,0.218837176657421,0.178245787612169,0.205542915925915,0.206469316616454,0.158157555779124,0.135295890483627,0.205727649693424,0.211878023145084,0.195703046211402,0.146380964279946,0.195639570685244,0.16865320915194,0.172322772801921,0.199133817909308,0.23566474417974,0.181586409012509,0.152574114767381,0.0599810097826394,0.15315910437583,0.17725439452671,0.245364124683782,0.170731897376926,0.151024586210057,0.234787488285571,0.23397474938737,0.200255428186601,0.268762930690021,0.227334583932557,0.254216994116851,0.186825159297728,0.125945569877191,0.202411872897054,0.219500996883687,0.141101424704111,0.202587894216907,0.233065703407222,0.154555225247119,0.205493623275862,0.174815354797346,0.181944809127271,0.14603186017319,0.149302529109681,0.273481072554773,0.17276714744462,0.189509505796839,0.225467536151149,0.141353534807853,0.168223523065214,0.198674004935491,0.260324552438094,0.139421657092773,0.173017912666806,0.179189312946655,0.090090408857195,0.20082922434506,0.0871695107939655,0.182264637748408,0.166117817397947,0.224025937024674,0.173829699699632,0.201279719068747
"capitata35",0.1961675150633,0.246414262732251,0.174966683480736,0.218149595021456,0.201037220580971,0.180282805569975,0.203823783479228,0.216132611582415,0.261777894830834,0.134984089726853,0.1357709201301,0.188748923572023,0.186854219542208,0.225473367285843,0.20665578850768,1,0.18516815613293,0.279302841195516,0.208533246020138,0.231608064067762,0.201275371832896,0.171654053408357,0.213464463912433,0.220606880491515,0.161608029780345,0.137862596693854,0.164091419985788,0.273593923901371,0.104024491192858,0.225018978249315,0.242238369170312,0.186502468947347,0.272646291238218,0.159901139688833,0.14176181084165,0.175858836308292,0.239788587223518,0.202496107357454,0.155521883119928,0.233570220543391,0.213815351448685,0.172486361274353,0.137433026285011,0.204218801046414,0.187945899929086,0.206160852324733,0.165372229002577,0.207633074095679,0.160734430943088,0.174023821245633,0.152818295654338,0.196495119053992,0.20374024177717,0.174628646930651,0.0526892791658602,0.209853926130155,0.196843094029459,0.179632718292296,0.205713286983029,0.250387169018787,0.246185151131137,0.222250883936095,0.218038595868209,0.295394735546249,0.25777449161989,0.226958510957864,0.214527456496772,0.129140726065481,0.199182567810597,0.268234075220102,0.163355608328743,0.194595359266074,0.228036475309407,0.161758646592047,0.185192103564658,0.199067671581724,0.186639461661215,0.126820045750536,0.17588498936077,0.193244903846763,0.223855507470621,0.217549549497276,0.196175163477483,0.139106154724485,0.182060659279353,0.221468212778349,0.211674813712816,0.16458824990016,0.147243044815089,0.16941895884618,0.150100034889917,0.129594290135306,0.0945073559486153,0.169836650510025,0.194100981510123,0.18090206257073,0.196075765382197,0.190912115165721
"cayennensis",0.168551405381915,0.184709960271972,0.139482415002207,0.185226874213259,0.164869166103644,0.105502399586183,0.189527323157517,0.194369727076728,0.175651244240018,0.187966750512242,0.11497628212876,0.148606592027332,0.134253999814576,0.166467725653119,0.181051388438696,0.18516815613293,1,0.208440408451748,0.139237705172791,0.188118336607891,0.187816726497105,0.105949558636184,0.154001251329532,0.328767505808944,0.106232511978935,0.150158313915384,0.107657100203442,0.211333258117811,0.068777152785691,0.413737832263326,0.196063043093561,0.154697989988992,0.245374378263592,0.185883996432346,0.110225892670285,0.152293911657986,0.179011307032255,0.19688519482752,0.155116041520023,0.156680590307133,0.179586365566162,0.120042711108907,0.110648816336333,0.181481659102792,0.150124162733562,0.273090954152562,0.117459731133394,0.179330260716845,0.105466253139729,0.153766928638495,0.179616894252355,0.332925287886352,0.144947489441052,0.176115120984004,0.0527800583677298,0.170880064536727,0.165682986862004,0.362296631845192,0.188361592440807,0.159227288278553,0.224387470533707,0.139218598361175,0.19465389837769,0.223399873385374,0.231776293688138,0.27722029072885,0.12514637060055,0.104989680512774,0.292316355636135,0.188889765374359,0.102988806439119,0.248895150851937,0.212206783796276,0.102054215558419,0.1800790817303,0.140366194435006,0.202987117610548,0.158575362493642,0.163132920695464,0.237067761102105,0.168164987822375,0.130497513138975,0.238440746051953,0.124878303238733,0.160949847098594,0.170286676222677,0.248468333369122,0.121349187009122,0.136390639336993,0.132293757015109,0.0777186948387898,0.188047070343351,0.0620969541257197,0.128617448171953,0.165899543401937,0.222225030331776,0.220110597065322,0.139444036255461
"chartacea",0.290187541176572,0.271474624464469,0.242290797885585,0.348376174192985,0.310374460671125,0.157341856537851,0.236196092296474,0.234907435332521,0.260096440292304,0.186399115577644,0.195608130961754,0.230309155888318,0.17137941244114,0.207215528422038,0.240972267553306,0.279302841195516,0.208440408451748,1,0.23420390831743,0.237069722559705,0.320648448114592,0.211321483343268,0.236331904340442,0.285738616676274,0.157086566740767,0.213643540032049,0.140843659706676,0.278077348406101,0.131892452729493,0.183023447662568,0.313232098479571,0.195518208974585,0.323726239019999,0.16984845634414,0.205179504159924,0.21656974809488,0.222896893734748,0.222435655454943,0.197047841006344,0.200168513611414,0.244524040311499,0.185973569406942,0.179416190200073,0.222680179436605,0.374585330782778,0.329637099796152,0.164029133356559,0.244223047808291,0.131837112510979,0.187762694161817,0.212336960969156,0.234080450269381,0.247661150563387,0.21524104233625,0.0870358064797509,0.208430113548711,0.219518556096447,0.233619881754548,0.236783307263429,0.219751120710035,0.286154457150202,0.232190607363116,0.289310545173794,0.309334423821986,0.273749565959866,0.299937903057775,0.188364777107285,0.236979948573554,0.264506288075424,0.289833769752571,0.239810136685291,0.237915608167762,0.31072401215935,0.277872633329118,0.310828040125609,0.213725403739808,0.243175473296707,0.149160010711139,0.20156671450355,0.309344596600392,0.239872161720227,0.200660497853039,0.237003888440677,0.196797748865344,0.199641333396107,0.27223878385265,0.240867294465385,0.147853219879817,0.208060760906847,0.220149190216248,0.130067767804241,0.281469210003748,0.121515988233624,0.197321719861394,0.257591374833842,0.213650238400586,0.216805191938355,0.270742953833603
"cinnamomea",0.163552797686147,0.197555646311084,0.134218140492986,0.216021797117968,0.176066392774736,0.124564418679805,0.134899617972726,0.152606565277822,0.188592167429631,0.103700442278961,0.126896050108546,0.137248360387085,0.112346323932527,0.218089758218879,0.196396120978018,0.208533246020138,0.139237705172791,0.23420390831743,1,0.171901779514647,0.178124497531431,0.156786371434166,0.197158106516664,0.183706013837624,0.114002045001359,0.100506642890707,0.121584375514355,0.122913668393097,0.0766492469933208,0.148898932638787,0.168898662286853,0.13461238919899,0.185465096639981,0.143015567311146,0.137495355807156,0.144235728013289,0.178339387722653,0.14671795648345,0.125654350164503,0.223905137780675,0.150618743159845,0.132074571999752,0.141155916534173,0.144322668188958,0.167185402781908,0.192636519408061,0.117693667147572,0.155656936259012,0.101917078584608,0.149521473283632,0.142728325046987,0.182878206977579,0.155254133069526,0.151017974626401,0.0512300754477255,0.153195870463107,0.160171763357552,0.141236485610777,0.181566747945931,0.151879926323126,0.152440128549895,0.170342392962014,0.159568769017664,0.230747742316789,0.211455488472699,0.173367708332429,0.169670959709594,0.117255621004735,0.176744870717865,0.219138816930066,0.120443791498767,0.145944605084412,0.177566978301684,0.121186774495,0.15201947326528,0.148573996649979,0.118570810321899,0.0981388827307332,0.139957284796348,0.151561578690673,0.154035859380603,0.165067026820551,0.125391957822752,0.140621036208447,0.143019216845569,0.187916483308577,0.186602542743741,0.128758739489379,0.134549412872054,0.151439834179223,0.109559276338293,0.0981326007701858,0.0727094573867162,0.156574891997675,0.141805617146281,0.148039303581856,0.127764835407348,0.146316188564135
"cocleensis",0.201073545857919,0.217449057499665,0.154151683013168,0.224483597018312,0.190860714818409,0.136002097030983,0.191148537936154,0.177415789709726,0.203435624010735,0.120355617476633,0.120558699916388,0.173749210973217,0.151438335981278,0.186245674875356,0.183039121938468,0.231608064067762,0.188118336607891,0.237069722559705,0.171901779514647,1,0.239799636335447,0.161253078261895,0.19156185369203,0.233019215918301,0.116676861593969,0.131897330322189,0.143233315352028,0.22261225741257,0.0974697687136736,0.177730019909067,0.228195103667497,0.162299462471579,0.251766461299286,0.166012287282082,0.122685231399357,0.198483418140794,0.250787231531919,0.176524018628048,0.127940124173595,0.171325544586487,0.196350891130674,0.140087718402787,0.137978662470559,0.190129955337972,0.188022253501916,0.237324138361223,0.143032312385098,0.208024124902139,0.155012381808728,0.171374427606179,0.181779133845592,0.200878571044665,0.165841871900418,0.225475238831622,0.0711819094011925,0.178061441164923,0.198204417944974,0.194351348762056,0.197460370781072,0.171632083559036,0.246942608810663,0.210860854355276,0.323091384239727,0.254293266962343,0.260998672811412,0.248097268583451,0.174986971470908,0.129900892391262,0.203361320007088,0.277828110769116,0.130839217916238,0.176483288452621,0.240979193001795,0.132861869563691,0.209030585771435,0.217533882384917,0.189992837775594,0.111776203202156,0.303417831161963,0.191638724827482,0.186303296591135,0.174044097831904,0.210800267370006,0.154601444577569,0.179649589320693,0.233802350014282,0.194113916935992,0.131471473184096,0.157830357242821,0.194541764648413,0.15194383476003,0.133300027371382,0.0755260055553471,0.186226969400927,0.214124880373373,0.178741102423447,0.249163987538678,0.161582956377844
"cordatoalata",0.321949201662906,0.276279411259418,0.214342551823845,0.272205797596952,0.243941466428338,0.128965021235204,0.244549508229162,0.250601872323874,0.223791742851309,0.20668914862267,0.324084321084505,0.22242254934793,0.138498120735534,0.182133063470535,0.221122712082237,0.201275371832896,0.187816726497105,0.320648448114592,0.178124497531431,0.239799636335447,1,0.178826394857385,0.230555975419634,0.258119629987215,0.130970368068915,0.267980838351546,0.139501814046017,0.211919569222513,0.140557945461018,0.170893414803701,0.278301077915434,0.191511777375807,0.279313488644084,0.16091614977346,0.207640020640767,0.217872710329655,0.209050336795274,0.226368269910696,0.270832649691616,0.175363475220044,0.261244968439453,0.181113677814778,0.212091472626766,0.211494771168637,0.416584445448221,0.275177498719131,0.150286476266767,0.1835858522773,0.155338676751781,0.215122175264693,0.242117616435836,0.244466649038666,0.19180346792819,0.18718898346685,0.0984779236665376,0.167199911126068,0.193138590795876,0.217715011357939,0.209041875039394,0.173261619266118,0.212629746835348,0.244884261483077,0.273751789919274,0.306677402469954,0.225888475470615,0.280006588143991,0.18219653009231,0.294458934936755,0.240098090328777,0.251462709348777,0.239625314508034,0.20614372747953,0.277652005012211,0.35829958870699,0.279339639169705,0.207024620749594,0.19253887207954,0.157543798046445,0.207489951705287,0.346475579432002,0.210756754773675,0.214415980341326,0.22944862748889,0.280972702277098,0.175274913481176,0.253647830556992,0.248300620101386,0.138414824426211,0.206093620999537,0.200610978110788,0.126421920958168,0.267796779833544,0.156246411239124,0.202433018065452,0.251065066319813,0.2508721627844,0.206123990908395,0.233458587502591
"coruscans",0.223190529450459,0.157605027001014,0.145501695230577,0.232744869180895,0.152026851001276,0.187831458480008,0.159408106620082,0.157112504156884,0.252252712895375,0.107494442222672,0.117615289528329,0.126443983551825,0.140030587496565,0.174417650092622,0.144228286669774,0.171654053408357,0.105949558636184,0.211321483343268,0.156786371434166,0.161253078261895,0.178826394857385,1,0.201666017915775,0.184233967371257,0.099124980990622,0.126773368763393,0.111856092213743,0.133690642325902,0.0838020922364572,0.137134881212684,0.226083200258732,0.110362026725366,0.201795805988767,0.168732480941377,0.134596298924372,0.170825735037228,0.158538176974493,0.165025322828712,0.180025441892001,0.160309341195104,0.133766311640857,0.13764089924979,0.180896320109063,0.143528873140081,0.176761097333395,0.157382801998175,0.1150578208356,0.144123108671915,0.100207233328771,0.160595483771979,0.138240557568883,0.116395470776484,0.143916115589914,0.181897111253987,0.0582448040182856,0.188951243714932,0.156856351804597,0.145725069111739,0.162440564605115,0.135757416658956,0.210290137614066,0.204677446348038,0.160378554403607,0.202755348961254,0.170462572111279,0.192852491681096,0.126177269803104,0.150871891496226,0.137750363079907,0.242625279173282,0.134797811625044,0.134080798261468,0.147851390241328,0.158780306274684,0.141101410546823,0.182069624211555,0.163124666813432,0.0940832068319138,0.12360697278073,0.208185560214795,0.185595555076973,0.150993845724608,0.165509449706511,0.171970608173667,0.151032871471605,0.205813315439814,0.162975326101365,0.10504999490771,0.151624120515912,0.169262668777762,0.136572351818496,0.109521888134516,0.0808252702671127,0.186961557553401,0.174983433527684,0.129587837583558,0.131956469236092,0.186231758425581
