"","acreana","acrocephala","acuminata","alata","alba","aria","auristellae","bourgonii","brachyrhachis.aff","brachystachys","brachystachys.aff","brevialata","brevipes","capitata12","capitata33","capitata35","cayennensis","chartacea","cinnamomea","cocleensis","cordatoalata","coruscans","cylindrica","edulis","fastuosa","flagelliformis","fosteriana","glomeriflora","goldmanii","gracilifolia","grandiflora","heterophylla","huberi","ingoides","jenmanii","kursarii","LA17","LA41","LA48","lateriflora","laurina","leiocalycina","leiocalycina.aff","lomatophylla","longiflora","longipedunculata","loubryana","M18","M25","M27b","M30","M71","marginata","melinonis","microcoma","multinervis","nobilis","nouragensis","obidensis","oerstediana","paraensis","pezizifera","pezizifera.aff","pitmanii","poeppigiana","punctata","retinocarpa","rubiginosa","ruiziana","sapindoides","sertulifera","setosa","spectabilis","splendens","stipularis","striata","suaveolens","subcapitata","T18","T21","T29","T50","T51","T82","T85","tenuistipula","thibaudiana","tomentosa","ulei","umbellifera","umbellifera.aff","umbratica","velutina","venusta","vera","virgultosa","vismiifolia","Zygia mediana"
"acreana",1,0.223443510056709,0.315445556627181,0.248730932235822,0.174324175785702,0.237774339872531,0.336588112758286,0.333274082361542,0.222220955920642,0.164226662690486,0.225372666308829,0.242939558410869,0.282348596309815,0.180453880099687,0.206141167533705,0.171841223431548,0.286152588824348,0.360853446238284,0.308909748924145,0.387506742566167,0.240922939908655,0.17238059873515,0.283888090717932,0.290599076229236,0.244003443796076,0.188776089130468,0.197950609548911,0.195374155580355,0.207972023418308,0.115820298202273,0.293193300555122,0.143427162216211,0.305483272708535,0.258194912737711,0.157934969461671,0.235546875203995,0.159572252537659,0.146443229095739,0.168906301155793,0.24352011446805,0.255031346653054,0.303493807133345,0.155575799054231,0.227828116266072,0.212156522409005,0.220476477220515,0.160333648744315,0.166962432660667,0.271617049850742,0.144995899886908,0.409556729800123,0.0772085448798606,0.347841766050685,0.185930462630094,0.343429796570521,0.228083968963913,0.281963075750695,0.277696539611403,0.156571606095521,0.194080303543582,0.288410695185305,0.167320321696269,0.167629533778292,0.290078195272833,0.351589437858162,0.249293001897403,0.232570928767028,0.270907173337576,0.344902840793887,0.310978552652434,0.181383248344418,0.24825851574756,0.264466404722139,0.17658370470358,0.144336234755559,0.170102371806347,0.222801463230357,0.0684368482681319,0.147393252425735,0.332725087188253,0.241367735155534,0.218989902351127,0.188724982834275,0.254119225245967,0.256888016761703,0.215125169484276,0.26244875036027,0.229513501749362,0.291809139324067,0.212475685239427,0.167642767247577,0.172533015420752,0.376693517703107,0.310834682606596,0.158461914637467,0.264321547539965,0.129199788165269,0.285180998276811
"acrocephala",0.223443510056709,1,0.178657371635864,0.223089885630583,0.161865406457769,0.213126830517924,0.243106787707002,0.222268047388847,0.210616584016007,0.122873461560878,0.220287918254352,0.160126614125743,0.17615949400635,0.20284325155801,0.270057956194936,0.225068898798371,0.172883102373196,0.177090064647032,0.173419812218497,0.207129740561248,0.250582254705187,0.167396530290661,0.194445971894196,0.247670507324943,0.20601275109134,0.186952650788054,0.212109269307951,0.313874870531949,0.142995343917567,0.182739496073677,0.149393445426906,0.174331624216365,0.24654616858273,0.200230116990875,0.156477770567283,0.17273158522872,0.198139179639547,0.158883030875833,0.191673730251886,0.14615969081028,0.240382641680479,0.208347610914929,0.126248081775205,0.168891126490342,0.209079065760492,0.168454487940804,0.122230171414179,0.228686353855151,0.2041849670096,0.157018476141361,0.195427170740427,0.116226454729726,0.244768565675863,0.155436952303708,0.133483495156415,0.1622951826562,0.207235579343763,0.199023528137231,0.183862879084578,0.165516880184913,0.206019455900018,0.231515748915447,0.176134722620738,0.208813901075606,0.225519925424932,0.177973086984435,0.203952468887222,0.173466346878565,0.20898084231734,0.253321616339219,0.185984626728396,0.161773908766422,0.251178386553022,0.152591315038474,0.113433290668529,0.220905580738951,0.138515653909758,0.0983896511973975,0.267541288213136,0.270975170710311,0.195478056041056,0.27010246761337,0.163179620448683,0.149559338640032,0.136176530836528,0.158608210469935,0.199099989619953,0.172685621310426,0.192798206234123,0.220186732253005,0.125513880891645,0.146074510480441,0.118980954994112,0.201339051798902,0.219218658231017,0.154748530377512,0.137577793374213,0.174422971402396
"acuminata",0.315445556627181,0.178657371635864,1,0.210486183431383,0.142295180905009,0.269160533331021,0.269500173003788,0.272589981180855,0.272424087474675,0.224545610904869,0.23111442140804,0.203661635360497,0.285879525058216,0.162663160137359,0.230561418624789,0.157984581073186,0.296881215500127,0.255537982437469,0.275127438727523,0.282203780812752,0.215561799239333,0.158032967555779,0.241103904567802,0.259367324497046,0.20527802143025,0.301237066859665,0.16305807954513,0.172623641850258,0.192351582001755,0.121459239633152,0.259544988513107,0.177063786522816,0.269698988754567,0.246642129180539,0.155484338631889,0.277195701508965,0.16256976976904,0.169470025854507,0.138969294276385,0.244612769767639,0.277722875035525,0.384357612349871,0.178739424648147,0.200349435656648,0.199263460746985,0.23748177258594,0.125455134893274,0.177913151066574,0.235887470272461,0.154329658823845,0.290726421449343,0.0615516196551186,0.246647357447968,0.196828721235325,0.250561178853547,0.193172204984809,0.263780845647142,0.231748116984102,0.126618755229632,0.152349662712553,0.221653416278968,0.155437094844514,0.136078015705646,0.258007431435745,0.309713634386698,0.200189972675579,0.165925356173102,0.214509120738794,0.318165360592305,0.250015074837692,0.210843225854139,0.200537753272631,0.238596021417874,0.144522619431945,0.126915102283671,0.195795279145504,0.296814750902571,0.0732797315931047,0.127379888734235,0.253426253519698,0.187748295610075,0.215240996193654,0.200967188385792,0.184582954842669,0.200626917817123,0.192502700344612,0.286349664886655,0.283933604218577,0.267489762569744,0.18943822591525,0.163795330030669,0.149182933229864,0.237568865551829,0.265528518921148,0.17857330309697,0.23918550094118,0.132834291421352,0.255930134568141
"alata",0.248730932235822,0.223089885630583,0.210486183431383,1,0.236269156412865,0.179262116771817,0.253878965604126,0.241442338899717,0.260036936150981,0.127304894671185,0.180835789322312,0.200623879517413,0.151717412324954,0.168748691657418,0.219442887842025,0.200918121289947,0.212697766336106,0.272709868697074,0.177977889652577,0.19144435560533,0.216571769145915,0.18740418782658,0.245686193467516,0.294911259763556,0.231399479665265,0.237956057886605,0.147586464442654,0.194114358347354,0.213399112894912,0.164028507371831,0.194819908821539,0.146608337907113,0.265010925144088,0.200161201769369,0.153976709022739,0.218151003355265,0.160363880980132,0.183156925895425,0.173076660521823,0.211994794093796,0.198816767351401,0.206662391562815,0.200319343629582,0.273032085924901,0.225198779518899,0.215300104801158,0.164507300644697,0.202166558994467,0.210686983746177,0.167246258829655,0.209411994806541,0.0779409914952821,0.273218352425835,0.168141004927128,0.175063890756435,0.211161386670791,0.196922743390497,0.178654430705849,0.191775835127722,0.197666343107174,0.261789151954007,0.18550928098029,0.170982487774926,0.219267765145433,0.259233593878979,0.230499845438172,0.159810413028017,0.25833333855655,0.230884254191823,0.26315783177321,0.169750601669067,0.16982373743844,0.224713220692284,0.141642320528049,0.137219000205666,0.200374800127717,0.188696928784431,0.0778781776843131,0.162216356014994,0.257387621189125,0.233805832957719,0.233721660414497,0.204473477385965,0.202020081659456,0.196137056439224,0.174171952362455,0.249594349004455,0.197254590487905,0.192937281706131,0.217727813542445,0.166424349538928,0.145085286491913,0.166211202161175,0.238218734455723,0.188345672339062,0.143220162302742,0.14793844156344,0.226983623676754
"alba",0.174324175785702,0.161865406457769,0.142295180905009,0.236269156412865,1,0.133222400352909,0.161253048890973,0.171839538499097,0.181686838053741,0.192022312894742,0.222001893672912,0.222073594116398,0.196010258480268,0.141925402351108,0.176300427094924,0.161060944284914,0.145601901114708,0.199879216077095,0.129206837882296,0.111111879032236,0.144124879527262,0.150468186671543,0.163256786998545,0.222343468290328,0.176416301591395,0.236364435434534,0.116382768088422,0.194215111367804,0.142846868081209,0.11933889932967,0.131866233226473,0.226045787808323,0.175387071399622,0.142161162596564,0.252098439858375,0.116041912227987,0.110637744677533,0.128886329805022,0.133335514943451,0.145495015270988,0.24900609611388,0.138463177568191,0.127033413834546,0.156251046027248,0.156763436217719,0.146094242665736,0.276126708216902,0.137964072527641,0.240991098713695,0.277704084137628,0.119216551265319,0.0695842840783238,0.202308723750704,0.116079666143514,0.133207362686277,0.14125284828536,0.119769717776926,0.12651889411606,0.25990531646174,0.183286663904013,0.174142622578127,0.132183486425873,0.141273432788422,0.148795249688519,0.167732896106825,0.172941747205144,0.117851400020306,0.15819006677176,0.153307727967887,0.192127087833817,0.225356477829532,0.120574257859051,0.170213218851266,0.106424217266626,0.104512504784094,0.143447851998133,0.125148398440327,0.0606328821969594,0.128521387612883,0.160840584517058,0.139102030801577,0.20553521766896,0.139404293745562,0.135725890582877,0.129691820272213,0.171358673552505,0.181339467324041,0.128165798216561,0.120488718212147,0.282931400234631,0.136788442934375,0.242814225297,0.107608919228146,0.151838280701371,0.146138496159557,0.223524757560565,0.113523625730125,0.185396941624345
"aria",0.237774339872531,0.213126830517924,0.269160533331021,0.179262116771817,0.133222400352909,1,0.232983969982971,0.288860282247354,0.19210150147395,0.132760641852598,0.267482198862032,0.210872814974295,0.268065619059524,0.202178418892681,0.228602028694492,0.19457700789058,0.182666018071699,0.202413357790806,0.310276846660133,0.241315543539366,0.245216979190467,0.138728017107101,0.205696890979331,0.26379673188813,0.207189557773669,0.185368705804226,0.237527489220148,0.208673590024402,0.208529830440487,0.122802693266494,0.156150478151205,0.196999331852786,0.248200785840117,0.267538370540137,0.136608412721188,0.242186275443999,0.208179382405337,0.120655752075163,0.209050614003834,0.15768077121225,0.244030856500032,0.208360626289372,0.134608543161235,0.180375661985396,0.20115189748393,0.206081921620117,0.101016950106539,0.162087494447725,0.241183435280991,0.18570437394238,0.196731279190883,0.065738939476938,0.247200583970009,0.260414207771957,0.215256527751872,0.160057780888615,0.221439415611662,0.296446710561134,0.151297798012632,0.14442367235584,0.20052446008473,0.177134608228266,0.13519849539819,0.253709870475686,0.270307963053582,0.193951323292838,0.169651997958399,0.159584318186045,0.235954282888212,0.226464159495526,0.149648626866937,0.200388594065255,0.208817714679162,0.130552369179898,0.105456172423923,0.179930276048277,0.153325360464096,0.0868712108747398,0.192845565577549,0.266333649122114,0.180151155765888,0.229326120497094,0.196693686856602,0.157849727868083,0.174948425051597,0.170496832726051,0.204707825368245,0.249004818432229,0.280437273935512,0.19605939754901,0.129845230058962,0.122300385351179,0.160073733320084,0.242264925902379,0.173570160292857,0.174751940309993,0.168447041527453,0.187753295670519
"auristellae",0.336588112758286,0.243106787707002,0.269500173003788,0.253878965604126,0.161253048890973,0.232983969982971,1,0.242105734917378,0.197351640509312,0.156696175525902,0.271316598297197,0.329547940909815,0.265311013769465,0.1833381851704,0.225683886889792,0.175329981263649,0.223522706067048,0.304585220648489,0.328619046558063,0.296134841816158,0.291559479697973,0.168010210396591,0.273475235323031,0.309266464411527,0.223245484487177,0.166041400601249,0.208554014598779,0.165354378461651,0.199485410454748,0.12584328326431,0.207861158565377,0.122426769180366,0.314476001184287,0.284295468597264,0.142003628345282,0.2007120981468,0.152275792497657,0.159388231809992,0.150896568704321,0.213249333775616,0.239939720473159,0.294883998904101,0.16682993020637,0.216019392620974,0.225001884558497,0.246645273524167,0.128494984885735,0.179073248091887,0.256768430436399,0.139671185695057,0.382578536382294,0.0748957253837716,0.259297432085052,0.221153858044544,0.250118404955566,0.241927231823945,0.262036434823522,0.249796671505271,0.149743686307636,0.198948007623791,0.341782416111134,0.167527247309605,0.175593792031178,0.343000357379786,0.322793803678985,0.221096171600197,0.190822505388295,0.26901179083767,0.32554583724794,0.431285963375734,0.17029319787118,0.350364630762877,0.285529653964026,0.171617098653011,0.12710754661391,0.180930305097935,0.201577221122831,0.0662713242118089,0.124539331392014,0.374755643411429,0.254217677264601,0.228319635796151,0.187168261560375,0.201302577713643,0.205990074788842,0.214387581408998,0.27286382285943,0.213557695074943,0.31315518987965,0.186567801490367,0.177554161793827,0.153583907275787,0.216709090830478,0.287712914128216,0.192122390193312,0.190049184809771,0.143034324824115,0.290200061402744
"bourgonii",0.333274082361542,0.222268047388847,0.272589981180855,0.241442338899717,0.171839538499097,0.288860282247354,0.242105734917378,1,0.212154212684273,0.202656577152365,0.207491260797189,0.188743015707632,0.192965948787683,0.173749677191839,0.205830385487985,0.184054433038,0.195935710196633,0.226332623294361,0.218112211517321,0.214694804511957,0.225935001978442,0.186973802412261,0.225349476577496,0.237801389766223,0.22827515671378,0.181656998416349,0.181177281659508,0.219276587491149,0.163925104783099,0.137256253826653,0.29444536284283,0.185756889481723,0.238473399850865,0.22717982654535,0.130703372950443,0.284625293250753,0.188101291825979,0.147602844915319,0.158652083024941,0.174023865694932,0.224600227936294,0.206527937694164,0.187196750939721,0.214259161867705,0.205742527666612,0.233823286839117,0.131366730379571,0.178767374199805,0.211577793162555,0.166424039912294,0.207353862403066,0.0687847873404416,0.270716785959354,0.230407989927679,0.177553902139848,0.185110289180194,0.218239880599795,0.241664824763146,0.167469836668123,0.18711126724185,0.205646932090321,0.176869704883728,0.203088753689265,0.267391665383023,0.289296275843684,0.216457702089263,0.196720980755303,0.210722404160743,0.253415683716901,0.26411225984528,0.15360867616147,0.176956529204046,0.227057722050576,0.138414910350031,0.173978680913906,0.208914235464461,0.178213949941883,0.0819966401876018,0.192239763699715,0.256075930881164,0.172151971607123,0.256462037056181,0.196762409418484,0.192561939252908,0.151173017978663,0.174904601358162,0.277825463999278,0.246714577255877,0.223815952745698,0.19583895943837,0.207402032284203,0.199779139944179,0.144100161379832,0.235501562864023,0.164899805532967,0.148852606384694,0.189513612311253,0.213346178770278
"brachyrhachis.aff",0.222220955920642,0.210616584016007,0.272424087474675,0.260036936150981,0.181686838053741,0.19210150147395,0.197351640509312,0.212154212684273,1,0.193463005761527,0.161987107979837,0.184182903635683,0.149015931748096,0.169911051057743,0.257734424298092,0.233923669379851,0.261694099706526,0.255610037193049,0.156549197052602,0.168294323094328,0.185789476506041,0.156597114408052,0.217047500137881,0.190351482405199,0.232270401833639,0.221437923422619,0.152118347612194,0.196389019379689,0.198504043261246,0.141303271902754,0.244179311298005,0.117530503489242,0.241253907438885,0.186444873747424,0.134883173623067,0.151452212085312,0.168154769703774,0.152692456569234,0.18705793395076,0.178016565394267,0.175148595395986,0.258700228341149,0.169925080454681,0.163010501693739,0.183892046586048,0.176310183744587,0.134116267506804,0.178680092784052,0.162350585386542,0.16306489030574,0.219072641286781,0.074223076490251,0.228825777624078,0.18655130676516,0.177009367242383,0.162160861311214,0.163914897325285,0.140235375503104,0.164674055118573,0.174133071400954,0.204270518728378,0.14151114754719,0.153796434035959,0.184754452973324,0.241076248721331,0.238169560847506,0.153149091558949,0.207256544247468,0.216716040600979,0.253071679546417,0.151944664991774,0.166128244065325,0.192622190430719,0.127230288023512,0.125447648943742,0.208361981209011,0.240808557136928,0.0684482136023698,0.155907041522845,0.234616575641872,0.175815253604333,0.223053805932214,0.191395137867733,0.205515071399731,0.198308387427228,0.15615498383859,0.270548764144648,0.214861257377182,0.216256408403485,0.23814729863927,0.170292453954625,0.145145313639894,0.171251826815025,0.171559145584378,0.190560919287124,0.151945223837935,0.155429854430203,0.22542938323307
"brachystachys",0.164226662690486,0.122873461560878,0.224545610904869,0.127304894671185,0.192022312894742,0.132760641852598,0.156696175525902,0.202656577152365,0.193463005761527,1,0.336419123039995,0.301024225005683,0.235865836507152,0.111448626416298,0.165411517702689,0.116904810088689,0.17043980429734,0.133296722394459,0.141159732110982,0.141077974425173,0.143235555276563,0.10326905967992,0.160798148872776,0.149287790252326,0.121411979120547,0.374469455003536,0.114195293633974,0.142138988169676,0.0993590305919491,0.0892986191755064,0.28650696096989,0.312279112610593,0.145356285671506,0.147336562536149,0.282383997737824,0.137673312415445,0.110788843113933,0.111913813499239,0.0949556416734152,0.107094423672776,0.347368000067948,0.264950892502709,0.129998040869365,0.135697554168787,0.13359534088204,0.132646346187546,0.351138244314246,0.109162649254753,0.292746776082366,0.251261684458392,0.177397835530651,0.0462155071826685,0.160767330266197,0.154295339734153,0.153412142091817,0.138980177813089,0.138640340082791,0.12804767999077,0.230661470022948,0.104048808383229,0.133479518310008,0.0959436474535383,0.0955603481456294,0.139882808930441,0.150383445438204,0.15582558983773,0.120254805316543,0.145010565681262,0.15362281654909,0.163956856692919,0.288009111050996,0.120645203649518,0.162679702704184,0.0803313341605366,0.118785418340771,0.157504860156079,0.223297575714426,0.0378795398547547,0.0832850057464628,0.144987496157839,0.129618604069036,0.178929024038709,0.113533449296076,0.115551164916843,0.121432244710726,0.10784510848857,0.212141614050409,0.154052840352059,0.139439720775301,0.258542712409654,0.0919874128633885,0.282964967646001,0.140720063136243,0.145205590051837,0.109601763772611,0.377838024584274,0.0817234797100893,0.137306884564142
"brachystachys.aff",0.225372666308829,0.220287918254352,0.23111442140804,0.180835789322312,0.222001893672912,0.267482198862032,0.271316598297197,0.207491260797189,0.161987107979837,0.336419123039995,1,0.386936298036102,0.404600883946448,0.164816403991648,0.188477772844663,0.144356670413814,0.131047451715879,0.181897580415072,0.306260022617891,0.208580961447274,0.219756300214163,0.132956699756703,0.1842868327638,0.292766141698975,0.170492557347934,0.325353369769427,0.189635984418456,0.174760045344082,0.125102151424618,0.102186256618088,0.144273801211773,0.339006873675033,0.259773471673408,0.224847562328287,0.34728131292957,0.213229015823592,0.130624975237733,0.133996380041583,0.155064119302113,0.157696818158031,0.445779711602249,0.193911616401094,0.126244375679656,0.159632864845168,0.176585621011931,0.204116498865707,0.300748140951546,0.128349848700352,0.38221257862165,0.261423560211225,0.206728240636165,0.0656867487701463,0.209864500800858,0.178535659895092,0.211561908472234,0.158332551845524,0.230709639283929,0.27889031356569,0.258462896407747,0.1912396513705,0.230068753779655,0.134039116469939,0.124848536758872,0.267009305262199,0.228656498193883,0.158518705200451,0.171246866714924,0.160942033122991,0.265037135946903,0.242986105075248,0.33629629461772,0.23531015325238,0.194309426556718,0.133250467645953,0.0951881649302066,0.136637917968516,0.129382124665283,0.0568914611298705,0.10714432000369,0.29664189955149,0.191036194692265,0.226313818078267,0.153362351459921,0.144802173000465,0.136427407066101,0.1878164743049,0.182189145459499,0.229138110157722,0.297285622844715,0.297103270391167,0.109691405849124,0.312314819316853,0.145777800282709,0.228613198994543,0.200342888251851,0.368247285540108,0.139679675835177,0.15786226960491
"brevialata",0.242939558410869,0.160126614125743,0.203661635360497,0.200623879517413,0.222073594116398,0.210872814974295,0.329547940909815,0.188743015707632,0.184182903635683,0.301024225005683,0.386936298036102,1,0.321381201642175,0.16056280775823,0.187816080097501,0.16340974525781,0.201628922948511,0.207015252525336,0.345655644280548,0.228254037609566,0.312999541738467,0.138491952521709,0.241097670277248,0.214602604718148,0.188657068978441,0.29341728805871,0.153251895277045,0.154344515657033,0.139947167603851,0.105773184910591,0.16814551395447,0.257117944208877,0.232009250963668,0.233359782707048,0.288856438963026,0.171989150932337,0.15629516139814,0.142692033704515,0.146186525627138,0.153635334128762,0.342630328028951,0.196466982859145,0.153701221103169,0.189817907022921,0.179326343889595,0.177727596457794,0.28389904924056,0.139948920272805,0.384745491841674,0.274079635993918,0.291085161393221,0.0585979425349413,0.202483557914139,0.161632695918245,0.187305212515397,0.189017460756368,0.227264120885868,0.202015849854686,0.258361866419375,0.167462193340188,0.25974574683929,0.133059120109697,0.133577152254922,0.264448904798503,0.233860850600277,0.201758808163176,0.180000965271921,0.18081145160079,0.242836921883299,0.316081329307652,0.296726166886657,0.429240587485699,0.179321656595619,0.153499118214148,0.10910488958515,0.141161928899969,0.151501614593293,0.0641853387327006,0.10327513256037,0.303502877051566,0.190774529733882,0.249061305558094,0.215448990936797,0.165737492781179,0.184002410066013,0.18781788923402,0.187839897174782,0.166839971378668,0.316402612963021,0.297896098972369,0.123248357285011,0.279336202914245,0.196198752667764,0.257627734011018,0.143329846113929,0.334168602321917,0.113781289009004,0.189050189124234
"brevipes",0.282348596309815,0.17615949400635,0.285879525058216,0.151717412324954,0.196010258480268,0.268065619059524,0.265311013769465,0.192965948787683,0.149015931748096,0.235865836507152,0.404600883946448,0.321381201642175,1,0.133469096038021,0.159240060819102,0.124012880493955,0.17513207068909,0.184271662848153,0.504293260150024,0.301463215811197,0.21462641975741,0.120851513151829,0.205113368005527,0.316467711690012,0.180698250322317,0.237342438425644,0.16413480873145,0.156376532991001,0.138600102187299,0.0824469000575425,0.149101141942698,0.196310925163462,0.227133345242648,0.225721668363436,0.209657990113334,0.223437628669368,0.122105941156069,0.129115105781508,0.0945837162167347,0.158676354258377,0.319107469835529,0.25085009970116,0.113598343526078,0.174921850136369,0.146821145554917,0.211509629197583,0.192068127342569,0.125250224405265,0.329999781444056,0.185525770544124,0.262906512422723,0.0601211758987018,0.189041939790823,0.181562204682229,0.245141758717749,0.161417343108577,0.248170077535807,0.280338591636695,0.213322827548906,0.116005500295193,0.196386462548051,0.130362368852086,0.104316947271039,0.296282179822051,0.257977288053022,0.151629039792037,0.172417503883259,0.182626639716737,0.32842691891446,0.240567633638964,0.211412594223375,0.241142709735073,0.192133584210798,0.140743582482216,0.077767175207358,0.132121606687951,0.179210993473403,0.041031274501162,0.0916154452558352,0.268199667465728,0.198283287415378,0.188024482734913,0.145431257278182,0.136231469654755,0.167903421220531,0.183699737893817,0.201848729808208,0.238651084862481,0.363745104742315,0.248064648474941,0.1071844690182,0.223668826078388,0.218502781502745,0.274293334425643,0.138090119076123,0.259139961426038,0.0784369097747532,0.200615256227642
"capitata12",0.180453880099687,0.20284325155801,0.162663160137359,0.168748691657418,0.141925402351108,0.202178418892681,0.1833381851704,0.173749677191839,0.169911051057743,0.111448626416298,0.164816403991648,0.16056280775823,0.133469096038021,1,0.231954704600333,0.165822276516559,0.162931874802203,0.175438880854146,0.175404971198346,0.146652892755549,0.23540844751606,0.133598080938834,0.182173212921684,0.192409394338702,0.198506823858197,0.176477649918321,0.127531467222081,0.178513195642325,0.136987493692288,0.123655139909511,0.159052526709739,0.132852912812715,0.218890689883945,0.173425776675076,0.128883687946195,0.127344622889708,0.200400374856208,0.10538119570707,0.151325222119073,0.146242201660953,0.167206329548036,0.149521647736689,0.130927859496176,0.13032875641891,0.165770019565442,0.12797818128424,0.121931575403791,0.124036556491552,0.161752892265782,0.147184534995576,0.156896801938448,0.0702262598652833,0.189376287132895,0.132392528089583,0.157226809237309,0.131119880985593,0.143296125056242,0.165980562973574,0.185698387220179,0.149526545645004,0.175717936736203,0.324731121896089,0.119321972480958,0.171509601333023,0.188213668835933,0.199760585553953,0.161437849835549,0.157391785972711,0.165905370685028,0.196747349333518,0.159358292053575,0.15509949693338,0.171038808125841,0.11562099162303,0.125215548903864,0.387383757404588,0.11868380030286,0.0977670684978591,0.159746809312588,0.190685212080559,0.152754779367681,0.241312369134785,0.158712403079612,0.13581293960521,0.13519836320095,0.264429921621825,0.167110143336406,0.166781767247756,0.162132306913151,0.273758757506781,0.116821542975598,0.120733364620959,0.122704990073984,0.298333197851917,0.170441177473264,0.155033308013578,0.135389951848387,0.242021258615963
"capitata33",0.206141167533705,0.270057956194936,0.230561418624789,0.219442887842025,0.176300427094924,0.228602028694492,0.225683886889792,0.205830385487985,0.257734424298092,0.165411517702689,0.188477772844663,0.187816080097501,0.159240060819102,0.231954704600333,1,0.209926116828576,0.205355945246846,0.228673521801466,0.156040712743639,0.170429402502469,0.315583711706303,0.17806489894974,0.213664860868388,0.191733108807424,0.209622667018268,0.227828606261932,0.152900882649344,0.250397979214122,0.205783036201024,0.238481354951416,0.235456015559977,0.180127151635784,0.313910056472748,0.196331596014064,0.137963029080245,0.157928658755737,0.251828438459617,0.143794400279552,0.194431954328628,0.229147059852581,0.199744990937344,0.218781307385735,0.165388006756081,0.164863295290433,0.177810000745387,0.158238735496878,0.119390351913441,0.14998738700649,0.18539903845132,0.152077451049298,0.205375384657134,0.0770562848615176,0.23239279868228,0.18463392347041,0.177122007579809,0.171399455188371,0.159302481390174,0.175243560359994,0.172811587742963,0.192654902396738,0.237261800564181,0.200168272402788,0.155697995434663,0.188764904654835,0.229715601088665,0.209544882396403,0.1746390298235,0.199708017162562,0.20746542165511,0.222979251605124,0.173906977529536,0.150128933872744,0.283062248455666,0.122148943906355,0.138971010242153,0.257638947893361,0.189168963902104,0.182724908038184,0.202465849830345,0.219755999355491,0.165184243666031,0.289291292047475,0.184032243086208,0.148013272971061,0.192966624988613,0.179990972936218,0.214965660551524,0.186454807560265,0.175038285379153,0.188351544998994,0.154632103640158,0.179117256550263,0.151680929973418,0.198213166716545,0.197898654824318,0.166297979574654,0.167928625642889,0.21149672589907
"capitata35",0.171841223431548,0.225068898798371,0.157984581073186,0.200918121289947,0.161060944284914,0.19457700789058,0.175329981263649,0.184054433038,0.233923669379851,0.116904810088689,0.144356670413814,0.16340974525781,0.124012880493955,0.165822276516559,0.209926116828576,1,0.198359495285684,0.203948210016576,0.142848001148852,0.146865932391543,0.16807437329074,0.137045193822813,0.177451263993815,0.166355070281515,0.222828144051238,0.158864120259951,0.133221548277746,0.201343250307183,0.188225778086687,0.162955955388869,0.147466540022672,0.146272044938005,0.211579175340814,0.1781446716082,0.182764353412479,0.150420469093951,0.162725338233328,0.190644829727982,0.192413769753072,0.139435554892455,0.16171605647358,0.179281528579103,0.145690441118663,0.154487168304623,0.166529194417663,0.157949268078894,0.113453935787613,0.191826043103208,0.150688596839974,0.148730896234031,0.14641971934754,0.125460952733004,0.22901362150547,0.166411344166417,0.12475076950484,0.156940009502378,0.150786470945912,0.155342181163314,0.15166272154351,0.162603188246998,0.20709051074052,0.154511441414503,0.17401214752069,0.164030577753589,0.188606428911008,0.174561488097688,0.152713988785798,0.171884194431969,0.178019731583336,0.18781550411791,0.150897870646102,0.130604154583013,0.198556898104219,0.118393458794259,0.128593527911456,0.18583611905946,0.145954859006956,0.0795689532866127,0.193219641806607,0.193932827873517,0.174879088712624,0.220836482423651,0.159569763393418,0.153973868069316,0.165561501676625,0.127520180744475,0.187470805401093,0.156756088304985,0.137534335007951,0.188643469083593,0.135010958321957,0.178198251036096,0.114061047229184,0.193654717019815,0.170188092493561,0.118957205454982,0.213069525730225,0.181565552953146
"cayennensis",0.286152588824348,0.172883102373196,0.296881215500127,0.212697766336106,0.145601901114708,0.182666018071699,0.223522706067048,0.195935710196633,0.261694099706526,0.17043980429734,0.131047451715879,0.201628922948511,0.17513207068909,0.162931874802203,0.205355945246846,0.198359495285684,1,0.257035706175865,0.189351482317108,0.265923749382936,0.18743131969108,0.142300273052453,0.254209551445848,0.168378309091944,0.217828842165946,0.236731468097805,0.192668599014859,0.151957603344246,0.171469994245055,0.12417175864276,0.240127896177425,0.108092230855407,0.209782974494239,0.186762042649687,0.188852643785023,0.158065717088567,0.134576459864396,0.162297934024867,0.153701273437527,0.222004471165597,0.19320068081036,0.268378772564268,0.195561675024425,0.167295592271525,0.160127961511406,0.179405786055096,0.151276488144953,0.20220849399308,0.167204748826989,0.13953741670616,0.287527382890091,0.0703626798550173,0.230793111523153,0.158424638365195,0.208067540916532,0.220840919929671,0.212030754683446,0.207776712107814,0.190999399097663,0.143659220895638,0.248948751228421,0.123038304224314,0.118210000732333,0.183135582953602,0.237449374520841,0.203220619484284,0.180666252115784,0.224915380435496,0.209780658100849,0.250473377078408,0.150281825930477,0.175267072238257,0.241101492434077,0.184597783105175,0.116566300616233,0.182100832522561,0.25156017891696,0.0698310305338118,0.142420072753833,0.191069061033926,0.154856994813427,0.195477438009397,0.204937176718078,0.196186419624917,0.216336203524279,0.16286772607923,0.244790286957581,0.181806442676766,0.191260473829656,0.195043567571016,0.147679744117465,0.156133264250524,0.253831645234923,0.203371767299109,0.150074430286076,0.184598642471049,0.124459228552648,0.223511377440384
"chartacea",0.360853446238284,0.177090064647032,0.255537982437469,0.272709868697074,0.199879216077095,0.202413357790806,0.304585220648489,0.226332623294361,0.255610037193049,0.133296722394459,0.181897580415072,0.207015252525336,0.184271662848153,0.175438880854146,0.228673521801466,0.203948210016576,0.257035706175865,1,0.210732026868775,0.29575121469136,0.199713307185431,0.200711244406714,0.267462962191781,0.236391020700803,0.269890703970806,0.208758101953033,0.166801388968055,0.164141024850372,0.227923344665748,0.135852799616822,0.213523653573069,0.118468687167462,0.253578250945641,0.223966225853899,0.19158330615603,0.176185702994038,0.15760246801619,0.179521092974702,0.157095298376844,0.229291883988474,0.202464886650689,0.244762963710198,0.170163876905212,0.195033008413878,0.248860425589546,0.208672161121887,0.167448619630876,0.17647093319661,0.227053323676499,0.144256924259276,0.313236934960495,0.0779626756009117,0.321934086109431,0.18265232827165,0.275395445868037,0.222399589273391,0.193025146334354,0.178946513007415,0.149348342984647,0.178363591601527,0.250460093814885,0.145563557274882,0.161241730794288,0.234653987099056,0.277541623175967,0.266457139410279,0.148478041710075,0.29120401320351,0.292483876592701,0.30318491953255,0.156529101662785,0.195922064362961,0.244597274650018,0.159525486468703,0.126997093883166,0.172247452205617,0.225280308939981,0.0713339808235621,0.131313696032769,0.24322541886433,0.199711537729264,0.221394103026099,0.182926491019967,0.258284318792941,0.25017512027277,0.203398907435186,0.255009412856802,0.245488315122921,0.192069299958264,0.261266347610063,0.177301615202169,0.177256782846871,0.277074845037163,0.257431905834819,0.196282141252872,0.218841205093836,0.142309288417708,0.283226059035034
"cinnamomea",0.308909748924145,0.173419812218497,0.275127438727523,0.177977889652577,0.129206837882296,0.310276846660133,0.328619046558063,0.218112211517321,0.156549197052602,0.141159732110982,0.306260022617891,0.345655644280548,0.504293260150024,0.175404971198346,0.156040712743639,0.142848001148852,0.189351482317108,0.210732026868775,1,0.358277662260999,0.236436852739684,0.115342762299347,0.211461278871478,0.335355610882306,0.187755686901686,0.146203401163683,0.17005183345035,0.14471985232664,0.133215937268917,0.0972586998399164,0.157534476482333,0.123390047766482,0.248029000580365,0.307547081192738,0.152984200218978,0.21380218569118,0.136610274515171,0.136852520117102,0.118560614143405,0.181690642655046,0.24150888532382,0.227360534224292,0.125358223765557,0.177326675985047,0.169429764970211,0.21594947651578,0.10872482047347,0.136983949714561,0.274418075042112,0.163164091258686,0.344139574012775,0.0512831485627546,0.228252664003784,0.172223807495109,0.32325040615948,0.181006278726754,0.319812143372596,0.279360921997812,0.119643195356337,0.127849514425287,0.247132545052013,0.129970625277913,0.122889279200576,0.346490183864806,0.292723472258226,0.175146856963966,0.187999234502588,0.1978289521213,0.273826921234106,0.26446808701302,0.158062099055525,0.382119215866066,0.190444461018365,0.175505975152216,0.097982258032475,0.129342084823825,0.185395297390426,0.0557397271490675,0.105341100855899,0.32840024262753,0.235813068513632,0.19902399680164,0.169478367511322,0.162775216108082,0.188303092109689,0.246717059741684,0.218283172726156,0.198839888615886,0.466511333656366,0.16968888156516,0.122183261831724,0.115293769789283,0.288171705323707,0.347304388422735,0.142078822821539,0.234063132192584,0.0987624157614345,0.224003016658848
"cocleensis",0.387506742566167,0.207129740561248,0.282203780812752,0.19144435560533,0.111111879032236,0.241315543539366,0.296134841816158,0.214694804511957,0.168294323094328,0.141077974425173,0.208580961447274,0.228254037609566,0.301463215811197,0.146652892755549,0.170429402502469,0.146865932391543,0.265923749382936,0.29575121469136,0.358277662260999,1,0.190501029767132,0.14748157586029,0.225988869979526,0.275384878925473,0.192476348573082,0.146889223284512,0.156714761776669,0.166270574429399,0.171083816049401,0.101431096500881,0.165926213319344,0.122705937548494,0.271847580334458,0.280716287558554,0.321236066327616,0.204072192965401,0.126020531197479,0.140532230509789,0.11108232675677,0.256240598248369,0.230143709168255,0.238355018833652,0.130929275157248,0.206659824926787,0.205420472728924,0.21067683049578,0.12914424196235,0.156139481595242,0.283445468299847,0.124458932397647,0.408323738202872,0.0636978487604809,0.260769090834018,0.182847745761258,0.27386131315349,0.176718980715758,0.466348132226523,0.281666125967112,0.126912577261175,0.136454042157534,0.257901326900637,0.135376550441208,0.133018759097128,0.285785181059389,0.334099871319571,0.21676271149551,0.226370576702223,0.247857128090759,0.345743065725239,0.281565535597355,0.169588012498524,0.249310315698062,0.240237587733483,0.416348058124526,0.100065048519005,0.157396725816114,0.178508062299727,0.0635621196455557,0.0969612970056031,0.28105356860642,0.254452597812275,0.191573966333102,0.168222069603245,0.156926467812309,0.249029189900123,0.187142191465403,0.234557109212902,0.213340242174262,0.294204329838738,0.171038741311821,0.131716568513984,0.140048634945662,0.305585430554974,0.278208513455444,0.155818085019344,0.203879579731667,0.100473065762926,0.27163217037313
"cordatoalata",0.240922939908655,0.250582254705187,0.215561799239333,0.216571769145915,0.144124879527262,0.245216979190467,0.291559479697973,0.225935001978442,0.185789476506041,0.143235555276563,0.219756300214163,0.312999541738467,0.21462641975741,0.23540844751606,0.315583711706303,0.16807437329074,0.18743131969108,0.199713307185431,0.236436852739684,0.190501029767132,1,0.144799393617668,0.188970744256469,0.199884104767187,0.170281336250006,0.211362895240139,0.155823692841343,0.286944690966857,0.134165108058156,0.174860831339282,0.161969892944265,0.209402324720491,0.248296984673759,0.191457452080092,0.144665166563005,0.182517721860142,0.434805213423332,0.118455683332888,0.171285835560879,0.153591573720463,0.230046625735464,0.20401741372206,0.162655980525189,0.149405106435705,0.160143595385352,0.153008440435363,0.123095466418632,0.138430964684488,0.200484373062373,0.14284950294224,0.266080160197586,0.0727743595411991,0.218985903075395,0.146290677567627,0.167616019623813,0.156585954543647,0.166927111087286,0.215248268011573,0.156041263958066,0.16332906906924,0.236397270177444,0.263034243122167,0.135503355678369,0.225686972570865,0.233576646011519,0.186358687212056,0.180056993505679,0.163356595435448,0.214321720723085,0.303285663748874,0.187229985114018,0.293196974848465,0.216500231746007,0.121672084541326,0.142789652296341,0.226485971617136,0.150676545157812,0.155953070757887,0.213707353588764,0.287651512674783,0.173566468856346,0.211174513354232,0.161723433159931,0.153676543772255,0.135654088833494,0.156655964014535,0.197760423920539,0.191014966817475,0.233300644964481,0.177413550343748,0.133253195766187,0.154281396560579,0.160140487147606,0.220409370037342,0.185221829792229,0.176574328354001,0.146287881080986,0.173454642057849
"coruscans",0.17238059873515,0.167396530290661,0.158032967555779,0.18740418782658,0.150468186671543,0.138728017107101,0.168010210396591,0.186973802412261,0.156597114408052,0.10326905967992,0.132956699756703,0.138491952521709,0.120851513151829,0.133598080938834,0.17806489894974,0.137045193822813,0.142300273052453,0.200711244406714,0.115342762299347,0.14748157586029,0.144799393617668,1,0.163883830966408,0.159234558334658,0.234305410707966,0.130261109233966,0.131496003125317,0.122603376616109,0.14548930794805,0.109511927770848,0.145031457684076,0.131660687382339,0.154702085070683,0.164504556316552,0.117320652874021,0.169372061208229,0.101162991403945,0.15447414641786,0.126522711187888,0.149131586165063,0.146119151722745,0.147206116722277,0.170940046817609,0.146119588939772,0.148924979776501,0.142558608495849,0.121289579619851,0.120455271695828,0.152628237170707,0.14683496666199,0.145557954732719,0.0644193123872239,0.18701768581935,0.149309597674795,0.132253620971623,0.168272918819251,0.183930493177366,0.184249977678245,0.144568938498034,0.136125300731339,0.200348266886437,0.132330870753401,0.14496815336825,0.155602231230625,0.169817423099784,0.16870366353976,0.115728300452418,0.146200860204357,0.168058837407728,0.163249664337291,0.120561253382105,0.132980604932271,0.195111102565906,0.10671583216688,0.0980493415355666,0.119838163313833,0.137655142306974,0.068619241150316,0.109074232374633,0.177215749055815,0.164859776762788,0.172780058284611,0.204255704086702,0.13830948419135,0.119429458465144,0.172197178737037,0.156439557245409,0.165110417946582,0.153661170296794,0.146037970563731,0.157784735601242,0.182996695279805,0.150171296936649,0.160559400817704,0.150927907343268,0.123268908980946,0.124289271764622,0.175306403549378
