"","acreana","acrocephala","acuminata","alata","alba","aria","auristellae","bourgonii","brachyrhachis.aff","brachystachys","brachystachys.aff","brevialata","brevipes","capitata12","capitata33","capitata35","cayennensis","chartacea","cinnamomea","cocleensis","cordatoalata","coruscans","cylindrica","edulis","fastuosa","flagelliformis","fosteriana","glomeriflora","goldmanii","gracilifolia","grandiflora","heterophylla","huberi","ingoides","jenmanii","kursarii","LA17","LA41","LA48","lateriflora","laurina","leiocalycina","leiocalycina.aff","lomatophylla","longiflora","longipedunculata","loubryana","M18","M25","M27","M30","M71","marginata","melinonis","microcoma","multinervis","nobilis","nouragensis","obidensis","oerstediana","paraensis","pezizifera","pezizifera.aff","pitmanii","poeppigiana","punctata","retinocarpa","rubiginosa","ruiziana","sapindoides","sertulifera","setosa","spectabilis","splendens","stipularis","striata","suaveolens","subcapitata","T18","T21","T29","T50","T51","T82","T85","tenuistipula","thibaudiana","tomentosa","ulei","umbellifera","umbellifera.aff","umbratica","velutina","venusta","vera","virgultosa","vismiifolia","Zygia.mediana"
"acreana",1,0.147385397672021,0.175113888836598,0.356241047929848,0.18471880083287,0.0600129491672333,0.262341453717001,0.150252970426646,0.331325124404194,0.138970581616864,0.124360470278779,0.128465537491975,0.150945418446186,0.201519040265131,0.185273175216762,0.193337443297409,0.131864620000226,0.232793973342833,0.125206096086355,0.131694467404092,0.185039023433245,0.17282203849796,0.189908951057457,0.244015958486657,0.188082194748709,0.168438723674101,0.13543923391535,0.164113135937296,0.132639630230872,0.13924895357493,0.159988692520579,0.163070967108078,0.256401645551241,0.151274976895857,0.150245387637808,0.125597039427965,0.102596341615276,0.165054261075527,0.190412143882668,0.149857876444277,0.163367505461582,0.13206845949637,0.16874064194829,0.134373832495102,0.22290328254318,0.151356878677664,0.153030577889649,0.230978464335493,0.133874277258608,0.156986391508826,0.129112000314932,0.0871056977629391,0.222677964556944,0.199295372224876,0.120759236620447,0.18503492813346,0.168318798647382,0.165300794918815,0.155085301184753,0.19030640093287,0.219985251418699,0.327217950501695,0.315209488367507,0.159216275981803,0.156273618118272,0.188121179139288,0.136878297233385,0.185931438488784,0.148277671655939,0.233947275250068,0.132205118227615,0.137298395970128,0.152110239000877,0.16565814278033,0.116373220623916,0.216060433664485,0.105933116694489,0.132251734854246,0.166217716609115,0.229694853112491,0.155887595421331,0.18670433044313,0.127106201512356,0.182367806617756,0.0774118919954106,0.135957848214392,0.142353283254853,0.14010658188094,0.129588098664061,0.291214267789564,0.180174889469605,0.134668491216865,0.130573321988203,0.226138118678238,0.180457235860684,0.192744822645387,0.169102640817756,0.171554422346418
"acrocephala",0.147385397672021,1,0.119850877766682,0.206782685600343,0.120704714996307,0.378606235657078,0.160018358919199,0.0831244140014739,0.160402329684861,0.107030038322418,0.100276943181965,0.1075819500042,0.0824047051034108,0.115360413331622,0.108463234246671,0.116701220802227,0.0775402605975298,0.235333099296577,0.0675777386895436,0.11347299834628,0.121347488410956,0.118235253792122,0.120402945321942,0.147498450937115,0.10010081342694,0.0838110774709277,0.0637759036295046,0.103059297279552,0.0902556720863076,0.0939170198772126,0.102610760724353,0.0972424574131744,0.140607030797869,0.113014846241792,0.0724740648837466,0.0857285368592821,0.427519142956544,0.106081291236432,0.125679549465272,0.103986245441327,0.0871003937939775,0.0715182990749254,0.0705032765077244,0.0922093407984246,0.131556844767703,0.0836447284643701,0.100876845956104,0.152181611493371,0.0775932337498101,0.0807798132461068,0.0833772212992166,0.0529256746515114,0.11712854569294,0.189215300094346,0.135394884523201,0.306962935896035,0.110845435223655,0.0878342536039693,0.104687310480653,0.103212793492488,0.105501942519296,0.164468996884868,0.170006647769261,0.100402542800673,0.0872602611785399,0.0989074194757031,0.0814511949118221,0.118186227160612,0.0810364749501798,0.148654626085444,0.112011020735477,0.0741935190219576,0.103277110789001,0.105488445048086,0.103675610517438,0.1687553473103,0.0838922846355138,0.20735498372376,0.0780676674749297,0.123956462432029,0.0971606177694605,0.109303945191962,0.0827953287319627,0.0895915980710768,0.0604143126974201,0.0813997939921079,0.435067480998485,0.116255367386115,0.069935657357991,0.170054685326002,0.0990244242484395,0.0718317561861571,0.108996844952908,0.170755284904584,0.130448794517355,0.0913550823017906,0.0841776083005499,0.112224449778826
"acuminata",0.175113888836598,0.119850877766682,1,0.191118320872486,0.200074598575965,0.0330686471897798,0.19000801299522,0.148031073807714,0.337173282199091,0.189340590526762,0.134526928217584,0.150207397014435,0.238877787513202,0.267781324744263,0.273693892617166,0.277851861606482,0.262861372079654,0.178923676339468,0.257401730310441,0.201585002805749,0.222694731116233,0.198683593630102,0.232198211349131,0.261775932760789,0.294642706289095,0.116839187553262,0.190476205605773,0.127995911220851,0.288851983844038,0.160085201386063,0.141842912694526,0.124744877814746,0.281219547096514,0.138571840211876,0.304383421246232,0.200181025197151,0.0900563057825617,0.293339101827961,0.359479040941754,0.241242618266815,0.301664643162655,0.138796542618258,0.160418881942472,0.182584226283672,0.173427634538938,0.161088384915358,0.242126109688809,0.252402138243913,0.112565340075342,0.182316674978228,0.204738841511922,0.21243733604233,0.30495741992266,0.0776533252011052,0.0937330255681283,0.140336682805062,0.202078120587234,0.167994364371987,0.296427874883319,0.292281958558219,0.246272474506052,0.220926823650861,0.374352990692883,0.206791645378325,0.256830433335732,0.357564549737174,0.370451780781637,0.29943722718579,0.219059379659618,0.280406402070446,0.165119079771295,0.069728041672515,0.174744702810453,0.172214801130426,0.118647826525242,0.16001562872505,0.11877833904586,0.0897557525555701,0.174051673156145,0.204413849264378,0.197273710288012,0.210942489047919,0.199699830217622,0.222217457458907,0.0901449544615412,0.194829035337217,0.159190587770365,0.161844711444198,0.131919168795679,0.18807736891693,0.380780725281566,0.162530345660681,0.137725638229041,0.176106309443067,0.146274950775445,0.116605930275386,0.18296390780933,0.245936540302262
"alata",0.356241047929848,0.206782685600343,0.191118320872486,1,0.202360711927746,0.0904157901000923,0.267724377478535,0.162475745085906,0.350182509890227,0.163191079642831,0.121718114215678,0.149378401858,0.176880009890892,0.208098245884879,0.224551237523513,0.205869153177426,0.158161492100196,0.289264028673309,0.125154951881387,0.129463190307729,0.193143929303316,0.201354704854678,0.195629627747944,0.267101524222467,0.19539478119297,0.169828687561481,0.144495491085539,0.207158020722605,0.171134011232772,0.158659087419796,0.152128683032852,0.147731952358492,0.249846665282106,0.132103561804975,0.153402155459098,0.160345407564995,0.144153578714104,0.196911516012013,0.183420801122182,0.156886863412584,0.166609975082784,0.140824255990814,0.144014480235463,0.163570493186768,0.248338036220905,0.139537725091594,0.161923158363494,0.265059656359019,0.133860007821277,0.146459752890377,0.14952793878488,0.11618657398243,0.220212219961121,0.232472828979128,0.169247784778055,0.221225275484508,0.203662559137667,0.141880685305358,0.186130339780503,0.179235833468272,0.213523467071689,0.34680676827514,0.409741428438619,0.166379658343888,0.146200768603019,0.194172477966804,0.160217713127034,0.225805032741496,0.146766730167684,0.261203613469326,0.15543704117706,0.107275690908916,0.173264160806784,0.172368677538992,0.192561741994747,0.266766841204072,0.131776708163559,0.171258334286885,0.164359793643667,0.252907580449588,0.145579125748597,0.17762643462618,0.1736210695211,0.194904788724537,0.0909417516733986,0.149345504966521,0.185889555101675,0.122887728216409,0.130191113848748,0.364237552385775,0.17902901215715,0.127367284850095,0.171328114546889,0.236567592003967,0.243493013767662,0.136272841659699,0.154221416298889,0.198240332633255
"alba",0.18471880083287,0.120704714996307,0.200074598575965,0.202360711927746,1,0.0285457979938313,0.193334509903802,0.153014766644878,0.215393266814103,0.232571405894512,0.255724968290282,0.26398397518236,0.278883638380464,0.249956262944108,0.226691908093236,0.204281038682372,0.174444077696327,0.192628182600454,0.121331513441701,0.165660631887194,0.217624319222907,0.169578883594975,0.212858192679657,0.245996292455438,0.185496374005544,0.241273098769092,0.143257020903279,0.177973159628967,0.206522510699611,0.169240622413309,0.186987218510922,0.259954449704524,0.226741565160746,0.142730135441098,0.248076030599641,0.155421305885547,0.104829662212505,0.168872965397995,0.174908185139072,0.178522557244435,0.308337250745622,0.157876756817365,0.153044559767056,0.18142025996904,0.237349951609507,0.215719584700416,0.237861769732563,0.176731798787212,0.271149432305347,0.301226819734788,0.167057073433913,0.112124707725338,0.252277248273524,0.0829419882023355,0.120394152453939,0.107482158745339,0.1708625209773,0.151600408807474,0.263076679682577,0.200281311559878,0.20390620648047,0.220395655171627,0.166963793316883,0.206122222824589,0.178510209530218,0.201241906242276,0.159314868586964,0.226117624235656,0.167065625587082,0.252724020648771,0.237424564308998,0.099056591978285,0.184793518119594,0.225511993269207,0.119593555827933,0.203853893033832,0.126575032295013,0.0778753784108099,0.193369162287337,0.241879808474013,0.182142611111712,0.243552886970091,0.16766212571699,0.183411339404268,0.0870615060086217,0.187963747495976,0.10582662619727,0.160600872736693,0.123951141724609,0.266881210014968,0.176628939676355,0.257950636613512,0.126062422902633,0.219664541662087,0.157156244348766,0.207187710910021,0.185100361412013,0.211752942307569
"aria",0.0600129491672333,0.378606235657078,0.0330686471897798,0.0904157901000923,0.0285457979938313,1,0.0758070946468094,0.0309979937875076,0.0708353716590429,0.0299247292080802,0.0186406860888905,0.0389181419234639,0.0268070122882604,0.0360234001905246,0.0395380191414096,0.0365781398107396,0.0305496653048441,0.0624723343780857,0.0195985849805358,0.0255412561104974,0.0307111694798985,0.0559995252220785,0.0449318739082714,0.0508474482430538,0.0369738531574963,0.039868574974851,0.0280992929062357,0.0349420584263445,0.0260133243919697,0.0230019195265655,0.0324619563816208,0.0333307245120364,0.0397276388514798,0.0960952977751275,0.0223438437263012,0.0227114327536301,0.483014023133347,0.0591481543305152,0.042786368893434,0.0263315465157464,0.0270970531901513,0.0232722899207827,0.0254109727040548,0.027686156779228,0.0416274421566384,0.0219618244784456,0.0353486198121709,0.0485885811974823,0.0259514706759382,0.0244153645082983,0.0464854691993863,0.0144434143063658,0.0463167621507205,0.090522476188817,0.096592373922959,0.0870076304842837,0.0363243070624687,0.0303611917505332,0.0399183198148777,0.0300022639936641,0.0291806423095989,0.0642958215539972,0.0782392857513318,0.0262029260718873,0.0232435674140051,0.0419349222399786,0.033587196852367,0.0373762023498321,0.0201398240856221,0.0517721241361998,0.0277594832537616,0.0347383281242507,0.0446966489212653,0.0307771719204951,0.0526655543596408,0.055835236265673,0.0190936438049519,0.101655473527915,0.0234215580415344,0.0433452118325401,0.0220597776227102,0.0306038988532254,0.0308559808449556,0.0315241366764735,0.0255310996367773,0.0295363017720316,0.482976398604776,0.0187850144996565,0.0238683509714393,0.10559460289867,0.038828635172909,0.023761570372463,0.0434475886429959,0.123550818151047,0.0553163380385655,0.0317847764838838,0.0295608064448319,0.0318021926969098
"auristellae",0.262341453717001,0.160018358919199,0.19000801299522,0.267724377478535,0.193334509903802,0.0758070946468094,1,0.182685465350727,0.254774933828772,0.127566336312579,0.116921367455355,0.119647942152739,0.181564471430573,0.233188075879906,0.240293657222828,0.22563966044794,0.159864155706977,0.205150911309068,0.134457092651947,0.135240388164312,0.205495306332253,0.221847408941161,0.197216840044715,0.235067032979442,0.307975751736832,0.134552638560209,0.182753721534917,0.159919676040314,0.190568954048923,0.148129071921221,0.187207684338402,0.128765925998085,0.281237540059196,0.154878564378082,0.166084022271024,0.159956480437223,0.110664055889998,0.229646132724192,0.177790375586291,0.167866346324355,0.216702428989005,0.290909831347119,0.157316813985737,0.185531482210001,0.221086208918442,0.168936135677295,0.132950564023326,0.221986753845795,0.129213620759633,0.137756279901702,0.192276817737032,0.107443865233939,0.2574478617157,0.114914167003896,0.146127462570578,0.149807248913217,0.225082313624408,0.140829163963621,0.236755736082963,0.210534759669664,0.214814666364389,0.228387596257552,0.2183479774104,0.155584657607998,0.171659281744599,0.209994590173082,0.163846479647172,0.232112489029494,0.141821347019249,0.254682090600465,0.12945360604303,0.0846396620909576,0.169164258218975,0.168339383195513,0.153608383348082,0.197984262486337,0.114485758349313,0.111503829259488,0.184261165667696,0.216448081859449,0.184960486225355,0.211756272089877,0.178235315450245,0.203010327841849,0.0931572133257092,0.172904603277783,0.168062032933384,0.145785437837169,0.122403898894655,0.232736108557979,0.208408248986671,0.143791284218343,0.120115648847623,0.241650702862054,0.199057287802151,0.124953456307467,0.173335551990785,0.226453355301136
"bourgonii",0.150252970426646,0.0831244140014739,0.148031073807714,0.162475745085906,0.153014766644878,0.0309979937875076,0.182685465350727,1,0.162967650371131,0.115773870141252,0.129010506483103,0.0937476101829564,0.175045646023982,0.178472901948719,0.169632259712212,0.159771084039318,0.119544742839009,0.134537179759105,0.116114973419156,0.116110621336076,0.158355666852996,0.140850585782058,0.136082045466237,0.18545630971064,0.183266844086313,0.0986664503430486,0.150281867488697,0.119942504379508,0.149293269881798,0.12138526245222,0.186521397067399,0.101412417909013,0.201802676566948,0.102994442271179,0.125226648825007,0.119358520156833,0.0573436839924395,0.163759981019444,0.136222073823268,0.127173932052439,0.136970543289463,0.118472307661587,0.14857911272519,0.209563397483007,0.158011159536046,0.145719549483571,0.110742453087406,0.153257599597952,0.140470455031927,0.129534229852388,0.137108619273428,0.118309239344102,0.219114625031042,0.089090199330907,0.102926067354002,0.0986048590097876,0.166144241353623,0.155272297772135,0.129600924036659,0.167730102320335,0.203491045346005,0.172313895965567,0.135725765865657,0.140839661836826,0.141506979116536,0.180602778095459,0.141505614982282,0.178905846865995,0.165461171633251,0.202780493815474,0.107186769251937,0.0717869713908786,0.150613067789692,0.152585612545169,0.125073079761566,0.138597214531403,0.0919873060971402,0.084109631428865,0.167395387866458,0.177955556980603,0.139068431799824,0.15300391424281,0.140674836583827,0.149809954891085,0.0726715737651057,0.128806052679909,0.11101519512916,0.106368575395014,0.10697053500694,0.148831649043627,0.174604785930835,0.14642050538491,0.128383460603934,0.170059382754431,0.135225655998842,0.0982437024823894,0.152311258540862,0.182767928946557
"brachyrhachis.aff",0.331325124404194,0.160402329684861,0.337173282199091,0.350182509890227,0.215393266814103,0.0708353716590429,0.254774933828772,0.162967650371131,1,0.197878863251735,0.133531906170613,0.18816764085984,0.254186327338742,0.288569230207843,0.440122929192877,0.299804751790764,0.286640939979412,0.261864013079797,0.26351397421228,0.183730213430988,0.209934027403664,0.199306643763624,0.257938899089816,0.352916742162757,0.274780946505545,0.197048414678844,0.169569054290526,0.194342430383608,0.306436510903934,0.173272556507336,0.164977838072879,0.142202739297323,0.352615700703928,0.10492502152895,0.35058286719788,0.14168179251918,0.12697290145874,0.319959231637872,0.272792893973428,0.234510331964514,0.36356328710513,0.141354992241257,0.163441986887087,0.195956581090375,0.256282451889708,0.161434277532955,0.254333483585292,0.28923263882303,0.150344526500343,0.237183894194272,0.199338987540571,0.121815894608175,0.335676346749175,0.170935088789164,0.144566386748706,0.218774009320104,0.229722012449273,0.191766020793187,0.365561756851925,0.373765839571496,0.219969974390703,0.363241128331029,0.490422470311578,0.189948889669007,0.272758182889762,0.355487137343493,0.299694728379502,0.317495050539238,0.312529073572984,0.332805219447082,0.206424856433768,0.0871012970286469,0.198279061981544,0.196311748214096,0.166377678531604,0.222945531495532,0.125189915861943,0.158716624877289,0.192702157436757,0.254803826883555,0.174013724121058,0.223754949492529,0.212124748136533,0.223415702657794,0.115909641252676,0.21840829142467,0.211365528475655,0.155433837696638,0.138210232136395,0.370470808906979,0.361157661163718,0.189887984041332,0.16840590959099,0.254764301671664,0.203716318435822,0.136219253921144,0.186631163866162,0.315836974106867
"brachystachys",0.138970581616864,0.107030038322418,0.189340590526762,0.163191079642831,0.232571405894512,0.0299247292080802,0.127566336312579,0.115773870141252,0.197878863251735,1,0.292680663658298,0.261147621366817,0.230522460850178,0.141008218023287,0.136527150381578,0.151465745813676,0.122758335708866,0.156405811601182,0.122532966311744,0.142413280723905,0.149324844397833,0.123131067036346,0.141984659025669,0.15597338534619,0.135042453069825,0.25474202690979,0.117159665939485,0.0941225210591771,0.135765123556849,0.132634177488703,0.0982990781616488,0.346540645673904,0.16916824381058,0.0818385391673637,0.336550083395923,0.112753223001937,0.106661704796432,0.135577123967439,0.132055348799267,0.1291621242232,0.354523888307704,0.0825940884703655,0.115459471557187,0.153041330225029,0.13653776048214,0.111911520961335,0.376124547552202,0.157552227742365,0.263132576173472,0.273229381357236,0.112099533276266,0.0872666032246497,0.172924130466005,0.0858764115777378,0.0968129168143351,0.156219907185354,0.164718170821374,0.116177278059455,0.372721431849592,0.148146462059181,0.182000036330617,0.138611823596344,0.182319109581009,0.118266555246881,0.131729864852986,0.159958738133703,0.1471563414015,0.147448728162715,0.170098049564159,0.164801358776907,0.334425774080912,0.073635160349972,0.118765453549727,0.112014127251385,0.122299073456367,0.146368443260103,0.119456579809398,0.0801272344631112,0.1242527369604,0.148381937933485,0.158886772589583,0.162135655726555,0.091216485701041,0.131075906772609,0.0854843987436163,0.0996310600741904,0.129031464684409,0.119011086692777,0.0865183024886383,0.283262756585906,0.152203537114667,0.281700199488389,0.160306554533453,0.130259869883138,0.142830196410003,0.366340970684916,0.117268132752532,0.149776726041483
"brachystachys.aff",0.124360470278779,0.100276943181965,0.134526928217584,0.121718114215678,0.255724968290282,0.0186406860888905,0.116921367455355,0.129010506483103,0.133531906170613,0.292680663658298,1,0.259231427438042,0.229427022932827,0.15965168760022,0.129723545216854,0.136214091347985,0.113499970143307,0.158000975314713,0.104086939234734,0.279700997048952,0.163464874571069,0.109152646135431,0.147991106251299,0.146119749560194,0.12433288999552,0.23397696496378,0.107428654251623,0.0925280036759405,0.114390822775521,0.151041453702095,0.185751769330772,0.316003325152267,0.169350329835832,0.175009597348168,0.306335441313797,0.102852442930072,0.0830368025738996,0.113743253692373,0.139678434745998,0.196952248686124,0.34085795183478,0.106610025607301,0.12032094206007,0.102016536947886,0.149239024066711,0.0943315586578455,0.29506226203283,0.123988787314944,0.239196322252404,0.291608222880348,0.0741826702339609,0.0761705992958241,0.156446179579226,0.0723363363236807,0.0607423043473036,0.120305394033342,0.104981840756046,0.186500734030613,0.233720516394083,0.140156473771095,0.135387348584655,0.162223574698454,0.117709167390489,0.235009394469255,0.154490605749958,0.148889306147411,0.128463415897783,0.163789076191244,0.136090479693852,0.15555522355516,0.287247931319558,0.0622199859735871,0.118394025970101,0.14682523858255,0.084568710095906,0.145029935762421,0.0915481825019342,0.0508003388921249,0.126300591173805,0.146806973657646,0.151617332838911,0.220873707650574,0.115806202062007,0.135564989142948,0.0513200376771428,0.117754444544463,0.072609835760743,0.197428078832146,0.0882744999801995,0.232214576742671,0.128929612084032,0.3546864634443,0.136029092218667,0.141084931504794,0.104607284839574,0.28009201603115,0.114763921982512,0.138222940600915
"brevialata",0.128465537491975,0.1075819500042,0.150207397014435,0.149378401858,0.26398397518236,0.0389181419234639,0.119647942152739,0.0937476101829564,0.18816764085984,0.261147621366817,0.259231427438042,1,0.221380486357724,0.144448072120917,0.164086608988058,0.134961926864266,0.11599230357097,0.156323133487671,0.0915683879193873,0.117393541906108,0.133887396505845,0.108813628275299,0.148456765900717,0.205706761796219,0.133730770263134,0.248251167976397,0.127994751797228,0.106109657092909,0.128962710770416,0.096008016248653,0.107235459471267,0.279972570325669,0.173905972077262,0.0907480298076208,0.262109065571416,0.0862360692693174,0.0903649168469511,0.133711135032621,0.117613603715988,0.142595282407114,0.276251440027671,0.0865293478831947,0.113515923547193,0.106534924926154,0.226692286883006,0.14407409372883,0.276587736196125,0.139227346348805,0.244070329854037,0.277981786927543,0.0941137800722086,0.0961774205858502,0.159260413192895,0.0846859862714715,0.107728513191374,0.122642965750252,0.110525531946277,0.100918160745333,0.246591839708177,0.157293804503203,0.129485071545136,0.154650706261925,0.165491013560534,0.141283931584523,0.107898478713125,0.127190885131574,0.104010874129362,0.142086796309303,0.138237287242878,0.159260220370253,0.292473599782594,0.101471828096026,0.115132763431262,0.143457190085544,0.113435021147325,0.168800254257548,0.101575574673668,0.0889580843217445,0.115722849736513,0.152275653403918,0.118783727118907,0.157019239931534,0.147110449415022,0.124768067869601,0.0838071983210933,0.127030808555633,0.113557072335828,0.109836292201744,0.0753852567503297,0.298463798974157,0.134252573521866,0.272700065523067,0.122058515534768,0.169754226851187,0.133908126898154,0.254816828387984,0.112035974343026,0.185758688091971
"brevipes",0.150945418446186,0.0824047051034108,0.238877787513202,0.176880009890892,0.278883638380464,0.0268070122882604,0.181564471430573,0.175045646023982,0.254186327338742,0.230522460850178,0.229427022932827,0.221380486357724,1,0.192873174596898,0.194695872896113,0.200151170642515,0.180100534724557,0.139560568368048,0.155972393477253,0.122708108613172,0.168564012378139,0.146843557030908,0.185036446945852,0.205912149040022,0.232350773436527,0.181512126718302,0.219497183852381,0.126689677182753,0.243717423728579,0.152433773452879,0.179072289488864,0.211994397364455,0.224372645062435,0.107567504559202,0.327430275626071,0.124793768506448,0.0676670481903963,0.221846311982637,0.160710093911651,0.176014407107169,0.327992250596312,0.113940670931346,0.138810206046163,0.176972976999324,0.15082524328061,0.149470077973413,0.256444473045177,0.163326680596925,0.268494851077151,0.245746976843314,0.169396911820605,0.159029900416297,0.274919284877926,0.086274188242354,0.104634337117674,0.102534037481734,0.175828410308832,0.177479375573148,0.33069730640917,0.207231283210956,0.172023682625853,0.160488984217302,0.22463899050127,0.145263430917688,0.17551260449333,0.250924115248391,0.196629733570951,0.225103180164959,0.219946649628091,0.270608454490762,0.241664984239957,0.0975122107738312,0.141898356465958,0.157704488628337,0.122027504001628,0.148296433863081,0.167622385830435,0.0644235474627875,0.17119063420143,0.188656648225916,0.120329139545483,0.178248764039925,0.172065604347487,0.207170081037552,0.119808769362023,0.175839149825964,0.132020860845962,0.107518149224469,0.126943895339233,0.27093827140682,0.275178767531027,0.222230548411158,0.119490108810903,0.134508815491987,0.11315274932224,0.203782776727559,0.17418286934356,0.192315850504601
"capitata12",0.201519040265131,0.115360413331622,0.267781324744263,0.208098245884879,0.249956262944108,0.0360234001905246,0.233188075879906,0.178472901948719,0.288569230207843,0.141008218023287,0.15965168760022,0.144448072120917,0.192873174596898,1,0.316381535673629,0.463627473074462,0.243788789109916,0.189825366386146,0.215702642011189,0.180186265498831,0.234263337735834,0.207960466305193,0.265963936930698,0.260017869351355,0.25273772432522,0.151090658463712,0.198372392160987,0.15919307239747,0.234339046991397,0.164668631809066,0.188231563723969,0.137639592457246,0.271094314675826,0.141752733912408,0.186430482075401,0.157083622199417,0.0914558666340169,0.224202774080385,0.226118479939804,0.21166106708082,0.203409825807958,0.181197908675187,0.168677921305699,0.217116093780715,0.223262016523232,0.199524638930442,0.19364068810167,0.203077087466555,0.167221325869746,0.187937974232058,0.205130512310352,0.162126969856787,0.297811561147837,0.0768741773276928,0.123441257519709,0.140452103850569,0.221368376994453,0.215506118827635,0.198512268126139,0.273841083963876,0.236230410322848,0.223789961185874,0.210845871242628,0.208873689996619,0.244460725252545,0.262772526057644,0.252820701738905,0.294471275790842,0.16495643420579,0.289133618378971,0.165353622829612,0.0948881121236609,0.18079998986869,0.200315749923731,0.136736407850539,0.197336887653212,0.117873697787119,0.0855417614379404,0.182656341970348,0.233168566009961,0.190984020795251,0.244758572034952,0.203564110705798,0.247584583670796,0.0918442701176908,0.226523041285418,0.146287898497028,0.176279206698228,0.146276299991786,0.200183511343467,0.242685577812668,0.189761017940784,0.134936357890741,0.197876225017519,0.158037183783609,0.11125932126387,0.215527159373324,0.248708305550372
"capitata33",0.185273175216762,0.108463234246671,0.273693892617166,0.224551237523513,0.226691908093236,0.0395380191414096,0.240293657222828,0.169632259712212,0.440122929192877,0.136527150381578,0.129723545216854,0.164086608988058,0.194695872896113,0.316381535673629,1,0.293335387064808,0.217321339829422,0.192320706778069,0.205784707619847,0.212314848145137,0.217017774053896,0.189525549836953,0.193513178947326,0.278055227374868,0.241394962797447,0.134631452087361,0.160345292648374,0.157380128628277,0.261757103669088,0.154915859731883,0.169156508445158,0.121271195174317,0.300180808244668,0.122993761164407,0.193378683057499,0.194469379112767,0.0996464711056836,0.244275153667656,0.214308981027985,0.250423092008079,0.209190344581468,0.178562189703805,0.184948966455402,0.224184109347948,0.186654327750002,0.208898049081325,0.157172211232063,0.185355886201554,0.13463812447281,0.183012911590052,0.187264655722841,0.126522536522187,0.274252242877807,0.0704217392120172,0.112452205390658,0.119890604664299,0.198729129531062,0.168293561022123,0.21529628042983,0.339387741806072,0.221770029871213,0.187130951338698,0.217200868842663,0.185787214317298,0.246246147664959,0.274549453383325,0.20323822188032,0.259601860004288,0.206328513529947,0.233821844554031,0.189005097419403,0.0888654513708438,0.187608090344627,0.17409942486913,0.162591588194217,0.171395026512618,0.130447833304437,0.0746535245300706,0.223056541947263,0.20684593159437,0.212236866883603,0.213001801712005,0.192898760350307,0.250099026898423,0.102044369060093,0.209053532586488,0.156952263713,0.171630479965964,0.142513440222945,0.212579569542861,0.265307900435885,0.222088976021502,0.127646433674217,0.241836738024129,0.169415862930873,0.118451968132492,0.199281492583762,0.294321195768746
"capitata35",0.193337443297409,0.116701220802227,0.277851861606482,0.205869153177426,0.204281038682372,0.0365781398107396,0.22563966044794,0.159771084039318,0.299804751790764,0.151465745813676,0.136214091347985,0.134961926864266,0.200151170642515,0.463627473074462,0.293335387064808,1,0.251122953552257,0.191383797228753,0.272756678161072,0.23799709340538,0.21189046435038,0.186128195285879,0.214614722456595,0.252630470108656,0.253010311521248,0.157299942664014,0.180919553729631,0.195389741087438,0.23705856092487,0.152156997117465,0.144504302704937,0.127760731710597,0.256944606560119,0.117687393842343,0.218353972667575,0.152682963326233,0.142555637307273,0.241163543031895,0.212384183886961,0.205131187633424,0.238784031048474,0.146152440372299,0.165202313963773,0.211504996243117,0.191250546315907,0.189558817643928,0.184095039565826,0.203269193992893,0.160626782487615,0.188624218044909,0.17163487548799,0.138282288071693,0.280404549141733,0.0863796135869452,0.102684219102338,0.166059772931164,0.250205284782455,0.190378638688756,0.224234003617174,0.272574054283935,0.23414330875314,0.203162769880515,0.236244903198671,0.196375608538648,0.259130801065685,0.288102790390766,0.260409728442222,0.29809311565719,0.184275703346828,0.289071590305997,0.179577028109253,0.0946928367860494,0.205375668140577,0.228642395930247,0.128489363488801,0.19090811622159,0.116684573435589,0.0874039008929227,0.178908957215975,0.228147338088797,0.230180034009103,0.23887607256139,0.206744641218494,0.23147196022399,0.102513143164075,0.246079620959591,0.145352683406357,0.180544988206234,0.118544908392817,0.206270857076564,0.267845627108339,0.200076379727746,0.146222659280774,0.22560131978708,0.149450281685284,0.130973987114531,0.219936423163098,0.234109869444599
"cayennensis",0.131864620000226,0.0775402605975298,0.262861372079654,0.158161492100196,0.174444077696327,0.0305496653048441,0.159864155706977,0.119544742839009,0.286640939979412,0.122758335708866,0.113499970143307,0.11599230357097,0.180100534724557,0.243788789109916,0.217321339829422,0.251122953552257,1,0.125666867246679,0.40335390160324,0.159590793306015,0.162038983821236,0.142835743369299,0.203625114777433,0.192650958347332,0.206052084218547,0.0808977994357137,0.138773136914715,0.116406197403181,0.25652020367349,0.137183324992555,0.113974123457299,0.0995647943332439,0.200642049834841,0.0975851884778049,0.341217545580443,0.126126637467583,0.0733508293099441,0.251097604297439,0.196656357470682,0.1945990232999,0.326214577326966,0.123990486032226,0.127146731365492,0.187435902422887,0.172360174696932,0.127699958721396,0.230886511425776,0.166862246906418,0.118729629807941,0.150577821084785,0.160318764547325,0.135841178204611,0.276017036300186,0.0545074076480581,0.0993644087375166,0.137899672466512,0.183670377969968,0.169391981656943,0.272287937181506,0.217433115766638,0.173651146748721,0.165089184619599,0.267384701194921,0.17877998153686,0.388804378545508,0.343681758331931,0.425119290992915,0.391005740728297,0.182474381773556,0.251658716285494,0.173153950858865,0.0666859803057345,0.121327260635343,0.143052000053001,0.120789637952651,0.149282833173544,0.0887367335350125,0.0521417160391293,0.122233454107457,0.183135246183645,0.148028020180872,0.204756811354509,0.202197103804076,0.185541770469036,0.0855122475875036,0.191106652822538,0.127983498035794,0.131949721056149,0.0933112553997481,0.154298691200512,0.353160454838364,0.151450387381014,0.120032667343969,0.157448039367254,0.138376467399202,0.0983925694876296,0.158582406894809,0.197358680767933
"chartacea",0.232793973342833,0.235333099296577,0.178923676339468,0.289264028673309,0.192628182600454,0.0624723343780857,0.205150911309068,0.134537179759105,0.261864013079797,0.156405811601182,0.158000975314713,0.156323133487671,0.139560568368048,0.189825366386146,0.192320706778069,0.191383797228753,0.125666867246679,1,0.128532962279355,0.195015126332203,0.231344940547275,0.175902383369534,0.193262177342628,0.23878439309165,0.157733998488586,0.164550440889319,0.133437851300492,0.162965113067735,0.160332636991598,0.181140510843697,0.156107475221927,0.159016629456338,0.24773546350141,0.133368687722918,0.135896219282128,0.130935601610458,0.148648636019423,0.154115643884495,0.224354743120049,0.18424950505464,0.209363795606111,0.162850892013644,0.140513871554143,0.159272483022298,0.258238095398501,0.13803006267463,0.144599164281335,0.241893481387357,0.140747015665354,0.165303264386886,0.135161885993333,0.0911294708978396,0.208250411586522,0.164378386270941,0.140644231308109,0.254648081347123,0.203734917957125,0.161412829581786,0.201015603010651,0.191297990712392,0.203472493801849,0.245111906417593,0.236549150500091,0.180485465787687,0.176307482362665,0.169114775749324,0.145844916377861,0.200149876565872,0.178989626215322,0.24887095061333,0.17386060615773,0.10752356728067,0.210467021677905,0.192219474039778,0.160677155628172,0.274728538334309,0.118750518451923,0.180685231757713,0.160682468058063,0.21130907754016,0.227051926964891,0.222316891868802,0.126546549058491,0.1759064816366,0.0846584348149593,0.16852223664157,0.15604045642297,0.169098732683788,0.122023914090348,0.235800220125307,0.164049751640394,0.168531378288335,0.191685370306374,0.229586418220893,0.221170757975983,0.132769316912104,0.1521730190386,0.229837837093994
"cinnamomea",0.125206096086355,0.0675777386895436,0.257401730310441,0.125154951881387,0.121331513441701,0.0195985849805358,0.134457092651947,0.116114973419156,0.26351397421228,0.122532966311744,0.104086939234734,0.0915683879193873,0.155972393477253,0.215702642011189,0.205784707619847,0.272756678161072,0.40335390160324,0.128532962279355,1,0.204237305946114,0.145235298574572,0.135539854048568,0.184643086703905,0.176882535373998,0.185583786074572,0.0731322279750576,0.131843534915285,0.0872235532662088,0.238434233448477,0.12821993026286,0.103430616996374,0.0879047439910189,0.181188878362333,0.0811840956800696,0.326557803074872,0.118407034796881,0.0775314988515946,0.254612489184891,0.19797941843522,0.175470562300701,0.325661605075858,0.112647679748326,0.160295823732092,0.176594279305472,0.117586805991974,0.14238283506888,0.256102424820869,0.157682264011828,0.100181625512859,0.154970185772119,0.135317554052849,0.143057746057779,0.237753425692946,0.0511607305629249,0.0779408590889924,0.148409368809995,0.219573993124461,0.171541923451831,0.267405818998554,0.227855419685218,0.16990488699026,0.13617122773711,0.218908099131325,0.171887230939484,0.416444696631073,0.352932258870926,0.496682041369834,0.300505186458142,0.202831488645467,0.239038470269451,0.190566934880537,0.0663708871985042,0.114815291239164,0.133811930149646,0.0909610042213884,0.133249616582853,0.0945994059635493,0.0543904612080974,0.12773292071218,0.161808820304425,0.193746651129218,0.2077431952017,0.171964241299379,0.234054218082313,0.0739330087496161,0.200964558857561,0.112329844816229,0.173126763513295,0.0726418992373764,0.134282470159372,0.323142297021713,0.201247358770967,0.132226438603663,0.151443127369048,0.106636155958577,0.0938306233943131,0.148923475441428,0.168616584398198
"cocleensis",0.131694467404092,0.11347299834628,0.201585002805749,0.129463190307729,0.165660631887194,0.0255412561104974,0.135240388164312,0.116110621336076,0.183730213430988,0.142413280723905,0.279700997048952,0.117393541906108,0.122708108613172,0.180186265498831,0.212314848145137,0.23799709340538,0.159590793306015,0.195015126332203,0.204237305946114,1,0.210673354933122,0.133438469128674,0.192892485875406,0.170191001344038,0.13663768841715,0.0929141796699541,0.114590945959829,0.131461900311303,0.170316867933782,0.17731542930934,0.198938636066735,0.100403796480491,0.195802855475018,0.177866710394168,0.158166175475876,0.140419891543539,0.127207009331553,0.176478467325542,0.178546051716888,0.267046176156842,0.170212277671358,0.134700481857282,0.138338471007799,0.171904409609202,0.148824841095445,0.142103710182515,0.106599911410536,0.138050699311894,0.119723478098362,0.180197938929687,0.105163278248968,0.0975508982887342,0.157414255014141,0.0670968355778093,0.0913803367693956,0.182669116863852,0.219492225612849,0.232646695838364,0.170070894441236,0.201492052056026,0.162007185137181,0.166693029480915,0.147274958574579,0.219020117754315,0.24350829044034,0.21145318134038,0.211225260848591,0.19310405506518,0.166716121722487,0.198708438593275,0.125131755705799,0.0831099769310703,0.153228862838099,0.161726547474145,0.0846752526420394,0.158957726755385,0.113800570683436,0.0734547627972898,0.138740517154761,0.160707577809702,0.257235860555114,0.241328721704787,0.112550046667857,0.212969587978438,0.0603121698472412,0.150430078252088,0.0831667287862187,0.369865168175224,0.126266625637872,0.117824014291437,0.198026282717374,0.174676065491318,0.16586572094164,0.191933455467674,0.132674418157145,0.105148649862728,0.151787622429924,0.169792168828844
"cordatoalata",0.185039023433245,0.121347488410956,0.222694731116233,0.193143929303316,0.217624319222907,0.0307111694798985,0.205495306332253,0.158355666852996,0.209934027403664,0.149324844397833,0.163464874571069,0.133887396505845,0.168564012378139,0.234263337735834,0.217017774053896,0.21189046435038,0.162038983821236,0.231344940547275,0.145235298574572,0.210673354933122,1,0.184057750479795,0.205451910696907,0.211064264719603,0.193486351825915,0.130264664305733,0.179487194815837,0.146584496858596,0.244924943772753,0.18785971834894,0.201116373462787,0.148615669159222,0.253009591303119,0.142226560311969,0.153535413309321,0.191369792071601,0.0946087424686124,0.178043668629015,0.240247400914207,0.214090338260925,0.174921460497658,0.168383239183846,0.149691990083662,0.176648647874623,0.202165063948488,0.173588819784845,0.129838213764773,0.198277835132539,0.13369330031275,0.178946388188204,0.165489382384145,0.114056484093332,0.230632898144728,0.0921410273593779,0.120846205091431,0.137359807558672,0.238797120632232,0.171416198973392,0.167308616304578,0.229976795434028,0.220152024295519,0.204096252423367,0.167163355744212,0.210326362629563,0.195061943585232,0.230183713451294,0.165473929215025,0.234711815944621,0.16088608189867,0.226716556153122,0.144250819554066,0.0960210895361423,0.213263720934259,0.223345429383448,0.128402946111735,0.203277819866426,0.138705793694561,0.0980580167640281,0.19881898436903,0.239392623961698,0.192587612526478,0.248389893541643,0.152834552672355,0.210763797427899,0.0803336322688838,0.192634107560652,0.114274549991543,0.206687216080315,0.1817997299935,0.173575396995708,0.198435017044729,0.170877098942121,0.147580237043022,0.196755268948871,0.139301141013546,0.120806432110075,0.196581792081072,0.238035522050472
"coruscans",0.17282203849796,0.118235253792122,0.198683593630102,0.201354704854678,0.169578883594975,0.0559995252220785,0.221847408941161,0.140850585782058,0.199306643763624,0.123131067036346,0.109152646135431,0.108813628275299,0.146843557030908,0.207960466305193,0.189525549836953,0.186128195285879,0.142835743369299,0.175902383369534,0.135539854048568,0.133438469128674,0.184057750479795,1,0.242667129219517,0.176245929906862,0.169404718467389,0.107177472224603,0.131775018247749,0.139830773863008,0.192748312992762,0.129240704710352,0.181572534716782,0.11184874824625,0.204217070760815,0.127869348524414,0.124290511837528,0.12661282172355,0.095386559241841,0.249652242757064,0.157302561177296,0.152830142994557,0.138938496112711,0.12840469245099,0.126901073811904,0.186362410680231,0.189761896420528,0.18053859323062,0.114758118439024,0.173995960530582,0.118116356554193,0.131915582844847,0.147401745683141,0.151267277754962,0.212721081910013,0.0963930006731012,0.126172081357137,0.134082958785162,0.201892715686426,0.148705042587973,0.15390726437942,0.171431080069024,0.16800659613831,0.194287245237409,0.173836841897262,0.177550398070935,0.164311579045376,0.178042981860176,0.18908831623336,0.184019513711546,0.12648811953988,0.211897588089358,0.138257329075746,0.103147056782985,0.169179472792133,0.151264416570161,0.129299566727001,0.163826925287711,0.117542451971294,0.0743096140132658,0.139117190152537,0.172013279097945,0.17104401578572,0.184579725124479,0.144405568417578,0.224158019278249,0.106673259929413,0.190701902725485,0.117768010107108,0.159163444666277,0.107070617990797,0.186665081970452,0.199104119794036,0.116028193851819,0.112972284028666,0.234546480702884,0.118658375843196,0.10692806600987,0.15303548815101,0.203364691386856
