"","acreana","acrocephala","acuminata","alata","alba","aria","auristellae","bourgonii","brachyrhachis.aff","brachystachys","brachystachys.aff","brevialata","brevipes","capitata12","capitata33","capitata35","cayennensis","chartacea","cinnamomea","cocleensis","cordatoalata","coruscans","cylindrica","edulis","fastuosa","flagelliformis","fosteriana","glomeriflora","goldmanii","gracilifolia","grandiflora","heterophylla","huberi","ingoides","jenmanii","kursarii","LA17","LA41","LA48","lateriflora","laurina","leiocalycina","leiocalycina.aff","lomatophylla","longiflora","longipedunculata","loubryana","M18","M25","M27b","M30","M71","marginata","melinonis","microcoma","multinervis","nobilis","nouragensis","obidensis","oerstediana","paraensis","pezizifera","pezizifera.aff","pitmanii","poeppigiana","punctata","retinocarpa","rubiginosa","ruiziana","sapindoides","sertulifera","setosa","spectabilis","splendens","stipularis","striata","suaveolens","subcapitata","T18","T21","T29","T50","T51","T82","T85","tenuistipula","thibaudiana","tomentosa","ulei","umbellifera","umbellifera.aff","umbratica","velutina","venusta","vera","virgultosa","vismiifolia","Zygia mediana"
"acreana",1,0.188096569556791,0.223580536076442,0.256822724178847,0.237599101543506,0.126002681831479,0.216947472552678,0.190036843491431,0.185438773082286,0.159161415451319,0.219079067555081,0.158666388690771,0.206440148142041,0.179995592237545,0.282817052962778,0.159632937143988,0.263255512537362,0.183079325990715,0.179374189356739,0.126163408794149,0.256495366791126,0.231351087177345,0.221653947923472,0.234629056350148,0.0986942672309783,0.224957645398805,0.157815431137776,0.171967127555338,0.21395077928112,0.191154831913976,0.139072188889636,0.187419038005472,0.279348629760414,0.225042178834503,0.165809398324295,0.211331498831121,0.230184405417439,0.292777692499808,0.214989974710439,0.184781446503463,0.217857464756487,0.21785872080809,0.135561375419539,0.19052887935007,0.209104274745841,0.228714618149121,0.172903332107541,0.169683982513082,0.216526645993605,0.205927042604953,0.176908758074326,0.236960358138635,0.369800362957453,0.160188221397637,0.147288618539739,0.26230155264975,0.231178855858464,0.309627067528145,0.154600222155581,0.185752893935115,0.281814273333355,0.290854120053682,0.164590774338808,0.393141241180536,0.246187521647374,0.188684326875512,0.238940981011571,0.268276416408494,0.20128022661079,0.264072630959612,0.231212431152618,0.179952546626487,0.186483004663877,0.19229231861732,0.181169615027359,0.310593667664323,0.215766490612043,0.160414454919552,0.143934917039901,0.25571505936058,0.243814778509906,0.199885563646253,0.236760779418806,0.210737022167592,0.192605314208914,0.142246049556313,0.273735694395018,0.12683816938466,0.106975935310203,0.230874985984036,0.165193378079243,0.142177323678556,0.146729910095161,0.161384536453231,0.179238343260817,0.113041840715227,0.1060036561885,0.25993525557094
"acrocephala",0.188096569556791,1,0.233960569828086,0.245242595940918,0.228319343449603,0.168900550712442,0.248973042169189,0.183079929807047,0.277852328740412,0.142177411063896,0.12687113351227,0.132143556506101,0.136480943476705,0.208802661661953,0.163182134518561,0.203402178113775,0.193340992451536,0.216104831422947,0.192863765797308,0.0761776204874141,0.240893655852495,0.22247591122594,0.214329323601678,0.259509566352761,0.105471247500118,0.167385560724653,0.15171594216058,0.117881224526672,0.244041475860198,0.180002943382498,0.216621591825919,0.1424334015199,0.2825234328479,0.262701989812635,0.116582169112077,0.160075600375654,0.20413374764684,0.178021120784155,0.190346988897119,0.188024163082234,0.131836799698247,0.423384943583219,0.193363052142933,0.155301238162342,0.24433621536532,0.12968338705393,0.162336270300423,0.194947616100261,0.197882590502687,0.152306022664258,0.214100456520146,0.20628296485899,0.172818454645557,0.185655913992953,0.163038874716316,0.243227305089841,0.122621335648473,0.212465604060541,0.176977097951633,0.251049832877798,0.219014756349313,0.253698800347201,0.199585756427827,0.177514127744886,0.243806140030265,0.170432749506735,0.213579342034982,0.184778045617164,0.210282742760265,0.238579061970065,0.196885308633301,0.178557273540549,0.241129163065643,0.247721518376696,0.178704941431062,0.220658653597625,0.204035722447904,0.107109059235422,0.148951905523143,0.220398055375292,0.260372471380458,0.245826706161565,0.173523882825595,0.248712654543774,0.118268483911139,0.215505598478223,0.233658261704651,0.137058449819161,0.166113599642846,0.186840482226641,0.118270778321745,0.329605693144821,0.173907857306773,0.225772305798845,0.199830099854186,0.106180710558926,0.125750600268452,0.191505676843508
"acuminata",0.223580536076442,0.233960569828086,1,0.323934357870614,0.274117926641661,0.174317429082337,0.211034623071384,0.157505720043368,0.255804773443629,0.140471689382614,0.126765768814034,0.195870657984955,0.160167715755025,0.193558986745261,0.216965809322205,0.222118442513817,0.382656786224645,0.192530138819281,0.214741894542018,0.070573129744352,0.256272769355841,0.367983754511271,0.339191142442021,0.210550024059242,0.101266749319425,0.242369921178829,0.13193828580242,0.11177565800224,0.276725524534944,0.247490804426122,0.144004638642494,0.125692812002239,0.31376969835844,0.273758510073223,0.15574272005307,0.249216057551494,0.418609641546743,0.341538605799695,0.232419290675546,0.267666219470453,0.114490543951364,0.192537218201488,0.290532790829035,0.142130565210263,0.287633141957183,0.206494119323799,0.26751115229827,0.216229826236526,0.23785861058952,0.212744566583881,0.227392290765389,0.311322780743061,0.177886002735092,0.205123983370079,0.14558348965468,0.341410783400745,0.155751377611343,0.285486242256129,0.143320025203412,0.217139445816674,0.255439742857164,0.289552345432298,0.160452755318598,0.255886778478194,0.329036310976714,0.184389585144167,0.392370544355844,0.160590771901147,0.201249864910305,0.314337617555211,0.30501849919094,0.193706238004053,0.277784970251854,0.401454035333725,0.176987356546182,0.307001608256647,0.316997678644979,0.112013537244145,0.13141323866044,0.207809727080234,0.346181109322813,0.277614984454995,0.272970679838949,0.262274057929556,0.149889364146892,0.137442733471799,0.193040633621971,0.131227547618439,0.199056204376343,0.247035287326319,0.106855405977255,0.168293643864351,0.185400402387626,0.213444821877393,0.316610726443572,0.114212719456758,0.111775836318561,0.155903356040833
"alata",0.256822724178847,0.245242595940918,0.323934357870614,1,0.292655478746148,0.1828920302782,0.263220442582086,0.179442009490682,0.356609275200347,0.137981677430873,0.163713637038773,0.165713357467619,0.153185490433305,0.247571294432046,0.303120706163742,0.221459888992773,0.312301933581464,0.236629176742904,0.238589968385494,0.0827117826122098,0.283985546389673,0.400745614697304,0.335500985976895,0.285588495876865,0.13773597490446,0.226103607796023,0.155822163438199,0.144455561822749,0.292259597808119,0.250018178013709,0.184489035830323,0.138471083418669,0.37978262431578,0.26450514590382,0.191618561574782,0.218484313951417,0.331421501492997,0.264415038003403,0.231436038630475,0.34123605612066,0.131485408514475,0.259704139531131,0.197528605975112,0.169003114111706,0.290705131661627,0.193971004262968,0.203783608428676,0.232061362572724,0.22661521699406,0.279918561457316,0.208530589027572,0.318557402100129,0.235158015556294,0.21603214653874,0.129104866155922,0.326454214487412,0.154233602490424,0.313239171552528,0.156342060032627,0.250840294152302,0.310541384117766,0.330236145307557,0.240511586014695,0.299453157101964,0.365250020303255,0.231254571397788,0.344970985055066,0.241825281079795,0.233295617682342,0.402217433752683,0.303182275910666,0.218590110237586,0.307223723247501,0.269813553977672,0.218586501899479,0.264562955903327,0.27745873815956,0.122830099684702,0.150851781244305,0.241916217103175,0.346879122676975,0.271329266151162,0.287562106383002,0.297320544240606,0.179613260190271,0.165634172318471,0.231666891581116,0.156151778170238,0.17905880619251,0.25573932945491,0.142986316728353,0.170336053280683,0.217188357776212,0.275943847343671,0.241812648955158,0.109219574253024,0.139203561657961,0.193324384527436
"alba",0.237599101543506,0.228319343449603,0.274117926641661,0.292655478746148,1,0.192045593063832,0.267769773988026,0.173572060716995,0.267163809620953,0.255293143087725,0.248054274874594,0.26525046807868,0.33432867750904,0.226886875282824,0.171955409281531,0.210236569941854,0.2779642226152,0.295287225250589,0.206239833562283,0.0899828726802564,0.240803984979426,0.265067972207984,0.279169721484351,0.285638484064918,0.107301701850016,0.360072673696834,0.152276175341289,0.121857055888201,0.263590001545087,0.20716301398013,0.158482377628463,0.242039320738321,0.306797009665547,0.23535841391663,0.279627359571424,0.265613433905888,0.241139579769442,0.209922635808175,0.231653200885554,0.181031148544843,0.223693227390805,0.206500073634231,0.224525733540565,0.202654024360716,0.297766393739559,0.187698495403826,0.306955916690789,0.249169856321138,0.379650104058415,0.264776038340142,0.198529079930182,0.307614717862506,0.185121879385659,0.215508166842579,0.163550214969595,0.308146150139107,0.168693904980989,0.276996619297981,0.270592504678801,0.260108644557049,0.306653108677336,0.27835408512298,0.20228519894273,0.195084159423947,0.271351377868912,0.216042300821061,0.283546190268405,0.200059193273204,0.254260510214634,0.289238621518823,0.335898040205653,0.212337568200724,0.258458606029686,0.26091652531988,0.181526872114248,0.278907544722554,0.251133730992244,0.143204084367435,0.186001977694943,0.246113373989748,0.283263230594347,0.307412452229854,0.208374077329953,0.308136761242752,0.165356535338974,0.152335953938025,0.252828163945928,0.157035074112684,0.293928015626856,0.370591995004126,0.154007570431152,0.290372458313845,0.192953140270807,0.201644008676613,0.231290424340189,0.209493580509418,0.122258421536179,0.192119112519694
"aria",0.126002681831479,0.168900550712442,0.174317429082337,0.1828920302782,0.192045593063832,1,0.149992283122649,0.153215013942779,0.161833979943096,0.0790299633043766,0.0838545808272024,0.114611827806557,0.12186876210555,0.25045436361402,0.0960086696109442,0.166522559097842,0.229235648757668,0.233769186307395,0.140135714447483,0.0653939372571233,0.150943037913664,0.157057917833681,0.160092480253745,0.173509340904937,0.116252974046801,0.148245574363747,0.0958544481301944,0.0947487668159054,0.231313251950262,0.143672888775801,0.138583630502048,0.108836706078707,0.174957769303646,0.198809582026619,0.103419982474361,0.144371429608567,0.159098384981223,0.117502788052951,0.149613068533882,0.144610822647301,0.0688883624541349,0.145337578580826,0.186394583763066,0.108568791436238,0.189661635457126,0.0926962440901707,0.11080220062914,0.175452637062993,0.141130642589527,0.125531959288771,0.153208370968976,0.223223658734263,0.109935912216695,0.248801831038032,0.125942328407139,0.195030601086211,0.0857569880130864,0.154983145314314,0.0928675995207609,0.195693653407155,0.158124137524012,0.16941788452465,0.13273894862024,0.120223738999603,0.19484394592062,0.135906329408479,0.171528609328651,0.122185603135965,0.191780297610603,0.167573439453235,0.12962895996977,0.158083663769223,0.201540520283649,0.149675873171137,0.141707694334095,0.126112552612988,0.13843701459755,0.156126108001794,0.138465088889871,0.136403712127668,0.173728217849404,0.174212263674152,0.17824579315402,0.168430122537423,0.097169895476565,0.109725679754034,0.130765403039354,0.132847273119626,0.160640798875701,0.163354744136245,0.119643312615386,0.127935829279638,0.173092406015652,0.171096277484055,0.167963685464177,0.0714385936959842,0.122439050834389,0.106775985553623
"auristellae",0.216947472552678,0.248973042169189,0.211034623071384,0.263220442582086,0.267769773988026,0.149992283122649,1,0.185170382442348,0.249558196522881,0.1389071278848,0.142804245494332,0.176494386027119,0.177902033568718,0.218022804543685,0.176895606738316,0.189950799732696,0.218277427906062,0.317515829220008,0.172418529893686,0.0991050456811025,0.231132645005825,0.218332401465023,0.249313347416164,0.249553416378894,0.126624471822215,0.204431288897118,0.183062466817335,0.143455035628202,0.24486914443445,0.185749145497633,0.175168525722671,0.138718471339125,0.263760046870589,0.214913181933213,0.148721184108292,0.186328707993489,0.198037217786929,0.189417338330255,0.219633436888771,0.163981676593248,0.142559217168903,0.193581038766067,0.178928978239645,0.193105124375932,0.24789498697345,0.151120981820531,0.160547783170244,0.24115457593196,0.21650595588168,0.210547320810422,0.178647016100914,0.222800386989101,0.187240778100787,0.207869562989169,0.156248118922258,0.244236019256145,0.174062710058272,0.221471440244277,0.202626602163983,0.228950418832305,0.247123318960955,0.281040793467593,0.220165420167712,0.200851551396608,0.248183356391453,0.224811824599379,0.239524012048333,0.210735744254374,0.260781602925447,0.298138579165456,0.184421898851187,0.244336065819153,0.267216611306197,0.193509251521217,0.204244491729135,0.281712182678535,0.180210426083203,0.135633664445743,0.150955414294173,0.292599048866112,0.234718733214714,0.227244690423769,0.19184936792209,0.215514677846558,0.170810159160848,0.162069824539384,0.246558831195635,0.147374118912827,0.197465223052238,0.231187221907566,0.202417790710825,0.177824885500373,0.187571875965382,0.184097865766811,0.195225105041664,0.120271722026241,0.118891397048572,0.227512184844672
"bourgonii",0.190036843491431,0.183079929807047,0.157505720043368,0.179442009490682,0.173572060716995,0.153215013942779,0.185170382442348,1,0.155438329284386,0.116758792067592,0.137032336772397,0.123050501664735,0.119630092715936,0.150719168573427,0.168252635157207,0.140318749664939,0.163802229033534,0.176915585093058,0.118981281066277,0.0855911210412347,0.138756308199097,0.147185761717907,0.156612151853389,0.221947451559197,0.0946213782436698,0.173480489754904,0.144292526227584,0.13189605200036,0.15052048575366,0.151042736455161,0.12484967718849,0.116120043237107,0.177659365273168,0.139143178380403,0.14877682147902,0.142983706679257,0.141457558536957,0.174785392270803,0.177966385813408,0.101337758566027,0.130771784135067,0.144541637199661,0.114696987068196,0.195878059276432,0.153521406331764,0.10777581236662,0.116327526773492,0.192286327025063,0.187612524218149,0.11602287298282,0.146807854526084,0.173863188251267,0.144249071192159,0.154998613878536,0.110439002145611,0.169675901683841,0.131201875612217,0.168629710705957,0.136065520905844,0.153472361767677,0.171089426794876,0.204629966846313,0.150789547571896,0.154094980311799,0.179048738101456,0.204874191676159,0.174634041087839,0.175518559925109,0.236161411143813,0.154067020181913,0.137050681707942,0.132903462413038,0.167245880232859,0.129520614350547,0.140903434505716,0.152116392775039,0.14247290134182,0.12367844295734,0.127518942399919,0.16500047011401,0.164336551837016,0.200518718940619,0.129132778440574,0.154632826134438,0.145781513364304,0.124472009225841,0.180554707409464,0.13008332792719,0.107674589540258,0.163015523372457,0.12930881507345,0.123969515017543,0.146509673793584,0.134398577250907,0.144096159978606,0.11926093427935,0.0976117890798922,0.190829568251401
"brachyrhachis.aff",0.185438773082286,0.277852328740412,0.255804773443629,0.356609275200347,0.267163809620953,0.161833979943096,0.249558196522881,0.155438329284386,1,0.13910391969649,0.128658309437993,0.140767918033895,0.138434600908169,0.214803713594941,0.212700555106767,0.196786621652364,0.333944398883964,0.228091095606875,0.197485725182508,0.0725071715277993,0.261981228398735,0.29995689534567,0.311021670506916,0.228294086886791,0.10819535625971,0.203372423594268,0.135037526458633,0.116274407877194,0.28193296902249,0.210306978191465,0.170545451402979,0.129067454618071,0.3099731486637,0.282384397828412,0.142345112032011,0.203564997051773,0.273418176552643,0.240932782799713,0.204326115671655,0.268572443142769,0.123147334993566,0.196846431592328,0.180565300461686,0.160022076070168,0.292576235278004,0.162560182943719,0.156040461439159,0.191354634447813,0.185977998025854,0.20855853065105,0.184361084827476,0.2678063556609,0.242797383017812,0.20511027411355,0.142404737251538,0.283320613335385,0.126856586277531,0.264394909094315,0.134870035993231,0.233777433613633,0.301950769126447,0.329004105971544,0.20924321332392,0.252554490154081,0.279364529182121,0.17266315733653,0.248467937024491,0.234095053409542,0.208542556567077,0.331745875463378,0.245634866650298,0.193784333317886,0.247298543510413,0.240603439369559,0.158756090302473,0.211981885245846,0.22540132372708,0.104927483173935,0.157927169957442,0.228475766284107,0.278750278504573,0.233686924664865,0.209725364531847,0.292762710588825,0.143272854094831,0.162421317502705,0.202487046863581,0.136260192364555,0.17943537974112,0.213660518945873,0.173391722452844,0.210245743274483,0.171256642886686,0.301489491025412,0.225478910027756,0.100068110087215,0.131043485066041,0.187944071452229
"brachystachys",0.159161415451319,0.142177411063896,0.140471689382614,0.137981677430873,0.255293143087725,0.0790299633043766,0.1389071278848,0.116758792067592,0.13910391969649,1,0.322064210831013,0.266780958445003,0.336042828282687,0.110807165057966,0.131299012042288,0.108020767685105,0.146586124568448,0.151864054056617,0.0943174876416557,0.0595963658426039,0.198865084770776,0.125053823246514,0.142423017969051,0.145828443122738,0.063826586091059,0.281028562823646,0.103251561109761,0.100423799833476,0.13754414918086,0.116222323003733,0.0933811520391951,0.334990586576581,0.151897147706236,0.132618008212714,0.336501824316995,0.104364777343615,0.12825140220956,0.138294242700191,0.142245160235478,0.0950637985266189,0.337799984555382,0.104258704841946,0.108326868521306,0.108852039557943,0.129027698394656,0.0881578996463941,0.354737918534026,0.146354925555305,0.330439701447521,0.253136542743502,0.120081084088791,0.131665350342731,0.140966093198041,0.125088976696577,0.199804364153999,0.133788357426018,0.124594149413798,0.175017353257319,0.220515890009063,0.118762969236278,0.21502931224891,0.162576339176289,0.115548684783869,0.134577442433122,0.139981647865785,0.102406057643918,0.13056895745576,0.127548630056509,0.143592017729965,0.185350676830833,0.327020330613728,0.121903944273475,0.139057552755726,0.127440555327015,0.110645301312257,0.147421897920125,0.116995624453711,0.0915070452642724,0.0996247377089786,0.154098601380849,0.148305095586795,0.166244927412759,0.128219987844542,0.147209208764745,0.116168010090668,0.0989060154384523,0.160509709784992,0.0800290092802468,0.101889593046841,0.263572428274448,0.104878506329544,0.264968229999067,0.106230421479403,0.142905657862415,0.171047992511018,0.313095098521777,0.0758800402736249,0.176888730914317
"brachystachys.aff",0.219079067555081,0.12687113351227,0.126765768814034,0.163713637038773,0.248054274874594,0.0838545808272024,0.142804245494332,0.137032336772397,0.128658309437993,0.322064210831013,1,0.315390267680318,0.242391943881068,0.146041700259287,0.151411838679099,0.111553519099472,0.153400338477974,0.14770006463256,0.0857668352769757,0.116499156722838,0.148720066135958,0.126181080094494,0.134574788803129,0.158403806909283,0.0846476083469678,0.301881210417059,0.133368488681336,0.206973057197186,0.131580987549959,0.140772404152326,0.10669799606894,0.332889886854116,0.167637142156213,0.134955748614144,0.305558174111217,0.145281321383249,0.134573769294856,0.172544764116602,0.138538612197157,0.0897003720609505,0.379947232227405,0.11430652894946,0.107588336327751,0.146811193352829,0.122819588505308,0.144063159199428,0.332131950582166,0.129631526108825,0.282314131013535,0.273273193752869,0.141187775967805,0.135342555844844,0.186661522077732,0.119553892143053,0.100239157440758,0.133115149349041,0.177747192770549,0.157243889055944,0.223362623061559,0.136251057370104,0.184552785665951,0.16952275104679,0.133509871020424,0.207018085959848,0.137818231645062,0.139661635149794,0.125144079451939,0.148664255742975,0.154532888484581,0.1565631944622,0.33343597122624,0.108862308081004,0.132861336381366,0.10977316158655,0.137509429179175,0.174680335530918,0.112064734819812,0.160829149469133,0.101764265918646,0.162572132300074,0.137741741706499,0.183852048684903,0.134379409293842,0.142073854128212,0.160052955594226,0.132622074701088,0.171919968722271,0.0949188723733644,0.0940782527222116,0.269613553708899,0.142904659473553,0.266461470744013,0.124452531334561,0.107919524748003,0.125675207162921,0.285803002397331,0.0864218872463959,0.169024086856542
"brevialata",0.158666388690771,0.132143556506101,0.195870657984955,0.165713357467619,0.26525046807868,0.114611827806557,0.176494386027119,0.123050501664735,0.140767918033895,0.266780958445003,0.315390267680318,1,0.2296728429158,0.126624923461829,0.11735998374825,0.132263094813127,0.147095423997823,0.138528510340858,0.139496893176378,0.0707100641033064,0.159999691821743,0.159956585251379,0.16879174354142,0.147677072428442,0.0890656654975242,0.305540729938753,0.111488747873014,0.0849526058248578,0.158451902040443,0.125827596035867,0.142241938879335,0.309148050807761,0.199014100035065,0.127419402499247,0.284237807238551,0.132297479824411,0.146369394350994,0.155238176264557,0.148621265123225,0.117702368312788,0.25987196473555,0.131789979087341,0.148687066068457,0.112587112283457,0.146720326643804,0.117239143758449,0.325953914025325,0.17813388588197,0.300041726037175,0.285226955149559,0.156897583113455,0.158113645058883,0.161454614594126,0.127834058941626,0.106571743348014,0.137831203693556,0.135171092855891,0.15920066969042,0.220418157881024,0.134732668614779,0.176571632558707,0.179968152425235,0.153937437393405,0.169499203653922,0.155075388647816,0.153525889399528,0.149923593719335,0.144018913314233,0.188688935793676,0.172854959814703,0.299610455306667,0.199737566212815,0.134213857220009,0.120232416599719,0.104365902438352,0.151920829493535,0.136659195616457,0.0891199967403685,0.0986282570558289,0.155449690363497,0.14396113081874,0.203721402219489,0.142149296264259,0.161002570140869,0.109856566287564,0.0933806160954722,0.143724491732632,0.104785490814304,0.101842595639557,0.316657200922316,0.130563285128116,0.272609307943792,0.120327801302554,0.132348268414798,0.203271871903926,0.239285924535876,0.0856479654887687,0.13054118105135
"brevipes",0.206440148142041,0.136480943476705,0.160167715755025,0.153185490433305,0.33432867750904,0.12186876210555,0.177902033568718,0.119630092715936,0.138434600908169,0.336042828282687,0.242391943881068,0.2296728429158,1,0.150261400317109,0.181964312172716,0.128351063140001,0.259871383965222,0.21920107860151,0.117609664313204,0.0934274910286837,0.141642858084808,0.155326762993709,0.159215788636119,0.144253418671901,0.0826622068218874,0.244028050838989,0.131638151541041,0.154570935762677,0.147250157538041,0.109493749417024,0.099043824952242,0.222679590256471,0.161823497335118,0.140148470394894,0.202385619213432,0.166097255611007,0.146552028775881,0.231600585477953,0.157921143547314,0.102462657437388,0.284649852791491,0.146199999729547,0.131217660417678,0.139654935255801,0.179522440295039,0.130370062815551,0.220907895564582,0.145761736380226,0.291563234306262,0.227127414272691,0.116569256484549,0.176157199733863,0.306805681470534,0.129696446543472,0.252390802400717,0.160042262907182,0.201722655422037,0.213272554788961,0.206485318672119,0.140635154319411,0.203737844155444,0.186687122362278,0.115933005098541,0.217661172271911,0.141929668260282,0.12062419927432,0.154536957748765,0.164211241953301,0.165087901289468,0.209745098352233,0.241780766810125,0.131188344626469,0.145247109711908,0.124545908688985,0.142928242224105,0.226697912044892,0.122677556094395,0.134456273757328,0.107767362539055,0.184003924292752,0.148104476020551,0.156232868842889,0.137080842417621,0.173072327215218,0.133141443674035,0.111365606488633,0.203831870280488,0.0872542930088754,0.26568031082354,0.243393202005666,0.160538121195759,0.213962987069662,0.116364455043801,0.188249563553228,0.116455599404469,0.18573383085628,0.0739559201149193,0.185948669999511
"capitata12",0.179995592237545,0.208802661661953,0.193558986745261,0.247571294432046,0.226886875282824,0.25045436361402,0.218022804543685,0.150719168573427,0.214803713594941,0.110807165057966,0.146041700259287,0.126624923461829,0.150261400317109,1,0.132379274105643,0.177021801724445,0.235428556151993,0.242762424154827,0.164238948131724,0.0883901535246027,0.209805778055274,0.207032598917973,0.240846884174984,0.218021448452815,0.138945803367017,0.205716472782156,0.155665018729594,0.142915146995429,0.230649979279362,0.183656701614267,0.187136434250323,0.177614821905467,0.215842668880512,0.227719814069859,0.138067820225296,0.178040547998982,0.231287853347277,0.147257927039251,0.206654135100217,0.1579285389687,0.107725007855469,0.191924357596214,0.176251878742483,0.162443590115248,0.232788476603641,0.122944050102668,0.138899846388053,0.22479135024028,0.180991759834321,0.143644692498087,0.182826099960301,0.218669837987187,0.172486433026594,0.294933837094022,0.15008069287485,0.220090674183705,0.130073232578395,0.197711730339809,0.167048073951922,0.263205745028665,0.210093746985438,0.219271722881865,0.205348186908942,0.158051808695338,0.201985279621086,0.182971442290094,0.187727920148429,0.18165090663817,0.22303895342381,0.202803811148866,0.16669069559785,0.203953581984693,0.291909435036826,0.197999330948265,0.206677447663645,0.169295770592854,0.1943761074487,0.15034974467325,0.18718747579653,0.203573954485106,0.199057446934822,0.212799822102677,0.228233387991518,0.231813140974034,0.141313356895749,0.148381702447462,0.195988704259712,0.189960786616025,0.154271114686309,0.233398171886191,0.165022627507467,0.147034010188619,0.170445442196611,0.204007623724253,0.181095408967743,0.113833304121741,0.164243733337147,0.171295011977956
"capitata33",0.282817052962778,0.163182134518561,0.216965809322205,0.303120706163742,0.171955409281531,0.0960086696109442,0.176895606738316,0.168252635157207,0.212700555106767,0.131299012042288,0.151411838679099,0.11735998374825,0.181964312172716,0.132379274105643,1,0.135589983541583,0.233699746997007,0.1684482636727,0.150319923956245,0.103668386677514,0.180588029599828,0.298637166593354,0.219888262693658,0.206176136898196,0.0911481096336478,0.186826939546523,0.146857809442441,0.17981373074878,0.191064883396599,0.162337659051363,0.126124298680037,0.130759719416744,0.233250137748578,0.156247601865963,0.13003316975115,0.159111002688002,0.273997094034399,0.361834286328483,0.181406908466109,0.240498255650638,0.204370873905888,0.195725799207514,0.114176926893226,0.160759661178373,0.153240854376704,0.18906498340809,0.143234352910055,0.157589309044838,0.206472893725881,0.268150442796465,0.14485365132235,0.210067673445505,0.354369500235114,0.146826709962115,0.10120740944013,0.2055859957864,0.298692377653112,0.241109421846568,0.185029366336739,0.146810942856189,0.260117273587315,0.28380137459489,0.157074200323505,0.312428153026599,0.203230736548954,0.170026441744325,0.223992550927051,0.214618758584226,0.163496877959787,0.259541397488322,0.218711725010673,0.154037398927936,0.142670152050042,0.148806292343155,0.185356431831515,0.34972838689734,0.153077015176403,0.145359848794067,0.147441843204188,0.171933810255222,0.195502588175521,0.168488693877443,0.222082390538166,0.166065760898728,0.160242579597923,0.130222855427678,0.228323078937034,0.0977194619217013,0.0855249113298737,0.178965841760922,0.144262593982828,0.0965432958414933,0.114755205263143,0.142881641631502,0.154153947130541,0.0987135286138774,0.0807830258398704,0.311936326139782
"capitata35",0.159632937143988,0.203402178113775,0.222118442513817,0.221459888992773,0.210236569941854,0.166522559097842,0.189950799732696,0.140318749664939,0.196786621652364,0.108020767685105,0.111553519099472,0.132263094813127,0.128351063140001,0.177021801724445,0.135589983541583,1,0.197342992650231,0.2129633869762,0.388057108523304,0.0611424799176333,0.233042117260812,0.209265963270304,0.220572919784773,0.172128472282433,0.118954018288994,0.163979255286489,0.112578922805696,0.102128426412837,0.205612838454709,0.177479791373244,0.123133507372078,0.121436585043189,0.228278258226819,0.206858555230879,0.127986666179242,0.157457876052295,0.25284349306552,0.158148671031857,0.169495327671052,0.189271965908226,0.0964707673629639,0.156028848989151,0.191033703072994,0.13287499163237,0.226353937741065,0.122065770074421,0.127821003649833,0.196527193487222,0.159780159171102,0.137750118589841,0.19947770316574,0.192269248106557,0.129391710111833,0.158836304355792,0.122390302637699,0.222979404458628,0.105531616201081,0.201461424554991,0.139222647699204,0.235022088817421,0.193644755055525,0.303272904400747,0.151891272086634,0.187663408413123,0.214940041702167,0.150452834712769,0.209506233471379,0.163285351622922,0.212511062500539,0.262405851193896,0.192328437250999,0.162709614011514,0.210497936810131,0.191352417671937,0.127858509101163,0.163938881227307,0.18115518791321,0.0992976584246283,0.121697776039193,0.214701733159528,0.256232163406084,0.214178292739055,0.162515884496468,0.247521264676708,0.129717249470602,0.138137889189426,0.162132668188132,0.130290504925093,0.161787114720149,0.177034454357285,0.117983003376626,0.13541972373303,0.150610334697756,0.228825804634828,0.207205587823133,0.112252887991609,0.172150373822932,0.146970579326063
"cayennensis",0.263255512537362,0.193340992451536,0.382656786224645,0.312301933581464,0.2779642226152,0.229235648757668,0.218277427906062,0.163802229033534,0.333944398883964,0.146586124568448,0.153400338477974,0.147095423997823,0.259871383965222,0.235428556151993,0.233699746997007,0.197342992650231,1,0.278330441516366,0.19384839201979,0.0948042523696295,0.256968550652607,0.324036084773553,0.317996838148703,0.231992737092779,0.0987344872053636,0.260336940876832,0.136461085818912,0.154277992580369,0.305364720304036,0.238020624274839,0.154516337684333,0.131727959598931,0.289219258516013,0.240091838502267,0.17309232541907,0.265908733070185,0.358564368988743,0.31570134111626,0.243253310275164,0.231620792793596,0.1653671475063,0.209679825773209,0.183741788503654,0.154366933241504,0.241046241323724,0.204814746556261,0.224638760155747,0.198934931915902,0.248660146831387,0.231772401766306,0.188540214892217,0.31616990530981,0.32749517882741,0.214091392317353,0.164473485703188,0.311360211103429,0.181166242038604,0.32519678629929,0.159391272319525,0.228347092321053,0.315207369572636,0.319585391424335,0.182745872026666,0.3225562755319,0.305491534660987,0.179354590637802,0.341035815262872,0.175557902194563,0.227464372223263,0.335467509921854,0.296319344360709,0.220529363773058,0.233425959173084,0.315588685946734,0.179005288772348,0.323582570178721,0.289886668739156,0.159248523305097,0.179774115093324,0.224345462105649,0.315989205366133,0.26204622385114,0.268673862329123,0.283337752610466,0.166834113452512,0.140487437099612,0.253048423074153,0.149776557429575,0.172738951368765,0.233209763433455,0.132557010762833,0.197483388383398,0.163414103818199,0.18631069402373,0.238170621405132,0.0931278922416208,0.127776333267708,0.179407826991128
"chartacea",0.183079325990715,0.216104831422947,0.192530138819281,0.236629176742904,0.295287225250589,0.233769186307395,0.317515829220008,0.176915585093058,0.228091095606875,0.151864054056617,0.14770006463256,0.138528510340858,0.21920107860151,0.242762424154827,0.1684482636727,0.2129633869762,0.278330441516366,1,0.156621527233592,0.104694948173965,0.209609797199641,0.194477752307844,0.207566572818578,0.233061421309856,0.131480810957761,0.19062969324828,0.155857706906415,0.153851389250833,0.244515359584309,0.147131851387677,0.155024056904767,0.11567806950872,0.236762360239864,0.205943442320149,0.127842112292603,0.180106246630814,0.190235938425904,0.166552681151244,0.259426525020865,0.134389976711342,0.124460118771681,0.210713716062464,0.173801116479876,0.168051469691119,0.205978607975257,0.125674551407574,0.133933349022516,0.247555897847741,0.253443392077912,0.221764046325113,0.160264160155887,0.255351466289437,0.186596104361745,0.239955596599065,0.172251999417956,0.217920118691242,0.172107636424045,0.216038983401252,0.151441990750507,0.227839392370646,0.2510149701759,0.259352959564489,0.198432104761991,0.177643732428509,0.227944937078656,0.203783997788025,0.217451709453068,0.195489701442678,0.235325048330596,0.316551013655015,0.166636420048287,0.19983613073544,0.213152571508614,0.151881998941394,0.199881549071318,0.211334572824436,0.185130784671358,0.167912693436884,0.178409895180512,0.21175752015132,0.192417513374309,0.222955634321833,0.195162510133348,0.247715747758342,0.148736143297191,0.142242923393387,0.236039840780794,0.18578504665548,0.218491238079284,0.20094718968153,0.223706177539426,0.147277775477163,0.159494446766498,0.209289449875501,0.171198459684038,0.11172835468502,0.226941627206319,0.207055435482198
"cinnamomea",0.179374189356739,0.192863765797308,0.214741894542018,0.238589968385494,0.206239833562283,0.140135714447483,0.172418529893686,0.118981281066277,0.197485725182508,0.0943174876416557,0.0857668352769757,0.139496893176378,0.117609664313204,0.164238948131724,0.150319923956245,0.388057108523304,0.19384839201979,0.156621527233592,1,0.0551886850287443,0.243576374415311,0.237926360104083,0.213337697765343,0.168239553430387,0.0998297671895235,0.174871240465909,0.115761644124853,0.0886795179815283,0.211114348600719,0.145407668447618,0.117958817171403,0.104247327638017,0.224329547015726,0.258107145317135,0.125338714763687,0.154558072085054,0.218254488034823,0.151638490636832,0.160050789834271,0.226126592847579,0.0846305801528749,0.207948445439587,0.187522398807263,0.109376873355426,0.189488998965321,0.14550301210755,0.125075514837272,0.180044484156337,0.147314400007703,0.156360173770274,0.156886720675237,0.241558540808052,0.155351088394955,0.142637087242983,0.118424542563394,0.288435845062451,0.101415940958334,0.260613356816598,0.111119554777341,0.189816616534529,0.228236311453721,0.292698473831427,0.145274527904552,0.155752861894423,0.232992089817507,0.169970887793532,0.192279356456526,0.180252760416444,0.14390461076156,0.222575310229962,0.183670473437484,0.152473022082109,0.181929774569217,0.184388608090808,0.109674424167478,0.171280198974977,0.215736152111769,0.0875792387754294,0.117857370569694,0.186820667829215,0.212025627815256,0.169841247627674,0.211516942189395,0.263374788229179,0.0976059541207937,0.130881141739473,0.148457696734235,0.115028165150959,0.157833467411106,0.149686571884107,0.0895484344570161,0.122058312544898,0.144133676591932,0.195724810509354,0.199220560371908,0.0914784499516639,0.0934157941651289,0.13852922407677
"cocleensis",0.126163408794149,0.0761776204874141,0.070573129744352,0.0827117826122098,0.0899828726802564,0.0653939372571233,0.0991050456811025,0.0855911210412347,0.0725071715277993,0.0595963658426039,0.116499156722838,0.0707100641033064,0.0934274910286837,0.0883901535246027,0.103668386677514,0.0611424799176333,0.0948042523696295,0.104694948173965,0.0551886850287443,1,0.0723984031960711,0.082668684723075,0.0811091767762467,0.0918460209393531,0.0503501517871962,0.0816229788065196,0.0990151919469171,0.0938609886960063,0.0913199021031613,0.0647459902138997,0.0697389747262793,0.0697757438424108,0.0925277694721665,0.0706409460544103,0.0778359414708594,0.129219846473065,0.0781699959717983,0.116928841663354,0.0959877750423347,0.0467927194497103,0.14582398733628,0.0639852811134417,0.070470157952168,0.107745162830208,0.0704530873161995,0.487267109935108,0.072400944105834,0.0997659683859949,0.0964275123664112,0.0795171369313036,0.0627668256251082,0.102654294782658,0.112610245988583,0.07594306911288,0.062829440335603,0.0847748367249165,0.167176113679514,0.0807317971840436,0.0646302962086514,0.078123492941807,0.106937148961775,0.103399284309938,0.0831593429993989,0.132652247769981,0.0841108580149883,0.087366459895111,0.0749261369403535,0.306973201318373,0.0870322325638846,0.0969065620691938,0.0710886157479562,0.0662960326710305,0.0800675634828797,0.0590599089081682,0.0872878143741867,0.124358718208631,0.0690021490499877,0.11675905667296,0.0770195610314306,0.0859555121464906,0.0775454508359724,0.0750033369224785,0.072159030440226,0.0782855630397976,0.0824428902770095,0.0622587933497692,0.127398773346244,0.0751825760631388,0.0534423589365081,0.081702719275872,0.096427687768198,0.0497996905845765,0.0644768796120628,0.0711573725336092,0.0671515320838198,0.0622009305021783,0.0473922618482189,0.11039999498846
"cordatoalata",0.256495366791126,0.240893655852495,0.256272769355841,0.283985546389673,0.240803984979426,0.150943037913664,0.231132645005825,0.138756308199097,0.261981228398735,0.198865084770776,0.148720066135958,0.159999691821743,0.141642858084808,0.209805778055274,0.180588029599828,0.233042117260812,0.256968550652607,0.209609797199641,0.243576374415311,0.0723984031960711,1,0.268049772436947,0.260116488761338,0.24610421449572,0.113018090303857,0.214003329613974,0.141283856041188,0.133742431333977,0.249978365509404,0.210511026616415,0.15571137452228,0.15216481030898,0.324845920211348,0.263841526651766,0.169205269590761,0.18198492316101,0.252347492661299,0.179004547898664,0.204146122770725,0.230760881402424,0.140878514406786,0.208870350357294,0.186263188831455,0.165431519243378,0.223918312151557,0.138239358686469,0.168998094877061,0.20990528132468,0.198001375510859,0.155292645817173,0.235211258617992,0.243193603761171,0.21171056912193,0.188492821666391,0.15914444815243,0.273477123013615,0.136772100341898,0.266924418998805,0.152562419372471,0.236884758326165,0.269414874921425,0.25839837652433,0.191308406183592,0.218136276695285,0.296244673967266,0.203340769862357,0.234028108159356,0.204553893166302,0.205630720738815,0.288849466418153,0.240258597769874,0.206527454823526,0.235659983154788,0.222496855593502,0.164601003864096,0.235890288211564,0.236172036228463,0.118820900650774,0.150431451022213,0.231844424249282,0.253759711158864,0.239763931143179,0.224327935578702,0.307776424770619,0.14327838556521,0.175052366153057,0.207816429683747,0.148524746887373,0.154101703647054,0.202518486950472,0.12039429833083,0.14808102877751,0.185264122643643,0.222467975578099,0.301803120044451,0.10288195748381,0.132729099321809,0.184933756412578
"coruscans",0.231351087177345,0.22247591122594,0.367983754511271,0.400745614697304,0.265067972207984,0.157057917833681,0.218332401465023,0.147185761717907,0.29995689534567,0.125053823246514,0.126181080094494,0.159956585251379,0.155326762993709,0.207032598917973,0.298637166593354,0.209265963270304,0.324036084773553,0.194477752307844,0.237926360104083,0.082668684723075,0.268049772436947,1,0.349364028697927,0.231423764484708,0.110984374017502,0.23142247830144,0.135341485944151,0.120833064060921,0.308275811782731,0.25268904519328,0.144383002215128,0.134012506319931,0.320749960620718,0.253149222164141,0.159886114546061,0.226257032754295,0.382367397517238,0.300232688986815,0.232640389148968,0.430392696638585,0.139368847892438,0.208074361666719,0.208808274896456,0.151277599812242,0.258791503186409,0.21210030308606,0.19042082466777,0.232887893232799,0.217103166127955,0.349996894125997,0.22580593543639,0.296042462715568,0.20258911789867,0.202510599046307,0.132305070733504,0.357759217490624,0.161695337577226,0.358800450528181,0.161084329937043,0.207839663501474,0.256316747025893,0.299994956791483,0.181694271864656,0.305346275453405,0.309460935335409,0.170225381746685,0.34850343669751,0.16865890183816,0.198103365020934,0.343946406304849,0.31836313084456,0.217465856178201,0.241034398153851,0.288192191652808,0.15558956060525,0.244111451928205,0.286364344304784,0.125686852056525,0.20086162625749,0.205464664275532,0.323767691542234,0.266192223783785,0.255427209433805,0.266353965602258,0.143386710195028,0.146230336562821,0.190575302680635,0.146351582947072,0.19602948091292,0.252025785096732,0.134399930785495,0.155958254076725,0.166815374276648,0.195493582421112,0.236601325008545,0.124958861155619,0.109894416803216,0.169005692966199
