"","acreana","acrocephala","acuminata","alata","alba","aria","auristellae","bourgonii","brachyrhachis.aff","brachystachys","brachystachys.aff","brevialata","brevipes","capitata12","capitata33","capitata35","cayennensis","chartacea","cinnamomea","cocleensis","cordatoalata","coruscans","cylindrica","edulis","fastuosa","flagelliformis","fosteriana","glomeriflora","goldmanii","gracilifolia","grandiflora","heterophylla","huberi","ingoides","jenmanii","kursarii","LA17","LA41","LA48","lateriflora","laurina","leiocalycina","leiocalycina.aff","lomatophylla","longiflora","longipedunculata","loubryana","M18","M25","M27b","M30","M71","marginata","melinonis","microcoma","multinervis","nobilis","nouragensis","obidensis","oerstediana","paraensis","pezizifera","pezizifera.aff","pitmanii","poeppigiana","punctata","retinocarpa","rubiginosa","ruiziana","sapindoides","sertulifera","setosa","spectabilis","splendens","stipularis","striata","suaveolens","subcapitata","T18","T21","T29","T50","T51","T82","T85","tenuistipula","thibaudiana","tomentosa","ulei","umbellifera","umbellifera.aff","umbratica","velutina","venusta","vera","virgultosa","vismiifolia","Zygia mediana"
"acreana",1,0.176686006751384,0.258154940370986,0.25528848734655,0.230821333091652,0.20416539195523,0.266680724371862,0.204964534784803,0.253739840373422,0.11895690457951,0.163462275562075,0.184871126250561,0.180404495031518,0.25969530305441,0.291099725166777,0.176260738356275,0.29967361535409,0.209495826217261,0.173388535407202,0.247139781194698,0.163838452180854,0.243697153030054,0.197961419308694,0.188893940885895,0.180202732920294,0.200119881260363,0.100859530820579,0.254655849432734,0.155569081566831,0.124245034200315,0.29672227532959,0.166005624255201,0.258379191573603,0.264470583576249,0.161609327356771,0.166652415976687,0.199069383389001,0.151908783890284,0.238677472544541,0.243743124121631,0.200185857157057,0.302550052930284,0.258090013748715,0.287216631552381,0.288512256993107,0.276777046418043,0.171556303766449,0.218476333951757,0.215397455074691,0.192977323188371,0.212192241823221,0.154938070608891,0.287642168102045,0.241237470933207,0.190089117828813,0.194620092359051,0.231299768813614,0.261581268560219,0.258106284096634,0.198410859057818,0.207629271562167,0.206792426625294,0.262643482823974,0.136845998072858,0.20718467674889,0.255188839863528,0.181976994480945,0.207631306944774,0.23734921455638,0.266562353712987,0.179652184461689,0.20973612463426,0.0928393339400501,0.299538685385807,0.266549782925759,0.193662401714869,0.155910768100938,0.117459210335609,0.152583739155337,0.23915363962306,0.168759053452207,0.208576207297255,0.180576088065146,0.208432572167669,0.15646203671832,0.14947511594892,0.229709167056736,0.195450625395326,0.0874763064576068,0.231505638759222,0.131423088693997,0.233724237087058,0.199909660239523,0.185345782569153,0.247418556054362,0.177555503246785,0.249623046877448,0.212357686917321
"acrocephala",0.176686006751384,1,0.150786103714891,0.140570805180351,0.218744344067771,0.200576753205951,0.23089804699565,0.130528586519701,0.202672334426865,0.373598883623865,0.268013070590969,0.225408251329085,0.181582517140785,0.146430616385459,0.184721478077665,0.185408449018033,0.167915146392379,0.208108345768572,0.108906445673085,0.155877714694539,0.294357948357047,0.148450788616289,0.169673083281144,0.355439243747784,0.0987145392238623,0.157585706244205,0.371861889392664,0.196582158064998,0.195932428058086,0.241339887307831,0.172523825269708,0.238689577877184,0.262775274319625,0.193620989552928,0.1055983815862,0.153043243536724,0.128031010296213,0.122715414790261,0.167402355845569,0.208766570675575,0.222786921637066,0.219483170122011,0.194331068730529,0.230221749805657,0.204395444858741,0.173657215453404,0.173070040868133,0.192551948401199,0.151680642498757,0.125228108244001,0.13642641552839,0.293193145138655,0.204914832664042,0.203263070610543,0.119481333464161,0.0983549542331291,0.145390370424208,0.155869841054072,0.24891147981686,0.148724728085036,0.133045889513778,0.191946306952497,0.27333941017856,0.371912979121022,0.237979993262838,0.238547447978845,0.130815442554282,0.170994651870495,0.176328947555841,0.236865904039636,0.132327767064567,0.175859415432827,0.363410712154698,0.174491162700746,0.223048123572887,0.182929745373869,0.262948768963552,0.105223506288655,0.104179206121498,0.211651783398051,0.211213873399891,0.203939474310471,0.158521906268716,0.172122682693458,0.154717150659214,0.16935574554932,0.344685981883931,0.129231412647477,0.353314457207076,0.200889327885211,0.20190958972502,0.161001921468482,0.182523002479532,0.13507078328861,0.198557635558465,0.180025874659958,0.241835938477782,0.228016808357479
"acuminata",0.258154940370986,0.150786103714891,1,0.189853834964056,0.203297443621468,0.213918984631749,0.240925445497903,0.211626032137987,0.200240148948817,0.122239753858825,0.132075586311708,0.132146375440562,0.193784601276212,0.229053074212074,0.306978638853835,0.130482954303842,0.221590543183349,0.156195710935801,0.145970755475819,0.216841365417674,0.159530031959093,0.266664861791097,0.191557972751242,0.169359104316697,0.15632819869842,0.172344452785314,0.0981098413839843,0.192553963442356,0.168214178127531,0.170628106919823,0.282238454037861,0.157937450722636,0.2066007837685,0.227647534440574,0.146117435177996,0.18224430938802,0.233206544458859,0.14960850130694,0.205541990693823,0.197766435993066,0.163936672512624,0.24827116086472,0.298581983607073,0.216438009651415,0.238545224890116,0.241350176160162,0.153312958592992,0.236629408167457,0.198831136094689,0.152304528819301,0.194089573507843,0.128007235411868,0.250376355224161,0.205949078461433,0.15308404316422,0.197891697700689,0.199531461679306,0.205307135000065,0.192587123736179,0.176428706662984,0.165227854213214,0.25020515724864,0.251855411878345,0.129236438329149,0.175052296094285,0.253859017903612,0.19152464394386,0.187947311608402,0.204874142294687,0.210252515271679,0.15592903858183,0.222773398536349,0.0738568991769429,0.26321162931373,0.163159545985096,0.209676389346592,0.169759673656514,0.10079419934629,0.213673902195249,0.172580841835205,0.254767171174831,0.181859627101347,0.182649816773911,0.195819102109645,0.153208684583573,0.152603917556079,0.200665299158452,0.168299032583956,0.0855688789038221,0.180187114643297,0.150425293595528,0.170471985962756,0.187076265038371,0.158980681782877,0.292110836125751,0.163673032816186,0.239127145527991,0.18612111742941
"alata",0.25528848734655,0.140570805180351,0.189853834964056,1,0.192141198703158,0.156141952651907,0.266819294305953,0.175608128804302,0.244476210036058,0.10076621158482,0.117690840740671,0.135137423994011,0.146283698749349,0.211474399334614,0.205789993804756,0.178028902940861,0.19350780107891,0.195442331446643,0.174215670328847,0.190135433269314,0.154156624613086,0.172274347337426,0.20642843816264,0.240262797741429,0.130871573024269,0.163223113967299,0.0910023780477113,0.17810057572546,0.134417180385527,0.134085661497515,0.212815331942185,0.131198175932924,0.226257304088533,0.196581899125894,0.129692149140579,0.13912631996011,0.197652576048815,0.142872698988442,0.180305842798937,0.184388274167371,0.154381134797365,0.208675059621414,0.189997831556669,0.219354967084018,0.20771105485058,0.177183608763499,0.119506797280406,0.183930439089692,0.167795619150361,0.140531263098505,0.194672789065819,0.111720761944522,0.239721773210007,0.198905836036582,0.146723424697344,0.156994220801831,0.205291628947417,0.176036918944016,0.18568468788106,0.164258151663674,0.229799446231606,0.199694074188482,0.264847772461136,0.123485056999826,0.20041635557384,0.244333300459935,0.171800151792469,0.315608272875381,0.158989662571368,0.268232163551126,0.148135853665711,0.188337925097797,0.0943990443653456,0.18428433735655,0.181206455485745,0.265886574566066,0.137048179650099,0.0937866267153405,0.135084275464056,0.197686778094984,0.229497449406291,0.29087891826503,0.193696207338688,0.257464048048682,0.146231196288609,0.200795262310468,0.179509019605333,0.256364174712644,0.0770248758023443,0.194304075786942,0.126975384734423,0.160699634474961,0.141995845036425,0.177873068992492,0.200273146180642,0.133036411265624,0.190737015127472,0.203747558990438
"alba",0.230821333091652,0.218744344067771,0.203297443621468,0.192141198703158,1,0.19844944274936,0.28757577947487,0.25559158194618,0.348151391183674,0.295050338779642,0.306353267322257,0.321485762595706,0.296845937733734,0.222230428797695,0.231894879570438,0.181114687463311,0.245401681049704,0.21213066555013,0.143094315440695,0.179778094859066,0.217670786380303,0.231606452661546,0.183082476475481,0.243680055235477,0.144462309322497,0.304299152593807,0.137101710547344,0.256190918567747,0.220556323007556,0.166379811549303,0.189466399979594,0.374111974189828,0.284916468914719,0.223885129077497,0.237838919709473,0.226327096878625,0.213887060791934,0.208068959259049,0.25337953145867,0.236813289568207,0.398866207817407,0.288343691432782,0.251067199566401,0.243492421749324,0.233925918351787,0.219527236818972,0.285004482594121,0.298306618249336,0.275913854271764,0.267761836675014,0.166768736760523,0.177376539194671,0.25591816068151,0.192606570793936,0.139034769956174,0.133863005565947,0.214437745121251,0.181369997261137,0.400505331460658,0.183658083015875,0.194857624820882,0.228175889963529,0.265585621788556,0.18629343026441,0.226859807799491,0.27244518309559,0.152876161561354,0.181651056446328,0.223831361435699,0.257126715443961,0.286419758971114,0.234218277943188,0.136901710404643,0.21630913012141,0.338712294040558,0.238079745209936,0.206183030348692,0.104316020122669,0.159101500337284,0.204063754734373,0.207420997887953,0.234926489791518,0.229732555317325,0.199941471406722,0.162279856080157,0.163266306088722,0.270297849383217,0.203302935708164,0.110692255654223,0.41306104307289,0.149684703187297,0.285124964212095,0.186101325740267,0.171899838948797,0.225375928938768,0.314186423577833,0.275647537554017,0.22034420639644
"aria",0.20416539195523,0.200576753205951,0.213918984631749,0.156141952651907,0.19844944274936,1,0.226081239842653,0.192333888950717,0.154479730705954,0.0962488654099057,0.183165223398174,0.132269370918201,0.166084808157493,0.174130498335744,0.232684298983361,0.129602797549511,0.199482953346512,0.164937684397632,0.132300686362373,0.149617324664711,0.139156556300654,0.185619840890143,0.157132330309896,0.191819643316485,0.1127790214811,0.197829090172232,0.102053519678742,0.17404324449924,0.160074051121757,0.133096191243234,0.191053991808256,0.179392763492761,0.217218389044867,0.186981532547941,0.112787635003631,0.155796144069955,0.138247277635936,0.130498747135781,0.20508112612299,0.223666591545257,0.184538964601465,0.205040814395941,0.162157902065105,0.227153103238309,0.200289489344466,0.161930450528706,0.121481510235741,0.190158988573551,0.184936428534637,0.133190341035298,0.185266700633471,0.181092186837758,0.208248253937669,0.213091744208935,0.13141106942179,0.112420549025796,0.159755622058546,0.179961041545696,0.218117970552694,0.151483613077627,0.135625245422311,0.185669646181582,0.206496125913867,0.138680958737353,0.17841118118065,0.212356288295307,0.156546955042612,0.152449945774072,0.15137253881847,0.211899547372139,0.133402543222218,0.163372186421781,0.0824141339731891,0.169976801110243,0.218334526537595,0.172127796376365,0.147239955960899,0.116905970952158,0.122177138364468,0.200623292523268,0.166522697597415,0.193359993550553,0.139665797210453,0.165889554092162,0.211016761491418,0.144979894656095,0.194276157720069,0.152570986563547,0.0938591612888759,0.219611708453625,0.121548095902931,0.164677537289557,0.19767046146589,0.13318614713609,0.230969990116423,0.203278915439813,0.235050734042904,0.175994024082217
"auristellae",0.266680724371862,0.23089804699565,0.240925445497903,0.266819294305953,0.28757577947487,0.226081239842653,1,0.263730946881223,0.310824402115395,0.143048370555634,0.190644368047948,0.184823172669827,0.206409515836257,0.207512170764403,0.260847431278337,0.196496337212861,0.22881098195943,0.225815618233455,0.160623334054776,0.232553330449815,0.18793645626146,0.217728632801456,0.228452797250717,0.246666919848029,0.121160454706173,0.210972148057234,0.131040770300173,0.229926668514153,0.238943444446701,0.157651834047357,0.24771809137381,0.239447540918731,0.297564325646197,0.229957552705303,0.120868946505333,0.197352941798506,0.191256769589983,0.215834804517181,0.229169003091901,0.243601977932461,0.194708241449457,0.28304565251465,0.225965627873379,0.237960523925487,0.239303106224403,0.202283011109029,0.15116380440134,0.246146110677128,0.213182473664614,0.155650356977131,0.214442897794335,0.158305300719198,0.284675766778247,0.200578457840117,0.169227381181544,0.204883278644607,0.192280980938155,0.201496232356189,0.256306769150219,0.199867017595979,0.206812332184913,0.308946920444837,0.265525237681306,0.178386558623955,0.255941008705867,0.282928765787019,0.162355104525792,0.214261284693951,0.200582148329126,0.308831619233247,0.169740422966079,0.309920298843482,0.117869418568922,0.218181500036457,0.234287631185982,0.288993880359762,0.208746982350886,0.114406667145408,0.144921266966941,0.202373680831092,0.22415951922683,0.264240886605929,0.181467045599232,0.208473691936059,0.189762350115484,0.187025717002539,0.241400678424149,0.214980286675047,0.0964342370268005,0.216176185877814,0.165813189050719,0.195647652130137,0.167460558433817,0.207753413332188,0.245795736787608,0.195685878194785,0.223328519005802,0.251376905405754
"bourgonii",0.204964534784803,0.130528586519701,0.211626032137987,0.175608128804302,0.25559158194618,0.192333888950717,0.263730946881223,1,0.252091768774095,0.118495477215686,0.147371310247676,0.125655277310642,0.13817305748564,0.211768780070922,0.207563715524631,0.150499839259952,0.19156717220244,0.152911607423096,0.133592278314935,0.236298321745753,0.182889434164252,0.220586287041534,0.157288816190968,0.143248722780676,0.172486281438432,0.175952421019331,0.102111431837706,0.315064097054527,0.156748231794293,0.109211512765627,0.168883549392812,0.260148248280768,0.194594143081114,0.184684311123059,0.103828378441985,0.18979400288003,0.208855530359083,0.259243529343093,0.210084453214076,0.200389298603577,0.155461548286429,0.26724640248854,0.198308971477235,0.2042329255757,0.231621273196372,0.168945616671875,0.125474344424929,0.391814326958408,0.140971464533304,0.137716060492557,0.169982689571016,0.120879465366304,0.233833502155533,0.174455035735621,0.12020732718868,0.163057928323156,0.168718551051137,0.170082810870612,0.177654945013721,0.132131495609466,0.132989822295187,0.198507991606547,0.186322944541467,0.106100733158905,0.182965217496994,0.203838720206221,0.132416695337237,0.139551629010978,0.218691976332318,0.226377210016045,0.130237293176369,0.209207011167674,0.0655570112804751,0.241031182176326,0.254790214255664,0.187634932222535,0.12568487516101,0.0936604989747476,0.161653561729413,0.197354325954569,0.13591834935136,0.156711800710826,0.19697729298676,0.169001258552744,0.13648440875562,0.145513633553261,0.210855964227838,0.259928643173512,0.0581545561088272,0.17851499652761,0.125935882022078,0.128765840864385,0.177196609387994,0.152538716440671,0.191800780152761,0.160168802352376,0.185158513161766,0.173249491909378
"brachyrhachis.aff",0.253739840373422,0.202672334426865,0.200240148948817,0.244476210036058,0.348151391183674,0.154479730705954,0.310824402115395,0.252091768774095,1,0.14965323309969,0.149266117490815,0.254285986966758,0.185465389852253,0.231116384690346,0.230892004679665,0.192698456975601,0.29311266488595,0.173245112629161,0.172490784360562,0.220299043600447,0.18898804596978,0.245616370874403,0.207484289459073,0.251208940369055,0.156145429040973,0.197850992259781,0.117097585547769,0.2987895123796,0.190826947252413,0.138410072911404,0.222784053371081,0.211053667028181,0.218871343042571,0.26381071544975,0.122037149854471,0.234562020397447,0.214064002775145,0.22251303045953,0.218565636684078,0.221352252760196,0.199289746679925,0.308769363316334,0.289112677150029,0.231855173133248,0.27115949833566,0.282138684617744,0.206932516878626,0.286967371386025,0.194140673269736,0.160197675285836,0.203902889796516,0.152226792386502,0.280829457820399,0.197203966442504,0.156233969012752,0.149251256065824,0.204023807827768,0.204378783719787,0.311540055345313,0.212411307295109,0.202917683844148,0.229850395761244,0.248431736159903,0.15332623455789,0.186209217329579,0.239462952942381,0.156130659467021,0.188651502136099,0.27381214338923,0.23742903978222,0.172188379795021,0.235877970156366,0.109108033842727,0.216540515699457,0.215696077458467,0.221011228116555,0.17551795664718,0.093434226488213,0.160740607123617,0.205086680160869,0.189196191689575,0.208437228777143,0.234413130397432,0.210381762720768,0.160194715078721,0.182021531202537,0.292819402986085,0.211963849509759,0.0940103295055818,0.206789004244843,0.130826871762132,0.165570484410649,0.172488104084258,0.173777614877746,0.23910910951772,0.177482609051113,0.243630497674239,0.190003814448305
"brachystachys",0.11895690457951,0.373598883623865,0.122239753858825,0.10076621158482,0.295050338779642,0.0962488654099057,0.143048370555634,0.118495477215686,0.14965323309969,1,0.439954643485356,0.312638113779503,0.215613814974756,0.0970520694440418,0.106613970626208,0.154207012845648,0.133384506479302,0.151872774775606,0.0929403286727305,0.132917017149266,0.238855354965299,0.0925429549092898,0.118299533351623,0.271341069632511,0.0616694964633057,0.242412683023318,0.341715858678322,0.138535966732365,0.109422382653368,0.28397002334701,0.0936607345808755,0.523002233245957,0.215800284072163,0.119587473487909,0.253071241878461,0.096359660073232,0.0912798625759068,0.102745051700469,0.1232848081531,0.0895324470562548,0.347174397142109,0.163424510132126,0.127443044502144,0.111500436844296,0.163614884904456,0.126340489001053,0.361987558306053,0.12716661420155,0.244230027781532,0.231658905146115,0.0922851443752521,0.239648460946147,0.131404491101115,0.124794646594876,0.0864807400074929,0.0575285135050844,0.115403411375002,0.0927633756017957,0.299502592431463,0.0945800285084116,0.0720368583506159,0.128262750802594,0.288955094621229,0.304017599035846,0.18200418274567,0.139443146272521,0.0869752105089105,0.0884808929318293,0.139332310871349,0.153831978469342,0.274404520381737,0.117947101992631,0.320375118882376,0.170716573052013,0.170077586090115,0.131500599289327,0.285521683458613,0.07850274253457,0.0828038133878357,0.0890498057262325,0.223482460890508,0.135972322357347,0.141051874647275,0.0899401417467524,0.0754811672841052,0.183634664911997,0.281617739432132,0.129728766885052,0.344678704559468,0.266785656829169,0.176567488811331,0.283784691980063,0.0916173360046067,0.0831786161823739,0.106700980843506,0.341559308964699,0.117726147837525,0.186973343026669
"brachystachys.aff",0.163462275562075,0.268013070590969,0.132075586311708,0.117690840740671,0.306353267322257,0.183165223398174,0.190644368047948,0.147371310247676,0.149266117490815,0.439954643485356,1,0.313073860982505,0.235110854433159,0.126870149786755,0.151726786196388,0.168662507104916,0.145837188847127,0.206702591301054,0.0800732538009837,0.150672561075524,0.20049228999685,0.123601931054634,0.125278405986491,0.210697286818083,0.0814572572925766,0.279821961848809,0.205112485602488,0.150130221952915,0.144505877371896,0.204286355690623,0.135139243397236,0.45034219083325,0.233585837411004,0.172543087831622,0.271276011793795,0.118640345380292,0.110571510886164,0.105911123447161,0.164001509060859,0.159143195404399,0.421932995774439,0.172911558310882,0.155531628676778,0.165586686069815,0.168442187843574,0.139425186654353,0.347767775229112,0.153697430097257,0.260531091011695,0.269624780658796,0.114414314005648,0.235645147502168,0.177947169836727,0.15318819971295,0.105977282703487,0.0861736479795605,0.150840139426262,0.129448411243483,0.299572978586905,0.119215004513049,0.0896427344451444,0.163054022111576,0.245757227999628,0.1936452129381,0.209810216748323,0.187488134699123,0.103554208120964,0.127101640433498,0.127745549396291,0.181388420809678,0.30324562524013,0.174993899439792,0.20106567080684,0.178340063626266,0.246530182109598,0.14316651570287,0.209556843555527,0.0867715775426059,0.0856932327856489,0.133243355398375,0.170851723297413,0.156711342770548,0.130711790951299,0.129596391406057,0.110933046324147,0.154038189980498,0.211046565190067,0.166274005981119,0.197938075679174,0.320956820819151,0.182870630270944,0.297419893740285,0.167769485925367,0.100805579943632,0.134254624975104,0.399484104269934,0.173851857878744,0.215366139322451
"brevialata",0.184871126250561,0.225408251329085,0.132146375440562,0.135137423994011,0.321485762595706,0.132269370918201,0.184823172669827,0.125655277310642,0.254285986966758,0.312638113779503,0.313073860982505,1,0.268058103839359,0.141139316972049,0.15912503689964,0.147454487856086,0.214435773169032,0.158604199483203,0.112569223099926,0.146180685933087,0.151268235662619,0.121377478256093,0.144509994003617,0.19283248978275,0.0879234639875355,0.285175006964027,0.120198127207454,0.159630214780752,0.158164019559757,0.181695180764886,0.138969774504383,0.326969381024445,0.198322383768655,0.239614835492609,0.262138674802567,0.120579401455066,0.104982757241296,0.123334945597191,0.14945371466056,0.150676365438657,0.329084633711158,0.214191325266854,0.239549735505935,0.185276543976016,0.193716988777143,0.258829084059669,0.359516682241996,0.201723204937615,0.271300710342994,0.267467176094206,0.120100987338803,0.145654820240619,0.177170838662022,0.158307986059315,0.114176699546075,0.0883474251654683,0.139007383122438,0.142313903604488,0.341422246689137,0.143954209040809,0.108219266888604,0.148100604033611,0.193045920275388,0.137784463964181,0.155460041255237,0.1849716559157,0.125222761345519,0.126110701437303,0.219657040254616,0.191520393686972,0.295240699108587,0.156423163089537,0.121367022013446,0.151561145828004,0.199326846014773,0.172533918331185,0.183208442722886,0.105100803671468,0.100241582683516,0.154285240115842,0.158390786041629,0.193333287010869,0.160355050037534,0.139110229811904,0.119097355731747,0.144579218450371,0.279272344164562,0.128158391291704,0.105701796611281,0.277042552907313,0.13691340921058,0.303155899648812,0.1391829675723,0.109752387855605,0.154148751441384,0.292681987779661,0.188727192115003,0.176162957732825
"brevipes",0.180404495031518,0.181582517140785,0.193784601276212,0.146283698749349,0.296845937733734,0.166084808157493,0.206409515836257,0.13817305748564,0.185465389852253,0.215613814974756,0.235110854433159,0.268058103839359,1,0.152175079703623,0.192483013629657,0.133267655190708,0.185935476868026,0.151281232790958,0.117639514256773,0.194468719507469,0.140065139747479,0.171177230597486,0.152711162522268,0.157460092069778,0.103798652968496,0.257535732103041,0.0981084181139157,0.168626704713612,0.125968787573827,0.12940521747546,0.209073930100325,0.260251689869786,0.184650062361121,0.235793020492792,0.206813233995947,0.141199388195754,0.131668085600433,0.140300493364293,0.174206812849008,0.197913116346179,0.253841692069495,0.219400346852769,0.256652278881071,0.181926060372019,0.180202012503593,0.170934628914199,0.227112587813548,0.195524658246113,0.271368941090277,0.240884398783287,0.136854954603127,0.139315224299085,0.213508607705058,0.176260595668919,0.126239259186881,0.10624116143714,0.176761856329907,0.21401308306312,0.324798316904811,0.144770059808189,0.138811395819782,0.173377531197156,0.191546981136559,0.104546533343216,0.197026546142903,0.235546840534484,0.149073292670843,0.155795997572517,0.167347122805208,0.202042041440833,0.229742364024993,0.200288289861386,0.0786071418445835,0.205948498096678,0.191674983884608,0.162864594313413,0.20800602090706,0.0943731525175936,0.123792454347556,0.167629947151971,0.158912059460397,0.218276647040533,0.150126803934057,0.164196382056804,0.155393310507417,0.127860356481483,0.190326595478094,0.159150140842531,0.0827714463003046,0.269053472636417,0.125374790697513,0.258574312681947,0.139907747517236,0.146401458790201,0.200470131810274,0.241661545519702,0.2211961053227,0.164714540671592
"capitata12",0.25969530305441,0.146430616385459,0.229053074212074,0.211474399334614,0.222230428797695,0.174130498335744,0.207512170764403,0.211768780070922,0.231116384690346,0.0970520694440418,0.126870149786755,0.141139316972049,0.152175079703623,1,0.36866457581095,0.192518216466783,0.219673519336054,0.187349747559209,0.193220597924895,0.184769248259696,0.276732080292036,0.314070803745337,0.228918125006387,0.192944959065357,0.205501851660829,0.20298476065277,0.103750484685729,0.267417520279059,0.224814321420412,0.126567305702395,0.270349068815265,0.163191407216813,0.203968168210693,0.212831607547513,0.147357055001969,0.288019742984675,0.338475897268135,0.176416678004829,0.251172211543621,0.191552519262279,0.174826532982551,0.259671730940408,0.273396279320054,0.273678599400544,0.223811785730886,0.217782523499694,0.145027829727752,0.272135447271493,0.191508526149029,0.190480903118162,0.196429940392952,0.12812957163533,0.344792905445541,0.254125785263254,0.194454319539766,0.19368964291919,0.216878906055123,0.236558778735091,0.191795552853841,0.192799345291257,0.217320748596772,0.265400450121183,0.247586356322715,0.12625925529484,0.185051668331341,0.2855714505284,0.189153735835488,0.214188363489425,0.212320329445944,0.225662482795229,0.206338900124548,0.170434221148044,0.0939556151327487,0.250825960472974,0.199589039166838,0.272431408189568,0.153810041072854,0.0898298411199578,0.237009719441373,0.226417667891955,0.190423223171873,0.199763238175253,0.205630825146581,0.214732517910609,0.146841577919079,0.154314824806665,0.199753210887952,0.182344652229252,0.0887677656665805,0.222902925441312,0.123404473074959,0.184850200728771,0.217390228701909,0.198453774565023,0.288519819546219,0.172629097925558,0.251595404543459,0.191383278116646
"capitata33",0.291099725166777,0.184721478077665,0.306978638853835,0.205789993804756,0.231894879570438,0.232684298983361,0.260847431278337,0.207563715524631,0.230892004679665,0.106613970626208,0.151726786196388,0.15912503689964,0.192483013629657,0.36866457581095,1,0.184375294833335,0.298370235412196,0.207396622703302,0.163008328630402,0.193265584676946,0.206933539456129,0.330950520056416,0.235489206296007,0.217738699278622,0.233505415576731,0.221513836796657,0.119503079901456,0.243271980218407,0.211865057001538,0.157470657808211,0.301103922853849,0.173544399369247,0.255040894329959,0.253032862759845,0.167458126679417,0.217732247762726,0.283761154597305,0.173708385632897,0.293569414829571,0.265802140811193,0.221636782229863,0.318581158692536,0.312866681944502,0.288515825666989,0.255958668065067,0.232610018326373,0.140537339883916,0.301735205739756,0.228674274032849,0.188801629863503,0.221958175302649,0.151136644731092,0.352858894063638,0.281577733014388,0.242110774771935,0.1958781121898,0.246820563386663,0.270993797203414,0.225724592434513,0.18758078639784,0.215191119865858,0.257369501841946,0.25866152946736,0.133771523548984,0.184983631421999,0.31276438857047,0.198149178069735,0.218326285861903,0.25212903955285,0.251097876073726,0.204563085324174,0.21530505956991,0.109997175793212,0.249403980426997,0.20685651740379,0.236676885516704,0.166230802836467,0.117312515956716,0.229429745582194,0.26347973156877,0.207476290069746,0.230843142275812,0.232216291432352,0.257751711571921,0.20177716217551,0.14435451082295,0.232687216984751,0.191863424794978,0.0962744311675912,0.248621218281231,0.122182408179443,0.193327499160112,0.265677222079764,0.195620019955109,0.309587091853763,0.20585596205477,0.298532486942985,0.22564935580731
"capitata35",0.176260738356275,0.185408449018033,0.130482954303842,0.178028902940861,0.181114687463311,0.129602797549511,0.196496337212861,0.150499839259952,0.192698456975601,0.154207012845648,0.168662507104916,0.147454487856086,0.133267655190708,0.192518216466783,0.184375294833335,1,0.153150261577636,0.197719449969796,0.169847094236249,0.147271851704211,0.188620995701275,0.147359900357708,0.208816276936367,0.213556367174308,0.188874929232313,0.22639690585428,0.173740086541489,0.179225538448135,0.142452268969905,0.206201680449225,0.184113769853711,0.175657085764378,0.255512427916508,0.141870260938539,0.109270457507491,0.148303928081248,0.181192843124111,0.167335437967646,0.169120182919622,0.141338260478817,0.169002403924188,0.163597865004455,0.169952172326493,0.179225071734202,0.148479507731757,0.133140263068563,0.120200917166697,0.193622570564728,0.187876604075871,0.177575198595865,0.195765434392087,0.157269424362836,0.209165098502315,0.152481674838808,0.127805832340545,0.139753724853025,0.19225791654278,0.16345161061202,0.157780498591601,0.129107363861609,0.173178004833601,0.197192404430124,0.274974733048633,0.1746307530247,0.254884228030907,0.25664872442653,0.148324238485953,0.144851271270642,0.128524840317445,0.210556150488947,0.187471024920412,0.183634322289862,0.149596414888679,0.14917189534088,0.188712873087562,0.215630371557699,0.164999777576953,0.114153613597549,0.122544926392451,0.156957131430823,0.163625343505384,0.148013740707242,0.298754937175923,0.232231466646942,0.113977314949826,0.161990245974164,0.186501243061935,0.149554285403148,0.146761316945462,0.201205825508884,0.173301690997441,0.133458943521453,0.110329290519862,0.140062401824223,0.146208875686174,0.138051415836059,0.137614287847801,0.196556712205461
"cayennensis",0.29967361535409,0.167915146392379,0.221590543183349,0.19350780107891,0.245401681049704,0.199482953346512,0.22881098195943,0.19156717220244,0.29311266488595,0.133384506479302,0.145837188847127,0.214435773169032,0.185935476868026,0.219673519336054,0.298370235412196,0.153150261577636,1,0.177099682872796,0.135936777649924,0.196914934534804,0.173101539787911,0.251089598448361,0.213719741309317,0.17662735460191,0.174869848016256,0.195111964070679,0.105796705951832,0.211109792002958,0.145780994141696,0.150278681074126,0.227834605172582,0.164775345697773,0.204842707759154,0.330433341139344,0.129661189697275,0.170441202678076,0.196287825490198,0.174907647687486,0.21480483433995,0.194810004884877,0.178630247272647,0.295146986632901,0.312439718877666,0.254176441453726,0.348238187846415,0.325427699337521,0.189490965827896,0.218544886875784,0.158600831696472,0.182625357372823,0.179108259690437,0.155477592254872,0.25941459930371,0.232173159329476,0.151422083651931,0.199006322486696,0.218969850918268,0.248508711763785,0.247188120666463,0.186917218960153,0.155999942915412,0.202865839025608,0.22115475111164,0.138345292728544,0.176009634241665,0.245746904984385,0.178976804128458,0.163216404238796,0.301083414767825,0.220476866265031,0.136514408405265,0.176035366995119,0.0793575300642187,0.222781288105018,0.252850602747512,0.206197702538149,0.161654385485172,0.114473211475822,0.174776389789958,0.228616519578704,0.175699550361955,0.184358280686358,0.217892935214925,0.219999177280812,0.175810614182965,0.157784993136821,0.27447798302167,0.159821660219359,0.0846189475897375,0.200789664293478,0.122249885547774,0.188281063438609,0.233603202860508,0.168158976379959,0.2375878361231,0.167279378647047,0.283064236958491,0.187438523256239
"chartacea",0.209495826217261,0.208108345768572,0.156195710935801,0.195442331446643,0.21213066555013,0.164937684397632,0.225815618233455,0.152911607423096,0.173245112629161,0.151872774775606,0.206702591301054,0.158604199483203,0.151281232790958,0.187349747559209,0.207396622703302,0.197719449969796,0.177099682872796,1,0.13751289245272,0.18891819911548,0.364023392133662,0.152704380503724,0.186438978126387,0.247676125552225,0.15010447261172,0.162740618440749,0.167781738881014,0.160896364169002,0.160885113605231,0.197021964066318,0.186934984524913,0.169165382924993,0.276585203115936,0.164667862810121,0.112701099541897,0.150944618872533,0.142372915265472,0.127663013792803,0.169836037138036,0.179520593486706,0.212049924696068,0.178155548482498,0.161978447400109,0.191722273204765,0.173215886715312,0.134598230233809,0.132731556453124,0.170467396502939,0.160391594314998,0.138266273184408,0.158180899801794,0.18457632418296,0.22465324872961,0.182592599105888,0.134178615531233,0.132258991242587,0.195517995611418,0.158988460233088,0.198059574518624,0.20527725576708,0.141796104282519,0.180981426468277,0.259887933139484,0.231982590977921,0.237502520372157,0.232737817985185,0.138432975328348,0.228867535091398,0.144152483518456,0.231224523936672,0.177596669819923,0.176703059482372,0.14586618400756,0.201356784364043,0.28738333815387,0.198553602743081,0.212879602208332,0.0944415541483464,0.118364691407853,0.168747274836613,0.181354027803272,0.180264779589744,0.168168074373069,0.168470551144403,0.138633007359729,0.136054962435148,0.203307002496322,0.175996614951985,0.13914408200912,0.209808936026557,0.15362073795696,0.168107989808636,0.133716677710082,0.167633393054106,0.165577830593782,0.167075510506442,0.169357098541068,0.503639877813831
"cinnamomea",0.173388535407202,0.108906445673085,0.145970755475819,0.174215670328847,0.143094315440695,0.132300686362373,0.160623334054776,0.133592278314935,0.172490784360562,0.0929403286727305,0.0800732538009837,0.112569223099926,0.117639514256773,0.193220597924895,0.163008328630402,0.169847094236249,0.135936777649924,0.13751289245272,1,0.159911005759987,0.118062144519909,0.151696885369047,0.178933849348429,0.130635708943762,0.137711134494372,0.136939005265044,0.080046652846582,0.197529295473912,0.114847388593287,0.12649150371252,0.176340103483751,0.0942283073828047,0.176553225620425,0.127396769291893,0.0984049902696637,0.124088365582834,0.163283738804531,0.181046339553276,0.158449100420782,0.16906271801075,0.135552094702567,0.14484999074007,0.174568564110645,0.216984146020434,0.152761281503689,0.127405495193921,0.101303361519062,0.172215742790677,0.165596818274778,0.115180876653628,0.158367722877095,0.102037806936799,0.17890734050236,0.149896760852433,0.153910215778839,0.132513818478117,0.163534905718322,0.150488377961751,0.140002658851566,0.145805178203428,0.136957335956771,0.184269466629696,0.153331593302419,0.104241441669599,0.138978161946435,0.177543487010076,0.145940271597884,0.139556014117293,0.160904497007425,0.142388542849862,0.131045514737995,0.145431666505348,0.0775179290418951,0.135000148578961,0.139428914584334,0.172438010291879,0.127676667403134,0.0891373371170563,0.125394440043641,0.167123261053572,0.121311309360706,0.160274748360567,0.171919273234951,0.148559966798966,0.133892458825586,0.119964284175924,0.135776223026499,0.129944351539095,0.0695841010971444,0.140663762233137,0.108878616600714,0.131031608661871,0.101487461580936,0.144076345226846,0.272977044737979,0.159473578015153,0.134254615811517,0.14441241390463
"cocleensis",0.247139781194698,0.155877714694539,0.216841365417674,0.190135433269314,0.179778094859066,0.149617324664711,0.232553330449815,0.236298321745753,0.220299043600447,0.132917017149266,0.150672561075524,0.146180685933087,0.194468719507469,0.184769248259696,0.193265584676946,0.147271851704211,0.196914934534804,0.18891819911548,0.159911005759987,1,0.160209569233234,0.188164059632682,0.17608143312869,0.157303219116599,0.13607545832128,0.21242805081699,0.0840703447045295,0.173284366405092,0.129598081574181,0.126684731021244,0.20004379952677,0.166044108150541,0.193795836669358,0.244033602908278,0.0912328839430573,0.205332307259069,0.159562196045712,0.184325422036781,0.159974871632079,0.181426073844096,0.144281751270419,0.209564551809393,0.232653401113693,0.22122832328808,0.255862977421081,0.223927595061945,0.129640271866923,0.177322395721416,0.173347936426718,0.156063216235376,0.18326287089319,0.148506358350328,0.245640860910782,0.178068708437887,0.119567669443105,0.128115268835229,0.232633449464661,0.214651649867545,0.222528335900613,0.14928086103016,0.169564624564567,0.198859736599435,0.20398689009022,0.0957134412752395,0.193481390357991,0.219839068962642,0.153010340823332,0.16964669926437,0.19218124555134,0.287590715908944,0.153676380230851,0.198639150584498,0.0820163429376284,0.233013802790082,0.22410990338978,0.183639354419338,0.153893094542728,0.112678668397851,0.136905286996114,0.171635627475901,0.174876379965723,0.182266703136135,0.181775567613838,0.192131883053655,0.14758622722241,0.115675592513439,0.194016948903018,0.216187026003137,0.0649372286444771,0.168399136257649,0.115466804891459,0.17312614656804,0.157134150073801,0.140220167559009,0.205445344822005,0.155546051268208,0.205462290092453,0.172061892577234
"cordatoalata",0.163838452180854,0.294357948357047,0.159530031959093,0.154156624613086,0.217670786380303,0.139156556300654,0.18793645626146,0.182889434164252,0.18898804596978,0.238855354965299,0.20049228999685,0.151268235662619,0.140065139747479,0.276732080292036,0.206933539456129,0.188620995701275,0.173101539787911,0.364023392133662,0.118062144519909,0.160209569233234,1,0.232982124174596,0.16431363289561,0.278516163952378,0.150592724631231,0.163256339205359,0.289106400469388,0.222270590390691,0.237791410431455,0.219696059084625,0.179805549274539,0.213875875739307,0.237653965363933,0.158141541862821,0.103444113389465,0.254684347425117,0.233460184794787,0.155441343046829,0.187606808907664,0.149786765547295,0.191058552665778,0.178395683181593,0.179587268098265,0.173179875015775,0.145972569576863,0.158302692707807,0.16252244159251,0.208355540283845,0.135239895640947,0.125882792243326,0.135834064791125,0.250259282622321,0.255955965203217,0.158518921289881,0.0996540558921221,0.116948614349183,0.163122562106186,0.152906414104498,0.179182785955635,0.132978905315524,0.116786659620499,0.220909326696295,0.269389816370735,0.272037810950653,0.222199759625043,0.247611746009848,0.123114911323243,0.141997953720847,0.141201080202956,0.214225545140996,0.160621347982529,0.184290640006879,0.248478219169801,0.146808078545016,0.22940756061934,0.222427181592656,0.228341860381242,0.104440980296187,0.186940648479512,0.138050543148812,0.209226779387034,0.14498252844155,0.183731315473411,0.151431322995551,0.13263866596655,0.141100139793884,0.238455498834675,0.126226017732862,0.254339359359943,0.176541158900514,0.186082112761947,0.137024842718338,0.135908273256929,0.128703353451899,0.166564116195155,0.156137346334652,0.153926135440615,0.388829211209651
"coruscans",0.243697153030054,0.148450788616289,0.266664861791097,0.172274347337426,0.231606452661546,0.185619840890143,0.217728632801456,0.220586287041534,0.245616370874403,0.0925429549092898,0.123601931054634,0.121377478256093,0.171177230597486,0.314070803745337,0.330950520056416,0.147359900357708,0.251089598448361,0.152704380503724,0.151696885369047,0.188164059632682,0.232982124174596,1,0.20613984819055,0.16315956798225,0.187276904944618,0.182960838965329,0.104990753292414,0.275888085561492,0.206122801778555,0.131844779944073,0.25010331314862,0.159009169010132,0.208361403026819,0.233645017808017,0.153840049758126,0.240519774711575,0.267236140397416,0.179609413274024,0.23456001500036,0.216479461187205,0.165526160349262,0.25200128803826,0.262163248073923,0.241007238938704,0.221553771746714,0.18889338709174,0.133359195609034,0.272918507110172,0.186591070437394,0.16870433396388,0.156381450027413,0.134788611377813,0.275407921549484,0.217533866453174,0.165288675964062,0.150058340087117,0.202064795776802,0.232580478382093,0.195146351046858,0.182386845019994,0.163923398191014,0.235422274072554,0.222279424868752,0.123645007959482,0.162770045486696,0.26591753300182,0.178293701464704,0.182531160082624,0.194737876036037,0.203620235403275,0.15904969289862,0.190062849630753,0.0818638571293751,0.212821814923347,0.173320399757679,0.235938040808889,0.147837255202955,0.0879055748163126,0.309094078709399,0.207611896750689,0.192482643659922,0.183316291947398,0.223523798233201,0.210511811176602,0.182545527771161,0.138077150496336,0.187534575123318,0.16218416628646,0.0971400212740829,0.199710869813872,0.119678511168373,0.150101721752055,0.228506917461121,0.173126411628588,0.256528509320321,0.180701884992414,0.215710699499721,0.172184825114503
