"","acreana","acrocephala","acuminata","alata","alba","aria","auristellae","bourgonii","brachyrhachis.aff","brachystachys","brachystachys.aff","brevialata","brevipes","capitata12","capitata33","capitata35","cayennensis","chartacea","cinnamomea","cocleensis","cordatoalata","coruscans","cylindrica","edulis","fastuosa","flagelliformis","fosteriana","glomeriflora","goldmanii","gracilifolia","grandiflora","heterophylla","huberi","ingoides","jenmanii","kursarii","LA17","LA41","LA48","lateriflora","laurina","leiocalycina","leiocalycina.aff","lomatophylla","longiflora","longipedunculata","loubryana","M18","M25","M27b","M30","M71","marginata","melinonis","microcoma","multinervis","nobilis","nouragensis","obidensis","oerstediana","paraensis","pezizifera","pezizifera.aff","pitmanii","poeppigiana","punctata","retinocarpa","rubiginosa","ruiziana","sapindoides","sertulifera","setosa","spectabilis","splendens","stipularis","striata","suaveolens","subcapitata","T18","T21","T29","T50","T51","T82","T85","tenuistipula","thibaudiana","tomentosa","ulei","umbellifera","umbellifera.aff","umbratica","velutina","venusta","vera","virgultosa","vismiifolia","Zygia mediana"
"acreana",1,0.220063471319148,0.146418097516964,0.196009154935035,0.247324265656039,0.139197527757105,0.252469845334302,0.165807169973839,0.214150417863424,0.174961096556369,0.115758236046381,0.222781163070379,0.181582580576041,0.208547734097941,0.256442894367711,0.193921387523004,0.154101992715354,0.271484344152137,0.262176604946626,0.146831494614885,0.218640756365328,0.162309648202195,0.299103572855317,0.240198341291072,0.151728349894532,0.178541575961703,0.141033706607322,0.145919057235417,0.215667422987409,0.289020482966001,0.122348353806831,0.175760843791958,0.240576655401935,0.266281919040377,0.20526954224241,0.176301889771792,0.227338877927111,0.14715760251907,0.227838029172831,0.217479261475334,0.177710286938768,0.251274086865889,0.217706037990848,0.288035012230884,0.203870938722387,0.187729810399149,0.117206436698115,0.266483586881605,0.316955607057872,0.159916549161452,0.195233804885839,0.255783057230822,0.211234867725103,0.139433835964857,0.225903308572312,0.240779917394877,0.255820918890245,0.0798312267524491,0.213614189101666,0.248568127842036,0.206709646619626,0.27453077801126,0.291328153448709,0.256876298056552,0.238568431827129,0.256810560814544,0.146674253131302,0.277086519453181,0.218495006306352,0.28295851732165,0.149099134457489,0.218671305083209,0.221081607030571,0.327808108942115,0.228809896356934,0.30734023967979,0.217066785742752,0.164961011036745,0.214821283815705,0.235707244120134,0.255099617551421,0.337768431627192,0.258253890115026,0.175904669206736,0.157892350524026,0.263681956149569,0.230513871337605,0.166088203552163,0.146368703234577,0.262510269249579,0.227133191538183,0.195355640707896,0.172003282537221,0.279883278426428,0.130094158323668,0.183482825122191,0.265544313582776,0.269101461562959
"acrocephala",0.220063471319148,1,0.122649929609409,0.151082901272879,0.173611598623404,0.107928560192499,0.281017894450178,0.399164390983311,0.277589597025501,0.149487642238895,0.125879171104166,0.147479836394363,0.122615025388359,0.188558217820204,0.194635148784345,0.17810248226194,0.149586810155228,0.203462013608885,0.184948525648679,0.188991469070831,0.229687400124237,0.151061519234829,0.220334296634715,0.171250429910018,0.143641430865817,0.175223801739077,0.128861120146025,0.109900612205378,0.198058978311451,0.233819290225258,0.0888772877568017,0.221131361639009,0.228933413989864,0.16269712041667,0.162472154390252,0.12502927102255,0.12927330067593,0.119579186423563,0.16104374441968,0.164562284076784,0.192214314821114,0.163570873535683,0.144160168734227,0.219590353152022,0.188477909874388,0.137314618659947,0.0922011307770582,0.205828804342066,0.148537220918006,0.131351998327705,0.164109814304253,0.193327183234322,0.212277037746855,0.115687868823235,0.168983267030736,0.185867860457262,0.234625888202352,0.0710663722331937,0.184133265119746,0.186288237993288,0.232007698093573,0.223639182422176,0.183617701353041,0.295540859851013,0.215339375069653,0.196329587325908,0.110277693247458,0.218377059022984,0.216028316797344,0.19880142314132,0.142277009446647,0.155795123143977,0.16936651806316,0.189610596391126,0.189432387224174,0.188203872423474,0.175201327441843,0.18814546196585,0.254033376349426,0.215523360112153,0.178731697223123,0.255770584227047,0.248897713257286,0.165247960818764,0.147334680205816,0.195459668688609,0.19851391247162,0.155570570203655,0.140482447168925,0.172651548623001,0.186251042649243,0.134200494533147,0.148352968404037,0.197175313597145,0.113917054296025,0.142735399974916,0.196347218674406,0.261108515050857
"acuminata",0.146418097516964,0.122649929609409,1,0.145621089616105,0.145083515972652,0.109178739280621,0.136124585299391,0.102482556048117,0.0994036978052616,0.0934407764608881,0.0960427364627771,0.172888862516929,0.14547997598946,0.110664479372586,0.122306390936683,0.12255690126286,0.174652499251019,0.109034439887692,0.154926570703204,0.0863871282557622,0.118371153188601,0.0939780708486192,0.11094614051038,0.107920661449653,0.0950177723377842,0.113176089545659,0.0802840464815139,0.140110039489408,0.11984643308191,0.118049709970575,0.0835160039727177,0.0864735121877199,0.139104025873892,0.167918847175804,0.0988348158974027,0.107333948033343,0.0855527240288341,0.163601237731502,0.111661822779497,0.116505737123276,0.130201244863543,0.153508453748388,0.157216691116029,0.159616224825829,0.125436005511045,0.105058466587961,0.112493001435883,0.109801282759015,0.103416627867492,0.127121015677674,0.0922750786018443,0.141206851276455,0.132549914226004,0.132033658216697,0.0816055432822077,0.19438087450934,0.137449106557399,0.0709525275739814,0.108132865365271,0.154583684317579,0.105438975426206,0.143670597344073,0.161820242497859,0.111898608591956,0.107093701721218,0.137338260338996,0.26186982595631,0.216000087787009,0.11533765861872,0.175234303472197,0.114480455882172,0.0922709762319153,0.13964152789106,0.141009805469471,0.134500998286998,0.123198238353097,0.136206736045517,0.0893587912012545,0.101215580580111,0.118026134410899,0.157135141891768,0.145112357342516,0.125141918683602,0.101361527042765,0.0851076335802172,0.0954182982725143,0.123231665993635,0.102605102555312,0.0693622864668337,0.142784072618109,0.0992300104771398,0.0826493338672369,0.0753351455347897,0.151910377067975,0.132603578079619,0.116096370886117,0.115863939947656,0.139350243427051
"alata",0.196009154935035,0.151082901272879,0.145621089616105,1,0.226887299481517,0.178706455672262,0.208728160267885,0.146385219989335,0.151036397771957,0.148814777228788,0.132153618004304,0.191557301252586,0.152965807950668,0.363453512708243,0.201270489473109,0.170385168727301,0.194302107674169,0.211630117192807,0.174741509402189,0.128368311410749,0.156849707825021,0.135857985716185,0.166455210941025,0.164371098020672,0.143440763510199,0.149497521325634,0.110893629374468,0.202041208295007,0.174497042139582,0.165151492427471,0.330406517588117,0.136349270702431,0.225146801856915,0.168033719044375,0.151389981652659,0.159573067411719,0.144199616867234,0.2052659854505,0.133045468260512,0.145238190347543,0.209436297449099,0.208439267255937,0.152838060424413,0.219322423880665,0.213194418220176,0.145653834856884,0.123515243545081,0.174899296976704,0.16190460299424,0.161562975771051,0.13547890032816,0.147875225925971,0.189280394774446,0.164236338211471,0.129889820574198,0.173758663569461,0.166324644051422,0.299751900894387,0.153057202840564,0.157880249986333,0.162123702040726,0.18976854812672,0.226589554169193,0.189920291896588,0.157160416265082,0.217894271913249,0.146250191731835,0.235552868306779,0.164953424367929,0.210214401473141,0.145196847962976,0.136134894909037,0.20268044157529,0.194201901460705,0.199136144477752,0.166250395660404,0.142441024790696,0.131610824034633,0.166230813404064,0.178124073621136,0.162548266458742,0.188907069806813,0.139390297344637,0.136403919346904,0.114987375850451,0.141389193277917,0.35601157820664,0.122366565914351,0.10124208384036,0.168539918312122,0.142796708554261,0.12432813587568,0.116740161913325,0.207311162542168,0.180268225895687,0.14244214202948,0.14838876019888,0.226995659176347
"alba",0.247324265656039,0.173611598623404,0.145083515972652,0.226887299481517,1,0.151704647415716,0.237271789729444,0.171986658877473,0.198383350476898,0.272728009679542,0.236941856511237,0.301817761270984,0.274525413255797,0.198457091142853,0.211459845820309,0.168019276431575,0.176409700245445,0.231662083222999,0.197089886172728,0.156160478672196,0.192390454733235,0.154051217169455,0.231797325252945,0.206049103814066,0.140221703413508,0.280194249800914,0.131241674666912,0.168446674837141,0.182680914598036,0.236875673612521,0.129853541373002,0.291873107989418,0.255456473542259,0.255278784047947,0.267601360097504,0.190840013387844,0.181275190845164,0.15963785279412,0.196095832015826,0.182373025462457,0.278955189227317,0.221795657688777,0.18275553367414,0.266806956829207,0.253188868329417,0.13705929279423,0.220844089593662,0.212572298425311,0.293440273412219,0.266094211411241,0.153806975164131,0.18919407727358,0.233183620461551,0.147826527702024,0.168159361496866,0.192524038043024,0.244877757677738,0.0847056759443839,0.282465941557713,0.214740478555801,0.208975269357316,0.204080889700843,0.251607460033585,0.204027327594078,0.204773056913128,0.255742964357405,0.133237148933564,0.270850149356617,0.179087182771611,0.233750142327228,0.267011100492707,0.197113108722868,0.168994782166745,0.256076623639683,0.240197639366307,0.226644766529995,0.15992560374222,0.135176825086101,0.189929430085098,0.188596895934193,0.199127843925329,0.272684562354072,0.184813066856506,0.161855547459811,0.166634817076543,0.203500474490786,0.218883294226705,0.160607743898362,0.105388398109441,0.342323841511983,0.168193692302777,0.268985249290183,0.140790144862656,0.244216345617056,0.131870747808658,0.301420895730572,0.173540482409609,0.248406137997168
"aria",0.139197527757105,0.107928560192499,0.109178739280621,0.178706455672262,0.151704647415716,1,0.145430532441999,0.110186288585537,0.119962787916649,0.157570845987441,0.0724376519298329,0.145285720954984,0.163467830483625,0.173753127535646,0.169044362107987,0.111025754206199,0.147747862819563,0.138700161265707,0.148390987757546,0.0969468376660892,0.130247515673324,0.0942078167925764,0.132911354746842,0.145538117022015,0.0790413490160215,0.160776567749115,0.0780343357309612,0.171957077864532,0.112843073031217,0.128045286540282,0.154300589290181,0.100600965782986,0.145043169006225,0.160391218573838,0.122823081779761,0.115956672191642,0.117218855945117,0.162088415622462,0.141378679108934,0.136045168364416,0.132949989269122,0.129962477201121,0.212788754028072,0.149837458070276,0.179204435227708,0.0963473055354075,0.0821748985119747,0.116446612012536,0.145254882595919,0.0984755529915558,0.119925588064375,0.146091103763331,0.12364309859914,0.114685743794429,0.108509394247948,0.131446569105117,0.170518546526983,0.132071570339065,0.116800802028889,0.11754970776613,0.145744707245596,0.13019321865123,0.177298848859858,0.13803949823851,0.128097003504942,0.161844785296208,0.112450613593054,0.154607664607388,0.116731082232883,0.156131894061554,0.105278162681186,0.237963331697902,0.126573322858136,0.271365000915348,0.16921702542633,0.122731946364093,0.123169315614141,0.105459498871002,0.12863531527095,0.114420672427185,0.18521137919549,0.145553862379609,0.104859088118148,0.129796473902918,0.0824317625181781,0.135231605902096,0.186280496462606,0.107009637519499,0.0715341387791669,0.096308356818834,0.0929428296787574,0.110348534692745,0.0852056404347369,0.153065465716052,0.143559832466676,0.106271479434052,0.115874784496988,0.135292310805756
"auristellae",0.252469845334302,0.281017894450178,0.136124585299391,0.208728160267885,0.237271789729444,0.145430532441999,1,0.218720830679058,0.216830477073028,0.185095180303497,0.130675535565344,0.176533763449206,0.17757361533852,0.218015703501708,0.291042174711493,0.209212692293023,0.196104070876158,0.302391565316494,0.233813327371869,0.174458750129029,0.228180425468416,0.160487608920688,0.241075501636924,0.193549672669705,0.159994445131193,0.190719411242979,0.172993265094377,0.179111469692279,0.199281378371766,0.242612492960675,0.133281702589326,0.219367521452497,0.301793382621877,0.214724858773446,0.202040937966251,0.148453406320526,0.171473525024165,0.151631819890655,0.184869957558292,0.186319372305677,0.210876666921883,0.236510914611155,0.173578817915974,0.273667660898435,0.249725213512639,0.171202351482855,0.115014969964485,0.218042931055531,0.180702105217344,0.176631287690859,0.188161307517038,0.265524983121553,0.255717796156279,0.163082220533161,0.197441594787869,0.209191782018861,0.231039333397572,0.0880690782722003,0.269977041411557,0.235119283173863,0.259629617310366,0.271115502128212,0.204640407869253,0.284002369166469,0.271999371231548,0.269669196267594,0.14139527130329,0.245882168432254,0.222909554835608,0.293142987564834,0.160420884773388,0.276925124460245,0.211503718297745,0.253231025604674,0.244187838225263,0.252959525479217,0.15595667882605,0.228465852568684,0.293714556246767,0.215104498725233,0.233239876471061,0.275026940968751,0.219832129832871,0.265571225822529,0.153691636275257,0.206188429005578,0.240683113119761,0.157415300850454,0.108484318562368,0.184633322980521,0.247169403363932,0.167697618286595,0.15156515012757,0.244362827157642,0.122549976298937,0.192056106621151,0.180990344696498,0.308873314713831
"bourgonii",0.165807169973839,0.399164390983311,0.102482556048117,0.146385219989335,0.171986658877473,0.110186288585537,0.218720830679058,1,0.228565536842318,0.116092371582598,0.123676906271382,0.109355530761092,0.0991090273606807,0.131713496637744,0.18760299434504,0.174442339349188,0.140558053362926,0.185155110963245,0.159198662530033,0.257916575975151,0.203723721173121,0.127807337469216,0.188286666774649,0.155978747453483,0.154466659182709,0.164027705369259,0.115880931868486,0.0961079488486868,0.147177634356182,0.219044633198533,0.0762561461664757,0.20699701182269,0.200103604463098,0.126538033683259,0.140055785101216,0.112529230444482,0.102738218719717,0.0970779741526911,0.12280195121615,0.141639254571241,0.188735074610797,0.128263555971593,0.129882118689234,0.163248630847219,0.157550553844535,0.126902362629491,0.0662827533384475,0.174991324692268,0.119987739364181,0.111575155739174,0.167484938263973,0.134468125829047,0.258127825838977,0.135063826115468,0.154954526637217,0.149077864937168,0.258830496125992,0.0602565085664897,0.153526210267112,0.135311714353055,0.241968505374173,0.167922991424296,0.137438173103344,0.270294881699998,0.204511625021832,0.168963984264459,0.0921096454987946,0.188683846552511,0.22905794715062,0.188225974305651,0.146922104560967,0.178223149342299,0.166495861505789,0.159606485905051,0.167184749754387,0.157752690943908,0.126995384079747,0.209316630686103,0.230631125315227,0.156752532539082,0.156725125990655,0.158615530979823,0.210183933403893,0.159707274181733,0.152003059588034,0.193681844165803,0.187499468279163,0.143356860272942,0.11531455302744,0.164797112587527,0.15055747419076,0.130624880572512,0.183176998454132,0.161899491266413,0.0847468398111935,0.133411670390922,0.173655868885034,0.217774545273431
"brachyrhachis.aff",0.214150417863424,0.277589597025501,0.0994036978052616,0.151036397771957,0.198383350476898,0.119962787916649,0.216830477073028,0.228565536842318,1,0.128719426031224,0.117885476936608,0.138148941736042,0.133999909394759,0.168544500312427,0.217225445512798,0.170873843936956,0.153904914552959,0.202629171458201,0.177033447965465,0.450151954361663,0.192942442731221,0.13210943725096,0.269352333301478,0.175555754402645,0.196110433133837,0.153120137144399,0.100741569353158,0.132325627357742,0.172994986002436,0.359634000422416,0.0794144603765267,0.306713536133448,0.291997132078302,0.157945817653802,0.141801151757806,0.127817641360143,0.113023862852176,0.105842958681721,0.130744856877124,0.210353381545102,0.141908189475425,0.166162817081706,0.135681484402511,0.202696310093128,0.14930184065803,0.134382506475772,0.101790433276775,0.207005646943518,0.165814312547777,0.124088066603276,0.188691348051777,0.166519774138431,0.264128743826014,0.128885529488456,0.173587852002505,0.179586677583502,0.328376340531274,0.0557869749668349,0.178031938896201,0.159678901049399,0.444780515083075,0.176151859897658,0.168651065653805,0.248690751427096,0.224627291160998,0.174404238910537,0.0978953026848325,0.245597090827909,0.179657292310233,0.190904401545614,0.129819458295763,0.166685968185371,0.153145298666132,0.18480209672639,0.193537554498499,0.243518117417611,0.157005145476806,0.191133956913719,0.199600305746049,0.208155225632631,0.198520942406594,0.246600068194308,0.170044262540737,0.169977417891327,0.139473253305713,0.230180903458061,0.172543220807985,0.132904987584831,0.105406102169426,0.176625666153944,0.163789762020093,0.164868565013709,0.138947017391327,0.177008690703123,0.079005830047638,0.156885396288146,0.20022966527374,0.212335902543128
"brachystachys",0.174961096556369,0.149487642238895,0.0934407764608881,0.148814777228788,0.272728009679542,0.157570845987441,0.185095180303497,0.116092371582598,0.128719426031224,1,0.2967139596918,0.420004390525841,0.22920379433921,0.145820935460367,0.215958925325412,0.143774699275583,0.14736174216905,0.202352606971834,0.153706643548318,0.104080629483141,0.125348752875155,0.128109592864086,0.203401967711836,0.174062035023099,0.123116198405712,0.314688118498764,0.117281436405429,0.128822300007541,0.170814946077615,0.158009160054973,0.125514339457354,0.388378422932176,0.203638808329201,0.167757960684709,0.363829430379633,0.162859327905685,0.119209318440457,0.116875772102996,0.173219851695671,0.142737293513409,0.362876433503488,0.169772993390056,0.198123660758762,0.170479590625934,0.18872846660584,0.136650243562451,0.325669763516692,0.151447059071126,0.303378720847225,0.26905787561689,0.120202820422622,0.165274055841496,0.163938351022537,0.104761136955311,0.143618833731524,0.193137475986159,0.171987347121991,0.0727430753780361,0.287888144284027,0.175103930600293,0.191486445874731,0.15117596100188,0.176265071772804,0.152343818048474,0.179206501874221,0.201176181407123,0.0977121431880591,0.154043397922754,0.145908234589131,0.179111800819543,0.291351086197528,0.163585834160839,0.125366168758572,0.19433860646629,0.166609408778864,0.160955895384333,0.13897617979041,0.133156376037573,0.202216955626101,0.155665282104137,0.202305981525841,0.200954747005785,0.138351929690677,0.156551138550013,0.105442817556312,0.142755366695529,0.187188865939275,0.108417324174146,0.133386700586333,0.250300370714396,0.184520503186584,0.319274001202551,0.113221944268442,0.168482715144489,0.0957816723238674,0.424026392320964,0.127761396718246,0.18139525581613
"brachystachys.aff",0.115758236046381,0.125879171104166,0.0960427364627771,0.132153618004304,0.236941856511237,0.0724376519298329,0.130675535565344,0.123676906271382,0.117885476936608,0.2967139596918,1,0.248870401318455,0.171956969147766,0.0941301726374508,0.136071337183018,0.142162751820918,0.0841099335260417,0.125502586869382,0.111733485955239,0.107605584035101,0.115998705132532,0.127785512731319,0.10499769943492,0.103492481200512,0.122004035213756,0.263817956612236,0.334785166039804,0.0883205117586793,0.115301556296397,0.131889708399877,0.0782554398037801,0.307781411654897,0.140713156625056,0.193283906652418,0.289474930024559,0.0975506726017817,0.0728990564472183,0.106836475809029,0.0773499355149503,0.0835204814459104,0.312809898946403,0.117678804116826,0.101841032652117,0.107893880000836,0.0992185100557754,0.122041088352896,0.272712745708373,0.113654089309631,0.262195298406292,0.248034453349493,0.0701088580040861,0.101247855698986,0.133116112985387,0.130538854873072,0.0893718680337805,0.109484364103506,0.129045327427909,0.0383397974505273,0.236231144842155,0.100155231518578,0.125802342904313,0.204170664870526,0.113535178339609,0.135251969391419,0.120480980795405,0.124320222696462,0.0917186743378369,0.135887414315859,0.136146936212631,0.131068381987172,0.286145679340685,0.100521812482633,0.117946132355907,0.101898377571695,0.134683356500749,0.111778045279277,0.0970070369293146,0.0920288158890068,0.141892424670996,0.134837052352624,0.0968097276264074,0.13572872262827,0.104346006012834,0.0961611843365785,0.0834504286138241,0.100237266774733,0.120361794567993,0.0936293408559166,0.0796744629747596,0.280691546004716,0.0996335299691472,0.442076689882398,0.116833515586909,0.111983656083644,0.0686473226968218,0.29151606285965,0.0936813616371413,0.130551145621272
"brevialata",0.222781163070379,0.147479836394363,0.172888862516929,0.191557301252586,0.301817761270984,0.145285720954984,0.176533763449206,0.109355530761092,0.138148941736042,0.420004390525841,0.248870401318455,1,0.330140723410303,0.168828032503394,0.201777401941062,0.144412424558823,0.156682573785965,0.217238244414612,0.244906248074013,0.120551814498533,0.121056325655679,0.121145720269925,0.215753585188264,0.135767460380191,0.123838293158185,0.286569095733604,0.109242868672114,0.186246609244155,0.164629151796244,0.186572541030733,0.124431634676945,0.296678072913727,0.154872599299001,0.270406031124829,0.300632354929989,0.185701628008735,0.151977270229122,0.183042284646041,0.139557811269288,0.172113116125508,0.329760053658081,0.208186982064997,0.18388573498636,0.222951367150343,0.179316381089189,0.136114066546539,0.282814202169644,0.175641740738134,0.33823758620073,0.301192142074608,0.141707478948841,0.204591534099235,0.142277271273909,0.14556992845653,0.185304925530283,0.253144747413656,0.184608399696571,0.0835072817745295,0.293784752736807,0.216932822056612,0.13800867888652,0.186676298579196,0.268729051947857,0.16350885338794,0.207448482816666,0.21501165273203,0.127618128228369,0.250385928826618,0.137262407336885,0.190512025532688,0.273889395351749,0.192114984936551,0.147873111885625,0.228369505560499,0.249106255431262,0.18560583137123,0.162832367510786,0.118303195729865,0.181446447660202,0.158670331669605,0.221192778362283,0.258733599642321,0.202883029872925,0.123994564222076,0.10779254641439,0.184002921044995,0.203683344983833,0.114365620934463,0.0869524170037178,0.275168683882783,0.207590607962482,0.306221870193158,0.13169707443074,0.225212679359779,0.159087600688507,0.362241223291657,0.185518927420884,0.206780585516444
"brevipes",0.181582580576041,0.122615025388359,0.14547997598946,0.152965807950668,0.274525413255797,0.163467830483625,0.17757361533852,0.0991090273606807,0.133999909394759,0.22920379433921,0.171956969147766,0.330140723410303,1,0.174523806084514,0.149481531119745,0.107058282753627,0.172104708127801,0.149893061206383,0.257775420343899,0.111636388949511,0.111181320997355,0.118506399213853,0.181136103073828,0.159053368594589,0.0847982166212628,0.22102725628194,0.115797392710808,0.234841049628311,0.137418787724736,0.169345305644542,0.117605060466362,0.226970557677347,0.144157269054712,0.314287810641172,0.226653462936207,0.11961982743665,0.131011428595308,0.268610247624823,0.122008457698348,0.201184593216594,0.272958689004698,0.188469844382672,0.172182922704878,0.213142154156122,0.189254008780115,0.143794005901304,0.21405410635926,0.144426870562602,0.234727939079638,0.221697828622382,0.132001425619487,0.208805299661283,0.116467387623052,0.14049675639316,0.218165855399195,0.26781215673502,0.16131707042302,0.0936290426038855,0.303473916576729,0.177268677127122,0.13830910015795,0.211578233866323,0.413617830493013,0.135747748841459,0.153949260387343,0.18479349873301,0.157286534914967,0.226131089913357,0.140702272124363,0.158402314474724,0.208819457737283,0.176620211122819,0.148593392421399,0.1983676984466,0.30725206191437,0.16556999424368,0.263426161406759,0.105989299744054,0.130581648672846,0.11825779980204,0.215000794338149,0.251005687316202,0.226209258278846,0.10110834373254,0.115241913279123,0.147579703723045,0.174147246899206,0.0995076843692563,0.0809217676373853,0.211255894728985,0.146451472235264,0.225531954961314,0.0887965063722567,0.181909284923148,0.317678968953875,0.243414863125093,0.154048259293878,0.171714250674451
"capitata12",0.208547734097941,0.188558217820204,0.110664479372586,0.363453512708243,0.198457091142853,0.173753127535646,0.218015703501708,0.131713496637744,0.168544500312427,0.145820935460367,0.0941301726374508,0.168828032503394,0.174523806084514,1,0.191427482074917,0.138371344343253,0.152680589484342,0.245007401506337,0.166704562639039,0.119446812809107,0.144673750951964,0.121012195446194,0.253268158634573,0.149962999516539,0.105043273643167,0.131329490501284,0.110266458862712,0.165491917023148,0.146065276578985,0.179283406179423,0.385899825732344,0.153934172632848,0.220597174119042,0.179039803286143,0.139427526141526,0.155551074611259,0.174887418197347,0.161081714995162,0.146751873179197,0.132683582234523,0.164793015554657,0.152802107434066,0.158125977532983,0.18987569913472,0.176839268895586,0.115955064517989,0.0931751356907872,0.236794830800786,0.156535882230831,0.129193661971004,0.127414525058707,0.260917073153271,0.146673407223328,0.122267996744305,0.127241778326001,0.14508200234907,0.164171737121229,0.307785548231871,0.138167432797115,0.180712470385186,0.146870895006098,0.200750936785314,0.225505842783819,0.16848458834548,0.158283275715467,0.213801560866397,0.108578741978051,0.19174626815758,0.141770113101158,0.176795438383724,0.12144122484999,0.171909597454383,0.16868473168292,0.228894954149116,0.16685543956794,0.178805783767969,0.129560827504223,0.114036106467387,0.143288392390426,0.147077869018692,0.164085760319164,0.28306512141504,0.148541486585385,0.143012651567051,0.114452144406898,0.186542309403854,0.368911646240285,0.167291776793453,0.0880595275510343,0.136344373434985,0.158624503902079,0.138527263588961,0.102444377053085,0.169234086444161,0.130734060463595,0.14224166911445,0.139369963066738,0.218687711869778
"capitata33",0.256442894367711,0.194635148784345,0.122306390936683,0.201270489473109,0.211459845820309,0.169044362107987,0.291042174711493,0.18760299434504,0.217225445512798,0.215958925325412,0.136071337183018,0.201777401941062,0.149481531119745,0.191427482074917,1,0.232730374276827,0.160869762551153,0.303617456215106,0.234853821206304,0.178850635157864,0.177834180340149,0.212079993162667,0.239343787788392,0.191449561083143,0.149348277389642,0.194097940501258,0.157300190485184,0.173297214496932,0.224291684483145,0.284142181516755,0.114278584938385,0.206701918135463,0.233901687112206,0.231940339133028,0.215122023149054,0.1925015292065,0.138949113249899,0.151457529436721,0.178510811856997,0.203897159179404,0.180731133926502,0.206026098917982,0.255688332328907,0.243138819669695,0.187714613097578,0.173674803087102,0.089047980686572,0.236687565768232,0.190090036856154,0.167915567117137,0.171780303307979,0.193546821022304,0.280047833593987,0.157911942711611,0.206625127725982,0.190813533974495,0.242287576607714,0.0716879292984552,0.215383554651159,0.255508218658994,0.300015677336907,0.269903667249991,0.198020753063459,0.25166632915981,0.259839867445947,0.264744557034949,0.143899434281329,0.208736552174867,0.216823682497392,0.266876388389272,0.162265133771328,0.236942299082868,0.184719995905762,0.262285433326524,0.242630094114688,0.236104923946663,0.200230599423009,0.190177962153323,0.248323972731304,0.236092961099178,0.236052101495925,0.246546507543785,0.228557711521482,0.19230202840489,0.182213881751809,0.245425398957856,0.250677027269268,0.157676253519428,0.124385731794229,0.171431004917218,0.258907759205831,0.172592109286787,0.159616975484067,0.279216261880771,0.118918943092909,0.290769235131994,0.194939710794725,0.26210043015417
"capitata35",0.193921387523004,0.17810248226194,0.12255690126286,0.170385168727301,0.168019276431575,0.111025754206199,0.209212692293023,0.174442339349188,0.170873843936956,0.143774699275583,0.142162751820918,0.144412424558823,0.107058282753627,0.138371344343253,0.232730374276827,1,0.174510050886851,0.214762294596813,0.183156306360751,0.154344233922118,0.188011031260313,0.145210437637926,0.176427011620929,0.145719517044913,0.195375863851064,0.154615191985795,0.120130181621789,0.117890733143391,0.22349252758228,0.188686156100686,0.0905606748490809,0.142827536001273,0.196438570784686,0.127334418354468,0.14557969997416,0.126455017978231,0.117233668008299,0.141833778692825,0.148322475069689,0.155542809111141,0.176316229839937,0.1845220657483,0.132436552360834,0.199056388718538,0.149047804960703,0.175420890139038,0.0982392059426145,0.180961278309056,0.174480885902923,0.164049027437587,0.135334017125724,0.128880236295723,0.194723132284334,0.159075422974807,0.156419306851717,0.215731064076613,0.191935166325611,0.0634262495926898,0.167359468107876,0.157886076876955,0.182953312088242,0.214429319595659,0.173748194369692,0.209257574016886,0.180421544555037,0.185518862101609,0.158969945165566,0.18388432864463,0.196907453037148,0.223780674023366,0.157699476687701,0.149038065408351,0.160721614560901,0.167273236747698,0.182268637239145,0.172139156831512,0.165544579276919,0.173512068436112,0.203157558352855,0.192850925116051,0.170947183707699,0.158890658858383,0.160164958176657,0.162933113035423,0.13871511582407,0.176676837735786,0.176427388662633,0.111276085912888,0.107872392352498,0.162538149094792,0.151407512299599,0.126907178708774,0.157973266923604,0.174188766736626,0.113236512480703,0.140578225483699,0.154080627768434,0.213391358167487
"cayennensis",0.154101992715354,0.149586810155228,0.174652499251019,0.194302107674169,0.176409700245445,0.147747862819563,0.196104070876158,0.140558053362926,0.153904914552959,0.14736174216905,0.0841099335260417,0.156682573785965,0.172104708127801,0.152680589484342,0.160869762551153,0.174510050886851,1,0.135303708429784,0.181627044701693,0.144803210005263,0.138319184566664,0.0965130678396411,0.177913778278572,0.11741342534065,0.116641003973567,0.141291589026225,0.247634229426383,0.213185677341654,0.143725651104482,0.171365396175835,0.100866510658857,0.154054359886947,0.152729133895522,0.201465744220244,0.0999963596962849,0.139191496286316,0.114711374241908,0.176729921954177,0.155276283610404,0.122901398826288,0.178930453458232,0.148042957247144,0.122869657113181,0.240352302872869,0.224996878859572,0.114518442737708,0.1063780457017,0.133298422040129,0.117198910039811,0.127333243707443,0.112803782363888,0.139544893868547,0.15948992327069,0.116485569943367,0.103376843286628,0.152083953705641,0.174120745739672,0.0909438539073142,0.135354778435216,0.160029492695922,0.175250114984957,0.165429318310233,0.283872451327803,0.166272864531457,0.14062911006398,0.173698062927869,0.141090193402427,0.202880348084912,0.147588164443212,0.164918649827165,0.118269545595749,0.113809278049465,0.153739575646739,0.14871934509444,0.19541284755216,0.229713423976526,0.15451987743575,0.221472119016904,0.163837674852685,0.158478385810986,0.142148745058513,0.185882233679801,0.167213397042214,0.126025223401171,0.0931103915981506,0.148571668089674,0.168368493475425,0.0965855037641792,0.0739981794094231,0.125354659736608,0.136311198844617,0.171824163687582,0.10275705760818,0.181671477958869,0.271173916007727,0.135467928902794,0.131176581939152,0.20306263559681
"chartacea",0.271484344152137,0.203462013608885,0.109034439887692,0.211630117192807,0.231662083222999,0.138700161265707,0.302391565316494,0.185155110963245,0.202629171458201,0.202352606971834,0.125502586869382,0.217238244414612,0.149893061206383,0.245007401506337,0.303617456215106,0.214762294596813,0.135303708429784,1,0.253036453356402,0.162578756354018,0.187877439793981,0.170826443808182,0.352490764300429,0.275248615203761,0.167129351012491,0.186144632423618,0.14050467016129,0.150663452055318,0.237567583738643,0.264501621550398,0.118642875935396,0.175913947387858,0.254804369193636,0.231098021142246,0.219328451378712,0.20150306845982,0.158295868173005,0.128217088334716,0.138564772687276,0.222718229159971,0.163327932892719,0.229902423133613,0.195812830331454,0.28492240602865,0.169261489536573,0.170594886269793,0.0877284545402871,0.262998685926353,0.229481242520218,0.13629090768018,0.230249053605223,0.243449401680131,0.254200561449286,0.150114350392345,0.249636011573852,0.21755586852699,0.273366259002304,0.0646571800651566,0.208053501604564,0.268828674523468,0.219896947038671,0.228416857508839,0.240395948060374,0.27838995490845,0.295051868606134,0.268096173226101,0.106914641823618,0.224230356211697,0.208071591069852,0.276059763166646,0.173856254163024,0.295607836260739,0.175847295796033,0.318377634236947,0.21975128090607,0.304502058600721,0.207563062566225,0.173440741365966,0.236766783025294,0.23821632486578,0.288407916409237,0.239352457653424,0.239752498519104,0.225988704188588,0.180559737149295,0.314544831623035,0.27778151006374,0.167422446899796,0.127586404518279,0.173132532424272,0.31560598637265,0.20947838036921,0.173191158419556,0.264112580142303,0.113394584181486,0.226047440732292,0.234860484127181,0.318470837102788
"cinnamomea",0.262176604946626,0.184948525648679,0.154926570703204,0.174741509402189,0.197089886172728,0.148390987757546,0.233813327371869,0.159198662530033,0.177033447965465,0.153706643548318,0.111733485955239,0.244906248074013,0.257775420343899,0.166704562639039,0.234853821206304,0.183156306360751,0.181627044701693,0.253036453356402,1,0.160614082926198,0.17079435813711,0.132166284832947,0.302589768160419,0.252794718501821,0.148321999088363,0.153826972882546,0.122916005676766,0.155503125823127,0.18549605945392,0.223789341954503,0.101590464530443,0.185210424551688,0.193642121412575,0.247907507831622,0.215159747789828,0.143026406517158,0.137208821592526,0.173029985358731,0.139124489429342,0.280035131755903,0.197428439622367,0.214921774926021,0.206905588430315,0.303137466464508,0.172157036007834,0.171179475639794,0.138099762690255,0.210246192473793,0.206299556489838,0.136991629515773,0.316358294891402,0.248217232718709,0.218149082768128,0.135292851084898,0.219104044836724,0.247753839299162,0.225603312339055,0.0695113428488188,0.252177748115044,0.226674794598676,0.19372702601832,0.244522791914497,0.305150472942463,0.212885669864571,0.227494648527343,0.233371247500476,0.162807870708616,0.260358742087496,0.198010656517565,0.244513740733656,0.135077031975679,0.240098622493936,0.193598073510034,0.303675085465763,0.265109510390297,0.230436510386596,0.193974847332835,0.153748481774149,0.216057212554851,0.169282350312952,0.314277653409822,0.264860350425569,0.226851582481983,0.153730486800053,0.152474198207727,0.327429515398837,0.208883585414036,0.164978866175568,0.0895209313791798,0.158414060485025,0.199628166288754,0.257779099343811,0.137116285715417,0.226696030244548,0.178281848273448,0.17549857585079,0.19570111023721,0.235583232498404
"cocleensis",0.146831494614885,0.188991469070831,0.0863871282557622,0.128368311410749,0.156160478672196,0.0969468376660892,0.174458750129029,0.257916575975151,0.450151954361663,0.104080629483141,0.107605584035101,0.120551814498533,0.111636388949511,0.119446812809107,0.178850635157864,0.154344233922118,0.144803210005263,0.162578756354018,0.160614082926198,1,0.155614931721736,0.102751160463088,0.240656578922235,0.131392177394201,0.120451231041119,0.122574918779231,0.0834172078812412,0.0894431651814115,0.145732334208194,0.318962869036182,0.0642430398206328,0.266987252274689,0.251882298058961,0.141246292488943,0.121006860545119,0.0988505824462711,0.0913758507424277,0.0957362508584134,0.106710069490634,0.165969451341325,0.116191969240258,0.119434100464622,0.109562097391729,0.182827042024799,0.107845075927809,0.107075108444319,0.0716529263605991,0.177340204528818,0.107156751411763,0.101084804837208,0.146897518596681,0.19144498904217,0.21114712277957,0.0932746890412524,0.154866381220618,0.149297409926926,0.302002618625104,0.0434195486464768,0.153955505337745,0.160659918084622,0.421588130673126,0.163798346142814,0.139161127051912,0.213121231947397,0.165460799047877,0.138794589312425,0.0945934185844776,0.220981178878949,0.181618031089829,0.148077680728588,0.10587769738292,0.146443545798213,0.120089774975127,0.144216119469903,0.182065668345633,0.16566111626952,0.121371352115868,0.195724104884596,0.207805128274875,0.147626071160353,0.158853691439939,0.179513046171609,0.184458777687408,0.126418979437014,0.118194026095578,0.217198878402584,0.144235432010351,0.106511750206002,0.104393144547968,0.152841470643414,0.153671776422712,0.128196468316171,0.126712056203372,0.153601454810202,0.0819996814806381,0.158407465929053,0.188194040001184,0.179386481205821
"cordatoalata",0.218640756365328,0.229687400124237,0.118371153188601,0.156849707825021,0.192390454733235,0.130247515673324,0.228180425468416,0.203723721173121,0.192942442731221,0.125348752875155,0.115998705132532,0.121056325655679,0.111181320997355,0.144673750951964,0.177834180340149,0.188011031260313,0.138319184566664,0.187877439793981,0.17079435813711,0.155614931721736,1,0.159999934887689,0.186930129209815,0.198398577894869,0.180754611273344,0.156615093579885,0.12148318613505,0.103380461604531,0.190727525434804,0.216388847485893,0.0866476327976381,0.157924024074065,0.213481234640621,0.144088766095185,0.146666085591963,0.115432618787592,0.11018394541767,0.113504451999478,0.177194975785569,0.167520307292667,0.16560113171958,0.254213685083752,0.144649807259789,0.180536196605552,0.170745265260603,0.147215588370795,0.0842516580703862,0.208542340340303,0.153501328924988,0.128671031786776,0.15213396069845,0.132383454343254,0.230036192917102,0.126289421438386,0.176899071670941,0.166239987119795,0.193830426242103,0.0661702530075507,0.150102068241819,0.186720814975797,0.233547416256356,0.201551699460084,0.155557279171706,0.273041576647033,0.254911530773459,0.171578193984986,0.123687086912839,0.194976217087302,0.191913072478669,0.204498922694119,0.157111092546515,0.180003881643696,0.15033883000424,0.185126048366837,0.15784436359884,0.168053663204132,0.170597090294777,0.169560421427893,0.210213932917822,0.249338161375998,0.226711086588701,0.174991281958778,0.183184490230233,0.194658307393843,0.131601070779752,0.184274845826783,0.189172909968026,0.160435162549795,0.124752295403067,0.181060234354304,0.14359330429639,0.119802062209286,0.158784018992479,0.184675656806233,0.0999332653871111,0.130576854094072,0.167116899979652,0.191866050888253
"coruscans",0.162309648202195,0.151061519234829,0.0939780708486192,0.135857985716185,0.154051217169455,0.0942078167925764,0.160487608920688,0.127807337469216,0.13210943725096,0.128109592864086,0.127785512731319,0.121145720269925,0.118506399213853,0.121012195446194,0.212079993162667,0.145210437637926,0.0965130678396411,0.170826443808182,0.132166284832947,0.102751160463088,0.159999934887689,1,0.150227448622129,0.143717844833926,0.116933184721332,0.123533082019394,0.128781085286419,0.128543866167737,0.149786557975564,0.175135558502778,0.0885507014518851,0.139502809823277,0.150574105013407,0.123006929386619,0.153644987077804,0.136780804837914,0.10277540162797,0.105040088614131,0.124318807702499,0.117641925828759,0.1390250477703,0.138760954612692,0.138906575841296,0.155612550904202,0.140009773174363,0.214672491441422,0.077546242014966,0.14016178748459,0.135177218958785,0.120616425002647,0.120772503129444,0.0992447298313839,0.165765030171201,0.141996910792288,0.152944034634936,0.125796779848001,0.173414910609622,0.0474110619314661,0.13460803758217,0.155043495984987,0.164509884011499,0.17485866792649,0.143871115772652,0.165311791074069,0.172417085915467,0.185654212488881,0.107296694088531,0.141202397508472,0.158690129956663,0.18217498782336,0.135493764714683,0.164053562959546,0.125025850170252,0.168262438548633,0.138345833445243,0.14579244882599,0.132957696767908,0.122926156380681,0.160019717699922,0.169180415884622,0.184880311355277,0.164206685800979,0.132344231360887,0.132083777791794,0.141806572443264,0.148173435670281,0.123817293244052,0.14589524954501,0.108861712397162,0.130499050694571,0.132739913891312,0.116266272393664,0.127692509309693,0.1744338564405,0.0901027537898076,0.125331602284539,0.132922865746369,0.191799818970962
