"","acreana","acrocephala","acuminata","alata","alba","aria","auristellae","bourgonii","brachyrhachis.aff","brachystachys","brachystachys.aff","brevialata","brevipes","capitata12","capitata33","capitata35","cayennensis","chartacea","cinnamomea","cocleensis","cordatoalata","coruscans","cylindrica","edulis","fastuosa","flagelliformis","fosteriana","glomeriflora","goldmanii","gracilifolia","grandiflora","heterophylla","huberi","ingoides","jenmanii","kursarii","LA17","LA41","LA48","lateriflora","laurina","leiocalycina","leiocalycina.aff","lomatophylla","longiflora","longipedunculata","loubryana","M18","M25","M27","M30","M71","marginata","melinonis","microcoma","multinervis","nobilis","nouragensis","obidensis","oerstediana","paraensis","pezizifera","pezizifera.aff","pitmanii","poeppigiana","punctata","retinocarpa","rubiginosa","ruiziana","sapindoides","sertulifera","setosa","spectabilis","splendens","stipularis","striata","suaveolens","subcapitata","T18","T21","T29","T50","T51","T82","T85","tenuistipula","thibaudiana","tomentosa","ulei","umbellifera","umbellifera.aff","umbratica","velutina","venusta","vera","virgultosa","vismiifolia","Zygia.mediana"
"acreana",1,0.337454852063099,0.37064427248311,0.297110769352707,0.192003930144744,0.18168230681584,0.305251794140102,0.188440704655816,0.191762855660164,0.102586074096458,0.250047612505925,0.160462326237827,0.221157459085268,0.199091574874707,0.183153655125537,0.213762827156183,0.289021629865363,0.340996989594905,0.329764305623185,0.116580970426422,0.363412947185014,0.0793935020641473,0.135316208623229,0.298313387340008,0.319782569807071,0.240124729651259,0.17181714692907,0.199185282587072,0.259520779126696,0.217179737075512,0.258080958705641,0.111629950463484,0.253930214181469,0.149278449331773,0.140596255580406,0.187709862339108,0.177074125198977,0.160607353009581,0.170644872639093,0.121760911878784,0.215336514757151,0.196195510414507,0.166735399913113,0.239836243606951,0.161756636303383,0.142753111954852,0.10113825866729,0.160778099756094,0.189992081584821,0.216260235611479,0.167048001177111,0.0995018932756974,0.241318323651439,0.131797560755193,0.17044365972669,0.200115355047402,0.227821083209867,0.2592667412992,0.286134572418717,0.142434807458545,0.275591607484051,0.232112651966997,0.151727636544763,0.183507975725245,0.187421589155965,0.290941863456329,0.19708633488791,0.319893963079532,0.095599307852894,0.28282492606919,0.197637880689089,0.147572814967884,0.191878747082802,0.368491094623005,0.1159613223002,0.250888697048271,0.275428079995629,0.176238939140343,0.382720961187207,0.248199875929707,0.319201401317211,0.253947128645025,0.0978208106580455,0.279825757205504,0.0506177823871052,0.218952038248374,0.192408994304411,0.168272724082004,0.262616700451382,0.351346751651584,0.338249457654909,0.204651202080735,0.238359934742068,0.242229144731346,0.230561677116685,0.267853839859202,0.225261346303866,0.33876137181268
"acrocephala",0.337454852063099,1,0.190798197695348,0.263200737002952,0.206731696753614,0.177162035512781,0.226033621933442,0.172565101028383,0.191281793265949,0.0966533523063807,0.182989742084961,0.167192967359296,0.161447485840324,0.185420339208029,0.203941643828709,0.215072509564123,0.240696352173806,0.330681664882261,0.197379597081172,0.111026341449857,0.267976342285064,0.0784628243367579,0.144031089192733,0.297086687070328,0.244618427966582,0.224557185939259,0.152112665037682,0.213181218546268,0.267466542406268,0.192567447965566,0.217355858172119,0.0859044209668482,0.231419503623287,0.130999847438843,0.149296191761941,0.178462952289349,0.152851472469112,0.16669544047028,0.172291748066606,0.126356970225087,0.203296526641246,0.2052734663166,0.156649284374442,0.210111456947933,0.173176520538692,0.148734762498841,0.0876643091110119,0.20496291369029,0.19769188238644,0.219580255312318,0.117044036459585,0.102801548962196,0.213019866513665,0.13253030315655,0.152024340409,0.171383291170801,0.226224534792684,0.222615890122836,0.211734611508051,0.20966529831576,0.249694886332602,0.207130231388146,0.1393007992816,0.18820472875917,0.172310515654158,0.302488449122478,0.202579624192345,0.249305831104241,0.0851061960844668,0.241305800297691,0.158148407423904,0.153211180852373,0.19480206626841,0.228602854250796,0.101885512778535,0.245042108446474,0.309339310167429,0.161586390268514,0.261444417667186,0.195425451851147,0.168610507731517,0.244660313461739,0.108603175900507,0.173202480635683,0.042234791075433,0.174107971040676,0.192098096556359,0.18783019722193,0.206355441833409,0.213851427465681,0.198069760157036,0.167981844474938,0.165233197650632,0.282494561917025,0.206523656871584,0.156251907185474,0.167217544339276,0.268249264026104
"acuminata",0.37064427248311,0.190798197695348,1,0.215788158359646,0.15134299711232,0.147391381928226,0.227498398188482,0.136050137885335,0.15633272385344,0.0765544236867888,0.230725136305594,0.129938711660052,0.178916105095764,0.164392800869465,0.145578161923292,0.209791685190975,0.209157281759946,0.295336655259502,0.272342593113287,0.0836819527920668,0.241284589421021,0.0613620745439736,0.0925804297290919,0.19719963583936,0.24495084661417,0.21058140182257,0.216249615004326,0.176029953462112,0.175254653561096,0.162405035229995,0.20289428864808,0.0914973140045256,0.170156954104736,0.10718214621207,0.152952336823715,0.163306525691802,0.157784224691845,0.120222140615412,0.137535351467809,0.104336651365646,0.198488836684014,0.138808160888898,0.134456309771855,0.18918677440527,0.133179786325088,0.118238235785512,0.0766325846480299,0.14494580106282,0.123425014282364,0.20488617200959,0.212883428298987,0.0874040784218688,0.158302533604091,0.0905324291356681,0.130519970125986,0.169611593067667,0.159670772286776,0.223947656748398,0.207458927793415,0.0994837482631149,0.211129723815012,0.140342020947138,0.136726737822078,0.15288945004283,0.154731770018282,0.258183938049877,0.132703538416757,0.250876303681118,0.0762362693601093,0.214221971720457,0.136524883416089,0.124695906428454,0.164755210482378,0.37694952424242,0.100006148775607,0.182459316462109,0.180396901002201,0.203947658117841,0.288389480801763,0.196381361885554,0.318328169715913,0.180026743522204,0.0931283690106731,0.290856298108463,0.0472469338670377,0.193025368931282,0.159121807831658,0.11090563042204,0.203659212865399,0.341574086572739,0.270445284934744,0.178722412615296,0.158904388303176,0.147113480051389,0.133808452220427,0.211754591460286,0.181659930460475,0.264623118055209
"alata",0.297110769352707,0.263200737002952,0.215788158359646,1,0.253654959450396,0.244531583677105,0.307989445746671,0.212373018792345,0.21946278929996,0.105562327474913,0.206402323955043,0.157876607275075,0.18415762293355,0.277105416455724,0.25910109170182,0.215275809618882,0.267275366613481,0.289339428492008,0.245879380271056,0.114264028268006,0.253386171524168,0.102465316318597,0.15096496882737,0.281955270044539,0.246984674833251,0.178371583985822,0.170728297253775,0.208993534905111,0.261403332885485,0.217331190582004,0.271447348527414,0.112046730794314,0.252111503484283,0.134505404410621,0.148177666074297,0.207329441987484,0.163486839053703,0.167335529568056,0.193501683368387,0.22026249486053,0.192315474440507,0.198505714380392,0.157062944987914,0.229015393849164,0.244351572038588,0.178237824147695,0.14211905037676,0.167625312923886,0.184199107718563,0.157275226332756,0.112776824671565,0.102309424296422,0.252856630328645,0.174782499660812,0.126320213744222,0.176963633083139,0.255968020403058,0.206338099820578,0.259034218118973,0.191875363927734,0.225008680655156,0.280655428624521,0.222406145080051,0.251220924008964,0.21416905144189,0.305683563796983,0.164985290682436,0.272822257252017,0.115069725829047,0.274049479194262,0.173696386713642,0.21561954468115,0.230261138950709,0.260521911581804,0.111989490574283,0.27499279751605,0.194035553140341,0.140717619116942,0.267289209512802,0.192672657079523,0.22520764040019,0.322380914694469,0.113616323821278,0.235826817085584,0.04538805220144,0.246688964878485,0.257182766501714,0.206266829247019,0.180163424746883,0.281733189450191,0.209253597702481,0.208312806743669,0.163414101673967,0.159241638972236,0.245572907085247,0.193974987927461,0.202250934178193,0.302063120251267
"alba",0.192003930144744,0.206731696753614,0.15134299711232,0.253654959450396,1,0.14546531365788,0.198189272427672,0.166778547965641,0.143281690394962,0.233912834817827,0.268310220161153,0.248875000688747,0.211857094846507,0.212721566743044,0.221053733522254,0.169532150215785,0.180564497598383,0.203036726202197,0.180308938274607,0.0944645832145132,0.176298938233872,0.108947660110032,0.126882126466488,0.230777738040769,0.154569134673096,0.240389389065488,0.122823257537837,0.163469470547244,0.173231524115398,0.141684727488668,0.174336402630454,0.210963644063318,0.194020364978518,0.109243389397854,0.251115540130797,0.138915060519269,0.125256565165064,0.129962752050119,0.162083995795524,0.137057890354342,0.257586942301451,0.163307047954556,0.101900510237422,0.179392603405203,0.168444609073404,0.110717847533006,0.206406624956222,0.120561507641663,0.258768657900265,0.237210762568712,0.106727786786162,0.0954784854922702,0.229074565920597,0.130849816973484,0.113901851464871,0.170025753713573,0.192549585722561,0.159382861707078,0.341965120551613,0.158106986771346,0.161475991242171,0.187346478177617,0.174955605657702,0.264832409860632,0.195766987070539,0.218521986265472,0.142201416300271,0.214042596139274,0.143896517275755,0.19799812638347,0.241408276688453,0.159567213494908,0.166561281454668,0.15751474797885,0.109560497753594,0.211973849717279,0.157994282363499,0.105669140887969,0.173579611205152,0.145470798638127,0.140833606838654,0.242376883644935,0.0944514229556216,0.172506750933095,0.0420660668002267,0.171116902183447,0.203975334690276,0.1602117736436,0.129019304541966,0.297050502120461,0.14332250281133,0.253125741343138,0.139784163620247,0.138550683912835,0.156776750410783,0.249947458852047,0.119810901383807,0.206245341831028
"aria",0.18168230681584,0.177162035512781,0.147391381928226,0.244531583677105,0.14546531365788,1,0.164028670181163,0.220631834362942,0.133721916542301,0.105630838674573,0.162267062302207,0.138552165569003,0.233140101649459,0.170464729165497,0.159996304687867,0.150530829086875,0.213941602840243,0.142997675776167,0.166981632990282,0.109152768356829,0.156380880910213,0.0923766244912081,0.0968917756516754,0.204279243200283,0.316801622744106,0.184904741305867,0.122457103848474,0.203939797377146,0.168739715752432,0.123739889916317,0.172449659175572,0.141713509711335,0.159036996953967,0.0963752788750543,0.0947202184870839,0.161316518895835,0.121670038540034,0.14392716708972,0.186051023792066,0.228579648047771,0.148939651995611,0.137633479688117,0.0983011298501109,0.325679170068081,0.167355674754512,0.0993295519565137,0.0916882596366637,0.17228825466304,0.127229118689763,0.196205399604132,0.0862427453576349,0.0818788848936327,0.175364360210564,0.131712168173866,0.140972516489354,0.102232952358026,0.161729680525407,0.351082844494006,0.185949276517499,0.105035917273949,0.162156844564987,0.139752111016341,0.241415576827783,0.153335557899685,0.15910977866489,0.227758387964971,0.114106825483763,0.278188318481825,0.0975576781775283,0.289608004579997,0.122803252030822,0.139935482738394,0.153573151396421,0.180093655707123,0.0802524607916938,0.177984117043427,0.226769407746314,0.0967881367445474,0.184389890035023,0.133311267334613,0.142460512798362,0.18554656531581,0.0706117236184632,0.11457826379135,0.0340927713282379,0.212186678235205,0.319529067011024,0.228148498958308,0.111832176640299,0.160941283409526,0.141131030781433,0.130628947091892,0.153289038676024,0.131827956176308,0.144932368975731,0.120032243041863,0.152185129420799,0.187932032390913
"auristellae",0.305251794140102,0.226033621933442,0.227498398188482,0.307989445746671,0.198189272427672,0.164028670181163,1,0.163362842142694,0.207379631255472,0.0929939056265158,0.216699042560281,0.152876437495524,0.134999247220081,0.205944586434389,0.216362417020139,0.204962257850338,0.25038683992367,0.254193497561719,0.235967353971882,0.110174015946369,0.280338482679545,0.0827090624122153,0.14840041759944,0.236682176059328,0.339312610444828,0.171870217463214,0.173931911652805,0.183832136606358,0.233642486127753,0.233133922136461,0.246583226196309,0.0838742424470578,0.27497496329972,0.134899424540681,0.129085960190962,0.189346135783761,0.16833284178511,0.134934942791842,0.150709292405375,0.112240705857873,0.266692799206523,0.168741545715722,0.167619813400995,0.196237431998413,0.169895118742733,0.144314920653972,0.116582343019139,0.149151462472364,0.19522520190355,0.135586613719883,0.146766632134519,0.0945192075192836,0.236149454899993,0.125677293991577,0.114447897189484,0.185845072142612,0.199999835917627,0.185576960723063,0.222810841820431,0.189874496152065,0.206695021213401,0.287270838965524,0.169965726345853,0.189193857014062,0.210179080672119,0.259066022514376,0.174611055664692,0.266781109562068,0.098011131126143,0.242198936627755,0.154062367571858,0.161529656496281,0.160517598955008,0.280959703305984,0.107757442948513,0.241804194220234,0.147838409897269,0.132293898693396,0.260441412973958,0.225096227511203,0.218440485837082,0.224214386035059,0.109512850675058,0.225178801950631,0.147508763530895,0.189252562339979,0.186537826016658,0.16333300957907,0.213848542363227,0.263575968393527,0.240938307854508,0.216352716330052,0.160615450966962,0.144537564727289,0.219676537244258,0.192276115782781,0.173463012215433,0.305375845542692
"bourgonii",0.188440704655816,0.172565101028383,0.136050137885335,0.212373018792345,0.166778547965641,0.220631834362942,0.163362842142694,1,0.381831493094034,0.074730043777717,0.130763605600875,0.117058073857427,0.152847243609469,0.152496988634205,0.140297373399298,0.16390807471235,0.223381728311042,0.16047743877419,0.157882834669504,0.111518215911489,0.203500562730079,0.0743789606601612,0.118858531108993,0.238655292591156,0.150535704944371,0.147010286575569,0.102372815744582,0.197318068706098,0.15835357630211,0.123708814621082,0.16303117138562,0.101218295145908,0.156320068564249,0.0941369522553009,0.104202264317051,0.129636025681332,0.124425852980029,0.11853399671101,0.151764070175546,0.150253317011822,0.129858610859656,0.142139220867074,0.110796728077407,0.178097204401246,0.176448732397328,0.127201995042621,0.0953337780338336,0.165494761289658,0.15647134416811,0.13489465201891,0.0816675704867888,0.0854851700802333,0.193809228508786,0.11135693371247,0.123900398398212,0.143097693640963,0.171496746633508,0.144503542408948,0.19500573657696,0.0981157384020207,0.14933708555915,0.133042834669027,0.147725152370706,0.143444046380687,0.140586176072731,0.189753178749714,0.136363118805127,0.171595369861636,0.0809031792721589,0.29954001978636,0.119444780344944,0.16575420194986,0.174242478630971,0.164050240264885,0.0811675614322296,0.169762523466372,0.211232685231453,0.105340397153972,0.200862505554607,0.194772784642218,0.147341804863535,0.22694693446029,0.132134123826577,0.129638361806099,0.0403308147148176,0.267990535237267,0.209511505965141,0.206654608155011,0.120687657700789,0.171064721927777,0.140106016148944,0.122496363160416,0.115639727071369,0.120752469169457,0.16470239889432,0.11584368188791,0.142589012079584,0.209422219648487
"brachyrhachis.aff",0.191762855660164,0.191281793265949,0.15633272385344,0.21946278929996,0.143281690394962,0.133721916542301,0.207379631255472,0.381831493094034,1,0.0936113251303934,0.119870477759219,0.123778757679497,0.139389358646536,0.215837847201138,0.349793729278006,0.284896701392129,0.181866399460026,0.176354731374319,0.145371020392423,0.0952123113879971,0.19898773205813,0.0575740585223654,0.106693784936255,0.18747751266189,0.169940414590299,0.140024782135694,0.128737110889565,0.170498514362339,0.160983393475813,0.14953228602143,0.15047523901535,0.0769688923199891,0.162745452651202,0.0969980894256531,0.12057147699047,0.138295622251132,0.209669509623471,0.123659878322492,0.12583602447688,0.101986808017032,0.142465923301592,0.146748443784706,0.0974436098744487,0.193012547921649,0.154843176919152,0.11593520313393,0.102450619649193,0.147791056712098,0.187618393288587,0.157905378349432,0.0897467171276196,0.0762176888179502,0.162618373620786,0.112700750427921,0.117786398785511,0.117851161249981,0.133931989461504,0.161342849993493,0.17377009271002,0.143401586863314,0.16900663673816,0.152647230943395,0.121417751102035,0.140701004881181,0.153811608571556,0.211715192961451,0.155091526805463,0.212054082891598,0.0728643423328749,0.318097800332422,0.118754841888171,0.102855452706153,0.179383522005919,0.165843813389757,0.12621596311642,0.174926268806527,0.167736597824463,0.146049225074808,0.176758412293922,0.146303204942896,0.237707999009602,0.168802328694558,0.0691674609317121,0.128241976017175,0.0360091227860026,0.165067087081494,0.143926350317563,0.0953611778072634,0.125555720516837,0.17511135675834,0.148724937208355,0.117198979648385,0.107117369144366,0.123017029693162,0.132534785400758,0.127654358598619,0.136660881640589,0.196825780539677
"brachystachys",0.102586074096458,0.0966533523063807,0.0765544236867888,0.105562327474913,0.233912834817827,0.105630838674573,0.0929939056265158,0.074730043777717,0.0936113251303934,1,0.294057720627052,0.238083176952674,0.181582380409888,0.105235952890047,0.0994430879363105,0.0950054393867877,0.100495099384182,0.0930837282238631,0.0900693772700449,0.088054577342087,0.0832012975269758,0.0755726755611662,0.0694507640636682,0.109346642690407,0.0875864755243639,0.256938055338644,0.0768347897371657,0.100293404682568,0.0992417238239591,0.0899914845646125,0.104031266974262,0.307905437081413,0.109065653189935,0.0913044274528313,0.267403848669675,0.098671885974458,0.0779184460866092,0.114131304171286,0.0924619526250988,0.104035364404159,0.290573165666442,0.0948652202239515,0.0582330833288617,0.0907898940589415,0.0881696179476863,0.093326473779204,0.318040846534868,0.0800766343027177,0.274490201416084,0.226427166649283,0.0572158454454595,0.0537700434132471,0.103355402703452,0.0978638210947638,0.0662972040462558,0.080236281802415,0.100871933237352,0.0826308271227687,0.287990145008514,0.0759396878774105,0.0877838112757697,0.0981845927137488,0.138907821184529,0.103986847904247,0.103690502775132,0.096143392282184,0.0752830756068874,0.110376995569523,0.0671272688880211,0.109179166771224,0.294270220222648,0.0964142261035752,0.0874756807856164,0.0845865806186566,0.0575352898658152,0.115972440004284,0.112160842394233,0.0696627450032866,0.0893671075310896,0.0732620501103554,0.0780822739226242,0.139825195274606,0.065106898585127,0.0832746215116475,0.0266058649166312,0.100153769727675,0.108364496911579,0.0991000800220799,0.0709691461307567,0.228705693914646,0.084011483006049,0.253071395327402,0.0783688157689876,0.0874428578438454,0.0944883013741137,0.326231310289062,0.0718461102305008,0.110385915293153
"brachystachys.aff",0.250047612505925,0.182989742084961,0.230725136305594,0.206402323955043,0.268310220161153,0.162267062302207,0.216699042560281,0.130763605600875,0.119870477759219,0.294057720627052,1,0.332827204552893,0.258640298367809,0.173444077035762,0.143733923420991,0.164161709884862,0.175939505107321,0.228194749233888,0.210687907375565,0.0969908143026783,0.199865427195929,0.0634999480252716,0.092833060267251,0.201686010949166,0.215801610046793,0.320016460109227,0.13235169129869,0.172082801459971,0.169361119068617,0.14247265184018,0.193417911536483,0.279256229346545,0.182353135474161,0.122639950141323,0.307285908966893,0.176162460102859,0.151292177419663,0.13958088793255,0.136279978621774,0.103441827922124,0.353978890338257,0.166170849248484,0.118835238249493,0.207342590042317,0.133615827092317,0.146854328886502,0.277238935760837,0.134500873973142,0.308794749287956,0.293669245203699,0.134522630940929,0.0918985916150176,0.180735538696339,0.154650756798764,0.118077274986673,0.131111427183174,0.164689460691899,0.171586888469039,0.322406011880764,0.121159472101209,0.177495496678378,0.152883299052902,0.129634414575331,0.183697209464512,0.145596637080792,0.184482081281166,0.125709116756894,0.231693133061429,0.0768277878854488,0.18720742649837,0.33094679122964,0.124564198547136,0.135038164882887,0.234512141070004,0.0848403636711383,0.199101443282381,0.131057070385099,0.11271388511613,0.219684061162469,0.153130385990213,0.225006263668955,0.230192238559025,0.0952353707691986,0.218451503466231,0.0387078049791124,0.174469012637767,0.16873045418014,0.142263323865071,0.168355479017782,0.377356961087238,0.202612935667189,0.406873853633203,0.153920044495423,0.117539581152466,0.158935007636009,0.393087077347628,0.152307989062432,0.231942297923994
"brevialata",0.160462326237827,0.167192967359296,0.129938711660052,0.157876607275075,0.248875000688747,0.138552165569003,0.152876437495524,0.117058073857427,0.123778757679497,0.238083176952674,0.332827204552893,1,0.210015077395415,0.143597430551172,0.153569312628105,0.130719068705582,0.146201993187141,0.150453984369338,0.123771543513525,0.0839664357703751,0.165100232717134,0.0617481951250201,0.0943669811987658,0.145688687557824,0.139748020364242,0.267775489338935,0.126293815187557,0.158789244658905,0.141716557355957,0.119630165637174,0.16826953969492,0.219827521663314,0.155348853016024,0.134059506262413,0.278359786427929,0.147661800343716,0.101259590176315,0.11932403100805,0.129291355818668,0.0798029919355641,0.260791847885366,0.117662222675175,0.113548843866961,0.135000633801945,0.105565328697233,0.126527610872168,0.231970291294499,0.108231686189814,0.305411814760366,0.257781084793366,0.0978381864699451,0.080209449655488,0.16236597271919,0.108620201788555,0.0813983987820236,0.131857300412809,0.14833991372765,0.122808064464574,0.280925232212616,0.118885853573665,0.143870546889733,0.129060960655057,0.122207849604698,0.149887850700301,0.136787833261213,0.141284060173398,0.116565348048677,0.155514499225858,0.0741615900373477,0.145767597559392,0.293715455156354,0.110666864304465,0.129411770744752,0.151070649145596,0.0640504049350242,0.160507102602039,0.101994097164875,0.145169264854318,0.158773725898825,0.109144144390826,0.119722446851562,0.184442280507412,0.0758587344541447,0.138235734787478,0.0381677474553382,0.144473779556258,0.121989017428949,0.12076970337456,0.136377785544142,0.274954330273696,0.138290812943598,0.308594473867179,0.128355193241355,0.107562988196915,0.152059699963393,0.278661175212346,0.121089569760684,0.171174093026085
"brevipes",0.221157459085268,0.161447485840324,0.178916105095764,0.18415762293355,0.211857094846507,0.233140101649459,0.134999247220081,0.152847243609469,0.139389358646536,0.181582380409888,0.258640298367809,0.210015077395415,1,0.136113798923315,0.112900658101641,0.187920041179511,0.188489905887519,0.195204786620379,0.149986835903314,0.103570732783482,0.173985699068378,0.0602856786915902,0.0956457168059614,0.239988710488487,0.270819527689698,0.340728279650872,0.117541503093528,0.196442625545187,0.179101347576899,0.140738866071907,0.144267284030428,0.186209086263331,0.148694239075086,0.110251615179646,0.233642029947676,0.154362022970954,0.135063491567516,0.20458849037202,0.144088636375727,0.121778643924363,0.274172086135348,0.133216988605894,0.103433099462631,0.288022804457629,0.179470233210536,0.0940191394664296,0.19008203439949,0.165010516280499,0.211395226929565,0.348981182129798,0.0901045623381417,0.107434117554587,0.134417347248205,0.0954141662462914,0.142009560741969,0.0976200321594952,0.133293654297234,0.264696688966061,0.337383441968281,0.0783064587668804,0.149553980073024,0.120117351158134,0.127695828167782,0.131514034501619,0.128670671803977,0.241968658251952,0.120141833279445,0.258196402264836,0.0736516678987807,0.31001119466386,0.217356069487029,0.0985314010575175,0.227061314316509,0.185726670389062,0.0797652674111623,0.188613728942266,0.216700488225149,0.121276877373838,0.220651780044084,0.151146154090496,0.157896416613235,0.211133575926015,0.0745309067141263,0.13809211745977,0.0445849317430198,0.16090507879478,0.212058925703518,0.0986363715292283,0.131446199616247,0.295617105560159,0.155787971071221,0.221441855541082,0.127309263016394,0.16781527089354,0.139975915469892,0.226213120226012,0.263232499667285,0.167431489940989
"capitata12",0.199091574874707,0.185420339208029,0.164392800869465,0.277105416455724,0.212721566743044,0.170464729165497,0.205944586434389,0.152496988634205,0.215837847201138,0.105235952890047,0.173444077035762,0.143597430551172,0.136113798923315,1,0.336021180237588,0.402133016135918,0.173493830287204,0.196121333768996,0.209764371532443,0.119614482404863,0.199538805519371,0.102319139105177,0.126509999680646,0.214114066143197,0.162154957638027,0.129156433024828,0.149548104638186,0.18305886062471,0.171091893252757,0.175804465326549,0.206927534330723,0.110183427139108,0.208000722419759,0.143879407219226,0.15002856271142,0.195149903984605,0.158535803939513,0.159616348736242,0.206922304684523,0.165063513027061,0.179310449478312,0.211878220520444,0.124181828317965,0.174436456478853,0.22665694004552,0.146101017131334,0.0957144102660631,0.142965316259485,0.195459570258786,0.136887183977986,0.109312705931715,0.0884069236447351,0.270661241851589,0.147525852423404,0.100648712427175,0.190689493202289,0.241732130415098,0.138130878313705,0.192585082322065,0.167850313001428,0.162342242735594,0.204353694326874,0.213250942181997,0.218051889007405,0.236971437572452,0.221359409758414,0.138879049591467,0.220344568364074,0.110789186113317,0.207706325379575,0.188805897843694,0.187091756841648,0.158877670498796,0.164739316196882,0.120908649311466,0.229962192578844,0.176533703101503,0.143709869039132,0.202799634660651,0.146742753395425,0.151409542337099,0.254919915897913,0.129903879997682,0.171062720687233,0.0526402925979721,0.23028738873837,0.216718629754654,0.180891996895009,0.137431327567875,0.20483406454589,0.172092057090009,0.186962475534766,0.150217842641571,0.133468521107252,0.179281783267635,0.162129022582896,0.143288740724386,0.231690436718376
"capitata33",0.183153655125537,0.203941643828709,0.145578161923292,0.25910109170182,0.221053733522254,0.159996304687867,0.216362417020139,0.140297373399298,0.349793729278006,0.0994430879363105,0.143733923420991,0.153569312628105,0.112900658101641,0.336021180237588,1,0.240975976821193,0.186707404110332,0.170305858765216,0.156381106871354,0.108962710614252,0.219177833063285,0.0969472772681455,0.123543574955156,0.220177581164898,0.150352828416272,0.122914180200919,0.12537216260869,0.183827837010782,0.181346764254669,0.192946324415511,0.187204066577741,0.0878645298590652,0.208856341401546,0.109565297933836,0.126895927521078,0.139538042673155,0.141881726274629,0.134986576204958,0.161948513826001,0.120799581690982,0.159771565099804,0.174703453986935,0.122361605771797,0.158124457483836,0.170151691512214,0.126821149356507,0.124404468134323,0.16750880485631,0.168667509493445,0.120645245400773,0.0963566906422032,0.0812092337385648,0.255954031869136,0.14996193894572,0.0995003440502459,0.165410753819447,0.242534255035852,0.120425795134449,0.221640970025801,0.218270370716378,0.158096967466744,0.220248642205651,0.154962268985253,0.181468502019611,0.202173380131669,0.234853153683355,0.153654068145339,0.199393480832227,0.104603484260535,0.192567545981405,0.139311721752124,0.11942990314067,0.151030486080011,0.13867647303026,0.205191976963229,0.195607674764398,0.12738355827812,0.126798174547656,0.160454029832933,0.145412908124071,0.116985450504488,0.211094769383416,0.0794152745914125,0.125142337363117,0.0381929216298646,0.155984769612114,0.168365439439931,0.184365904407162,0.139386873047141,0.170286162505299,0.142388514287784,0.146566796146957,0.128394541258142,0.12218532168616,0.176485501752088,0.124064494151434,0.120697482258141,0.194032540283005
"capitata35",0.213762827156183,0.215072509564123,0.209791685190975,0.215275809618882,0.169532150215785,0.150530829086875,0.204962257850338,0.16390807471235,0.284896701392129,0.0950054393867877,0.164161709884862,0.130719068705582,0.187920041179511,0.402133016135918,0.240975976821193,1,0.22075979669509,0.237358656770184,0.161497705651815,0.132583105585058,0.205176646857796,0.0635787888062986,0.135057954399537,0.227781117544093,0.199786120312124,0.1476520487631,0.150802701961388,0.235215252115832,0.195406594652027,0.187260966040123,0.183466441448525,0.0842910743916945,0.177349860590268,0.131308856461607,0.167881868190829,0.203468306576327,0.200281346372035,0.151672792970638,0.168975865216682,0.147725323090072,0.197098784864465,0.187104729744267,0.13159956368882,0.230936479039782,0.232695935891273,0.130132040795367,0.0956433386399045,0.179272462063075,0.163107110847271,0.170274473562604,0.114385149043222,0.100236669089562,0.199854644778669,0.119075448922369,0.148094470518091,0.152832850741492,0.174588238377837,0.200125390463738,0.209232076141705,0.122358180680937,0.188246677599129,0.167197182993913,0.141450101185446,0.156827728950166,0.172639467401812,0.230172288971526,0.150477184847657,0.240350500933257,0.0917672160723251,0.229430764671444,0.16744131306646,0.149845699250781,0.28531302871079,0.196441166820118,0.14695752494387,0.219031185694476,0.189070018426215,0.207671198742525,0.21856006041319,0.183933568921129,0.21266128159836,0.202798583655722,0.133773478835287,0.177435892224808,0.0550418478034377,0.21783871370354,0.185602209230252,0.116063354404211,0.186856252086934,0.203136018921849,0.206155174310789,0.167129366135084,0.153539384166093,0.184357539532696,0.176317564300681,0.165388388486132,0.170873411372092,0.239992643213653
"cayennensis",0.289021629865363,0.240696352173806,0.209157281759946,0.267275366613481,0.180564497598383,0.213941602840243,0.25038683992367,0.223381728311042,0.181866399460026,0.100495099384182,0.175939505107321,0.146201993187141,0.188489905887519,0.173493830287204,0.186707404110332,0.22075979669509,1,0.254293866358132,0.259858537590675,0.125925792263762,0.414346212435504,0.0809637733339701,0.126505219434273,0.239532213235981,0.313525888718843,0.249072302907185,0.159465555359949,0.19691728724861,0.300453693141049,0.302777423547897,0.212039238590296,0.0973325751553719,0.286549535129045,0.145347016060115,0.125114256970553,0.200511679037113,0.191697064214463,0.15864765210834,0.171869742451993,0.163830282479139,0.19580912707726,0.159310615169107,0.143462775568804,0.223903513410544,0.160967826450241,0.116078801866667,0.079158082347152,0.156499144350364,0.195973628858558,0.162539008227505,0.129950037201284,0.0962974361639803,0.220559163672426,0.0990781800464539,0.162133665647196,0.241409657103405,0.200777897927716,0.216747603831431,0.311319064927519,0.118095124605128,0.186522489323399,0.204929690843845,0.170070217950915,0.181799753409968,0.153294293533103,0.282290406337019,0.182213949349516,0.283090102646064,0.0955113515357632,0.25868269334679,0.140285721181689,0.142138261260979,0.233636641703777,0.321275034666239,0.101315998305803,0.246286768889099,0.221276964806568,0.144647330590974,0.429131395384121,0.373865109559645,0.212898547865885,0.240292953168206,0.133650100649191,0.206300498584884,0.0371901366315927,0.266093603507921,0.224208686375593,0.21779047508064,0.351451801763312,0.221015127608782,0.362523484567885,0.170888034331731,0.165738421500846,0.122819817900822,0.2196710135185,0.247318706479978,0.180888179724611,0.3298834269154
"chartacea",0.340996989594905,0.330681664882261,0.295336655259502,0.289339428492008,0.203036726202197,0.142997675776167,0.254193497561719,0.16047743877419,0.176354731374319,0.0930837282238631,0.228194749233888,0.150453984369338,0.195204786620379,0.196121333768996,0.170305858765216,0.237358656770184,0.254293866358132,1,0.224632617455774,0.112034303819792,0.302519837760262,0.0708103643418348,0.18189678274456,0.240825068167845,0.29251208210982,0.184823785900261,0.184147496739673,0.215140403635052,0.271534318864953,0.211478957776181,0.236646603980925,0.0772524536354973,0.224597148965446,0.137902483522355,0.162911753187546,0.170767411646237,0.233897246450481,0.148395607829861,0.1577737067048,0.117112756978011,0.188667368464933,0.203043269053328,0.167932134522537,0.231421360502368,0.187871123614495,0.132397288543775,0.0829613605929954,0.184835298879428,0.177683038840112,0.173814472951284,0.134336963283501,0.166442794882235,0.216910668614637,0.129794988139999,0.145129457408782,0.164759890159206,0.221177879067796,0.29586446035805,0.244146415767025,0.159983114445865,0.208534259609785,0.20398094074565,0.140406049521007,0.18729301932276,0.155606670598712,0.255664926633137,0.221652106690224,0.301780300048945,0.0785742310477002,0.257604435350173,0.161059447168134,0.125607547706436,0.221616490983187,0.3117360244907,0.136565866347855,0.232847304511341,0.191008266068784,0.185231706601355,0.319394853291766,0.25250440158243,0.358382832202129,0.238128827125265,0.104467250651521,0.271498037541211,0.0484662348686843,0.186497724152529,0.17978477424944,0.151264467948963,0.236022987647975,0.3063961842398,0.279339435187978,0.187923242701021,0.154190646488871,0.173023792312534,0.181175315330702,0.20659177494758,0.202508723231836,0.302170244870162
"cinnamomea",0.329764305623185,0.197379597081172,0.272342593113287,0.245879380271056,0.180308938274607,0.166981632990282,0.235967353971882,0.157882834669504,0.145371020392423,0.0900693772700449,0.210687907375565,0.123771543513525,0.149986835903314,0.209764371532443,0.156381106871354,0.161497705651815,0.259858537590675,0.224632617455774,1,0.0954738339833858,0.290542206442776,0.0864775053783139,0.108158254539177,0.213572708978901,0.230828220123665,0.15291707379639,0.14395735101021,0.191676976966166,0.234470719216023,0.165056508244968,0.218727153491914,0.148685662363057,0.266591143470696,0.123100930851257,0.120937913907136,0.13704671667287,0.120633265669715,0.212797888676964,0.240978491134982,0.14984480104078,0.163773056417307,0.175998653445176,0.119339168276029,0.151469385371628,0.147981166212654,0.112514142203543,0.106695739638603,0.128297110484818,0.153696072700159,0.139633274856909,0.0979426212382048,0.0757011083185607,0.219621737650548,0.131701844268275,0.11382087453639,0.151405764070831,0.218557987896554,0.171574740019815,0.236674629872459,0.141073883175918,0.145391850314245,0.197678767160007,0.152786435232018,0.181060705563617,0.199965250588284,0.196017582692173,0.172527559497963,0.200214830391491,0.0970352861436105,0.196865309732813,0.136946718221396,0.139251146435759,0.125785523734684,0.320473389841838,0.0695404097644438,0.253556677537391,0.197243365395942,0.134065110715372,0.333366121042793,0.182352098130072,0.248145756648444,0.248508614920839,0.0712060586242547,0.252042887850099,0.0493874250398047,0.167929014719134,0.178913962158245,0.20111209327502,0.185931107678257,0.280619843912673,0.298912201741253,0.181973756308207,0.182362729089395,0.10318421356587,0.175363506648744,0.259879676294607,0.176320933559834,0.272828877953039
"cocleensis",0.116580970426422,0.111026341449857,0.0836819527920668,0.114264028268006,0.0944645832145132,0.109152768356829,0.110174015946369,0.111518215911489,0.0952123113879971,0.088054577342087,0.0969908143026783,0.0839664357703751,0.103570732783482,0.119614482404863,0.108962710614252,0.132583105585058,0.125925792263762,0.112034303819792,0.0954738339833858,1,0.0980626906683078,0.0521962451570971,0.100498497928594,0.129476623502046,0.0846716706326553,0.073068854917131,0.0752675772439857,0.165574991178501,0.104983383222176,0.112408494530668,0.113315449990561,0.0626294420056972,0.100387142957814,0.0677836391522543,0.0724073233690398,0.13738624930155,0.104495269682993,0.089456057854186,0.115550621929547,0.0860930655780928,0.0694604745666827,0.113286960347452,0.0839425555508273,0.122801380691313,0.108071410088907,0.104644266690572,0.0711291032973709,0.107127408061098,0.0918942665537362,0.0689206561418957,0.0726857024971376,0.0881327053279882,0.101746953727705,0.0962823273797456,0.0779028773719634,0.095939749660003,0.114705822108836,0.0745530324452525,0.103206051359193,0.0801171469752775,0.135227217151435,0.0937246846632355,0.0924227872800047,0.0958965860953218,0.102180279595413,0.13053863113412,0.0820442403357002,0.126518118404364,0.0491895913933253,0.120826606387876,0.0886584727495961,0.168312229589149,0.113042554859391,0.0848816675176404,0.166797649389341,0.115864308001953,0.0937217115090293,0.0716009174119151,0.092580661363991,0.086586153768722,0.0838876956146639,0.149263062998572,0.0815803774150816,0.09214948345625,0.0436908608140088,0.108506142491996,0.099931330540927,0.0832036116819769,0.0872190730774634,0.109166502430006,0.112971952667204,0.0805836662049212,0.0734003763330826,0.108767079485408,0.117951490560308,0.0631762032002105,0.108184784729508,0.148178827305759
"cordatoalata",0.363412947185014,0.267976342285064,0.241284589421021,0.253386171524168,0.176298938233872,0.156380880910213,0.280338482679545,0.203500562730079,0.19898773205813,0.0832012975269758,0.199865427195929,0.165100232717134,0.173985699068378,0.199538805519371,0.219177833063285,0.205176646857796,0.414346212435504,0.302519837760262,0.290542206442776,0.0980626906683078,1,0.0739027832419272,0.127768585375215,0.247466480427238,0.343060824420304,0.217304881435284,0.17315972568675,0.183503785817336,0.290891900286976,0.275192293483087,0.24971507941584,0.084173792094108,0.334220776393823,0.145418944596155,0.144514280796157,0.165790905453777,0.207911290678777,0.163928965688645,0.176743953211543,0.108674168414652,0.17627634722216,0.176726630513493,0.174844165572512,0.21972212302062,0.175783850005393,0.148880226510615,0.0787192323594849,0.180309692910971,0.206503660355749,0.161013204380328,0.12259967889964,0.100386901633388,0.2333100306815,0.126350085366999,0.159579531431981,0.267122935099361,0.228553288045315,0.243776521221162,0.274984977713115,0.145997897371674,0.244542220392077,0.245535868905653,0.128449256792712,0.170894228691133,0.190712517662146,0.252624391658665,0.214775354561362,0.296986926311563,0.0733885409587639,0.261690724317179,0.158510418299383,0.121011854576155,0.183300452021505,0.319570356394801,0.103919566810982,0.2531632455838,0.189399805077625,0.205437658802315,0.402090541966589,0.341432087058622,0.293803953781311,0.248096792550579,0.0874305444605186,0.214572704312573,0.0591677476655256,0.212168671094836,0.161970279922968,0.157647297021375,0.370502305608429,0.250626111427672,0.389014373854617,0.200736064085243,0.211756490511067,0.143466770782059,0.205463749361902,0.27949661586066,0.198479759676754,0.367811492672244
