"","acreana","acrocephala","acuminata","alata","alba","aria","auristellae","bourgonii","brachyrhachis.aff","brachystachys","brachystachys.aff","brevialata","brevipes","capitata12","capitata33","capitata35","cayennensis","chartacea","cinnamomea","cocleensis","cordatoalata","coruscans","cylindrica","edulis","fastuosa","flagelliformis","fosteriana","glomeriflora","goldmanii","gracilifolia","grandiflora","heterophylla","huberi","ingoides","jenmanii","kursarii","LA17","LA41","LA48","lateriflora","laurina","leiocalycina","leiocalycina.aff","lomatophylla","longiflora","longipedunculata","loubryana","M18","M25","M27","M30","M71","marginata","melinonis","microcoma","multinervis","nobilis","nouragensis","obidensis","oerstediana","paraensis","pezizifera","pezizifera.aff","pitmanii","poeppigiana","punctata","retinocarpa","rubiginosa","ruiziana","sapindoides","sertulifera","setosa","spectabilis","splendens","stipularis","striata","suaveolens","subcapitata","T18","T21","T29","T50","T51","T82","T85","tenuistipula","thibaudiana","tomentosa","ulei","umbellifera","umbellifera.aff","umbratica","velutina","venusta","vera","virgultosa","vismiifolia","Zygia.mediana"
"acreana",1,0.171781304064914,0.103375367467844,0.247082100898277,0.153392406762045,0.110324902882268,0.179006397517989,0.128497362543616,0.158102553410631,0.125718283475936,0.116613793181688,0.126091909625986,0.101371632594417,0.219192371720712,0.161191644283295,0.168243244738954,0.162827665938588,0.156867443963862,0.128154970739334,0.134123267155502,0.157749515608223,0.100774512708601,0.175462756199903,0.161017724167526,0.240701999129402,0.112865556355722,0.0774946755857472,0.140393452739278,0.195820233741885,0.164509745790706,0.135836819736677,0.106536264828818,0.171901472901638,0.140096453692795,0.131046263668272,0.134646646997901,0.124909970941268,0.161141781700876,0.117499787548968,0.141705983027862,0.143209519130068,0.178700788457903,0.114434265047572,0.134503046608074,0.114430173714106,0.106435421067193,0.0952428126024954,0.153333150198755,0.138630117367996,0.0805704594971692,0.0925244943520394,0.0867130963080625,0.188723268318022,0.104989166631004,0.117003398953571,0.154968827053774,0.159236378236999,0.122353166219618,0.140077662532067,0.125205418649039,0.170553860085909,0.183907283174072,0.133593796385693,0.147079898127151,0.170642603208366,0.213280710493496,0.17881151485361,0.178209316801163,0.15187002410927,0.228438551277166,0.10625359701423,0.127463912346388,0.165364225470783,0.179475090070291,0.167279719291964,0.166659209231749,0.2027528513616,0.139503619112942,0.162613458901203,0.160657843014513,0.118840216313291,0.168427488837491,0.145888173548333,0.245235172367036,0.0933741739230968,0.113424057301484,0.134176176813408,0.135323889521112,0.0781036652676487,0.157737220329742,0.0944035457146201,0.117863830544238,0.0848281675185376,0.171793132268411,0.119814087427048,0.135846787284983,0.109303603880525,0.164816012169438
"acrocephala",0.171781304064914,1,0.14733998534734,0.206488928374643,0.171756783967803,0.156777774588133,0.180920501281517,0.221393515077862,0.179743921766771,0.164318484563698,0.129012026726355,0.169363413494885,0.167459757123197,0.188143645098671,0.190202418346162,0.127026762206108,0.130467719394473,0.366027608914181,0.228796982095314,0.229336052006658,0.220895335456214,0.130565623692998,0.1767959034571,0.184359133005515,0.185581152557616,0.13552364403163,0.100835076565584,0.203577966442323,0.156977567296309,0.169678060644404,0.16742801304136,0.142165820057226,0.190423924947414,0.189732298458489,0.162567022314139,0.138673710295906,0.116151204235616,0.211516963542145,0.14138384762834,0.183995901174599,0.146730915362772,0.159916885350473,0.113054737108474,0.170136643216163,0.177055945460471,0.167267831262582,0.12507367465932,0.159031194722124,0.186445346377796,0.0997057914609463,0.123727109644036,0.125288968173539,0.17455941321322,0.163122555539919,0.171619860319183,0.257967613770264,0.223444943965778,0.149297431441158,0.178514227870019,0.201663364791501,0.200825563427454,0.238902803343619,0.197423660863129,0.148656912436311,0.18328419536799,0.234899847238403,0.182255463709687,0.213790957590973,0.203200276456151,0.168567627478882,0.0983472101001905,0.159258872952693,0.19119643626476,0.160464306334282,0.183019270883822,0.166653962577159,0.0936129925478501,0.146903505571075,0.140417962671186,0.150678158639183,0.156624828396252,0.17674435404924,0.16613187975298,0.145006189257421,0.115188436132579,0.11745985000582,0.173394492843848,0.150170770822877,0.0911944514176656,0.167033309317506,0.12056766975731,0.122146458679534,0.0973615604943308,0.184968812194145,0.145937548507076,0.126282863000506,0.137847091659825,0.207707842216621
"acuminata",0.103375367467844,0.14733998534734,1,0.185481316333464,0.114338063055997,0.158716582339683,0.121705161484127,0.151565904413131,0.202910999721109,0.163405086442106,0.0897321678796894,0.132873895389897,0.0947262784124793,0.154309061004054,0.197891011274227,0.128439722863703,0.142965303233863,0.154948429028607,0.168814709703734,0.201701663546942,0.18227406681909,0.197638921021892,0.128078587406041,0.204882315013254,0.167245742884855,0.156475132751417,0.0980794993143059,0.199049348669507,0.124174090061456,0.159580892807899,0.165892765057881,0.118273108557012,0.2280784795058,0.14078626441133,0.168001259945325,0.131793481275127,0.117022882725615,0.152173258962958,0.180124232968341,0.129511223208386,0.108431117163131,0.14557389239051,0.121266824819353,0.335227211771428,0.438159427747127,0.131817107724432,0.122514910754993,0.139940319365164,0.153456322380687,0.139926277295913,0.127692210118126,0.36613352968045,0.12029734908398,0.225128419209095,0.315203171031472,0.135414280869096,0.202687126114162,0.148448444352099,0.171369649901902,0.233901412806812,0.125360249077587,0.194311387937598,0.192129699092817,0.142038330243113,0.15613180721218,0.232618769547316,0.178726380858751,0.151822538793455,0.166415182451571,0.156163835044554,0.0792849859796731,0.140578493796694,0.116848009886504,0.155224988271402,0.17190389735762,0.135014880557693,0.0869944736769997,0.147510676170192,0.149396844237185,0.166245116128277,0.181585063459104,0.120784125154961,0.19253315072047,0.14503474716295,0.107877424177858,0.0999743917092896,0.237804508836793,0.116635308200916,0.0750889136914776,0.130498719995229,0.192971096590444,0.082860834512427,0.144584163694018,0.184481203651229,0.387530858860315,0.136339917711106,0.171373953895045,0.159268299821281
"alata",0.247082100898277,0.206488928374643,0.185481316333464,1,0.247287493647229,0.139864271215461,0.310228302556234,0.174876858631222,0.302730501057267,0.210337953548096,0.12886355234082,0.175172107337202,0.107651338443271,0.269539346300088,0.333095345749228,0.244089814592365,0.223867615290516,0.243601146659454,0.2529628554751,0.294934736184768,0.314797683301295,0.283306943121758,0.232794356711105,0.299054109749819,0.266310358226599,0.260246992221208,0.0900132090291721,0.224774541636929,0.23011832092508,0.207462778095045,0.200499911268544,0.152030294980275,0.359672173441486,0.226105968249253,0.185050044520457,0.188574485322137,0.175095524987525,0.242295838622314,0.15583034571394,0.213959128606367,0.200553355816329,0.258873706516417,0.179962691883439,0.239542004909839,0.213640586666857,0.156759958331867,0.194195735833691,0.203871230371704,0.214974352314727,0.12925228001543,0.171316083809399,0.215337568078061,0.240166155778882,0.183585507813501,0.159392835257567,0.234015892622427,0.260445635981159,0.266539474362472,0.23894317366918,0.2510392928467,0.224749646644257,0.385634940181678,0.272239791395801,0.24575886972336,0.195142606089894,0.344912340932453,0.31543566300798,0.255992093466786,0.182785345294798,0.345080939896061,0.137768599520771,0.209505189890834,0.191194280095232,0.271983014938454,0.281756099375478,0.202883723119971,0.193215610954439,0.211517611869766,0.225391706551222,0.242163729106988,0.201001630729745,0.206891208706316,0.256631890078409,0.212328308549529,0.14649512982275,0.145900669889619,0.23420473793615,0.186094516789211,0.104853494096785,0.190332283381993,0.257815591970823,0.140099822589665,0.163529290427932,0.330515510272075,0.220115306796087,0.265988565148574,0.26943342898254,0.255989958391862
"alba",0.153392406762045,0.171756783967803,0.114338063055997,0.247287493647229,1,0.0918742241358503,0.241381543252288,0.135572451694573,0.192562967754776,0.26370638594338,0.214094022237077,0.231252471763909,0.202947937198274,0.243998042824922,0.192139985560125,0.240949517912006,0.138017471884166,0.189102570411254,0.196647064895847,0.199932464308607,0.24089252668848,0.166413104131904,0.161461091001197,0.236656699215952,0.151116307250128,0.284091667513199,0.0614054620951169,0.152884229265722,0.177162887718478,0.142932982737374,0.141595768854942,0.217744019398957,0.257942947827394,0.243680373200303,0.24640499379853,0.12388032480785,0.145556960815189,0.174247093795003,0.130922265241346,0.140005998644702,0.272736010048823,0.248644370909088,0.111581693056928,0.164178509694032,0.143977789069556,0.129493376412168,0.279875215613589,0.149060104562255,0.285435410978632,0.221989797585993,0.109150714719719,0.164901693984559,0.203592413776007,0.110134755790943,0.125093105301052,0.249339269431552,0.181840615154244,0.179097631368677,0.306039953421099,0.187602273095969,0.220753151178683,0.214298400240858,0.173841581308656,0.228738005033773,0.172974754366507,0.22740940917814,0.15629729566358,0.187386802163869,0.13377741320374,0.260963040079082,0.211924054157784,0.224894438859317,0.171904301311058,0.254597338095755,0.218931962453478,0.182625067417361,0.101180257175706,0.135714950508925,0.237512410297793,0.151573908431544,0.149278405281852,0.18939896410992,0.166813350264996,0.144527894091004,0.103101278116764,0.142585341400491,0.150489799716316,0.135561534074575,0.0696056631806137,0.269595033374705,0.166543716584894,0.223727088484749,0.106938866970444,0.19355327547788,0.163885393472204,0.270908032425976,0.156390177164562,0.203280634825534
"aria",0.110324902882268,0.156777774588133,0.158716582339683,0.139864271215461,0.0918742241358503,1,0.111471406753512,0.193824865867505,0.122917230945849,0.107075558167928,0.0962670548768134,0.115678020428941,0.113490474832971,0.119651436982522,0.117673272504398,0.0958731696031895,0.105114175062355,0.123216155049492,0.122122394799557,0.130268424547833,0.168938362460417,0.0921098923028606,0.105838081328566,0.121173329850942,0.13310048623193,0.0988729162570609,0.12784163306784,0.177191610122339,0.125488472169372,0.126702215719411,0.135578654351635,0.109525978931466,0.133933338651996,0.141518103842616,0.10834156176959,0.11012150717832,0.115893573650421,0.109035708352171,0.13512484699991,0.130512449879463,0.0968690133488844,0.105341169554135,0.0735934600795121,0.175547190755826,0.156040086821811,0.093368110766388,0.0972682657619475,0.113634774102823,0.180489571378176,0.083836812020509,0.420009107933253,0.125802427034839,0.119440519218116,0.126627894537998,0.15477610662927,0.122476235773345,0.141777539665141,0.108732888008586,0.109054855776171,0.142299921242333,0.139600071111714,0.126993226355851,0.150075745588284,0.0971551916106388,0.143113970022056,0.1653663525515,0.114519616115716,0.123286240242485,0.116353695077367,0.134592431363929,0.0755017820086915,0.128634465422494,0.300126636088156,0.109613782467989,0.110133151778101,0.113358997672686,0.0898632571461529,0.098082208069853,0.114837752035992,0.115323291916363,0.106045045163548,0.121510178317262,0.110994488346708,0.122768429685011,0.113560705080956,0.0952394050189271,0.149226652580555,0.12075449569047,0.0576124225034318,0.141469546495732,0.0851940138807191,0.0734018571303786,0.0741131796735996,0.126185688088563,0.151899434098351,0.10377255472085,0.0984444510709941,0.147666074506152
"auristellae",0.179006397517989,0.180920501281517,0.121705161484127,0.310228302556234,0.241381543252288,0.111471406753512,1,0.151302221152556,0.199166666170567,0.168412627963067,0.136871648879634,0.165096148742513,0.11486336241374,0.222883659880452,0.23503767589351,0.219571922064201,0.195380038080875,0.221917764365004,0.170856083617586,0.169976830345705,0.200374933190564,0.168386283386516,0.199628672959594,0.192891469198649,0.194897723068175,0.182636458094171,0.0745326438356519,0.188268423259053,0.182459514880373,0.220638608024535,0.160179690253852,0.11437322047203,0.250575609825694,0.235004791754002,0.177343175158679,0.172482405159118,0.168689031932642,0.166204092068376,0.129473101309823,0.157734006686848,0.178097420742803,0.219058137923208,0.152598300346387,0.231531492571565,0.152283479738741,0.139628621964628,0.134767622529016,0.167927602220726,0.1893148714646,0.114295761661914,0.125677589928429,0.152105230180807,0.260498677908495,0.122713620465239,0.139391242017134,0.207573380860905,0.209437545556985,0.175171526177663,0.195595361892009,0.178681387692802,0.205650156166587,0.247675678676967,0.20655880395186,0.201198398222995,0.211688220046858,0.237199645801636,0.232612487640205,0.257536638774316,0.153412665249959,0.249799729187799,0.157852885752963,0.153434459875802,0.168998543238389,0.222222527950976,0.190860186743789,0.194731470399364,0.125849083952756,0.142056970236447,0.204966757564493,0.171931710429745,0.157869898791962,0.211412013997742,0.178569911932334,0.141658220867069,0.133362287249841,0.164108738988753,0.191479899645248,0.179786253007367,0.0895258071596269,0.204473732296445,0.14809148525029,0.13111962599533,0.123336727156285,0.2143283156535,0.152077913138363,0.180739094794863,0.1850994292898,0.224083022554992
"bourgonii",0.128497362543616,0.221393515077862,0.151565904413131,0.174876858631222,0.135572451694573,0.193824865867505,0.151302221152556,1,0.14922499716559,0.1576512035794,0.101477961175102,0.124721949303859,0.136696603744334,0.173319680079876,0.195855479068463,0.118676550172108,0.107059110141237,0.156717468031817,0.175543119064726,0.139408041300114,0.177165888946734,0.119861022989484,0.14340509423807,0.154723395500566,0.162649222169559,0.111519052808373,0.135574171027085,0.175448196714976,0.139151338339938,0.174755993831783,0.16883554003746,0.135813188673011,0.160746095551626,0.130322705018374,0.123341350103924,0.150390328035901,0.130295084307869,0.184476688476935,0.11236012098454,0.150732565404649,0.115220910644002,0.129428784128016,0.0993435696932749,0.183164820486009,0.15450683250784,0.117706102941031,0.105172791866557,0.145942183732011,0.167648610363583,0.0895718149976596,0.115070061313035,0.111993334274346,0.162252141174382,0.216414114432665,0.152091780378365,0.137744389562689,0.181149187032806,0.151399717709157,0.161812676382278,0.192250952224427,0.205821775327966,0.180826581340458,0.166755358330552,0.132670430959153,0.142122344412693,0.160811557446979,0.192935062245825,0.171615698203572,0.190804316048597,0.142478896585863,0.107776411012441,0.131845632701469,0.16817131984881,0.168843486518939,0.163093323819195,0.14570093264367,0.0885470090095281,0.126017210650849,0.128892835245101,0.145424916886542,0.16509779046808,0.164228713415324,0.177884681347007,0.135201201217257,0.101114962116336,0.121879603265307,0.160019670794505,0.170497829634415,0.0784848642217904,0.130632433245606,0.109058735164242,0.0868526096145427,0.0947240728170653,0.138600634078923,0.141121587390944,0.10094331736476,0.110070384648876,0.182865006284967
"brachyrhachis.aff",0.158102553410631,0.179743921766771,0.202910999721109,0.302730501057267,0.192562967754776,0.122917230945849,0.199166666170567,0.14922499716559,1,0.168180506091511,0.111102349461089,0.141116810678146,0.100564379375635,0.391108650210413,0.547099263805864,0.297638450085057,0.167896824762766,0.225897793323404,0.247459656109165,0.271852249351569,0.294551820516212,0.323585787827339,0.169604634605001,0.315459258905399,0.178957957503979,0.213839090515765,0.137739475654748,0.181770162704478,0.148972246649069,0.15557402793533,0.188307412914005,0.125395797426759,0.294175412548564,0.216135199076471,0.129384202447057,0.166818793773508,0.135969611959248,0.190095019561012,0.12086580685319,0.159188956354245,0.150421821847235,0.239623274099354,0.149014530200578,0.250063500351392,0.227834203477971,0.142198248627429,0.19256075693413,0.192090786416677,0.199822133372033,0.112346578679709,0.161112062926266,0.236945617407482,0.156097651971279,0.199346372666488,0.168282567235126,0.257144057126089,0.233813450967705,0.260702280740516,0.18796819301712,0.292935374004088,0.16483893741042,0.376774637425831,0.238844660217443,0.180992962648058,0.154040724525238,0.249433336174507,0.214398339427425,0.181115491803934,0.197230953967985,0.261886031169867,0.105034836173566,0.216737330572413,0.162474705338682,0.249523144081577,0.263204519530208,0.1735232810322,0.110339150459906,0.174063050505804,0.213062017616425,0.214716287318742,0.188414173423014,0.153609716904461,0.219754392034774,0.196420618994516,0.144359869316905,0.137205190614922,0.166715548838551,0.159329960954419,0.0858729029407618,0.15986288784405,0.246863617885235,0.119225245829595,0.167840509346677,0.260767013244187,0.24180070379969,0.210618477724162,0.225383842920313,0.247763406078791
"brachystachys",0.125718283475936,0.164318484563698,0.163405086442106,0.210337953548096,0.26370638594338,0.107075558167928,0.168412627963067,0.1576512035794,0.168180506091511,1,0.330671879300374,0.291117405878531,0.22322034617308,0.186252035634766,0.186763023858463,0.166922289299952,0.117323395145271,0.161904790624779,0.156874725454347,0.190332798884903,0.184412078434847,0.174231809324672,0.193384708382441,0.194211219076793,0.219440001989063,0.343526877152633,0.0791911403229918,0.180531536692587,0.189256702355495,0.165098584691705,0.176041289742921,0.38121063342459,0.199169397179669,0.193522828276513,0.338023441598523,0.144501992469811,0.131242187110707,0.183263522750737,0.12222743615698,0.145275252235189,0.355102924332668,0.171866761320237,0.124286260504644,0.164559234563217,0.148802822725314,0.150259087135605,0.387909953653047,0.14902909249305,0.326569054912104,0.289128732603826,0.130836470327878,0.139797231381788,0.171893225753223,0.18253002865403,0.116292916007617,0.15178219916396,0.217182499162202,0.152548006953639,0.464469189432915,0.204709351895983,0.144252386906128,0.223418059808406,0.207932950239979,0.157857070642151,0.177955790439887,0.190071890297603,0.187506753913631,0.199984383904387,0.163426708922162,0.193340053692187,0.264128173187337,0.151913165082683,0.133393669557865,0.16687712337204,0.214485299592659,0.148404342618773,0.119030417754486,0.148585221686403,0.161247063870317,0.153071177851101,0.16826441511284,0.151857545629876,0.188783101747807,0.148922134529871,0.119865769823704,0.12499017622075,0.171983199836331,0.139394661473132,0.115882468119535,0.274203323181397,0.137934927291594,0.305737386002819,0.126623238889171,0.200854799709879,0.198372511421909,0.386954330680508,0.203162274519223,0.171495106137478
"brachystachys.aff",0.116613793181688,0.129012026726355,0.0897321678796894,0.12886355234082,0.214094022237077,0.0962670548768134,0.136871648879634,0.101477961175102,0.111102349461089,0.330671879300374,1,0.339506351057868,0.205521795531985,0.14266206363752,0.106360065534047,0.114098049235674,0.112007442817698,0.129146593244063,0.0979812411036882,0.124960933705746,0.129190914068221,0.0942479341662942,0.12593084971324,0.125669353769036,0.110650452198336,0.270286876320856,0.0904801377039658,0.107938064338816,0.0897801911014031,0.108134384890712,0.103576607163762,0.326755251815017,0.119364887331477,0.107747408514977,0.26946842592098,0.0832465955496071,0.100568433271786,0.0885006068351094,0.0866435694024973,0.104283546268319,0.329714996083515,0.118316795770933,0.0722330381272236,0.111372456297295,0.121846526609983,0.111624978325441,0.294031126687787,0.1076290399143,0.271961757161382,0.240079968619068,0.121383588723412,0.101343240019283,0.126130804025842,0.103767203491647,0.115393236613008,0.109371187152078,0.109333238417488,0.101727526417136,0.228118083925289,0.109929405392177,0.105399685857394,0.132736893784049,0.109102566185129,0.0969679929894402,0.102805788016593,0.130734919946285,0.0954503983582993,0.164038640777702,0.157757218959652,0.113584194314833,0.238910108265753,0.100167788649303,0.132038559710004,0.115751430236725,0.11386903988844,0.140609524485521,0.0690509123275146,0.0741396629505325,0.105120370380124,0.125411472487126,0.133818774815359,0.126461350565497,0.110344743891465,0.101933447828668,0.112903221106478,0.12263034524242,0.142652570529925,0.109588119780243,0.072287336119204,0.24200206130173,0.0945721517011427,0.405502129465415,0.0798274487310245,0.129540549399318,0.094179682649336,0.296327716436916,0.110689061135772,0.131451842302513
"brevialata",0.126091909625986,0.169363413494885,0.132873895389897,0.175172107337202,0.231252471763909,0.115678020428941,0.165096148742513,0.124721949303859,0.141116810678146,0.291117405878531,0.339506351057868,1,0.214608692550403,0.147660746993563,0.142402156111517,0.133569955155044,0.137715577343307,0.170077900643484,0.119581035975122,0.146773567095614,0.170430021539994,0.123251531822051,0.149935012953317,0.138278515114412,0.165196506090601,0.287268571999886,0.0677682927326329,0.156942336224122,0.137839783513514,0.137807576892998,0.145123699063071,0.269753313961817,0.18181734083682,0.170160564832891,0.299990155014087,0.107367285803675,0.10783866998353,0.157054006684172,0.107977764448985,0.143538462412405,0.289115278933236,0.130507798342793,0.0969015289226698,0.137438547840051,0.133173532120842,0.106613074357574,0.296263112525106,0.137946197973947,0.286833373623531,0.271500720740864,0.105636093539301,0.112447268579859,0.150861543244052,0.12686003591211,0.128006335641893,0.142014991324982,0.152808327647274,0.133420388447144,0.273274223474406,0.148117381473129,0.146306668798454,0.181400407162209,0.144663927179993,0.145069170263604,0.145082278158604,0.165615878836442,0.157349823947566,0.186090069573183,0.129349112185562,0.15830688265227,0.261490944155314,0.12691586594364,0.132575286879132,0.141653715932624,0.150079162383561,0.177771796467764,0.136734292020501,0.121093672623291,0.14045902345758,0.122297878476975,0.135251269251312,0.169897496266949,0.146117348722246,0.120560419197306,0.120129571719795,0.118502782513575,0.12768595057407,0.129194627784786,0.0704139419878761,0.254476076454986,0.12185543324626,0.399430280104133,0.0945086532748683,0.190091484726456,0.136400586035308,0.280783516567794,0.14182563453881,0.137306253691473
"brevipes",0.101371632594417,0.167459757123197,0.0947262784124793,0.107651338443271,0.202947937198274,0.113490474832971,0.11486336241374,0.136696603744334,0.100564379375635,0.22322034617308,0.205521795531985,0.214608692550403,1,0.111414562666911,0.0941179641776917,0.0884302692423202,0.131387313590657,0.106826006241234,0.099864511040787,0.0908287761128894,0.143914159514939,0.0853599789425492,0.113113799560642,0.108037162184098,0.151135277178358,0.204496083013742,0.0621494480807884,0.136019495916673,0.10069174760125,0.119734509541449,0.107784928049214,0.211836533554734,0.127415629546296,0.16147226305035,0.222491617726077,0.0745919418122,0.0735582772880706,0.111815306136172,0.0948829306641489,0.115576747841159,0.185350490662375,0.0851074386300507,0.0575198283367453,0.103946511362849,0.117959950440207,0.0937240164641974,0.175993941966694,0.089406078980442,0.227586779523635,0.166032841570922,0.0858192233383163,0.0915184250609353,0.0964161403597254,0.103523849424899,0.0939261249638057,0.117585045937957,0.124575026015167,0.111130238941942,0.236431574849883,0.138735330716848,0.149210463742293,0.149845213094962,0.114861168620984,0.0940715779029649,0.111198578431761,0.131178060657715,0.129544851572544,0.134495149757756,0.13897860765017,0.115660409015102,0.17438085221403,0.123413161033565,0.149810346469223,0.109295106113729,0.136350205150611,0.0931082708353684,0.0817641267058702,0.076182565854481,0.100912197619922,0.084835763710393,0.0937508116466202,0.116599770856752,0.0989062420573881,0.0848936029326477,0.0696691587792625,0.10420074240273,0.102378695212406,0.12027258391213,0.0629766504542263,0.197365874977282,0.0797425759665319,0.215807795708278,0.0688290542629509,0.11110869131551,0.0921934398007769,0.183915853723714,0.0832904951208321,0.130384599628885
"capitata12",0.219192371720712,0.188143645098671,0.154309061004054,0.269539346300088,0.243998042824922,0.119651436982522,0.222883659880452,0.173319680079876,0.391108650210413,0.186252035634766,0.14266206363752,0.147660746993563,0.111414562666911,1,0.374826723729155,0.33245090442206,0.168390401379116,0.204522970866995,0.207107771443055,0.232923990794733,0.255503091054539,0.184640379115134,0.187713631039946,0.281460183299414,0.178667277793366,0.151089942527052,0.103265901140629,0.208655780157502,0.17901707568505,0.169742644711611,0.227144943008331,0.146418951391063,0.276936160731737,0.217848868364939,0.164877141413664,0.165375207164762,0.180575265349175,0.257110733704515,0.165359891721394,0.216536729660975,0.154373791911108,0.272233471563498,0.151171294714344,0.218594227530306,0.212561957239262,0.170083637281687,0.14576478568392,0.218749098375762,0.222362268864307,0.113359437766547,0.158430942932501,0.195471345034668,0.178404397576636,0.169505076920633,0.182245847414332,0.227680487108958,0.227196867345232,0.192192586267652,0.174585761449722,0.24197063082304,0.183423441611611,0.238717974321084,0.251468011620871,0.156820878790804,0.181903481211556,0.305779909247592,0.185922074682048,0.229305633369944,0.169439419812357,0.249951848945226,0.104820695030149,0.195861829496261,0.182700608799505,0.244012675390893,0.247686802620751,0.21798662557211,0.120150645623519,0.23613934897861,0.177182681004211,0.23614452834909,0.192167993644857,0.209065100388078,0.26077451526209,0.186958219435292,0.133332650505501,0.152589478012492,0.201247944645428,0.156259364830435,0.095913819805816,0.216734206169694,0.163065304685883,0.148558995084313,0.140232214220198,0.239842824712004,0.214809613838378,0.167447665939745,0.173769899956388,0.276278698213685
"capitata33",0.161191644283295,0.190202418346162,0.197891011274227,0.333095345749228,0.192139985560125,0.117673272504398,0.23503767589351,0.195855479068463,0.547099263805864,0.186763023858463,0.106360065534047,0.142402156111517,0.0941179641776917,0.374826723729155,1,0.320131299042178,0.172333880173481,0.213548524678624,0.246755403791478,0.265139723630782,0.278108383945398,0.356377527476834,0.204548105138757,0.285057651422569,0.21243224796467,0.22046903108835,0.109686216839246,0.184828622894299,0.161287719417859,0.184701501222073,0.187823420012537,0.128243514163275,0.279696101664902,0.222977623203974,0.146119387576976,0.159560712623023,0.151415631196919,0.279867923134041,0.132792481318766,0.18188669923461,0.160429002878621,0.218817072320781,0.149162802980457,0.22771893356614,0.22504024957276,0.163566807687492,0.175058302007778,0.189863605532235,0.21412430682692,0.109539378917374,0.152335765652951,0.21860893230059,0.166880920287327,0.202965206446981,0.160597254870391,0.226999966801558,0.241773312164279,0.263547467328728,0.206940832781989,0.267650802253633,0.181689619137724,0.395746288761274,0.270951390571027,0.216946765894557,0.175210600569042,0.25793171257024,0.246549599313871,0.19269966364473,0.164488434715593,0.251279055622724,0.137166161760434,0.203613689812169,0.152320163460928,0.266601749413795,0.27535050248152,0.190386035140773,0.125120495365152,0.190169016805176,0.212755755757694,0.232929432513371,0.198771210359336,0.167657271637694,0.245968022919619,0.19518312486322,0.158747983630347,0.163011508304827,0.211651108117433,0.18371073978032,0.0909934206442659,0.178634323890591,0.25152058354301,0.129883991551979,0.171079800214288,0.277267187653828,0.220758282955467,0.227679390013044,0.229155836852796,0.250062079810601
"capitata35",0.168243244738954,0.127026762206108,0.128439722863703,0.244089814592365,0.240949517912006,0.0958731696031895,0.219571922064201,0.118676550172108,0.297638450085057,0.166922289299952,0.114098049235674,0.133569955155044,0.0884302692423202,0.33245090442206,0.320131299042178,1,0.159801596620728,0.153550841994329,0.197716889635923,0.269323638653686,0.219923004345463,0.163828414945026,0.189504910246498,0.232932328286043,0.197356338283729,0.175207842513359,0.101813455617278,0.146409521626203,0.156607966530947,0.189404480434054,0.147597204281413,0.105474239402497,0.274193918764346,0.259005468575325,0.165356492225207,0.14712151651732,0.139884259401009,0.139182937388892,0.120057256338784,0.127887537439328,0.163594976255483,0.236087476841478,0.11608927646449,0.17885336360738,0.14981598944692,0.112140780864799,0.17779167532844,0.158426962600095,0.195720305744505,0.107770519985711,0.121371215779768,0.145350700570393,0.177762976490895,0.11725333989663,0.152897891613757,0.225527451149368,0.1955903969917,0.181636583667226,0.183537608956476,0.178693061470523,0.142663135845556,0.196627850168554,0.197797196394395,0.200528998271322,0.15606855349228,0.176871888418312,0.20458657252284,0.193502371115677,0.118994900433321,0.239962376829919,0.112424103538745,0.179891451759816,0.142123660537207,0.233985802024709,0.272260453397018,0.168210086450714,0.133253182784231,0.141167453943984,0.20369067690565,0.152410956523977,0.144347555782044,0.146906928652075,0.17823157485359,0.175445641204149,0.141270595121151,0.149423397689795,0.192353057652748,0.157888236678867,0.0769912528698689,0.156233455208215,0.159673683282899,0.138336404592645,0.125737046905934,0.208443182237495,0.181704758121065,0.17067188566704,0.162507374567756,0.1945317680903
"cayennensis",0.162827665938588,0.130467719394473,0.142965303233863,0.223867615290516,0.138017471884166,0.105114175062355,0.195380038080875,0.107059110141237,0.167896824762766,0.117323395145271,0.112007442817698,0.137715577343307,0.131387313590657,0.168390401379116,0.172333880173481,0.159801596620728,1,0.144526727269953,0.143859863372071,0.15632802427357,0.156496710465323,0.16371232624963,0.18214462863861,0.152073669906494,0.189706686886728,0.15480875117258,0.0973825306491501,0.150769236810593,0.16967679071945,0.180497737525395,0.138726320974531,0.110481718832342,0.186720270949866,0.155384636819507,0.141667792878149,0.111003512030739,0.11335388960343,0.133147713316333,0.131769144098012,0.131343433911245,0.157194985646641,0.126191429717721,0.0948122515478304,0.160452866685557,0.148721987233646,0.129108085333229,0.123686516792833,0.143061376656593,0.178283291503826,0.0891671885334641,0.153009737116341,0.129998039660985,0.173000533770453,0.100901277077478,0.150602798214455,0.163176295179674,0.152024004006747,0.166715968491219,0.144963164847577,0.140490289299603,0.139525072893002,0.216123345066404,0.191198061323705,0.161497063808825,0.181565963355713,0.180764082680113,0.227072433652904,0.165142051577523,0.129629214369274,0.212621566554243,0.113800482329393,0.142211577771504,0.14290695719056,0.17706717831308,0.146552084077467,0.124445126494417,0.148484514911256,0.120209044920523,0.150405525323233,0.16706387340317,0.131818645836773,0.124076900809612,0.151430680288652,0.102847975109883,0.173848404819823,0.146324393327905,0.165306089047364,0.173321345669527,0.0732354080424567,0.122055826708194,0.127688452146305,0.137213855374756,0.138118025862521,0.200975942030395,0.131296111891301,0.170347781725087,0.164035157359118,0.170851716734963
"chartacea",0.156867443963862,0.366027608914181,0.154948429028607,0.243601146659454,0.189102570411254,0.123216155049492,0.221917764365004,0.156717468031817,0.225897793323404,0.161904790624779,0.129146593244063,0.170077900643484,0.106826006241234,0.204522970866995,0.213548524678624,0.153550841994329,0.144526727269953,1,0.17432105125424,0.168802203380186,0.253265653760812,0.161531679033452,0.188380619342342,0.199084522043243,0.161622946854749,0.131815307365964,0.123318741282867,0.193337903386446,0.172584707178254,0.151531077671339,0.199510062482726,0.125484445724442,0.220071405679457,0.160526112505191,0.129897245171746,0.147452904035868,0.109623609049774,0.176218257205296,0.141271576178856,0.160218068513623,0.144955981081262,0.262261452418555,0.18017688779727,0.25389136808409,0.186698231161298,0.160401394233844,0.128805517093059,0.168578225558548,0.169524343620212,0.120501127126675,0.138267999447552,0.176641531990853,0.163714036886532,0.137922213140512,0.165270751361328,0.271551839775796,0.172085790665448,0.18441232906988,0.167731463611797,0.202024489741721,0.178522515980028,0.206176142906384,0.223997596250503,0.165384393357856,0.185737855929128,0.249205393147426,0.152969982593921,0.194995614979107,0.176473486292562,0.23327825313132,0.0939936699204711,0.171882098585753,0.173071195828412,0.160442789232158,0.192259811402795,0.162051528401796,0.101537279062998,0.137861234122385,0.160034230676622,0.181371361269209,0.166948506947675,0.191626980096844,0.181856767755171,0.144419441898546,0.101712410282572,0.110882698831957,0.187110562003641,0.133869578051779,0.085409509230163,0.153189012776851,0.143587992725025,0.122288092620566,0.122037410148181,0.222936951865306,0.165824545059393,0.13574212046158,0.147226555021244,0.225535399666845
"cinnamomea",0.128154970739334,0.228796982095314,0.168814709703734,0.2529628554751,0.196647064895847,0.122122394799557,0.170856083617586,0.175543119064726,0.247459656109165,0.156874725454347,0.0979812411036882,0.119581035975122,0.099864511040787,0.207107771443055,0.246755403791478,0.197716889635923,0.143859863372071,0.17432105125424,1,0.233691204021561,0.240147654805307,0.231309198717823,0.146559002236713,0.236711575997166,0.153999810387716,0.182222377975199,0.181722926016815,0.158222722091414,0.191364193815964,0.12953116411013,0.165208349011072,0.113453095257266,0.241433130772373,0.175052888402395,0.133709419605177,0.167878358092587,0.114396308333547,0.173561128813046,0.146164639775824,0.169392336969926,0.150839678882535,0.222564931477103,0.134231288797751,0.227213562444943,0.158314666320901,0.138961361170176,0.16271059359128,0.168055147627428,0.178457564309823,0.0985723946681201,0.147069949758235,0.187962661073602,0.146373583434951,0.145924144667433,0.14259531950035,0.162346551664392,0.218059859936144,0.239272961843949,0.171906219735724,0.227928628154938,0.132126831443439,0.238167941335664,0.217931604748622,0.166726272689522,0.160930900988492,0.204344739568594,0.183667346278715,0.173070384243952,0.152334292067639,0.22290082724259,0.0824805599481142,0.176333951682636,0.130462144013503,0.210151055105326,0.217131746553034,0.15009680168839,0.0944516657653456,0.145374331948488,0.173334317689683,0.215833570151163,0.165444752775001,0.13966333231338,0.228698495836023,0.142039557036393,0.114424744768568,0.114121385464211,0.171854580473903,0.123986905011546,0.076238493552923,0.128417041073381,0.194887196525938,0.108672855259516,0.160544964389427,0.235878018465504,0.2163441251865,0.17578450047087,0.197533069777895,0.21035032183476
"cocleensis",0.134123267155502,0.229336052006658,0.201701663546942,0.294934736184768,0.199932464308607,0.130268424547833,0.169976830345705,0.139408041300114,0.271852249351569,0.190332798884903,0.124960933705746,0.146773567095614,0.0908287761128894,0.232923990794733,0.265139723630782,0.269323638653686,0.15632802427357,0.168802203380186,0.233691204021561,1,0.311200795145966,0.246578427548094,0.143360290932089,0.332600315564906,0.184941967275545,0.211409239768223,0.0962625862734151,0.187925148943005,0.156435366985979,0.143193046019349,0.177956625585871,0.149168318065115,0.307975916187216,0.191653751102415,0.124265031811423,0.138861259773777,0.146530454898545,0.174109746441626,0.138687282409041,0.166715060090513,0.162168185677008,0.246665270993256,0.122115890438883,0.215428845978987,0.206942637776442,0.137574401088105,0.194196852100194,0.166894007694734,0.192139588391542,0.117424296297087,0.167578887397985,0.241839910267475,0.144529632081629,0.193889012430686,0.163001426945535,0.205079849156046,0.211767954157994,0.2368042323007,0.192450452657903,0.238885717771882,0.216185968059862,0.28235339825698,0.231655494541094,0.20459097992213,0.139618493136371,0.231427527057018,0.233875063490351,0.184022526277479,0.167193195029999,0.230114086775443,0.0862003611115884,0.257920657841478,0.130912491498163,0.26205556163281,0.25120974636868,0.172040892538534,0.101502247481549,0.141200632100767,0.223444965340909,0.200497417395754,0.173219058362428,0.135207219985539,0.2093592927182,0.207595749790223,0.143981028727929,0.128989803296413,0.184438977418754,0.156121859663962,0.0861244723396079,0.138019886057633,0.235072420781196,0.104879223963019,0.15063392010959,0.256922314302177,0.236643368233959,0.2150990397162,0.236243697049008,0.218048073424655
"cordatoalata",0.157749515608223,0.220895335456214,0.18227406681909,0.314797683301295,0.24089252668848,0.168938362460417,0.200374933190564,0.177165888946734,0.294551820516212,0.184412078434847,0.129190914068221,0.170430021539994,0.143914159514939,0.255503091054539,0.278108383945398,0.219923004345463,0.156496710465323,0.253265653760812,0.240147654805307,0.311200795145966,1,0.243667300760906,0.189443438182437,0.321147149369459,0.200651545657618,0.271228640570813,0.0956882767948877,0.202965756340812,0.19572579614683,0.164987457316601,0.21418621132576,0.151288535641765,0.314088960324575,0.290235445286918,0.13519683644033,0.163255003120644,0.162480143915992,0.195394301984024,0.146605835080647,0.170492110093844,0.160546980671422,0.329049960628448,0.186945919046454,0.236313054748062,0.198546730483722,0.142184153879901,0.241246912542295,0.173268531645089,0.219910027697509,0.11450706644774,0.159363006905474,0.252307240373542,0.160183667960106,0.178942331876799,0.166497649844534,0.234652143387504,0.247862963312252,0.269429456192996,0.239566479847358,0.246653664223941,0.190976557138842,0.293279553515255,0.24111995142892,0.259924299440219,0.178265351217977,0.267249071659026,0.217823556491599,0.201314034559196,0.173489789128988,0.290026307713717,0.103390171100166,0.294528039536227,0.199042135417246,0.325072629533826,0.295354264509856,0.198134239146609,0.115628862687098,0.166213912967329,0.272168830891637,0.220523455592811,0.190134771617299,0.16050701060863,0.206511805755799,0.209519286736618,0.140732806936221,0.144951559535147,0.228308705651389,0.145379579567934,0.0844026843938285,0.171747667111318,0.255381487102314,0.120357802084386,0.168901000920361,0.286542891880783,0.229794717354196,0.231364970214742,0.276676173817696,0.28168511500787
"coruscans",0.100774512708601,0.130565623692998,0.197638921021892,0.283306943121758,0.166413104131904,0.0921098923028606,0.168386283386516,0.119861022989484,0.323585787827339,0.174231809324672,0.0942479341662942,0.123251531822051,0.0853599789425492,0.184640379115134,0.356377527476834,0.163828414945026,0.16371232624963,0.161531679033452,0.231309198717823,0.246578427548094,0.243667300760906,1,0.182763726636157,0.257287079206707,0.163313855791408,0.225124047721036,0.087587057302525,0.157986657953938,0.138699721375187,0.119072184242832,0.281462616854725,0.114233218357421,0.283407916001949,0.178532974426092,0.107516001290288,0.143017917513565,0.121389069350121,0.210979877832208,0.117341769569785,0.161086697780971,0.132973536475689,0.19961963305808,0.167266750738211,0.200638689786715,0.185248407743206,0.148132220805444,0.173629489700576,0.287314958546781,0.156094204417323,0.0930675828089839,0.179013153492708,0.274672007245654,0.139216233301703,0.185229891296205,0.153524946982354,0.183211743615434,0.171868769054164,0.254908765559133,0.174241800464155,0.225260465500501,0.125739194548033,0.307455496567766,0.215333874597978,0.200494667970266,0.132644140655615,0.208664593504573,0.222672607725156,0.147408554020318,0.137421604597137,0.210452912447121,0.10200198983702,0.164905838757844,0.123075216979695,0.23790319291531,0.233538160895567,0.131512184412451,0.0978158373008437,0.166219409052952,0.183147910264262,0.211835231589221,0.202728236274586,0.132085591557337,0.227998191232764,0.16743576640086,0.154848702265868,0.111469501857789,0.17528233215325,0.136527830243583,0.0819815766883717,0.15504328674107,0.253635938205016,0.0951573673915771,0.194454184059814,0.265362320212766,0.223916460767914,0.20439731940693,0.24492852829488,0.199224190107651
