"","acreana","acrocephala","acuminata","alata","alba","aria","auristellae","bourgonii","brachyrhachis.aff","brachystachys","brachystachys.aff","brevialata","brevipes","capitata12","capitata33","capitata35","cayennensis","chartacea","cinnamomea","cocleensis","cordatoalata","coruscans","cylindrica","edulis","fastuosa","flagelliformis","fosteriana","glomeriflora","goldmanii","gracilifolia","grandiflora","heterophylla","huberi","ingoides","jenmanii","kursarii","LA17","LA41","LA48","lateriflora","laurina","leiocalycina","leiocalycina.aff","lomatophylla","longiflora","longipedunculata","loubryana","M18","M25","M27","M30","M71","marginata","melinonis","microcoma","multinervis","nobilis","nouragensis","obidensis","oerstediana","paraensis","pezizifera","pezizifera.aff","pitmanii","poeppigiana","punctata","retinocarpa","rubiginosa","ruiziana","sapindoides","sertulifera","setosa","spectabilis","splendens","stipularis","striata","suaveolens","subcapitata","T18","T21","T29","T50","T51","T82","T85","tenuistipula","thibaudiana","tomentosa","ulei","umbellifera","umbellifera.aff","umbratica","velutina","venusta","vera","virgultosa","vismiifolia","Zygia.mediana"
"acreana",1,0.172779332875506,0.216021729210979,0.235807986588371,0.243911849245036,0.133913631155139,0.232698547002092,0.156337660167981,0.265064744178615,0.12045869787081,0.131803318863997,0.121914887002581,0.18064048905174,0.179774290610742,0.233012470935104,0.142729892741343,0.151043571124601,0.251353888502384,0.181063638784262,0.179531853427778,0.160392130819021,0.222739827282453,0.230144786165474,0.237131471914882,0.194749018874763,0.154666191059037,0.157521615398768,0.183335691891216,0.227864265499191,0.146083663312015,0.136839689045734,0.119758568049199,0.221679330317973,0.10104909464571,0.206852677014846,0.158778538947345,0.163785012462035,0.103479738956638,0.123942578667346,0.0656252292615582,0.163524231883031,0.260863451822145,0.176426180964672,0.168182255011042,0.20932901978129,0.124707588860928,0.142089811896331,0.218964013426401,0.137549682646274,0.194871074598438,0.1677962001209,0.181983238271012,0.191732781928277,0.183959518726363,0.1514032639843,0.206551678469681,0.207217457338617,0.16650356400922,0.179370214127841,0.189840302503115,0.202715341953258,0.226037198531054,0.20719234920615,0.246052525462868,0.297269121977747,0.180494637910501,0.162897755719487,0.211326025247715,0.125921079292658,0.261665379751833,0.20850144177477,0.180576572027716,0.214338425037707,0.131853487428784,0.191347980438248,0.216010991299714,0.183830054458404,0.146002325764153,0.15535968787248,0.200897964032777,0.154998540254788,0.209743447501463,0.134684596553763,0.20766706265247,0.069548425985104,0.177438676861989,0.121889267966258,0.193982284684819,0.11414864626265,0.22370163920012,0.19204289676082,0.161797420083682,0.128666270606654,0.242688287987528,0.183917093509836,0.126815300704581,0.0908958159885788,0.197480611217585
"acrocephala",0.172779332875506,1,0.178641989950783,0.242927490072158,0.183654918210089,0.115675078860193,0.209245833478871,0.16139047779218,0.259951059081814,0.150260364162719,0.180971699599669,0.10779692246712,0.129607344489283,0.211752869229189,0.223559793476836,0.17362256905834,0.159335486363574,0.277308416843991,0.20330395922863,0.195985687927567,0.152653797210875,0.279611488817108,0.17269045314089,0.189808679656158,0.143410968406673,0.178524027678188,0.160409672749,0.178697755023254,0.161370518033345,0.128373408133073,0.154704177512278,0.100905409359853,0.224962160907684,0.176128684819299,0.154554877514225,0.135213840443437,0.156494696608006,0.136010217057171,0.137337297555793,0.0707539428240698,0.160885227208384,0.183411377373483,0.131119105634281,0.161439568045071,0.179264160066241,0.142056233745331,0.0967393962177646,0.210191232265505,0.161418520590451,0.153288952062484,0.138967821687342,0.202905945760971,0.202878669392446,0.253459659009701,0.165446693272623,0.161489112104095,0.1854304048473,0.19350034791439,0.181215323273458,0.190031697509241,0.201425423785602,0.195313259727888,0.16109232411337,0.182453685073182,0.254454114640082,0.235995593576332,0.143655775221017,0.22776152426684,0.151176375326388,0.246832881298022,0.154922283026155,0.195429743083551,0.152143592812147,0.190664453879204,0.18442055333865,0.22150851506166,0.136751215875618,0.0832430041292785,0.154809365487441,0.150610341950834,0.135931189784848,0.231379649415982,0.154594889787613,0.218373113305859,0.0934964761081038,0.179779723441871,0.16536070286248,0.154899791752791,0.13615701246011,0.2432285441196,0.232354856659558,0.161736857209529,0.14941012032446,0.178396383643725,0.227083291855203,0.110309424959791,0.107652838631044,0.190152641465249
"acuminata",0.216021729210979,0.178641989950783,1,0.269258937537506,0.252484479800121,0.127896539867379,0.288685592797326,0.179847413681094,0.247829253463373,0.113978046388571,0.12154229575674,0.165578727637873,0.240989756332534,0.214986618665027,0.301389569575759,0.10061709133587,0.115368209238344,0.235640078062458,0.153184679360463,0.184436768906457,0.159698182573009,0.187622366772251,0.322453371835928,0.181362227400055,0.252114535617865,0.141001800820621,0.136589169752023,0.175385631716502,0.26212201536552,0.144616060105789,0.155213697128657,0.100435764640119,0.221905195869829,0.124470655218582,0.239262165115335,0.192935203059312,0.178185609741788,0.113139563662583,0.114434456974191,0.0640381382359902,0.171516634320609,0.277153477946833,0.162483679086785,0.191325951824015,0.194936234056555,0.136729627765445,0.122133993143654,0.201085459006572,0.119917520337773,0.24544991024583,0.200907610212545,0.205879706147631,0.191453914056867,0.263586996819346,0.127754563200411,0.147428642638103,0.246585308185439,0.209271367625177,0.197784527383252,0.183072454081366,0.188057818688511,0.222484647376407,0.298826636197615,0.238201178582995,0.169748797513666,0.159085110857556,0.17510038912966,0.257100590552415,0.126006179603558,0.185020061189713,0.210497619950997,0.271241796208403,0.339422317158591,0.0942891003172371,0.158973281000681,0.214285917202745,0.193111774749195,0.0757578041722766,0.102180790335903,0.19043148058972,0.20115975780133,0.211019880171442,0.141709270980021,0.255934657690345,0.0608042948007326,0.176577327394484,0.102078145718013,0.20168216592274,0.117027548997101,0.212950458066242,0.223915595803901,0.15778110265337,0.115643798743972,0.24041350622779,0.159435805608624,0.152331142468179,0.106760272095223,0.18901418884966
"alata",0.235807986588371,0.242927490072158,0.269258937537506,1,0.221293113467533,0.161801395402421,0.311786865973147,0.271779192832327,0.295473896989797,0.171734667028718,0.164672716896013,0.139751187507956,0.198028616391017,0.211517178305657,0.295252812794704,0.153474347819294,0.169553009632148,0.269385909412451,0.197252800660831,0.183989106987048,0.188775511928043,0.268954450529442,0.282499415675166,0.245794456227873,0.207659014081698,0.201097739189709,0.175426116879506,0.212859031340865,0.20224457720067,0.18030365000626,0.151630456757748,0.119571485119963,0.269744466984398,0.171256206342788,0.217843671626669,0.218026456957228,0.167085695387701,0.139327908880411,0.154448849991167,0.0799350932366956,0.196756577935635,0.311484561386911,0.161849870542717,0.190830953039254,0.207859629320754,0.146658108744657,0.132955382498504,0.274019977069399,0.16851074774233,0.246672805547726,0.185060268680044,0.243764688947128,0.226070726931885,0.298394003830609,0.150231590563138,0.206586471048621,0.24369377775413,0.183850702025676,0.199330688842411,0.207626728107638,0.253782689518038,0.264290929507022,0.413153325820251,0.230972187276478,0.223029400041422,0.220418233720776,0.197350068445569,0.280851643687581,0.148398580700548,0.274946295096123,0.193282423620177,0.2264523268515,0.243518251119742,0.162883893693721,0.221561770477768,0.27474512049818,0.186636511146353,0.0888057205707141,0.165920071650965,0.20530918853595,0.177086864000877,0.252157742769367,0.147891468702713,0.249948243043097,0.0808778607698957,0.228808296639491,0.134605474538089,0.209709349620314,0.164183694266631,0.29312809834247,0.262233108175573,0.172116421971922,0.153142250028978,0.2493704717741,0.210181913164361,0.13955229455849,0.113453589291136,0.216994844646317
"alba",0.243911849245036,0.183654918210089,0.252484479800121,0.221293113467533,1,0.141813325258181,0.307123922716595,0.165249597533112,0.229948813332463,0.245026664417273,0.238721475207181,0.246028976983808,0.265064978479952,0.158984263289039,0.229376906985899,0.11864841604844,0.148582507270852,0.225257449820377,0.210557094297824,0.178842861690806,0.176552778276567,0.231149675515627,0.287991111381295,0.203547445070739,0.208846100266656,0.253119137993177,0.132246587078666,0.174553908584327,0.221118316615347,0.137582454286149,0.120870342315915,0.211542469632752,0.240564581324389,0.128189904976799,0.363128881903492,0.151349084656706,0.158035130501052,0.106572273704532,0.140573917124105,0.0699435892835986,0.273562113577444,0.23336280989465,0.188933586466093,0.173154924701877,0.164957916387161,0.13892844841055,0.219377242990083,0.272711629256406,0.279317645758235,0.326792586185827,0.254705022956131,0.203970007866781,0.199000014634867,0.21959745105842,0.139846404617874,0.195555735513866,0.247815888021456,0.158333390421719,0.296176950093417,0.176888560743819,0.20018919545014,0.254597608611928,0.223415271558687,0.22397956521579,0.238135640397092,0.19390746529823,0.187539984122777,0.19898194248423,0.206651466395571,0.214022806404872,0.344139724042309,0.184675186480578,0.280187070864252,0.130569597228653,0.192289586422947,0.259429336582216,0.187277063335365,0.0939786590665393,0.130708410886241,0.256567338995133,0.154483475181677,0.207919456037904,0.154247786225212,0.247363031692671,0.0630226759554183,0.261701506791092,0.109953267178539,0.228134260792294,0.118715406060033,0.348545049330335,0.220526894086353,0.323049740233839,0.154835385014674,0.237974901865389,0.207337157917524,0.254235635154415,0.0811187105291201,0.188423039556811
"aria",0.133913631155139,0.115675078860193,0.127896539867379,0.161801395402421,0.141813325258181,1,0.155070323414942,0.12332780671301,0.143168559075028,0.10139820587254,0.106062382573564,0.0717400383055334,0.131862659337821,0.128519730488007,0.142914486819251,0.106406436939239,0.125489295577377,0.207654641545026,0.139063232308181,0.110292584034483,0.219301270979238,0.174399545086053,0.155576757217404,0.168846050330494,0.157286860829354,0.133375242247772,0.148123470576279,0.132486761104772,0.138998562522714,0.153493826944454,0.0723550945830764,0.0835948727494792,0.148073933035932,0.0887001626265259,0.121913879783285,0.230950071458265,0.120287755861049,0.18124403606836,0.0978513382566214,0.060486866686693,0.113197555034427,0.135999659649481,0.102107650571752,0.137381789061283,0.190446715179603,0.132839201779585,0.102900920704754,0.155176143781082,0.136000381990959,0.138167191596381,0.191734558687268,0.140839239147781,0.115832823750973,0.12969648228133,0.083983069418667,0.131793330408149,0.177493465492322,0.104724680317295,0.213130110295306,0.119221753195681,0.253203512445259,0.263149507296569,0.155845945401884,0.129937844232659,0.142146675132581,0.114426311671442,0.12308159171979,0.174274808383257,0.0826860052833524,0.145388112311732,0.127154717465793,0.129078942050138,0.165565634381474,0.0923355703889644,0.141916414576825,0.158574845633013,0.192346006564796,0.0567737338307579,0.125575104720983,0.135231195812164,0.213040068152731,0.242878589136363,0.120183850097902,0.165089728189249,0.054322757302415,0.148017934484053,0.0862579650177771,0.134434513693044,0.109300566346062,0.150718883695278,0.169857860705661,0.11090529672595,0.0908897712338227,0.148166498242923,0.197993305186059,0.0799612947886446,0.0684439846349783,0.121070046062994
"auristellae",0.232698547002092,0.209245833478871,0.288685592797326,0.311786865973147,0.307123922716595,0.155070323414942,1,0.298087682017726,0.277864037086133,0.132811322877912,0.122256176239482,0.14988802430024,0.217427893498138,0.159881422538317,0.346926540811087,0.148434015408419,0.134964453467098,0.275577912914671,0.196713027321286,0.198238746561117,0.192226708596749,0.249529064408352,0.348168663252573,0.210041783702867,0.25951472247252,0.166999398199332,0.184452530158076,0.179498643870734,0.212366647709962,0.196818888389706,0.140484320941701,0.0886179987740274,0.290516396148228,0.108717357171893,0.290785085850116,0.213062422601632,0.145707782867059,0.133776793536139,0.144405255066729,0.0587614250558578,0.22152420301187,0.268328637637256,0.181880530315959,0.163940226697471,0.251303561967335,0.15961446297377,0.126848842136917,0.296911605335519,0.190336486189371,0.287420639299511,0.266514483542502,0.220095322862031,0.203516043984263,0.267717760888139,0.13575494080432,0.209310168688975,0.32886632194918,0.181946727663544,0.186454670227281,0.218805731415312,0.247005229634958,0.244074335234011,0.286938718073953,0.200082479033271,0.236170688473336,0.193644529713054,0.175601397611777,0.258359037112316,0.122791030002934,0.266659825501144,0.257506779245973,0.27799168458605,0.362026673648577,0.125241530792214,0.224285712469259,0.311487437763674,0.217067747731934,0.103858704315589,0.140279651932182,0.192634312143136,0.180597513628377,0.24043368984407,0.140293124302235,0.263890351197857,0.060687195031104,0.281450118406975,0.0979053633360154,0.26097020502665,0.143678757105415,0.284353599407375,0.313325113520406,0.216382707005145,0.125516062420847,0.257125147801925,0.191631670620279,0.199758528522807,0.0835818974819983,0.190112377981138
"bourgonii",0.156337660167981,0.16139047779218,0.179847413681094,0.271779192832327,0.165249597533112,0.12332780671301,0.298087682017726,1,0.202634610839225,0.100726146119375,0.123861632554752,0.101767915609671,0.178013210416383,0.132373945217765,0.321438087718147,0.106102129813005,0.154724076565613,0.184904987304599,0.165163089647931,0.178974567212094,0.167280242680747,0.189971865140527,0.213635370790136,0.181183197657638,0.186237116588631,0.150196731502662,0.184108812929798,0.146771221480133,0.172241792922741,0.167366483839644,0.128982054443516,0.0915278955698574,0.227093570936109,0.0916672266851546,0.193609972169064,0.177546026606711,0.132037106992568,0.107364739859425,0.12960531839916,0.0484186241386723,0.154145907151081,0.25630758542419,0.153952293913535,0.182267336606748,0.191891752292432,0.149069417480137,0.111720622166862,0.194237152448927,0.154801950069615,0.253644169942467,0.162016006138309,0.200223022637779,0.175261175437533,0.244886211498864,0.104651941669851,0.149081065270521,0.220606183784868,0.154209434569638,0.132969354131225,0.157885901180391,0.183458194426018,0.223975959705369,0.218843387818892,0.156333559402702,0.154482062903478,0.161166262826994,0.144842389156103,0.197161318594713,0.101373530585861,0.175163550016092,0.17291923847317,0.247415252873848,0.234711766360372,0.1008820454119,0.168689084653558,0.2278890529252,0.157940389436483,0.0775404592442058,0.140322402346154,0.154139592206576,0.154183182178546,0.219111704307063,0.153947572195227,0.199215141406871,0.0619143997361818,0.173254161272604,0.0910377598548843,0.191802879923521,0.11879778519835,0.200964884363453,0.195090107178948,0.129961060040344,0.111759259521361,0.180238556165997,0.139101832781894,0.155398720940124,0.0694868615853107,0.160901829442465
"brachyrhachis.aff",0.265064744178615,0.259951059081814,0.247829253463373,0.295473896989797,0.229948813332463,0.143168559075028,0.277864037086133,0.202634610839225,1,0.164633087171829,0.155590559041834,0.157728366499119,0.191828088385155,0.219232039470895,0.520279847350785,0.150139815203759,0.150470545182978,0.278494390549921,0.185794857126704,0.210180622930447,0.185699773470711,0.278280465309268,0.27275871710721,0.240338156622884,0.194365964581541,0.199706084151959,0.186149030394065,0.178549915254366,0.207163461777264,0.180517602674544,0.160278223322757,0.126393060956325,0.262374344156619,0.121944121714871,0.230200255418391,0.197770427120424,0.162303017705911,0.12906105486809,0.143245798293888,0.0796496941395846,0.205499641852326,0.253218987431372,0.189528840433224,0.190100747122211,0.196586319532784,0.13243547082963,0.136632097117378,0.32270831031049,0.174931073212076,0.238037345413937,0.192108631736761,0.247101034711011,0.212647510368147,0.267539261059743,0.175288083664525,0.224853047506441,0.225669801504934,0.188399559511962,0.205473162288501,0.227438474254238,0.230902815169335,0.221425207261024,0.224913036250318,0.225219954038161,0.228634478979639,0.227761401072801,0.17510264216786,0.252716472498011,0.144755959305788,0.243522654162588,0.216286154467706,0.22334262454508,0.256086802724913,0.153536168557183,0.23911719148082,0.280023484202521,0.225033602540004,0.0969979115460365,0.164826964924052,0.188184545803813,0.168557151957819,0.261559832538966,0.191236061732308,0.253088281302481,0.0863824901004807,0.208753678659827,0.137853806711055,0.220877097937276,0.143289326431109,0.264023403082484,0.274710583565743,0.187542196233539,0.175400918613477,0.25481706546998,0.21082177778363,0.156440174823162,0.0932165468388498,0.202733648307146
"brachystachys",0.12045869787081,0.150260364162719,0.113978046388571,0.171734667028718,0.245026664417273,0.10139820587254,0.132811322877912,0.100726146119375,0.164633087171829,1,0.36080552683121,0.268449763672639,0.207993627643582,0.190909875358733,0.152073341817869,0.110760873792093,0.125344449632914,0.219981822380162,0.140215807698759,0.119348060817972,0.100352694812891,0.154838334477351,0.146645775613957,0.15195807808327,0.115295738425938,0.287452728574682,0.167954077003407,0.128246738352928,0.110316821185343,0.116168446911962,0.193357472205532,0.325104623710921,0.157690734135499,0.0826709327558647,0.323437527463911,0.135990160867741,0.150237360516573,0.103041654029143,0.10461373207965,0.119440790974003,0.362999486295241,0.139592917977973,0.0935444383553891,0.134970800020385,0.113804442200503,0.16084245228405,0.335652543770926,0.137575454637383,0.262009246692323,0.264876423789074,0.104951467148846,0.176158338541545,0.221037313955772,0.160568672854606,0.158274487503827,0.15309811889896,0.14234437461734,0.120628471568089,0.281648661150659,0.140347708413053,0.168472598363729,0.149496170015833,0.12390426716232,0.119958229532031,0.200576016659116,0.131895044501826,0.126838710234778,0.147307734127998,0.17368200721625,0.156946692699722,0.345870132776777,0.12116905639609,0.117364347104235,0.13885863222282,0.145578323309867,0.147211962133407,0.150207680231398,0.0958689214873755,0.139939729932116,0.116814706284043,0.0856285820784685,0.146652152477158,0.108464844074635,0.15841487560512,0.133085658309443,0.152399338263989,0.150368664426573,0.114620939118259,0.0959998402660187,0.295310268281467,0.15700777569156,0.296829377748151,0.170424737466382,0.135615428222884,0.197109098396346,0.328940075790549,0.124370590794777,0.12770151076156
"brachystachys.aff",0.131803318863997,0.180971699599669,0.12154229575674,0.164672716896013,0.238721475207181,0.106062382573564,0.122256176239482,0.123861632554752,0.155590559041834,0.36080552683121,1,0.262359265259762,0.181286097894048,0.157492920930376,0.160503026157834,0.113219535221329,0.164417212184619,0.180069734564582,0.114977053927706,0.129700804909867,0.117683539443988,0.175296842910359,0.128787066348221,0.184360624568078,0.111705700721597,0.314984994945418,0.116003961229851,0.146289337116853,0.121720472320457,0.101327064869623,0.136953923508115,0.30847376867357,0.162588115095126,0.0889261464037613,0.302775256560551,0.109047333175197,0.157954360926568,0.102838071787006,0.112714183086515,0.0561957393359013,0.349610946290491,0.152706323083012,0.0929292953787339,0.128339562713767,0.102724375382435,0.096648081639105,0.314905450345214,0.128581453808848,0.302777180405093,0.256721970369801,0.104918524458476,0.155174594669641,0.1721513861079,0.136630157105474,0.162261369769486,0.157258438312294,0.135888533224654,0.12410910539528,0.251077964332949,0.138497587010876,0.144831385660288,0.172381657933045,0.0978627565705035,0.147415818360743,0.1496384620624,0.16088995826936,0.121986784617163,0.152996090754969,0.151413469916592,0.14885635652306,0.335498250539075,0.107767138747949,0.112951738224322,0.139451939974736,0.169720972445189,0.142349922396613,0.108237681930413,0.0766818851420739,0.113310461173135,0.124870629305905,0.0949538151695079,0.171993696339935,0.130419113879069,0.146522807094878,0.0944528411066225,0.130495301458528,0.136124406356088,0.140110627457506,0.115107282194478,0.280510970611106,0.139412807703761,0.322136988723713,0.137036894986486,0.149561965526048,0.146137209862272,0.285909314540071,0.0961606919738359,0.144929500686167
"brevialata",0.121914887002581,0.10779692246712,0.165578727637873,0.139751187507956,0.246028976983808,0.0717400383055334,0.14988802430024,0.101767915609671,0.157728366499119,0.268449763672639,0.262359265259762,1,0.202486438035914,0.103698834280443,0.181857878832204,0.0732209836726305,0.082568401651374,0.171575910275764,0.106657218213152,0.0907780919445545,0.0909593875828135,0.137726273161574,0.155168270782028,0.117713960805835,0.104593741402579,0.250745844190631,0.0957305153464634,0.10295273796466,0.105840662883711,0.0829276522757335,0.1443005320179,0.217336583645263,0.140194983864699,0.0616863009665138,0.314153308894994,0.0933368524710694,0.128494226819653,0.0646054200609993,0.0783693812498742,0.0360842125410083,0.439991035914613,0.152358024438765,0.114954782182676,0.0825525069095803,0.0923771363596821,0.0644323686127994,0.231154496112268,0.148412730609155,0.216871045155852,0.316638646748427,0.122399434129117,0.136994374666786,0.178136955055459,0.125294880142821,0.118108671508461,0.143209140937,0.151355377741388,0.0799882816596091,0.22807935289243,0.148161751046303,0.11107439901965,0.128298266295672,0.119386304502072,0.107990783442919,0.132265201193361,0.125428426776155,0.0859510389974291,0.100644335503147,0.149575071147264,0.140469183278666,0.300049392969131,0.131299475081954,0.222803544247086,0.161696869364489,0.107460768690995,0.190233782213084,0.124717473520764,0.0637789353849467,0.0912067974339276,0.106628994360825,0.0875975136470143,0.143929770743917,0.0772248087722852,0.133123947429926,0.106561236945623,0.100652244188576,0.299065245127031,0.101709287174758,0.0696782865551338,0.281396219567906,0.149482430734351,0.306335622182255,0.0907840362880083,0.130379855806677,0.132520395806723,0.263068369396878,0.119955075828387,0.10430029324544
"brevipes",0.18064048905174,0.129607344489283,0.240989756332534,0.198028616391017,0.265064978479952,0.131862659337821,0.217427893498138,0.178013210416383,0.191828088385155,0.207993627643582,0.181286097894048,0.202486438035914,1,0.111864774012817,0.231804271217433,0.0998623584496324,0.114176193807562,0.171094244924052,0.147355461009369,0.123391320158416,0.139305180590645,0.179769500617212,0.200148939628806,0.138161393854992,0.304481783773178,0.232473986947541,0.151234045462765,0.1369670322819,0.175181725253273,0.148625177417933,0.11679060997747,0.160710180428211,0.187256425552455,0.0861865567942467,0.268229101243213,0.16140077288376,0.179383536525935,0.0934155087874179,0.100295175138365,0.0460152879489866,0.227081775779343,0.164309767820559,0.144678975353314,0.144623922319391,0.154098714288631,0.148322895437324,0.239837091262226,0.188376196489173,0.229521148147205,0.282321168164386,0.168972993152576,0.190882674867116,0.145598087884549,0.16796007866731,0.0905052450544963,0.142308153860419,0.190138213689342,0.123640875513075,0.227831952744037,0.159272758386281,0.189959908064394,0.164922937006558,0.174885257527019,0.134699441067489,0.153345111852386,0.146620080613702,0.163173104845516,0.17509980530783,0.0864300128172099,0.154304685360836,0.257198837377152,0.179250784770474,0.210439780084234,0.0893366620863758,0.15607034014203,0.214966237638627,0.154666543525802,0.0774192192998531,0.110004975078068,0.161869483873161,0.148990893665736,0.228662777444696,0.114677011240568,0.172814749703518,0.0482350572205501,0.176921290425596,0.0733280207824168,0.162574226013236,0.103687353272407,0.288126559263376,0.210833683517658,0.241230846925647,0.100837450447498,0.16577541022408,0.140255526861181,0.217700190567733,0.0676961640270554,0.162340338672736
"capitata12",0.179774290610742,0.211752869229189,0.214986618665027,0.211517178305657,0.158984263289039,0.128519730488007,0.159881422538317,0.132373945217765,0.219232039470895,0.190909875358733,0.157492920930376,0.103698834280443,0.111864774012817,1,0.1947251302631,0.363150626112719,0.23181464852915,0.272609401063774,0.171829689826202,0.182800536115057,0.199259574518574,0.191679206429543,0.210449438497738,0.17696910408538,0.132501701317489,0.182000652098041,0.173647916413572,0.149363432812859,0.160724299348174,0.118943500817803,0.239209377529655,0.0962286041174448,0.172737706186593,0.151616880784432,0.129868778261389,0.153298481735341,0.175026872676993,0.136551684807813,0.136224051586415,0.0790450579940833,0.174042160265039,0.230834286285489,0.129058100922164,0.132835503251313,0.121840773179128,0.119164015849414,0.102352969665007,0.186888718664083,0.138581350165047,0.14683225179152,0.108578444326988,0.207086674365224,0.222085176820954,0.174477834665507,0.14952054718827,0.161786182316896,0.15342559772605,0.191053303606216,0.194523007822155,0.189347023547985,0.170111629455999,0.25252792589914,0.210174265686417,0.231943213678703,0.203088074475955,0.197592957497594,0.143623828480184,0.246578152229021,0.179224386353931,0.21609444452362,0.158281574393605,0.195000092764753,0.131559081604776,0.176305829422143,0.171982602749622,0.180732829135252,0.14860672315977,0.0869154119516918,0.165158804928686,0.152518602702614,0.122344985764223,0.163248119534621,0.134937790491348,0.187584711732695,0.111599967268901,0.144039268711121,0.185616567483031,0.138950893159686,0.124594644386099,0.208226969241851,0.194558209785582,0.129458537973842,0.157238587834242,0.191691694193984,0.199769827572239,0.0961247809629416,0.175491336475713,0.219112273915935
"capitata33",0.233012470935104,0.223559793476836,0.301389569575759,0.295252812794704,0.229376906985899,0.142914486819251,0.346926540811087,0.321438087718147,0.520279847350785,0.152073341817869,0.160503026157834,0.181857878832204,0.231804271217433,0.1947251302631,1,0.152912756106025,0.176523040250962,0.28332460841268,0.207661328005819,0.197710919835575,0.211088229180667,0.267107842962608,0.348415170281495,0.2825522871666,0.242676901321697,0.214474620301397,0.210796012563838,0.191740160919777,0.217167517310951,0.189056608176061,0.147695803397729,0.106568826390634,0.322064229136365,0.125488326300933,0.297069584737255,0.224414752934754,0.165498982614495,0.140541330064341,0.142939764515023,0.0775233602217028,0.231613474370125,0.265072334395156,0.185211966349816,0.174694391996294,0.227265189439864,0.141233005350157,0.124514135784414,0.287453110064641,0.167237787381159,0.271295899693967,0.204997016517177,0.221798711431856,0.227074269090053,0.236477827197607,0.169265367578146,0.234541577920968,0.289881138577133,0.209045494661068,0.191943763282832,0.239656160644317,0.239715105062876,0.261004334930757,0.232576519711581,0.198268562370353,0.219551983931746,0.208848695544876,0.180223425505683,0.2814536259608,0.141497670125931,0.260699046733636,0.24849585736143,0.297791931548804,0.327348624387064,0.155328542670104,0.22806391786874,0.327641725620779,0.203684681142592,0.0966422188119236,0.19214417595759,0.19902567036051,0.181177153284333,0.254800382620351,0.172194261581087,0.270467634129457,0.0878443301904969,0.200353143167938,0.13250360908734,0.227003327899217,0.153346409618436,0.301360930699899,0.314694315595309,0.188406548433953,0.144752501409449,0.248251147287422,0.210408953660073,0.190116077556897,0.0904083951901893,0.19343531923243
"capitata35",0.142729892741343,0.17362256905834,0.10061709133587,0.153474347819294,0.11864841604844,0.106406436939239,0.148434015408419,0.106102129813005,0.150139815203759,0.110760873792093,0.113219535221329,0.0732209836726305,0.0998623584496324,0.363150626112719,0.152912756106025,1,0.218247972093429,0.131316153656514,0.125300966502002,0.1223981890569,0.210478237211282,0.132158506465515,0.10598223880692,0.137906091606344,0.123702101733623,0.130801958334258,0.109539721995405,0.141244613991187,0.1035161506276,0.0895015206185307,0.112306843705345,0.0812729349029985,0.149200081369871,0.0933563314514593,0.0819044085626451,0.0828473286911343,0.110766734698419,0.0869831355893838,0.104820799596952,0.0617401401222987,0.105746688586479,0.134775198139384,0.104099900150474,0.118808683320427,0.105814944464602,0.0779409315546055,0.0919960275546771,0.119086000495687,0.128153795157966,0.0967782237262643,0.0788992360284615,0.182522280894645,0.122455520038323,0.118158261649923,0.109994020923088,0.121317614584222,0.123866183820678,0.148861363856301,0.106926835451567,0.107470303561212,0.118801449464247,0.185995732601509,0.0923442485339632,0.146021723892044,0.120702869312578,0.127768351579587,0.0984633060411628,0.149361899246199,0.0976613054950958,0.13858071480824,0.119459453201801,0.135353996133175,0.0994993193574529,0.0909330559148848,0.121264204019944,0.144613066435442,0.0848550263207945,0.0606477005695353,0.112484699053612,0.116750747848106,0.0937152764354204,0.107999929626269,0.0846331063509085,0.129694598147918,0.0580178111930297,0.109260542509178,0.100113381553657,0.112910162638494,0.0822352524262654,0.134355820665758,0.1608010722875,0.0890497498717239,0.10888892259803,0.116049449573144,0.117029958489693,0.0815402488673598,0.0707709680245371,0.148909945044545
"cayennensis",0.151043571124601,0.159335486363574,0.115368209238344,0.169553009632148,0.148582507270852,0.125489295577377,0.134964453467098,0.154724076565613,0.150470545182978,0.125344449632914,0.164417212184619,0.082568401651374,0.114176193807562,0.23181464852915,0.176523040250962,0.218247972093429,1,0.196646302193821,0.162452285729472,0.145499634090822,0.243504010917661,0.185950728001738,0.164543375590568,0.212000043563884,0.120265237958785,0.168924745408727,0.130577225626812,0.135456286878942,0.177008994553912,0.101868313452776,0.124202262794432,0.0789206797968046,0.187719545035035,0.105071669229553,0.139631839358067,0.156998734662504,0.121386395839991,0.121498100234908,0.135369936063873,0.0619942369994869,0.146208314708296,0.199847910431719,0.119078503793423,0.137731992907759,0.138252097251689,0.113157671409949,0.0900087615943685,0.168219821531975,0.116396232358323,0.12582267704874,0.104427150464969,0.149283985141397,0.134651266625964,0.174072001967657,0.107690912860599,0.130001827504664,0.15065386894104,0.15399777499832,0.161653845444006,0.129658612829085,0.18465596407137,0.224749606998858,0.137613698804151,0.125669435776813,0.149349499541281,0.162909572680785,0.116563907368016,0.191810230858621,0.15277085120794,0.168890850531042,0.102862686518677,0.120908789897614,0.118494545127899,0.122203622587271,0.146955790755303,0.17428969520919,0.12967179604845,0.0599981826458445,0.157338317751612,0.11321601933421,0.13277039520608,0.186356309826752,0.121381023901136,0.182721828670101,0.07166594451771,0.149411283769833,0.11899302562333,0.119371509590563,0.146639987558165,0.158670718697804,0.179323796487977,0.14855039669333,0.108668387249422,0.12557286497767,0.211928458938378,0.0796277341354654,0.0910668758351103,0.137165535802278
"chartacea",0.251353888502384,0.277308416843991,0.235640078062458,0.269385909412451,0.225257449820377,0.207654641545026,0.275577912914671,0.184904987304599,0.278494390549921,0.219981822380162,0.180069734564582,0.171575910275764,0.171094244924052,0.272609401063774,0.28332460841268,0.131316153656514,0.196646302193821,1,0.207981700228161,0.201978956675923,0.257457056743749,0.281045791993811,0.286073290957185,0.234142524590456,0.183441092711497,0.184648928335802,0.224712080631298,0.162321120618596,0.196739590402776,0.155282464102798,0.303080190096591,0.102919156901252,0.263738677308841,0.112720731000443,0.229258262554107,0.262122787999718,0.236806296611593,0.190586854783791,0.13045131964656,0.069482549837577,0.281307738138226,0.26233450619435,0.153971429840588,0.159620255350637,0.201027402631939,0.13283662810053,0.116716996671236,0.26803728708664,0.155203249092826,0.24275240171783,0.184838686195919,0.219624389149798,0.359028189358463,0.24681865361038,0.164604629666236,0.235727346216573,0.226404055657326,0.157784223441534,0.295401281632758,0.266796233584877,0.298905165432926,0.327661352871298,0.245956821831374,0.21117431380503,0.242495804898675,0.249998765791548,0.163173331454862,0.262495645531253,0.325973602384412,0.238132631607996,0.210778529401612,0.217543913905999,0.262006459769341,0.183093862598278,0.192039663711961,0.259434781115826,0.308803088501746,0.10796460821345,0.210245870570231,0.206169562383977,0.244769049669432,0.281412127236895,0.144687590797397,0.304729391310876,0.141110063927511,0.194570663772464,0.218406519965547,0.15506852580984,0.172721705730555,0.281922425917788,0.291042300039941,0.202289106133065,0.172521248232159,0.219095384977913,0.325882198541399,0.165315634985678,0.186346314383778,0.223806866198196
"cinnamomea",0.181063638784262,0.20330395922863,0.153184679360463,0.197252800660831,0.210557094297824,0.139063232308181,0.196713027321286,0.165163089647931,0.185794857126704,0.140215807698759,0.114977053927706,0.106657218213152,0.147355461009369,0.171829689826202,0.207661328005819,0.125300966502002,0.162452285729472,0.207981700228161,1,0.300378436378274,0.150616823413172,0.231043968903497,0.243180294231394,0.174606541889829,0.173995728105194,0.169117181006659,0.195140254467798,0.157600097102681,0.173888760973815,0.154404415624345,0.133747482448334,0.0856732641590195,0.214532161867511,0.0935406474119811,0.215285895728587,0.140209695380356,0.149074098300897,0.120230448925297,0.164822133800755,0.0767742852139385,0.157851218103615,0.198028664944371,0.161261799354257,0.1488845566874,0.183220808104874,0.138677496770554,0.0920369945344511,0.221726067999696,0.170364575254535,0.151907472374341,0.222038768901251,0.209659195936731,0.196192891896847,0.213746214680042,0.125942203259389,0.185282952737109,0.254769498096749,0.15260893278503,0.164935954008192,0.188043160409687,0.189089361251307,0.203406900477454,0.179558277396766,0.165546589241607,0.232192386200162,0.170461057854974,0.188015616354465,0.191362813545234,0.125802290093534,0.212846763812697,0.216582040173246,0.216837748872733,0.20546008172886,0.15505707593549,0.217508408021002,0.269162015144528,0.139272841595116,0.0853675168429985,0.147540713554896,0.159701132847273,0.146069882606858,0.158354402700731,0.132234876524454,0.35529182394449,0.0825030897032791,0.244378398566678,0.120727312428747,0.155952556743797,0.137356949590912,0.228248814226846,0.217087212791274,0.252846048220301,0.133603515868376,0.231739490016111,0.186502676967002,0.119523005174474,0.0955676231054785,0.182393856743848
"cocleensis",0.179531853427778,0.195985687927567,0.184436768906457,0.183989106987048,0.178842861690806,0.110292584034483,0.198238746561117,0.178974567212094,0.210180622930447,0.119348060817972,0.129700804909867,0.0907780919445545,0.123391320158416,0.182800536115057,0.197710919835575,0.1223981890569,0.145499634090822,0.201978956675923,0.300378436378274,1,0.155650411249835,0.212113458884954,0.199312769890112,0.200085138090864,0.151300995471836,0.164358007757977,0.18046928177996,0.150291564698637,0.181996900975645,0.200884822757707,0.167400358642771,0.109464263472868,0.199634562103522,0.106729196001926,0.199048308042088,0.161449149704464,0.155021809686878,0.121027978219299,0.129577366641908,0.0926938681606692,0.122997346220313,0.188901476287287,0.185330082358649,0.147795154444869,0.167700984688694,0.151151345884958,0.0905475374664221,0.189861182116089,0.207527947785007,0.155603108695906,0.133075849785183,0.201898131477866,0.158188818151153,0.17121567011376,0.176051086426097,0.158903350079499,0.155192565904679,0.163329792011593,0.205352170820026,0.155096872726014,0.17287691154705,0.202364810624609,0.19449751045875,0.217103598110317,0.221608782624565,0.173839913709252,0.13039466525327,0.226569112581852,0.104075439142291,0.232288461629697,0.165992654797543,0.189200654945441,0.146555692895024,0.131958559560099,0.188313464846548,0.193885406699915,0.165485996963204,0.066394277519284,0.156315072841282,0.132764990564606,0.151994146748735,0.190524143532322,0.158875774471994,0.219690416130277,0.0826786957663082,0.16392588535196,0.106518581300757,0.152238908567228,0.152452466551559,0.177225535887603,0.187398195370584,0.192973272823694,0.130128181904594,0.187306932296406,0.198532303462572,0.118346676938156,0.0973483508945797,0.185172395527594
"cordatoalata",0.160392130819021,0.152653797210875,0.159698182573009,0.188775511928043,0.176552778276567,0.219301270979238,0.192226708596749,0.167280242680747,0.185699773470711,0.100352694812891,0.117683539443988,0.0909593875828135,0.139305180590645,0.199259574518574,0.211088229180667,0.210478237211282,0.243504010917661,0.257457056743749,0.150616823413172,0.155650411249835,1,0.196117054058047,0.246197442080963,0.226171498966133,0.149588909078134,0.150169100089344,0.154483475868056,0.152972493347107,0.231384134790869,0.114552201550669,0.106012802504365,0.0782973481941824,0.222915432816638,0.10337060704754,0.154294638004697,0.286123467680318,0.110336529270662,0.177522342921379,0.127321703204084,0.0518717176621085,0.156329693550085,0.210035890887455,0.151622575401422,0.156030219378978,0.158177304625552,0.136121029023945,0.0960176388623368,0.19470659751517,0.116380094653423,0.167095896065691,0.156808406711809,0.164591103548216,0.131920777176839,0.188408865770089,0.103295141464083,0.143469914097062,0.157814533431795,0.162181836983751,0.333399652458422,0.124266120472315,0.309102977986716,0.333282364292159,0.20631561693335,0.168045951982764,0.194361663955282,0.167138689272938,0.13252462201175,0.234262329848966,0.130899789487648,0.199328506620269,0.134939166250108,0.160195055325166,0.204634224603607,0.103795062257208,0.20476527907917,0.1868567081136,0.302700246219435,0.065447860150874,0.173451516919115,0.182937355352916,0.286926428585587,0.316674463486172,0.106161123726977,0.211105115837375,0.0605306839383168,0.185942639448341,0.0951511854007174,0.183438878479001,0.152070582893062,0.153196529125366,0.206605459074654,0.138783542528631,0.106799043828856,0.180266043582167,0.262526026338595,0.109181868990787,0.0893827081140282,0.153597006632878
"coruscans",0.222739827282453,0.279611488817108,0.187622366772251,0.268954450529442,0.231149675515627,0.174399545086053,0.249529064408352,0.189971865140527,0.278280465309268,0.154838334477351,0.175296842910359,0.137726273161574,0.179769500617212,0.191679206429543,0.267107842962608,0.132158506465515,0.185950728001738,0.281045791993811,0.231043968903497,0.212113458884954,0.196117054058047,1,0.282483361637691,0.238852970014808,0.178233269559539,0.217640098435621,0.185385781258415,0.189554056473705,0.210000943208187,0.175017999574615,0.151576707857699,0.117218375890587,0.244901769299178,0.133005905017602,0.203040847604387,0.205928973744465,0.229661970169335,0.129455163865902,0.151243044171437,0.083236930246074,0.212239360988112,0.258104380749172,0.170285306022423,0.186035830743468,0.200348854681325,0.144731595167078,0.140735526018145,0.25321221805271,0.156588016154826,0.220353532720687,0.187993587261616,0.238177991694562,0.198948881976521,0.309637765035387,0.181596769283492,0.219170971106441,0.245372025166107,0.190758770256965,0.230819530261196,0.194542938709201,0.231334157184251,0.239596961058912,0.213880411990386,0.211963413867507,0.270067495376233,0.191868345461146,0.191952216347188,0.242484970015631,0.170711812636274,0.226162279423406,0.207375749229237,0.217055675643318,0.239854085430636,0.196388458343905,0.211265368505277,0.242728714406462,0.189897235091752,0.0999866742845713,0.173829194873605,0.173586973717282,0.170511151717693,0.245068266458261,0.219637452958423,0.309963454696219,0.126909775560251,0.226168633332415,0.128781231971303,0.254926355552533,0.158677854600618,0.236558256194969,0.276083074417055,0.212065291191225,0.192971835510726,0.283738773496551,0.226347974687472,0.144530728863954,0.132947230138092,0.219829994627016
