"","acreana","acrocephala","acuminata","alata","alba","aria","auristellae","bourgonii","brachyrhachis.aff","brachystachys","brachystachys.aff","brevialata","brevipes","capitata12","capitata33","capitata35","cayennensis","chartacea","cinnamomea","cocleensis","cordatoalata","coruscans","cylindrica","edulis","fastuosa","flagelliformis","fosteriana","glomeriflora","goldmanii","gracilifolia","grandiflora","heterophylla","huberi","ingoides","jenmanii","kursarii","LA17","LA41","LA48","lateriflora","laurina","leiocalycina","leiocalycina.aff","lomatophylla","longiflora","longipedunculata","loubryana","M18","M25","M27","M30","M71","marginata","melinonis","microcoma","multinervis","nobilis","nouragensis","obidensis","oerstediana","paraensis","pezizifera","pezizifera.aff","pitmanii","poeppigiana","punctata","retinocarpa","rubiginosa","ruiziana","sapindoides","sertulifera","setosa","spectabilis","splendens","stipularis","striata","suaveolens","subcapitata","T18","T21","T29","T50","T51","T82","T85","tenuistipula","thibaudiana","tomentosa","ulei","umbellifera","umbellifera.aff","umbratica","velutina","venusta","vera","virgultosa","vismiifolia","Zygia.mediana"
"acreana",1,0.186946374904734,0.147897848745457,0.200866854536628,0.170413905315383,0.131232558627675,0.218669174016368,0.180092151855915,0.212552786483901,0.0966691732164665,0.237302555862138,0.0906566939987763,0.133825695996641,0.163052422869782,0.19381869002588,0.132867569364699,0.0834369156971433,0.164879058606473,0.150777620842195,0.135867650207253,0.172530349435994,0.148362512726261,0.165187702530435,0.196042830961354,0.142763321330853,0.141536442853564,0.139827498148893,0.155699601265668,0.149894939588853,0.113351354046192,0.219333850021809,0.113954227473511,0.171333881999489,0.152427308840158,0.149851676519562,0.10449213423083,0.158597396849856,0.120571604199119,0.0991064951473336,0.140990043256334,0.132567367043523,0.169369882909005,0.138066599993367,0.18725366870701,0.0907352181411154,0.103574987295872,0.0791763557642525,0.172228639434427,0.0506853348706256,0.122163314600388,0.14157454425518,0.113883162781769,0.194331906722373,0.112847519504085,0.193335408646418,0.172546449480903,0.16982026672689,0.108040443463569,0.134391151903001,0.139440535907558,0.157992330181212,0.214387919577143,0.167868241799822,0.169159831304156,0.166361162628561,0.162128415517945,0.179167977525743,0.21909692437396,0.179417515749267,0.185675328616859,0.150486876932045,0.163227800252286,0.110584935781673,0.154542483532234,0.162280711335587,0.170637056413335,0.184218155567901,0.12657860378666,0.201678092974789,0.140445348550123,0.154188302448155,0.18662076734121,0.115359419715296,0.114391567684324,0.109005154315109,0.140503766412713,0.193494576977807,0.147872521419696,0.149447054669049,0.186176031063562,0.148302469787225,0.103633087291031,0.136237873065809,0.161125391354025,0.166389224522397,0.0965015994772222,0.109098102424383,0.185652056646485
"acrocephala",0.186946374904734,1,0.23786070637556,0.285949176685084,0.288382981828696,0.217274166011536,0.254412854370918,0.210181562925605,0.277863041504186,0.264950672894975,0.126941545490766,0.107772216741493,0.157002039165871,0.13738668802323,0.258261082095516,0.136958026260052,0.0943388865327434,0.398901824936423,0.249729666210758,0.162169165294861,0.181980626174516,0.173096625805732,0.196578215205939,0.26043688388092,0.145638140531871,0.153283667612718,0.330445395620922,0.160697029958593,0.107358376199422,0.143542930279899,0.239631827054951,0.133749043102003,0.249457788094514,0.27864649422331,0.193215690764998,0.154169225201434,0.245461119063086,0.0999020198557371,0.102037598996251,0.180572936145858,0.168330440177041,0.241048385221252,0.18191414120359,0.373020072410683,0.128535246523626,0.110723779746535,0.106982868950507,0.154650985742449,0.0609885468940669,0.136202660778464,0.218044230891221,0.180562827689649,0.263039107811698,0.17717301994655,0.226970482425279,0.268364603163963,0.250152564853458,0.130229790832061,0.198193857869874,0.153221364786019,0.150694400225015,0.245625299135672,0.255484032697823,0.279391019340763,0.314071536517131,0.201286143751671,0.155867110766063,0.290093302995291,0.317750255549103,0.394856561971145,0.193095163258853,0.232106395412008,0.140862376872201,0.167557964297171,0.267695787743193,0.233565505515543,0.215177387069012,0.19383002349416,0.21582617699009,0.177323400102704,0.371597182121651,0.238841261388958,0.138477603043211,0.124648100346672,0.179541159040918,0.226832673342373,0.227036814536101,0.244233179384643,0.216703188519467,0.258659396423756,0.166061260105282,0.179514449538457,0.204120846879746,0.20046081064423,0.213012995740258,0.171589291926638,0.145654229607017,0.253226992497726
"acuminata",0.147897848745457,0.23786070637556,1,0.301745335470421,0.178330657511,0.196888372512383,0.246874587380938,0.188364464149939,0.238078279892561,0.280681981609206,0.107260078343519,0.0864022849402698,0.140137204620237,0.116128432703259,0.1780725953406,0.116603593467356,0.0743427363116048,0.233375016516474,0.297218025999706,0.127794316750261,0.184779228139812,0.162909736391556,0.174163817333541,0.198816324587124,0.132831950588406,0.137205504858138,0.328868442927004,0.258919652688242,0.11591264809081,0.195613346256659,0.261172558820787,0.163311650051568,0.292573507130962,0.145155840313384,0.18509110674354,0.109970194107941,0.303691786079005,0.0938811351625648,0.102261283556946,0.271510076553079,0.164250199247906,0.386670190885492,0.216834930427385,0.237157124134835,0.148793488729144,0.124550959721988,0.0809905616857415,0.210196733568398,0.0510381200193315,0.123664326145329,0.465588484517666,0.279503146646906,0.213671155971312,0.14014780590435,0.334496728599213,0.229619804149767,0.424299034819864,0.117381011958764,0.442036687895764,0.129472342506681,0.143250193007882,0.268616888711341,0.23011423789687,0.197059294348302,0.23060182614052,0.187689704102724,0.127463587885437,0.260990197937949,0.198458481146777,0.392324985193586,0.151177365361372,0.204901493708593,0.124722269542144,0.135208981367974,0.407280635325212,0.239807793032114,0.264437072515556,0.276505449806443,0.208727610855921,0.164127189846271,0.248750705522344,0.213871367271635,0.110810856096454,0.139675332982724,0.140438740697723,0.228392067827117,0.245938189119245,0.312348521576381,0.429116087972057,0.219106983964973,0.172279551997441,0.237737195193467,0.186892255237022,0.230650646813195,0.311552914168413,0.169146167861222,0.129529181214129,0.247117106741616
"alata",0.200866854536628,0.285949176685084,0.301745335470421,1,0.244176667765685,0.215832716262033,0.305003933957493,0.22902652921248,0.300090658886198,0.201563953998925,0.137453150530657,0.122473444579138,0.142606497656119,0.174009192320403,0.22405892887977,0.154880693626425,0.0999714669783646,0.284813190320138,0.246406830005374,0.175474178889022,0.220811833487584,0.198022513625436,0.205637210779966,0.270320199419515,0.15548769069636,0.186141462378911,0.248055319268453,0.172318480144994,0.111889041587585,0.186908363355752,0.276989543802001,0.192443643780894,0.292094140337855,0.19719170577894,0.221737137803805,0.127507400251579,0.268170254826262,0.109835580204825,0.116364675554173,0.204510987196812,0.179578752137278,0.282787603599583,0.193941160910775,0.273543728745813,0.141157775794471,0.124901564487743,0.103232721739375,0.179580943554072,0.0603748811975257,0.146853907096692,0.282519575849142,0.213876463771411,0.277045001949649,0.156462444035104,0.264224632736074,0.236031798181635,0.301514056839682,0.137550781245975,0.247459767901841,0.134594046083294,0.173112327892753,0.345549313259488,0.392050243603514,0.258259945300507,0.29361672069034,0.245403052829575,0.161702614726653,0.302516265614796,0.244480599096135,0.314900790283033,0.196392651825924,0.227713516471885,0.159016281342477,0.152720630637266,0.303489936157159,0.355009174712039,0.284585381613118,0.177174251828206,0.249774690388527,0.198439949786576,0.281901177012421,0.245043402987612,0.142604000786094,0.152677611677438,0.146531466160337,0.249332708241203,0.297409186563969,0.245574459841012,0.270706468475771,0.264897520166965,0.183211038074272,0.172841810815742,0.204292187618074,0.247641270536821,0.250333480193947,0.186938797465413,0.129073996657923,0.292984581602369
"alba",0.170413905315383,0.288382981828696,0.178330657511,0.244176667765685,1,0.197037308679389,0.262601164642523,0.206165094260665,0.283819530622809,0.309215627251673,0.231282347571143,0.230288390307533,0.225656737377977,0.146887956358836,0.239124719500258,0.130413279778716,0.112777236964128,0.302272886097697,0.208977051943768,0.155468545986249,0.220209657283603,0.163546730596151,0.180381220960677,0.259531783552001,0.144161325092636,0.26350558461816,0.251470380368086,0.156247496458864,0.111714739192591,0.159555478273284,0.220056503636779,0.256091376257762,0.26957720741945,0.2197679516461,0.287359643753008,0.179157506095382,0.197968189411781,0.129603489864287,0.0933675934171679,0.199248471468108,0.297059216518754,0.217334079786908,0.186261416384527,0.281274267066753,0.139007139590664,0.110997146946898,0.217627607245047,0.151783132451483,0.168612219261171,0.264752638287949,0.164847242890481,0.192858398097704,0.311059206221222,0.163566261643231,0.19002268273645,0.188770887779544,0.19276484387122,0.125045121126687,0.305092974540757,0.110663564217626,0.154434413873688,0.264779088371664,0.232589621251131,0.261321530102138,0.238188227217183,0.20424204879998,0.157657765575719,0.279285116818893,0.243284068306277,0.296362403070677,0.301884039235727,0.213762415219247,0.160731117146616,0.159745972171355,0.229356154372577,0.271049888895849,0.209600634299035,0.167722762726821,0.210146996623785,0.198847447379594,0.265540838638813,0.237518027177811,0.135101900494978,0.117597235640471,0.164801303987075,0.183089876623919,0.231684191849293,0.185734822550387,0.176233812761898,0.38083146687348,0.157047885719449,0.262719754107035,0.15332382847187,0.237403967780268,0.186386289147211,0.26134382798127,0.109193418777764,0.253243519618191
"aria",0.131232558627675,0.217274166011536,0.196888372512383,0.215832716262033,0.197037308679389,1,0.198051890468052,0.233748749762073,0.151640531797055,0.155938967726517,0.114873377096226,0.123236577539482,0.112452156213939,0.121986749226261,0.152490827383442,0.12045477479205,0.202915188521018,0.202128506837515,0.166635407946449,0.113039989220343,0.244947768049819,0.148081456730483,0.135519919326634,0.196300463660076,0.115153334173167,0.140698306102206,0.197282061931507,0.2117215659832,0.0893887847483485,0.150912471163821,0.262985734295651,0.162309527971405,0.194750891404178,0.137552799013827,0.156413033951447,0.130898080415785,0.210605028406058,0.116644279200219,0.0963328875913251,0.19378981405586,0.132781115796708,0.197857326845896,0.157837309134477,0.175210041747108,0.155727561757315,0.133492610444201,0.24382296317614,0.14519643204458,0.0764759638434963,0.106479404933853,0.196259646440144,0.185674070050819,0.191115084109009,0.172096354126044,0.206145788374744,0.186593147965804,0.194263207238687,0.177903983683834,0.16968043660126,0.110156956657442,0.117984494713661,0.211831273662902,0.218456711990492,0.170076998202882,0.178097146930492,0.177830421622197,0.152947530519345,0.246427465575106,0.174028613045809,0.203533731716442,0.174034138796578,0.18715033221983,0.252355149763632,0.160082569447741,0.216995349361661,0.199733995861747,0.263482321284715,0.146725463959171,0.182924657632141,0.137759951260148,0.171382578031509,0.151726793269123,0.193331254106367,0.125545515248643,0.253531073031188,0.208780589312095,0.256041228225512,0.266042420740534,0.181545827904902,0.174276462692256,0.135922831140415,0.21301501714173,0.163334530893609,0.195851546991131,0.17045491819121,0.138895214725928,0.135893972111126,0.208616627859399
"auristellae",0.218669174016368,0.254412854370918,0.246874587380938,0.305003933957493,0.262601164642523,0.198051890468052,1,0.212404522459126,0.330720032051607,0.197691001454177,0.154128708117953,0.122639848925661,0.142725927506654,0.165080956632856,0.252266683877073,0.138313322863314,0.124383810194875,0.236862533183301,0.257938987576267,0.146049895615876,0.260076305837152,0.201999686048946,0.217412352529337,0.222256852420984,0.18003620087627,0.159813148497744,0.212658964084647,0.162799949076141,0.120755314344694,0.206394906994082,0.272703710065199,0.179017027221093,0.336953200592217,0.151998212536193,0.185412546898917,0.120379780154959,0.255670296555282,0.124457777488813,0.104766624374337,0.23444647581012,0.186585905646889,0.275216556117006,0.208495300130904,0.241786216533921,0.153465066696367,0.171405704324284,0.119271851051169,0.192433509413764,0.0625209595012986,0.156556418626807,0.240934930461387,0.211268676586415,0.286037909688816,0.172097996449418,0.22383095046572,0.208166055827902,0.255507835446824,0.164308157268238,0.243453682663303,0.132165872963923,0.186066540820976,0.317825768598732,0.267244691976516,0.252313309541196,0.2351874858671,0.236364058905762,0.164714086472772,0.30448585164147,0.21639517598784,0.288957669767595,0.182786857638867,0.22207663652116,0.174993936820817,0.158675002923822,0.28974725978526,0.28876818750761,0.269836814675007,0.203142884649895,0.230805128410912,0.207716419607391,0.221905377092121,0.248091952972,0.157174005864829,0.1606453188145,0.15599771329757,0.212049833759267,0.236424643534771,0.212962158035452,0.2373510222816,0.246386067769542,0.154823924943877,0.167395979079616,0.156784930256656,0.234478910947681,0.250978497806731,0.170322271889211,0.130317093639383,0.322115150994176
"bourgonii",0.180092151855915,0.210181562925605,0.188364464149939,0.22902652921248,0.206165094260665,0.233748749762073,0.212404522459126,1,0.173681174178413,0.174211644504469,0.10882633887674,0.124283972345699,0.10831791646711,0.134472463552533,0.165179804383119,0.116709257155011,0.118801869697061,0.238255288087062,0.157863115167487,0.115221360368555,0.180630721360609,0.174450599987586,0.159992409782605,0.19898953940903,0.10915402935982,0.177132372440845,0.249284731155339,0.158050843982456,0.0950008757892092,0.129724731315874,0.210990639217895,0.125743019664163,0.202874364977071,0.145678818929515,0.213432843123711,0.106449229018396,0.197976631851854,0.136308502180717,0.0689857228300657,0.16112313552801,0.135028009776066,0.249626492247135,0.19866044790907,0.296368570616253,0.150016271746317,0.115181220644,0.158303061724439,0.136755074404707,0.0766982692684695,0.122007012991531,0.186065320038867,0.240949673343574,0.227736551338054,0.154676008626769,0.206279519933023,0.418411237855853,0.192231281363699,0.129033493862699,0.159017959539236,0.120441521446205,0.118169109414512,0.236613275698917,0.218133605833215,0.199216759640748,0.198801670625835,0.181153499013285,0.181000499284074,0.220985168912551,0.199526717740633,0.215532501246492,0.239118343795339,0.233611459962955,0.146212785167882,0.134658908822388,0.281606659007507,0.230314818029998,0.192772925311246,0.132197818268219,0.384915817319013,0.163145885898995,0.189096313740361,0.150187972015234,0.142353314237602,0.111796993906445,0.131456386293538,0.229348619921474,0.252318842380075,0.16808571954162,0.170088856768465,0.3093123502336,0.363516102862991,0.16868149249888,0.214501610738138,0.218496509594995,0.168003801360238,0.145131993257897,0.11465624318572,0.1957843321627
"brachyrhachis.aff",0.212552786483901,0.277863041504186,0.238078279892561,0.300090658886198,0.283819530622809,0.151640531797055,0.330720032051607,0.173681174178413,1,0.202601455781724,0.125444886109021,0.0919735698097274,0.133073890895554,0.150549066269343,0.590856824224394,0.144525657909045,0.0842556946399813,0.252166609860422,0.294077124153869,0.137904425337381,0.211435171089719,0.168985566298466,0.16758874691583,0.240281491070635,0.166695105816024,0.159784558726639,0.272905410895962,0.136941530722221,0.112841469080171,0.180153798064165,0.232130644189477,0.190424360504087,0.291546857648618,0.234703453008797,0.16326459558793,0.16456998934815,0.236566925438901,0.107216969291141,0.0984122626256796,0.209983767755247,0.15251560870236,0.263988717210997,0.193861761590497,0.260925661322163,0.124647481798345,0.116871565408544,0.08281135590633,0.153839334497891,0.0529090596687461,0.129978248079017,0.22837854584529,0.199118045965529,0.272008560642544,0.1490767274156,0.237767289125293,0.177931862931216,0.261789155512341,0.189532937819247,0.207720610754804,0.136111278810738,0.17396318353679,0.28026926468032,0.243105641709945,0.25780489705158,0.265013455346959,0.193844543954766,0.153631913586963,0.281651301179092,0.212382496610718,0.321774164706344,0.175386910596268,0.214785955337766,0.163190779631157,0.150912044330894,0.277933871094394,0.25764421612983,0.256679061821628,0.191572678493068,0.1772163638657,0.17275049615859,0.267421841886878,0.223295326457125,0.135416239413388,0.117119888078802,0.173346456829668,0.208166095613047,0.198213633972238,0.215450323064576,0.232702380075992,0.225123399886622,0.135743742493368,0.150130465731944,0.153576883699925,0.202959390001721,0.249949386409733,0.164006377144969,0.114707470000377,0.25384757289307
"brachystachys",0.0966691732164665,0.264950672894975,0.280681981609206,0.201563953998925,0.309215627251673,0.155938967726517,0.197691001454177,0.174211644504469,0.202601455781724,1,0.372227944706843,0.266943844375164,0.176474538583973,0.0970326398863859,0.162762867497859,0.0900881180611839,0.0900168914686711,0.303051564373376,0.215122508429154,0.0804215513919997,0.169081629908115,0.112618159463592,0.130919716195998,0.1692553479851,0.0841838506870197,0.277645063465759,0.35283783604528,0.113443832043035,0.0660405740169035,0.171446728691456,0.189425547897806,0.37632508451611,0.210975234466874,0.182289125077283,0.329701182119525,0.127599534709762,0.183792353268889,0.06674485754457,0.0620201509271531,0.200453867644144,0.346388627980856,0.228230822321102,0.119012931919587,0.33428072597219,0.15738018073582,0.0873980380607175,0.350896650005566,0.0982017685213579,0.192291913976673,0.298463992994519,0.246566151146505,0.183530040705447,0.205745030555358,0.152207661868519,0.236489453361126,0.176705011282549,0.23387261551048,0.100415529232534,0.382081690686292,0.0954155646953967,0.098536247239108,0.195537508141104,0.181083298088567,0.189159979706767,0.203761734828713,0.151574018234343,0.0968862020660433,0.237434711714918,0.190792474445971,0.312134638008148,0.340604473044687,0.158728538366705,0.154179463509353,0.12734903730935,0.228333856234836,0.170047540415724,0.157777960022384,0.144901261287332,0.144033644707531,0.15122361497781,0.367072311495999,0.192966839451703,0.0998070414870005,0.0613157910471288,0.159591929787572,0.167182958483918,0.152636499222996,0.182447240674537,0.205565102132517,0.345350859506616,0.140310216913919,0.393088888031582,0.131979941124094,0.161054815800397,0.179415893869442,0.395447512415226,0.110237319359855,0.177588631528598
"brachystachys.aff",0.237302555862138,0.126941545490766,0.107260078343519,0.137453150530657,0.231282347571143,0.114873377096226,0.154128708117953,0.10882633887674,0.125444886109021,0.372227944706843,1,0.266551338926588,0.176392496146263,0.107784545389388,0.119254679443658,0.101300282238615,0.09694443422234,0.134089550902034,0.132308851378966,0.0831398668252459,0.162119343781466,0.111157947023976,0.102020107496794,0.125856834955618,0.088931981677597,0.253964097072942,0.127330220363953,0.0928833816299926,0.0604458718500912,0.119112943135927,0.147740561073003,0.311695617843402,0.128601656893423,0.101849065429111,0.293040488137562,0.10437898315983,0.102282217458866,0.0777320770706403,0.0514648463378861,0.115430724410551,0.320451537887493,0.125385552244502,0.0661491047164727,0.120817119972753,0.104028969965715,0.0737077608027726,0.300897208047455,0.104992544685606,0.201396254479677,0.281151830561809,0.0954454617040798,0.124837351576938,0.17037333062336,0.118332800600782,0.112116249621231,0.107233493830704,0.109969530916308,0.116876225918399,0.224959450836933,0.0523979364655627,0.106402267842176,0.129387432050397,0.124969773944122,0.143530170719326,0.137280701763021,0.161803359169038,0.106690336426338,0.146155851933424,0.109202302394146,0.135191011514406,0.294971351444414,0.106283982311363,0.141522221832314,0.0851204383808388,0.115504861436704,0.10972692625493,0.104593208342844,0.100791748847218,0.0934080851316829,0.123707483742381,0.114862716813367,0.155504563720233,0.0980310787013818,0.0720864742975326,0.1192458330465,0.128804817108158,0.175112243392287,0.117011630700885,0.0938446087988109,0.261791863802749,0.0770290412743501,0.354622231798913,0.097974351851134,0.11415682071949,0.100637754221399,0.295546181097317,0.0580822925310695,0.109514631128438
"brevialata",0.0906566939987763,0.107772216741493,0.0864022849402698,0.122473444579138,0.230288390307533,0.123236577539482,0.122639848925661,0.124283972345699,0.0919735698097274,0.266943844375164,0.266551338926588,1,0.173715951831739,0.0930769583977101,0.108653208814966,0.0808697574591281,0.125240185706138,0.141580897580533,0.0908013758889123,0.0657364576926339,0.160724743102896,0.10438277366783,0.129335375399132,0.0977982795732371,0.0689905863264432,0.242457422697146,0.100466642051758,0.0913612484617218,0.074375716308826,0.284495199154863,0.107640433525746,0.236131811952343,0.120794244570104,0.0826596620761455,0.258248043692963,0.106246722373346,0.0846025405556126,0.0764789145541739,0.0441687035050908,0.0987802263791859,0.269976493001229,0.117576707969239,0.0641301531878069,0.136994102654607,0.123854377346102,0.0829318765162621,0.279093896491158,0.0820513591391032,0.214259519827993,0.220110639528511,0.073195422282395,0.106806113372176,0.104146537400455,0.125958725519807,0.0940343320452115,0.1001070904541,0.095114326315064,0.157159985451158,0.209775899505279,0.0533678319337684,0.0907819509708764,0.106565663572592,0.119432835337928,0.0957892668746173,0.144268631551167,0.11264243053639,0.100758043097779,0.129404402064367,0.0863523520068373,0.120810365246173,0.27204661605574,0.0922536588601725,0.158575372184083,0.0936874136442744,0.124637171368278,0.112649750325863,0.0932608530898973,0.101498590731998,0.0995464976923642,0.128043875826158,0.0867788976689173,0.114629213994047,0.0973800606456569,0.0757331449395886,0.089603701242514,0.0934585828921065,0.145781394641933,0.078662847097802,0.076255121564576,0.231637485681963,0.0786659909163645,0.255012325796199,0.0983312314130854,0.16704093246644,0.0837825233613212,0.228633484842049,0.0619213905062087,0.104174344389664
"brevipes",0.133825695996641,0.157002039165871,0.140137204620237,0.142606497656119,0.225656737377977,0.112452156213939,0.142725927506654,0.10831791646711,0.133073890895554,0.176474538583973,0.176392496146263,0.173715951831739,1,0.0951234140731414,0.113045037513419,0.10291697177281,0.060775361806718,0.121980501584461,0.104293459920846,0.0996382917371608,0.117303452011457,0.107957263840015,0.113998177250504,0.111502303014589,0.102617516839205,0.215278767973177,0.100939767249183,0.0990557643293042,0.0858985665008248,0.0992705289809893,0.115614375211682,0.18507191694974,0.144340424656939,0.0926430271416027,0.20989422096963,0.0883007255864886,0.126777488042148,0.0994394231398504,0.058079644806923,0.113554755973067,0.21258240940242,0.141729581143728,0.1191545676422,0.126021525352682,0.0695648284296059,0.0924678803489535,0.16405391722026,0.106564802048662,0.144583215748797,0.203030989673294,0.0967494460171671,0.160772925388584,0.130875925026013,0.094148863143788,0.11822265146192,0.136157529377004,0.119794066880869,0.0815513514996807,0.20490900388335,0.0757366246201306,0.175098564577145,0.152873791876763,0.127292054799898,0.115416206589723,0.145605774310951,0.136192406587663,0.100031471241199,0.132223512110388,0.125676230519716,0.134088749483468,0.218120800173593,0.119479941195431,0.100565732754467,0.142286547768584,0.138367844595705,0.133264551393021,0.126756955216096,0.151013503515205,0.112159623247907,0.112053573262853,0.103192273768326,0.15399291389959,0.103686709611899,0.0827597140599706,0.0758894808125747,0.11771682505478,0.132483745643438,0.0982875439935917,0.106304272251499,0.219971535617279,0.139081675705475,0.177256990122949,0.159527660135605,0.135504627942035,0.119062657887973,0.199965366939366,0.0864552104874995,0.129993148945257
"capitata12",0.163052422869782,0.13738668802323,0.116128432703259,0.174009192320403,0.146887956358836,0.121986749226261,0.165080956632856,0.134472463552533,0.150549066269343,0.0970326398863859,0.107784545389388,0.0930769583977101,0.0951234140731414,1,0.152396472561986,0.460506846114997,0.0979828298595161,0.163711776978023,0.113292066394846,0.118025881055453,0.203040673852835,0.139419167028716,0.177314494305519,0.157901212524716,0.103535386553006,0.135151622115366,0.113392255833419,0.246225473678773,0.0786063911186305,0.125421499877558,0.160893556090507,0.130214253769113,0.151298506641515,0.126416541189478,0.14223998452536,0.105193902277822,0.120360770999135,0.0978902994774216,0.0831177163672071,0.140608650679139,0.11891191031946,0.128048927360853,0.0871267627271367,0.125123725482323,0.120793672427938,0.110047004791089,0.0818389546994215,0.125324251459048,0.0590884962675559,0.124121276131927,0.0973951812949287,0.108419867524282,0.170801863390865,0.127930803643177,0.145269149032776,0.120903210644236,0.116415991063444,0.109141085545532,0.106759562551883,0.0782949587930238,0.128166675253055,0.182495215492754,0.145200362899819,0.150485979866291,0.14129705534893,0.145193238452494,0.146726040403938,0.171443988599803,0.137028461278002,0.130058562812543,0.133079000427874,0.116296000239496,0.10502306698945,0.103875912163637,0.12521994170065,0.131060477351821,0.11458896450415,0.123660959812269,0.133913491331713,0.166383066876433,0.100301776432952,0.140438714376183,0.115630514789113,0.08871925666549,0.107811412774972,0.129647787639513,0.156293565138284,0.110444864292355,0.0983337437292832,0.143102556038607,0.0921293890897308,0.109455366604374,0.0923095042563483,0.131587980376629,0.110413704882952,0.0909152300875376,0.0657922957767469,0.159297985361826
"capitata33",0.19381869002588,0.258261082095516,0.1780725953406,0.22405892887977,0.239124719500258,0.152490827383442,0.252266683877073,0.165179804383119,0.590856824224394,0.162762867497859,0.119254679443658,0.108653208814966,0.113045037513419,0.152396472561986,1,0.161378526074724,0.0994116768729953,0.25275891678593,0.207666827586269,0.143752030054808,0.182486602939914,0.16149547705237,0.186718951167462,0.254002751714019,0.143516603227956,0.142656640678631,0.254648041475815,0.145873867272661,0.133867809158576,0.134948192858417,0.20797259688101,0.13628370808074,0.245621400228203,0.245384639518602,0.180385001571232,0.175639048553969,0.17348915067619,0.112081734903549,0.098683468778666,0.146790348662579,0.155697678623011,0.195670459554647,0.133972630393974,0.239941576224603,0.11513561365448,0.174768438758299,0.0853746105773617,0.175437088973803,0.0593670917378296,0.115537602959979,0.164205714541408,0.142154828942254,0.231093671545375,0.156611507169101,0.174037828724876,0.160563544858111,0.166697332207838,0.206881992672681,0.148205870692248,0.151255707516378,0.143505804901641,0.219532684968886,0.187434727673252,0.221829167427078,0.224774966889215,0.197633547524768,0.180302213797783,0.247638740393432,0.206213790659177,0.240251821544923,0.170772099058369,0.160848409932672,0.125265896031365,0.17116793700861,0.215887980502848,0.195040120925269,0.165545954496555,0.16036148282791,0.175635993442619,0.143163222116407,0.217757580638807,0.179644605168999,0.12866110099389,0.104722232894458,0.188817031422026,0.148860663113324,0.19952570054306,0.166500700312059,0.154640523719496,0.180425716092582,0.118125864736788,0.133533441367411,0.127008700608721,0.20303263377485,0.173279995403543,0.135427836657844,0.135374702809001,0.201168465486773
"capitata35",0.132867569364699,0.136958026260052,0.116603593467356,0.154880693626425,0.130413279778716,0.12045477479205,0.138313322863314,0.116709257155011,0.144525657909045,0.0900881180611839,0.101300282238615,0.0808697574591281,0.10291697177281,0.460506846114997,0.161378526074724,1,0.0873420622915293,0.150752194160002,0.096182624704549,0.152733767223117,0.13528467609666,0.140443146678114,0.153628589061692,0.138429375163139,0.134928906551316,0.15161183388923,0.109490688517822,0.139528888289634,0.0912526959219247,0.109921811103519,0.133983641099219,0.0962107948178767,0.139926784525935,0.136783352719325,0.12810130961319,0.108936517533556,0.115071503865598,0.0963875717258662,0.0796386717234875,0.123267474726571,0.104960402646469,0.133533147788588,0.0881522535314477,0.128048337477627,0.0893890197730945,0.123956346010593,0.070594889963729,0.119931202733173,0.0483540876504814,0.118932633748575,0.0882767166682391,0.10859050592702,0.167054182122663,0.113870071648096,0.12663928747235,0.129070187095983,0.111727135933467,0.104826716174878,0.112168117955447,0.0710367079877053,0.119565223830697,0.143283197992892,0.128020968773056,0.142646311239435,0.136208270756339,0.142456862489245,0.147510381076582,0.146404789971033,0.120128671338078,0.123268560910368,0.1218618599569,0.101109743467274,0.10533706804418,0.102932019356362,0.123467672476471,0.11130129778786,0.106042413809993,0.112521615127607,0.131923810543195,0.13655932899069,0.101811233286315,0.128170755352366,0.114995578796793,0.0897695591940919,0.0875064251856329,0.124702197826033,0.148612950968948,0.0874723341211296,0.0846319705482853,0.145309229541428,0.0915405505461009,0.0944693936799194,0.0977003694625593,0.146194437423265,0.106205866086309,0.0899159589619961,0.063874182914942,0.132459282373215
"cayennensis",0.0834369156971433,0.0943388865327434,0.0743427363116048,0.0999714669783646,0.112777236964128,0.202915188521018,0.124383810194875,0.118801869697061,0.0842556946399813,0.0900168914686711,0.09694443422234,0.125240185706138,0.060775361806718,0.0979828298595161,0.0994116768729953,0.0873420622915293,1,0.113258426436164,0.0701760480934651,0.0914799222738714,0.227609432817322,0.101435808901288,0.0912891769130538,0.108362015854702,0.0808861464875979,0.0759124689099345,0.0932446025846885,0.089441986496219,0.0498157818231284,0.115917073549965,0.119918491261428,0.0843979442100853,0.118862832315098,0.0742330984160674,0.0822551462381518,0.107221916690287,0.0812635512664207,0.0824947849213553,0.0461788190692298,0.103920403415128,0.10108822770671,0.103569251073606,0.0643877780153108,0.102210106117646,0.1950238846676,0.0924309917455237,0.179432310725411,0.0826929289998757,0.0996349201495633,0.0837184700672875,0.0701485238209036,0.0994468397063525,0.0915740375089171,0.137978707866785,0.0734040731906082,0.0753696580975926,0.078659262464892,0.126499710426359,0.0789223159748755,0.06444705612393,0.0881273110071016,0.0819205302587913,0.111634967781461,0.0743297745533989,0.0861705042555192,0.115856275147735,0.111113392484587,0.120635141300041,0.0882812301910681,0.0814432863322462,0.111688712890078,0.0852324460005133,0.305951640371591,0.102310681639753,0.0999175467469082,0.0939799714089037,0.0960915025620784,0.0782648236235718,0.114034066471553,0.13299950868505,0.0783427480049569,0.0777857559571481,0.150915014996827,0.0827578817006856,0.0806772915058598,0.132549960801566,0.11847729487921,0.0784817681294756,0.0571484594687675,0.102935229825099,0.0508048291945463,0.121468505536278,0.0942655521117425,0.109646850328565,0.0696529306830253,0.0764157988867316,0.0581673754766714,0.104790469409391
"chartacea",0.164879058606473,0.398901824936423,0.233375016516474,0.284813190320138,0.302272886097697,0.202128506837515,0.236862533183301,0.238255288087062,0.252166609860422,0.303051564373376,0.134089550902034,0.141580897580533,0.121980501584461,0.163711776978023,0.25275891678593,0.150752194160002,0.113258426436164,1,0.242764615401302,0.143240519695424,0.216026623592855,0.183268505613484,0.224445508487409,0.270277945927019,0.121818203862631,0.193993271557546,0.324968702685167,0.177374951763568,0.123201828950077,0.179204899021657,0.229299670921712,0.174042002965223,0.264510597893083,0.257527378723506,0.209749054463212,0.188701301325241,0.210906372661878,0.162752737483603,0.0894955379914771,0.222097652663245,0.187618270393519,0.243786736746687,0.145704065617705,0.378350237209805,0.29087024357428,0.118886224149509,0.131581154298049,0.159492151267961,0.22299833955792,0.163101189031371,0.220430755735847,0.234648779144643,0.284335556328944,0.197603821375814,0.235203477804883,0.238689938659464,0.229353112339113,0.163187491005653,0.219627452459394,0.126380943245417,0.16704514243814,0.258017180128735,0.232375913208771,0.250393772509982,0.245893307842172,0.245727975785827,0.178201113257832,0.281395110847261,0.270446537781214,0.330273138736093,0.203630160952373,0.210857922139363,0.172501724811405,0.146139432133757,0.254908298062657,0.235241537418958,0.218897213537038,0.175462291755963,0.193324141066105,0.19069762812612,0.361720619884625,0.204646871608731,0.134352773821948,0.126198567981758,0.228740465918477,0.225461638086785,0.239890547574884,0.195010825498433,0.215345651952919,0.284870245488617,0.1589762339405,0.180175158243904,0.198640589916567,0.22362573979898,0.202088203458304,0.192431646740906,0.121452896699017,0.222791967768265
"cinnamomea",0.150777620842195,0.249729666210758,0.297218025999706,0.246406830005374,0.208977051943768,0.166635407946449,0.257938987576267,0.157863115167487,0.294077124153869,0.215122508429154,0.132308851378966,0.0908013758889123,0.104293459920846,0.113292066394846,0.207666827586269,0.096182624704549,0.0701760480934651,0.242764615401302,1,0.112621060484408,0.235383481032919,0.194263260159465,0.135852552050956,0.191712031842132,0.117149445735375,0.140724400893306,0.212933391953814,0.123679533786966,0.0938658848292867,0.198197847762826,0.247105526044228,0.189110489639862,0.290599732678869,0.198086401607073,0.15446144537533,0.106981084912502,0.254758133038812,0.0764039365081784,0.199788525563444,0.275662691169389,0.131393753838584,0.305295422426444,0.22683409221652,0.225191037007082,0.136654240085135,0.0927505224252835,0.0722512382316376,0.136268410417346,0.0531797734728685,0.117989972358684,0.352971188867968,0.264594387099839,0.240660124287372,0.144862882423893,0.2373960675555,0.191626015606217,0.351981565941447,0.0940158743397966,0.277099722405304,0.128637988992446,0.141568019619134,0.272218859173912,0.247542005619652,0.19597159228935,0.227357232877751,0.211204820129146,0.123320881338828,0.281236222849038,0.223689225312304,0.425210922805453,0.14867869790787,0.223457686488793,0.135290522088253,0.118741181779719,0.335208878041795,0.236786937819115,0.266803762970002,0.160190398298163,0.156852975593353,0.177959624574427,0.249427682350718,0.196303328046516,0.112465245307644,0.0902400947286181,0.138007168234385,0.241258615610567,0.187355704298499,0.255567801188826,0.374591832082328,0.21468172263951,0.14814758325532,0.141129443371872,0.13706111471005,0.194183848118415,0.260817167862136,0.201314203167068,0.114139691897002,0.292621866244764
"cocleensis",0.135867650207253,0.162169165294861,0.127794316750261,0.175474178889022,0.155468545986249,0.113039989220343,0.146049895615876,0.115221360368555,0.137904425337381,0.0804215513919997,0.0831398668252459,0.0657364576926339,0.0996382917371608,0.118025881055453,0.143752030054808,0.152733767223117,0.0914799222738714,0.143240519695424,0.112621060484408,1,0.112528065246387,0.121988183652576,0.13387190442565,0.153208970837179,0.118724822468842,0.132121088848747,0.117394086698568,0.108507321857675,0.11531533371975,0.0942188943620042,0.13352756527143,0.0833142080774523,0.173124750302453,0.178348125067344,0.118268604959273,0.11653634364594,0.137861849978626,0.0901461402391411,0.0966641724370383,0.109725767339712,0.0896630216972892,0.120528354998534,0.109415633193721,0.114675945570207,0.0639066123590155,0.101154900903794,0.0646827360028121,0.117643877091941,0.043217431761385,0.106511809468444,0.137051136532721,0.110175999481025,0.163125016105741,0.080960193048267,0.100412184156552,0.115814747021129,0.134398830432213,0.0990680899440157,0.114044464061615,0.0802885430950043,0.112375993636515,0.120051992313036,0.120986438516417,0.122219374723835,0.134022668118075,0.115625483640109,0.14522002275771,0.133113298622394,0.142864489889801,0.125121714199958,0.125854016389244,0.119600041286256,0.0800396554275025,0.115840224183125,0.14166414326008,0.13228036002272,0.119870589824699,0.11279056295165,0.148050414615118,0.0974574740984602,0.118385824332058,0.121323844459081,0.106546879855101,0.0942401971628848,0.0766800420125978,0.0957666215463726,0.142994226329093,0.113451174790715,0.111427619294041,0.120224065780063,0.102734091925944,0.0776224096220103,0.123535827295636,0.122981376509319,0.128422470812948,0.0822858675640353,0.0940112236567628,0.156084587135533
"cordatoalata",0.172530349435994,0.181980626174516,0.184779228139812,0.220811833487584,0.220209657283603,0.244947768049819,0.260076305837152,0.180630721360609,0.211435171089719,0.169081629908115,0.162119343781466,0.160724743102896,0.117303452011457,0.203040673852835,0.182486602939914,0.13528467609666,0.227609432817322,0.216026623592855,0.235383481032919,0.112528065246387,1,0.17666808931929,0.182535943063359,0.255571468825727,0.168710003085826,0.133612747366507,0.191430948818265,0.173155643741762,0.0971622078008225,0.206656152950482,0.242779418862585,0.186712179807702,0.232441759748251,0.144837402612875,0.165723740634889,0.150302681716542,0.198667849363164,0.123745689237612,0.151720128692026,0.22119766070428,0.179456536614458,0.217126990506268,0.147967956516701,0.204212449497912,0.179499505021408,0.144891114390168,0.19121931503871,0.167860838362799,0.081595048866131,0.126807763109516,0.152076035025548,0.179633311002092,0.22390451522944,0.201699842757486,0.197102626944732,0.146871071690544,0.18280651192422,0.165439818701239,0.163453238988628,0.0863826007089188,0.190698105798199,0.232166496334969,0.220991024913809,0.172726332243411,0.1670840290267,0.232872846316233,0.147426709199993,0.248098719455997,0.185681108250083,0.192598655087807,0.173224592034494,0.179177918660709,0.249875204389806,0.142000395781421,0.213949339679555,0.235702381589135,0.197146657139009,0.190377077234257,0.1512808405773,0.215290145755855,0.171107478858888,0.173991678017464,0.192688400135753,0.104695596404415,0.14664561718985,0.172329982686014,0.214824702505017,0.158729582259524,0.167053546756226,0.202104879427879,0.0994441011003504,0.183678279365501,0.130427427172063,0.229341774339648,0.200494833756827,0.15164585224595,0.0983327937818885,0.220790763965251
"coruscans",0.148362512726261,0.173096625805732,0.162909736391556,0.198022513625436,0.163546730596151,0.148081456730483,0.201999686048946,0.174450599987586,0.168985566298466,0.112618159463592,0.111157947023976,0.10438277366783,0.107957263840015,0.139419167028716,0.16149547705237,0.140443146678114,0.101435808901288,0.183268505613484,0.194263260159465,0.121988183652576,0.17666808931929,1,0.232685675079325,0.149254930241381,0.109920341753141,0.139905929426585,0.152882840618508,0.150451347524289,0.0952875945667569,0.156824373093882,0.204034044341457,0.150255260863703,0.246589521305999,0.141058949280877,0.137590432099153,0.115475476838317,0.171493945673743,0.122103579268541,0.0861984541903783,0.196897971808479,0.158463262303861,0.208357863799529,0.165607677162868,0.140064351175197,0.0994298594170999,0.104704485706077,0.0865265274358286,0.203496405335195,0.0523802708107805,0.124909892472633,0.152007932484279,0.166912623968274,0.203131720950006,0.139235019873268,0.198878757439511,0.15231188244856,0.197555221258142,0.13478066840998,0.154339623899963,0.0946894690874358,0.115660867260013,0.187815113378989,0.177868237460608,0.164353643591645,0.19194128932514,0.168006514964702,0.188657985402985,0.194360016220686,0.154555995846122,0.193580720510889,0.171961337645174,0.188678474933598,0.121331706051235,0.105592679598347,0.209976486616879,0.156906865358496,0.180649958069506,0.173482529876835,0.15946378659777,0.179481743655678,0.143683421160016,0.143429319437465,0.143525361872513,0.0889986171917123,0.107256313772179,0.189453679091915,0.177952670057823,0.145101292099246,0.166996122100307,0.183089235507949,0.107529389793356,0.121428590890224,0.125935298020271,0.209735947789223,0.168344053618293,0.127987811074623,0.0820758091741733,0.175577515604409
