"","acreana","acrocephala","acuminata","alata","alba","aria","auristellae","bourgonii","brachyrhachis.aff","brachystachys","brachystachys.aff","brevialata","brevipes","capitata12","capitata33","capitata35","cayennensis","chartacea","cinnamomea","cocleensis","cordatoalata","coruscans","cylindrica","edulis","fastuosa","flagelliformis","fosteriana","glomeriflora","goldmanii","gracilifolia","grandiflora","heterophylla","huberi","ingoides","jenmanii","kursarii","LA17","LA41","LA48","lateriflora","laurina","leiocalycina","leiocalycina.aff","lomatophylla","longiflora","longipedunculata","loubryana","M18","M25","M27b","M30","M71","marginata","melinonis","microcoma","multinervis","nobilis","nouragensis","obidensis","oerstediana","paraensis","pezizifera","pezizifera.aff","pitmanii","poeppigiana","punctata","retinocarpa","rubiginosa","ruiziana","sapindoides","sertulifera","setosa","spectabilis","splendens","stipularis","striata","suaveolens","subcapitata","T18","T21","T29","T50","T51","T82","T85","tenuistipula","thibaudiana","tomentosa","ulei","umbellifera","umbellifera.aff","umbratica","velutina","venusta","vera","virgultosa","vismiifolia","Zygia mediana"
"acreana",1,0.155757167288673,0.14854647482454,0.167643753120693,0.162695336268718,0.11854062904663,0.149553978466881,0.104382525133213,0.118303662290812,0.108328188594758,0.102737330474854,0.109515142257661,0.0986622561084857,0.111364456790577,0.155058469805441,0.103799002287441,0.16690944240475,0.160947414285031,0.142797978032966,0.123141435721832,0.178987042260624,0.130616241986145,0.147514772742207,0.138318901456906,0.168029940847789,0.0891505906171294,0.142478556679035,0.129949351089237,0.145234211122364,0.154210238026359,0.115157740353663,0.126712117792266,0.153962050794945,0.132271621079251,0.146362062466732,0.105291394524105,0.131665449378005,0.102280142951154,0.148360932420366,0.124951647836435,0.134892996478326,0.176953807997887,0.113917392466979,0.139545951586468,0.178802288962592,0.10827361535067,0.0765447123000262,0.123654607969057,0.132232301192468,0.113623680034917,0.143421684947303,0.110547043101486,0.168707292907921,0.106319040229805,0.10946632743984,0.118498087452054,0.143100252664527,0.119366723347132,0.116791420318786,0.123986856448153,0.147914742145771,0.151550276390942,0.149697899057146,0.166901674248788,0.217973205696186,0.175907462804063,0.13106410181864,0.167461928551886,0.0977047882081029,0.161863842468564,0.110698473862271,0.102639301229282,0.175801234079005,0.0887950960476618,0.1493207569066,0.185975981892233,0.135253696427972,0.103987940635457,0.171322146379563,0.164797573323451,0.116864911687333,0.16314797830353,0.150658753854597,0.138465606617594,0.0774111034375669,0.140130794815801,0.196688219781299,0.12257551273394,0.0846819809066405,0.133943573470327,0.117090396847817,0.0968874785273693,0.14624408572578,0.127355315844076,0.128347048746717,0.0883993031180813,0.09787910151429,0.190006699136911
"acrocephala",0.155757167288673,1,0.164794472390442,0.284653234250701,0.301694140137042,0.224726742834963,0.298659830089763,0.310250823057134,0.20485803700396,0.105111949087614,0.160094380577647,0.204235928230535,0.140332455011092,0.189537831467858,0.235803924315052,0.154405762660206,0.25917765224514,0.326547881395373,0.227420893103319,0.175407149715931,0.200575415641172,0.195998428314679,0.249819058060117,0.219369701313233,0.256938799792768,0.118805004644765,0.166752429743443,0.187922461767081,0.229658309158053,0.176464317498694,0.197635937634082,0.275397277193872,0.277725481124694,0.195721531180358,0.262289491098069,0.182932298860324,0.167542199498622,0.141354240474548,0.38091832656636,0.226607358258795,0.212781489267862,0.236776582404627,0.183106279056917,0.248595916955142,0.216216347738724,0.221559203667086,0.131482423176679,0.210648668959978,0.177536154159321,0.189167135429963,0.16006845016997,0.122631390316094,0.25528423018429,0.160440879920113,0.120885722617004,0.143646453251922,0.192305854849605,0.216952246004759,0.183996118670227,0.387242267355385,0.209126350298374,0.192332968416833,0.216373020305018,0.222505088250745,0.236745718366766,0.294770385392251,0.179700684098313,0.294665661349995,0.221480631219723,0.272304757009533,0.114261329542382,0.137443232443409,0.19999663165701,0.176612999357655,0.256273748270912,0.271775445750511,0.208896680865765,0.210273928967836,0.191722252285993,0.279769864009721,0.242053242872525,0.252797734730085,0.16801738794229,0.243699389317617,0.100924859804352,0.177801339231221,0.269285039882126,0.178238638727945,0.10355643122778,0.294260006916518,0.17514969476809,0.153905406100789,0.16337905790291,0.192943570475079,0.25359729560755,0.174239944324354,0.184639434223035,0.24835067771111
"acuminata",0.14854647482454,0.164794472390442,1,0.215805882383283,0.186546174627789,0.402301719985206,0.142647057745295,0.131346019118188,0.337292300956213,0.123872987071836,0.132058062932838,0.159438661019402,0.191922297223481,0.18953896601554,0.159957801005527,0.141912092763849,0.212577482757495,0.196544574473675,0.366829366460617,0.138744220480479,0.209872761579136,0.168869766215959,0.302924891391307,0.132490273068985,0.236879631494983,0.349600127371262,0.210132042018729,0.245617164389241,0.19541904971203,0.138122581982287,0.121962936338461,0.135242721515489,0.146189410098466,0.150038351130376,0.149127266799055,0.12586584207705,0.358833566025247,0.113635788970419,0.167223071458641,0.175092259605567,0.223194505983224,0.161031180254489,0.137758718023163,0.173239374465345,0.149223459196516,0.134937295428403,0.113479928991761,0.14121282967733,0.16564353125327,0.141992113092536,0.151392745808658,0.124078019024289,0.157315693117855,0.102930031602994,0.094011077659032,0.355077181824993,0.133667414575165,0.197916421002054,0.126316644411201,0.143743576498686,0.13942515946301,0.340454689649053,0.218335608531801,0.165638071235439,0.165923463519256,0.365601522756018,0.138034038567585,0.179879597016104,0.13873037962741,0.180997080878593,0.107784306981816,0.19633710830815,0.143516620664133,0.134581518128879,0.156556849609021,0.177182077505716,0.173478264083931,0.151458607937577,0.137233647006869,0.21019694818713,0.118086422019435,0.268665661434217,0.122346148639613,0.34221458504888,0.0783542286470621,0.180808656619483,0.189235785222062,0.169423067225526,0.197192349302098,0.14609066248306,0.129031255143628,0.131398822003777,0.110937635471634,0.167899163866158,0.170477727300974,0.134713648364851,0.125697134203921,0.172650114897313
"alata",0.167643753120693,0.284653234250701,0.215805882383283,1,0.326213084340148,0.280759311892953,0.273510058293854,0.223945727738082,0.303676344448386,0.135188981302847,0.159102946882482,0.203094142305522,0.219099799038842,0.221008068955911,0.27089519536666,0.190246375984885,0.239223246709444,0.347881397724436,0.250269407509225,0.165750503088826,0.22881291811987,0.223495464905228,0.270731405820587,0.220413710732729,0.284559385655859,0.176115472754312,0.227346220748959,0.218032638567635,0.267203425992325,0.18533140877891,0.248392741592799,0.214730798889676,0.264163265534853,0.190612886152043,0.222069488522392,0.184096710313716,0.178254422647615,0.172298694916295,0.267746905914585,0.237637977250415,0.220365748015025,0.218709293977933,0.210826465008526,0.260651554846946,0.219178163989,0.179446992515589,0.117877764589921,0.220069044865734,0.232818153044942,0.180228345455906,0.177137500669942,0.141968000116965,0.260964444816841,0.160043904784079,0.115829248260764,0.214802494810046,0.175929539589455,0.249819799476247,0.157502455784425,0.237810267929183,0.166438226282532,0.281277183520848,0.344897766752454,0.259638218001496,0.243699049995353,0.365005420537058,0.171877594932715,0.279892151286786,0.205151059424877,0.315960228611433,0.143999142137319,0.16388486397402,0.164950352909141,0.196224345074446,0.248351931566242,0.308363659185266,0.236803101382175,0.193316441189624,0.175992267840593,0.31240227379484,0.185920562232695,0.301980907382938,0.140646085581544,0.288519079052635,0.149472554579372,0.201819835131194,0.280285257221073,0.181445579555492,0.177017885107188,0.264743718381855,0.193165554766128,0.179184940986459,0.134946746667959,0.210424112398469,0.315750891785967,0.154204681124928,0.167705506294145,0.246791637220449
"alba",0.162695336268718,0.301694140137042,0.186546174627789,0.326213084340148,1,0.296763767069778,0.303907755748849,0.269514840760424,0.239205622367386,0.229281826004457,0.263517354926775,0.333588099780841,0.249226514039682,0.219459333170914,0.262012082547854,0.15065124477269,0.307279929653835,0.33827124431707,0.210710418045161,0.165886078487781,0.207149314178065,0.253794904412783,0.233560795471992,0.274974976702803,0.333432141737546,0.244926284409889,0.185264503301947,0.218110826607407,0.27326001454646,0.186750490985976,0.218441749884214,0.341653415856375,0.301899895864919,0.207696949611249,0.328480024564866,0.23261307637037,0.145922193518572,0.132128493950747,0.339166570595505,0.286102491021425,0.292060143313756,0.197474971096679,0.173160943341845,0.269673166374885,0.284502046589324,0.178679160348131,0.224105837320638,0.24809719657217,0.343110592079379,0.311493262374428,0.169160084592284,0.124729669756233,0.324907056199528,0.24693835319072,0.124612820464713,0.159422836251638,0.151552235046099,0.275278738608524,0.269581388599619,0.27158030513156,0.170839033795875,0.232366685829484,0.299961961106173,0.283144641915079,0.314766206404659,0.389659951960059,0.238451986007334,0.27453684711041,0.22869107171686,0.33865367242685,0.227184725815533,0.156141377550193,0.180351882564927,0.228669486986558,0.242356576384773,0.341160400018289,0.23554643146722,0.197626338463333,0.181829835872861,0.324362736562841,0.183436383318252,0.378977553138756,0.15859914679865,0.329182314529548,0.0941959256555373,0.178647097793586,0.266143399233734,0.231779070957543,0.0927173948269643,0.417923976253724,0.282820840267051,0.292331584981682,0.170445888173204,0.21976513320099,0.230419951180837,0.247554281396618,0.185874315784554,0.236247639659279
"aria",0.11854062904663,0.224726742834963,0.402301719985206,0.280759311892953,0.296763767069778,1,0.160598841010918,0.235672014456717,0.519684301116701,0.0978200909463452,0.120786018464653,0.178339883663063,0.148346573891396,0.201656481814698,0.167376953617593,0.194069306060934,0.411280381008337,0.244225989636179,0.327985382094976,0.186970874021838,0.204837220954731,0.19105214088839,0.367069011898935,0.163280554341978,0.302523990654739,0.438420533847973,0.158564618340185,0.401026275794739,0.203594495966881,0.132248964869934,0.140627884850864,0.149235979634382,0.178310750018502,0.136417992416893,0.180799619309962,0.16994793233427,0.350212882979524,0.123540006734721,0.223949439919907,0.211914276168191,0.256086634078069,0.149245762130687,0.120776219557496,0.234928986817157,0.17050816170312,0.120164673326401,0.115773210955834,0.216616297287654,0.189011199035218,0.173042859960853,0.127284785318346,0.0904463996182373,0.230084100926239,0.176089349947239,0.0887960160011384,0.432418534933716,0.124913028300094,0.262636104434914,0.112926792110075,0.154477324307962,0.130237650836162,0.426652947068545,0.287418761705626,0.200128961115345,0.235982562141404,0.409353061250383,0.18631011485641,0.181321434081807,0.159883072744037,0.186198987119021,0.103351954951719,0.158893893698115,0.124041652477843,0.210092432629789,0.174524761985685,0.254331942692804,0.207362871939399,0.129379456659755,0.12931067188536,0.259987626199351,0.1206691560603,0.445046885785549,0.093827087552473,0.460331435982599,0.0666923282234682,0.128898338844611,0.200251364356005,0.19437182235556,0.383573595128653,0.173230416385894,0.22197275409439,0.127124403593195,0.115389381356011,0.149925713959322,0.21252137731764,0.127340626497911,0.130422454233043,0.152270521618198
"auristellae",0.149553978466881,0.298659830089763,0.142647057745295,0.273510058293854,0.303907755748849,0.160598841010918,1,0.271795040082552,0.171247074885252,0.109181368412972,0.166658606112641,0.194190841017607,0.127405622210756,0.203356802615229,0.259287418469507,0.184336554860165,0.203520751810599,0.289493433426864,0.197470825184508,0.139820396778806,0.188896726181028,0.174766995321288,0.171767251346414,0.262354545424132,0.206986948134314,0.0875220296122499,0.154530245566626,0.173653041028614,0.239336596244177,0.220810901835125,0.215321288144556,0.225960549825267,0.346618032935896,0.198446908452076,0.251472141081265,0.194962508958771,0.136173406085478,0.135616244078786,0.303459436175579,0.23302612192147,0.162431016476597,0.247862918738726,0.169555285808719,0.225851831317346,0.247275131196059,0.177498386774413,0.100823604985212,0.201982786588453,0.210742539628277,0.178133194981846,0.150225274980122,0.165093792174174,0.300831945755075,0.20594727024033,0.133080331103727,0.104938727233288,0.160031930011265,0.185680083066313,0.153540104049569,0.308059091007962,0.189128744143565,0.169874614379898,0.205336477990744,0.243743680783712,0.233608585238238,0.278207352071037,0.201542412282712,0.283244105909622,0.212346523035273,0.307253104575266,0.126511905370231,0.127563529477241,0.204272890000688,0.163172867043187,0.277184803120854,0.239735385956123,0.204552855488712,0.200482372709028,0.188468162159084,0.232443881525471,0.190367456388763,0.218500336547247,0.15579470336611,0.194268644120793,0.0992973360546198,0.164259808648348,0.263939355646807,0.196012414028903,0.0725291175172213,0.310499445705263,0.187920142646826,0.16607566427268,0.139825091001935,0.236599505454877,0.199281277516299,0.136365802236945,0.162899368913545,0.235608428057845
"bourgonii",0.104382525133213,0.310250823057134,0.131346019118188,0.223945727738082,0.269514840760424,0.235672014456717,0.271795040082552,1,0.152359905522538,0.103320687197706,0.132816649194628,0.179986883565353,0.106135371198292,0.173431928663444,0.237752968367499,0.12931692169921,0.345908767553217,0.385588135510472,0.150949682573072,0.181918429908506,0.15240124475917,0.177392612141916,0.15183730393329,0.185646989186477,0.19606846470985,0.0684684454685306,0.130838680766836,0.121851379196458,0.253405191507897,0.144513844998724,0.198641072177569,0.238242806089015,0.356164302615703,0.265633128481479,0.199707161603328,0.20917202479149,0.0991135817709509,0.113696545020103,0.331794752274258,0.234864440303953,0.134081907211989,0.192096916904176,0.15175447466943,0.203906355612793,0.249394604804018,0.188812428004988,0.108319456092903,0.3179956897132,0.166766636307211,0.147464891846614,0.125647110870786,0.139628166719073,0.277149643135951,0.196029743561091,0.13512990165001,0.0798114892362046,0.144066483323317,0.175975381592635,0.156772671080242,0.313789915707427,0.220800733229727,0.158643950037929,0.210056871150161,0.210373307416971,0.261929804500316,0.245775388940292,0.160225150917449,0.242540781756366,0.299015507760398,0.269480883174996,0.105842001748078,0.0989155517026099,0.153083388897391,0.307613662470384,0.254441351710137,0.224413134866177,0.200271067501083,0.237954613820354,0.16194624236395,0.25991513998912,0.214456521766741,0.249359686616276,0.163267110914659,0.193842568187524,0.0945908160567681,0.153831281780091,0.241442672167941,0.271584497648197,0.0516934728295416,0.261569388955542,0.275592824806508,0.136288395955124,0.169383890716906,0.16786967267473,0.170258041310522,0.129248780196444,0.211663759996247,0.19894153155984
"brachyrhachis.aff",0.118303662290812,0.20485803700396,0.337292300956213,0.303676344448386,0.239205622367386,0.519684301116701,0.171247074885252,0.152359905522538,1,0.103290039774199,0.116514686198828,0.156805283219817,0.197663481556018,0.222804301620419,0.178714630301088,0.152709086735242,0.254867900849283,0.221109146035477,0.294452021394391,0.141899278067197,0.195211596174952,0.175840037875413,0.390903616227338,0.156863913415281,0.261137110921692,0.448596733184251,0.201036024651011,0.324070565962537,0.184679105322033,0.122430177815379,0.127696901324327,0.15595999238598,0.158742231225119,0.129320847418038,0.178240307506732,0.123264396284337,0.307234492500048,0.144825244125667,0.189072606295174,0.167642476516107,0.269841470492021,0.14356024654827,0.116012758296087,0.225851135152701,0.159937973901051,0.112412728135933,0.104640509091303,0.127147304895148,0.169322504395202,0.140816323081996,0.114326118362158,0.0870828886699289,0.167936217219243,0.114345397587103,0.0742626691134474,0.44560524593589,0.12516136578604,0.210950660389146,0.104752293539409,0.141568823403788,0.149555923653155,0.413782408189273,0.261396082408267,0.177249647762775,0.182017121172015,0.404895336708786,0.112234492019808,0.183070628672968,0.133215092880012,0.191430481616293,0.113741260168928,0.151218127478981,0.1318024471729,0.11917352871983,0.155483484476686,0.217393684740742,0.177026568784824,0.119801686199344,0.130325370600223,0.249685174226019,0.113737955503353,0.371326910347299,0.0894540818812993,0.350414089951584,0.0822747296358757,0.123523661703104,0.190595627277182,0.128865563828031,0.446735139660025,0.174459232125608,0.150579318332115,0.106476303402396,0.0872979479455065,0.157547663411172,0.229418465942754,0.111359972316631,0.100613437239482,0.175080150380462
"brachystachys",0.108328188594758,0.105111949087614,0.123872987071836,0.135188981302847,0.229281826004457,0.0978200909463452,0.109181368412972,0.103320687197706,0.103290039774199,1,0.2905316199238,0.259639389806589,0.198762827359124,0.119179331156761,0.130598105724292,0.10681776814738,0.12487307634877,0.138660834281527,0.0985208183483155,0.0999741642742065,0.131738004800289,0.172471520584942,0.101224327732422,0.120984882475081,0.156557392069709,0.203666454885034,0.104143323008347,0.155090321123214,0.128807815429397,0.116046514346325,0.121168714012055,0.345444978874573,0.127875864792033,0.198805446421721,0.297799927700502,0.122077341314513,0.0906075205826039,0.128188294882805,0.129477106948762,0.13288931307818,0.300699027858195,0.113865956658359,0.140141982587512,0.13112857825948,0.14989184587089,0.0907333443602424,0.298589491665362,0.120229488932868,0.272766645950624,0.259427172317252,0.125558510342214,0.0820830560133578,0.155220799786395,0.0990132497795969,0.153857102420545,0.0716625183369197,0.133298310270608,0.11449910712449,0.231924114937462,0.0974132645460732,0.123113581511632,0.0935311615911624,0.139048639553523,0.140020352036764,0.130166715040899,0.134821384045428,0.0995111390479354,0.134259667571218,0.0940470378360011,0.120220152720207,0.301437378713801,0.0815602956459807,0.101522832276184,0.11661976485018,0.143566663257002,0.116791415006351,0.128470990432031,0.093928017812534,0.0984018431124635,0.139193020174207,0.10317485489428,0.15993608291092,0.100477332359951,0.127381112842798,0.0798817182002061,0.124931496600231,0.132342157769331,0.120234334001402,0.0578403871982476,0.256754733137277,0.108588911668874,0.259584577767521,0.0905884929851444,0.112491875480784,0.0987082754193466,0.326675219556995,0.0932972661802252,0.126378728918728
"brachystachys.aff",0.102737330474854,0.160094380577647,0.132058062932838,0.159102946882482,0.263517354926775,0.120786018464653,0.166658606112641,0.132816649194628,0.116514686198828,0.2905316199238,1,0.274734671369236,0.205858018263716,0.14463808585389,0.125046946354494,0.13728363152838,0.149223714088276,0.173520604361448,0.147297752741217,0.108849726989381,0.141601133427068,0.134039685161884,0.151331029834972,0.128418653782019,0.140433566645465,0.249867747384521,0.125577298269438,0.158722898470115,0.1521280565806,0.131284969481364,0.159102673975156,0.323434975872607,0.13563109469824,0.119908358144547,0.313152630632244,0.111543928184361,0.111435224867349,0.10281448720225,0.136581104712198,0.137255423833641,0.315407220364096,0.160348182854416,0.107624662198879,0.157875606680833,0.13243759595873,0.125788572602012,0.278840128294308,0.132209083552862,0.273850493008356,0.284148404873839,0.137280433703017,0.0892596096352666,0.149813719384343,0.0869761388760413,0.118643569826106,0.103391232081552,0.131143003852011,0.120483157696431,0.250653148474508,0.137511504772258,0.131808214879733,0.124909969420876,0.170387307788367,0.167844842311729,0.131122422102432,0.157734532677761,0.113999009753403,0.181339792547803,0.103603673019331,0.16037448844335,0.275163630933833,0.137748965165727,0.134941684842141,0.120918712464823,0.13573293907612,0.130562264091957,0.1272076915121,0.111801860767326,0.12316393696927,0.14973461480519,0.147006085795676,0.168293447863948,0.136434271745181,0.131448854252735,0.0689295018928507,0.103564977891848,0.139358070233474,0.124937856614936,0.0648100425375146,0.248463892411885,0.100893165057248,0.276290044775706,0.10477480001988,0.142280402734562,0.141921871522354,0.329979195738964,0.104659191489427,0.136858284133214
"brevialata",0.109515142257661,0.204235928230535,0.159438661019402,0.203094142305522,0.333588099780841,0.178339883663063,0.194190841017607,0.179986883565353,0.156805283219817,0.259639389806589,0.274734671369236,1,0.228468137725777,0.227250732820433,0.195684147621632,0.129958796127423,0.221241302577922,0.216675936397054,0.173490707985616,0.140910179012485,0.160836215416958,0.188893850304894,0.171779193329385,0.185597734004018,0.258545979373221,0.24770929997458,0.157740394025574,0.141999565144764,0.186616445245935,0.141267897639101,0.183277703247435,0.3118409879179,0.192670516017146,0.149675201332805,0.328141676590847,0.151150935116052,0.120059908148039,0.123434940067166,0.169220562792264,0.198084979896951,0.353981916977951,0.15353298282593,0.155536029051573,0.198206215826429,0.226277839371484,0.128277383760563,0.264173752165221,0.184804204005985,0.37710600526463,0.365951945493274,0.126482045312476,0.113343495039873,0.281142007282734,0.152916114731219,0.0897295708237665,0.106195832160143,0.140139466948742,0.170646743011302,0.261869001690354,0.15525830555603,0.132411252480865,0.215881880539356,0.237559624389676,0.201810265955919,0.231179912899694,0.243914906930858,0.161839528322052,0.214563917319333,0.147251561160732,0.188998966285399,0.256995891848469,0.135961493432657,0.129427914435804,0.156073974342744,0.181966282713946,0.271988756763831,0.168044847005859,0.19523053837396,0.15191567536059,0.218414644517696,0.145568332192738,0.248789256458927,0.113565444602286,0.312159191208276,0.0809032101271137,0.146612846282008,0.205611153609902,0.175659083265825,0.0795814238324969,0.326337979156916,0.208932159778507,0.277815552128231,0.128655554928641,0.155641600998999,0.162592452766593,0.273966661855386,0.135656246554607,0.215474085721936
"brevipes",0.0986622561084857,0.140332455011092,0.191922297223481,0.219099799038842,0.249226514039682,0.148346573891396,0.127405622210756,0.106135371198292,0.197663481556018,0.198762827359124,0.205858018263716,0.228468137725777,1,0.13243176800383,0.134358054571794,0.131788274287781,0.117194324424582,0.177759807991116,0.141349582773454,0.13429377600351,0.140405009334992,0.141184842920813,0.170074539002019,0.128765529511236,0.142116381946857,0.188710568781775,0.205846006876717,0.164361949701305,0.131753367375647,0.110667539660422,0.0992678549189471,0.223354970710461,0.118644099153488,0.0949573054441632,0.244130542961004,0.123107161360249,0.14525746490361,0.114359464126402,0.128336466656923,0.117062416218757,0.245856562712781,0.123810177156951,0.112874022159018,0.146885192874354,0.120889005350637,0.103317594603319,0.182208156413981,0.102556858186058,0.254535693180633,0.200339351572568,0.110264524671481,0.106056342578838,0.124303515052811,0.0931026555054628,0.0820125210689596,0.112605830873959,0.122209830810674,0.133241251094011,0.203137361131616,0.124830353002643,0.100196001046953,0.168808002900171,0.171842892615923,0.129032475652194,0.141746569853772,0.181474651336296,0.119546294869179,0.144930304452343,0.107492079183327,0.14059562376925,0.281972993328191,0.110447941082142,0.117910433069059,0.0888305421223279,0.117013081711185,0.158033666750357,0.131459825555546,0.106597239484152,0.121615861696318,0.185321646122314,0.105424501214792,0.204529965279548,0.116590009619016,0.17379450695517,0.0830070432547049,0.11902305090807,0.144548394895855,0.11106175408095,0.15015967957814,0.217285041945398,0.100976029447648,0.186572134827663,0.0909441226593149,0.115018843492592,0.183934749611368,0.194193056935744,0.096597058046915,0.144268499902356
"capitata12",0.111364456790577,0.189537831467858,0.18953896601554,0.221008068955911,0.219459333170914,0.201656481814698,0.203356802615229,0.173431928663444,0.222804301620419,0.119179331156761,0.14463808585389,0.227250732820433,0.13243176800383,1,0.2074010992643,0.181855148325828,0.181382855455054,0.214209067817311,0.177237203335859,0.130203018526561,0.186678397606161,0.176406141190475,0.194306177797595,0.169422047514867,0.206065248090656,0.12431025014713,0.164261757254427,0.17863679361694,0.204333915563145,0.144050657324475,0.171543905378417,0.16854642230495,0.18567995400504,0.158306410588366,0.151331466358445,0.158101765008799,0.232321390165185,0.134497917991217,0.197355846029634,0.186165206406949,0.202754797778322,0.156070209120167,0.160041617682277,0.243493491951255,0.215907613750848,0.127178244744255,0.104283449484083,0.209202820515719,0.20697600487138,0.196297217213117,0.135776180417706,0.116986763924558,0.239854758866344,0.137505718043763,0.091963961886738,0.136895223808767,0.159506677557804,0.171271506999892,0.126223192930557,0.178794575359969,0.150862342577996,0.227318792267656,0.22700448594173,0.195886719523115,0.194367969451205,0.259841166698608,0.155614104547111,0.196124761421006,0.188648955648319,0.207412534795568,0.115166597686952,0.142423638968264,0.116851080755158,0.166196876173765,0.18219915815068,0.234306372453147,0.165181305642963,0.143394517674772,0.144525983318721,0.218851996044293,0.161673254245274,0.22703228401619,0.115185000122987,0.219369712504969,0.0719175146795673,0.155269379898524,0.20566674228864,0.150543126407937,0.113904330774376,0.251978054108782,0.171643632899977,0.154339393168397,0.109856727325343,0.169229790878768,0.184512021722887,0.130778838071828,0.132282572570389,0.190055222813887
"capitata33",0.155058469805441,0.235803924315052,0.159957801005527,0.27089519536666,0.262012082547854,0.167376953617593,0.259287418469507,0.237752968367499,0.178714630301088,0.130598105724292,0.125046946354494,0.195684147621632,0.134358054571794,0.2074010992643,1,0.152102547518638,0.216764982819126,0.258463959557893,0.158468362123594,0.129755988387211,0.170998394716075,0.212001644281284,0.174298724421104,0.213852024235018,0.249170411245556,0.0807254236556554,0.156321905808941,0.146117669482293,0.237894061741844,0.182581073802398,0.236679313149436,0.210849190128766,0.298164211021912,0.232055951890623,0.164985535386232,0.23797984389218,0.12395862699806,0.140832565955375,0.252375618876121,0.225958827396448,0.173418905266446,0.235673183858714,0.180502403235248,0.205368026188632,0.278381460363565,0.209472971114698,0.131641076925736,0.229577970034708,0.239711234086447,0.17152812206212,0.161311562404473,0.202971654183561,0.318313761676356,0.228428167879847,0.134156788579792,0.103404233187502,0.151677493731263,0.182893173942254,0.187454272884744,0.218638158322179,0.200101742579869,0.171570694539208,0.228745724609492,0.258886517090321,0.297002073555855,0.253058186727126,0.209168292105982,0.262669320033006,0.210168917858463,0.262883440925054,0.155405782885759,0.121518224355921,0.161584465869852,0.195833184743393,0.264922102508022,0.283911764567893,0.244688535602352,0.199087847770017,0.205156270429981,0.271722103352452,0.221812505174463,0.233729788706488,0.155037333096795,0.219028995735974,0.0896605029263816,0.180110986035529,0.280806860130833,0.218072798603622,0.0657482621054886,0.232759946998568,0.245800590877748,0.155673666163996,0.159055999417999,0.169830078382539,0.181542501327335,0.143150356544194,0.184538121963023,0.210801838893385
"capitata35",0.103799002287441,0.154405762660206,0.141912092763849,0.190246375984885,0.15065124477269,0.194069306060934,0.184336554860165,0.12931692169921,0.152709086735242,0.10681776814738,0.13728363152838,0.129958796127423,0.131788274287781,0.181855148325828,0.152102547518638,1,0.150609976942426,0.172548936085523,0.151336838089136,0.128398198324242,0.148834420087811,0.148535138011447,0.19363371286659,0.128142168826785,0.1670562743645,0.0988322758819661,0.154748721744599,0.191109776069141,0.148868124457122,0.12144047926859,0.131939698275576,0.140865918358653,0.130461827753464,0.122328455484458,0.133413149809052,0.148547004896469,0.128096801939301,0.11164357477482,0.134864281824391,0.169545441954794,0.12326634878546,0.158540640672849,0.156863545744913,0.175016601811185,0.158235995099133,0.13594711904171,0.0885549608038334,0.135171400101637,0.131628839909687,0.128938381968285,0.136056614622596,0.102789496023276,0.144842576867686,0.101022150840069,0.0964249984058512,0.126365648815897,0.164000527326018,0.170160103957408,0.120933463074131,0.158837586080756,0.145191612293783,0.144355494651312,0.148764185456849,0.155731526663487,0.161071971701775,0.1791050797203,0.160887707391678,0.156101536440826,0.116307288339885,0.14380060376316,0.124055980387673,0.121933464058469,0.110297766071051,0.12141941787182,0.148354828340479,0.138572258536013,0.159158924766697,0.113338551546364,0.130381186152446,0.151043021208531,0.13071868422663,0.150719302142928,0.11707813681477,0.143745886329333,0.0817538964902485,0.137116657830363,0.143057141913304,0.118612051789398,0.0729276342503826,0.117318452006376,0.113893248282972,0.127384414336831,0.113920228127601,0.149472649762225,0.141546693774749,0.132741987009634,0.133411098671529,0.17474044044728
"cayennensis",0.16690944240475,0.25917765224514,0.212577482757495,0.239223246709444,0.307279929653835,0.411280381008337,0.203520751810599,0.345908767553217,0.254867900849283,0.12487307634877,0.149223714088276,0.221241302577922,0.117194324424582,0.181382855455054,0.216764982819126,0.150609976942426,1,0.330349684359122,0.215223415433364,0.161480106605334,0.206363518002626,0.23454870882491,0.26990133353881,0.202004171861016,0.283213933063159,0.229115860962541,0.147037338290749,0.293077761151655,0.275563522962027,0.194691393686543,0.189131840526516,0.192474669290947,0.241639909686429,0.197077901754885,0.188127411681253,0.191507757142216,0.165060926606452,0.146026194982664,0.207848118963966,0.242624218201837,0.175579897285011,0.180925067724718,0.174669978895043,0.22536146481641,0.210470317772091,0.158531343446899,0.119109476490573,0.37107725220389,0.199789594635255,0.186837554878796,0.14748309786591,0.119317067367629,0.268447978725398,0.178215025945943,0.114079239370574,0.237093111695983,0.167111626438783,0.249286124342391,0.151270746424853,0.182359415332872,0.17139873876729,0.294200858394434,0.275511108668505,0.215868958043591,0.251402342404692,0.332134807034551,0.188837172812126,0.230670368518006,0.195530302524294,0.243135966239149,0.109585407971488,0.160987164041361,0.136300224784738,0.410659525745249,0.226561170074818,0.299359728259422,0.231397798325365,0.178814741933214,0.165937345285386,0.304675099620409,0.181030799142814,0.305665199230556,0.128872167786091,0.291130870458507,0.0836582805445093,0.151887570750724,0.260573787012405,0.310306361707484,0.127657651525179,0.207231667064959,0.24196899445443,0.164968361668515,0.147778538478195,0.217025967220768,0.205578017355998,0.129501974059043,0.210512491102034,0.212487527179771
"chartacea",0.160947414285031,0.326547881395373,0.196544574473675,0.347881397724436,0.33827124431707,0.244225989636179,0.289493433426864,0.385588135510472,0.221109146035477,0.138660834281527,0.173520604361448,0.216675936397054,0.177759807991116,0.214209067817311,0.258463959557893,0.172548936085523,0.330349684359122,1,0.20934896022717,0.180380862535387,0.208942362444561,0.224273928534257,0.224540155301215,0.307373137766507,0.271808553312518,0.126926376749032,0.195493387192988,0.161134100039333,0.314648713163761,0.178019900167347,0.192217818672021,0.236792199222311,0.318750989520121,0.238240055463584,0.24321577504889,0.24194141179001,0.147192306626754,0.124353995277255,0.336761670937679,0.280215550681128,0.188034110504827,0.220925179199492,0.180324394952577,0.275349468039344,0.267579132256526,0.200737184568578,0.127343620030996,0.37001837741453,0.21387435936229,0.190241884790381,0.20342019157788,0.130313378640708,0.302508602640872,0.176183890127859,0.140235731565389,0.135056464204728,0.168030744354757,0.242712192943572,0.179645173584178,0.313255139180939,0.237095270297693,0.220829720024881,0.303872624747385,0.27370292847156,0.340428958567824,0.312462546951394,0.21048916036507,0.325899425824204,0.248733990225765,0.338994459395052,0.124740860546683,0.136460393942171,0.208521074958635,0.351509847193411,0.274213381003199,0.32272942882484,0.246880739801428,0.241991736916464,0.188802230730502,0.327063536361486,0.222824145481873,0.301785927358801,0.172467821752098,0.246939991328909,0.101895964483867,0.210787095110496,0.284820178236616,0.285903097840085,0.114088053760084,0.283033035738702,0.252980987694784,0.163016720398841,0.19436355878826,0.205881292115617,0.242714520892051,0.144523685338421,0.214635679861419,0.253203293159449
"cinnamomea",0.142797978032966,0.227420893103319,0.366829366460617,0.250269407509225,0.210710418045161,0.327985382094976,0.197470825184508,0.150949682573072,0.294452021394391,0.0985208183483155,0.147297752741217,0.173490707985616,0.141349582773454,0.177237203335859,0.158468362123594,0.151336838089136,0.215223415433364,0.20934896022717,1,0.158795024337168,0.200023389065641,0.178929222733397,0.299861236395431,0.161622884488583,0.259209302200229,0.287202755897901,0.181309416356592,0.226576749083892,0.224288230120988,0.177029455767984,0.145551552512827,0.175846429625948,0.169451961824313,0.146454378669872,0.183409162823136,0.143812813111107,0.321213040476484,0.116899321927122,0.175006443343027,0.209003105307742,0.221017883724021,0.192789654752836,0.170993543848061,0.167630213514345,0.187588062451111,0.192615152863066,0.0989776469153667,0.171879842907516,0.167743660553605,0.175791894847642,0.172438389798964,0.133516471987922,0.172316618462241,0.127404645428432,0.12078002928621,0.295667163987108,0.175170510641975,0.18134007389679,0.15237693256782,0.192893575105065,0.162435163945871,0.279068758549777,0.222123873217248,0.179233956323028,0.176528943254988,0.328666095160638,0.13757109439326,0.199334836584663,0.152559507008767,0.211304787019407,0.103610520012713,0.162400972272943,0.166606794194825,0.129849101972188,0.178804754846238,0.201205044335247,0.184235614020343,0.159176871944182,0.173099635346512,0.216162708292609,0.161609866060346,0.268887638258542,0.124737601549041,0.311989172134377,0.135489936171549,0.175706966225595,0.225974020635131,0.137192862864539,0.165574461435583,0.164912098317526,0.137491245962772,0.167583172615848,0.120160319986176,0.192610194235976,0.207569986998836,0.150462119342741,0.146635152276024,0.193160201662663
"cocleensis",0.123141435721832,0.175407149715931,0.138744220480479,0.165750503088826,0.165886078487781,0.186970874021838,0.139820396778806,0.181918429908506,0.141899278067197,0.0999741642742065,0.108849726989381,0.140910179012485,0.13429377600351,0.130203018526561,0.129755988387211,0.128398198324242,0.161480106605334,0.180380862535387,0.158795024337168,1,0.195840191876705,0.170815243802116,0.15021974747429,0.129092292730723,0.181926420935792,0.0937635882586598,0.16828673550768,0.143505200790262,0.158650304678652,0.138588062446844,0.125476639873923,0.151148609923405,0.221328712112484,0.128572915628395,0.140912784422702,0.122196947903894,0.147573342616995,0.105801702828687,0.157899455209506,0.174280602541632,0.146938377439965,0.159549683986779,0.122440177052066,0.153259693071962,0.142273094211141,0.157996335391061,0.101848768317232,0.111994286770141,0.139919051102189,0.192390109457665,0.134180911810627,0.0966741864411964,0.147015818106135,0.116018567841067,0.112666935806899,0.121403065715584,0.176004295646514,0.138260530442802,0.134337648383366,0.155390898947547,0.15481490427239,0.145628590077654,0.150640770741843,0.149127269432767,0.141404217828937,0.195032689078396,0.147429998733872,0.166980915808687,0.157864911809778,0.186351231253631,0.111177411324889,0.113190284877349,0.147456400226332,0.0979455037317291,0.181571332141958,0.154245718886303,0.150767710274383,0.11852511445449,0.153257290655959,0.180345725492453,0.116949265054585,0.189631385408736,0.124117595557588,0.167749315631865,0.07373402116587,0.146592656817836,0.245083166663944,0.118430443423728,0.097019417908752,0.159181193043979,0.117057626886852,0.107528548926566,0.110552894002237,0.137882158516128,0.133058761656898,0.114517861843352,0.102182359403909,0.175169131087547
"cordatoalata",0.178987042260624,0.200575415641172,0.209872761579136,0.22881291811987,0.207149314178065,0.204837220954731,0.188896726181028,0.15240124475917,0.195211596174952,0.131738004800289,0.141601133427068,0.160836215416958,0.140405009334992,0.186678397606161,0.170998394716075,0.148834420087811,0.206363518002626,0.208942362444561,0.200023389065641,0.195840191876705,1,0.215843284617603,0.227388067810401,0.189210228341026,0.216814927727881,0.136405883336837,0.190000417151559,0.211993016996034,0.213465857387336,0.17751892454688,0.168951983318057,0.166855393078946,0.188405927158556,0.17186680136231,0.17785212827592,0.155563500997312,0.208777249947365,0.132907658252152,0.168457481870509,0.203308058375162,0.180471371171602,0.173966072282661,0.127475427122127,0.197588729179308,0.184581800254329,0.156174714533341,0.130424428911655,0.150635144106184,0.187800307141093,0.183607669682635,0.160112673672935,0.132003595394102,0.206605292496527,0.145062769068179,0.1431864087605,0.215179833684446,0.203041632420179,0.194908237157696,0.150162823057372,0.154493249225171,0.169468879619492,0.286212083732798,0.244103463995318,0.193591955946621,0.190609281574835,0.291530444184363,0.157826466498611,0.230528413301335,0.146696338118509,0.228768015449937,0.13730093318474,0.16519580669336,0.179311122106158,0.138096925924533,0.182928560933973,0.192447726459609,0.161042053583806,0.138155668309786,0.183478612081693,0.231675097403503,0.177401826765439,0.241656002226589,0.160710124923793,0.27988739397349,0.086003430205161,0.163066633834948,0.197595855890277,0.148637466918905,0.118796147442372,0.191712497388712,0.137108637829322,0.120119702281867,0.14319703267775,0.179244041077556,0.164789838167498,0.140469897646551,0.121998194931855,0.229338791902446
"coruscans",0.130616241986145,0.195998428314679,0.168869766215959,0.223495464905228,0.253794904412783,0.19105214088839,0.174766995321288,0.177392612141916,0.175840037875413,0.172471520584942,0.134039685161884,0.188893850304894,0.141184842920813,0.176406141190475,0.212001644281284,0.148535138011447,0.23454870882491,0.224273928534257,0.178929222733397,0.170815243802116,0.215843284617603,1,0.185127619200338,0.210918234053916,0.264100921468681,0.0941338047057905,0.173161948168414,0.17138678804525,0.223477816741776,0.189339123516996,0.197233669048889,0.180769522504209,0.209715966402454,0.178957471443868,0.227724841828552,0.188140147673558,0.14166999568882,0.189241792457895,0.239797305529757,0.266722267429823,0.153961773296934,0.184355207658371,0.176779485417504,0.273988370397669,0.269965733065948,0.156665474005537,0.105577586990122,0.213046762560034,0.205464145100369,0.176023399235156,0.172712123308357,0.119300427378029,0.277887722773528,0.156801351217665,0.102173923478384,0.122495889360989,0.15793189017555,0.207633596894795,0.173581510126535,0.174020612327045,0.162965247356625,0.156799832146856,0.272120549790753,0.250411205665858,0.263991474818358,0.233137821812703,0.172373139467985,0.222168919023763,0.172814561595912,0.215294022278947,0.118876830482696,0.133560959994189,0.148562687222122,0.19748333896304,0.202239175882428,0.214224213128189,0.275665639871089,0.144473564461878,0.15008549705068,0.26398786942999,0.160290356041127,0.272601388337234,0.145582676283831,0.27816054351679,0.118914880599468,0.288046564602475,0.233070048848926,0.21068923556782,0.0900513489281084,0.20971434496035,0.206945308468482,0.146246617284063,0.167583939258238,0.158162783638196,0.189567129913214,0.139802218180827,0.164746569938002,0.202386175038716
