"","acreana","acrocephala","acuminata","alata","alba","aria","auristellae","bourgonii","brachyrhachis.aff","brachystachys","brachystachys.aff","brevialata","brevipes","capitata12","capitata33","capitata35","cayennensis","chartacea","cinnamomea","cocleensis","cordatoalata","coruscans","cylindrica","edulis","fastuosa","flagelliformis","fosteriana","glomeriflora","goldmanii","gracilifolia","grandiflora","heterophylla","huberi","ingoides","jenmanii","kursarii","LA17","LA41","LA48","lateriflora","laurina","leiocalycina","leiocalycina.aff","lomatophylla","longiflora","longipedunculata","loubryana","M18","M25","M27b","M30","M71","marginata","melinonis","microcoma","multinervis","nobilis","nouragensis","obidensis","oerstediana","paraensis","pezizifera","pezizifera.aff","pitmanii","poeppigiana","punctata","retinocarpa","rubiginosa","ruiziana","sapindoides","sertulifera","setosa","spectabilis","splendens","stipularis","striata","suaveolens","subcapitata","T18","T21","T29","T50","T51","T82","T85","tenuistipula","thibaudiana","tomentosa","ulei","umbellifera","umbellifera.aff","umbratica","velutina","venusta","vera","virgultosa","vismiifolia","Zygia mediana"
"acreana",1,0.226021872854253,0.161947643227797,0.179468616454439,0.136551795825092,0.0934745110730485,0.137924699409258,0.111999240204915,0.100657954522286,0.11703811940392,0.126967272984298,0.0990959979296714,0.109254442231178,0.143057019774026,0.145361694532611,0.121185747866465,0.108822211895689,0.179443375334938,0.156246639396483,0.125365939562572,0.151630177792625,0.134434132299557,0.164582087961044,0.187153940733168,0.133115269364043,0.129210309132268,0.120310292803029,0.130975602611564,0.125630110718063,0.131801863872084,0.14482450317276,0.102286784192229,0.178225344502712,0.164420848773352,0.140057869675764,0.111738023107521,0.107050734319387,0.0837838742311419,0.111138922209434,0.124157615002699,0.129261307583535,0.129535310844695,0.116571802398387,0.160341352929036,0.175035094726614,0.0983004114352313,0.118601508997476,0.112501403395748,0.144878349071413,0.105619636365162,0.117700060121005,0.20643931389541,0.149891074911219,0.128917273372761,0.112621470854754,0.0874394695273337,0.16420550121394,0.125676897222724,0.130669008240974,0.161104976396343,0.152649493069201,0.175675397550321,0.127892105527277,0.152212117150462,0.149266978432359,0.183254868226037,0.152901512904127,0.195549197564585,0.127185802111312,0.166674393926966,0.0974658791318223,0.131153609301164,0.174980296530497,0.103809548073173,0.154462041749984,0.139566481367749,0.126840585874272,0.0977133735028911,0.100686241967629,0.166899800505964,0.118275276580795,0.178453892784416,0.124740400989823,0.118823559814514,0.0627982603108962,0.146078103053923,0.160170370007405,0.119844122846877,0.112495068869018,0.179230686813231,0.0799987762773072,0.111341150737594,0.104316636794093,0.182575011116387,0.185208326491115,0.107198657993094,0.126525745745921,0.162803649422102
"acrocephala",0.226021872854253,1,0.105701516130217,0.199272899619149,0.201789237876417,0.148255573646299,0.251359257682046,0.237215024049922,0.210088289371093,0.159116947093484,0.192304339245023,0.126225815031174,0.131142268152519,0.186914562558545,0.24001396547293,0.27759255500426,0.134432798251277,0.249398654230634,0.16259682209076,0.148771097988334,0.184524452071647,0.156975691663263,0.277030140890787,0.229761481558865,0.184038528788044,0.136418880037038,0.130925335793833,0.191366089777697,0.13568347285009,0.15997511270223,0.205468701966733,0.154793383892663,0.214819929402829,0.168894279495337,0.180367232412605,0.121863943524867,0.1372839635894,0.154442616992029,0.135840373640687,0.180025027089795,0.193386701399335,0.180893669994145,0.13708961851144,0.215414893405908,0.189011634345568,0.160065197439401,0.156211058867173,0.196190597809994,0.142330658122939,0.194258700012532,0.156458169298978,0.161098717105084,0.187128787746444,0.162596545727502,0.137364762570387,0.175443084729016,0.1576356455944,0.144648516473231,0.146509349703957,0.172710560880366,0.163986019613308,0.178782554955042,0.144546370758573,0.161504228926691,0.164061350983809,0.204339246043759,0.173446629400614,0.188057099587602,0.175186622021894,0.176213979201813,0.152293180498321,0.126160923678535,0.210899647361954,0.132874339786014,0.176831283369857,0.195243365841395,0.156885081051583,0.143874601098261,0.181934120899484,0.173583385929291,0.139741285494634,0.210115839564406,0.15333685253479,0.230441963360893,0.0811988884836056,0.151670701132959,0.25744574839787,0.277787639037143,0.135865861780542,0.251461487591595,0.210533871247494,0.14274083457455,0.175351243908813,0.148946018183619,0.149255744239422,0.152595434336669,0.128002887422227,0.236852802526347
"acuminata",0.161947643227797,0.105701516130217,1,0.136225028096898,0.107921377879488,0.121006086197922,0.131911211225603,0.1043175509578,0.106329066088156,0.12420159358574,0.0980615712204317,0.121018512201915,0.0951681293137815,0.144074943014549,0.139929837783284,0.117521040489557,0.113820513501637,0.145190036404307,0.108132877905407,0.11909122020041,0.123593063226143,0.124934646056094,0.127014830170958,0.110471186478332,0.185507793255108,0.0927842201680934,0.12935496671357,0.108593370107236,0.138857560775356,0.142102843174831,0.112946177524663,0.099058125746961,0.129140898730811,0.134883107525632,0.104832983756224,0.0846009704189304,0.108239170499402,0.0742431894904994,0.098760334812067,0.102256179653677,0.0905706202492309,0.133434338742658,0.0982438811285301,0.120989814136569,0.135581368487037,0.0808341171941549,0.0896175322187636,0.0886885119716108,0.146798016470812,0.0957467052844971,0.159048997332474,0.185863916163763,0.118654714890721,0.119445287938098,0.0956997833868526,0.088905284737682,0.130814996223011,0.102486144132279,0.114823203716697,0.112149165218196,0.112764772180708,0.139448959060399,0.11253362452588,0.11331550007675,0.118966742380075,0.128828740936232,0.1140174826328,0.129091044703115,0.208678308300776,0.118609408019543,0.078203800885663,0.148549034419524,0.156464692056272,0.112060810217062,0.107797598645611,0.112972968423654,0.0934006717846076,0.0802662401366967,0.123374973153785,0.10861781156732,0.122280829398051,0.116025344701226,0.118918940430595,0.125543598516476,0.0648973840393719,0.146571977508243,0.126329306581041,0.127250681580503,0.122716566395567,0.12994812404881,0.0779600137179692,0.106213911532968,0.0981118919607905,0.152699676982289,0.109120787184106,0.094362056009992,0.106978952985209,0.129474062527007
"alata",0.179468616454439,0.199272899619149,0.136225028096898,1,0.185324284363675,0.170160588790271,0.229698745017607,0.169866548216142,0.167327422680584,0.179303422669117,0.1741845628225,0.166678364328814,0.156578036715176,0.218505742823903,0.26237403398228,0.203304112012769,0.139255803854131,0.278353069417661,0.191940768981888,0.18441001912028,0.264453802276229,0.201765966396557,0.227795067457084,0.279957209337505,0.166759337114801,0.154110153115164,0.182322780207175,0.195273844421077,0.199027639142568,0.236612978601716,0.205590810852009,0.17268627274748,0.275482068812272,0.208447070142055,0.182656486586722,0.141395496132463,0.167055041141825,0.119341631422889,0.165916516761319,0.17963249677227,0.172351532958483,0.222330619078023,0.181380275440575,0.184510603448383,0.218257753279927,0.130030900300427,0.146232904463347,0.159328337549751,0.180353643624979,0.217111544993612,0.206872063603485,0.214429336726392,0.249110313530069,0.262138373276903,0.141958893272151,0.133657224564246,0.229131267705199,0.191738249650935,0.256559722009849,0.2280199217569,0.265638365493977,0.253646457138814,0.19607586382055,0.245030457561826,0.213799699819554,0.223141243287612,0.199642365355895,0.276908981967254,0.176017158768443,0.262578148410406,0.143729090959692,0.190611327044747,0.217037153271557,0.185125471619431,0.194456242258985,0.217042951236249,0.163997489598485,0.158485410839505,0.151912274718289,0.22666275137087,0.239813672685603,0.26090644937028,0.201865453245474,0.186153123779475,0.0852204384306372,0.201208335813839,0.246280497037899,0.202107327526308,0.149456119558773,0.290822479873338,0.168400554580887,0.156198500210985,0.147240331172926,0.215981361506804,0.183409446375481,0.161745493086166,0.168437596112094,0.263301579271393
"alba",0.136551795825092,0.201789237876417,0.107921377879488,0.185324284363675,1,0.111472175895727,0.212614699282599,0.23763560618394,0.378026639367862,0.292890847017781,0.251588515704495,0.234595029533957,0.210763645164495,0.151030352683977,0.208697898684063,0.188575267135944,0.117473676788489,0.214418248126139,0.190349535086675,0.217295039435148,0.219838127720123,0.240350860214361,0.209045943828409,0.251988597375246,0.170074572923936,0.219219943595192,0.152814113486464,0.191501167126296,0.140706914171955,0.114455841959508,0.177014118273943,0.289739865213011,0.221141021408557,0.230402386573557,0.341859280680943,0.111948920429432,0.119215398373879,0.17896379096969,0.115402792776474,0.180177734118738,0.284685298299485,0.132501061228173,0.116556784881545,0.263050777012121,0.229878347209632,0.207744908668767,0.298547341362235,0.193330536244582,0.277739056339004,0.286233709252434,0.199051053664293,0.128571680901477,0.175027508511299,0.1293626724105,0.0975624240534191,0.139429665358147,0.215103689732627,0.226229985094498,0.270216143892718,0.163117701586669,0.196337372127956,0.220750697644991,0.103998457908399,0.208488829786938,0.219176539073023,0.220596520232477,0.232611575120758,0.200992998137142,0.135868248518734,0.220773067957145,0.453427538114592,0.121790007572032,0.23137634487724,0.190422175507958,0.144979234167002,0.396750463041855,0.116613492698309,0.135927468324308,0.200706068759145,0.237568901257247,0.193388944035823,0.240468984414169,0.140226590485711,0.187862907038991,0.0905297533270425,0.141934697243391,0.21841179160803,0.192617341417039,0.107365311389661,0.353372989241969,0.12290549863212,0.310416517493716,0.166221762829509,0.124270647546037,0.22476397885971,0.299373585221405,0.119017113978943,0.202736220065642
"aria",0.0934745110730485,0.148255573646299,0.121006086197922,0.170160588790271,0.111472175895727,1,0.139073573620358,0.0997549670573323,0.0947900013575994,0.146735223269563,0.134512093793362,0.138025808374514,0.11050506531345,0.16587720739529,0.13514541417193,0.12982251529748,0.106572906877365,0.160764671978281,0.145129918493506,0.199490340032712,0.161947784348439,0.183073083545932,0.137667910694157,0.172167018737659,0.152628320194671,0.0966532228484842,0.143550547922576,0.160501458861941,0.150850190050446,0.169700832134188,0.129844072623775,0.109750469694165,0.16155704117182,0.141039924907768,0.132206220556064,0.157361354793293,0.152342438433798,0.0766117671011715,0.124824300793578,0.13222365077722,0.110067218796795,0.15976796838683,0.172561567432468,0.124622587505611,0.113680685143728,0.0840952010957527,0.0992219260682447,0.0961501382918656,0.130152349491129,0.103954599085719,0.188795269269921,0.166129487141386,0.208969512177584,0.153267318880108,0.111075713108773,0.0845090598923122,0.135892755606187,0.153272388535901,0.152283585201217,0.178153790024961,0.147212732955569,0.183405299256403,0.169427434258156,0.148741988650406,0.148172883491196,0.138142217084411,0.137875524201138,0.1804570273439,0.131418687460687,0.163330908728433,0.0883814263956283,0.159152068080835,0.126842846579971,0.122500961213289,0.139053818997518,0.115629874303693,0.145388097978331,0.135161030259398,0.120559889469237,0.167122567961585,0.127868531147146,0.156061586291731,0.202959814110909,0.109719970961043,0.055689190535167,0.199910137094061,0.170654872170531,0.135908317907688,0.127484514229524,0.149735180347333,0.0888715352441496,0.0932864888982834,0.112152973225771,0.145716034916905,0.153167458200881,0.100336707152643,0.129319278461034,0.179065509061125
"auristellae",0.137924699409258,0.251359257682046,0.131911211225603,0.229698745017607,0.212614699282599,0.139073573620358,1,0.387518900533136,0.246922750970951,0.172648941263757,0.151778520520795,0.157097292583345,0.123806077472565,0.205910077224023,0.362868075514402,0.329076263809503,0.131545802614146,0.223657017287133,0.182056884340109,0.172941880829509,0.187324537738944,0.170295950721078,0.233421686701076,0.230312546242324,0.20812662610482,0.145082184871232,0.16199689147644,0.176123319338551,0.17119689758511,0.148886459122543,0.215522052986533,0.166206391096,0.231806831418792,0.249444778651192,0.18431366182053,0.129596345628893,0.11994767153339,0.223289299720421,0.127655529987011,0.158811029092514,0.208775260013134,0.200488243382294,0.136690786279626,0.198524744971914,0.197077870706388,0.244511118329297,0.198380879455734,0.334346874813516,0.176549399896963,0.302189218967973,0.176358887739124,0.165167279046455,0.191994286452997,0.172370617103733,0.104373934323925,0.317654984512551,0.1801990871352,0.183312401382274,0.150142402521858,0.180809184651063,0.159314187143933,0.19485915287412,0.15053840144703,0.191242235342866,0.180975130857637,0.218159457500853,0.175381672623158,0.194490013022806,0.180541610561534,0.189757724141802,0.156040891090888,0.160055208311866,0.199479237382071,0.128267435514315,0.158078833494943,0.241904957385861,0.110964200856411,0.127292819318252,0.18653899998583,0.166846709152826,0.152103659893614,0.194658310915156,0.151388421673609,0.3603081208397,0.0828650831609954,0.166031556254025,0.24203487471493,0.277818911094407,0.159657838479489,0.219547590349554,0.231397587036496,0.149169027207531,0.217585056125751,0.256165759791668,0.154868218850037,0.13420838272429,0.139712257744116,0.221882903444169
"bourgonii",0.111999240204915,0.237215024049922,0.1043175509578,0.169866548216142,0.23763560618394,0.0997549670573323,0.387518900533136,1,0.261245650248154,0.154644109779725,0.13490078728783,0.125896050562775,0.100244295521504,0.1595530870849,0.3253356663794,0.368010628496744,0.105843003115783,0.20896171401171,0.188915048168806,0.170017479019314,0.194264962188628,0.158555159252255,0.238532516055077,0.16729379054883,0.18088640912677,0.130401819204637,0.149860466060755,0.162630651969156,0.144133299023834,0.151621984842655,0.210631982825713,0.146292074226427,0.220375794232438,0.209548484101703,0.183504614545952,0.110718416844116,0.138380480600376,0.280664503001636,0.110687482997025,0.165019930679367,0.180333219334607,0.155388113912027,0.121067229005167,0.203098990744224,0.16863570816717,0.308063670597495,0.198540635612666,0.41540965641136,0.138220700660759,0.350190244310696,0.145153561070872,0.117321543587445,0.161900252272042,0.125476563758691,0.0978929072963118,0.381615499004095,0.16978811528258,0.180618578463386,0.153557437936401,0.176356719214719,0.181716460685412,0.204557991017956,0.120150541308871,0.164251623597845,0.16470534002824,0.228201752725628,0.185833646515482,0.177685846007082,0.13272320374281,0.17493698652424,0.19486206157433,0.124170511849719,0.191516732268477,0.120928001667158,0.11980452172233,0.246039180422069,0.109341922337864,0.111454409916128,0.239364196206392,0.167977336396336,0.149194920983666,0.199188081425014,0.145953678750364,0.354619011552932,0.0881425792746041,0.12934121480242,0.225193686177191,0.256196935190715,0.133834967477657,0.197580412416317,0.249216782151826,0.143632724671151,0.220102797699705,0.134177250002019,0.147982665550805,0.164022163014442,0.112038765743555,0.211895946595745
"brachyrhachis.aff",0.100657954522286,0.210088289371093,0.106329066088156,0.167327422680584,0.378026639367862,0.0947900013575994,0.246922750970951,0.261245650248154,1,0.129240208931702,0.133966879807291,0.115663996289382,0.0990331159820627,0.16220054384284,0.209032734233785,0.189151163520078,0.110564442505104,0.212243000619493,0.170479883610581,0.229260385033673,0.197988157076894,0.2062807299232,0.192284599590992,0.228284615230265,0.16344525912524,0.108875149374886,0.132499660096768,0.165077891025064,0.151031782122219,0.110018582466463,0.166736408379975,0.167110788837712,0.195297262062846,0.215637887419867,0.180843463956795,0.104740356174858,0.118325431566135,0.234132249754541,0.118375045165889,0.165152246684346,0.195748775700293,0.141559306644563,0.111977028993865,0.235104331696398,0.150218794315551,0.251721269229691,0.204814916848714,0.223710983062975,0.1708888486641,0.222063462461613,0.196248726707318,0.126150820994626,0.168535634855435,0.135358665620262,0.0841359357070824,0.218402029966406,0.182452669778722,0.227554813298684,0.131417164033365,0.140167278933926,0.168440822945535,0.160122162637254,0.101399090165003,0.191417553400621,0.176228366032323,0.179820324883628,0.208164564624176,0.173167386092266,0.152850749542185,0.171680196443104,0.412933470467356,0.127889389891693,0.204870388063493,0.264640148947186,0.132393418526214,0.395362466600983,0.0946589968774786,0.129470781037181,0.185496160954343,0.236723374665399,0.138668729470836,0.18015354898774,0.124647267481197,0.205749783807853,0.0830741755051611,0.140927933689355,0.216680178906358,0.234580685579991,0.115721118386145,0.195551435312504,0.22351688788436,0.191798903540531,0.147841335688022,0.107295808115339,0.20311710259683,0.194435365964782,0.116150722977236,0.199635827925799
"brachystachys",0.11703811940392,0.159116947093484,0.12420159358574,0.179303422669117,0.292890847017781,0.146735223269563,0.172648941263757,0.154644109779725,0.129240208931702,1,0.344701307521995,0.279849037665546,0.191778201714498,0.118479634529777,0.145328987203622,0.14592323768047,0.0853646938095293,0.172942140916012,0.159156828242235,0.144277000973836,0.156130206399706,0.176341226271848,0.159615536127163,0.194996215724925,0.114939120150143,0.259810812223178,0.125934987048121,0.158342572319293,0.155479825040999,0.114025406115291,0.130943222822418,0.397247270703947,0.184366123445958,0.165110639881409,0.367301431798217,0.101607652100164,0.11534843349762,0.108554489427196,0.0989928716924809,0.125353535447545,0.344695146850506,0.116368530618863,0.107622278082143,0.173236276889245,0.168958708119207,0.141877559862977,0.374965197840991,0.132778365227534,0.301554959002089,0.266011025317676,0.169779656431329,0.154089534285442,0.158774007475942,0.132973911120362,0.0878698605528913,0.0888941330959434,0.16747510763865,0.165579478995682,0.253012650924116,0.178353102558973,0.137688603771268,0.167713406168147,0.101651119608209,0.165172349815956,0.166695038226226,0.175368906073339,0.170238089434427,0.181433229098931,0.131390616637853,0.173455905555382,0.351740602904751,0.122813963465986,0.174463962225917,0.160102348745704,0.131844895072881,0.16053209207299,0.117512179599169,0.134826601235128,0.0992167624901404,0.179113099643433,0.151574178520916,0.219090831187121,0.142879135686887,0.136557891348107,0.0774471762703987,0.1405661095498,0.168987774407911,0.15951544633869,0.0907367399631133,0.362167297332453,0.0717007622582608,0.316114097354587,0.135458143889364,0.166198728440326,0.138710925985767,0.39388308708836,0.112707910567545,0.177306109102952
"brachystachys.aff",0.126967272984298,0.192304339245023,0.0980615712204317,0.1741845628225,0.251588515704495,0.134512093793362,0.151778520520795,0.13490078728783,0.133966879807291,0.344701307521995,1,0.289383702415649,0.252236711091491,0.169676176998655,0.191286957567955,0.18687919399518,0.117110406880694,0.214408830022395,0.213125227758062,0.167574966408358,0.194347208552317,0.1835167975807,0.186537720330018,0.237812643160913,0.155387335826412,0.277793810777758,0.131819380537582,0.189047345908786,0.206333855028811,0.119858482540094,0.332292946586716,0.376526045815357,0.202913881878907,0.178465084277958,0.360704742633917,0.129926444735064,0.201835235226226,0.124950037428058,0.127968981448803,0.206915628676995,0.361389415437283,0.141681721213809,0.130625297187559,0.165611035465002,0.183806892395352,0.100587728274186,0.352275237922549,0.151337519655491,0.328974904780974,0.297609391381437,0.170474533173386,0.174737339538322,0.218734729024211,0.145829687313066,0.104623140399589,0.0897924989915014,0.18777276019086,0.188417147511315,0.285177729677117,0.171865101097786,0.177703078645007,0.247340604334903,0.118583635112172,0.217793234539467,0.207632461154448,0.180777963564626,0.202329061207113,0.180565840434087,0.144436276966355,0.180263039793489,0.323237968799163,0.164290702559647,0.201557412304527,0.16062244471475,0.162463876821264,0.169900269375086,0.129573040337502,0.218933711873618,0.139342599639081,0.210636481806529,0.187055996391978,0.218808683355671,0.176533297253222,0.159937754357676,0.0972563072170376,0.170349260904162,0.232590699825392,0.187837597361423,0.103383894092416,0.358997604237462,0.104158595664319,0.314749830329099,0.129082179664907,0.138525756812968,0.160650458934537,0.392557497941374,0.108754899421744,0.207698221024973
"brevialata",0.0990959979296714,0.126225815031174,0.121018512201915,0.166678364328814,0.234595029533957,0.138025808374514,0.157097292583345,0.125896050562775,0.115663996289382,0.279849037665546,0.289383702415649,1,0.191489979963867,0.127748674024304,0.180707668214103,0.143015009000812,0.11082498577066,0.155321441135157,0.128420411733121,0.153848963578584,0.151494624548888,0.121851320619632,0.137919319121453,0.142079657535812,0.131346412332059,0.256979180289693,0.120962625882236,0.131461068424967,0.121410157938423,0.13282544920917,0.160887222285673,0.288811129168162,0.143837362793522,0.148394368094902,0.282290945149952,0.0966866719257203,0.125354317741432,0.0918931670996923,0.0994996690803129,0.138376047667667,0.288959900587768,0.118849965392682,0.109123438197418,0.162931635999122,0.132456521945446,0.101161057178953,0.269624042888756,0.121381594621282,0.271105709961991,0.295510083403905,0.13747447749618,0.113964600112732,0.162066758511598,0.176031624572556,0.0995897490650378,0.0888413961241148,0.142637257017247,0.110092707663685,0.264184539580898,0.131959991521338,0.139268137970561,0.167549715591677,0.103854661394165,0.133870197282672,0.150848811734007,0.141091161770385,0.133779577427871,0.146473795029054,0.182152934040232,0.134257395714623,0.261553409693895,0.149497756122707,0.157444249082537,0.108176353499948,0.138004086854685,0.14135353212475,0.0818812898771057,0.107895757599049,0.130338807903204,0.123336034413741,0.124062061343046,0.200750973862012,0.157749099054736,0.141496597517906,0.0694203354553982,0.162070740409735,0.161294545306511,0.158710382235698,0.120334819285527,0.2844007394227,0.139116268476946,0.264008491659167,0.10118152767702,0.12665457675792,0.166861297614809,0.26277516389343,0.108056828069547,0.182130999977365
"brevipes",0.109254442231178,0.131142268152519,0.0951681293137815,0.156578036715176,0.210763645164495,0.11050506531345,0.123806077472565,0.100244295521504,0.0990331159820627,0.191778201714498,0.252236711091491,0.191489979963867,1,0.126872577219636,0.143574538772251,0.136632837547158,0.126245452168053,0.146533239180068,0.123831354214393,0.111258251790578,0.133250549096286,0.132452160483144,0.164801142514319,0.16899242970543,0.16663709899426,0.237917523066505,0.127492411170675,0.136420182398394,0.146694449940047,0.124592699770366,0.124399368717384,0.235198962513081,0.156314115169738,0.129649664010106,0.219883183725867,0.110425197313726,0.118513469497342,0.0792394787944162,0.114450017458846,0.134242818713326,0.244014524172881,0.141715442579431,0.160428176325892,0.12151895921287,0.124470233780623,0.0987545260378447,0.199469222645453,0.11692141465006,0.222258018910044,0.206978588077456,0.123278403800989,0.130713931309934,0.143309076014992,0.165854748184653,0.0967386654125597,0.0915975171087194,0.147178420661031,0.119809518639934,0.211202193155306,0.155120695992606,0.122220670835793,0.147898061259122,0.126700830540553,0.150375964329577,0.121802067118426,0.155537132961883,0.154362692652779,0.138740458795109,0.150677954134161,0.136784653377073,0.200908556489235,0.11111543927738,0.154675981176898,0.0927739500500529,0.146159435198521,0.142159718746072,0.161779876806437,0.13653412492029,0.130519907168049,0.129148078921825,0.145368548915589,0.181567603482279,0.108266028687314,0.102614547772148,0.0911851922613625,0.144404906104349,0.170349781856871,0.176137447373932,0.103204525750456,0.268390928819898,0.0803779172638243,0.199341254069779,0.144037540490979,0.151703578438835,0.144388237642268,0.212985331780602,0.118627450019729,0.142435526494709
"capitata12",0.143057019774026,0.186914562558545,0.144074943014549,0.218505742823903,0.151030352683977,0.16587720739529,0.205910077224023,0.1595530870849,0.16220054384284,0.118479634529777,0.169676176998655,0.127748674024304,0.126872577219636,1,0.195727152064079,0.241550331672895,0.251249003440298,0.365325792927911,0.389257466892255,0.27739627086803,0.199382890392528,0.220502125731618,0.206519298942368,0.2458218150735,0.162411567338988,0.118858241895357,0.190162308152673,0.286107598426766,0.36316474101102,0.211848458457465,0.213339449339799,0.181906338860709,0.270065592591047,0.283174061773178,0.184329486823115,0.153777527134924,0.311531100938388,0.120119314607558,0.158894511678913,0.183125124244433,0.145287073250076,0.194169960137286,0.163687512275921,0.226640616124735,0.16317900723399,0.113923865050632,0.184886415604409,0.157307051620711,0.328806362476967,0.153035751241709,0.225593523308665,0.193348138747863,0.285593306569907,0.204843032475735,0.110050573404243,0.107937617789678,0.305754894359703,0.284319863296464,0.19387669995504,0.165016352255675,0.272278174204035,0.335436525195743,0.194987067931014,0.355845649756992,0.264673592910493,0.190456396551666,0.222126448681169,0.265807865967234,0.157522058490338,0.246150290584055,0.162807143366951,0.325913853827858,0.213030133163883,0.170229964646061,0.173942590427735,0.160266628793515,0.13953321931546,0.183200837648315,0.218362464585377,0.283550939131946,0.158517330279206,0.218616049913173,0.222454427144077,0.211539130505839,0.0619080728361609,0.237494381477614,0.304415487179824,0.172844401648538,0.180036382685086,0.21428228020173,0.120497304292239,0.167016425828039,0.156072634199031,0.180504888496334,0.22279817291068,0.18751152725222,0.167672193692512,0.229591219061874
"capitata33",0.145361694532611,0.24001396547293,0.139929837783284,0.26237403398228,0.208697898684063,0.13514541417193,0.362868075514402,0.3253356663794,0.209032734233785,0.145328987203622,0.191286957567955,0.180707668214103,0.143574538772251,0.195727152064079,1,0.355996704720136,0.149814661682724,0.258903223889318,0.214701739076694,0.186411802402359,0.287970166466766,0.184253262830871,0.248750655555277,0.249338482801687,0.23179032204193,0.150404261180814,0.170322204791168,0.182966887158371,0.190745551516255,0.164651363035539,0.332785718643252,0.158847601968118,0.242623340810622,0.278747297521197,0.195507896888898,0.141570625603485,0.15912178239162,0.196787501794827,0.139953971823577,0.178478734054823,0.177758574780507,0.24117211797417,0.151578623563388,0.219182619399648,0.20551214028793,0.208084074225401,0.170741876736798,0.298166346143318,0.194717444490243,0.333483038505509,0.184895323515167,0.16284820238175,0.225494929533638,0.212216443823397,0.116188241233438,0.276982951913018,0.215433610754753,0.213472789996186,0.213104363359638,0.178821780561404,0.200616038060234,0.217792713573454,0.15847099808305,0.223690229850867,0.185314239045738,0.229848333307669,0.239618511877164,0.239957854918683,0.256368462441148,0.202417679281737,0.1720013095901,0.182821929035436,0.29692126799568,0.175396789228582,0.160193254677764,0.198604943829131,0.132186074393959,0.190288797497492,0.1683133461708,0.211462501188445,0.156336586879773,0.212457763793089,0.197693629303377,0.340353160497444,0.159859839800469,0.188172336894404,0.290152522463719,0.387098661763964,0.17086594795767,0.263024525320394,0.294516767192741,0.22568763718064,0.225402804315022,0.21664070016859,0.195860409998212,0.179314392475577,0.135066968100854,0.270127668063179
"capitata35",0.121185747866465,0.27759255500426,0.117521040489557,0.203304112012769,0.188575267135944,0.12982251529748,0.329076263809503,0.368010628496744,0.189151163520078,0.14592323768047,0.18687919399518,0.143015009000812,0.136632837547158,0.241550331672895,0.355996704720136,1,0.137279225510439,0.255920556022705,0.221975817727733,0.192858708382608,0.206743343780475,0.160217943446563,0.237427594784948,0.220487607791318,0.208035525839557,0.122899062495629,0.140525681913352,0.233592136815031,0.174485091409262,0.156330831819104,0.253594085949113,0.175710610999849,0.236621645906022,0.203879871672837,0.181959116355152,0.142756755234861,0.207059526944464,0.220322796334854,0.132455693175607,0.165404147860438,0.168842765055931,0.18025987716217,0.126917946906584,0.225202819682942,0.184244265881137,0.244784673024272,0.167411285878469,0.321908799500538,0.160011493176979,0.364701246469114,0.155934725835165,0.175993181772122,0.215884310128568,0.157032111913108,0.106873467934672,0.349419854488295,0.18496859623161,0.181166666163751,0.177103859535646,0.174859607310783,0.21478060504307,0.273665466771124,0.131479567062948,0.193649467981507,0.179271658123018,0.189787936606298,0.190853206417123,0.207876317717163,0.179793566543085,0.181686360889407,0.203958152710099,0.143724901979471,0.185467601931776,0.158232311986368,0.153827401889626,0.23896075119368,0.138444384262935,0.170601914439261,0.246366291862047,0.181737642623443,0.141713896523413,0.199105011194407,0.185914529216602,0.410668927936486,0.0770999229127525,0.244038468861824,0.334684643889656,0.289599172164758,0.158813838904826,0.212349479242026,0.215272019037072,0.145357246073726,0.245585200413417,0.142788863202232,0.14805389500559,0.169273728801455,0.125673695385923,0.264392630847246
"cayennensis",0.108822211895689,0.134432798251277,0.113820513501637,0.139255803854131,0.117473676788489,0.106572906877365,0.131545802614146,0.105843003115783,0.110564442505104,0.0853646938095293,0.117110406880694,0.11082498577066,0.126245452168053,0.251249003440298,0.149814661682724,0.137279225510439,1,0.255392816184335,0.22677091216477,0.120393394038129,0.142550131063319,0.124705381648695,0.141527899399589,0.146656140042583,0.135360428233888,0.0945670148099348,0.132306250556854,0.150021996084409,0.227475724111839,0.119729160422975,0.152954274874932,0.146225572251816,0.153629866422155,0.159101032785822,0.119117596096561,0.106220090939248,0.148515531460091,0.0780540015294425,0.100758048633228,0.120775891539465,0.125143336088856,0.125565865434947,0.122718501272451,0.133097559700479,0.143515474899782,0.0924316256758661,0.0894830742208379,0.0943565751891203,0.231165278155913,0.123822245855741,0.119857204608991,0.10525109091876,0.153794814168805,0.118707107065845,0.108145799023349,0.0773822479579059,0.2179981599112,0.161536966900128,0.118527751840251,0.176584875751095,0.146230958805475,0.161093276209964,0.14350622273791,0.233253194487676,0.135403683918781,0.15612599885502,0.136487259177833,0.129200862974659,0.113876609634564,0.136684423116109,0.0941148115187975,0.213357067643621,0.169634181993706,0.108180374983069,0.147851670554179,0.117624040414147,0.119766072007211,0.133710000308288,0.130124015952858,0.141710750319004,0.109651345426436,0.144771273141732,0.117108942867073,0.155384413304404,0.0570740198458461,0.119257869598632,0.190270575059788,0.148361331986758,0.138949745204594,0.157650329809037,0.0825415513332561,0.115428466783477,0.112165825417138,0.145816750937099,0.131006741576903,0.114493002094606,0.113587063938973,0.159392881844085
"chartacea",0.179443375334938,0.249398654230634,0.145190036404307,0.278353069417661,0.214418248126139,0.160764671978281,0.223657017287133,0.20896171401171,0.212243000619493,0.172942140916012,0.214408830022395,0.155321441135157,0.146533239180068,0.365325792927911,0.258903223889318,0.255920556022705,0.255392816184335,1,0.364137198123839,0.260144189711198,0.262451824621038,0.277617683487584,0.271327725288608,0.316053491266262,0.199333443989636,0.147479724502882,0.219251740702708,0.269289204288913,0.339295437701302,0.209846131693567,0.238938241369448,0.209676831400794,0.365890690651086,0.309009148265119,0.257077745394007,0.168441756265907,0.230968404273312,0.149908835447873,0.191268985724857,0.223443525201405,0.178302143606278,0.266993957402026,0.171208204263191,0.244999571729803,0.213837612160952,0.160923559890165,0.199263214496367,0.184857829979684,0.326191834723481,0.181954406458769,0.228918743337776,0.188769351272386,0.320805965792428,0.214697968814525,0.174263565257586,0.133919856202618,0.368413221538043,0.308962177251275,0.239157073587353,0.232335851648674,0.245590212558218,0.318127511009877,0.204962505141842,0.367873464931484,0.288208561557526,0.256936675294274,0.281347419899694,0.281569953073435,0.171310185474992,0.286015427838355,0.188334639288898,0.319231830363477,0.270108522036135,0.240596145546786,0.198127862597949,0.204401905937553,0.173378775509518,0.199607704202193,0.178502723963113,0.333766244866956,0.214838958375355,0.28536400406381,0.228348143786764,0.251250220116632,0.0822472986675297,0.23573303143389,0.316588448365239,0.208485786351797,0.185526853618093,0.265933980428223,0.118471722920679,0.208088799136211,0.170460294534015,0.208466261843496,0.268506560214033,0.216446445559024,0.175686632948977,0.311946793751732
"cinnamomea",0.156246639396483,0.16259682209076,0.108132877905407,0.191940768981888,0.190349535086675,0.145129918493506,0.182056884340109,0.188915048168806,0.170479883610581,0.159156828242235,0.213125227758062,0.128420411733121,0.123831354214393,0.389257466892255,0.214701739076694,0.221975817727733,0.22677091216477,0.364137198123839,1,0.301686322527616,0.266452506491197,0.289233861359373,0.235259873210904,0.266356929059046,0.158042344735392,0.113854113187323,0.190228784963711,0.289844165858649,0.514210668092853,0.17323669230383,0.228864645354705,0.198523807900571,0.310287922905315,0.429805786362743,0.251065414852031,0.19875057761856,0.277324673240336,0.171663382056359,0.174263543661373,0.212988952806824,0.146048638916586,0.213179943045829,0.179690261081717,0.315170363795952,0.199563776605328,0.209718283293755,0.187276220647001,0.160109263631237,0.38444668324464,0.180502286585642,0.269728433681147,0.183264616877437,0.344662701262453,0.185179285420394,0.081512350394916,0.101573750952107,0.340468565186619,0.391114821824604,0.22837586386093,0.203400747622097,0.284337540556018,0.364974788934139,0.185976389290289,0.454818218381943,0.301458563744478,0.199538704942492,0.276286398551258,0.308293408874722,0.148310450475674,0.260316279147464,0.191503044917362,0.45316928999892,0.23871605389137,0.253925981835808,0.214372471917369,0.17432686105148,0.133438567991124,0.214339876316004,0.179426633513577,0.36455622491069,0.148686678063762,0.263862985534772,0.258056619671016,0.224810709360088,0.0698891588952611,0.238467707767681,0.318168074850597,0.180634116728438,0.129972085884316,0.243862055515598,0.104216964263652,0.190090726074205,0.151488632917367,0.145621188183785,0.230991059341427,0.253298446461875,0.155740774581271,0.314847800086199
"cocleensis",0.125365939562572,0.148771097988334,0.11909122020041,0.18441001912028,0.217295039435148,0.199490340032712,0.172941880829509,0.170017479019314,0.229260385033673,0.144277000973836,0.167574966408358,0.153848963578584,0.111258251790578,0.27739627086803,0.186411802402359,0.192858708382608,0.120393394038129,0.260144189711198,0.301686322527616,1,0.23149210156197,0.362131694285198,0.192989726564863,0.308600653148672,0.173032391687123,0.0943444402197547,0.168425628449603,0.278899441761764,0.224288048450365,0.189742436586868,0.191375322879412,0.181855326285949,0.26219850780149,0.305263833807051,0.220562140974301,0.210814244211242,0.210901422041409,0.146721343380879,0.160562413086451,0.230691090147072,0.154761832777018,0.205012578189863,0.153434163993142,0.312523574522593,0.150866037448663,0.145882094958419,0.212238027048424,0.173557286001445,0.215569588794635,0.171653592016132,0.346341645473678,0.152579113178799,0.274635959740503,0.177931083651605,0.101023477871118,0.101524359960783,0.228389752388238,0.383014108958273,0.201133991171491,0.173448064490028,0.251777181902963,0.307679465358923,0.177421816876514,0.275102589002912,0.262897026696017,0.179488042744503,0.285270747840744,0.269602933034779,0.152803607920181,0.253741722776621,0.254139380639903,0.2354937782569,0.206637736029131,0.364152102579578,0.136863990107614,0.163693921018217,0.112509868017225,0.225691237797043,0.158038406106503,0.395427870968433,0.185372431481476,0.249612875775629,0.272472178234965,0.170273033807983,0.0666464198663119,0.271792818850313,0.282692253427609,0.151426931958512,0.1302161818554,0.234899490480842,0.111883671251449,0.283326081926838,0.13578407574357,0.156042357926351,0.340727019011291,0.242331379146714,0.14310663184265,0.249638433242165
"cordatoalata",0.151630177792625,0.184524452071647,0.123593063226143,0.264453802276229,0.219838127720123,0.161947784348439,0.187324537738944,0.194264962188628,0.197988157076894,0.156130206399706,0.194347208552317,0.151494624548888,0.133250549096286,0.199382890392528,0.287970166466766,0.206743343780475,0.142550131063319,0.262451824621038,0.266452506491197,0.23149210156197,1,0.22214473913535,0.245790583815283,0.288856848427348,0.179799364029877,0.128599056147194,0.181769789074841,0.225192291367323,0.204457246236341,0.165132603810537,0.254764993627815,0.182079258537803,0.267432148279151,0.374177179418464,0.246079873441267,0.160662438904849,0.151156683567754,0.169484552238294,0.164643277473136,0.318776621101892,0.181145568490618,0.245032405952663,0.165287962850773,0.35895439554241,0.209147311734738,0.182676513053766,0.181053154024627,0.242681821273507,0.208277805362427,0.276624208471574,0.21073291675994,0.188119873629198,0.25091401410492,0.231569550769877,0.115403389438948,0.127087876064273,0.234353363647448,0.285447610316376,0.264978110464243,0.201937876827546,0.243999091751712,0.27434439915104,0.140518249508245,0.230756703011768,0.2667038300954,0.206961293212142,0.292001890653123,0.249220170637873,0.153963034341519,0.316782632489992,0.192466150692738,0.178197251901802,0.237925562128402,0.226311019425877,0.180060081513714,0.201784163998266,0.19936812345954,0.212169844170391,0.135951072747157,0.33682139628928,0.188673880081208,0.270820962181686,0.194338023967776,0.182192040431412,0.0769101258498366,0.196316964937249,0.251897894272508,0.253170174638978,0.150922891932606,0.257501416287061,0.169290598340229,0.203489961503695,0.16442302019448,0.167013884391105,0.21959584493451,0.212106241326854,0.158907450016035,0.316005470053294
"coruscans",0.134434132299557,0.156975691663263,0.124934646056094,0.201765966396557,0.240350860214361,0.183073083545932,0.170295950721078,0.158555159252255,0.2062807299232,0.176341226271848,0.1835167975807,0.121851320619632,0.132452160483144,0.220502125731618,0.184253262830871,0.160217943446563,0.124705381648695,0.277617683487584,0.289233861359373,0.362131694285198,0.22214473913535,1,0.217239105159797,0.377026412381243,0.173539067457721,0.114044797491616,0.200750168821285,0.257966069051289,0.265789388918811,0.167320895599311,0.20019073211628,0.194648349973978,0.319947203872113,0.278661548780182,0.290006357826227,0.224161736527717,0.19549098383066,0.153180353846025,0.203014112926372,0.228174068567842,0.150464754321893,0.196203851110743,0.14606765472914,0.265906366339044,0.17506913205058,0.153011192303227,0.243746029356134,0.174534058321344,0.245942062107162,0.168962848651692,0.38287665850592,0.195993883874986,0.292539264725442,0.17120189795763,0.0925570775756185,0.113836204330829,0.282111670252679,0.392258080101939,0.247386963360126,0.211390641380446,0.25488072236115,0.33245196727631,0.131932845172924,0.297246540059731,0.432506591073733,0.206711310973067,0.322703980274851,0.327424477166886,0.172065079529431,0.298479234337606,0.248621118578789,0.243054812260591,0.293163031367394,0.353829586587854,0.149834366351528,0.195845383763044,0.136345881781865,0.245830266267252,0.106149594883,0.442324095700417,0.220593647904673,0.287933236564781,0.272195471382096,0.150780044660847,0.0741139326960504,0.273945796378213,0.30061284309972,0.17791140409256,0.116124160917363,0.255802195908117,0.0896197638438164,0.233867549690163,0.147704039147179,0.147944562728738,0.314786742572564,0.27843071007505,0.141607852975226,0.251107309504437
