"","acreana","acrocephala","acuminata","alata","alba","aria","auristellae","bourgonii","brachyrhachis.aff","brachystachys","brachystachys.aff","brevialata","brevipes","capitata12","capitata33","capitata35","cayennensis","chartacea","cinnamomea","cocleensis","cordatoalata","coruscans","cylindrica","edulis","fastuosa","flagelliformis","fosteriana","glomeriflora","goldmanii","gracilifolia","grandiflora","heterophylla","huberi","ingoides","jenmanii","kursarii","LA17","LA41","LA48","lateriflora","laurina","leiocalycina","leiocalycina.aff","lomatophylla","longiflora","longipedunculata","loubryana","M18","M25","M27","M30","M71","marginata","melinonis","microcoma","multinervis","nobilis","nouragensis","obidensis","oerstediana","paraensis","pezizifera","pezizifera.aff","pitmanii","poeppigiana","punctata","retinocarpa","rubiginosa","ruiziana","sapindoides","sertulifera","setosa","spectabilis","splendens","stipularis","striata","suaveolens","subcapitata","T18","T21","T29","T50","T51","T82","T85","tenuistipula","thibaudiana","tomentosa","ulei","umbellifera","umbellifera.aff","umbratica","velutina","venusta","vera","virgultosa","vismiifolia","Zygia.mediana"
"acreana",1,0.189077868197586,0.186588949327913,0.234926851521839,0.182478061950581,0.126003928088871,0.227414050298157,0.159629867363323,0.251917833769715,0.128465733170349,0.205098186521993,0.129026524964887,0.172925610580704,0.174425124628369,0.256372733454851,0.162072238600404,0.255299584716476,0.254958167599658,0.137004468749314,0.141543557876583,0.387536281025862,0.251776091607734,0.227477272960796,0.225857161986424,0.135922544771428,0.121513326618253,0.189426053613672,0.165834321638939,0.186488831764993,0.250471302021406,0.247241606990508,0.154563890976675,0.234021983734164,0.156202498607169,0.169683265280082,0.162283694927323,0.166110026604226,0.236108401239905,0.168960161119388,0.155071866257245,0.158690158689733,0.176465052062447,0.159062202612819,0.220759144159945,0.158385595968757,0.161055037516214,0.15454669915488,0.186739976638321,0.111273603102781,0.124150028218139,0.173012625110951,0.200431865847097,0.162307259810448,0.204233260033566,0.149607802560377,0.17703719395633,0.172403519507531,0.209702134148712,0.125102449071183,0.180951514439196,0.230226657351589,0.207739563633792,0.208654891932114,0.254788129714061,0.343927585891103,0.273573274687497,0.157327273673342,0.227773778142789,0.200030226516242,0.215862593536687,0.136207869048298,0.169841678418541,0.149389637933605,0.147292595961154,0.166279721106747,0.22159485812836,0.176904224928922,0.0986120582184578,0.184616498645704,0.212788152450004,0.148710329527405,0.133701235672485,0.17902339705558,0.23070000874758,0.0380060148835272,0.192189452319066,0.199328248515297,0.182376616221717,0.204578863491453,0.216964367258253,0.166658450862984,0.0884083609345311,0.149553615176237,0.199327569323534,0.153902467497191,0.166522930055597,0.100962774203596,0.19743751778127
"acrocephala",0.189077868197586,1,0.207191421952744,0.188236385983291,0.164261523138964,0.107937888471845,0.249835997429456,0.142183511172535,0.230361036599537,0.10466479592519,0.23325278065743,0.0786564674844179,0.173059660226887,0.211667145114881,0.230969386611249,0.159196105678979,0.182210210598478,0.374933616226972,0.0931217294253166,0.255986193729971,0.217473085289252,0.210332693045851,0.178597496169136,0.215019257594505,0.112889996620504,0.120755451316743,0.163644272391108,0.165255206019139,0.159522938557392,0.153591940769317,0.223438935338477,0.110953237726163,0.287331211844216,0.114873314108136,0.125526875313205,0.145046222621904,0.158151689571546,0.18396104048698,0.141920323151631,0.120040113339752,0.145299272784035,0.169679531617655,0.173303100135104,0.187423030721848,0.184535662480429,0.187310048554007,0.127191517024156,0.251164170711766,0.102946950108322,0.0599179787186155,0.162264647670483,0.176008893315699,0.173891879375008,0.134086676728813,0.20613268401811,0.163257913711289,0.152089461463076,0.196568403873514,0.137066793341389,0.176899488938204,0.175117685181583,0.16925213643713,0.217361761567153,0.16126401811548,0.261325957061834,0.255989167702249,0.194343672119107,0.201710379997577,0.226659959383091,0.215350408557763,0.131281089373224,0.223913311103994,0.155226856724153,0.149426903120814,0.196539375530466,0.195092129466828,0.172861398406854,0.0939241907787776,0.268483494441858,0.140936201287753,0.0883121893160944,0.116895010192172,0.124532142418741,0.182599568243669,0.104895481998289,0.161700232101888,0.271920732952384,0.199749372044379,0.171030764072825,0.244602733221542,0.139475716270011,0.0914747973252072,0.185317179137562,0.157683204638991,0.202858818102387,0.139912155651941,0.116589118679138,0.217362636500439
"acuminata",0.186588949327913,0.207191421952744,1,0.214860148854992,0.188314765064474,0.14067861042855,0.264632130439021,0.176278799939471,0.294910312866234,0.124338960613215,0.172498244424121,0.0860954122480507,0.183198618332744,0.199295168021597,0.230510261518853,0.174028452249086,0.209833634422709,0.259535697531424,0.129917142669617,0.176711156272433,0.227762405814974,0.202021036789058,0.196062391420755,0.231136535566055,0.143701353739834,0.11563812988455,0.179199878163119,0.228729196443487,0.185732132149634,0.15390235543225,0.254303757154213,0.149975258865073,0.221746390999345,0.115035133722955,0.14869888895192,0.164466533638211,0.220200182621703,0.222824817615652,0.166777129532803,0.129521488249377,0.182098501761327,0.189310581560695,0.146650575702082,0.193545789328878,0.192489577665893,0.17355064589918,0.147382113739292,0.18275310933077,0.138418827439633,0.0811254322520991,0.155374833304953,0.210329043986872,0.194104574309096,0.149118042305754,0.171726045935064,0.20829928920041,0.185524157512025,0.185582474189306,0.121650560506347,0.14838503639882,0.167672379027521,0.18385806500343,0.19959784698587,0.165699744707758,0.216643035934836,0.272231523359221,0.196428517429319,0.197169143788794,0.255804404600303,0.238491819200881,0.140509421351928,0.184037742401884,0.163727972999468,0.207362399618367,0.189232480158584,0.183769018105326,0.198114826224231,0.144318244560752,0.201699078971028,0.140568773494341,0.10592260892375,0.145958429525546,0.117321579234282,0.189543598283324,0.0502674121623291,0.161364273848579,0.225503275764104,0.193097790020007,0.159413902144827,0.223778247071115,0.109049506917503,0.0969019079671518,0.151452186219886,0.172043482327349,0.1729266638072,0.161471472851364,0.129196292782626,0.230410179457798
"alata",0.234926851521839,0.188236385983291,0.214860148854992,1,0.171546552914156,0.129169700908684,0.250287657867684,0.221412987676784,0.35202873015952,0.113650168753859,0.269528255123508,0.0984466131557122,0.265255686683196,0.228765465789809,0.377081942437778,0.253185738429317,0.345386837601543,0.30148300323198,0.114937510456682,0.131813108160271,0.358140031984299,0.248513299497537,0.239561344577347,0.32035520900096,0.183490868230744,0.129254559039022,0.257092777724688,0.177654727754428,0.207514176063318,0.130453816925278,0.426434222721443,0.177136993702131,0.229472398062638,0.111640690712945,0.167511095621583,0.149242851207729,0.17849321939417,0.353768131196851,0.324856284944464,0.119362990621297,0.176483798513544,0.304844958590462,0.150287346175381,0.173709376820934,0.155825438173403,0.145914223643242,0.157758535402349,0.183620746203731,0.110061661679373,0.0992652017755574,0.164293926135839,0.401358764203422,0.202182744767411,0.152426525250313,0.248310268364466,0.325357018918511,0.196139658007601,0.323323249644526,0.104369337623691,0.300772633602568,0.208068413264272,0.264739691018024,0.356551860188585,0.194245848206359,0.255223718192046,0.275381203259916,0.156591399338977,0.197851523755808,0.248169958447987,0.312314005853249,0.171334711207779,0.179373811624511,0.189241352012374,0.25780513037031,0.184327727263826,0.187547762303951,0.385387266591683,0.0904803004236024,0.206013971244275,0.133559638321018,0.10878493433386,0.176732377469346,0.184225515439913,0.251537025994575,0.0407864353382747,0.157567341761986,0.315541602836246,0.234771242063601,0.20823789882831,0.237584579391812,0.106243599622477,0.0986485349452049,0.127428569417427,0.195924392285037,0.143333696144524,0.157161589315418,0.109228230703773,0.299084917298444
"alba",0.182478061950581,0.164261523138964,0.188314765064474,0.171546552914156,1,0.119735361358329,0.233950519204386,0.1242586433967,0.190388026049383,0.226504548839772,0.235782156009422,0.198004524493239,0.209040278008642,0.156251026968414,0.191439950445913,0.146914399099909,0.16151189985146,0.201751469293104,0.132751640367385,0.125436165017293,0.186664576408237,0.188735205760275,0.185238940893501,0.207509456019302,0.118574024311818,0.238054407585286,0.153157648314029,0.15646605283893,0.16102430614398,0.14406962224027,0.163154613837762,0.227805476173461,0.164050426215403,0.114651626952479,0.244374262994876,0.16037548498136,0.157450645116227,0.153400959494016,0.108187056853808,0.14381330347862,0.257868496417857,0.146046566877476,0.112166643713763,0.201270434053797,0.191853606872244,0.114103328106123,0.219540323436816,0.177968017995333,0.226768177329391,0.192492025385999,0.172141855164978,0.120506105666784,0.188690389621214,0.174656314778079,0.141399124910613,0.139658117616273,0.139410897443706,0.141074755738843,0.236478742677739,0.116158257410916,0.171443930434592,0.174447715477425,0.152500896795625,0.206093197050657,0.171543085975328,0.199967025339549,0.150931815239967,0.197185576825708,0.160827871800462,0.204886891106428,0.271804550320531,0.14556471924157,0.148998531406454,0.135152768952879,0.159113429020139,0.222027519893454,0.124455381237376,0.102175027261238,0.138503523555425,0.147021131297183,0.126325565707463,0.168189672412862,0.111728927037709,0.153859030889624,0.0477037011306962,0.139878580719624,0.166980006227374,0.160201020572616,0.131759004075569,0.289077920537491,0.104614354484499,0.203310864846186,0.117348525137846,0.161492902515767,0.139375969176036,0.239149335204766,0.122191838855277,0.186873741741505
"aria",0.126003928088871,0.107937888471845,0.14067861042855,0.129169700908684,0.119735361358329,1,0.135467662921917,0.147086842545407,0.130517682655402,0.0874322125739642,0.0919872819982034,0.0874387015043457,0.0815900371902262,0.0900473778649571,0.129444856376916,0.0814598099190492,0.141308575694578,0.105495973855215,0.165838087441281,0.12031852667474,0.124358313305934,0.123520840367692,0.121183429358838,0.126984270036338,0.0993285043895465,0.0862290901268215,0.120298372167951,0.10382620144169,0.0911570537831728,0.0961200909907775,0.12783763956859,0.096293373193261,0.11492008168183,0.0901020208220555,0.111637595152896,0.16879122046518,0.0965885735907597,0.122943554487359,0.0991259879302926,0.143331032311113,0.126675249077743,0.109691873230514,0.0779541314271742,0.114930360529,0.101157723397943,0.0714783417373884,0.063340706036335,0.106489606298587,0.0870193278880002,0.0814514688873891,0.210730722982023,0.0895546951051849,0.129901816053944,0.133763316346937,0.0716794056110673,0.0859805854831756,0.0953241101930779,0.135520560955985,0.0943681912695242,0.0790568219413036,0.119482023855466,0.119225783400179,0.0957245616614617,0.133825619287506,0.103875909335796,0.126573718097639,0.124159773590472,0.13740134498865,0.0983201153576271,0.129515982433228,0.119238530898365,0.116195079943432,0.120136057099146,0.108900130087195,0.149927229361139,0.125913265769147,0.0807965850969394,0.0549109130841442,0.112389609048156,0.10017484365188,0.101112993257944,0.0789117041532315,0.108465244107807,0.111468677441977,0.0324151002581803,0.0988066651550248,0.155859260985681,0.152126307724563,0.105849748167377,0.131396628857025,0.065297787959934,0.074787390520637,0.0854201053066914,0.137523658528465,0.112204831138358,0.104820792203234,0.128621871494332,0.120571631056535
"auristellae",0.227414050298157,0.249835997429456,0.264632130439021,0.250287657867684,0.233950519204386,0.135467662921917,1,0.175200736931571,0.271409301437041,0.140203765459752,0.184588125935866,0.0976551115278538,0.211435947497107,0.23207896632268,0.257822523833465,0.17339525939354,0.221814673431294,0.271302976897099,0.124945790742484,0.175319972649352,0.25266316794543,0.219797368799546,0.212874284821815,0.262707662867224,0.133327156524973,0.142873825884085,0.206209891453598,0.205637349494054,0.202291458034604,0.178051068186468,0.262220563962066,0.155923916191487,0.276713009618064,0.144561942815274,0.156407521978956,0.150049059397232,0.193752108483939,0.241037470978053,0.167974746278258,0.132204542592085,0.18100340695678,0.205564871331162,0.143080940157599,0.233578692976115,0.182774722878405,0.177008002002489,0.171172736064083,0.227003885573589,0.133696196120738,0.0885405514002137,0.159719365677015,0.203577216603238,0.202480657425507,0.193992474382557,0.21861669644135,0.215395852610612,0.216941874275449,0.204154721490055,0.151262772585551,0.171957233208218,0.246374856968612,0.211238984313686,0.245716945149279,0.20001002914746,0.270789448365819,0.2916882938993,0.223113476260693,0.245996069059931,0.230941447751223,0.290504403203873,0.168199739532732,0.189628256657523,0.219299419896754,0.211450766537345,0.226686022948425,0.236345798290944,0.214285326870299,0.114736514334867,0.223052748727052,0.178124434401297,0.121363712817998,0.166634128887373,0.200662312790011,0.183879494589468,0.0501109821578646,0.17478220709925,0.283682615186947,0.23157536275358,0.200346326862184,0.286422015993358,0.137510782284079,0.105291595834071,0.146546948354827,0.217403387471009,0.178754162674016,0.17363170729172,0.109628177668032,0.268500451767306
"bourgonii",0.159629867363323,0.142183511172535,0.176278799939471,0.221412987676784,0.1242586433967,0.147086842545407,0.175200736931571,1,0.230018038949447,0.104204218000289,0.184370375415184,0.107550669339625,0.135660545499274,0.140478325886167,0.23807045304981,0.139776136667041,0.237830031866229,0.209068892864641,0.173596501491266,0.10247368209071,0.197923819469958,0.167456094785987,0.160190503869194,0.205295856835818,0.142229125728479,0.110529469120869,0.156063741817473,0.13087232466989,0.169181775479395,0.176158578174962,0.250362936709947,0.149301798941257,0.140332395527681,0.0836885907666878,0.12108857770318,0.138348814119389,0.122125087248112,0.198283253306888,0.195559824561275,0.167532993414288,0.205773311905644,0.209562972980223,0.0970274628068281,0.144806425846032,0.129490285452084,0.101983305914842,0.1342182132467,0.120172684418343,0.0906155121874577,0.136519891641593,0.174414985317151,0.175946418971478,0.20030494521012,0.17503494990135,0.117872547733825,0.178565593218692,0.148011289775423,0.18397693521428,0.118960508068525,0.149430571137282,0.205194146875299,0.231027463642617,0.165711401523355,0.142151339686917,0.151030432073208,0.171126982248515,0.107604086722965,0.179702775235599,0.184893605749761,0.245934142737551,0.11737022631051,0.118892700353722,0.155332941457631,0.130923499511143,0.125364335568455,0.194333790498278,0.174866822256349,0.0897484779232048,0.138958700259287,0.182077229147914,0.163462784459941,0.0959880789177739,0.131972614166001,0.209791842333609,0.0381488786116815,0.129198489802411,0.172326289475721,0.155338676995358,0.194288991510796,0.158406149827587,0.0912231351742446,0.0912481771337823,0.105291906096426,0.182308641080449,0.110810246977515,0.125605730881579,0.128024457677191,0.192532057969609
"brachyrhachis.aff",0.251917833769715,0.230361036599537,0.294910312866234,0.35202873015952,0.190388026049383,0.130517682655402,0.271409301437041,0.230018038949447,1,0.119679055688792,0.266293296162323,0.0987190696201746,0.265025912738196,0.281431395239321,0.53120343602211,0.273423991173285,0.330217855294349,0.335718317078123,0.121053499633904,0.159758066383409,0.336523218402609,0.276005164858888,0.29397197936658,0.330761230644067,0.166689198090429,0.151266923478652,0.267334619758385,0.197449348073894,0.252028161305978,0.160185987905072,0.362836625171586,0.172060045619499,0.255503153746238,0.150733609449382,0.179539872082112,0.17758608909654,0.18649918043866,0.310685313400924,0.265359991040085,0.124959006539319,0.180961218912254,0.270885335754564,0.186867662472909,0.18570277093757,0.197051684266528,0.172187477745791,0.16247480119183,0.236088132186498,0.127889876303899,0.0965761897099131,0.203668255547356,0.368832651579028,0.231342828455324,0.198430159561179,0.206105907382283,0.31715182883839,0.220109896913987,0.298031782949701,0.128215126289048,0.275415338996041,0.194407770638046,0.27774054334294,0.258358274124447,0.201380554479468,0.293877467500947,0.311731506857969,0.186890383913595,0.182147022358063,0.280093984011209,0.327905666958389,0.178262088052459,0.23683025097977,0.199826799261365,0.260021164682909,0.201573614629044,0.20328549545492,0.346339424947882,0.117130277224047,0.2908289637386,0.182482173278056,0.117779548328835,0.182498984510814,0.167191043763872,0.26521683433403,0.0516592443682636,0.174126473084737,0.316068389408002,0.227207787638395,0.203897529197754,0.274243265861808,0.134065110683094,0.124460246292028,0.172787228558981,0.205603488596017,0.254302304236138,0.163177304317443,0.0982609243312165,0.316216363196339
"brachystachys",0.128465733170349,0.10466479592519,0.124338960613215,0.113650168753859,0.226504548839772,0.0874322125739642,0.140203765459752,0.104204218000289,0.119679055688792,1,0.30069415299919,0.321617270562902,0.175600864222221,0.0958287827624427,0.128992423042326,0.0811306920254849,0.121339641827238,0.173535420855033,0.0946639003928537,0.0866393949142469,0.111408691563262,0.123684366043881,0.106951110748143,0.127177972269637,0.106091930473473,0.249577766744204,0.204011485406777,0.111432584681159,0.0988455940056902,0.139155526842572,0.141986519696726,0.440694215052435,0.101178372433113,0.0736956275518972,0.284621288067831,0.11067504780717,0.0909558457388137,0.128444799514807,0.12056243009828,0.10905012629974,0.323646324570375,0.111230544112899,0.065360994434594,0.108068091629641,0.108761265163933,0.0883411052771893,0.314959287479337,0.0957186527468585,0.24305707736597,0.219023914612843,0.0905832913365061,0.0804955074955994,0.115033372701435,0.124669337042627,0.0995949075950427,0.0856146807332505,0.0985799563197978,0.119240735859679,0.293488536022367,0.0975180368516569,0.148953544773152,0.123496332764527,0.0890917160833213,0.123588490058339,0.0990232499070128,0.121682051756538,0.0954783905546276,0.139279000846039,0.208810351297752,0.122890719378578,0.292255404287663,0.0816032567684796,0.114419651318659,0.084776811467725,0.116737036030492,0.149836769608086,0.0754220858280691,0.0616278502674123,0.102687245966255,0.132988725195467,0.0950960397456214,0.124762883037884,0.0805639655794625,0.135635489591927,0.0261207001896849,0.0742801040140935,0.0966032272428371,0.103497625941325,0.112689030558067,0.272648627698815,0.0770942461657451,0.261289313903678,0.101150768532916,0.131318522171819,0.106573943263962,0.427519514717762,0.0651782405537075,0.104574671098267
"brachystachys.aff",0.205098186521993,0.23325278065743,0.172498244424121,0.269528255123508,0.235782156009422,0.0919872819982034,0.184588125935866,0.184370375415184,0.266293296162323,0.30069415299919,1,0.232441097049664,0.27939381400974,0.190763382517433,0.303793148327,0.201561619780602,0.248466560914317,0.255230175819696,0.108269323208389,0.214329763847193,0.263564497860612,0.18786789961339,0.163991618417735,0.214663413092426,0.137331796580637,0.275720393511996,0.177060026394131,0.125819429012319,0.187854101550263,0.139982757553725,0.272172691707355,0.338638399109769,0.185598910332852,0.0991868157918938,0.327685792334664,0.13098853573377,0.129898762820995,0.254512865636312,0.247530643784672,0.127284634908233,0.348652377285723,0.260074491543315,0.136780454030483,0.132523292551376,0.131575040158913,0.203891135004592,0.353923667183977,0.158218075524111,0.262675534694868,0.219830346192694,0.134169399223869,0.259711376861234,0.162031032607631,0.147150199802342,0.183623523801193,0.21478737252341,0.171902300487185,0.231062670582665,0.208386813356751,0.193874832650222,0.146801125290469,0.188267146436358,0.224684624459655,0.131674885669694,0.197986526596586,0.265651181718776,0.129353746863547,0.158671917681088,0.216684487259959,0.253599069733942,0.301547756524239,0.136878047061765,0.124827681975356,0.161204970364421,0.141356800535068,0.147208440863341,0.23857473274552,0.0828172796967635,0.172487856475372,0.123196179923938,0.0868842380501069,0.167177669362479,0.116253263240012,0.225284084155455,0.0309191277706424,0.14230275110657,0.266654054740869,0.159950635658919,0.217302866861883,0.326464259585341,0.133788194459648,0.340442837964823,0.120204946571491,0.143648600670628,0.146934704019719,0.360313167746106,0.0738505584981294,0.197363682448778
"brevialata",0.129026524964887,0.0786564674844179,0.0860954122480507,0.0984466131557122,0.198004524493239,0.0874387015043457,0.0976551115278538,0.107550669339625,0.0987190696201746,0.321617270562902,0.232441097049664,1,0.165346747635209,0.067332471284818,0.107784154735371,0.0649658644097061,0.108891841429222,0.156472101956189,0.114393270745072,0.069069237862347,0.0924908255506347,0.144149401135234,0.114023111925737,0.0974494372529694,0.114079561242694,0.251810785519383,0.153041614446388,0.114340502109673,0.0804480162712445,0.152793662568554,0.14591214682036,0.373946814132823,0.118221317335121,0.0604342504689923,0.249137121334807,0.130461592599441,0.0655489124900369,0.102072878451075,0.0903173712698634,0.115931420052339,0.260478668500028,0.0916607788536386,0.0657539151154179,0.0950397138920868,0.0836335680946995,0.0739190732249023,0.235565774918906,0.0812218800770191,0.215398854410413,0.250152125313679,0.115446381672914,0.0625145052190931,0.100133323898243,0.144752578359743,0.0682705109344659,0.085893899808567,0.0735652271482607,0.140097899392388,0.193593772159662,0.0645093869017468,0.12247954926494,0.111831035717349,0.0698859674569582,0.127566057096014,0.102956341694923,0.0900692534507556,0.0582617492571253,0.131119670232281,0.149635854256445,0.128675525948249,0.225452921797,0.063171265192215,0.091480169109297,0.064330570078322,0.0942142660054163,0.141680758387695,0.0603752354836795,0.0622095887305066,0.0670254445677541,0.13174685974327,0.0999364829159893,0.130411152631768,0.100283474629059,0.118623501540532,0.0242065502776693,0.0880455021511684,0.0878547458683953,0.0910804844989091,0.109878054851712,0.229965556306256,0.0739709535663015,0.251631035440189,0.0750107877771605,0.150388735665124,0.0744228432804405,0.300674409839309,0.0738599945464479,0.0926007842645406
"brevipes",0.172925610580704,0.173059660226887,0.183198618332744,0.265255686683196,0.209040278008642,0.0815900371902262,0.211435947497107,0.135660545499274,0.265025912738196,0.175600864222221,0.27939381400974,0.165346747635209,1,0.160487574477289,0.242354249342128,0.147016746006543,0.250460126739925,0.196210251143733,0.0652632122320166,0.124529501574023,0.239799339658965,0.186050281457257,0.18539336263776,0.229076828744659,0.105560787879128,0.203843428929454,0.196062998623068,0.105250992567001,0.140456690859207,0.114720020730094,0.319159353648353,0.223728572581179,0.205518429768349,0.0977928855039561,0.229833238709073,0.0995501272914058,0.195032929361921,0.423182612648404,0.199997615388869,0.0787656782223412,0.212524966931616,0.143150406045277,0.174160610615244,0.111797554506782,0.135688868055112,0.123217038467996,0.273895809307066,0.165313524498757,0.190590979848343,0.151303898972568,0.141438534712518,0.34251962492926,0.141627563996089,0.0939288700196382,0.182873280541817,0.382993358639564,0.202814522530741,0.192219999216243,0.198740592696851,0.203866297964142,0.124948135044573,0.139136812213277,0.278305002470533,0.143280147347347,0.197254739827648,0.204687391198923,0.167993558974585,0.12551541370686,0.184399043822835,0.16827029233793,0.202413132616419,0.164330022163144,0.131374759655037,0.194553066712416,0.114943514962763,0.133120047292964,0.448224267026508,0.103282387564287,0.210914706665855,0.0868767718197004,0.0614815437120693,0.126389773956155,0.141342199121867,0.170066197100002,0.0370308781144665,0.153957308518805,0.219050666793511,0.15411797998118,0.167772933242187,0.286536673927898,0.115399899962049,0.168323827612044,0.14397751027798,0.115520902410895,0.143436411403371,0.220599158261404,0.0776234177066309,0.201382052801383
"capitata12",0.174425124628369,0.211667145114881,0.199295168021597,0.228765465789809,0.156251026968414,0.0900473778649571,0.23207896632268,0.140478325886167,0.281431395239321,0.0958287827624427,0.190763382517433,0.067332471284818,0.160487574477289,1,0.260870110141697,0.626130822276722,0.19685462407624,0.268465258230709,0.0834055620288818,0.155948783316859,0.226132040544825,0.219995249903213,0.176209857202349,0.216411873249574,0.117540157671485,0.111090488966914,0.202449204119999,0.164484347517276,0.205651479520874,0.115774631618647,0.231487735374157,0.121763554154989,0.210898771701074,0.101736094311257,0.126734392888922,0.119908137369382,0.162757223605717,0.204001328153246,0.144580576351289,0.165706983395648,0.139544485305296,0.295756341168954,0.131981044813845,0.16258631661215,0.156044488255597,0.170991301616338,0.148842634223197,0.248931709090185,0.0990646974283457,0.0507174713820081,0.13099231082614,0.213549535484824,0.170189217772733,0.128167900649927,0.217628049463455,0.177016922288652,0.14541657804691,0.234933531669386,0.117284062299934,0.256664767611718,0.157573792013998,0.180900602533191,0.175637545951474,0.145944860328307,0.250075659093042,0.257516522256328,0.166372179646077,0.157258993494186,0.255979954721707,0.259779308804871,0.136330471810632,0.150231561902523,0.126198722959778,0.150066432899095,0.176047004150143,0.147684334902139,0.229375313535152,0.0939490921049494,0.202858793545865,0.102593792086371,0.0708670930852407,0.154988436464226,0.111231385390796,0.18804375351942,0.0388574258278942,0.139845568405024,0.254525448516483,0.169428424215223,0.205935295107202,0.196334023411829,0.116171163741521,0.0822292898211821,0.127602616981062,0.156280501958843,0.161580486208578,0.157858673723543,0.0871863018286684,0.244496344021191
"capitata33",0.256372733454851,0.230969386611249,0.230510261518853,0.377081942437778,0.191439950445913,0.129444856376916,0.257822523833465,0.23807045304981,0.53120343602211,0.128992423042326,0.303793148327,0.107784154735371,0.242354249342128,0.260870110141697,1,0.267446974193345,0.317965756434869,0.323416291904694,0.128332555652477,0.137609748658011,0.333980734487133,0.269087992770068,0.271001622083181,0.328147840634097,0.170298329801968,0.14727949159877,0.250395030456882,0.171732037870665,0.243363155614696,0.143050574251141,0.359783900498065,0.165565124001915,0.200130228386577,0.120426684893073,0.175537622476831,0.152735071510615,0.178509204002738,0.316774511233926,0.268003756821749,0.128055330409277,0.194973180154706,0.329631849602974,0.147646080033136,0.192698762255579,0.191058125943378,0.152782646727701,0.159809466797951,0.196702036993869,0.1477802482551,0.101221101036343,0.180154087711877,0.334187407569453,0.232955732550991,0.174613607971663,0.189928537810564,0.265495084807951,0.212085120728709,0.302093615203124,0.135537307876469,0.259356587303617,0.20739139778046,0.290123257272764,0.240704819556778,0.189084399300195,0.251550704063514,0.296076070202086,0.157725708052431,0.18266009597626,0.255699787823705,0.345525549831795,0.176606163163761,0.168435583011844,0.195370894543865,0.216985219159405,0.185281656036973,0.195930601050329,0.31925372478367,0.118689564263607,0.238760715382297,0.178122110366026,0.106527817583439,0.184246043100875,0.178991587026496,0.257554965328245,0.0378947512657175,0.171439811304998,0.269463764080156,0.186090630307954,0.202425284405482,0.239393324919072,0.1714057732425,0.11673316891038,0.145224114458163,0.207098066294072,0.158268915059584,0.152395744904078,0.108039156253131,0.281116264814611
"capitata35",0.162072238600404,0.159196105678979,0.174028452249086,0.253185738429317,0.146914399099909,0.0814598099190492,0.17339525939354,0.139776136667041,0.273423991173285,0.0811306920254849,0.201561619780602,0.0649658644097061,0.147016746006543,0.626130822276722,0.267446974193345,1,0.222072408195417,0.262916572564613,0.0800571827173352,0.129071193598429,0.252204648687861,0.222244113889711,0.156132155387634,0.218560885158005,0.136457294458568,0.106808639543796,0.190704591181069,0.126116764289834,0.176941606968946,0.110723914168267,0.253206631285921,0.124000343871031,0.152907999611468,0.0990852615459854,0.118431839155054,0.103489869856574,0.156262428277801,0.211688647140774,0.153253781663331,0.196343977089516,0.131353250200783,0.321513058176071,0.135249999279094,0.156873991964457,0.134375171395883,0.150671712542675,0.119115415717769,0.15548980073698,0.0864055059884986,0.0493941192037218,0.110620233070291,0.237076071836453,0.151647459678435,0.12246461858027,0.169255210785683,0.181373476806339,0.133981522276515,0.276660949938963,0.0853481676777431,0.299434401133648,0.123375149544877,0.182677563871789,0.15909910117491,0.123159499660528,0.19870453306076,0.227690047672465,0.120299218793166,0.144545213977306,0.235320157493955,0.252699214329467,0.121612372584432,0.135700844593312,0.120210447126065,0.142032680285641,0.136455653750598,0.129292104895636,0.247009917927515,0.0907612584298797,0.177565046378353,0.0854894913179907,0.0638446885874772,0.105069979608126,0.123085105893352,0.177136187979853,0.0332764357540301,0.129801309118415,0.217800235672746,0.135705438711806,0.189266708770487,0.161307111588349,0.113716239404589,0.0698079128607759,0.104627897829798,0.143142504429089,0.140521943211381,0.133360440432211,0.0797601285498811,0.234429783028514
"cayennensis",0.255299584716476,0.182210210598478,0.209833634422709,0.345386837601543,0.16151189985146,0.141308575694578,0.221814673431294,0.237830031866229,0.330217855294349,0.121339641827238,0.248466560914317,0.108891841429222,0.250460126739925,0.19685462407624,0.317965756434869,0.222072408195417,1,0.292641874650863,0.105443329294707,0.171381040595494,0.319459770897049,0.292286756922875,0.1938964777528,0.298566459873913,0.211428782842001,0.122825340608205,0.239368743989636,0.163385661316149,0.219468980786154,0.187641334618424,0.340624719972352,0.164187866497691,0.180352351084689,0.0906129543268749,0.1426970152505,0.154720187421141,0.171885063478153,0.344406720310694,0.269172885980481,0.151866466543809,0.171423567276065,0.268206215835791,0.137502579581296,0.174301448638405,0.148998092723767,0.135595794280815,0.151318415643838,0.168714136249533,0.11502152017072,0.175703548082004,0.167677282522692,0.325942183871543,0.168747681640774,0.207776578238254,0.176387044664729,0.256547702296527,0.171785053095252,0.281034494802377,0.1179902752459,0.2365816154849,0.17808863172036,0.261174583802779,0.238796249133624,0.255950403199205,0.211461370594737,0.270154891957608,0.141609803795902,0.221060445383012,0.25217269444651,0.280002777474272,0.138230848803662,0.158245404451407,0.163393122149809,0.195679868438184,0.153505527932251,0.204440282850782,0.309476984716686,0.0884907547703808,0.203553328910754,0.156982678707891,0.197041757242232,0.101320231079713,0.134781530188865,0.368339362544002,0.0466703529306245,0.141353607681047,0.240949765015893,0.189319396231733,0.34654550132596,0.197713212368542,0.0995939379418963,0.0797538361872629,0.135479354774695,0.193315256863733,0.148077160690219,0.166351949186228,0.0910839372673684,0.234222693360376
"chartacea",0.254958167599658,0.374933616226972,0.259535697531424,0.30148300323198,0.201751469293104,0.105495973855215,0.271302976897099,0.209068892864641,0.335718317078123,0.173535420855033,0.255230175819696,0.156472101956189,0.196210251143733,0.268465258230709,0.323416291904694,0.262916572564613,0.292641874650863,1,0.116046501751114,0.157432260594575,0.337032651885931,0.288272859450657,0.216884936594996,0.334450310911335,0.18549005495551,0.144976063331367,0.285893659098382,0.198215608510383,0.264007724942661,0.191395756610767,0.369223623348811,0.206252469047836,0.279451005435809,0.11519067885359,0.145148860511018,0.184318587552215,0.188283588097234,0.288176262973882,0.188055366466263,0.142914711605683,0.185670955857315,0.283124130463357,0.15223762144625,0.182662541393414,0.167312173894914,0.169551352636901,0.15505390702604,0.2223301230087,0.109752445092201,0.0954172830740528,0.181192841585056,0.273534547960345,0.220438641501463,0.19694258998336,0.212586512529201,0.245716426740061,0.171195470301715,0.347082436042669,0.139361105156378,0.286031614897279,0.198307796117826,0.247705476418945,0.235632912505864,0.197763418008678,0.277910979751753,0.30405324691864,0.178928522620809,0.218983498582955,0.361364445646928,0.331250488210621,0.136019565389123,0.188499989405546,0.165329155705193,0.177953494707853,0.201172079890942,0.231995728407007,0.261600089134196,0.0928220350471775,0.278363033506222,0.162828988721742,0.113590439011889,0.148351721777876,0.143267061025262,0.274787389689888,0.0411139158559487,0.167622639714127,0.279643766696796,0.199430368586605,0.248292665929937,0.257914987268702,0.144015721855933,0.106836933278555,0.189738365234008,0.189200446945049,0.211772274283014,0.19403726182842,0.0966946485217495,0.279236737412391
"cinnamomea",0.137004468749314,0.0931217294253166,0.129917142669617,0.114937510456682,0.132751640367385,0.165838087441281,0.124945790742484,0.173596501491266,0.121053499633904,0.0946639003928537,0.108269323208389,0.114393270745072,0.0652632122320166,0.0834055620288818,0.128332555652477,0.0800571827173352,0.105443329294707,0.116046501751114,1,0.0940097146992534,0.117515293132331,0.158604399164471,0.129766989965061,0.132818208880609,0.0861560814534815,0.0861105403476937,0.0900243204656598,0.109417269975653,0.0894285005073238,0.132007739146132,0.103537738055356,0.103182988747985,0.10493085709187,0.0757403988662199,0.0942599628199863,0.124419904652869,0.08628041802833,0.135273479190741,0.124460200499762,0.191023287400476,0.117083339322546,0.11243804244268,0.0715032085793346,0.119374099530541,0.109354122635068,0.0674530858593422,0.0677049220591744,0.0812536488504689,0.142525514818374,0.114152647470182,0.0990247647340281,0.0851383878133338,0.105033484038239,0.12731284246133,0.0599573407274659,0.0780178666872634,0.105635085809138,0.13227825908475,0.0799930691074918,0.0805517635867825,0.154313520308589,0.122236869075851,0.12448185953876,0.118978719865346,0.110588446792089,0.112999576586591,0.0725134658010872,0.137829321297195,0.100094498585879,0.123090708997992,0.127355323931678,0.0774569366553879,0.122418915057195,0.0785411829724489,0.103697242682887,0.151367900594949,0.0659055225941892,0.0955211578175209,0.0989445156994454,0.12062226815887,0.110849688673643,0.12461760073099,0.122287062315772,0.124868271846753,0.0299581710514214,0.12392405320192,0.121383816364036,0.116848266566669,0.113124082800357,0.111873894517038,0.0801913587746142,0.0873532162083584,0.0827674461528859,0.147573515805561,0.112667076095707,0.0808290986292304,0.131382482655325,0.163320899968988
"cocleensis",0.141543557876583,0.255986193729971,0.176711156272433,0.131813108160271,0.125436165017293,0.12031852667474,0.175319972649352,0.10247368209071,0.159758066383409,0.0866393949142469,0.214329763847193,0.069069237862347,0.124529501574023,0.155948783316859,0.137609748658011,0.129071193598429,0.171381040595494,0.157432260594575,0.0940097146992534,1,0.145180359906997,0.154085571676525,0.142932133057242,0.147531307417135,0.086471440968313,0.0809797782285447,0.130522215327849,0.119349358069306,0.130359637768366,0.13036489796916,0.165520370867369,0.0929260047454467,0.189606008158719,0.0913178000680033,0.121306179123783,0.157792627150726,0.120172713445541,0.141090935823408,0.11835257910096,0.122716540838176,0.146190970036592,0.101940866221289,0.143403682525632,0.119812399821082,0.140724421473356,0.17680382799003,0.0873595379126142,0.177405234385482,0.0940980528243494,0.0498755350883829,0.119994304812189,0.147191483012971,0.114939087920508,0.106440264355713,0.151525260619366,0.145531103658701,0.139179314632249,0.134821331007491,0.123045527408849,0.121180557025703,0.109749793762509,0.116044631844521,0.124427506730442,0.124838515009814,0.172361055124008,0.192178353092649,0.148873848223155,0.195478837617997,0.165919755724666,0.150085773949408,0.125301062381762,0.174582359184463,0.108140268426695,0.155694411351244,0.14961448934324,0.138627857981306,0.123062808353783,0.100204418675973,0.168687588303203,0.0978887283435487,0.0679864150223381,0.0919720343944814,0.094779491787489,0.120160682611904,0.0425929162464943,0.139437515078476,0.177520308317346,0.119864665329464,0.12790105701273,0.163685353537683,0.107806322870371,0.0893753368719519,0.161342691649985,0.104774838472033,0.156460724255394,0.109600625068111,0.0993222865567253,0.151531091784719
"cordatoalata",0.387536281025862,0.217473085289252,0.227762405814974,0.358140031984299,0.186664576408237,0.124358313305934,0.25266316794543,0.197923819469958,0.336523218402609,0.111408691563262,0.263564497860612,0.0924908255506347,0.239799339658965,0.226132040544825,0.333980734487133,0.252204648687861,0.319459770897049,0.337032651885931,0.117515293132331,0.145180359906997,1,0.233759641585844,0.204335638338901,0.384134769219944,0.139393767415347,0.135816357569048,0.22073813291734,0.160853115777565,0.233725913512036,0.151884566025682,0.376664071525558,0.172519037228197,0.209221483695526,0.112908278661231,0.155317517663964,0.153081356639087,0.162719791376404,0.326113567115173,0.268925024308515,0.135328313060605,0.195908638955979,0.270891629473598,0.153677364697036,0.201773260887321,0.172186833107016,0.135480981438645,0.150777768280757,0.197985185946905,0.114978249407407,0.104057335366251,0.160195372441466,0.338058765469168,0.186868136669433,0.173767637836263,0.215370237199059,0.283085671660166,0.188010457399997,0.271662562797057,0.123712496481478,0.253822683745686,0.166644301310809,0.222308507498878,0.245482112478404,0.188535729250264,0.392121547497233,0.272945368071354,0.147373385555796,0.184112225689472,0.253546260962906,0.289947243986579,0.138851478724813,0.188143581354373,0.159332550609417,0.21859487000041,0.177911192072961,0.190139659524344,0.322237211651586,0.0954704589028067,0.209953018516389,0.14677951919558,0.108732679534686,0.125781149335,0.151495734448173,0.243353237841075,0.037927577847687,0.171308493321131,0.265065802628547,0.188536155688771,0.206852931447783,0.189664652860611,0.118548765324405,0.078223788537987,0.129409170461268,0.216217539718343,0.164349421745115,0.151296586014145,0.114930089132113,0.309226588565415
"coruscans",0.251776091607734,0.210332693045851,0.202021036789058,0.248513299497537,0.188735205760275,0.123520840367692,0.219797368799546,0.167456094785987,0.276005164858888,0.123684366043881,0.18786789961339,0.144149401135234,0.186050281457257,0.219995249903213,0.269087992770068,0.222244113889711,0.292286756922875,0.288272859450657,0.158604399164471,0.154085571676525,0.233759641585844,1,0.331176498005833,0.20251645285376,0.178870664435353,0.111700566081928,0.210379769848955,0.191321106807657,0.181302672736032,0.179691093992432,0.287135815840812,0.129968968107456,0.228315244961027,0.0847491026164053,0.152672223135186,0.188950476676355,0.17716465943643,0.233822303088296,0.157975483349995,0.134296226231354,0.186098382055874,0.214759519211015,0.150408726024593,0.179862591623038,0.180019031500425,0.159376327552181,0.1385173608218,0.195780287354228,0.107475751394904,0.0987818091765802,0.200885879653552,0.19632102189259,0.171100776846188,0.217413651873066,0.147970872604106,0.240497682691339,0.14255935413506,0.334138655177419,0.120607578482912,0.199416206407035,0.207852912008601,0.189236772568495,0.190320058661357,0.181250733713365,0.237695633009787,0.240840789610394,0.174682071360563,0.210989676553229,0.227812858269595,0.247155118376645,0.146591596999053,0.16273179737102,0.157279763839454,0.171015721853625,0.161891232389711,0.20625807218581,0.222158316370472,0.0931232729774039,0.23875765032751,0.168235836192282,0.152111518251636,0.111315476630165,0.140819353475406,0.26519265506524,0.0320827928683707,0.192292469510104,0.224969707963817,0.224243057305009,0.203441720682665,0.239169618382085,0.110219926179742,0.112996291258613,0.154268385680915,0.180107698965138,0.161623253808538,0.138918269411203,0.10618587840802,0.222384373086983
