"","acreana","acrocephala","acuminata","alata","alba","aria","auristellae","bourgonii","brachyrhachis.aff","brachystachys","brachystachys.aff","brevialata","brevipes","capitata12","capitata33","capitata35","cayennensis","chartacea","cinnamomea","cocleensis","cordatoalata","coruscans","cylindrica","edulis","fastuosa","flagelliformis","fosteriana","glomeriflora","goldmanii","gracilifolia","grandiflora","heterophylla","huberi","ingoides","jenmanii","kursarii","LA17","LA41","LA48","lateriflora","laurina","leiocalycina","leiocalycina.aff","lomatophylla","longiflora","longipedunculata","loubryana","M18","M25","M27b","M30","M71","marginata","melinonis","microcoma","multinervis","nobilis","nouragensis","obidensis","oerstediana","paraensis","pezizifera","pezizifera.aff","pitmanii","poeppigiana","punctata","retinocarpa","rubiginosa","ruiziana","sapindoides","sertulifera","setosa","spectabilis","splendens","stipularis","striata","suaveolens","subcapitata","T18","T21","T29","T50","T51","T82","T85","tenuistipula","thibaudiana","tomentosa","ulei","umbellifera","umbellifera.aff","umbratica","velutina","venusta","vera","virgultosa","vismiifolia","Zygia mediana"
"acreana",1,0.164442052704545,0.169311595172069,0.289098060565451,0.211497224405904,0.254109278674849,0.319404859507474,0.142557717483122,0.161311893134785,0.141844698166813,0.145747781387184,0.217118016383287,0.161094644337836,0.194778233650456,0.129652306046292,0.237580831185766,0.183742376987999,0.257766269895735,0.17278990293006,0.197853311413514,0.193636987293486,0.225457464357751,0.213277850154794,0.224047744047503,0.211977294565955,0.142192091752554,0.238558815642352,0.216333284764292,0.215596672817108,0.149788971899385,0.215120916937211,0.170124197334824,0.272388469011584,0.233256883561516,0.202253954421942,0.139632044094827,0.186878715279634,0.155634070067609,0.117723390474397,0.186757418983433,0.186784601276003,0.17710790770001,0.181104432306207,0.296873594739537,0.268704025278406,0.20159102379658,0.127769918380735,0.2451096389368,0.261296486763022,0.145915448073094,0.178048104678541,0.253418555182724,0.29530034367787,0.210968969462486,0.210440542965339,0.166042584229957,0.231273919506626,0.278963477786062,0.236964135149262,0.181337589779185,0.297606811361068,0.282957470698918,0.266223105163874,0.250519376528707,0.258010324117936,0.211671869229159,0.187263459161726,0.289505647233196,0.163108286240656,0.20451913769202,0.15792254191065,0.17291306197629,0.21155821155791,0.164603133927925,0.153275892204813,0.248666508608689,0.174276074232893,0.174593523336826,0.194544897049095,0.245936476680778,0.20696039891417,0.22228562531284,0.225743570463452,0.180328388138835,0.108627219356596,0.253174607337256,0.179456283956289,0.178050370549331,0.133543926306134,0.176382854483811,0.197374100278894,0.137656053083827,0.135170179831975,0.266737998777855,0.214898454564761,0.149494977458417,0.134533463894942,0.235773207954627
"acrocephala",0.164442052704545,1,0.149314726167762,0.185775299762738,0.229379664801466,0.173208769017882,0.204022604807542,0.161404600850814,0.368074878014396,0.155268775100895,0.150812437051162,0.149949683478941,0.173722571563919,0.132942651892287,0.160770196784397,0.164981131282969,0.162674043204401,0.275765752974313,0.145826960878285,0.166805126427038,0.190615842212519,0.180948319245619,0.207951034022039,0.176682139458943,0.227628494477296,0.163041867256993,0.244722884059752,0.157772919255753,0.16134336366981,0.37928181720514,0.134139587219541,0.150229850107449,0.198831564023617,0.127077612369774,0.280601985277761,0.109556249342199,0.150011418478759,0.170577331139038,0.112987609659865,0.148484421543801,0.190347309394779,0.297777334855408,0.103737694931871,0.140768073939289,0.188415533281327,0.209926005647156,0.121156387053769,0.179441796535175,0.182272535422147,0.338307847875113,0.210506594598239,0.221020758672424,0.168896415487117,0.217798085273138,0.189008411150091,0.16430026362171,0.186991554313748,0.199528909944458,0.15546214081862,0.315913000031267,0.189998668319504,0.196631958343443,0.165775728651745,0.167785885178814,0.150054648895338,0.185492376450686,0.172786453752212,0.297636045769003,0.258645246137098,0.158468231315224,0.139687762135763,0.148748237599418,0.139265053297171,0.194112584062433,0.176404831872302,0.216567476453144,0.14551815308359,0.12937285899465,0.121000554436501,0.148972019996494,0.136512573003633,0.165405710253752,0.180693781410419,0.131516505465132,0.0842512711828746,0.295458440889458,0.353781992495424,0.154889298468173,0.103958220097808,0.168741113305447,0.203429218214946,0.187936632952445,0.0760651888701001,0.189765568590005,0.155210880965842,0.211752338819679,0.127694020335578,0.189764678696809
"acuminata",0.169311595172069,0.149314726167762,1,0.140503778313047,0.152173532907521,0.124846065077633,0.161601344837401,0.103278910733867,0.142974093469112,0.102915594259744,0.097102478457765,0.11671325909626,0.112217027158536,0.135404417035425,0.111580885426596,0.136175208965183,0.148754946892309,0.148044949066142,0.132187919888622,0.16442140383783,0.127758402102389,0.12221325074262,0.149003865714363,0.13559575442786,0.152949461861212,0.124724701775222,0.13902391561326,0.120572454981326,0.11897716827906,0.135594975834866,0.121311312964097,0.128265171178416,0.145103895193125,0.122794433973131,0.126721979209394,0.112873003659402,0.11920693164261,0.104635331895941,0.112373474204719,0.109075636464799,0.105422138944915,0.132458102560395,0.109354790642275,0.115200141007195,0.16603741596741,0.110263670920962,0.0993691862873161,0.183791214068432,0.139752236404801,0.138016721638311,0.146961851074795,0.125379640821907,0.151087853034267,0.131056266379099,0.144711061971002,0.128222080324593,0.173260392403967,0.186733829841585,0.125922496196958,0.143424406366159,0.159372932490177,0.153132708432384,0.130408602166487,0.150626377680384,0.134470277715632,0.147046506929291,0.151777410313854,0.18205859777494,0.143624883998729,0.163238397625305,0.113176329134619,0.125941133955104,0.0994420456990845,0.0911669568407858,0.0989684114213226,0.146643751227081,0.111542227564684,0.118080535679307,0.11113590560763,0.126099943798619,0.12470210383066,0.12414280824286,0.162235111799708,0.110646479710633,0.0955148229167761,0.166059219815676,0.13911920527967,0.116290868056929,0.100666634780831,0.124090498408448,0.124739587260138,0.148533419703685,0.079674979022203,0.140517984033539,0.128285609906309,0.117193673711999,0.120543114158741,0.13513191354281
"alata",0.289098060565451,0.185775299762738,0.140503778313047,1,0.27945410516999,0.224602813901443,0.390521754295561,0.195050158626974,0.217408648774985,0.143242072077261,0.168593070994271,0.304876292389393,0.202428243400198,0.239908538884758,0.164321365759584,0.34232458779225,0.2735503664602,0.334363580686665,0.209597943822795,0.255019149142097,0.205857613988615,0.286899819996588,0.293810491451782,0.311752057835098,0.197299509202063,0.131662344799014,0.187120375493937,0.243452380503737,0.257929877632333,0.193652398999782,0.251233127451836,0.22065728922052,0.371322110423079,0.221131756876923,0.281114353908321,0.151789775238454,0.212239080186059,0.236557730339899,0.119946565317605,0.17012948815599,0.216513430762472,0.207550105277404,0.186216322272062,0.33952126782087,0.283651424358563,0.199300935876686,0.157788054996757,0.294265412759218,0.304234860988648,0.163789981437802,0.264420640231411,0.283306497511375,0.37927585314164,0.240731854417787,0.240200859577883,0.193229383448446,0.269886682419552,0.34160415319425,0.307571340311248,0.249340950213125,0.320781665640105,0.339342316724611,0.310758553443928,0.355639376892714,0.317107234137317,0.266107541292111,0.169191778884337,0.372277673962183,0.220826622609189,0.256671084028146,0.166209149722583,0.229537706747364,0.368045169498029,0.204638419507587,0.174954126682665,0.314703956045058,0.186875853517636,0.202515558390894,0.276035862714695,0.282444122005997,0.283083789545112,0.302121880536672,0.244879359230973,0.225733802277206,0.132058149197631,0.326955966719919,0.175078140087558,0.308797210761549,0.123086061082582,0.210343552551145,0.242075138257988,0.143396749891594,0.144541743691556,0.390573941673817,0.252842345141571,0.182547950363413,0.131046903606111,0.312093546526346
"alba",0.211497224405904,0.229379664801466,0.152173532907521,0.27945410516999,1,0.200682748627844,0.267161092726545,0.186580770747221,0.230677749691952,0.233587460788807,0.25931823096751,0.314478212187275,0.29539356681554,0.157200495830902,0.177791399841358,0.214152502997782,0.208125898396316,0.222208904111762,0.15803586824486,0.242366215686004,0.144622187109589,0.208276427897256,0.222165008074935,0.218670338231684,0.213122489698132,0.259670618212448,0.179832272315677,0.145933201243661,0.190798996888585,0.226064381708414,0.191233591490962,0.320999064302613,0.240067705545178,0.18540508072043,0.376579648122839,0.147490784927374,0.198923599456552,0.215886448086457,0.121469633351795,0.146008497975563,0.283088510592371,0.21520668274986,0.137456878794636,0.196436295857735,0.207560587736857,0.149976136555321,0.239798455061096,0.235837281174352,0.346862527748319,0.319570690685914,0.260540560250027,0.222127346388272,0.232066220721551,0.218005001785894,0.198799453996827,0.196459444706846,0.251413111863795,0.258910274971788,0.337254681819571,0.252581343872765,0.2401628789488,0.242938633119426,0.215339861426262,0.229191176093447,0.246907851720735,0.228987322135136,0.168610828191181,0.337692056167177,0.223044235841596,0.174706026191977,0.270073353635014,0.142225519955006,0.230969749574609,0.139950069875178,0.119435098303371,0.280255315153705,0.151468490410578,0.169505752514888,0.190439269303294,0.216814242575,0.182421716961916,0.22403971320233,0.201604777823418,0.144423003681232,0.106407034696409,0.269751620239165,0.207906487163092,0.248313160622099,0.11376764434212,0.289840378784677,0.153058447218086,0.277699543456857,0.118975069805307,0.272645713546961,0.187904208164112,0.302598531480641,0.141639425023611,0.224653322308348
"aria",0.254109278674849,0.173208769017882,0.124846065077633,0.224602813901443,0.200682748627844,1,0.241509423696579,0.137492095791275,0.194399712097472,0.132054081553831,0.118629494901778,0.234840202372686,0.180021811672648,0.146528360214972,0.124954866867185,0.181169966156236,0.203184677617936,0.219055925586899,0.157495217074816,0.174613006646575,0.192826828483759,0.193669979840837,0.21906517257634,0.220243966229952,0.175617098232564,0.12018859817032,0.195381178641644,0.167610211159618,0.160551744317719,0.149095734785462,0.165171004045581,0.157105541033336,0.245037013258138,0.175000443734783,0.165786470578369,0.131953395449755,0.199255312629973,0.161494786484526,0.100962400120419,0.141604941487394,0.162862497325278,0.17909808484893,0.127460225881986,0.265258640952603,0.24811001630635,0.150670773169981,0.135052771009929,0.222123389126128,0.206078090612548,0.155913406094656,0.174195040193621,0.243547228392197,0.200186714633743,0.175611803841994,0.200501692004771,0.145199234884809,0.201222714282715,0.265198457131002,0.18971955185813,0.166315219399078,0.250030300675256,0.258470389035344,0.169032639913489,0.240161994054633,0.207305967101343,0.249498787853214,0.184778277746654,0.252888946810579,0.160466379721976,0.15945786749689,0.127742533818522,0.181864744837642,0.172462523496807,0.157668278969452,0.125596457487464,0.212707940431138,0.142156948350195,0.144080676654808,0.1762499619152,0.181541609107609,0.247556237779158,0.18952625856664,0.22110727665738,0.148216328692319,0.088737447522321,0.233298579546307,0.147910856091234,0.186294992389421,0.0941682751615879,0.168302363884752,0.234568145101442,0.120048145359956,0.0934706626756343,0.22650631749003,0.25042016051435,0.152649193547903,0.106114401853096,0.215365440275519
"auristellae",0.319404859507474,0.204022604807542,0.161601344837401,0.390521754295561,0.267161092726545,0.241509423696579,1,0.19276959069672,0.222450813190541,0.163609419250578,0.166873495988176,0.249435356556917,0.214805248336305,0.223278258417629,0.15383943510869,0.299892688263581,0.239453431009356,0.350186573484545,0.197171096831082,0.220958794984868,0.21155503851279,0.264358124782542,0.305846583456825,0.283566430218651,0.249474223713686,0.14055715726178,0.203062496174627,0.210332330554555,0.256742158407852,0.188539329856041,0.254646709373406,0.206795750918182,0.37825454544585,0.237923091900539,0.263405352851849,0.136177279786522,0.20788532154312,0.197829192783409,0.120671063341054,0.174146510853342,0.204425595321911,0.233393809564059,0.216605786806195,0.315399032627939,0.288218484167784,0.188664942904683,0.147092142091833,0.300718166621365,0.324885735350349,0.191715217439775,0.237826309117803,0.292718680368142,0.340246010406348,0.248005664027997,0.25945290342762,0.204990867241941,0.249150942103186,0.330971837861236,0.286556455426173,0.24605002990999,0.314314422958386,0.32593906053724,0.318473223367594,0.328916661743703,0.296005634862427,0.291937790683391,0.17625522591686,0.358846253369181,0.224091490586251,0.263271642927294,0.164585896726182,0.204093524413667,0.299011234682169,0.188665840627153,0.175088841362543,0.332732960417212,0.202204200025499,0.177358879500477,0.257755672455309,0.313124283465074,0.25364300172015,0.30546135051371,0.262199263400192,0.216826727545003,0.118024546295476,0.290100345390293,0.197516224277575,0.283968000302927,0.144478558270439,0.211172777687067,0.253418520077866,0.160188265800195,0.160803285458289,0.375140673613995,0.300955808876473,0.218739138188417,0.144756705886045,0.309340431452939
"bourgonii",0.142557717483122,0.161404600850814,0.103278910733867,0.195050158626974,0.186580770747221,0.137492095791275,0.19276959069672,1,0.181957415684887,0.113902707001902,0.150798644413392,0.161189635724787,0.138513514907574,0.109995754759013,0.497051886503285,0.148679289096583,0.132680315050085,0.17815280232908,0.107660763235244,0.209997459379505,0.105196776283024,0.135690789943825,0.153864501125168,0.143252323469839,0.182673592300304,0.124423984881576,0.134255187209388,0.120105639431201,0.121440428019251,0.175641463080045,0.164556916057137,0.158159991614361,0.16864091877011,0.112376411846562,0.182786788223602,0.088234920421796,0.140732924013767,0.604425113511778,0.127756482937904,0.111514515097871,0.137142302825201,0.237366173905624,0.119164019621877,0.184538065841408,0.151673924164196,0.101350890911087,0.149754048060466,0.166072472751074,0.182149914224761,0.149304117556531,0.195741848284869,0.153389592660587,0.157508315615136,0.147793624103431,0.139436847177886,0.142900284604087,0.166718449907124,0.198595303313705,0.167188458017565,0.20365125726281,0.1719616608783,0.189096949322697,0.13224910088451,0.156816666428376,0.160860356971563,0.148371137025254,0.112339745968082,0.200817832443065,0.172113680917898,0.11440301779515,0.113726023434086,0.140432688300881,0.171461444832402,0.0932004059624265,0.087249266216565,0.190115457846954,0.12107716560486,0.107526033985392,0.1311317917664,0.179605041099855,0.155483624631626,0.16348503090148,0.158343676282237,0.108894914267064,0.0716380860933207,0.253801471717312,0.220512086707757,0.213083532290065,0.0786305673892069,0.180256767449317,0.111425908742605,0.148124461454296,0.0742086759591584,0.200816399638557,0.131195476015272,0.139748967737207,0.115349288111618,0.179031318092879
"brachyrhachis.aff",0.161311893134785,0.368074878014396,0.142974093469112,0.217408648774985,0.230677749691952,0.194399712097472,0.222450813190541,0.181957415684887,1,0.162613791451294,0.125949647937404,0.214238542942316,0.18943984543572,0.124119623505383,0.182887130902788,0.207632235611689,0.203187214435955,0.188462540460499,0.123436997904018,0.216728571799586,0.170491684186189,0.149080564900905,0.164881201552213,0.189444187832448,0.273845672701022,0.151921989880475,0.226137537883812,0.125889128673971,0.158467108631088,0.387081426794516,0.125496894869891,0.151730374275147,0.181745579011865,0.113510101962233,0.216899381541354,0.12406186548431,0.145165437097912,0.189370834136217,0.10839801816184,0.13931764312638,0.209228654172258,0.362564129624856,0.108176868407095,0.202521933410625,0.182305877542036,0.119215822586562,0.117319097852266,0.202666068256183,0.174198126553036,0.306480822909489,0.260107554898686,0.283466376386504,0.229525843261272,0.178500348647573,0.163174817961234,0.166165357114844,0.225705877111956,0.202908782326264,0.196499074131163,0.398926972101437,0.17391589080896,0.178940593385153,0.143854197882561,0.206258996275311,0.174683114027118,0.179137541501301,0.136750192871544,0.320372456566776,0.398607653504332,0.180998543146104,0.128732190206246,0.14308723241281,0.153817978335685,0.137789239189288,0.115712086183288,0.180064680114813,0.132785274424866,0.122106800229254,0.142320519057071,0.154266241014965,0.146987385766159,0.156252136249823,0.223212309900437,0.130551179270066,0.0882588055482101,0.324872958008234,0.400420568062581,0.182710470872017,0.0913446067269458,0.213895316655819,0.146718216704418,0.197308578782037,0.082783398028738,0.223751592641318,0.169678815281238,0.163022400310772,0.101370192906076,0.166107560545585
"brachystachys",0.141844698166813,0.155268775100895,0.102915594259744,0.143242072077261,0.233587460788807,0.132054081553831,0.163609419250578,0.113902707001902,0.162613791451294,1,0.323931679998033,0.268388286420582,0.206903470528286,0.128172916947717,0.0964533557672395,0.122800641603444,0.113476089170112,0.146526393546517,0.111586546406239,0.120927962513412,0.12347900984797,0.139071496207716,0.1395182417814,0.138992985931823,0.135824081075179,0.252085412729005,0.140986502990503,0.104635148810918,0.141025073390645,0.116735086255347,0.154430492321141,0.389923839337578,0.142561301169984,0.132598382450409,0.307725270910807,0.134330581197861,0.0937629765007971,0.0922277650621057,0.101321004509882,0.156625706266178,0.404582802191147,0.135126628466201,0.109492259607041,0.125668636905719,0.141822995822352,0.148069699063437,0.337791909260453,0.138789052604554,0.271632318264597,0.263129010760522,0.142978004470192,0.117986264935807,0.120458597619686,0.157989842335509,0.136858482004783,0.139645596269702,0.120149248477392,0.12659003650753,0.264961138862687,0.104501904675915,0.142052033201208,0.143239267646774,0.137268969336567,0.137848872472973,0.124564945317148,0.145131359368712,0.183351494449127,0.162096517354304,0.13065675987861,0.160470116050502,0.303037173763205,0.142728360104713,0.0950610164047538,0.172208067084049,0.133686183255641,0.151984157878662,0.131747310590976,0.094667338572945,0.121802775316154,0.132931979708942,0.114415095129668,0.174667063428638,0.12518311379879,0.125164782344594,0.13286957797556,0.139244460974327,0.112598255279779,0.136321246230188,0.0987736038138297,0.303279258925408,0.141053622677258,0.291155211879198,0.0669256504862719,0.131571751102401,0.117061273025797,0.373617320736988,0.0981277150600071,0.173432629922059
"brachystachys.aff",0.145747781387184,0.150812437051162,0.097102478457765,0.168593070994271,0.25931823096751,0.118629494901778,0.166873495988176,0.150798644413392,0.125949647937404,0.323931679998033,1,0.311835376787736,0.241774445356171,0.134759921525455,0.120543239876668,0.137473921671124,0.122410116493034,0.155828322156583,0.109334182751158,0.13757977721164,0.12394199263305,0.132684665328442,0.169162025586665,0.135806403304448,0.136024496502103,0.289341292468878,0.12833929448002,0.139217482228798,0.132641244380828,0.125115987922953,0.143955807176494,0.368844577398708,0.166256306194336,0.133281384866429,0.332821732532508,0.084273494345636,0.130784899182573,0.125698817752304,0.0929407803799371,0.127717650850313,0.362991750900526,0.139456830274825,0.107052391799544,0.147142034486817,0.157834327107163,0.112774679464667,0.313157374699869,0.161869128176838,0.282270877819196,0.2724181455462,0.155610485678542,0.13067319092249,0.132108893226716,0.152733067541534,0.159297413427569,0.282485749322945,0.131240429872848,0.15002701281251,0.270767022409168,0.148023444093778,0.1736353895804,0.182183050069884,0.149666470828437,0.146983792732239,0.137069180959864,0.146167896371995,0.118941456853163,0.155806163585963,0.13907539228965,0.122066756104583,0.293946315601689,0.115483065623841,0.123379667043108,0.109999591848925,0.0818632893214072,0.18282226807846,0.0960109075211138,0.0969632624537736,0.125700282192636,0.139922424247167,0.125329503753006,0.167425921127053,0.128856397900927,0.0987379754427412,0.076447356668938,0.126691415316951,0.117457797029089,0.158385064796791,0.0920757096920892,0.270331612171008,0.143424636280842,0.318634562756308,0.0747047807580082,0.155423595564903,0.140587385826517,0.364480179572001,0.10895938385205,0.185577115793063
"brevialata",0.217118016383287,0.149949683478941,0.11671325909626,0.304876292389393,0.314478212187275,0.234840202372686,0.249435356556917,0.161189635724787,0.214238542942316,0.268388286420582,0.311835376787736,1,0.260171747851867,0.173057343193238,0.133249074941596,0.209841707675079,0.191130124283939,0.241798185599409,0.171083567074908,0.204441075633155,0.227033362398703,0.227111369257948,0.220313000742802,0.212392878168278,0.179937950636613,0.284106708611777,0.161352587687571,0.172669360465108,0.179393740045205,0.173097152062424,0.189862249251356,0.352131204274482,0.278439823003682,0.168155237942386,0.352270176638353,0.121770128028807,0.187103918128419,0.188151307958255,0.132658758369228,0.177082060665579,0.343296439341118,0.167086290603457,0.160875971832699,0.279149555395154,0.211009659981334,0.156059088774602,0.282079203863336,0.291102995597986,0.386733822155627,0.299917756722059,0.21011119684889,0.213078448384398,0.22629311555066,0.206188589203667,0.214030252617795,0.186103482242408,0.244183085454448,0.248528974123519,0.352129691681215,0.183190634459516,0.275448041194449,0.247607028319082,0.213549944955888,0.235768165549933,0.241710170403496,0.192175721194588,0.153633389706665,0.239517117903462,0.243083256845352,0.191413398068441,0.288828383136466,0.191608959266131,0.208613809032117,0.17264360299175,0.133181484186955,0.256320334849237,0.136891423508906,0.180871031787108,0.234014964437513,0.221561266906462,0.199848346990615,0.268023013256293,0.214684539693427,0.148728047520155,0.10286002774398,0.20563320436427,0.158839870510044,0.228524189862067,0.109046485276772,0.291349700394431,0.225341399961736,0.285320628133079,0.117053152037302,0.262935345164169,0.20597357995253,0.32984589441802,0.119523004580738,0.256048583413209
"brevipes",0.161094644337836,0.173722571563919,0.112217027158536,0.202428243400198,0.29539356681554,0.180021811672648,0.214805248336305,0.138513514907574,0.18943984543572,0.206903470528286,0.241774445356171,0.260171747851867,1,0.117487540251417,0.124891852341041,0.165734259087727,0.163233502445234,0.173889910830377,0.121418364027623,0.187819065048528,0.131359951452526,0.155733269554057,0.185030150603035,0.17615645352366,0.19263527642731,0.383778840445331,0.149553224214474,0.120575825709662,0.216801819848912,0.182678542527267,0.153587869524944,0.244951668315437,0.188060599947909,0.147762406563999,0.27982011455591,0.111048414102385,0.155750194373482,0.153642781163957,0.0978286010442726,0.127174042301926,0.25892513617461,0.215686691721365,0.119832546778504,0.190386659029955,0.251037267950356,0.121351554942128,0.198558280052569,0.198624452523112,0.260558696391942,0.272653709950932,0.216458903616254,0.204405588038915,0.164356613171346,0.182139895703415,0.140480980504565,0.162344032258837,0.172845660304526,0.183804477843,0.271145162035199,0.195528154764705,0.175176536990093,0.199683674204873,0.258692285004789,0.164370307277077,0.149168156642846,0.167658857016089,0.141163498267525,0.231489877060753,0.185924957759839,0.117733831052367,0.22920733982975,0.122950034409532,0.162004454907804,0.108022901452333,0.110055864621842,0.211076879525044,0.227498316140379,0.111148881747533,0.180914250053097,0.170677302974678,0.128751624996036,0.192392274420687,0.215390281810303,0.132000616716943,0.0948352580196318,0.24865938698718,0.179975826977081,0.193442896367929,0.114111529707985,0.257060982865132,0.162960979357199,0.273095319095031,0.159039197286357,0.190434257141049,0.208723369261147,0.358440046640398,0.10670075028099,0.189847202426911
"capitata12",0.194778233650456,0.132942651892287,0.135404417035425,0.239908538884758,0.157200495830902,0.146528360214972,0.223278258417629,0.109995754759013,0.124119623505383,0.128172916947717,0.134759921525455,0.173057343193238,0.117487540251417,1,0.107178912062388,0.187810982335567,0.16368545384769,0.20949124868095,0.150151646808035,0.134063136005146,0.248751835597274,0.193213427253212,0.176699631276944,0.193722850433203,0.144213980728523,0.113291161726622,0.131201389382319,0.185098171986415,0.286790490150786,0.126335932024624,0.202384296255479,0.141679920728261,0.21386783870102,0.206790680944632,0.149208208495744,0.12030157092193,0.147746476352357,0.126726957260957,0.104558164118458,0.121202575082508,0.139970393347824,0.128307154331535,0.198273606398796,0.198332601706419,0.217809020692272,0.182349273970815,0.110901640005617,0.224372107714774,0.159077757483783,0.115792911887653,0.17619530536451,0.141665031799889,0.199799652781854,0.193267774535635,0.171288300063962,0.144256424597712,0.181918515203657,0.188039015825314,0.161049365849902,0.125955559303377,0.198731737147417,0.21942484847087,0.193763908598278,0.198368627622791,0.206416087822278,0.188268555020862,0.176082773930859,0.180515760074985,0.139309110439799,0.235124673653004,0.136761731976523,0.186077245290875,0.170462901211669,0.14637325414031,0.135638629744251,0.239609088501823,0.145101824339714,0.154356637664768,0.191863796311134,0.203320244907338,0.16384770467045,0.190643350326773,0.246069853188953,0.184028379856227,0.102044449475224,0.148939954221255,0.119311408666693,0.169270278120376,0.137860940229067,0.138166110587722,0.19701803539524,0.134590860869886,0.124572421763299,0.197792683254541,0.166298022886162,0.123662027840392,0.108846871630603,0.201738613108642
"capitata33",0.129652306046292,0.160770196784397,0.111580885426596,0.164321365759584,0.177791399841358,0.124954866867185,0.15383943510869,0.497051886503285,0.182887130902788,0.0964533557672395,0.120543239876668,0.133249074941596,0.124891852341041,0.107178912062388,1,0.13806762535542,0.141694855580251,0.166591190781303,0.116309423015704,0.158753243048327,0.103993687422648,0.13524484973626,0.147726946854595,0.137960265339665,0.151694227412378,0.118566352979321,0.138244487706077,0.110128903103387,0.118055222189087,0.175371835065155,0.122970372879394,0.134417040531194,0.139154876006772,0.113138164942591,0.146508972141691,0.0869974361002132,0.119027030541597,0.480794992350799,0.118221563546505,0.0926194899929393,0.135941759779434,0.236932323915047,0.0856004313376779,0.135189726821586,0.134167242835832,0.0873599795683925,0.123725249218952,0.140483935942557,0.139717692480542,0.156282136463846,0.166593974129428,0.120443089578758,0.141329079829592,0.120328031255304,0.122656391788978,0.131069427682223,0.150266378150526,0.164596223352214,0.128117708067227,0.19963639908607,0.176966121260096,0.194134568235227,0.111867347758067,0.139893625546472,0.155143273604729,0.144180238400935,0.106397986376024,0.18134815763904,0.167663733903822,0.125493681894276,0.0958944476365573,0.111287922353284,0.121310479295572,0.0853708328998142,0.0909570888859142,0.172974766293822,0.105652770892614,0.100872259684313,0.11469071943711,0.130553930363217,0.115785298172628,0.128923704871212,0.163722594055724,0.098021427048516,0.077944211319656,0.213823613651023,0.203489889714694,0.144966050427782,0.0810807512157736,0.194875738481378,0.108430765272914,0.126302568508986,0.0699083021563649,0.152609124746694,0.114165900308082,0.127675018016487,0.112687864474421,0.145982916722594
"capitata35",0.237580831185766,0.164981131282969,0.136175208965183,0.34232458779225,0.214152502997782,0.181169966156236,0.299892688263581,0.148679289096583,0.207632235611689,0.122800641603444,0.137473921671124,0.209841707675079,0.165734259087727,0.187810982335567,0.13806762535542,1,0.317551735050012,0.284342876179585,0.220290608939468,0.219154704198442,0.179947192602554,0.210928872077235,0.24831973200912,0.277701538902011,0.218427512674658,0.121496958213574,0.168241589252431,0.194210500716384,0.217844279363551,0.171316562509073,0.211992012637924,0.161127621061587,0.268229503805719,0.211686742784091,0.226733657368809,0.126088790149329,0.161542086876054,0.21227119250653,0.129150989258811,0.15863162447297,0.191312559766507,0.193642441742738,0.173150325860978,0.268112479475642,0.229112923385412,0.171448553716435,0.11639359635614,0.244065820042636,0.289719732420366,0.177724876140142,0.199863281154726,0.218180033104949,0.363149749373285,0.20290217208135,0.226761898904672,0.19491637243878,0.229870997555698,0.282841747518805,0.25442546350088,0.195887564873792,0.278354844591178,0.272211893822165,0.243326983758774,0.379506390844374,0.283480099118484,0.217742389446914,0.16122342566358,0.339931302829657,0.199263282423707,0.202221504877621,0.150947639193551,0.1589359530382,0.327579319359982,0.157833903016179,0.161626506480415,0.258949790345351,0.159590521068755,0.163441971711571,0.243771386305388,0.222221809319429,0.18193455966375,0.222442476578704,0.227276501591209,0.180863261982357,0.105199126454936,0.335096431918959,0.150114020016314,0.287383569635624,0.128083657007609,0.184953315660959,0.189483274664488,0.144392320071424,0.107463609340078,0.343169513841258,0.20171294191964,0.162150967613525,0.117049176578908,0.249242389832009
"cayennensis",0.183742376987999,0.162674043204401,0.148754946892309,0.2735503664602,0.208125898396316,0.203184677617936,0.239453431009356,0.132680315050085,0.203187214435955,0.113476089170112,0.122410116493034,0.191130124283939,0.163233502445234,0.16368545384769,0.141694855580251,0.317551735050012,1,0.232322353514007,0.164434314814568,0.174638545098677,0.16559110831896,0.171730943285239,0.216433734938808,0.305135341677907,0.175955907372171,0.121594934228673,0.177563355954029,0.195469521751997,0.213429360214049,0.176022268694055,0.191741021854099,0.164759850186946,0.221575420987915,0.174615461830407,0.183433119909002,0.139817351543268,0.157226838029248,0.157692901303854,0.131768386296277,0.144061713062568,0.176471321693669,0.185112142699196,0.151329541442758,0.207353032774067,0.22068048198916,0.146459223738929,0.115139221094243,0.203488707525564,0.197378266135372,0.164612517452484,0.194809439555642,0.224106954865447,0.287631477276528,0.179889998860543,0.216180686102881,0.174530477922827,0.193962602555049,0.218515289449318,0.189900137267679,0.167854424326361,0.231457156623481,0.242507243225691,0.226328919868236,0.279986565894999,0.214538356105522,0.20181309041958,0.151788521024048,0.303646741235342,0.174607749060124,0.173277189623895,0.156935112572657,0.176301789214687,0.220214078072786,0.130169080029445,0.129753212819255,0.21589470878386,0.140651903827606,0.14969335289122,0.199268330173777,0.1719954783278,0.144417564555618,0.197341253106803,0.227395754479127,0.16145338304584,0.112933767864976,0.271534594971817,0.159666535651909,0.257051245864877,0.125876711457195,0.190047466579476,0.185049437609644,0.134957183570738,0.101620947949226,0.264163290149746,0.213820628974299,0.14461348037325,0.134748259151694,0.232399254427683
"chartacea",0.257766269895735,0.275765752974313,0.148044949066142,0.334363580686665,0.222208904111762,0.219055925586899,0.350186573484545,0.17815280232908,0.188462540460499,0.146526393546517,0.155828322156583,0.241798185599409,0.173889910830377,0.20949124868095,0.166591190781303,0.284342876179585,0.232322353514007,1,0.184472609706407,0.199248733868867,0.268845117951954,0.248940698910437,0.356538331242528,0.260949866991168,0.200114352947181,0.12456195257898,0.177372675046858,0.241038118940509,0.217116801689025,0.166604738713726,0.212517518431308,0.210702874324812,0.471216665884752,0.222836387084046,0.232441156515215,0.119264130235788,0.184259851761912,0.209218494334469,0.111354540585565,0.166563775805813,0.204766232761332,0.231479260320492,0.180401951925904,0.291971940959004,0.259386814978093,0.221216139955132,0.182319383799936,0.241986252123837,0.370203172354443,0.254390657042786,0.200039314716746,0.212055177764123,0.338495178356556,0.218975555133981,0.307915341885411,0.184803298653743,0.217611163607814,0.444360945437195,0.256948963038201,0.183460151360539,0.345406153216804,0.309237567714394,0.278576435282437,0.329616062148809,0.244641410174513,0.250597310191723,0.175812047237161,0.334915870237095,0.234277597303464,0.238352931114611,0.140533013523159,0.175791575883009,0.31235856818892,0.229250023499579,0.143683685204885,0.29499147737569,0.199849223626233,0.182767566359942,0.294288151889585,0.234606467346238,0.224419356958741,0.317376826527458,0.255951694269536,0.188781665691078,0.112012348288634,0.264289253985114,0.165522073123107,0.265912869954376,0.137834662907222,0.209612812737817,0.262447498956951,0.151199942381986,0.122172511540415,0.320646169465818,0.220738144173684,0.230572794828786,0.132029232274408,0.274655975239613
"cinnamomea",0.17278990293006,0.145826960878285,0.132187919888622,0.209597943822795,0.15803586824486,0.157495217074816,0.197171096831082,0.107660763235244,0.123436997904018,0.111586546406239,0.109334182751158,0.171083567074908,0.121418364027623,0.150151646808035,0.116309423015704,0.220290608939468,0.164434314814568,0.184472609706407,1,0.114035542934965,0.153500674764245,0.199204357523207,0.175748178111694,0.180116041184087,0.168934402825808,0.0948954604104256,0.167250868631939,0.187815267515846,0.186062128314036,0.123663089430208,0.205630672329968,0.13758219169615,0.21234411973159,0.154743556573684,0.122838408256438,0.121950189879156,0.134784575265355,0.11437514923144,0.110619828868991,0.117802555581972,0.14845344286874,0.117822752499268,0.150325961782541,0.158373723472212,0.170885768611106,0.195204202969721,0.12005172952552,0.170781636002617,0.161798583895667,0.135648442804157,0.141672873169286,0.127459896070313,0.205679546000171,0.17108969099765,0.187594870073998,0.168331665463285,0.151418062252468,0.175119002550134,0.13595742658165,0.119134746012433,0.179417848473449,0.189127941729354,0.179254657248398,0.201543715963324,0.179476482132291,0.16326010677525,0.137291430243536,0.191948497745005,0.129954325818351,0.20433302179052,0.136086759168927,0.146228735684942,0.152246261425322,0.145808529334105,0.142567752039407,0.19428425106229,0.130431610812397,0.162401175744261,0.1524249041729,0.179957104126494,0.173043806416144,0.153970081999006,0.162201580832743,0.168040493712821,0.110594693203217,0.141005825506794,0.115642976621206,0.145326154248033,0.117204515784609,0.130507255099937,0.21456657911839,0.10357777736259,0.113225524026283,0.172674544572555,0.153328326031869,0.117485105024006,0.115960828774633,0.180861080310445
"cocleensis",0.197853311413514,0.166805126427038,0.16442140383783,0.255019149142097,0.242366215686004,0.174613006646575,0.220958794984868,0.209997459379505,0.216728571799586,0.120927962513412,0.13757977721164,0.204441075633155,0.187819065048528,0.134063136005146,0.158753243048327,0.219154704198442,0.174638545098677,0.199248733868867,0.114035542934965,1,0.124799721951304,0.159482001460711,0.194806771317494,0.190451924540654,0.180663633101816,0.235009168427548,0.135516231372155,0.12410852253211,0.15759104545978,0.20624577414788,0.149131617921599,0.19657474709243,0.206976035019749,0.145811590200165,0.258544605005454,0.0948677347787021,0.173400132754925,0.272774388683421,0.0946349156621122,0.137852593425832,0.150345081895584,0.245880581989657,0.109485490200122,0.230330176188818,0.202532306410087,0.116553536809847,0.114824737231426,0.2100572689302,0.239660761245061,0.187243429072197,0.22894578857204,0.223366611409716,0.200945758004288,0.148425154489226,0.167099634239063,0.174861324029443,0.213674498126551,0.269047314852677,0.232996627602066,0.283476708196233,0.206067818629037,0.206396839666078,0.15643576172868,0.245719793395563,0.206320518067715,0.145703294616317,0.137374810385266,0.267655300531205,0.221208849096802,0.119707830021829,0.101169321721778,0.141598375797918,0.290819662455831,0.108382747125247,0.0845523668040469,0.209947949692363,0.122502002732222,0.129757026579043,0.217886355344301,0.184574512930298,0.139449594546823,0.185411385992338,0.180451378665137,0.117898602212127,0.0773799735055356,0.278364452200398,0.248588494367116,0.317006009840044,0.0811183153843787,0.149567486594926,0.146776541444944,0.144443233329774,0.0841458873643715,0.322718159973687,0.151866587727034,0.165097384667872,0.105303724757608,0.197384624819296
"cordatoalata",0.193636987293486,0.190615842212519,0.127758402102389,0.205857613988615,0.144622187109589,0.192826828483759,0.21155503851279,0.105196776283024,0.170491684186189,0.12347900984797,0.12394199263305,0.227033362398703,0.131359951452526,0.248751835597274,0.103993687422648,0.179947192602554,0.16559110831896,0.268845117951954,0.153500674764245,0.124799721951304,1,0.181365016628646,0.250836385729564,0.1983215685943,0.123533304729723,0.105782847810186,0.14989062002412,0.22863934976739,0.24576575354536,0.125238963480974,0.15968702951378,0.151097114216962,0.2647933576804,0.159455826231377,0.141229609373358,0.113461073432851,0.134887084245866,0.119598933898278,0.0945109372603328,0.161440979439928,0.177885356318247,0.17841410031768,0.125043600946226,0.186621187832914,0.200140112554293,0.167905236938775,0.153650938645432,0.234919357043729,0.195807246709892,0.17369992676623,0.134250085918721,0.13838592571762,0.210749916632053,0.178273832498548,0.208944424953288,0.144687118075838,0.144054549665054,0.223008413413471,0.15150654881537,0.116908240806221,0.230840102652448,0.225003772295822,0.160006167833258,0.210258179031576,0.170792953885755,0.19548237430901,0.134699790590629,0.198473562266509,0.193606756746262,0.215209366984365,0.147524914108196,0.148354610083678,0.149638358168201,0.148154296947057,0.128192454543114,0.242552632088889,0.144199492408657,0.138435515425391,0.171477701098843,0.19529606135544,0.152624344144544,0.182590272804257,0.144903776569709,0.163480143243652,0.104294124558165,0.132959889553424,0.131018146438927,0.160094293462457,0.119002294167314,0.141826225061443,0.171236868137385,0.096632231652471,0.095862140913224,0.177448237302567,0.147015433536946,0.130171244759286,0.104893564834556,0.196133228056503
"coruscans",0.225457464357751,0.180948319245619,0.12221325074262,0.286899819996588,0.208276427897256,0.193669979840837,0.264358124782542,0.135690789943825,0.149080564900905,0.139071496207716,0.132684665328442,0.227111369257948,0.155733269554057,0.193213427253212,0.13524484973626,0.210928872077235,0.171730943285239,0.248940698910437,0.199204357523207,0.159482001460711,0.181365016628646,1,0.21378942360718,0.220255156842104,0.174285505271732,0.123665433792136,0.17138147354654,0.200672959199983,0.200341864834473,0.148827772971233,0.250135568097429,0.163220597013929,0.270556496246883,0.222518127068958,0.175783318629681,0.126389681127563,0.145624476816804,0.14000885055795,0.107401082491884,0.167956450480211,0.173399960105353,0.151953193370616,0.183009513398089,0.197309025560904,0.202463064656437,0.195175626354501,0.114650935848517,0.214268453938272,0.209612143296399,0.159180275713604,0.164220617223239,0.168935336041266,0.227769449927974,0.210533882042004,0.19758249349074,0.163921200990112,0.184383453465085,0.225169390895636,0.193743508200035,0.164489888962495,0.218353417736333,0.234250657308897,0.241718050660176,0.254006180234131,0.216184634050143,0.19331339036756,0.168711120480769,0.239788858418541,0.149265572553557,0.262316627339864,0.171396060139789,0.143238935538649,0.260405328808327,0.178582985881625,0.152472059321147,0.241976756448878,0.162568927494257,0.172771164284737,0.176493760068152,0.228523478811713,0.228108930485895,0.238933196146118,0.190353138441274,0.198507902386461,0.128144322316751,0.173702571469781,0.137171344233928,0.187064023428632,0.117988709553231,0.145448411545749,0.239214643877854,0.134242579982189,0.162663613224552,0.241983250469844,0.175027264089469,0.164857232478004,0.12065118652458,0.231495081676097
