"","acreana","acrocephala","acuminata","alata","alba","aria","auristellae","bourgonii","brachyrhachis.aff","brachystachys","brachystachys.aff","brevialata","brevipes","capitata12","capitata33","capitata35","cayennensis","chartacea","cinnamomea","cocleensis","cordatoalata","coruscans","cylindrica","edulis","fastuosa","flagelliformis","fosteriana","glomeriflora","goldmanii","gracilifolia","grandiflora","heterophylla","huberi","ingoides","jenmanii","kursarii","LA17","LA41","LA48","lateriflora","laurina","leiocalycina","leiocalycina.aff","lomatophylla","longiflora","longipedunculata","loubryana","M18","M25","M27b","M30","M71","marginata","melinonis","microcoma","multinervis","nobilis","nouragensis","obidensis","oerstediana","paraensis","pezizifera","pezizifera.aff","pitmanii","poeppigiana","punctata","retinocarpa","rubiginosa","ruiziana","sapindoides","sertulifera","setosa","spectabilis","splendens","stipularis","striata","suaveolens","subcapitata","T18","T21","T29","T50","T51","T82","T85","tenuistipula","thibaudiana","tomentosa","ulei","umbellifera","umbellifera.aff","umbratica","velutina","venusta","vera","virgultosa","vismiifolia","Zygia mediana"
"acreana",1,0.188246268961942,0.146490644525211,0.194106721081556,0.124742141040148,0.125468435929477,0.207040361170233,0.181484152238929,0.19573817356438,0.14068093650884,0.180908550313505,0.138210495373568,0.118613543285262,0.18333704529989,0.19198509423896,0.180200433675318,0.20094269832949,0.231577128861955,0.135306800282976,0.1261444545246,0.193962009205604,0.13288942420548,0.231335913296841,0.188150388667825,0.169261681002261,0.184847670966696,0.161729999676343,0.216847404270256,0.173513559511055,0.23805723722357,0.160050520531708,0.134773338617137,0.202268344817398,0.162131979531524,0.15581919352368,0.16243393572513,0.161127410609485,0.161685432763735,0.171720893918837,0.148131018537356,0.12202206315267,0.144948831007562,0.162030468888164,0.18830209195134,0.159593606069389,0.176106999477118,0.125700424292888,0.214264002053953,0.134640237095071,0.141632559779791,0.147719597671887,0.193848623265987,0.216389593194409,0.177251513199448,0.264851253517446,0.141841873524529,0.214314620405352,0.125522243345303,0.148460953185008,0.172680881533459,0.165571886855463,0.186136825761277,0.203377222903559,0.198120503868881,0.168042492053977,0.225710181420944,0.173099664924369,0.242266489076842,0.152947670191465,0.232294801723301,0.162645383524698,0.146774591666763,0.168191165998968,0.143129647636689,0.287589901024558,0.156374132012348,0.143614420716952,0.145581689132357,0.138307111613478,0.164816638180111,0.179993904014978,0.172782738943976,0.091286832787813,0.20972248118175,0.139409461543059,0.144462238495802,0.180780084863556,0.127319399009202,0.118871635106537,0.165424973049476,0.141717599964777,0.117412356563153,0.109431506781776,0.206037029407523,0.134078477247503,0.110667626985162,0.160732733664999,0.16883666742861
"acrocephala",0.188246268961942,1,0.189128281005744,0.345007092085084,0.181478896059427,0.251674026014385,0.25447742321688,0.282953903757082,0.26259815428335,0.232730412040915,0.225433844852996,0.201003129351964,0.116715392052024,0.320085740995256,0.309885977850627,0.387352575099283,0.203196613336313,0.325467167700819,0.128706201424463,0.185502402783919,0.239277641619181,0.177315636380652,0.273416814878087,0.325715531001242,0.192400106574404,0.24480565673372,0.127627409376163,0.245772930442387,0.259917990217273,0.204616154431299,0.422452241193424,0.29201541199551,0.391067991909093,0.21873200202849,0.162770868743174,0.190760182495925,0.157317077416334,0.241511277521927,0.210646595298417,0.274534198092364,0.181509522406647,0.27450217558443,0.191976158742831,0.224676144274886,0.295444329742694,0.33855607374289,0.121824026978527,0.20226028911078,0.268374920425671,0.301231060416854,0.244959449764705,0.167670501809408,0.251518458848503,0.188297878209266,0.256499509382661,0.126190204767041,0.300013649606317,0.148836106627617,0.228180469252809,0.233601202017632,0.350033872461799,0.206160890691082,0.211290448274264,0.254705470921645,0.308857610230769,0.253321291732412,0.203870199730053,0.26678781651314,0.204992728413372,0.311454880104998,0.153083573593998,0.184376017999006,0.389640621907314,0.120472934332213,0.180594758316744,0.304438664031148,0.208962811134759,0.177477260517649,0.132443248250003,0.228740715681849,0.336756500959437,0.190425225223018,0.178897127449218,0.207744615050165,0.295980204054302,0.292857667983025,0.205676121984048,0.17024589623903,0.172400622998041,0.316373385392074,0.180005268103615,0.169339902082576,0.19241382792071,0.23474972471681,0.193721480172547,0.186648187384706,0.176548995435708,0.378029607370076
"acuminata",0.146490644525211,0.189128281005744,1,0.202961180324097,0.102888054993489,0.179267802548853,0.198454717554592,0.260929888813027,0.236572195352774,0.156517594147782,0.161797777527642,0.1396427411609,0.0976204188013331,0.170426393511443,0.196762276555724,0.189910727834979,0.185411701758816,0.207370067236665,0.148484043120782,0.137812565641284,0.19513899247251,0.16455292252,0.184237166823516,0.248107176576563,0.144081297789835,0.150053095046721,0.113482628269512,0.159013018127275,0.186927666653083,0.140326093629008,0.149665931201729,0.138715393693434,0.225929563290222,0.195633781535975,0.169703706815121,0.158769690194002,0.213741736362138,0.143441696392182,0.151398768674651,0.129970192786381,0.0912966496893805,0.139811700653203,0.17496860872349,0.168025544145786,0.199700835683775,0.178878335384193,0.112155003433202,0.128427457136836,0.0980632176558069,0.176048405092626,0.195954676900566,0.158441074688652,0.138527790580859,0.187241210710236,0.177149203927974,0.265556084153545,0.191697251488059,0.15852701328143,0.118225040611305,0.271446156266154,0.174782929174793,0.146845824597649,0.202757130685474,0.163195876625455,0.203038520733034,0.179430919618256,0.148728176265573,0.184986581157246,0.130806203666267,0.190573306554359,0.112815428851873,0.163657043809283,0.155184247465046,0.107281703428837,0.180187393372544,0.204241980375056,0.149715751928652,0.130574329486269,0.122444251260704,0.147428833869033,0.190027330197011,0.176165089139733,0.0966080155350153,0.180895819691093,0.119459429012332,0.232473118748092,0.188071295712922,0.143898340014133,0.119002361223785,0.182383327577223,0.163952046080677,0.0927678030606159,0.155491104033247,0.184911925964302,0.217837111914906,0.128961823260639,0.145315017540831,0.170026147708517
"alata",0.194106721081556,0.345007092085084,0.202961180324097,1,0.151527441883184,0.303666092723479,0.295035314962919,0.248651040754008,0.310333119122776,0.226700163610499,0.180693001109135,0.192728494369441,0.117642904894587,0.296645226921048,0.296103913961674,0.345787200842819,0.231298352834183,0.332559322104336,0.153583274718346,0.18214301613859,0.261052004587414,0.14702863635196,0.291406146626891,0.36311288430661,0.227323790117967,0.235419892808239,0.125992966174923,0.24043960650281,0.305438308695488,0.203458572439497,0.258399239840034,0.232635925868667,0.390427557200577,0.234738421611811,0.161332660894041,0.17785524101864,0.18636225330547,0.192063147153369,0.196441715829642,0.237762955018719,0.132734187847944,0.221493313133532,0.21584218889198,0.241648597820667,0.266479796460123,0.281248102315982,0.13143826756649,0.164936842888442,0.136550237475739,0.297839274853718,0.248658262222173,0.197845391338333,0.197439368533841,0.224078151419016,0.250879897266683,0.16255787167175,0.295683979486761,0.163917959430765,0.196035577292205,0.225330477198082,0.309195707616748,0.250290998347821,0.250684055422815,0.199254617990135,0.268116452390658,0.27965759244715,0.20743148491876,0.26023319005829,0.15946362899467,0.337204514156778,0.156101905513153,0.217946986683758,0.259922215725668,0.120313577866071,0.196655049222863,0.379737695708319,0.208345666381384,0.171249623972688,0.153385192410202,0.245589886426949,0.326099188866301,0.239295894629092,0.118403962844646,0.218366670271396,0.157606035999577,0.302765377827477,0.279556928578994,0.225611526315646,0.139043165779235,0.295548787171568,0.235816879758112,0.162732510371594,0.176521436616373,0.207614692069376,0.218659339540389,0.191753904782433,0.183157705783596,0.246254599856642
"alba",0.124742141040148,0.181478896059427,0.102888054993489,0.151527441883184,1,0.0799552389144852,0.143334140505544,0.108803446342003,0.110221930924941,0.215059102499471,0.244643157652774,0.209725780701709,0.167330842163464,0.131538079451725,0.142846768650548,0.134477758211748,0.121216655385615,0.147985698850046,0.084996984904634,0.105135696494107,0.127753095334886,0.129010695974821,0.10904136215503,0.13452892034851,0.0814930323410101,0.210406707748838,0.0607273796593924,0.107708772436923,0.107064656528716,0.123031032640067,0.134047192434843,0.228039430665714,0.161157887025615,0.117465281396085,0.194145094531274,0.0988272154625948,0.0987557881414857,0.173787984090456,0.0989387294364771,0.164521848603755,0.2305106928966,0.173824426705449,0.109643642027893,0.105259463089923,0.128177765037841,0.143858424556299,0.200020205442701,0.139051287745969,0.248938050515169,0.199616517292311,0.105504062131079,0.0744798455598312,0.165312346669686,0.100603839267201,0.114154329216071,0.101729251155847,0.146001241646498,0.12443393837484,0.242120265715003,0.122722295876444,0.120475147652557,0.131652687243972,0.106734093533669,0.145970038922499,0.160633921970401,0.165575500472267,0.111022064434442,0.150158037007131,0.119737086276371,0.156879569527135,0.201705894049391,0.102313130997717,0.186689412824754,0.186709613607675,0.120946240215822,0.108794045685921,0.125726909925365,0.0806830181953618,0.0753382638295961,0.109781909240664,0.128697708824904,0.131179534750076,0.129748862269677,0.109918730563481,0.155659636744452,0.0895520591716815,0.147366398947523,0.0701742113482506,0.0928202026524678,0.225157931483055,0.101233157963522,0.206637596423663,0.0945185695223626,0.125607276035736,0.10387102054171,0.206580349428052,0.0808854375387106,0.178468867129089
"aria",0.125468435929477,0.251674026014385,0.179267802548853,0.303666092723479,0.0799552389144852,1,0.184990117171385,0.214627145109391,0.2949006902119,0.174364633830409,0.144505396571163,0.13907322278012,0.0948876576223177,0.244134684410716,0.342470546424835,0.230208112119192,0.186965465869858,0.241088231813711,0.125408548099187,0.143607164180617,0.184264725358145,0.107743206094075,0.213549670819577,0.255901906065272,0.165504775287534,0.231995231231963,0.108431063133502,0.194390503735166,0.24332884630874,0.133379910394689,0.215193033879834,0.183859916148777,0.286482581392033,0.205879858293021,0.129680088789576,0.161147307688131,0.139923023183764,0.119065630711281,0.186975137666382,0.189994720901231,0.109259659757596,0.17324852555072,0.163275895374809,0.171410914017786,0.183025818296784,0.280849166919212,0.09483545107539,0.130766940900468,0.107674469980357,0.281827031071008,0.207711833045417,0.188020769585285,0.13456696221589,0.22723192763763,0.171836816630082,0.116948579909027,0.204276462014874,0.120511662272835,0.143184615852511,0.196834454186653,0.28838938050317,0.1378967425539,0.200868651594427,0.135484842801037,0.197343201991879,0.207560206415213,0.158762939112564,0.159430521669005,0.112418779648593,0.21462850680121,0.114037599247738,0.144708176088082,0.185089344495169,0.0869695022854993,0.143286414197595,0.267228283935318,0.190881192557662,0.162763666060524,0.0985237710799696,0.140864501969038,0.271548882150287,0.177377074276887,0.101974365404269,0.179202368436809,0.119187795077357,0.254876659591801,0.194554951533711,0.145253351268364,0.136750546665794,0.222783139741398,0.22760474174091,0.0925472808729883,0.172854593015632,0.163207553884408,0.173309379184569,0.194124610013223,0.142162299596797,0.217462742032911
"auristellae",0.207040361170233,0.25447742321688,0.198454717554592,0.295035314962919,0.143334140505544,0.184990117171385,1,0.281593211785363,0.275811168383343,0.222854488802527,0.198638710375278,0.180344806253553,0.117783060793398,0.243009293037297,0.242007953050772,0.217224434829563,0.248303758502662,0.275753729622863,0.148768958105211,0.171842556187052,0.24354492107612,0.167307559297631,0.251717220372267,0.26759359077705,0.181840992555625,0.203629107743511,0.142024316458619,0.226522455162084,0.242601150815485,0.220168886181684,0.203427497030698,0.189081374124132,0.305399994005439,0.219058650792038,0.171309512963222,0.164497193421436,0.198319390378239,0.170238197035463,0.203286900916163,0.171903289347035,0.126614293540127,0.190147934237798,0.180797082997898,0.223305217449623,0.199569810067375,0.22342546224785,0.166151257397829,0.205996498394807,0.173023407074735,0.226549674982065,0.211869469523292,0.19504208639291,0.201921977168491,0.205397694610087,0.23752091394529,0.186810279391381,0.232302990627783,0.153246487638587,0.187203202412148,0.262282123045541,0.257171287133278,0.26375229259192,0.242841674559595,0.223114042228969,0.203652771528242,0.25129791763682,0.185024130017876,0.260184145935276,0.192623961903616,0.281298237042605,0.163326461172491,0.178371358457959,0.229086478222043,0.136773808246489,0.212669149132011,0.243173138995997,0.19638276790998,0.158306278568214,0.14419231108638,0.202995172194415,0.282946239645469,0.21866664575487,0.110916060800171,0.206978254271683,0.142203717282924,0.214293400031817,0.237391042769854,0.156795118014579,0.149641001182657,0.259601882665842,0.194199577905899,0.133036060103638,0.141956605656666,0.207297178985241,0.199051689073071,0.189294828634535,0.175719121744505,0.259040528463437
"bourgonii",0.181484152238929,0.282953903757082,0.260929888813027,0.248651040754008,0.108803446342003,0.214627145109391,0.281593211785363,1,0.269255001127395,0.201633819375717,0.211264089006269,0.147270499689303,0.09175166027864,0.188762390662165,0.27307118138433,0.225999334995022,0.233762998689147,0.295687138264742,0.164335035353431,0.141554327528708,0.249598486668008,0.13411222461315,0.227725282214957,0.269219520406339,0.283061189912839,0.242705835540114,0.136819590065924,0.200047721798052,0.292324603744267,0.204366407150271,0.200513650476586,0.169962238730898,0.337317584213191,0.244847069480588,0.16991394394192,0.206655005482933,0.192365011796346,0.16209884605628,0.214169115449495,0.145882697329096,0.106594344466944,0.158083866115124,0.211454891063415,0.194741541146626,0.214051549658131,0.231743442008689,0.141814839543605,0.164667597403609,0.125512015465254,0.20566684167718,0.272086494706036,0.207751403773886,0.186512336543022,0.242096730390391,0.269616034279824,0.202878449580695,0.234026749285222,0.166154244430277,0.14316173018712,0.267817663521962,0.268017173607921,0.1822512099652,0.281750447185413,0.150014554152993,0.249299905690104,0.24103113020064,0.29752518316268,0.230684076063273,0.165977859020516,0.272902066250727,0.158984703599547,0.177218788613204,0.250522636035452,0.113080428367493,0.23312401022403,0.28247975632615,0.215745371573303,0.17892527190822,0.123658441386105,0.201123064978426,0.351817372351672,0.164305377253033,0.0905063082519979,0.270573597448159,0.122101233431087,0.297387526583639,0.237726033819847,0.205968652877521,0.144961468188929,0.247430175867333,0.176338505257384,0.104440896108771,0.16936869274002,0.193904732915477,0.230701816086967,0.197382023109893,0.203103817371099,0.267132396288543
"brachyrhachis.aff",0.19573817356438,0.26259815428335,0.236572195352774,0.310333119122776,0.110221930924941,0.2949006902119,0.275811168383343,0.269255001127395,1,0.256135216618528,0.189804610742367,0.184199024289901,0.123419184660297,0.274075320203963,0.265012429810619,0.271690243106431,0.225769804336694,0.315671597406949,0.183508501692506,0.18435986384678,0.264428099491519,0.146300346759014,0.266781129151146,0.310057346439742,0.219038222794491,0.250246749734726,0.117998731893866,0.232424000260643,0.334529071376703,0.217734592810077,0.252048549658623,0.189550577929904,0.332614581046112,0.248423894613414,0.172143796757123,0.197170621263438,0.184027856932361,0.162227470879229,0.197667724252749,0.197386742678042,0.142278272596972,0.212692931691966,0.17340273347602,0.224000747194132,0.25748748119388,0.275311328899578,0.139321987151136,0.168094168845652,0.138013752510768,0.248673895195393,0.239903652346738,0.247016807009002,0.174281286128009,0.26065956521149,0.257826737949897,0.18712074515941,0.242532334569736,0.173888532805386,0.191200379818546,0.248527878522521,0.268670614282377,0.199593503852721,0.279819374438587,0.185346704507759,0.211427356319753,0.273168583389862,0.199998442073068,0.24121385485071,0.159285532927747,0.29571884977703,0.149468305619103,0.249200739069806,0.221549783925954,0.133922218106136,0.212091714752773,0.260792719268931,0.182910191004768,0.164603987012548,0.145121486210552,0.193136881963055,0.316376075138121,0.238438194077817,0.123895422864414,0.235667272337622,0.145333351455416,0.318173373502797,0.263774677075941,0.208243029735961,0.154253081549297,0.282395254193215,0.229972671737956,0.119060232866146,0.1717014546005,0.197372592440724,0.220351888155651,0.202740496757502,0.176253657718484,0.245248670764081
"brachystachys",0.14068093650884,0.232730412040915,0.156517594147782,0.226700163610499,0.215059102499471,0.174364633830409,0.222854488802527,0.201633819375717,0.256135216618528,1,0.363671987968746,0.32286015178264,0.197039637284658,0.201267000346467,0.185957161475829,0.212340260908703,0.167853198699956,0.214409571985186,0.12627436415254,0.220505988036302,0.15803074874291,0.130146723532553,0.201051062436143,0.234897382627031,0.153418209530269,0.351626754295488,0.106620450588904,0.187341117452608,0.248076684472012,0.189273512520653,0.239029475205988,0.425062450776642,0.246488298621691,0.177667892594349,0.324946624081861,0.14217067522051,0.113578773076322,0.166842140776944,0.162027705488586,0.162032852631093,0.327967224352701,0.171096039399281,0.141711754371266,0.158900241586054,0.185222697010174,0.229322137324398,0.375297314883567,0.15192391500554,0.280061480651259,0.359635324717889,0.173802442529254,0.156037600399898,0.171290746022057,0.169862725788595,0.178339646175203,0.123199759201421,0.211097612651481,0.130963759512759,0.257734512738678,0.196847557123567,0.202798826209143,0.156098564426358,0.182463772750081,0.19520358504926,0.17815316533164,0.202004886886486,0.157139334372638,0.178702864831515,0.152085155445103,0.218313979493575,0.305382110464654,0.165548934989961,0.211472712016732,0.0991474560521223,0.162969336686862,0.182395259866691,0.184462666974938,0.131157614784241,0.0981360377049211,0.159964322354058,0.222833095023319,0.232174034324892,0.116789211313239,0.137271544662479,0.142322983035863,0.196099697492608,0.185151333132337,0.187193666056647,0.12098183225772,0.336350162299813,0.16539083927687,0.274211033864335,0.13016169278169,0.152406260122855,0.162730067789026,0.41006971313395,0.120067517164492,0.197613425240999
"brachystachys.aff",0.180908550313505,0.225433844852996,0.161797777527642,0.180693001109135,0.244643157652774,0.144505396571163,0.198638710375278,0.211264089006269,0.189804610742367,0.363671987968746,1,0.327726574385136,0.187598576619053,0.182712787507122,0.193816912426425,0.18615897016799,0.196976374958367,0.257993589648533,0.113043824414872,0.106702210353593,0.201724391963983,0.12258213137008,0.147779294920139,0.209314051174073,0.171934753397301,0.310631618744766,0.101197858501969,0.213019894917397,0.172109641284553,0.142113545564191,0.176624504350425,0.370990237983473,0.220170924858729,0.175569860352248,0.316501803269261,0.164349151971732,0.140085489139476,0.178973949883097,0.184422225583956,0.155049106051221,0.30933660168459,0.166372013590664,0.207363965310337,0.162227836878762,0.168401304973285,0.21473696579184,0.32622558286269,0.173484556974583,0.271915818177978,0.301114654459194,0.162767691868396,0.132790152471102,0.228755080729869,0.158033394795538,0.194743433445771,0.131418848327214,0.169775512022799,0.140021157089384,0.25373718132956,0.199451397009568,0.167378455659689,0.198261611420602,0.175126620306823,0.171731080452315,0.211598553917246,0.187753059938945,0.173922233237444,0.211316238770657,0.189736767133598,0.217214733206812,0.357958540172433,0.13758361339924,0.221732999711526,0.132966974424376,0.18559708252307,0.174477924271023,0.168358559782175,0.137893199226227,0.132614083680799,0.15230130054454,0.189913380788422,0.177413105106526,0.114714890944237,0.199227435057724,0.153892652258112,0.148130933579149,0.13862279474669,0.121755572425354,0.122039324030339,0.338683803003066,0.121118964898538,0.284652599765716,0.142687077956418,0.16614651676694,0.176723550311534,0.330600661887786,0.125511645253544,0.210230758821833
"brevialata",0.138210495373568,0.201003129351964,0.1396427411609,0.192728494369441,0.209725780701709,0.13907322278012,0.180344806253553,0.147270499689303,0.184199024289901,0.32286015178264,0.327726574385136,1,0.192026785126188,0.202842124040034,0.16236696647242,0.191543123668227,0.180183790159419,0.199218421700349,0.103779901301451,0.126889019407639,0.19336667524902,0.137840579762945,0.169443186219825,0.190607712034344,0.156274962556605,0.293967350658721,0.104857372204189,0.151002541947106,0.172757499457968,0.154664429577807,0.211379673342639,0.311976758483176,0.209143985557979,0.192360125959561,0.282620945553941,0.12421125137258,0.108915915307703,0.140823771779572,0.168458763970437,0.150509430089669,0.262290551933299,0.136828424723273,0.158856184209185,0.167514780056986,0.164342610558532,0.19263201615744,0.254536488024572,0.114949219425502,0.252202555383464,0.316634739145553,0.156844950512348,0.173305497595664,0.145833602526746,0.183159972145163,0.151554438236006,0.130437163381407,0.178308881905879,0.112554391864247,0.230691003822848,0.206948172758997,0.157068606459184,0.187651026682453,0.170209055557885,0.151285567074199,0.173032396180461,0.159518500953015,0.137013028154637,0.177998251271372,0.146545457350208,0.210611713766213,0.265714691178383,0.150377266211027,0.191891226431869,0.105263217198861,0.154438146732714,0.154267707358481,0.157768361270435,0.131970896067539,0.107270231484804,0.154950119973327,0.180028381692906,0.176305505423475,0.0875783848849703,0.157210337016486,0.114123671588982,0.168560951778592,0.188081541672603,0.127504911688719,0.109293559058194,0.327835044811422,0.141628833206951,0.261148076410882,0.123844537269948,0.152827976411439,0.202636767968388,0.279332654943619,0.140824455136877,0.179677472478517
"brevipes",0.118613543285262,0.116715392052024,0.0976204188013331,0.117642904894587,0.167330842163464,0.0948876576223177,0.117783060793398,0.09175166027864,0.123419184660297,0.197039637284658,0.187598576619053,0.192026785126188,1,0.132328262294619,0.129946549399688,0.111735019452106,0.110949772119512,0.143179719274865,0.0719294824390208,0.111695759837125,0.106775777575086,0.0945978987718873,0.110505398053156,0.118991876284585,0.0902036052506089,0.197174728143482,0.0706662326806191,0.137622547071782,0.105202786370194,0.0999802959623567,0.100054462885561,0.191965688535376,0.131215434424066,0.0990001552740425,0.177127820613211,0.0996259790043787,0.126923898530813,0.0841677127554118,0.0917883430816064,0.0859046983775573,0.167301041025744,0.0953913897485795,0.0756208155811978,0.127388090425212,0.0854611070278821,0.127529712405212,0.197009451913682,0.130463941186845,0.165566508037384,0.191848962998189,0.114759736711949,0.102416604852112,0.0983398952495906,0.110533146920076,0.106626303133397,0.0822095860180675,0.10072278621268,0.0939148835837251,0.208135859370315,0.104545868033646,0.117661570528112,0.0988363791254364,0.112043832368853,0.0998081783543218,0.0941220585339175,0.13396458803461,0.0863044121650607,0.115614371504727,0.10780500956646,0.127202047673395,0.176262289918194,0.0821862004695068,0.108889130351093,0.0796956046634319,0.0858421269783801,0.0866165206640889,0.0918471807732709,0.0664917395090738,0.128920295087177,0.0937102498629596,0.114605683432173,0.114632254792379,0.0649399246439833,0.11714586326194,0.0947755252060181,0.106631315005998,0.106380076859181,0.12097052269273,0.0884311514411319,0.207757959970415,0.100900231992586,0.177846844016075,0.0919677490533712,0.128912576770849,0.0918748674732242,0.167474963031823,0.0915376187355885,0.121683242615807
"capitata12",0.18333704529989,0.320085740995256,0.170426393511443,0.296645226921048,0.131538079451725,0.244134684410716,0.243009293037297,0.188762390662165,0.274075320203963,0.201267000346467,0.182712787507122,0.202842124040034,0.132328262294619,1,0.277752444104995,0.295973978462712,0.211419727085539,0.265992174474535,0.14241679339081,0.226069775286497,0.237122901627745,0.162720674164603,0.259398312209746,0.269731777635696,0.171984290499667,0.219836538676738,0.126064095671442,0.258434193050891,0.23983421387617,0.209748330059538,0.289095385149923,0.185885662303595,0.315866838854398,0.197250133940825,0.152139851262152,0.179137129368823,0.149863969704814,0.181872104441563,0.201718583056607,0.312400107885982,0.178988911851554,0.236673181180151,0.161683338685276,0.217276870971355,0.196973733257815,0.285157242929922,0.130755906583487,0.174814027720692,0.160657176281765,0.246736297699168,0.215369172897791,0.186285925456802,0.212268489272435,0.208575942467424,0.261748213528042,0.149966530827875,0.204623874487732,0.156910358992546,0.179776623173282,0.25478340184113,0.283522757384372,0.20492089851594,0.226482457216978,0.198683675942741,0.209901511631589,0.252166333533974,0.153587482137976,0.275121673574428,0.158356173718663,0.290529467041306,0.138526480607308,0.186242205712678,0.271362663293369,0.136296976715018,0.212961655822238,0.244483603052946,0.213855369488068,0.14557000178511,0.125984077960009,0.213509324075085,0.318791984507147,0.181712305345478,0.149261274715575,0.190983901203939,0.171738347309114,0.265561461364631,0.214233490668485,0.179793838983248,0.151045777152402,0.306959397517919,0.201138422458092,0.171338519217847,0.144257049721127,0.232527864871682,0.210405553839697,0.184635641009361,0.17178045211492,0.280147570613593
"capitata33",0.19198509423896,0.309885977850627,0.196762276555724,0.296103913961674,0.142846768650548,0.342470546424835,0.242007953050772,0.27307118138433,0.265012429810619,0.185957161475829,0.193816912426425,0.16236696647242,0.129946549399688,0.277752444104995,1,0.242354623233729,0.225396216238926,0.315992796215896,0.159313675258716,0.150613011051007,0.2541967480112,0.156930553393657,0.270246845819115,0.285053381974359,0.257865041308642,0.220753299767728,0.112175327242677,0.198718506461493,0.239765935298961,0.19679712084378,0.24702004945904,0.211643786770261,0.327594672113155,0.199048896037014,0.145287439908201,0.203021430383761,0.149365849398102,0.241210316110554,0.186878715240492,0.221683068565325,0.178590850344647,0.200531810600092,0.184831748999128,0.256297193568344,0.189107353765467,0.318394608059771,0.124771128946315,0.254684790762171,0.151563836761841,0.227157686326491,0.235268142788574,0.213747558232881,0.21506925160119,0.19527658936256,0.262343858906881,0.133936093431927,0.216826788927102,0.173059864992246,0.188637574020266,0.276671493457928,0.302837875092016,0.193978922782658,0.233410670308057,0.206770982253587,0.230909903362046,0.295912262164544,0.209090701454093,0.296764867114046,0.156595687138466,0.341640228698542,0.154339021301266,0.172278988347682,0.258420089223671,0.135981570044173,0.204697673337826,0.267608795228019,0.198400903167575,0.184139158243049,0.148054500496824,0.200683932613867,0.309639845707723,0.188880974190461,0.129665664177205,0.222827991942475,0.227072167030815,0.254958864262642,0.223450964675789,0.184615502219819,0.173677496001438,0.270574704441451,0.197193549672217,0.128501119887361,0.156653019826122,0.234241083946551,0.170130973624538,0.154386121517872,0.191170289678034,0.30019124848336
"capitata35",0.180200433675318,0.387352575099283,0.189910727834979,0.345787200842819,0.134477758211748,0.230208112119192,0.217224434829563,0.225999334995022,0.271690243106431,0.212340260908703,0.18615897016799,0.191543123668227,0.111735019452106,0.295973978462712,0.242354623233729,1,0.196156762195541,0.329551322402577,0.129943562295499,0.175600203392644,0.233069044117735,0.139582790422537,0.301707427306572,0.347559225072252,0.199206915072758,0.241376730371591,0.102705478281444,0.206117513620728,0.288601135223504,0.176171122625987,0.22412141771046,0.264722995330849,0.324510776443536,0.211149487837425,0.129979321756588,0.201009350916887,0.151219969647351,0.181817447591153,0.168175304976273,0.191173839988719,0.113497059943255,0.188621865348875,0.177354812785097,0.201891655440154,0.294935186957629,0.242553051868277,0.111684829497856,0.14621952770635,0.12372974564765,0.238794171848976,0.24132296615396,0.179272234868981,0.175542783162007,0.224990850012089,0.214827653873531,0.125399716690834,0.346869955191285,0.162543931045258,0.155696960163361,0.208752538542222,0.252049340045438,0.168139109108996,0.222973496929203,0.165091627970734,0.344415581842436,0.243190690341028,0.201698582452892,0.229134367483761,0.127597459949498,0.258754685761514,0.126803816651979,0.199072323443735,0.280687951472943,0.113143058211078,0.204505730897709,0.234331424123988,0.191263550749609,0.191697173291725,0.123884472447623,0.182335604222388,0.278689400100504,0.194182255814725,0.117976740441761,0.207008404888337,0.176296662345997,0.266193279107888,0.218089182134737,0.160001167674941,0.146738809503825,0.341981297462523,0.178906221871318,0.117371924904287,0.176957678364421,0.192283811759808,0.194536304015059,0.171006079924608,0.175117100424186,0.193605950661861
"cayennensis",0.20094269832949,0.203196613336313,0.185411701758816,0.231298352834183,0.121216655385615,0.186965465869858,0.248303758502662,0.233762998689147,0.225769804336694,0.167853198699956,0.196976374958367,0.180183790159419,0.110949772119512,0.211419727085539,0.225396216238926,0.196156762195541,1,0.26032207851069,0.130850097895712,0.119360542865281,0.245831230655464,0.140607206592525,0.225514648452039,0.237798797630546,0.215275766753442,0.299417162102031,0.087905243980761,0.201043029896744,0.281668510411593,0.154645166201871,0.193103907537447,0.14676511770194,0.269501219047925,0.174883362026247,0.144259632452267,0.200077800032614,0.15011974324438,0.16569206941164,0.190609100255263,0.142556236061781,0.118695088376557,0.162632183157379,0.164701904301903,0.156175389614594,0.162939455122621,0.194709243546156,0.132701664278348,0.208616822244458,0.131794495091237,0.181523678351084,0.222936553056693,0.149887283135148,0.172990693394889,0.323405171285163,0.237645854395759,0.165131338498078,0.215960899610331,0.154470548924966,0.143205858436884,0.270809683586504,0.201854526850437,0.165373138399424,0.242169245064752,0.15082856255157,0.193402101464716,0.234320755889348,0.247384768901212,0.210179929112595,0.17528611180102,0.252540001571318,0.204624516196346,0.153679213782034,0.192981921534527,0.135132895158659,0.318100011367805,0.185823695099687,0.206843682563491,0.181240854581844,0.133549583650202,0.159607927884466,0.228228784662501,0.172531111755281,0.0989386543223432,0.346552580251798,0.135775541749373,0.197710106450061,0.180751424260213,0.138121190177866,0.168883812250255,0.214232782381441,0.194681425010071,0.124085198103295,0.19315516874555,0.195707878492749,0.173789013878002,0.129509390209499,0.170971924446137,0.183469383929834
"chartacea",0.231577128861955,0.325467167700819,0.207370067236665,0.332559322104336,0.147985698850046,0.241088231813711,0.275753729622863,0.295687138264742,0.315671597406949,0.214409571985186,0.257993589648533,0.199218421700349,0.143179719274865,0.265992174474535,0.315992796215896,0.329551322402577,0.26032207851069,1,0.164850224335744,0.161698918030325,0.294332066864226,0.14016502982516,0.26942108492739,0.396809950629241,0.255060996595748,0.261492758520896,0.122962065949077,0.24942472843842,0.331046300941825,0.200310730304563,0.272412068396815,0.218936064921796,0.426233430324647,0.230747634223267,0.184642485304694,0.228249436592713,0.19069162395972,0.173849103360011,0.218985480528386,0.189483131045499,0.132734137235826,0.215512067669594,0.223276287838865,0.234579922668182,0.245426729841735,0.316406007545392,0.147722391556207,0.204250477259813,0.147877129718216,0.225393699079085,0.311422298805193,0.235222972691165,0.245605221465581,0.19893609803242,0.267383054829072,0.16309405636347,0.287024158571891,0.169151736118206,0.18012978921936,0.234961416051636,0.261502081956486,0.240209105082557,0.271919282341345,0.206789017770615,0.299601167445324,0.329971211016255,0.255356527597616,0.308535644509046,0.184040612969804,0.318471714287758,0.148723934247891,0.213497201950099,0.282120260112687,0.14630313566135,0.269112041795371,0.318821205170242,0.286210850448152,0.180117252711653,0.174720859118296,0.191107064093015,0.318774451194229,0.209524649136605,0.121787064714769,0.331904617092359,0.172627419484972,0.267602468682726,0.231210177598884,0.17604414580478,0.20044551801403,0.309738313455634,0.19437729053458,0.12143558963966,0.199618308609679,0.202387660928168,0.206623284471383,0.175064525868543,0.228463564580602,0.287836366319658
"cinnamomea",0.135306800282976,0.128706201424463,0.148484043120782,0.153583274718346,0.084996984904634,0.125408548099187,0.148768958105211,0.164335035353431,0.183508501692506,0.12627436415254,0.113043824414872,0.103779901301451,0.0719294824390208,0.14241679339081,0.159313675258716,0.129943562295499,0.130850097895712,0.164850224335744,1,0.0854999675855145,0.180693091972643,0.099263953096118,0.151230618416156,0.159701921266683,0.144130848559212,0.115412942893157,0.0714578792352887,0.111201441095145,0.15463440503208,0.137610792424685,0.128180339248045,0.107109722060837,0.15354430632429,0.137055366861253,0.109146445981433,0.1268865376424,0.120449096333069,0.104918141729879,0.115793250728801,0.0934281331894948,0.0810418164054216,0.101068346800139,0.122968412738057,0.139586086246076,0.160594436063224,0.118673326527389,0.113220911751867,0.119971814448433,0.0719963020903843,0.130539446854838,0.170692721862708,0.125275293411056,0.107664555007967,0.131772103440983,0.130159311668306,0.150621796806668,0.143866633121561,0.164532599233736,0.0915641928048073,0.162575415415277,0.121806740181626,0.142442433514029,0.174023859125603,0.135750100065768,0.159949536036849,0.167873315131493,0.145847342055279,0.157554910965982,0.10445336368755,0.154329208401201,0.105348615816298,0.510971744007762,0.101089504531737,0.0806328876466401,0.146891250142488,0.120911561093862,0.142776908897225,0.139328090159827,0.0964760420692867,0.127509665020268,0.149337159472214,0.286575185562086,0.0711403124313415,0.165420872046553,0.0887639601253071,0.182460539365994,0.152664175481599,0.101496132211335,0.108357742660699,0.217502830796308,0.142448843979511,0.0844353310087213,0.0957009701230789,0.145309819074709,0.14086621725948,0.0925660095532373,0.13641027125656,0.117663229337553
"cocleensis",0.1261444545246,0.185502402783919,0.137812565641284,0.18214301613859,0.105135696494107,0.143607164180617,0.171842556187052,0.141554327528708,0.18435986384678,0.220505988036302,0.106702210353593,0.126889019407639,0.111695759837125,0.226069775286497,0.150613011051007,0.175600203392644,0.119360542865281,0.161698918030325,0.0854999675855145,1,0.14418718439901,0.129295417468682,0.181778642142561,0.197042380882922,0.11580534795593,0.158439910183283,0.10876261910127,0.167499959158485,0.17847296452193,0.123893530349124,0.145325562516152,0.13974697353037,0.183089657433618,0.135541975422203,0.120499478966247,0.0962879364684072,0.126887178815882,0.128460872215296,0.129660745182238,0.164695199272359,0.110430881329921,0.142204253326093,0.0974765306907858,0.144832858399228,0.125796250650422,0.174016973822384,0.0829152666649414,0.109632724695245,0.103641106806039,0.176628529971744,0.11668840188726,0.146361403935217,0.116832111528977,0.148430038623717,0.149002835277701,0.106217044051473,0.132805302436297,0.0983534952785954,0.116312493175857,0.165231318688796,0.186706161704191,0.132350754961276,0.158206192697185,0.129947366447175,0.114613933669802,0.219984197734845,0.0928129538137625,0.152145776039646,0.119817645798071,0.189131539484988,0.089459757666935,0.124926362408449,0.172740468126119,0.270068691758926,0.106824553678798,0.166019634149026,0.106230725763528,0.0781431347416863,0.0992994961960424,0.156732533726604,0.191232387654183,0.168780918181829,0.0880844086447082,0.0997241398073244,0.0993128349705792,0.182604129491188,0.163404650533436,0.215616942582959,0.0813069369963446,0.180357138807258,0.144056957872127,0.0915824678879009,0.0760974578939606,0.13737957364418,0.134038108613311,0.133168671365076,0.137461631882924,0.154719788228788
"cordatoalata",0.193962009205604,0.239277641619181,0.19513899247251,0.261052004587414,0.127753095334886,0.184264725358145,0.24354492107612,0.249598486668008,0.264428099491519,0.15803074874291,0.201724391963983,0.19336667524902,0.106775777575086,0.237122901627745,0.2541967480112,0.233069044117735,0.245831230655464,0.294332066864226,0.180693091972643,0.14418718439901,1,0.172576740067939,0.207249543614531,0.277860878058932,0.207941312893926,0.215625365081422,0.113582307220451,0.196902004085091,0.243533571643793,0.200394157472045,0.236099932593233,0.150584155928629,0.30722532761042,0.192332564940154,0.173811375753495,0.174813252467601,0.18311959862885,0.166939921319317,0.236101685264385,0.19670864869186,0.183063956967755,0.183791311300405,0.19541771911883,0.243835826845025,0.212218093173995,0.226487797227397,0.147098090386534,0.207683540193246,0.131603922906226,0.195616273882179,0.263960605802967,0.177907565721914,0.193318147052925,0.19125166916586,0.21060131414694,0.170490994749092,0.214848902411159,0.17809924678415,0.133048935507805,0.252685432792022,0.216119626068422,0.219746875685048,0.271444616132327,0.18818241796925,0.224310152134383,0.251483891564552,0.177658705575324,0.24287604291167,0.164844788144863,0.286604781580118,0.151149675301749,0.199774977990581,0.192151981987718,0.151811853961844,0.213931431643338,0.242340221364572,0.23775857307206,0.163682854914337,0.144356744187826,0.190389685670395,0.259140822249936,0.176169499104004,0.107561052819543,0.283377577314785,0.15678372471824,0.246171804482801,0.240549789502494,0.1828453800128,0.163021798895755,0.206200759904633,0.184124755115693,0.126876709712923,0.152194917271967,0.257180383536334,0.206629684300273,0.14651780202826,0.228926793890128,0.238626224978914
"coruscans",0.13288942420548,0.177315636380652,0.16455292252,0.14702863635196,0.129010695974821,0.107743206094075,0.167307559297631,0.13411222461315,0.146300346759014,0.130146723532553,0.12258213137008,0.137840579762945,0.0945978987718873,0.162720674164603,0.156930553393657,0.139582790422537,0.140607206592525,0.14016502982516,0.099263953096118,0.129295417468682,0.172576740067939,1,0.137279560259016,0.142735127624339,0.108072806107695,0.11867857281995,0.107294988704343,0.151536457122617,0.134991245681246,0.117574737741908,0.145759845106216,0.114359600368914,0.16338941623868,0.144106130431557,0.0851044198371878,0.113171160530169,0.0977514531953898,0.170101331148659,0.16103641018038,0.15801292630426,0.132072478682525,0.153724224898112,0.125922652795675,0.161631102328419,0.11106781188185,0.163564824447868,0.104107558325127,0.173918133812127,0.137397817294853,0.125554197488864,0.127278788196497,0.121042392542543,0.172941582222363,0.125126964181926,0.147932922918191,0.196277283651069,0.134127724423567,0.190275932840277,0.120113902317273,0.184099440859308,0.139207498359656,0.138960082941573,0.148938927207244,0.140414884181594,0.134522550348241,0.144683962806463,0.118132558109653,0.150535345834417,0.120181640770333,0.173800098304209,0.117456541605007,0.107627237083221,0.165270586227571,0.129209131870398,0.130399861965987,0.149346356462468,0.0937880257519765,0.0908497514006306,0.102632290843278,0.151436061517675,0.172788264450114,0.1171128774513,0.115760605835646,0.124852044882341,0.156130126727062,0.138463760715327,0.211069411852008,0.105936447632653,0.0859819051175417,0.141013947698255,0.147198663845592,0.127788148945887,0.0756614328391444,0.171280081721253,0.136288841383315,0.171757932401054,0.119969800981578,0.185618685514246
