"","acreana","acrocephala","acuminata","alata","alba","aria","auristellae","bourgonii","brachyrhachis.aff","brachystachys","brachystachys.aff","brevialata","brevipes","capitata12","capitata33","capitata35","cayennensis","chartacea","cinnamomea","cocleensis","cordatoalata","coruscans","cylindrica","edulis","fastuosa","flagelliformis","fosteriana","glomeriflora","goldmanii","gracilifolia","grandiflora","heterophylla","huberi","ingoides","jenmanii","kursarii","LA17","LA41","LA48","lateriflora","laurina","leiocalycina","leiocalycina.aff","lomatophylla","longiflora","longipedunculata","loubryana","M18","M25","M27","M30","M71","marginata","melinonis","microcoma","multinervis","nobilis","nouragensis","obidensis","oerstediana","paraensis","pezizifera","pezizifera.aff","pitmanii","poeppigiana","punctata","retinocarpa","rubiginosa","ruiziana","sapindoides","sertulifera","setosa","spectabilis","splendens","stipularis","striata","suaveolens","subcapitata","T18","T21","T29","T50","T51","T82","T85","tenuistipula","thibaudiana","tomentosa","ulei","umbellifera","umbellifera.aff","umbratica","velutina","venusta","vera","virgultosa","vismiifolia","Zygia.mediana"
"acreana",1,0.224595358436693,0.168956931394352,0.274181876970011,0.242696805451233,0.0986606518915364,0.25979050803308,0.138360088239514,0.203355975139111,0.148012618144832,0.119204494410295,0.161767830955236,0.172434312195306,0.305967375846916,0.181212398529768,0.211629156164237,0.14750548804815,0.261278629370329,0.267263038168283,0.0656172709635975,0.206399794028412,0.169383952725162,0.153389192503942,0.322619172951996,0.198625776879712,0.20851616600736,0.277454409666558,0.187488290818522,0.160262201129225,0.117719453374107,0.191899832401638,0.154375889984177,0.303010846391434,0.165415659508289,0.127697987972956,0.161332747572644,0.299866143985725,0.260682124145053,0.187935685675742,0.0926816808693588,0.118754722944877,0.15711524198363,0.214446662744013,0.187157735693124,0.275159852330663,0.14569923198359,0.137292159094336,0.133279766102973,0.154405029737911,0.115867067054822,0.0866689301204093,0.126469950546992,0.206133993867607,0.247518140407895,0.155745020781775,0.186125421101551,0.179142555774866,0.150131981267399,0.202656534605109,0.17188423677195,0.262327228696392,0.248419452324945,0.178499735307951,0.143771015058612,0.317155338498533,0.205944284015585,0.0588197586240105,0.26605068138751,0.257639012425707,0.161267465309281,0.177186368796359,0.155097284798591,0.18972934247678,0.109223900890855,0.162154564269403,0.18433964525204,0.165851154510923,0.158034212580257,0.180723377490123,0.26791426150784,0.249837774895897,0.170618242690597,0.104811869116104,0.199536689981991,0.0411481508137262,0.182433500575315,0.223973560038638,0.232401578480106,0.097938684204383,0.164095088701107,0.131392098234483,0.177523156388887,0.174267514652052,0.127373067316314,0.242663222499325,0.0859203750396127,0.158848791530753,0.285562412177953
"acrocephala",0.224595358436693,1,0.166000975262857,0.276783204090563,0.251581449335051,0.103042429451381,0.232069297756139,0.191565553985498,0.285290700099281,0.149877983803467,0.113161477491889,0.152547695481422,0.148945012591958,0.255027797151058,0.198460787601644,0.386060271743035,0.155401485780178,0.439343347745411,0.297725852878629,0.0759090375927226,0.231505103578999,0.177218803897139,0.161536404458357,0.27145127581268,0.320208259015635,0.194365269328689,0.259899809790646,0.202158938744793,0.205019123507054,0.169216216683248,0.235201694937223,0.168788472889442,0.241111238812776,0.143350527907486,0.119900341559406,0.192521691194356,0.229171922004365,0.23796284180498,0.228097344315779,0.114724697229452,0.159794705448291,0.207075349971997,0.144986136554265,0.175915322962453,0.222643269336404,0.156580417923304,0.200777285367216,0.177504062369988,0.169209116584926,0.110164397111785,0.120231661345852,0.156165133466158,0.223829579774216,0.203215996095256,0.146482656549768,0.362618418204668,0.203457202018713,0.175266565712279,0.199248248431815,0.213801977298197,0.227450942786574,0.294515925009947,0.19112528747457,0.187295833486671,0.271191323821627,0.291355259020133,0.0742017839156126,0.228116942293655,0.324291261540839,0.174539278559289,0.27020110199549,0.194692592300106,0.224816290517906,0.122012110304513,0.199011228426184,0.220404607602864,0.180285442168702,0.159147387276412,0.15579731266087,0.193719749727044,0.221530818555554,0.194930236492585,0.111387495827853,0.265915304651703,0.057166626951614,0.250911374089868,0.282220913050932,0.278282710156641,0.117411029404682,0.168226450554993,0.157222508944244,0.157845061421814,0.190148524713912,0.165687947045293,0.257425852069923,0.109740316583188,0.167806136834639,0.329837355679476
"acuminata",0.168956931394352,0.166000975262857,1,0.217723958506184,0.175259695995064,0.079702715907482,0.14127735695449,0.126821999905545,0.163144554949597,0.101528656803692,0.0764572200877319,0.112880047254922,0.113393958253713,0.211680161870415,0.105158317996234,0.174935865876952,0.110270416432861,0.204305087331993,0.207959570192372,0.0445683593225443,0.149473681973448,0.123446390781324,0.0963256234990076,0.2264450362428,0.173663964286927,0.16478591037002,0.206331720444914,0.122366422862629,0.110790025109916,0.102474471138169,0.11691009578782,0.182781538351085,0.212828838805654,0.110871614748348,0.0846370894233279,0.142430912980035,0.2175814137578,0.27651407897133,0.143134520393646,0.241352019151557,0.0932217462693311,0.135180299169476,0.123006271079909,0.13247995325455,0.220875393988411,0.0944323161654744,0.130366526203029,0.0878644175234976,0.109831713695922,0.0969052691880323,0.0780756166051672,0.0949833389557032,0.205778417540801,0.112346719687552,0.121206118871487,0.181752149337205,0.137648736444286,0.11432928788308,0.216371267815156,0.164764265727834,0.313036296337684,0.196123928003468,0.16735599493438,0.0943560548023209,0.22020501121231,0.191948862046851,0.0428322218779366,0.168052360489244,0.24204447634092,0.130098871262148,0.164873063755862,0.113178173320796,0.119624678286742,0.0905332843290702,0.143132627934021,0.153969121801332,0.10747261055521,0.171327882944499,0.145089159105364,0.181085800553616,0.157647784010642,0.113413015034452,0.176256957280673,0.228381642073179,0.0212672182906234,0.148925495584746,0.159399910115746,0.191608802002498,0.0726570006666827,0.123551375259185,0.109018842191759,0.123063575041793,0.116332078299083,0.0933911137757411,0.227795679183473,0.0559706284823816,0.112816652433079,0.222142466647475
"alata",0.274181876970011,0.276783204090563,0.217723958506184,1,0.290224536949878,0.111294616469946,0.255585926854817,0.211175486517965,0.254000068226303,0.152731049470759,0.120946509935744,0.172298181390592,0.18106931374484,0.281037247404964,0.20703505706304,0.227299335049338,0.190279095696138,0.338436253258163,0.302484927015697,0.0799944436480123,0.276747017560513,0.22042874576292,0.194798797479514,0.29728583326688,0.251712714834131,0.237491783340553,0.248192123848173,0.218318476073479,0.184521231710445,0.165152026413174,0.208930656072475,0.216083511082297,0.281699636277536,0.160807093560203,0.147116154106832,0.248452547262513,0.247339666805275,0.226633951232048,0.218095304803334,0.133351425348665,0.167982851615748,0.218363657790822,0.170219952998134,0.194383492526521,0.289331978181086,0.148403295750736,0.169331139651667,0.196970414769659,0.182538844204327,0.149089327559559,0.121670621101982,0.200977937112012,0.297190837810113,0.212255432147643,0.200621543357853,0.248725185960285,0.231757403110588,0.16950688710141,0.215474820420682,0.218377438297901,0.315674440720905,0.352246308796243,0.28503106701381,0.173821834238427,0.326381560751718,0.2627649951637,0.06823262697205,0.268207006962533,0.340803138172293,0.219141127301865,0.237218225934498,0.186115878257713,0.224828956032917,0.16051360945902,0.218172889318901,0.295184914987396,0.174595264536756,0.216135885006258,0.216489594161771,0.282683969573221,0.240269833800927,0.189483218007085,0.134509129872615,0.296249967660379,0.0664953319893571,0.251530553235004,0.257370179810751,0.304500795295042,0.121612369743521,0.201404756606617,0.144953986057491,0.171686348600621,0.188909696099064,0.170574699487864,0.260794295961493,0.100244955545356,0.182882605374777,0.341497171099098
"alba",0.242696805451233,0.251581449335051,0.175259695995064,0.290224536949878,1,0.102283403457507,0.190338060401452,0.175753586362123,0.238917592999134,0.246916461237223,0.232447747121525,0.236218639056001,0.211898128180135,0.232147423333177,0.192517772021403,0.199200082168848,0.15622143594835,0.314408146290509,0.261751225800883,0.0807730958982508,0.208646910280667,0.160414428765239,0.14554083084335,0.215666889874982,0.207722899334988,0.288745983751194,0.225009905223245,0.157218704282185,0.150862831624305,0.157377733471296,0.20959309652113,0.273243742778676,0.273935972616185,0.185993959036358,0.225277995443687,0.185761942539107,0.205344483061758,0.206284801146859,0.148027525521448,0.111071882085147,0.272467730401879,0.191564680970299,0.147512659014938,0.167306827832259,0.219803568502415,0.161558897195169,0.280518004692754,0.13609522241316,0.247258690642737,0.2194918243749,0.0827529963724019,0.140466047578778,0.243019303032768,0.167773554832356,0.165320467026233,0.231155107888709,0.18222771663263,0.139825350583993,0.299168452989762,0.168002465575178,0.269820140823824,0.280913377090447,0.194725680643821,0.152904228087635,0.273438101067782,0.267623443112796,0.0655867372959638,0.200824619401547,0.268488040706748,0.184889678792992,0.323865323546078,0.153143094487483,0.185816369581329,0.13604124483051,0.194727191889863,0.217306197609861,0.151291049283997,0.160944383005329,0.177756864818183,0.198506367496143,0.203119558528548,0.206505602863558,0.0885460786189749,0.26948337982055,0.0372712831852334,0.186693493643889,0.227195316173489,0.280156799841579,0.0850569414437983,0.283729469354225,0.120475834626909,0.235577370371391,0.145070334537087,0.149968713686364,0.259374412079781,0.196817299404296,0.144341077799208,0.31100531461601
"aria",0.0986606518915364,0.103042429451381,0.079702715907482,0.111294616469946,0.102283403457507,1,0.0968617246350262,0.0953069215975989,0.107548845195456,0.0878480743521798,0.0702318458516864,0.0821720016890805,0.0943936404224555,0.0953641835299689,0.0796806290527555,0.0896817402577679,0.069665884296526,0.119715131310598,0.100771541987398,0.0509695825556699,0.114429868986764,0.151186692539454,0.110121131069897,0.134143121070477,0.114256531232012,0.100130385699737,0.0983207530301825,0.218557455824547,0.101052239213453,0.0978349017140513,0.0943887702421708,0.0905027902088726,0.108334822519701,0.0876328014521022,0.0557118884004889,0.0935639658759846,0.121169574011326,0.0924822435328413,0.0970951769192881,0.0808356067316262,0.0818144042900072,0.104915693269105,0.0713553453396492,0.0759034451330645,0.0828782949397609,0.0950818643208884,0.0756345080981744,0.0864639539070939,0.086285708112989,0.0879471373634653,0.0724043054228904,0.0754803493156487,0.116718875220291,0.092585418913043,0.0935337562755933,0.116744753976967,0.0966308241288336,0.0842221885234183,0.109998908389252,0.112500014180668,0.108308344643634,0.107719528076845,0.0926105487392458,0.100636075897015,0.128407678554993,0.105582571762034,0.0388820067476068,0.117397880169774,0.112919774787205,0.0907163595647377,0.115865417920604,0.113554278830723,0.0923062074803906,0.0879051804288165,0.10845395502052,0.111105713713252,0.0907681335026766,0.0880053680438442,0.0746901789188578,0.0807591978486367,0.103111892305444,0.106058336743247,0.0843800237113742,0.0943776415982028,0.0215641929553701,0.105441109634395,0.127720165294609,0.113265922415848,0.0616600490887845,0.130285010837204,0.0871521830689093,0.0890408398078888,0.0864431046601649,0.0925576829743455,0.0976043349581176,0.0628598463102945,0.110609363585631,0.107932866473457
"auristellae",0.25979050803308,0.232069297756139,0.14127735695449,0.255585926854817,0.190338060401452,0.0968617246350262,1,0.182619130533318,0.197844625428686,0.129495866892502,0.125875170769173,0.140181702878639,0.122960175515959,0.223575647675006,0.182024360146051,0.172656025491205,0.189216844682435,0.261692479005568,0.186102828002551,0.0875101308873068,0.238899400391147,0.171637573126276,0.174108756602639,0.219562560225153,0.167321686240097,0.171569014661659,0.18079104671679,0.180268742476434,0.17598220048913,0.132615585317772,0.208659484553766,0.149507877182129,0.210740687093302,0.131881242343768,0.0999415178495618,0.169370015568856,0.175708694785028,0.158888035038689,0.174919363755244,0.133524580605283,0.160141981964133,0.178824831413927,0.123334067111205,0.14409702801916,0.190338415731148,0.192395431792537,0.112734001518224,0.166237845979745,0.183250136254528,0.114689544398265,0.117463445435918,0.129408354730655,0.246550823725766,0.187958586199274,0.183635752749796,0.197558068345945,0.235283709156478,0.1506082493121,0.167663858488076,0.173188679180507,0.203513828300054,0.260776468638862,0.18485839826866,0.16563837409163,0.197742647824305,0.184687173933312,0.0788756287373664,0.226060286207435,0.205370112280178,0.188042835113595,0.168215397973571,0.157446266373883,0.256980046564764,0.141190130403799,0.1844946070077,0.215096464656457,0.145549358555031,0.135745748508101,0.156287262795666,0.18924918394263,0.179052805112663,0.17530008943686,0.133038624279414,0.167913854279449,0.0429419612687528,0.203242272493233,0.174713421676266,0.195130852546489,0.110634505794105,0.203430143725691,0.105753215718029,0.190453278280952,0.150964626936304,0.183041239083316,0.158729325277528,0.0966437030619486,0.164366622151553,0.227587061027601
"bourgonii",0.138360088239514,0.191565553985498,0.126821999905545,0.211175486517965,0.175753586362123,0.0953069215975989,0.182619130533318,1,0.153247727571246,0.123381391326922,0.0960433080085742,0.125377623044518,0.110015558667177,0.164431459333011,0.142276800260479,0.13280453405857,0.125311688094784,0.219261948462747,0.167026205922452,0.0777882058552641,0.209815205929446,0.211276732160564,0.158243789748953,0.176012966553374,0.147761001800742,0.145856349375365,0.144967390609348,0.15845588856416,0.134534730047136,0.181377697300869,0.211689092086611,0.163531118793608,0.186975413896024,0.183722489058705,0.154547794997342,0.168221114110471,0.1515915597836,0.135890852612363,0.146804147616512,0.1342649228077,0.142358544437547,0.181128195779118,0.0794453008907154,0.144131009269014,0.152307723606447,0.223363592419786,0.111555735157772,0.194016447203859,0.137683799500959,0.105576474163192,0.1492666073739,0.224788759580763,0.197258622808421,0.135495050006942,0.171008504801006,0.249130005102423,0.176481294831675,0.120462586182558,0.129021398358424,0.183475310190058,0.169787544110061,0.207100313479306,0.138418557908606,0.2086219262732,0.173018311215388,0.231265176318884,0.101313820655361,0.162904314701391,0.176122972700019,0.208381386347304,0.135100806637966,0.12479341452932,0.148129159080489,0.1848982217145,0.207308562931834,0.19291516914917,0.15234973079588,0.122602106529788,0.119972548361692,0.154537445000705,0.167228071726167,0.136252879070868,0.107255189749026,0.206859591863471,0.105516723624062,0.176564541413578,0.135234016780552,0.185707459515055,0.0960273273556739,0.155883828769598,0.104530007371568,0.156496024364442,0.157999472529585,0.194861042743338,0.136168630208399,0.113803066359419,0.133958200150851,0.190018799769798
"brachyrhachis.aff",0.203355975139111,0.285290700099281,0.163144554949597,0.254000068226303,0.238917592999134,0.107548845195456,0.197844625428686,0.153247727571246,1,0.14614928261742,0.097459519422672,0.129676837298411,0.232024761104353,0.237369251459038,0.312971268917861,0.345197449787851,0.137164853473926,0.352342528076242,0.244736554280876,0.0776852116093614,0.203099502977934,0.156639496277241,0.150713691101712,0.233232971668971,0.356101001098546,0.18622876380051,0.182427840427932,0.205509292786808,0.171745935941315,0.154061193182255,0.204672863061534,0.152130169571544,0.232471892811649,0.184675249770036,0.107957154646191,0.182794740838028,0.17838177798221,0.203998345899555,0.157360410725132,0.106843127018424,0.140075752745246,0.190097547841487,0.138731829208424,0.158550564525119,0.203253279663634,0.147805368590348,0.267108240486004,0.150216711762087,0.148236095268392,0.112794635884623,0.09009755949818,0.152460184876877,0.204054233065321,0.177422935672684,0.150865541534938,0.277149380411409,0.209190830141326,0.139544350833969,0.212456422241452,0.188178202932759,0.23165074021139,0.280986360508004,0.152576982111098,0.158101387790643,0.254206915505231,0.236758365537399,0.0573261926724349,0.215958092942559,0.326317566334692,0.164213557433194,0.19741740047528,0.132936307063444,0.155620685375261,0.141144939001957,0.222521080153749,0.192165715262629,0.149866403536693,0.193384993728714,0.182140856204319,0.198445640127438,0.211144776432824,0.225955569046675,0.106291008128939,0.237447623097012,0.042240794707075,0.190818834183861,0.206501016884247,0.258385684091471,0.0946745516535587,0.16941398111002,0.229348035719099,0.178753838321388,0.130349835338341,0.150573744279671,0.234172261446604,0.10251998459915,0.150911652946721,0.321367367285835
"brachystachys",0.148012618144832,0.149877983803467,0.101528656803692,0.152731049470759,0.246916461237223,0.0878480743521798,0.129495866892502,0.123381391326922,0.14614928261742,1,0.296462185885788,0.254764243275959,0.24241859020821,0.151740944375274,0.113380650528646,0.144013013393697,0.0964815347440619,0.161205065538408,0.129640965525536,0.0539937023577306,0.130806718573019,0.110988398460964,0.102829633316003,0.271254965469427,0.153035931449044,0.336997448699755,0.139650617897436,0.156834656506479,0.12664852580398,0.0976315693507724,0.142628814780532,0.381602756846501,0.160508501929956,0.18659164966949,0.256506658134937,0.13616213536391,0.136996765543259,0.130488301735475,0.171905238507952,0.0863545160180534,0.319370776750815,0.135531848825616,0.109642490321127,0.130859344099386,0.155962312038977,0.0843915485461111,0.35203321649181,0.118057332921435,0.275641097103734,0.246054530145215,0.0659918271148744,0.111953838372379,0.137395807591441,0.110147292409171,0.103927321718599,0.166380188753762,0.171858713583855,0.0942707253849717,0.517058018959604,0.117095398007173,0.170514959670921,0.154271800288629,0.123276434252755,0.118237476219715,0.157903082306108,0.165087348052281,0.0625531802395905,0.25537257879758,0.169279654724916,0.104703939393382,0.34432105857667,0.0891290125950644,0.112590088367864,0.0873573470590074,0.121952245723963,0.11875301466712,0.177744630684805,0.173327163043234,0.12199253327494,0.129967470958177,0.288061205214819,0.243973627584132,0.0716861755935046,0.145067592995652,0.029954746171366,0.145511939753626,0.158494740553955,0.23241729625097,0.0702745990044264,0.257487500701532,0.12504643817754,0.308879750324942,0.133969761423607,0.0954051888020351,0.157798691179646,0.310684966990442,0.111754450165039,0.159995867302889
"brachystachys.aff",0.119204494410295,0.113161477491889,0.0764572200877319,0.120946509935744,0.232447747121525,0.0702318458516864,0.125875170769173,0.0960433080085742,0.097459519422672,0.296462185885788,1,0.233993541207345,0.1593615836914,0.110787529981205,0.072735400653785,0.0827162120970299,0.0704039562311647,0.121158542995534,0.0916038666819547,0.0755679700084053,0.123466193768873,0.100743864582485,0.0881698880211734,0.111690629898371,0.0813131150002612,0.248125365020533,0.111155080739228,0.0995300606499535,0.0921764014455497,0.11420550463209,0.123215849636831,0.296974352157876,0.124682842751727,0.109167544652297,0.266906195475544,0.0967655233659206,0.102272851971332,0.087721629644089,0.0916962920119179,0.0771722939912306,0.288850808459705,0.116912716251761,0.0768343860004443,0.119055677931662,0.0974579936478162,0.0831775373965368,0.308353367232469,0.10357878114368,0.260552322579718,0.214977146408458,0.0771018900571562,0.104383068465627,0.13071322288504,0.107408100207845,0.117769829666575,0.133261131032048,0.0861175635499211,0.0672975876576088,0.214013967987193,0.0858550874856189,0.115268971356162,0.1182607261792,0.0926448619191663,0.108922507028974,0.11841698511659,0.134622619246862,0.0599968892366575,0.106961225907965,0.104163384747419,0.151508892130178,0.277628898283764,0.0748489490475217,0.113588462409209,0.0929412611592071,0.106839953688213,0.111052785695539,0.0843640515921945,0.0636696970306963,0.10292615149962,0.0982966672138251,0.0920601869489818,0.130268379985851,0.0625871693513581,0.106739139326027,0.0274604015508116,0.0987709993432479,0.0998250724933146,0.109126349140057,0.0792518060757248,0.2275797767167,0.0558739421563084,0.269315363751735,0.0938387868507893,0.122409101457557,0.134557952427412,0.276048682747774,0.069530066210029,0.123069344425983
"brevialata",0.161767830955236,0.152547695481422,0.112880047254922,0.172298181390592,0.236218639056001,0.0821720016890805,0.140181702878639,0.125377623044518,0.129676837298411,0.254764243275959,0.233993541207345,1,0.213895185672343,0.143605969696045,0.111755136290958,0.136283377186916,0.16214761100233,0.164034420598508,0.131026803146082,0.054590639806501,0.155060161985612,0.145483472387186,0.107095909339593,0.158231447016075,0.153107272589584,0.270379474769554,0.127855039157639,0.13561417428966,0.125677625450902,0.0849915636712569,0.171798181192923,0.289977698698799,0.121813284182496,0.103989876772687,0.224728422227603,0.129321433169519,0.120419976865161,0.123650358067468,0.128826980282273,0.0923175431177296,0.265509133296806,0.168065352283699,0.151183895278405,0.0906645720521274,0.146585893182178,0.0989833303021578,0.251853149878441,0.0867412604651557,0.281941182034225,0.246706575125103,0.0737897958126788,0.0918842540140921,0.150661028933886,0.107973677606414,0.117403573913885,0.129730021928152,0.149687764610141,0.116782552720735,0.24373235404444,0.193543720291998,0.131048137762581,0.155008653913937,0.119275982582272,0.112999579973629,0.153907032425853,0.134849185000699,0.0491967512798707,0.125785750581129,0.149680984330854,0.101715940778122,0.280507424206349,0.102672041042715,0.143540616188047,0.114751711013962,0.165558573526224,0.146188824913755,0.110380810108014,0.110704748740735,0.122674468388697,0.127013971418317,0.13755570260564,0.143387327912988,0.0906754836337031,0.129062178832866,0.032950939243121,0.178165858385033,0.124243168839125,0.131677964942038,0.104520087161446,0.252008273054047,0.105205821475367,0.284690245049876,0.133686041577269,0.092621563372729,0.160463939887783,0.221246385070387,0.120251091561382,0.145112159416224
"brevipes",0.172434312195306,0.148945012591958,0.113393958253713,0.18106931374484,0.211898128180135,0.0943936404224555,0.122960175515959,0.110015558667177,0.232024761104353,0.24241859020821,0.1593615836914,0.213895185672343,1,0.154238321524781,0.129908431431612,0.152658005748593,0.11365601962342,0.232770114707861,0.183652798864846,0.0354427302624128,0.168297026939619,0.109863857928432,0.112200915633384,0.21391429351023,0.162101292243243,0.32334997580705,0.143228124429744,0.229225276251655,0.131287441499234,0.0875068415971496,0.121927557024094,0.228854327552915,0.156096530383307,0.119770992978365,0.174070796277835,0.127921879485155,0.149301407434518,0.162170280397661,0.153885967146637,0.0926150955926922,0.177247494841487,0.119524401379931,0.109933203929434,0.124380516385075,0.176053127014815,0.0773790108834882,0.212313410411502,0.112583717131845,0.215965445561455,0.30439940664654,0.0547568008948274,0.100659350631706,0.118069302866574,0.110622155553228,0.0824731696207277,0.140522981065968,0.18728163672335,0.108664108115698,0.260722587184963,0.114262635553928,0.150703756499184,0.171531083831941,0.150230959535086,0.10809740079549,0.161440478408191,0.128406981371163,0.0447890982759642,0.200529375839391,0.221782346386539,0.103282385000772,0.21767460315366,0.103585830599712,0.135495140559383,0.0927191821913425,0.10654808304943,0.109372947696151,0.158238914270807,0.341509082830969,0.0931870465910567,0.151559398570855,0.188004320597337,0.268517623141304,0.0936948290520278,0.133037527195411,0.0366431392852199,0.126862334488484,0.149199314653334,0.212747173333547,0.076023457036326,0.253184072567849,0.349045974200543,0.28050946357136,0.123140661065953,0.086016377939626,0.135109359756341,0.171667642093784,0.163355569053018,0.215077651320788
"capitata12",0.305967375846916,0.255027797151058,0.211680161870415,0.281037247404964,0.232147423333177,0.0953641835299689,0.223575647675006,0.164431459333011,0.237369251459038,0.151740944375274,0.110787529981205,0.143605969696045,0.154238321524781,1,0.188244848219804,0.318631551095647,0.171835686597673,0.30235294418072,0.280165604238572,0.0711311553218343,0.208933720540239,0.153130238787875,0.157004822692068,0.32511338990298,0.242702377494099,0.201646867056609,0.358902897125007,0.224339207110353,0.182562567925156,0.147631875889088,0.17333820516049,0.17680471893571,0.282120776600301,0.148232219549068,0.17006831157426,0.166124647889527,0.422004057618187,0.266300562827504,0.177816799594009,0.120002390109737,0.130499691510623,0.181242060285913,0.268988033353845,0.174198256561742,0.352262086841198,0.123236224450529,0.171536102537295,0.166781604941455,0.153111783214105,0.125781312890138,0.0894271054358299,0.152739949482175,0.236164858031182,0.225721915459546,0.159852787028047,0.207910226598468,0.211213956867582,0.170068355823921,0.203253739779626,0.163326757462872,0.32309041248098,0.278120505530292,0.211869244756811,0.140143133585111,0.408510306404511,0.200062586837237,0.0589083373014142,0.233028687078562,0.373033749027901,0.175540991128408,0.220876607549877,0.153504802356856,0.184251288393499,0.126401288320497,0.179992270973735,0.218942475545682,0.142772316632413,0.179800178257038,0.181122641791674,0.333995273089211,0.202708528586958,0.175123666453032,0.108298836866546,0.274782152105545,0.0382722286993509,0.242039392893308,0.225042944960183,0.265943349072758,0.103908082060439,0.17174270410821,0.160793701472316,0.140011934463614,0.182027985587619,0.136217070761788,0.246520351018343,0.117669889360093,0.180780479049795,0.329633884041978
"capitata33",0.181212398529768,0.198460787601644,0.105158317996234,0.20703505706304,0.192517772021403,0.0796806290527555,0.182024360146051,0.142276800260479,0.312971268917861,0.113380650528646,0.072735400653785,0.111755136290958,0.129908431431612,0.188244848219804,1,0.154606896968145,0.12607690519323,0.207061824059387,0.170969880831155,0.0552426574100326,0.169216149089574,0.148912567933442,0.155823667255613,0.191978163108163,0.17262957009899,0.142010639142358,0.127587881598151,0.150086905522963,0.139223510915462,0.109992786859393,0.172199868036674,0.112882893034983,0.139892856829428,0.154539631056911,0.0816540069688657,0.135589518875423,0.143523854120785,0.152051738841671,0.140778220275224,0.107107660177967,0.128691216067607,0.17006247280593,0.101181570095555,0.102103931420936,0.141598620330847,0.112105049890831,0.205799892763436,0.131831893924196,0.161147377471377,0.0923958517514184,0.0663627972512055,0.123629466264532,0.156793591218222,0.133083635697029,0.109033505459354,0.15098552348989,0.181600376636264,0.1376866105699,0.149630916209487,0.137947402067446,0.170957418459728,0.186192022005081,0.125866505285528,0.147516016514449,0.186564417452602,0.165512353522942,0.0510612949386207,0.248973131575748,0.19900987889219,0.120189145676423,0.145498063740042,0.117674398454847,0.139940524060722,0.122124209657171,0.151312166642051,0.146656790150582,0.125102623999667,0.140393655831825,0.116588324847217,0.299586191192631,0.164004522496582,0.270996428925499,0.101176706208743,0.202991067395781,0.0371721729457254,0.142383206440403,0.350344337453415,0.188863085480336,0.0936271016864067,0.14098614773323,0.117817952205564,0.122163660988638,0.111266913024741,0.133850507239547,0.161108724481602,0.0813869951356807,0.181074909645965,0.238839632152836
"capitata35",0.211629156164237,0.386060271743035,0.174935865876952,0.227299335049338,0.199200082168848,0.0896817402577679,0.172656025491205,0.13280453405857,0.345197449787851,0.144013013393697,0.0827162120970299,0.136283377186916,0.152658005748593,0.318631551095647,0.154606896968145,1,0.133461887569168,0.323672862304841,0.265505187959809,0.0650422712332608,0.155422124836859,0.136206903565747,0.121837979292608,0.227865102500174,0.468448058512321,0.169104839771013,0.257947052962572,0.167549729162886,0.181286938586104,0.110366283871076,0.15149419312831,0.125474062965223,0.200280222150825,0.137272595564016,0.0768969796578891,0.19250644918942,0.230879242236327,0.255312432127378,0.17865140863615,0.102199326313353,0.113963321676357,0.153075689656946,0.168550560407594,0.141412604080368,0.232465001219335,0.0938233108737626,0.245102660030042,0.127549692787242,0.137944188679124,0.101056345929942,0.071548635853322,0.115388833666714,0.181291942552493,0.151552129940919,0.122625449770801,0.305739402564146,0.212528589218454,0.125846955032437,0.199674128382489,0.15144434975119,0.227939082649864,0.263971234988377,0.169855189462016,0.126293484744416,0.275847337871591,0.219993000278272,0.0466737200871807,0.183032045968763,0.335153404223251,0.125663789058818,0.209262837201908,0.152114066777262,0.143356197055496,0.106030796043105,0.143293010575058,0.168355526293838,0.118486966759295,0.168598916234853,0.153448667230924,0.195918192686023,0.193536240447303,0.163618455615442,0.0858129517152445,0.242832528910148,0.0218307086503475,0.210639485870104,0.244762555302805,0.242619174560805,0.0866969154650918,0.139277911160735,0.180464670164786,0.139650545524704,0.172313789779244,0.108172578495222,0.25505249830222,0.0915913585547733,0.159718212961744,0.276096966092354
"cayennensis",0.14750548804815,0.155401485780178,0.110270416432861,0.190279095696138,0.15622143594835,0.069665884296526,0.189216844682435,0.125311688094784,0.137164853473926,0.0964815347440619,0.0704039562311647,0.16214761100233,0.11365601962342,0.171835686597673,0.12607690519323,0.133461887569168,1,0.167877421405611,0.142146217113993,0.0475559879243483,0.159803732449076,0.136239142184498,0.150580594180114,0.166315503896296,0.149050116211086,0.138979968458667,0.156128307644959,0.130361688641559,0.149699644233189,0.0928301897015415,0.140683376766864,0.138870811301227,0.125237307943125,0.120280900898526,0.0734943383208251,0.139094625458721,0.159365123178429,0.14791326803691,0.153121494034845,0.0939134312514426,0.102880826114615,0.146255244171707,0.100021018004795,0.0971205866085011,0.152396819024422,0.0895854590834162,0.0904757249879152,0.116994402211135,0.166411768780739,0.100655704155825,0.0911474881671305,0.10415571576628,0.177878983110841,0.122920982218621,0.113519428862403,0.136507817074091,0.186059529228583,0.149588947684317,0.164747309347784,0.135506804131152,0.214584116365844,0.148233663142127,0.174212268497241,0.110758754575915,0.16475905959444,0.13326603604714,0.0596380459054541,0.142757016717682,0.159286340413852,0.10679540763966,0.127670401973126,0.14311956316569,0.153322229509144,0.0954263223195639,0.138670973917921,0.17990923925155,0.121076305815928,0.107638614195282,0.103080229245935,0.172693060345612,0.129828462767959,0.126027668105994,0.0930283238209493,0.121641126430639,0.0299661417978428,0.254278359412733,0.141161464636629,0.144950217165979,0.093049129313269,0.141745657784412,0.108904195083639,0.111646661364699,0.147900093819362,0.10391073785562,0.121252625834195,0.0844781522305929,0.170931564032265,0.162505888880581
"chartacea",0.261278629370329,0.439343347745411,0.204305087331993,0.338436253258163,0.314408146290509,0.119715131310598,0.261692479005568,0.219261948462747,0.352342528076242,0.161205065538408,0.121158542995534,0.164034420598508,0.232770114707861,0.30235294418072,0.207061824059387,0.323672862304841,0.167877421405611,1,0.322211697256076,0.0748343361267463,0.261841492746865,0.198856933397004,0.176948876303015,0.284312196835959,0.325844356900638,0.219025135699167,0.288743590103611,0.229278331304019,0.180815210860775,0.18693855990351,0.208435782297005,0.18746730160422,0.313001059132651,0.1755758837951,0.161856581567477,0.220121329678388,0.274497841426415,0.277985203798217,0.183541680310453,0.123069799295604,0.150646880829611,0.216942834779855,0.177954725146868,0.193617734398664,0.289851129591873,0.1814053019584,0.213237254342252,0.182553390920273,0.162923402484762,0.130710309286158,0.137681171729191,0.196854900239274,0.27650452623184,0.204387788421939,0.164508628481286,0.325665066422203,0.219267796660808,0.161806465305163,0.24501553804286,0.211688433022742,0.305117585645991,0.376737480885315,0.2234006603307,0.177492613719239,0.359220617642198,0.312190142518758,0.0722798858333072,0.274799331043057,0.403389129576293,0.222508295276718,0.274920751715903,0.182740717637783,0.237813195014698,0.138052400000429,0.20229130512782,0.250144828893402,0.177693218104992,0.214051154865082,0.179355360934928,0.270945436930253,0.257252813484,0.256339363987376,0.110898544178222,0.332941751819311,0.0703203399943859,0.247527169874523,0.275016906914484,0.347335570402802,0.136910758248537,0.185905023978324,0.22696431294332,0.204817397998106,0.172783226198666,0.175068138227948,0.306796958092088,0.114637429090445,0.180294457426169,0.395342624904486
"cinnamomea",0.267263038168283,0.297725852878629,0.207959570192372,0.302484927015697,0.261751225800883,0.100771541987398,0.186102828002551,0.167026205922452,0.244736554280876,0.129640965525536,0.0916038666819547,0.131026803146082,0.183652798864846,0.280165604238572,0.170969880831155,0.265505187959809,0.142146217113993,0.322211697256076,1,0.108005804340398,0.170029771498971,0.145431154658566,0.174530424351728,0.245424017885981,0.263824920738732,0.201802897096069,0.285781062837893,0.23825103707825,0.17405834960298,0.14068203019791,0.169488646689665,0.147516381786437,0.239402709711323,0.147478382492054,0.111785457711921,0.17950133092028,0.298192098308528,0.279536333336078,0.191506966657157,0.0922914138168177,0.127849164361723,0.179117784526328,0.166355349575951,0.155170824151633,0.302908496520031,0.123471700751234,0.184178233467209,0.124793234640503,0.126312448589549,0.116887380442246,0.0752951325148209,0.126833899349057,0.262768159564056,0.184173714810306,0.160921101736332,0.223571293997564,0.178317771247354,0.167258186085765,0.18068723482404,0.164988271127115,0.27937517080275,0.280258627426928,0.218241705418878,0.147494240070474,0.324380071175915,0.211391193483251,0.0508034068809602,0.216750597270885,0.385025753445853,0.141283471020313,0.235948039085649,0.16592189679156,0.21554466583805,0.109877756057499,0.194478960345694,0.206171251072545,0.117496550978737,0.164999082693001,0.140798385353175,0.224510814280801,0.210717704506496,0.162846609090517,0.119144480649334,0.285525558031685,0.0261505988577639,0.228290255193527,0.25871034179344,0.346078662830174,0.112253027735128,0.160998342796348,0.154271090273848,0.164941254003448,0.169535592528714,0.146337732405964,0.295664922511825,0.108963884830954,0.152101155924976,0.369976585338607
"cocleensis",0.0656172709635975,0.0759090375927226,0.0445683593225443,0.0799944436480123,0.0807730958982508,0.0509695825556699,0.0875101308873068,0.0777882058552641,0.0776852116093614,0.0539937023577306,0.0755679700084053,0.054590639806501,0.0354427302624128,0.0711311553218343,0.0552426574100326,0.0650422712332608,0.0475559879243483,0.0748343361267463,0.108005804340398,1,0.0727883017549676,0.060158706093758,0.0662627925424949,0.0576798278730846,0.0540044343926791,0.0586853552434644,0.0606748833196048,0.0612235549680573,0.0529195501109185,0.084785971570651,0.0911475165287926,0.0666632292934504,0.0742425706896156,0.0556928207001793,0.0630870509052763,0.0772787122472803,0.0588404240963547,0.0591000229758648,0.0571948865451388,0.0705636502786651,0.0610090728040303,0.0746796552955568,0.0404677793288136,0.0725242666786408,0.0476756440401554,0.0727774605217266,0.0565395771482947,0.0793917930209092,0.0441514474165893,0.0430895821605828,0.0668812155046424,0.0972853842242696,0.0718830259697776,0.0733114625054735,0.139798674328732,0.0911432157186973,0.0553085359437052,0.0539741865932126,0.0520474394474993,0.0632720350238446,0.0634892265368627,0.0861747994171869,0.0545372644632654,0.0754951190406912,0.0620364202874268,0.0932482760991871,0.0475446647216729,0.0752616129839321,0.0686581344717993,0.114365004609563,0.0741262151009342,0.0511682597912415,0.0858647576189634,0.0661067418155626,0.0721165223043574,0.0935102089030086,0.0517706967424765,0.043354960294415,0.235931992826202,0.0518121882519725,0.0694551840584765,0.0704389419845665,0.0548312486645608,0.0720750114850266,0.0344761969583065,0.073912474535888,0.073267211068966,0.0670625532771972,0.0393355804998003,0.0818741132242761,0.0476425688813067,0.0637727727988318,0.0512693963596679,0.0912323664650966,0.0697394280742658,0.0576478466670215,0.0435823066632879,0.0802810746429109
"cordatoalata",0.206399794028412,0.231505103578999,0.149473681973448,0.276747017560513,0.208646910280667,0.114429868986764,0.238899400391147,0.209815205929446,0.203099502977934,0.130806718573019,0.123466193768873,0.155060161985612,0.168297026939619,0.208933720540239,0.169216149089574,0.155422124836859,0.159803732449076,0.261841492746865,0.170029771498971,0.0727883017549676,1,0.261485354228148,0.18650518728666,0.217639293316326,0.180318837101918,0.197839971225527,0.17648027803677,0.168709207457636,0.174100255853627,0.176375514408351,0.2155900719444,0.184597579374507,0.22563728747653,0.127424590911919,0.184465679901683,0.183885637049189,0.169158242738156,0.164319342325329,0.162095296799794,0.130081798971811,0.14577621105066,0.1993647290313,0.13661252582329,0.17256355680236,0.173828579319179,0.214812508955474,0.136402086185124,0.186631573829874,0.197827452764816,0.137831870567519,0.127754954342981,0.183735342359176,0.215214661477825,0.166428967321104,0.170367163208225,0.238513033891593,0.231331823406343,0.154842179451549,0.161684454078215,0.221559545728282,0.20943040514611,0.251776323637283,0.164001395935581,0.218178356712234,0.21221275943842,0.276644797892878,0.0813184219829722,0.222039970529613,0.216981051141692,0.231567242946106,0.158767921770906,0.172816695320315,0.202756410225288,0.166107790068045,0.207122923500814,0.266140412716564,0.167962305785277,0.173487424868868,0.155873478189516,0.184024788352159,0.211067045215328,0.173202071470956,0.10483267504946,0.253862373547291,0.107082929189563,0.211174177602922,0.178102032689949,0.193640343643182,0.138626266027135,0.191009269937338,0.112401771641939,0.159650490930288,0.142246236275414,0.207234855009118,0.184772666747329,0.106599133072999,0.186924495373592,0.227992626201363
