"","acreana","acrocephala","acuminata","alata","alba","aria","auristellae","bourgonii","brachyrhachis.aff","brachystachys","brachystachys.aff","brevialata","brevipes","capitata12","capitata33","capitata35","cayennensis","chartacea","cinnamomea","cocleensis","cordatoalata","coruscans","cylindrica","edulis","fastuosa","flagelliformis","fosteriana","glomeriflora","goldmanii","gracilifolia","grandiflora","heterophylla","huberi","ingoides","jenmanii","kursarii","LA17","LA41","LA48","lateriflora","laurina","leiocalycina","leiocalycina.aff","lomatophylla","longiflora","longipedunculata","loubryana","M18","M25","M27","M30","M71","marginata","melinonis","microcoma","multinervis","nobilis","nouragensis","obidensis","oerstediana","paraensis","pezizifera","pezizifera.aff","pitmanii","poeppigiana","punctata","retinocarpa","rubiginosa","ruiziana","sapindoides","sertulifera","setosa","spectabilis","splendens","stipularis","striata","suaveolens","subcapitata","T18","T21","T29","T50","T51","T82","T85","tenuistipula","thibaudiana","tomentosa","ulei","umbellifera","umbellifera.aff","umbratica","velutina","venusta","vera","virgultosa","vismiifolia","Zygia.mediana"
"acreana",1,0.296979619495045,0.124187536596466,0.319700788034482,0.221869774871712,0.0837359838870647,0.200194358718647,0.241594729148263,0.271894919720297,0.255583221737183,0.103351585180777,0.0758667068076979,0.130745345532956,0.349141124507768,0.29845846813108,0.177935577161899,0.106632267347507,0.219791003053031,0.108956213729999,0.108323920842427,0.231046793970934,0.155316887650747,0.206461655335683,0.203239867801334,0.135269870463424,0.161792272725631,0.251077188149316,0.157222845356193,0.252020372765471,0.163702323642279,0.156197831175502,0.128478010818072,0.239278717293953,0.131414676198193,0.152287813625917,0.27729407258584,0.134407923171523,0.14674094382117,0.122620584594404,0.14568244007471,0.164896493027932,0.184338515769967,0.0741686484250003,0.31839345763801,0.285542043256798,0.134795020003799,0.16483492866444,0.190772747716998,0.253276014009639,0.155652868435754,0.077787999229999,0.251155173893197,0.252382394825563,0.189604671930866,0.149101901660523,0.38662166149983,0.151834459992453,0.134388310195628,0.150192258968853,0.160503639641353,0.176213950559583,0.184165447578699,0.147474951682519,0.180068342362908,0.357894219531502,0.239914258309675,0.164854307997757,0.368109896988508,0.27003443990638,0.228215762939833,0.127870224341813,0.270380350707338,0.125327778220359,0.219156416367461,0.279649387235221,0.225846538848026,0.113457027262157,0.176008809733704,0.175190189248382,0.300038736552945,0.250945177479511,0.228934858535327,0.258909795357629,0.350076776312887,0.152239667811927,0.145942629388258,0.165533236282373,0.154633272732105,0.328900350036161,0.193609142301374,0.155851275258209,0.13323934578439,0.0428597952041372,0.143427821891996,0.141349611070408,0.14138725608991,0.099112980829249,0.315118511942356
"acrocephala",0.296979619495045,1,0.168638290813958,0.341691712132702,0.255071415082659,0.0753359814323597,0.210082150755516,0.21768883031396,0.354757258740274,0.249550441946777,0.128990912117375,0.0674609596099432,0.12890461376624,0.424359105261966,0.338582799073454,0.24746994876909,0.120540556383859,0.356215516320833,0.134057146468199,0.133786024561498,0.134927914216376,0.138774911627198,0.282231126322451,0.168702401666635,0.133097067856492,0.157480646051939,0.277872331477763,0.24668074409764,0.211600270860595,0.190498082625066,0.164615394964041,0.123783649311355,0.276669207610787,0.179818950557318,0.136228095564379,0.332287154583794,0.193522807174121,0.114770936451119,0.143473408434912,0.200627756659133,0.173422889779017,0.254437097392889,0.0810190233807009,0.341104365922969,0.229874960952839,0.119836914792201,0.198313541207502,0.239866645853523,0.360725814326086,0.16429469288735,0.0682424952480988,0.25715437599264,0.27090873571576,0.197126241215195,0.144686288514272,0.398695219270225,0.233668199916593,0.136586866150711,0.151526596652769,0.166982307946053,0.189319443874937,0.177983971374619,0.179799347797423,0.207478469275784,0.376666877354868,0.244511220106394,0.170395714282937,0.374075978504593,0.275280921510268,0.267810657367678,0.118572076076715,0.252761967190852,0.145671957586344,0.314105664843739,0.313948986927482,0.268109541397303,0.181851632798284,0.19867954182116,0.158901422376517,0.356920895557798,0.295914026577025,0.254894184444467,0.278094743113819,0.395239795289427,0.133263540044703,0.226674994568579,0.20738870571407,0.175664814190994,0.28327700137755,0.239138897734532,0.162071442144833,0.159280768267603,0.0609265155339131,0.263587050079748,0.134977113140168,0.128450488783259,0.12265247282611,0.304635360683128
"acuminata",0.124187536596466,0.168638290813958,1,0.162102361459398,0.166777307167978,0.0870690857118067,0.129572846680016,0.138900305389141,0.144622665108877,0.123247959437297,0.101121617850225,0.0577455118836152,0.146181893399163,0.135154015163349,0.138404043587908,0.12261573318798,0.0934350381405874,0.167104653512358,0.125223735774303,0.137220968271128,0.131193856892005,0.117764390230154,0.160855511182107,0.139423049996355,0.0886492088913774,0.147708130650839,0.13640791822699,0.147396036473617,0.160513627682569,0.174423039402592,0.125757392826703,0.124751227984843,0.160120004435483,0.138431849912672,0.108438216079266,0.205998062312783,0.14769031205909,0.106209799616989,0.118451899163062,0.125562703906884,0.11714004547626,0.137669219675688,0.0726846163904488,0.137590626621813,0.14019154130871,0.0706970037444353,0.110200791876752,0.182693542482036,0.122258502216176,0.113503282467162,0.0590926385037271,0.168049073955536,0.168802379671715,0.172171164056895,0.132794103944471,0.167916261677554,0.166389395829215,0.125529703293937,0.086222910190439,0.0913890788685167,0.168035147706519,0.121107316682934,0.145643837195705,0.155020259354606,0.184207698467335,0.149266727448187,0.130696990031043,0.138892174257803,0.127665553161238,0.162530731442067,0.0806279356175285,0.129694086810571,0.116833693483331,0.181183542911014,0.101573562160293,0.114775959977493,0.117915943247813,0.171851769913554,0.110290130256473,0.168319923129896,0.188818664810369,0.139021014609366,0.118320372558091,0.136050240987983,0.100866695093565,0.158856881862106,0.133183259715027,0.154873752622912,0.132980853535696,0.127657885701396,0.184403108398241,0.122474159570697,0.0537161931189448,0.154497289429688,0.116264084264629,0.0798335773456726,0.0889855678138749,0.143301230602189
"alata",0.319700788034482,0.341691712132702,0.162102361459398,1,0.278207367163516,0.0807664826350504,0.226169166106542,0.249658753701656,0.391314430742228,0.243893625516388,0.133849438654845,0.0909601015342535,0.140101276541046,0.407083306974538,0.415181703829226,0.294063934841987,0.122501409142649,0.292197178551947,0.147430639268061,0.146241007197765,0.176744789600351,0.169187035379422,0.284188715436325,0.194563779374432,0.145679962769516,0.168102578892561,0.352381712125414,0.215201705634027,0.290002961302294,0.219683271860006,0.19411317285235,0.133684168198007,0.301860880006577,0.184166311646156,0.149390727558788,0.327016506914428,0.183810561542381,0.147887425720874,0.131080318047839,0.201877671896023,0.179654716718537,0.27792051616079,0.103617757696834,0.343406293972387,0.298360557440621,0.137834309893133,0.17871292434581,0.218850032578174,0.257561583767595,0.189377166624655,0.0784363783863532,0.295053920208763,0.325926251382765,0.177166846406087,0.170051855196904,0.359953987124411,0.22302285176207,0.143873908460638,0.15550083292195,0.164193655207486,0.220324348317055,0.229574061504391,0.209546245863088,0.238682638877322,0.35958787018746,0.270144436696408,0.193799912390212,0.338741292534629,0.260676754682762,0.321677395312055,0.131418704973113,0.237381566095465,0.15633900643984,0.27646672275288,0.247268908708612,0.223661483022486,0.156578064907516,0.18279222811988,0.220263639614341,0.347077227922407,0.30207883217567,0.314712169922352,0.256643735783332,0.352372280203051,0.163620606769678,0.179895081359044,0.19372020299238,0.194257303236732,0.29202133708215,0.231885621465406,0.171881121250675,0.159712359091441,0.0502089410067805,0.176045231117034,0.160376087215824,0.163897798609958,0.10665548579273,0.288488217497143
"alba",0.221869774871712,0.255071415082659,0.166777307167978,0.278207367163516,1,0.0764364395006776,0.191269813342947,0.19322406389813,0.243912908694041,0.290184115831801,0.201352327531225,0.180030512202826,0.237027228072431,0.241985553109781,0.232231473120008,0.166414148365016,0.0935224724338668,0.212221738643199,0.109603704152404,0.123357251297344,0.141894725111252,0.135156264429536,0.227147690249788,0.161664437049198,0.122219028690532,0.281670790735467,0.211992775045204,0.34897746892688,0.175458948805713,0.187833277443775,0.162436753911663,0.236938863601876,0.239085735952213,0.156727014054435,0.250322388969074,0.214574756538204,0.158339600592765,0.129678636810584,0.12624565819892,0.186752767712918,0.259905763423669,0.289581665487841,0.0741246499657981,0.222171448515549,0.252791409375536,0.108438205938487,0.235677436765706,0.186587581600914,0.311850037837613,0.277308589153699,0.0639128951964591,0.204036505915745,0.28140579162892,0.180338748692595,0.15948455919954,0.231429217084806,0.184427709337452,0.144455171937211,0.227879910126227,0.120976522586977,0.237800713922173,0.213482133003869,0.154054247469456,0.183211555129313,0.239853013985763,0.269556511124053,0.170349434376596,0.25510392130548,0.183098591533823,0.278975597842337,0.230600159826817,0.234136611323526,0.139664040276305,0.188270836841684,0.16086897254255,0.158122537825557,0.148926320458898,0.168373415574839,0.160821397882574,0.270369081429952,0.212470354249286,0.286266824880519,0.16465807937731,0.23861692556781,0.124321781903127,0.184466122451793,0.254077564558272,0.191197355515855,0.167286936522158,0.34143429448742,0.182246083672247,0.264917654793351,0.0515884194505492,0.186074858176408,0.133388111573291,0.221957304215146,0.103394796314077,0.235528705100736
"aria",0.0837359838870647,0.0753359814323597,0.0870690857118067,0.0807664826350504,0.0764364395006776,1,0.10239628225633,0.0799145730313539,0.0848059719757285,0.0803849730604733,0.0607692029115826,0.178559319137034,0.106978347728875,0.0731420379285482,0.075704393798596,0.0644099300194011,0.0714071029442516,0.0858848060317186,0.0972799221205574,0.0611609851008957,0.104108388803231,0.111257823580772,0.0799840794807338,0.103660814482386,0.0746278190928888,0.106607028291452,0.0888130564219079,0.0653561069499098,0.0949442947150947,0.0771832412741861,0.120443786537035,0.079059271479948,0.103581084337978,0.0806369039312477,0.101478617855506,0.0823980900053721,0.0728314338017435,0.0840595442528898,0.0906565502823303,0.104873130902844,0.0890235595094575,0.0698889337703034,0.0546508363786171,0.0797714555469511,0.102279583274201,0.112624082130733,0.0845818433779562,0.0814016225744595,0.0749321601210055,0.0528758442388075,0.10340308250875,0.109359745762393,0.0791981125228616,0.133148662919859,0.0856523392645554,0.0814467470496747,0.092238417030102,0.263790313709975,0.062803411038057,0.105227055524606,0.0912159139453264,0.115231156661256,0.0778647752621153,0.0952265109016243,0.0920311748864909,0.10084223413864,0.0771524527824029,0.086000738293243,0.0706424052358294,0.104797702159019,0.0746804164600641,0.0693149486694567,0.0609846498588093,0.0763231621386387,0.119076160254961,0.103428020120642,0.0533271245774692,0.0863872897330214,0.0780888569073408,0.0867746336715664,0.13732778552008,0.0793697994084013,0.0744103582969932,0.0656042409970551,0.0577284713031761,0.112486685578395,0.144271121246279,0.0924384337748606,0.077617091674389,0.0712625291775652,0.0960396911522812,0.0663016995601941,0.057686607171596,0.0936749009087597,0.0693553208673957,0.124098231074069,0.10577788194551,0.108798741032871
"auristellae",0.200194358718647,0.210082150755516,0.129572846680016,0.226169166106542,0.191269813342947,0.10239628225633,1,0.161057165532859,0.187401730578109,0.199690918553137,0.127043777525208,0.0855638402372904,0.155790998139347,0.186741523155285,0.199454672158436,0.155543204899258,0.119829012321778,0.213757689750252,0.15963252363554,0.104401461233671,0.165427511915464,0.172195830897816,0.224115102929617,0.187976001294803,0.171644648820375,0.132657366643402,0.143116187347452,0.145121201350711,0.150798209397483,0.166689440078327,0.208627446891961,0.125489091398815,0.266546871705061,0.13953926061939,0.151326347977323,0.177058557031549,0.129910914249076,0.149302457065575,0.177882245604664,0.167570861789893,0.188203630822643,0.162933721006974,0.0647745779292437,0.181064455870686,0.187160981019829,0.132584355565828,0.164245039875533,0.171021034539109,0.17924981176668,0.145940533188033,0.0944160133573855,0.196180362520979,0.216963628800226,0.147375967049401,0.126748817779,0.182113373893932,0.166445232232606,0.158234908769917,0.135189466730831,0.276590750803231,0.184187772118338,0.20787831577386,0.158636266780429,0.16084649084454,0.219917179380252,0.257864774821093,0.174654835400563,0.232140958821104,0.163076295991885,0.21345855315771,0.122172534025217,0.15935753805432,0.126004469208637,0.201677728904534,0.211882108364902,0.241654257427183,0.139011879346578,0.127373053538115,0.162305232771401,0.202383127646831,0.20726013547963,0.214810922188813,0.177519759119919,0.185996014611941,0.118622324916791,0.192400095514169,0.152922173056693,0.144249301069385,0.147539584226244,0.196617447981555,0.131594206917318,0.125574447049326,0.0550634279724991,0.176097968179157,0.164981866538168,0.133479283083329,0.149338287536599,0.279033088974477
"bourgonii",0.241594729148263,0.21768883031396,0.138900305389141,0.249658753701656,0.19322406389813,0.0799145730313539,0.161057165532859,1,0.258075435220974,0.17009496998925,0.101707404642789,0.0919677266429701,0.146443313740596,0.246187555273596,0.263129811494992,0.177179138105667,0.101929390432524,0.203013802775062,0.128806483309512,0.130539266166952,0.113570286994033,0.152814388280391,0.226941854593683,0.142729806803167,0.138986531358106,0.156001160246615,0.222228706573027,0.177026158119989,0.249483349033021,0.203938881887971,0.149038487029029,0.130699240439935,0.194121559794055,0.190676831649944,0.148177219201281,0.236906045849517,0.155878055085103,0.147348639111937,0.123167168783062,0.148382487211235,0.158595818633561,0.172164584620225,0.0820262326688128,0.25479621883397,0.32090434337762,0.141045460617106,0.175054129969687,0.195617610316458,0.19897090784574,0.16928978861364,0.066037080634275,0.20741381725362,0.342091345508904,0.208134524510239,0.128772653397138,0.253752439213368,0.186471183109367,0.122694779775844,0.120745930726294,0.128121087331914,0.179680314225608,0.163877048945188,0.2225532789548,0.219455341554977,0.29588032807093,0.204468460371632,0.181522274158252,0.258481109647193,0.251203109776321,0.237830696193962,0.112000607817087,0.255653983295348,0.128034886867786,0.19691104927133,0.159633552462785,0.139882728281957,0.128087429461514,0.170577946341557,0.175822901312311,0.214225262862967,0.241042352629517,0.193227545277047,0.170774067611267,0.253969949933805,0.194899062184083,0.142385170096054,0.167724940091267,0.188607009445348,0.232384697976486,0.16863435777267,0.17317471009806,0.182573481020114,0.0555844811323433,0.131894164863977,0.140777072771596,0.143882893555708,0.117955974795785,0.214474482669345
"brachyrhachis.aff",0.271894919720297,0.354757258740274,0.144622665108877,0.391314430742228,0.243912908694041,0.0848059719757285,0.187401730578109,0.258075435220974,1,0.21205888349691,0.141423199229072,0.0715932040085489,0.140477140331397,0.437855717985991,0.608434965721577,0.277811594052654,0.100990464675269,0.246299452278645,0.133824569958151,0.189656175935201,0.129154418982778,0.136269271804191,0.236809585675615,0.169991611296888,0.149344350042579,0.159062117021676,0.413788852742086,0.200578882321767,0.337688571866528,0.226673665109251,0.168445207798873,0.128266100086711,0.231308278966661,0.18595648328559,0.158044637290307,0.316452098432991,0.165589491224337,0.150991637256763,0.135185640948634,0.162261873820465,0.15524253111406,0.22302409260671,0.0882266056985131,0.315671990381559,0.269797049382892,0.147335356748924,0.149420216504569,0.216981312614611,0.290836246794753,0.172349948317232,0.0612329515127483,0.247042067219691,0.282701935518913,0.169265216763322,0.1676865442997,0.342954688362611,0.195936228768923,0.125140535018607,0.147803389869046,0.139795126608926,0.189337821215221,0.173431277553294,0.174644917398402,0.217248168602915,0.354158107959378,0.237886952277364,0.185846953046107,0.33015576856412,0.252723275272166,0.287312408905583,0.12229013409046,0.244765443074818,0.192939804527432,0.224037934647814,0.225742274124933,0.188546544532712,0.163911396630086,0.170971286031958,0.167038917189578,0.28433728975262,0.269154815717391,0.247788511134704,0.205814303120565,0.36317278768768,0.176902396012847,0.170567452310792,0.175391356747601,0.167325278118236,0.282649568474403,0.233344156702125,0.213843123053295,0.171206040731634,0.0523268329544659,0.181146589189369,0.145484927417831,0.152012966319098,0.0955921096234569,0.264195533176795
"brachystachys",0.255583221737183,0.249550441946777,0.123247959437297,0.243893625516388,0.290184115831801,0.0803849730604733,0.199690918553137,0.17009496998925,0.21205888349691,1,0.307027734692306,0.224138644410584,0.235356898805931,0.260508835459637,0.232193411120573,0.170316116845841,0.103656710467295,0.191688582477435,0.094608287871298,0.106891058158756,0.110094583058085,0.133846055922927,0.184932966339413,0.175116300636871,0.12746416746581,0.303021353361734,0.187298457074872,0.136761405278905,0.155103096177294,0.147866609049235,0.155360484634812,0.355801306281438,0.230231047100441,0.120981462201362,0.315692924238637,0.233865397676717,0.115976192804075,0.133982372720416,0.0959092963894586,0.138191900287901,0.37332360901071,0.170627733538282,0.0650136242579629,0.230055751650074,0.21738101278912,0.105260274315045,0.392903672189007,0.172941501060632,0.390045497761854,0.280167694488785,0.0553710447973962,0.21282033745599,0.219429621716031,0.155997238395713,0.128730277350783,0.268174890529992,0.140856610869227,0.137107032255167,0.376916863139317,0.167081684984199,0.154040015934092,0.182192693158714,0.11071672310157,0.153584935195691,0.278821212096648,0.204454872603666,0.13800369815472,0.273278055398099,0.1890720424933,0.1892325387339,0.292749806586748,0.180469945681316,0.101379916685738,0.189414111166739,0.233070638177799,0.24334576406227,0.109374961602966,0.148765683972913,0.141002041746275,0.26315171034354,0.223871250723073,0.252637926189304,0.22782568120243,0.258308895087462,0.127906548137007,0.135333533682389,0.154508126360094,0.157490557282544,0.236315244267806,0.309462946040805,0.147184652636906,0.297603494703843,0.0350484004491206,0.115422889898693,0.125021438682426,0.359881536162082,0.0872541563474917,0.250112539494277
"brachystachys.aff",0.103351585180777,0.128990912117375,0.101121617850225,0.133849438654845,0.201352327531225,0.0607692029115826,0.127043777525208,0.101707404642789,0.141423199229072,0.307027734692306,1,0.22049246210591,0.194157706437205,0.110986879003165,0.127662819259724,0.113208646306153,0.0938346368624111,0.131742623608282,0.097498396229771,0.163944856406232,0.115510698743584,0.0979985540895753,0.117509710288865,0.15253022798493,0.0941393615853883,0.249352692474219,0.091417568038715,0.0790538277879499,0.0825682500478707,0.0993483288440093,0.144360051028563,0.311788493190576,0.139755714506228,0.0860311691105369,0.28435242381902,0.0962516141780677,0.0892935351939273,0.0975847723345314,0.0921384367266109,0.118554899466969,0.344923477625169,0.0901827385862174,0.0537567663870342,0.114063635703109,0.107099925966037,0.0801376359714542,0.297444495835043,0.0845132255914003,0.251263727170884,0.244165951033434,0.0909978552054006,0.0966344399579533,0.107717373496735,0.107101412904479,0.135409622241918,0.110006097961026,0.118912587463996,0.0866859903331868,0.203394171399379,0.103151414134723,0.101327616444047,0.117188202786896,0.101124246511104,0.0948715033037577,0.119360857752235,0.125260581816834,0.0961167137826594,0.133344799425961,0.104950228765819,0.11261451810906,0.293049936550371,0.0724328358283947,0.127624692161895,0.126092359886179,0.112874038622948,0.136194333159077,0.0679705256230761,0.0859812860853153,0.132785617627809,0.125966956104212,0.124592862786938,0.156809413493059,0.0970194649724495,0.0950003476403403,0.0745219399299815,0.139473170037687,0.0989532055797608,0.103492862074606,0.0862705559974505,0.240753001575588,0.0853755919281278,0.308435961915348,0.0375035637560083,0.120414365556036,0.0954308590010963,0.313591134860821,0.107576640811389,0.117305923537751
"brevialata",0.0758667068076979,0.0674609596099432,0.0577455118836152,0.0909601015342535,0.180030512202826,0.178559319137034,0.0855638402372904,0.0919677266429701,0.0715932040085489,0.224138644410584,0.22049246210591,1,0.17857867473853,0.0670127195074243,0.0727183388967095,0.062466699986455,0.0548312056778707,0.0845283368259651,0.0680913866423197,0.0643780696039095,0.0869717334654042,0.0940666434627054,0.0780941462471676,0.0951267599540159,0.077404126014919,0.206543962629275,0.0732689115930381,0.0540428813025127,0.111523969871206,0.0699824531620067,0.107650092260767,0.207394739098312,0.0889991572373061,0.0689255173070098,0.236601123707729,0.0615520618869259,0.0685832841537428,0.0560605070563067,0.0686547581437034,0.0831445815504009,0.2456373641712,0.0640101642205727,0.0503484862508617,0.097632912047578,0.124466305278052,0.06195422687884,0.252415324171047,0.0588327271835055,0.215014597845661,0.206621180852006,0.0619753231724811,0.109121156798076,0.0906034940275476,0.0798364586436004,0.0657791688388146,0.0660915647777582,0.0662843601557168,0.175714957349594,0.193450525356289,0.0818802370465257,0.0740417162557034,0.0858054262867268,0.0877803308945089,0.0820360331790347,0.0725392983249442,0.0938013934872451,0.0649258419516578,0.0872645285233601,0.226637046114272,0.103113793627953,0.224761272145439,0.0514156151324555,0.054224822671761,0.0819318413458932,0.1049068963543,0.0721939870377447,0.0459339260966889,0.0515540207563918,0.0829256518082122,0.0616198988075036,0.0770421453527389,0.109319765089468,0.0729562551218204,0.0629471085456634,0.0453083809880894,0.0897048870378678,0.135280982383659,0.0585728255526937,0.0578278060256853,0.194709479985794,0.0553774839885438,0.241454541032286,0.0582916127334767,0.0823658626274172,0.0788612554398299,0.217085002758322,0.0832789317517685,0.0845335392925787
"brevipes",0.130745345532956,0.12890461376624,0.146181893399163,0.140101276541046,0.237027228072431,0.106978347728875,0.155790998139347,0.146443313740596,0.140477140331397,0.235356898805931,0.194157706437205,0.17857867473853,1,0.122910376200793,0.129012278758591,0.106152064775529,0.0944501958092914,0.139284708745625,0.127903045694482,0.0841951485376789,0.116275486031469,0.137676827171106,0.13432141388225,0.15148078199931,0.105166178248861,0.229748443514194,0.121373681438488,0.107189636468269,0.127589117360325,0.11644107340243,0.134504393108138,0.216264630447856,0.164176409821959,0.118656038725978,0.230708505590685,0.141179313553232,0.106366680837061,0.126587792111345,0.121450476549159,0.135265620420027,0.239746416569243,0.111279163644827,0.0622304984493227,0.122254182040951,0.149934035771262,0.0965512038805673,0.221327000737225,0.138229815158236,0.246786945945434,0.205237335609499,0.0986038154707553,0.162786257695463,0.160460265050958,0.140759296529728,0.11489215228659,0.130098216933567,0.111252446000265,0.132017855441137,0.180398825245551,0.109662100083307,0.143603709469706,0.160068880021921,0.118762007973814,0.132735937734,0.165651176998892,0.154293707943888,0.141541533000057,0.154985912012351,0.116516523688647,0.13508175433177,0.19797113004376,0.122419175369953,0.0928161758883935,0.134739477486991,0.133796585970895,0.129969817961082,0.086058671218374,0.130052565644516,0.104923256763803,0.137122004278539,0.167419149299787,0.162910886155905,0.127744238584302,0.124426278930994,0.0872527678666114,0.161294262700504,0.126693157963831,0.125812515876849,0.107626283459694,0.21919680749688,0.137537363582271,0.216171049039813,0.0786084899628985,0.114761613725548,0.144392907385286,0.209127885975514,0.10019278839005,0.160684979793464
"capitata12",0.349141124507768,0.424359105261966,0.135154015163349,0.407083306974538,0.241985553109781,0.0731420379285482,0.186741523155285,0.246187555273596,0.437855717985991,0.260508835459637,0.110986879003165,0.0670127195074243,0.122910376200793,1,0.514807439045355,0.308959095556078,0.0916417168518033,0.247681706159614,0.13970343377713,0.121968866880467,0.115868214864302,0.13136013200574,0.209981264126702,0.136010495578024,0.130461339946058,0.137468215009763,0.510507887428122,0.191881762920158,0.334461083035446,0.206261653925732,0.147255535585984,0.115374816471207,0.218480884809881,0.174986100209139,0.117476398080867,0.362561799099426,0.150355185123549,0.115745154443991,0.114720027552181,0.175950418679803,0.157511043888481,0.23095557776052,0.0786569466306786,0.37833773303782,0.265706951387687,0.15040823519389,0.147768157018068,0.199061512961633,0.265529962670839,0.152914966094749,0.0535710690071798,0.246115056433145,0.2728628359138,0.145092574293021,0.138010895999254,0.529752262186606,0.178312085461594,0.122389827714004,0.142036929155805,0.137397660606006,0.167689739388462,0.155959752283629,0.134738227655901,0.200369226618767,0.408974478473271,0.235971935666408,0.161034796701527,0.495432463468303,0.294731791548789,0.256512010540342,0.111759017672484,0.316292311192954,0.13149391798832,0.203657242936378,0.352582399333977,0.232923100728304,0.159454506925321,0.171225780013127,0.151439147657845,0.365608290400046,0.281533987857069,0.229737140550293,0.250261982680864,0.676892415191305,0.169511370414755,0.166059024741633,0.16834376876951,0.167623160734148,0.343912590334041,0.19366643393984,0.17749648419813,0.141701893106249,0.0485462214385235,0.123635679648197,0.13469532377223,0.148357069061455,0.117423625371982,0.269747635950606
"capitata33",0.29845846813108,0.338582799073454,0.138404043587908,0.415181703829226,0.232231473120008,0.075704393798596,0.199454672158436,0.263129811494992,0.608434965721577,0.232193411120573,0.127662819259724,0.0727183388967095,0.129012278758591,0.514807439045355,1,0.279599653238022,0.106933299540004,0.246415984391402,0.178990715143686,0.156060308457939,0.128122306322832,0.135379378496288,0.272253332467635,0.17289024531617,0.164097003550724,0.168726960518032,0.470866690062468,0.197551793660714,0.360135901396639,0.221732417260683,0.159713665119715,0.12414582048211,0.253583459920431,0.177854516789555,0.148681568586248,0.360112992401276,0.16547388586844,0.154164088691211,0.125403910296038,0.194760992152078,0.160822948732053,0.214244417916929,0.0973357585311848,0.326065947990858,0.265256216089577,0.143622844309608,0.153865189484978,0.208817165561914,0.26100222327305,0.168453131226443,0.0598602331924128,0.264368744011253,0.3043631396185,0.165259087445427,0.181827684064392,0.398635154031107,0.211776688524019,0.119499579779473,0.145887427782694,0.155749909136436,0.189505644647904,0.180846787908241,0.163908152940431,0.231681579838192,0.350527144817395,0.218520431676948,0.192940596212194,0.37772609968486,0.276067135846119,0.280594219002561,0.109820357010239,0.258586311347625,0.141045943215099,0.213009077136866,0.235052308447168,0.20134506401207,0.16112344056245,0.159557664999575,0.189686720590745,0.312703892505988,0.284950916682682,0.286587640401789,0.235249029925308,0.448248059431765,0.208058186325423,0.151033242910115,0.186993600308204,0.161835073036198,0.303583371331808,0.211848697917494,0.162695519343979,0.177331966585004,0.0614440900424524,0.132828051272432,0.135654539227806,0.15614599144237,0.0861648375583152,0.251860469632571
"capitata35",0.177935577161899,0.24746994876909,0.12261573318798,0.294063934841987,0.166414148365016,0.0644099300194011,0.155543204899258,0.177179138105667,0.277811594052654,0.170316116845841,0.113208646306153,0.062466699986455,0.106152064775529,0.308959095556078,0.279599653238022,1,0.114391758085926,0.190322230595315,0.0975770816300602,0.131200445334269,0.109770636395086,0.110695108866219,0.160612762548664,0.123190567027535,0.108591206475726,0.11689085531749,0.212187907822141,0.113694335501501,0.150632603736005,0.222077525115386,0.13371494755475,0.0950626627513349,0.182749350899028,0.156059307716709,0.127604111562108,0.219223233831844,0.125990315892588,0.105762614969378,0.0948783442434562,0.129895929724195,0.128350599598453,0.183616178645031,0.083251369727061,0.200344230152622,0.193652597080997,0.0803239699465035,0.134878702153694,0.162387094839478,0.178586934765948,0.15120246115574,0.0575571716469267,0.203590790963301,0.192546862694052,0.124213845863908,0.107909882124957,0.250459865950785,0.171713411242933,0.097158805095597,0.126815055703689,0.108580485590224,0.131513402596054,0.121216048068341,0.131018623984176,0.152353174647417,0.253496234705966,0.153835216153,0.138107506064602,0.205646432924994,0.191828676898697,0.18994236267255,0.0953391524804363,0.138530694770267,0.13755257904221,0.167317870991332,0.179651241070675,0.149675497320334,0.188669088710719,0.119180352723248,0.139018217088943,0.222899533966416,0.229240354206262,0.179078864827931,0.182762494298601,0.21079306730086,0.131360102262122,0.115154179166381,0.135400921548073,0.189911029579865,0.171167009235662,0.166279781186957,0.136103437208378,0.101710082372564,0.0432986605083953,0.105314706607761,0.116741379650652,0.0972966944607111,0.0788234956249054,0.180736990719363
"cayennensis",0.106632267347507,0.120540556383859,0.0934350381405874,0.122501409142649,0.0935224724338668,0.0714071029442516,0.119829012321778,0.101929390432524,0.100990464675269,0.103656710467295,0.0938346368624111,0.0548312056778707,0.0944501958092914,0.0916417168518033,0.106933299540004,0.114391758085926,1,0.106856340704953,0.0759978183741136,0.0861510074385423,0.0998335840444223,0.0983349353778477,0.111059991121422,0.0997835319631482,0.0779802457111253,0.0921617125453479,0.100387112088465,0.0817663523980785,0.0863580824581749,0.0952914454305539,0.148431608594821,0.0805175440503063,0.125184439022319,0.0841346015697556,0.0954363203056953,0.0973123767344304,0.0898567668761096,0.0983566370211091,0.0749180402159479,0.115022847241272,0.10951695482152,0.0888302764753637,0.0434535383398257,0.0922513454313232,0.112648245660128,0.0944678353141325,0.114328870464858,0.0933317750735794,0.0950857568236715,0.0792769153587644,0.0830022504968965,0.109804159173225,0.106115371758454,0.104246260700399,0.0878526486771603,0.111033296670189,0.0952749496851018,0.0945116757037959,0.0921110453198721,0.100811525332607,0.112104386311768,0.126262813987409,0.103623588987447,0.106457618376965,0.115205067858442,0.114736920189842,0.0980538450021739,0.109619739472451,0.0936267256442989,0.104257523264812,0.151518658154833,0.0863416855834028,0.0801911693361229,0.106850107604503,0.101051148716391,0.131179976510746,0.070162660624003,0.0815259192153668,0.0959763959953311,0.124707011410621,0.112934485787173,0.0965823693906899,0.105258896537296,0.0899291978498427,0.0645428520551092,0.138251994746603,0.0816592991331654,0.0922333862436756,0.122238140474732,0.116163661663481,0.0834673122259457,0.0896169184916652,0.0432264325744194,0.0866629765510748,0.0946963327594085,0.101907843764185,0.107083165129856,0.13049445394851
"chartacea",0.219791003053031,0.356215516320833,0.167104653512358,0.292197178551947,0.212221738643199,0.0858848060317186,0.213757689750252,0.203013802775062,0.246299452278645,0.191688582477435,0.131742623608282,0.0845283368259651,0.139284708745625,0.247681706159614,0.246415984391402,0.190322230595315,0.106856340704953,1,0.132609257645332,0.136972070170367,0.140802706287593,0.147662600541745,0.253338517081765,0.175046478245334,0.128363532399883,0.151471623719109,0.217975340444837,0.189604153355391,0.179173082564324,0.174201840117936,0.150730401917694,0.145903568153322,0.253681614852861,0.1825594172961,0.132394114472218,0.212049613397028,0.168511592924228,0.122440711359296,0.134991756651287,0.168385329108961,0.162837201039475,0.363988514420238,0.086549433130912,0.358783595678629,0.199727834207243,0.128935893853266,0.1530567326291,0.203447299067162,0.235919612921587,0.189822167859837,0.0760217550175184,0.207597950409128,0.249187302035512,0.224333141692776,0.138888751711823,0.232860754794743,0.199140536607726,0.152352502392238,0.140785015095628,0.155494958539283,0.21968080916938,0.163863542267034,0.178274426495129,0.201506671501625,0.263792370434475,0.245998151799641,0.179252478345404,0.270542840659996,0.230671383990905,0.339115687711716,0.109951298757822,0.168887655953464,0.147676550085479,0.257580678557,0.183994035018751,0.213808841965995,0.138679360376756,0.145041001269632,0.14892285814853,0.273957946614341,0.255493980308737,0.240870573301406,0.18223391672044,0.23580883973583,0.115000065814737,0.179202827703509,0.177164073518795,0.18233227673219,0.19260851666712,0.210997766860766,0.175227647569509,0.150021241499987,0.0638171482097565,0.154912707394136,0.191965618956899,0.114054912454091,0.111559052992176,0.253520024878279
"cinnamomea",0.108956213729999,0.134057146468199,0.125223735774303,0.147430639268061,0.109603704152404,0.0972799221205574,0.15963252363554,0.128806483309512,0.133824569958151,0.094608287871298,0.097498396229771,0.0680913866423197,0.127903045694482,0.13970343377713,0.178990715143686,0.0975770816300602,0.0759978183741136,0.132609257645332,1,0.0836895688876083,0.124558169250841,0.152994928453511,0.175639449728838,0.151324104498973,0.169957076936207,0.117923364210056,0.10547065654892,0.125884397172413,0.139955661195773,0.105496531198987,0.174533511542534,0.102273541433408,0.203872809460393,0.145457632149758,0.136714095341574,0.106054308312744,0.10563399158736,0.100655721290547,0.140400022600237,0.240417680893228,0.141480108107362,0.104294209302213,0.0773937879620358,0.108810697536433,0.150459382571275,0.17136433922688,0.135901550383774,0.103799803609826,0.116176265969427,0.113816030335904,0.0796995306699749,0.11324359645331,0.158705103942227,0.126649847491185,0.130323870221092,0.10508725409297,0.133632069123841,0.123341339033629,0.0825776226330425,0.166659185714186,0.138846951523513,0.158678938495832,0.144294705437433,0.142853848177451,0.128949000112777,0.166517310338055,0.157360486197802,0.219212974368847,0.125191838576577,0.11792307376533,0.116957230822964,0.0824548524443695,0.094426331057411,0.132385747804198,0.199891212234275,0.134278585537958,0.0842589273440016,0.150550982946777,0.11621023686219,0.121464714416133,0.144989809857865,0.189185660377734,0.139707796313106,0.112417672801373,0.0979553397682894,0.235722945100755,0.12128186381052,0.113565607049266,0.0863583679068317,0.107438278427855,0.0930806218292341,0.134318929067778,0.0643715015476857,0.126283305931082,0.116220759278989,0.11114103937221,0.242630836758197,0.162857526409457
"cocleensis",0.108323920842427,0.133786024561498,0.137220968271128,0.146241007197765,0.123357251297344,0.0611609851008957,0.104401461233671,0.130539266166952,0.189656175935201,0.106891058158756,0.163944856406232,0.0643780696039095,0.0841951485376789,0.121968866880467,0.156060308457939,0.131200445334269,0.0861510074385423,0.136972070170367,0.0836895688876083,1,0.127914335317775,0.0985761562235935,0.155099044411959,0.140738067665277,0.0940203825980612,0.11042922222515,0.138803424948161,0.104491315946949,0.103329305246077,0.160130174734913,0.0916493044564278,0.0779885655357428,0.120235963063012,0.0970865529318807,0.0909420523086682,0.148419556053374,0.0922271158153559,0.0946889918984182,0.0741393582424557,0.109781829198496,0.140466647775261,0.120549178512179,0.0827961239621248,0.136108227104302,0.111847629944004,0.0599377479337573,0.0686613942654744,0.134963065570401,0.110458455860368,0.104482324762655,0.0721146885965559,0.124030565556576,0.137622163140097,0.128423941317946,0.0940106691378563,0.131207342807337,0.135614078795422,0.103959671504484,0.0796117798371537,0.0782919952450707,0.109499181685082,0.103177889621219,0.109134551385935,0.141059926197229,0.145387341673598,0.119378445393509,0.109075692805399,0.133745380836936,0.115564053618243,0.140552881497862,0.0683620435201021,0.103986557394324,0.167808104889491,0.108531928386252,0.0820319006482463,0.085595920842396,0.108858476112394,0.104179579310589,0.109630768765929,0.146971854074707,0.145657659197135,0.116159751722779,0.0849436813287208,0.129265620369748,0.0979819847075558,0.102592865631354,0.0901221451343122,0.130572482414772,0.121052958632176,0.128352614872418,0.127008774457486,0.0742011918109901,0.0322099676775021,0.107758622170453,0.101358836406862,0.0665626037282285,0.073788967530213,0.117976995773607
"cordatoalata",0.231046793970934,0.134927914216376,0.131193856892005,0.176744789600351,0.141894725111252,0.104108388803231,0.165427511915464,0.113570286994033,0.129154418982778,0.110094583058085,0.115510698743584,0.0869717334654042,0.116275486031469,0.115868214864302,0.128122306322832,0.109770636395086,0.0998335840444223,0.140802706287593,0.124558169250841,0.127914335317775,1,0.168470113559133,0.158098121310295,0.206531996207542,0.143868495925309,0.125207226023769,0.118850329764795,0.111539729567185,0.131579159465574,0.12102870617249,0.174144955487859,0.0971930734756924,0.192986475518704,0.0868360816474152,0.125827623374487,0.133751654963195,0.1017682316249,0.0956849740680767,0.0993528403976104,0.146820476737665,0.153041453381369,0.123928396689885,0.0797304517818293,0.142535683607295,0.160059057917235,0.0835529610204358,0.111501131311756,0.123266295942615,0.144878875252233,0.114254575868572,0.137011505080785,0.13256286302146,0.135951941114121,0.148682835001565,0.0933363064683943,0.122881094659835,0.139291036280434,0.14002841396163,0.126009740535442,0.131915419072462,0.146026370208983,0.189285000119908,0.147580791727363,0.140847910530438,0.144360429602621,0.175709274720105,0.175576710921267,0.14294254303139,0.129948801189947,0.15555029419354,0.099311251608707,0.106384493297719,0.125174632367597,0.138849485537252,0.153492474641374,0.133459042152987,0.0739696176843008,0.108460822331707,0.140805353038487,0.14836251654425,0.151129467343726,0.149303551295392,0.121170072398585,0.119099814407199,0.0887916787776275,0.13533027239395,0.114331837058302,0.116574121884792,0.107840231932697,0.148667588194614,0.0988278136480184,0.0977066480149684,0.0547176347800023,0.153720945996216,0.132663858317702,0.108637690557121,0.100703189384589,0.184401538695764
