"","acreana","acrocephala","acuminata","alata","alba","aria","auristellae","bourgonii","brachyrhachis.aff","brachystachys","brachystachys.aff","brevialata","brevipes","capitata12","capitata33","capitata35","cayennensis","chartacea","cinnamomea","cocleensis","cordatoalata","coruscans","cylindrica","edulis","fastuosa","flagelliformis","fosteriana","glomeriflora","goldmanii","gracilifolia","grandiflora","heterophylla","huberi","ingoides","jenmanii","kursarii","LA17","LA41","LA48","lateriflora","laurina","leiocalycina","leiocalycina.aff","lomatophylla","longiflora","longipedunculata","loubryana","M18","M25","M27b","M30","M71","marginata","melinonis","microcoma","multinervis","nobilis","nouragensis","obidensis","oerstediana","paraensis","pezizifera","pezizifera.aff","pitmanii","poeppigiana","punctata","retinocarpa","rubiginosa","ruiziana","sapindoides","sertulifera","setosa","spectabilis","splendens","stipularis","striata","suaveolens","subcapitata","T18","T21","T29","T50","T51","T82","T85","tenuistipula","thibaudiana","tomentosa","ulei","umbellifera","umbellifera.aff","umbratica","velutina","venusta","vera","virgultosa","vismiifolia","Zygia mediana"
"acreana",1,0.155755436671139,0.101937535431656,0.30933957898758,0.11075337270302,0.11657275453562,0.192367100258054,0.115810594129232,0.165604352909874,0.154831097653491,0.248622997856967,0.13766243235145,0.17294226596973,0.181528297328488,0.160913748479894,0.354576427474331,0.148414155975613,0.163584330725678,0.112984132479417,0.0923208714972417,0.167107182469006,0.14538202280392,0.211780165118422,0.108837360607695,0.170475876850648,0.124721608288823,0.165219742664926,0.103953793500018,0.153704120079595,0.145280514236413,0.149453899282741,0.188780798147266,0.169420959778176,0.139023878135833,0.15047098668945,0.122204845012079,0.133589914034253,0.139438965958141,0.144470262691436,0.144762955906617,0.155502244959264,0.101605825277604,0.0843657364065659,0.118701235815919,0.191055100952841,0.125953664759594,0.151396485135558,0.117940521130202,0.178610552503718,0.198998656732329,0.10050166947275,0.096829232965076,0.170141109397068,0.123606677535962,0.139526659083628,0.132225917179462,0.16118280425803,0.131927614841844,0.124570941876463,0.305258401519363,0.238738789957276,0.157405138053833,0.119720508321735,0.140596658973441,0.202629646111966,0.219464075249099,0.152969303398442,0.290089467265137,0.125375227080637,0.34028486737777,0.139883945180641,0.146124863507002,0.127986053505843,0.199355979667727,0.227300844765523,0.147960043945015,0.13643533545745,0.0848341317747113,0.184800388496487,0.157435561725029,0.285462335199632,0.200424879137355,0.118953430887588,0.20941875088255,0.132287231034762,0.135790180354661,0.210687722330346,0.128912755902693,0.139823183140482,0.128605763742791,0.221489698896084,0.143549678734166,0.0749901747266337,0.154322591716398,0.167038799483377,0.138500888946282,0.0975893313711554,0.223513343839413
"acrocephala",0.155755436671139,1,0.161381808347319,0.222627798582512,0.213040924375127,0.179372758867138,0.257327001413764,0.133552568438332,0.218861629741781,0.174411655281727,0.149686094979448,0.148731772405695,0.20283875969408,0.224790833322693,0.232699027872852,0.23473739000393,0.188450213346936,0.239507727970572,0.172258922747895,0.165356982762631,0.233303530929893,0.186159174603309,0.254789055380629,0.206058705066279,0.177141735510882,0.192852013104751,0.202387487597936,0.188450216910407,0.208650582543462,0.226822033292231,0.229172755634129,0.183204753324214,0.253469014773366,0.182552820704034,0.178279049104055,0.166222316862406,0.227031396005538,0.189839415343564,0.180462201357511,0.19976953458667,0.252979089080013,0.259861871143389,0.155747890096426,0.233849579271846,0.266706896215274,0.178336198839872,0.167173735976617,0.234963297407468,0.165023895682349,0.223740509537428,0.14522089766626,0.141049916753134,0.180800211336613,0.205911190960249,0.231786374052599,0.201974922796357,0.213584031309824,0.192989468025384,0.203955558986634,0.196620448698302,0.261667740236732,0.242996431742652,0.194209384464905,0.291446743157529,0.260617962210802,0.258983196307229,0.208485248190105,0.211496490502648,0.174529842589408,0.174698875284422,0.188330550669928,0.162321438681252,0.215738192546627,0.140490271979844,0.171302083808299,0.189431573853613,0.233401258116609,0.14011847480886,0.222512362240074,0.264360413312314,0.166482219949221,0.181888587766758,0.21302834497362,0.0784347729430562,0.133185857315335,0.176945811629162,0.212477371911243,0.172770063004287,0.163058311499315,0.308488925129369,0.139614739626555,0.197688286231514,0.123010186060233,0.223827131429365,0.233427948904297,0.150131264500787,0.205916769434432,0.241667464579473
"acuminata",0.101937535431656,0.161381808347319,1,0.150150374778405,0.117800790454385,0.1158034327016,0.148511746000498,0.10430880727484,0.128993053286071,0.109494773701827,0.0863997697125574,0.100261614297624,0.137319265555328,0.166841424407728,0.126252444751399,0.0945689496040722,0.126501923064118,0.143728238219438,0.19491380798817,0.0924509418731579,0.132864448461284,0.120814282251858,0.138362638695311,0.116680620686451,0.137642992834184,0.109961263645432,0.132473507992634,0.108662777625558,0.132853424780569,0.137154698950525,0.145957696104906,0.113723227258459,0.15320836415733,0.119155899807152,0.14917941853793,0.134581046451185,0.138788948521773,0.107887993796188,0.118774052386192,0.128340457063541,0.139420402260922,0.10961741491543,0.0995447986094358,0.123803099312279,0.170643923734036,0.120448555800318,0.123509317641179,0.114811241758946,0.128916960680801,0.121098918630618,0.123323113724603,0.107893114919621,0.142608521856348,0.12460421141159,0.130552964534095,0.122552826309527,0.175772356434974,0.132984586990151,0.121092412237146,0.129746134434214,0.143631988333159,0.153130055832485,0.147303814403671,0.117872335555908,0.156089342262648,0.153561232916103,0.130325225291901,0.139706218320272,0.112381619573268,0.113296458532965,0.134669310261654,0.110628785140739,0.144250604685545,0.126216903624805,0.137426164687718,0.13688488610535,0.15930480070637,0.121239498553498,0.142587105714882,0.158285409563221,0.116342982102974,0.135106563335708,0.109779491527352,0.08103173687168,0.118794688036662,0.159792656006379,0.119448935315533,0.110110411659805,0.096065740141196,0.129149055422579,0.0992695588853288,0.134779176750176,0.0742712860100767,0.165771103740675,0.131486102961591,0.0805789306837161,0.171280328435283,0.136585534658978
"alata",0.30933957898758,0.222627798582512,0.150150374778405,1,0.200511178005523,0.129085021983172,0.25877316387437,0.128798530462177,0.185376265400938,0.132980997151407,0.153406166018766,0.200592154841071,0.182044238007022,0.184154936723646,0.188398032788829,0.206009966449116,0.151457291998059,0.200252420119319,0.132817519297875,0.144108462550327,0.197060052976007,0.183082885281574,0.216056120753755,0.179329971523233,0.192666223315544,0.16170240333886,0.149612560447315,0.149528740929985,0.192104669290433,0.194892885170067,0.189847296487432,0.199891448179878,0.21835235603944,0.142110503700339,0.175903878773369,0.15731076597184,0.173375378169247,0.168575234084262,0.157776175878829,0.16842304255009,0.173335643520749,0.142849238206442,0.148995183621677,0.190113693740067,0.199420228698156,0.135357065737912,0.172959136228625,0.189310522390957,0.157374294148244,0.212091932968807,0.126609369914246,0.12852432319292,0.200267651894845,0.183368060762565,0.175102743104889,0.146089680390597,0.191070933464971,0.175799411874555,0.181887657082405,0.365539895085799,0.218490419828888,0.247747256005986,0.201199023377968,0.204581711525223,0.236468572435644,0.222278067219737,0.165628260527519,0.259865137958238,0.16818703176411,0.332554350771766,0.160294454969106,0.139525665769756,0.1583529946725,0.178254044662027,0.232886019889799,0.193107416103483,0.174612568836384,0.122043961550618,0.175256356855272,0.204261207518635,0.321819006698571,0.201754204791823,0.149127632151708,0.120830557174381,0.137527760318392,0.182612765597155,0.266759891547903,0.178247925200678,0.140213648452072,0.200672349469913,0.15262982755293,0.190305688810667,0.124620157414052,0.225513837331545,0.185377910128361,0.143937421956005,0.145026418629375,0.240091806011652
"alba",0.11075337270302,0.213040924375127,0.117800790454385,0.200511178005523,1,0.19851566048495,0.300614555660889,0.187974261001875,0.201471896896911,0.259979054191035,0.204443673321194,0.304135026080717,0.313346211657396,0.225699640902291,0.222128671863099,0.134823393801954,0.187076502002647,0.218898240344391,0.162009822291576,0.130504936729699,0.187571139325579,0.163628678636284,0.249462827036146,0.183018735997843,0.175089416693772,0.33487269207696,0.211152085213206,0.213743204715517,0.17025077943603,0.218921078371501,0.215263499806086,0.276240342547816,0.241411169490308,0.188555753858178,0.297296277187798,0.141595983340583,0.200857622834169,0.200956588317719,0.210908065390035,0.177914243580102,0.327489171193199,0.143351254782809,0.255776953609538,0.247664709157512,0.233324965831611,0.191590066601322,0.254748557420728,0.161060267728447,0.276877167220865,0.266808221949009,0.128975600670136,0.150872637943837,0.182544086360156,0.188783143634634,0.20213817418198,0.224199993685168,0.220350713558744,0.204643952457397,0.352176724737143,0.241720751970744,0.206194142838113,0.190181452713475,0.207405629417143,0.28923772949315,0.218475622179562,0.192978035244967,0.225502218115332,0.244096154364972,0.317720598589363,0.144129957339905,0.305851973037602,0.111779400597214,0.246648039661595,0.143897720812169,0.136355932236832,0.233273042060585,0.315098519921225,0.149342561711074,0.202859836770743,0.239973648236843,0.201598011061009,0.189594879278091,0.23826660658928,0.0616891662986687,0.122201172331828,0.182074184174541,0.293681738536398,0.207711577358199,0.178948748217344,0.327984119136269,0.108056644848394,0.287239809073232,0.200507044806813,0.374271767115493,0.252219536394655,0.23482968982523,0.188335915972959,0.224116617988273
"aria",0.11657275453562,0.179372758867138,0.1158034327016,0.129085021983172,0.19851566048495,1,0.213726639889521,0.0966499792842193,0.29720878380924,0.205457468595424,0.100872516913202,0.149405215826212,0.299017253615165,0.16845322831637,0.226090253560216,0.102534785377061,0.207599096693506,0.209687874826473,0.203948070962641,0.102804189248968,0.178819288659175,0.130052491962611,0.320325526154678,0.129066128361147,0.134674714721592,0.186241971572724,0.300634972341811,0.223541857826204,0.149530446290329,0.195830827016573,0.182983931876951,0.157661564480926,0.202452396960698,0.368777687738998,0.200705930947474,0.118678308061469,0.199878314366815,0.185543916731211,0.306703389845864,0.197885136232589,0.242339683604085,0.111247346322664,0.138383389404083,0.245646660897719,0.228824212368794,0.297631189972757,0.212916838170759,0.122758593924482,0.13681395129386,0.136895622852826,0.130189747466258,0.124030913373593,0.135169885976779,0.144472509830949,0.235583463804412,0.262688621992019,0.194875457321599,0.158989018968466,0.279260163263832,0.182986243511783,0.213765092301282,0.151843879989818,0.207097143515355,0.222632896089316,0.221594162389823,0.220405781394726,0.423091836707525,0.196221174372496,0.174647558318011,0.119962713538311,0.17412247560195,0.0648663644218079,0.245899389472582,0.125374500901329,0.101682778788808,0.201251997213161,0.199840259562529,0.141923790060519,0.284208227152307,0.193741551411725,0.177865177500608,0.122118178861517,0.264180062386938,0.0508140774548829,0.116615041374303,0.139722849020447,0.233283122393614,0.233160887937505,0.347164274948535,0.152429196891899,0.11229472165347,0.14501171290133,0.119232755464047,0.187743298593448,0.262309366609451,0.122355721099146,0.139807225032905,0.170249041670899
"auristellae",0.192367100258054,0.257327001413764,0.148511746000498,0.25877316387437,0.300614555660889,0.213726639889521,1,0.21411076672368,0.244445139870347,0.186983475396169,0.183481944831935,0.265793064549786,0.256597033024571,0.275636807666275,0.238419938160495,0.238812130031588,0.196801971409515,0.2783363307847,0.187143789465844,0.138398403032047,0.243380230948061,0.209554604449388,0.279568159850645,0.208973990381929,0.242266764023473,0.229838397245954,0.21748259377679,0.203274104402269,0.254075205932511,0.264137465327645,0.233637209334701,0.248684848064406,0.291632833088252,0.242614207740159,0.22007647458612,0.186354405615127,0.211276401068862,0.262079932983143,0.255531512830672,0.198392723114009,0.294164067470559,0.165710326399895,0.190595728335206,0.269655519733619,0.287831649150745,0.205040426299157,0.18975798559042,0.20260926421794,0.196368746797334,0.263250793362711,0.144497839317627,0.21686405201294,0.289070552352863,0.230154803793164,0.237172695651002,0.22835576467903,0.240658731052172,0.220160023382453,0.26345078791072,0.324397943768378,0.325325363998775,0.254881049905825,0.208974967609544,0.257255366015081,0.285398535133214,0.30651189158695,0.226071619155847,0.379106356871328,0.231820212722376,0.241575741941176,0.249660437637095,0.179734280513165,0.224964076177074,0.232731789470172,0.206962853883532,0.295955567155658,0.251470875580798,0.152360485873863,0.234473237151732,0.304105598675806,0.291275949027873,0.232288858591002,0.302184239710289,0.135234883117648,0.166720708394736,0.234069167950386,0.339706028394748,0.19263529230788,0.173007146578417,0.239571509474069,0.222565145460906,0.220575498403112,0.185012203918522,0.288342169820777,0.342996818770398,0.14606876292523,0.187479730363846,0.318299000450544
"bourgonii",0.115810594129232,0.133552568438332,0.10430880727484,0.128798530462177,0.187974261001875,0.0966499792842193,0.21411076672368,1,0.14135077515099,0.0922309486379165,0.164150232684389,0.209543313449302,0.13609344348133,0.160656202724934,0.134899140767413,0.132371264379018,0.118329841168709,0.157600676156261,0.10918458254844,0.104783880112786,0.157082601356787,0.151947683500273,0.176502154748803,0.144843464243563,0.154133925284793,0.132643899745039,0.131963180086513,0.11595394037225,0.128035033824471,0.161484873965674,0.141625632096503,0.132862450625387,0.216560650644695,0.131130996532912,0.117800797278323,0.136698229859075,0.11466062019073,0.134665075783185,0.146274070806942,0.16994842585885,0.163321646077311,0.103737591724545,0.101730951093386,0.146990431087753,0.174531865914509,0.0929030351383353,0.0877774929013993,0.132688481128385,0.129443057937207,0.139974689809137,0.14271726478933,0.131185321348143,0.20121421539862,0.163549139254171,0.167256989470451,0.255523653673766,0.140142327136909,0.157442383186194,0.134818434027782,0.119365780512534,0.15984073798163,0.16985074493613,0.11655097228807,0.143792181055118,0.140701538263459,0.167515498841885,0.100087752770684,0.172730151851,0.113875457364986,0.133259039350013,0.114932293419852,0.114359532735832,0.115953584837707,0.124434035898737,0.132944458885696,0.146215830536986,0.119372750373869,0.0942443352528729,0.121177744246215,0.143927442434928,0.119704589387315,0.169253179231445,0.115281402103015,0.112487926652532,0.100756993788003,0.197406154500689,0.18544853552448,0.127020635060293,0.0835189232201185,0.128197605784015,0.143192710049894,0.102759841269798,0.0923397174235792,0.14860675320304,0.154704434274071,0.0847963157576408,0.123949300622962,0.165293092044288
"brachyrhachis.aff",0.165604352909874,0.218861629741781,0.128993053286071,0.185376265400938,0.201471896896911,0.29720878380924,0.244445139870347,0.14135077515099,1,0.207979799950255,0.13754240162464,0.160514858813706,0.321879544435105,0.244861882229983,0.402644955509905,0.184411903394161,0.218119286763938,0.278722366067126,0.216534992098878,0.132850674831355,0.285784849545484,0.234414514161894,0.36090371887754,0.195707950233822,0.188863549016037,0.207010192571669,0.327664574485634,0.211388651524662,0.219771322242026,0.2586222889942,0.230966766809393,0.230181125400736,0.273333643589349,0.279989568131531,0.196026608957732,0.160003333047947,0.243100559790126,0.196142180158757,0.24672842659516,0.20709812655235,0.299588738992056,0.157300874902245,0.152983921254809,0.257133581356553,0.285692743277427,0.384678417875791,0.203296179400835,0.188820164371784,0.237771858071027,0.194625192504861,0.183536469332761,0.174590128980814,0.190703571892151,0.190323904729651,0.250000971050108,0.219243566995395,0.268162395700123,0.185307127322654,0.247381174779813,0.220815215511383,0.268697015502319,0.267036557518788,0.298066533223405,0.233640354593049,0.294389126849146,0.286188457406105,0.352003090179077,0.251117546676725,0.233945464967018,0.164033700858904,0.308438845980247,0.108581460323999,0.22149245908697,0.173808642126429,0.157126486376877,0.38564674460999,0.230718314930402,0.180357866101669,0.283057810128298,0.242792572726051,0.308955515343201,0.169884692646103,0.198475307880084,0.09001875482446,0.142547344710359,0.232594346962285,0.217272614897817,0.273160251854321,0.260055399283178,0.203247795272951,0.146093678209324,0.206332723912429,0.143562681647526,0.222348883178229,0.248055340194504,0.191365243345604,0.159196947406082,0.199139657622244
"brachystachys",0.154831097653491,0.174411655281727,0.109494773701827,0.132980997151407,0.259979054191035,0.205457468595424,0.186983475396169,0.0922309486379165,0.207979799950255,1,0.34542845415131,0.267815809961966,0.38773183879674,0.169102447405518,0.214580268722874,0.125830466524887,0.210134407183653,0.290462433126098,0.126360159674447,0.08387343983491,0.214507409184973,0.135940021622672,0.279706144405094,0.133198473571995,0.144930907430793,0.383356482851092,0.280710608726024,0.157653604680184,0.140549854197734,0.192580283885016,0.188338793174652,0.438809847496929,0.18446924378404,0.255077025102533,0.372965523847166,0.122440231439734,0.203291708866309,0.14242813059777,0.20101772081308,0.218609284569058,0.406452955728706,0.101741184722132,0.115076414831139,0.164814597177685,0.288809503974662,0.324572588981175,0.390493563752595,0.115117259838449,0.332695824775654,0.319111474943609,0.103076887846169,0.0965158194439627,0.142112715065558,0.149149851906503,0.181456544271123,0.212717364199557,0.183694608458132,0.140217316705502,0.481670520518619,0.187588582021688,0.253775267052123,0.159521796215403,0.144948681876692,0.158272605963196,0.255010204186585,0.216159495102734,0.312478391961758,0.163253984797106,0.171776678540219,0.134389091522827,0.397226000409763,0.0802185078828212,0.153203763538917,0.123215231737874,0.123884635025789,0.175783092050524,0.162521972416808,0.113921182636582,0.284043298795792,0.180457471098726,0.210279939874409,0.165449423782373,0.200337785752087,0.0732550183638921,0.113613239168506,0.158828317886265,0.174030745233019,0.22022720898224,0.269364932800438,0.31296808837306,0.135513754293636,0.332000264797496,0.107955613009179,0.175701015076705,0.262046582847505,0.414012609504615,0.141152403233254,0.187110223306835
"brachystachys.aff",0.248622997856967,0.149686094979448,0.0863997697125574,0.153406166018766,0.204443673321194,0.100872516913202,0.183481944831935,0.164150232684389,0.13754240162464,0.34542845415131,1,0.35439580506843,0.273240135213951,0.132147691271615,0.161708043795076,0.334265061438817,0.144597401558044,0.17302938270021,0.0938607240640824,0.0871836159555715,0.148888179494148,0.149204552262222,0.254956882016197,0.107314980859276,0.161096224533264,0.267710151428615,0.150125975794396,0.116982522595551,0.1258951100678,0.151638756847417,0.163775335285289,0.384275650292347,0.138849314709183,0.118185961595209,0.30958486676002,0.136990981730772,0.141255888623468,0.110954252662748,0.128428465416508,0.148732203462616,0.34632104127469,0.0900145088334164,0.0844950533259378,0.120976561021753,0.185368108929262,0.0996793293888466,0.348144484188983,0.10827000941962,0.276508279889523,0.345882402914837,0.09971978136266,0.102735098948351,0.154924645546293,0.122199063144002,0.110375323011,0.130229502056778,0.141259809545421,0.123193359388567,0.240894842585353,0.167735405544215,0.233855525706745,0.126804212753801,0.110351671623706,0.0975970177105629,0.196177995598503,0.203619660795453,0.149754749766893,0.220357166437472,0.107066893843016,0.213930516989815,0.302444793353063,0.136375337144506,0.104197516353104,0.122031864776252,0.220067560746653,0.115927263309119,0.125463380106605,0.109492750231,0.174240916148473,0.15827896286081,0.163916129861492,0.175555437066385,0.12660989150556,0.184705514347298,0.115571069947888,0.116638051871214,0.223630198369446,0.126370358358696,0.129431207970334,0.25661620717782,0.209036501825837,0.282893051543171,0.0772439897730345,0.156245730748324,0.177383462980486,0.324349986147485,0.0917024340896396,0.241969751534311
"brevialata",0.13766243235145,0.148731772405695,0.100261614297624,0.200592154841071,0.304135026080717,0.149405215826212,0.265793064549786,0.209543313449302,0.160514858813706,0.267815809961966,0.35439580506843,1,0.274740561250009,0.155798001220191,0.161040351892012,0.158854078872858,0.120503650236741,0.153786902853334,0.136402429187182,0.102154157987366,0.142530918932239,0.158532086982929,0.224800861328559,0.132082652458753,0.185245586719522,0.30611632828297,0.141453379502632,0.130826914014602,0.149565740984758,0.197277031776764,0.135040384638659,0.316441045934645,0.150213092038977,0.129928513038661,0.292514150975277,0.125525041457712,0.15887197304467,0.154413305410775,0.147412663682806,0.120822507009827,0.304809565443788,0.109465149124887,0.12673015187443,0.172005879528062,0.179351550874374,0.127674801606783,0.313272533636711,0.134198127532078,0.284103276365237,0.352599617097281,0.0972167338543734,0.121002427785108,0.166744603072156,0.171708030928742,0.127780179436899,0.1126308888479,0.178404776432903,0.165383242725506,0.25523678659867,0.250129467937272,0.247549443799763,0.146919108733554,0.159730458044024,0.141166718635636,0.166799261314042,0.169269587762381,0.162866960402599,0.224072900810145,0.155243023347824,0.171926954056892,0.320998052852913,0.175626887621859,0.122882031414831,0.158475664600217,0.162708495777513,0.177599721217665,0.17663979129649,0.133883444940562,0.182273885813526,0.208200071215745,0.224701495862583,0.20107065509499,0.177023535928115,0.108980300338194,0.135040191725018,0.149325397039056,0.227432653725599,0.109032099797746,0.108088170398188,0.299948239677026,0.156379532783624,0.307277057088519,0.255618087361555,0.22819169059,0.240510427360023,0.2557879108647,0.14299805022639,0.199409079253577
"brevipes",0.17294226596973,0.20283875969408,0.137319265555328,0.182044238007022,0.313346211657396,0.299017253615165,0.256597033024571,0.13609344348133,0.321879544435105,0.38773183879674,0.273240135213951,0.274740561250009,1,0.209800322723543,0.284882769887666,0.154472292929551,0.239617573849067,0.2500504567925,0.171262382730959,0.122640021670338,0.22656503255539,0.19234005181102,0.403825953676861,0.157262136661689,0.201114957229097,0.342550505254247,0.379834835294267,0.18822294945355,0.175250012251077,0.23085304578259,0.224071683602675,0.341435403343616,0.232113468061216,0.331424025978002,0.30591057525226,0.162960605128887,0.2230885895108,0.218738604587838,0.231539505573347,0.260741686633277,0.352345074903759,0.135583899318911,0.157918177580449,0.231685170047381,0.339819923102771,0.313078482882432,0.309158382361414,0.164200178987416,0.311755431062874,0.302296085639372,0.111879720202451,0.153820922946297,0.180603899812322,0.207187092369076,0.254279993320524,0.252498431917907,0.235087069900804,0.169681486527525,0.348028688453984,0.25955253588641,0.292596553912373,0.192944179484835,0.197474522376746,0.212252854599536,0.289099682118629,0.26363701072273,0.444267365657086,0.218750501174739,0.2156599704035,0.168999271750397,0.397577455238388,0.111803461978904,0.178155617936775,0.152927724353208,0.150647598668279,0.261046568299597,0.225811362146104,0.146195261521397,0.357457176908272,0.235581794374854,0.286749636363163,0.202204804555389,0.242854462209897,0.0930773383431656,0.132346439727757,0.196317289008201,0.217007554209976,0.26924623017349,0.334298096003554,0.302753740012413,0.151544732211552,0.30299920056141,0.160094309924091,0.226046633008668,0.314018382839097,0.276394172003484,0.172415152494069,0.220733074253023
"capitata12",0.181528297328488,0.224790833322693,0.166841424407728,0.184154936723646,0.225699640902291,0.16845322831637,0.275636807666275,0.160656202724934,0.244861882229983,0.169102447405518,0.132147691271615,0.155798001220191,0.209800322723543,1,0.27312076158825,0.157061950039282,0.198157281862364,0.247586768458758,0.185585174635305,0.153431396284396,0.22825103804283,0.1930519852572,0.274790453821842,0.19075646046755,0.190335127155415,0.187282820544161,0.228878476484239,0.176361952053177,0.198000256074393,0.235746763999898,0.213636573698911,0.18120892944627,0.301779199967278,0.193599202064891,0.183906329810133,0.163504789599993,0.214211098402726,0.192151144026793,0.219900252401537,0.192702823482604,0.232915931207669,0.14590647251826,0.158351383935211,0.23670474153664,0.240655962652507,0.184506241025552,0.164172338469385,0.174682456362794,0.193822507972246,0.190952009466151,0.14931529002093,0.164352047835204,0.219285733648227,0.219462767034375,0.204380672230012,0.197895568583321,0.234742489658714,0.211033400874056,0.218795640893236,0.182833172405117,0.243921711563481,0.214981064107706,0.225952315856496,0.236169863934807,0.244552001119675,0.24697339573044,0.218585045882575,0.210877615869208,0.207323504840332,0.177058470798128,0.162961322738336,0.158122674881268,0.195095820702348,0.185954809033049,0.147221579355269,0.196790262473946,0.222590948781469,0.150780918490771,0.233492585918883,0.272796847965678,0.170752178159406,0.229286817508814,0.180608897080164,0.0982073081957182,0.152926770852319,0.197841135812078,0.226320341391982,0.168411965874569,0.169611736552265,0.186961651131487,0.152215137575084,0.171093760031269,0.115313983797744,0.271982437116968,0.21319624283133,0.144133282695199,0.175286606257459,0.230950703428577
"capitata33",0.160913748479894,0.232699027872852,0.126252444751399,0.188398032788829,0.222128671863099,0.226090253560216,0.238419938160495,0.134899140767413,0.402644955509905,0.214580268722874,0.161708043795076,0.161040351892012,0.284882769887666,0.27312076158825,1,0.13760734858902,0.228456246823804,0.239890337639196,0.178903135426734,0.168158125334657,0.252192317883487,0.200765359945083,0.35218306160992,0.218251897399445,0.193656243979755,0.223390225637119,0.342577751569537,0.205311282274643,0.168456915061864,0.235864099440965,0.223140085572671,0.249287178232394,0.253074220165141,0.227455733759052,0.212394273841402,0.16579795059244,0.256023666143374,0.192684960095894,0.246676133720365,0.245742613904883,0.262974410387126,0.167487804842602,0.156119384442735,0.262919196437083,0.289688205092959,0.378033476209324,0.168073985288323,0.196581517790809,0.244333020077347,0.179818555165491,0.149852537426328,0.165950036716231,0.170413563530368,0.211468703001065,0.226401425294255,0.237728560240559,0.302888852283851,0.207188019954921,0.270963201453267,0.192415073655408,0.275821663155995,0.21979619862158,0.230740797448281,0.254089807109773,0.28353105603351,0.231912755934527,0.328431469071387,0.185953740791899,0.241744295774552,0.157955086820532,0.3206935634194,0.108727038196559,0.200511214995463,0.185772114618058,0.145535558576585,0.308101845049928,0.208854554967048,0.181962383761312,0.288659874142772,0.249077006083031,0.284315839602339,0.176650103388927,0.250971753383949,0.080203826222612,0.155704127734407,0.18658045931518,0.224168010733937,0.292368164516989,0.241201462729384,0.218542636450022,0.124736444697644,0.180231431744584,0.135242920400561,0.227711580128877,0.278740981070445,0.211626123911563,0.1804097201476,0.196363082527796
"capitata35",0.354576427474331,0.23473739000393,0.0945689496040722,0.206009966449116,0.134823393801954,0.102534785377061,0.238812130031588,0.132371264379018,0.184411903394161,0.125830466524887,0.334265061438817,0.158854078872858,0.154472292929551,0.157061950039282,0.13760734858902,1,0.130960836091808,0.166055786681287,0.124331249913878,0.110536432943626,0.148342517238956,0.134999286380164,0.205065633818148,0.130756665007036,0.196849124291567,0.140600222635031,0.121239483961709,0.112376120711997,0.154345451620242,0.151997483659978,0.146071674382006,0.170507743662516,0.152848964635601,0.129355188573529,0.140227434301294,0.147191358330254,0.142431208015927,0.13459548180883,0.143270331397182,0.122225675277409,0.148022469479225,0.142549067645191,0.0917161139401751,0.120310596287519,0.19124986949814,0.115575580031822,0.13721507974029,0.146142609373538,0.131631258749271,0.286941190374424,0.0990447623040914,0.108152536348191,0.250635433844183,0.127519862163379,0.170201215706868,0.129331013425039,0.149536739687248,0.127315614593256,0.144836536008731,0.182940699067178,0.286485421411049,0.163830344359577,0.174922419510816,0.152420021887117,0.186718298386031,0.262708725188366,0.122592013275349,0.321713526435299,0.129572770779514,0.232114728547908,0.13550090900792,0.167680960032257,0.129757589564148,0.185764626218427,0.167513112278824,0.167616468103827,0.165191662329811,0.0961840808725086,0.156572655068404,0.174343380957478,0.159052295918235,0.189190161698365,0.123492078488061,0.228081256163902,0.11888894142988,0.141449297168027,0.236099708371055,0.107568645134132,0.115365038578182,0.171315547749862,0.374496029393335,0.131309206796771,0.086507223281493,0.227009990339588,0.162353561132084,0.11835478935085,0.12316022623363,0.239151544119774
"cayennensis",0.148414155975613,0.188450213346936,0.126501923064118,0.151457291998059,0.187076502002647,0.207599096693506,0.196801971409515,0.118329841168709,0.218119286763938,0.210134407183653,0.144597401558044,0.120503650236741,0.239617573849067,0.198157281862364,0.228456246823804,0.130960836091808,1,0.227145879762742,0.184731346579449,0.125927304582962,0.204990124816743,0.137998531504404,0.289334461599788,0.185376175795836,0.160996447965498,0.175081509017069,0.280567249745712,0.195013814712103,0.156963342382241,0.186381829965977,0.227186336509282,0.171338208003382,0.216287104543598,0.208680827652307,0.188458140256589,0.163316705911481,0.208849170445929,0.158261095509483,0.223218567448725,0.252192843089704,0.189244932672702,0.128907542722428,0.144089773520003,0.197474141612547,0.245430418319878,0.280367919415927,0.153400194587532,0.233875712575078,0.219993507524476,0.171380191248481,0.136649884017131,0.152051908210006,0.180489762409587,0.174458224888754,0.203881973686783,0.247549296890931,0.265529882350205,0.179437956397825,0.206911445487289,0.157333220243715,0.231202157788058,0.187482991817618,0.207448419161098,0.214549350665507,0.259239735156074,0.230535424011462,0.265789954273186,0.168619273024433,0.191885524122207,0.143458372971074,0.176499948008172,0.107903594494318,0.195570702395155,0.131349742694633,0.130153341729743,0.20057564790056,0.191364019506195,0.133386083458344,0.272996703302002,0.198630297774944,0.175183483784783,0.162328299709123,0.201253186630902,0.0758887154185018,0.106074489023882,0.186326937045193,0.179270699821105,0.209915640745246,0.281965451775017,0.172292434380853,0.16840279498072,0.168232693745459,0.106805904723483,0.197102826514916,0.24755697655096,0.14316677058062,0.143478516323025,0.188345684100517
"chartacea",0.163584330725678,0.239507727970572,0.143728238219438,0.200252420119319,0.218898240344391,0.209687874826473,0.2783363307847,0.157600676156261,0.278722366067126,0.290462433126098,0.17302938270021,0.153786902853334,0.2500504567925,0.247586768458758,0.239890337639196,0.166055786681287,0.227145879762742,1,0.184441793540745,0.122776775660602,0.287384495713665,0.232812636719373,0.282830408882131,0.195415440555469,0.187985890733822,0.250368642699855,0.248145030696725,0.194735019193626,0.226583028447716,0.283647147486118,0.265532642758312,0.207053312533908,0.311474731480299,0.23006696273977,0.204225661189357,0.181038945525738,0.225694026340298,0.183885321387938,0.22397819045599,0.223632636272192,0.237907140266214,0.160693241638661,0.185741559887485,0.215173654431057,0.304541222398853,0.302860696051235,0.162993063708929,0.193944473964652,0.207915830224013,0.219785104576241,0.139866697109118,0.209706737774679,0.210655539395422,0.219269630496798,0.22137509091173,0.232833248302129,0.25520735706089,0.199148910496418,0.339465178407957,0.214952480191324,0.275814131510161,0.253878306268919,0.227574622847377,0.224422974273157,0.28246582061658,0.260730075816015,0.256128029980967,0.235360510771879,0.202299937741173,0.243263841577127,0.206871701421832,0.130935868257757,0.200073913582997,0.184093030753039,0.157840214021888,0.246819400466395,0.197709457959822,0.151613620722398,0.275250649439241,0.26255022342829,0.197951271907937,0.196184635643704,0.212218774455411,0.0970010025986411,0.138556231183922,0.227096677309304,0.207121546907925,0.213269279680679,0.211128733058199,0.219903391487166,0.162357948533974,0.178849988566842,0.136376399050689,0.245855459283118,0.271437922043459,0.154888846102827,0.194893955722058,0.241650519844302
"cinnamomea",0.112984132479417,0.172258922747895,0.19491380798817,0.132817519297875,0.162009822291576,0.203948070962641,0.187143789465844,0.10918458254844,0.216534992098878,0.126360159674447,0.0938607240640824,0.136402429187182,0.171262382730959,0.185585174635305,0.178903135426734,0.124331249913878,0.184731346579449,0.184441793540745,1,0.121771858851433,0.167384368968282,0.133794859100732,0.202816776774166,0.143167390138516,0.142235592724695,0.145630429456067,0.180208042599804,0.167722607239939,0.148032927724903,0.17974743758703,0.183499055228015,0.148602060277489,0.199226340792919,0.173182366900088,0.161114648205844,0.130028279865061,0.170472840986129,0.165713156049877,0.163851355170411,0.182182559143463,0.192305304252354,0.119395050898578,0.147183808954869,0.200413656144,0.202428869128916,0.221711852677343,0.151790295808032,0.138456610755204,0.139531903805058,0.148951554486734,0.144542139918176,0.149360359543789,0.17315383563753,0.160410774426442,0.184419800105411,0.171744294195728,0.182747488602284,0.161588685143374,0.18435726051395,0.147086646648828,0.1890934842732,0.159148253388344,0.208982031938424,0.174246646333377,0.202570510277847,0.192815548017482,0.206861620333504,0.170442649982885,0.158326378677327,0.129106908277182,0.176241480737653,0.102727642867392,0.169504904209166,0.109725233322161,0.137199139770234,0.164417019289697,0.215296034979982,0.134087170433027,0.190625074083854,0.177559103651497,0.131810453580462,0.170247329435884,0.134727689656437,0.0804242918560664,0.114052859242792,0.181040096771829,0.140897728192955,0.182742795099364,0.164404643110025,0.143295480355825,0.11744154076629,0.154899829390554,0.0979679647420063,0.143267303709146,0.170283997341105,0.100445314311334,0.133294754791017,0.146660140087055
"cocleensis",0.0923208714972417,0.165356982762631,0.0924509418731579,0.144108462550327,0.130504936729699,0.102804189248968,0.138398403032047,0.104783880112786,0.132850674831355,0.08387343983491,0.0871836159555715,0.102154157987366,0.122640021670338,0.153431396284396,0.168158125334657,0.110536432943626,0.125927304582962,0.122776775660602,0.121771858851433,1,0.165870545098426,0.114552368486348,0.14448212824402,0.192941073643813,0.144275512694702,0.122842976329373,0.146535743833324,0.216761861047023,0.110638027680717,0.140633491253243,0.124030752491334,0.110153967934552,0.151684868384993,0.11702789696662,0.107265377116676,0.129730355690494,0.139808450217171,0.185062866503779,0.129317432481499,0.187436730284653,0.119567106899255,0.15287509114263,0.130232156163811,0.177646045434329,0.13835632109922,0.136498738047405,0.102396549241005,0.172583830768372,0.103000460524089,0.101421017027479,0.113214335388056,0.11722339283435,0.11297274355797,0.127362570686155,0.142184439320112,0.137755964150773,0.153001392685682,0.162440479832732,0.127170966354841,0.106597148707305,0.12645405803574,0.148251881819108,0.144987414727483,0.17024544821428,0.142080084633644,0.122665039693196,0.141681631254184,0.122094711628934,0.148263924426899,0.138942117887438,0.0981591090099844,0.135721157377068,0.135958899515402,0.109262612429324,0.106662564368004,0.192238872856652,0.151219443156558,0.117074649661663,0.120671100054599,0.148657848782428,0.0947748386430103,0.120659619716622,0.117872698214338,0.0469030574476499,0.0865249827729726,0.136968343850005,0.121933438609675,0.128782277157529,0.102004701624829,0.121239852829157,0.0977677957911589,0.125392501598043,0.0862353465708729,0.135918904464425,0.115133261321968,0.0935112491980652,0.128329875609668,0.127521711275505
"cordatoalata",0.167107182469006,0.233303530929893,0.132864448461284,0.197060052976007,0.187571139325579,0.178819288659175,0.243380230948061,0.157082601356787,0.285784849545484,0.214507409184973,0.148888179494148,0.142530918932239,0.22656503255539,0.22825103804283,0.252192317883487,0.148342517238956,0.204990124816743,0.287384495713665,0.167384368968282,0.165870545098426,1,0.283102100671301,0.295877060322908,0.189675855664343,0.197542972221888,0.241685486819881,0.258483364035837,0.19985709656434,0.233004161178026,0.25934928129536,0.204936460546542,0.185416591543406,0.247659350130929,0.205436416019443,0.194231542843615,0.182888749624346,0.24268203943899,0.180445258812486,0.212321561785917,0.278633181714059,0.205852518233604,0.198807306374441,0.1581019945313,0.21171534015141,0.245999521168322,0.210011493127876,0.144569962986672,0.212202549813619,0.22776751324837,0.187235486162433,0.167723359239218,0.155004804860893,0.231603335616099,0.19491417957703,0.208711572177469,0.213351115123151,0.235489210178484,0.197498480959321,0.253655603636787,0.19418778462,0.237519710611692,0.247896587091847,0.212854130359237,0.216524247919666,0.261737738825466,0.275715740911591,0.24681658853646,0.223616371725859,0.183024557768364,0.198914045071074,0.202587825793089,0.122533673480083,0.201006647303533,0.165963320621809,0.166793416361344,0.2708814537581,0.184510033216981,0.159710214723173,0.294672749453307,0.255069854669253,0.190016911255473,0.180739700783798,0.221311893427583,0.0866848187165067,0.120997452817482,0.252854856799507,0.187379500433533,0.225018613160009,0.211807593869839,0.210756034930335,0.149904741650322,0.177071508596276,0.198568445256241,0.215674435456914,0.251682177229301,0.171896053679188,0.160682217965977,0.215429945557191
"coruscans",0.14538202280392,0.186159174603309,0.120814282251858,0.183082885281574,0.163628678636284,0.130052491962611,0.209554604449388,0.151947683500273,0.234414514161894,0.135940021622672,0.149204552262222,0.158532086982929,0.19234005181102,0.1930519852572,0.200765359945083,0.134999286380164,0.137998531504404,0.232812636719373,0.133794859100732,0.114552368486348,0.283102100671301,1,0.233407236497412,0.184907240115489,0.225844553465657,0.228909320382412,0.159618943203626,0.193024673696868,0.228977979497065,0.317742355231661,0.17521384398841,0.182185159203288,0.224538011992191,0.164192748763334,0.150616236202557,0.174061006709586,0.223945016645544,0.163819575534743,0.161656004447001,0.164009441510684,0.209615946344123,0.133789547237703,0.125140822653619,0.245369230699726,0.202408794055584,0.143202226806064,0.125742434483179,0.210218473159392,0.17138796598566,0.165015393639987,0.181963733244085,0.206146780906385,0.180466256161304,0.168760546023332,0.158790133571811,0.175548889662024,0.197221018361972,0.161013406284144,0.200717002851764,0.182310711643836,0.24959398953452,0.196169004559559,0.20430344484641,0.167690848195047,0.240821880799234,0.205704959429728,0.165799968997281,0.211651798524077,0.144081919889765,0.169753051955522,0.158941872758012,0.136900387502427,0.152386919409469,0.153334354384498,0.232511368913128,0.212642675283364,0.146116287437937,0.227649255852356,0.243851466938936,0.225465368368193,0.176093682194031,0.16813094862608,0.139657932367903,0.0986239334508179,0.197690379267958,0.232923205341394,0.176389890194839,0.15288358435893,0.120693112051662,0.155300887925263,0.134072243572316,0.148688374732103,0.159584523090011,0.192494839099364,0.176855073641151,0.139881690066296,0.143371327840665,0.177814963991899
