"","acreana","acrocephala","acuminata","alata","alba","aria","auristellae","bourgonii","brachyrhachis.aff","brachystachys","brachystachys.aff","brevialata","brevipes","capitata12","capitata33","capitata35","cayennensis","chartacea","cinnamomea","cocleensis","cordatoalata","coruscans","cylindrica","edulis","fastuosa","flagelliformis","fosteriana","glomeriflora","goldmanii","gracilifolia","grandiflora","heterophylla","huberi","ingoides","jenmanii","kursarii","LA17","LA41","LA48","lateriflora","laurina","leiocalycina","leiocalycina.aff","lomatophylla","longiflora","longipedunculata","loubryana","M18","M25","M27","M30","M71","marginata","melinonis","microcoma","multinervis","nobilis","nouragensis","obidensis","oerstediana","paraensis","pezizifera","pezizifera.aff","pitmanii","poeppigiana","punctata","retinocarpa","rubiginosa","ruiziana","sapindoides","sertulifera","setosa","spectabilis","splendens","stipularis","striata","suaveolens","subcapitata","T18","T21","T29","T50","T51","T82","T85","tenuistipula","thibaudiana","tomentosa","ulei","umbellifera","umbellifera.aff","umbratica","velutina","venusta","vera","virgultosa","vismiifolia","Zygia.mediana"
"acreana",1,0.206305745254191,0.114716894585332,0.135683088590295,0.160235581058245,0.136026206454595,0.251593900494232,0.185547227024091,0.23523504500053,0.328885923246542,0.0910536298096375,0.0818483973597814,0.162787531546531,0.32462595915369,0.179932280043544,0.221955106174541,0.124096171165292,0.153859848353767,0.368442578997987,0.180567035246093,0.206327331480715,0.192263869626438,0.16780690614373,0.164490975531505,0.133397442064796,0.135186164230641,0.181244088931651,0.155531513661735,0.230386224380204,0.247844406769896,0.155332914874642,0.137684010139576,0.204763515271847,0.12053043923227,0.100050758387798,0.198390518252525,0.163621555593331,0.190687484305452,0.17948967001298,0.150839075205631,0.0883226719092483,0.0639908936593535,0.147572992615464,0.235826814839625,0.198280779936661,0.101949862631143,0.0847797830806058,0.0820393717646975,0.162148807802658,0.150309082637256,0.0634158019236376,0.130814020564567,0.186110100611854,0.170521732802722,0.184526680901161,0.0929075789942693,0.244037676401711,0.137732612456037,0.163071736898484,0.204616461342508,0.187505543851629,0.236078228721887,0.173980060845286,0.140462575227776,0.166008333317597,0.209085395496789,0.215831059289508,0.182834286099014,0.209001952306637,0.258562363172615,0.123659687037789,0.136237542795303,0.11090333383749,0.12134276428827,0.182093657928958,0.1953272745401,0.105396959621875,0.17610918097362,0.137438147603542,0.250764238970364,0.136066152181351,0.257374821062637,0.179848072834108,0.453487059570403,0.202805915134266,0.0878839471402599,0.197436352324838,0.158903944872316,0.0972951455538826,0.151472403736635,0.166263722138519,0.164182896980687,0.0993442579407839,0.134656722371995,0.170579738376543,0.16870330745684,0.351913876146519,0.244980832462943
"acrocephala",0.206305745254191,1,0.161053532316593,0.206134741637322,0.199954844596271,0.167918838249659,0.243235800964209,0.186396852996365,0.309511814363318,0.181169337004811,0.129400121843802,0.0780334803169969,0.164407653315681,0.370306455439576,0.240714739761142,0.204669716036574,0.181929807229254,0.249363875773155,0.211083144628285,0.159380897217795,0.172926189616715,0.244551906178314,0.221890995640536,0.199077515972873,0.217981977291057,0.163859718128589,0.193523318556935,0.250633110745688,0.214236566001508,0.20188606965104,0.161877049006069,0.18505883200189,0.222441415484581,0.173395487444916,0.113061711929673,0.172915989334256,0.220102157562901,0.132056466047538,0.193133917375631,0.131939572058919,0.161214135669201,0.0864027578570181,0.151439366647852,0.231897221037478,0.202383270914968,0.136641209353781,0.111942253158376,0.127176094831304,0.214252052696683,0.165326123437807,0.089343214050912,0.199338207493526,0.262819851744084,0.239078311012783,0.203061453816958,0.126854867528547,0.181504292033468,0.139328326452541,0.219544734196706,0.187686320020197,0.215505815376575,0.296380527906761,0.206799388207911,0.139641787339346,0.206394806505503,0.223491928275463,0.1976713131606,0.227473322118813,0.153559340765803,0.27585561758291,0.140156318533682,0.125233372046571,0.162363185684295,0.174555126559448,0.187072945034345,0.240320852143121,0.157220479558204,0.249865423331759,0.203790549821535,0.254836602620773,0.15901546611307,0.227833713118508,0.228983216371784,0.228042954324366,0.162663906143323,0.0947729065195291,0.27348915744594,0.173989985988599,0.133297765566767,0.197049193787844,0.176067321558821,0.144684777354727,0.153940925111776,0.14160338728469,0.189882572812575,0.171642284310857,0.183878971232398,0.246422663546475
"acuminata",0.114716894585332,0.161053532316593,1,0.103126504934243,0.122583346546689,0.104244765994258,0.115761185921012,0.0953659333197747,0.157466922966866,0.0939772864174977,0.0893913577520763,0.0491398937800785,0.0990817707124099,0.134263267209979,0.13871477593623,0.101046140687179,0.112457237617494,0.111618903214853,0.0979609497928804,0.102655135321939,0.0918666986719599,0.135405946390009,0.112933101749562,0.0965850227580224,0.113494014042886,0.0810545222613817,0.120685674453045,0.130863513785323,0.128839704077764,0.133335628905106,0.0906327914347305,0.119930099939069,0.123863863115287,0.110569131858053,0.060480179813135,0.127199961902995,0.114270250613633,0.0650111387414469,0.107799814205319,0.0967521232076148,0.0850038173180896,0.0552091074737866,0.115535877132642,0.100343836668508,0.114881670245045,0.0928659173129141,0.0679663286609893,0.0674256076865171,0.10827513647926,0.101771311026967,0.0608597503190202,0.122225293228353,0.121568505743386,0.143344912412639,0.127176158594678,0.0890846714722902,0.10900321438761,0.0927448514575235,0.136718991850843,0.0979431161768728,0.124364161049133,0.130859697756904,0.0956516291565082,0.0794490738235932,0.131431915796576,0.116021942831442,0.113227693414152,0.120971624239145,0.0910399656576212,0.143222781868731,0.0913482906516554,0.100542551706561,0.0742659359347538,0.0796811205374017,0.0965863585185918,0.11275139361154,0.13080333939684,0.0981272646244012,0.128624275695436,0.134251839710791,0.0804132850110925,0.127928684407345,0.111589889703092,0.11450624034759,0.108168465067929,0.0833363264580646,0.123266948585823,0.134360307916224,0.0926011839706555,0.124050524534636,0.119747975288797,0.0868744464723441,0.119762166375369,0.0842450621020722,0.114641730260909,0.106697417332777,0.0980002840798353,0.117575313686722
"alata",0.135683088590295,0.206134741637322,0.103126504934243,1,0.273301274836564,0.151776366219485,0.208333742764752,0.130258450496956,0.234691970832011,0.17317533872434,0.124785459180674,0.136718219936339,0.151882274876849,0.193810292764147,0.201568340222531,0.31889884194421,0.204301240996263,0.317205380651675,0.158002526397412,0.126930930396369,0.22779539988078,0.219106323701707,0.188594650400393,0.455332758109558,0.14746793394637,0.128031235304257,0.158697791181231,0.184768574473882,0.244554175327523,0.16438005820277,0.407916898794397,0.168238806259135,0.238473011107249,0.144779588278681,0.171740986754337,0.159732045840637,0.195992668489171,0.138117870888255,0.177664204026851,0.125486677239873,0.309953861953081,0.164980712544702,0.111935953384767,0.162888089116874,0.190197346637127,0.1798516641027,0.132559115321261,0.32207132191533,0.168024442771573,0.161475817928876,0.297944857029809,0.14296101733875,0.191064286048113,0.152805398422935,0.138496270630018,0.08627968833254,0.126658399675684,0.153467249160464,0.196131020254121,0.191572192992416,0.208685488788259,0.230120946095223,0.417921704120647,0.142297003154446,0.171737722156316,0.361026502159735,0.146018124030971,0.20135961191187,0.131581371977949,0.226231569858461,0.11917210396438,0.197612640077263,0.34068524950978,0.244657035424874,0.178643517185945,0.197161803160245,0.124876145001182,0.180079940646867,0.204346803712379,0.214983901760832,0.316184570162354,0.163849297868779,0.184211991768654,0.181576991876742,0.160233486002905,0.0884809302727109,0.25285983567816,0.152063529959528,0.185796485910593,0.264406663725168,0.174890131607923,0.129088114979802,0.0959394081565517,0.105018537360934,0.168608769640432,0.160865197706802,0.116076175253302,0.205040066876914
"alba",0.160235581058245,0.199954844596271,0.122583346546689,0.273301274836564,1,0.199142144664414,0.251453448048623,0.185980759257995,0.222559153305212,0.30557923959281,0.23474049454565,0.189783213631898,0.28920079191907,0.217257837973334,0.204347126555536,0.226412487034883,0.203089500641155,0.239839847254108,0.155350597735745,0.161858867526635,0.231056278853723,0.280265329407137,0.245932248548072,0.237747765980957,0.156040696217375,0.252140254633094,0.140060969138474,0.175397571305451,0.242383235110744,0.178634935951212,0.264716879641194,0.307559533152249,0.259465996775647,0.152597880971825,0.240526313418387,0.172504060256427,0.195893249352155,0.127715954332185,0.155965820129568,0.148245467496101,0.285428830626046,0.102481669290439,0.120982332833359,0.186588524290317,0.21542526723676,0.18767948269923,0.254028708762326,0.161802554707146,0.308648034931426,0.250896767974341,0.151919621455788,0.158840370341773,0.245654572321134,0.169546167503026,0.14071156518719,0.108344530219595,0.140267612576949,0.196355622232067,0.331630670371751,0.14618291901655,0.232023249411062,0.242171653507651,0.260690790612399,0.139319259424289,0.153194946982388,0.279613881480928,0.159601677466051,0.229731460315595,0.134072683383225,0.213745269583532,0.235672884739654,0.17729909741213,0.189252417253977,0.176077014751434,0.243902246196929,0.190924262890228,0.13067331661927,0.133863879226552,0.271260146016641,0.277750935970613,0.217224041233121,0.212598961235483,0.198141657393058,0.184710968339513,0.211783528321536,0.103410290233771,0.238187749228436,0.166220557108477,0.205024838903951,0.369706007228075,0.208714978109199,0.246818656398223,0.150872694065205,0.130919060220367,0.187033253005776,0.27955649041351,0.129690454524789,0.187829284483959
"aria",0.136026206454595,0.167918838249659,0.104244765994258,0.151776366219485,0.199142144664414,1,0.203046890683068,0.133937369642325,0.173410119846668,0.150716983701697,0.117175361741564,0.0572124651954072,0.185630530096254,0.145623402432932,0.167046909665848,0.145369371469655,0.127933997532352,0.118229124589776,0.126459671622005,0.168558677083879,0.144970753558947,0.22467553590459,0.182507793505765,0.139464219945978,0.170066403555572,0.122598882326147,0.120567773253164,0.174837648769733,0.179742217459295,0.134445638577603,0.145233428335838,0.1682047426512,0.214290738939145,0.148289017688166,0.0891010157500909,0.150399516213306,0.160664977198636,0.116539034254196,0.131672733728814,0.148639373961215,0.118080914120648,0.0676784423754766,0.136996401900817,0.149213056755911,0.1645057584411,0.128172258742351,0.0943980478271993,0.0955498397586716,0.177265490197215,0.155258098120218,0.0697053075699117,0.133456167941083,0.13705226499385,0.155840097904993,0.137555239835389,0.103442139715085,0.128221516304859,0.142995938097821,0.168342073125464,0.141192359451084,0.18915883472089,0.210520160934281,0.129270733628848,0.11716667710915,0.142138852991126,0.170353548551547,0.134605816497574,0.170705235136218,0.121912040836848,0.164274087581308,0.110932061093799,0.120304836067505,0.0947901328288833,0.140908547123724,0.175465202357466,0.157835935221477,0.109299312067486,0.129201512761809,0.16717589757149,0.235603342457369,0.124119132059561,0.147159210850266,0.155771380856032,0.156651843864338,0.212899308096062,0.0700196247042291,0.207364581941608,0.136846372820882,0.139436764022038,0.1402447398755,0.205546196567368,0.10482306859301,0.0951230949569591,0.102844795522123,0.186129774260878,0.126675348287725,0.122689265960121,0.164714335659824
"auristellae",0.251593900494232,0.243235800964209,0.115761185921012,0.208333742764752,0.251453448048623,0.203046890683068,1,0.338120276236439,0.292775499493678,0.305879432385358,0.12489343493064,0.0864086350138286,0.380802516441125,0.245787606209227,0.237361864834944,0.194804469800438,0.167429444731669,0.16845847258926,0.199599062171072,0.208256192236344,0.212184534316624,0.428701621844166,0.315851558436757,0.211462581127842,0.22040396140223,0.164478255620424,0.205315605592802,0.180131692446792,0.230313664165222,0.341554847417793,0.315573879658832,0.283268343267772,0.343255333785637,0.14374741732376,0.115903353075059,0.242539073333871,0.30286555265445,0.188653881588122,0.211277110012611,0.176434542227079,0.146553101719244,0.0712358446669548,0.149086945614385,0.387636175197255,0.4721657976939,0.191788028211962,0.129452068329007,0.104422553545207,0.252207192248321,0.153077448622173,0.0867949495779491,0.206103509907649,0.211209153123256,0.219891509014521,0.337028829853182,0.154951535608262,0.178199049231625,0.151772083727668,0.387030923974064,0.214534985894123,0.197221002615487,0.391634186565513,0.198646854927954,0.126446178181603,0.236204312165453,0.268581706078093,0.221686023377218,0.304193589680082,0.211949867798609,0.318189462259072,0.133963867501919,0.171392251966234,0.129963233213495,0.150736437005977,0.331066867162908,0.367115997738811,0.172394490712323,0.219343769060347,0.254816127763751,0.337174556533938,0.176324545129866,0.20541348250461,0.269015486974209,0.27836686018524,0.290930376589472,0.124008836697666,0.302853843907429,0.171438570952318,0.198523992190609,0.232985779622166,0.37272792651709,0.179498569309186,0.119414229182394,0.177292211330824,0.254027703256867,0.238104580856885,0.172549654341763,0.287698971220192
"bourgonii",0.185547227024091,0.186396852996365,0.0953659333197747,0.130258450496956,0.185980759257995,0.133937369642325,0.338120276236439,1,0.203617939773737,0.212913197805092,0.0996612434807776,0.0614939147619986,0.261144426016975,0.161369388753057,0.163050008049097,0.136814541556901,0.129713327452286,0.101294057090159,0.156780761508273,0.194305428984534,0.138762413201241,0.262589647814903,0.312687501847168,0.134113093746399,0.174095520124746,0.119239751550219,0.199958856221736,0.128745518754748,0.146678250353729,0.210409397681344,0.208027385686979,0.233428375108309,0.273885030427543,0.120756830235681,0.118355413624835,0.154879063801094,0.228265884979148,0.117091787886418,0.138686429822572,0.154551708060768,0.101590368126513,0.0504141335413093,0.123551624629275,0.335360523924286,0.358552076175242,0.123649291099121,0.0858249236778921,0.0580737097642149,0.169379983319383,0.13671369794424,0.0521902529509634,0.161907619890817,0.23885250044828,0.126097964443192,0.404929204191932,0.153156454196807,0.159855449026363,0.107832068918046,0.295235400236759,0.150328692400975,0.15649906192725,0.274874485400788,0.130673286542559,0.0981703641693839,0.164895690623096,0.156118172235003,0.157388205116902,0.213012453644234,0.262392685728123,0.215049120364301,0.103426541589145,0.122479278043794,0.0908840802492541,0.11002568793995,0.211255274166805,0.408269274543882,0.141507238066464,0.202295352382526,0.193184507436128,0.210972625918241,0.126117873990128,0.141009129951988,0.199950546964526,0.220911877616079,0.232972639823285,0.0856150099415198,0.255841255100689,0.132282516046531,0.148550473817289,0.159578358945629,0.267593949073848,0.129835288530285,0.187613752459758,0.115705264428187,0.200935084779582,0.190161671686112,0.144926906524415,0.197259824449557
"brachyrhachis.aff",0.23523504500053,0.309511814363318,0.157466922966866,0.234691970832011,0.222559153305212,0.173410119846668,0.292775499493678,0.203617939773737,1,0.230537312183086,0.14464214692113,0.0846369948683965,0.208097134796204,0.363162354298624,0.526433946068094,0.248872548141876,0.165650228229293,0.189202663309092,0.237318433464732,0.200450093984111,0.193207143007881,0.283689863626206,0.251195713546781,0.223175498858222,0.22267097545255,0.155667148298084,0.18974361581402,0.218295883756349,0.237401168221231,0.212904894114082,0.202381807867891,0.238243276234349,0.270736020743692,0.211968498249766,0.121518745638598,0.213216959801189,0.29543190053903,0.158846035012898,0.180932215686788,0.160710759664945,0.165443723604557,0.0890665815117426,0.171623824323293,0.267048332022999,0.245191765213203,0.168359741893005,0.123675546077672,0.0926793901129349,0.197175320676538,0.188781832785061,0.0794340818136809,0.208617454529826,0.269886289751331,0.201780088591497,0.206250315596938,0.161154548315196,0.21099035114531,0.140237707146979,0.265384178506097,0.197983635274552,0.288069346987235,0.305712629737932,0.212686528202302,0.132890547826657,0.215351372872723,0.240306570043851,0.173022991423045,0.253692699762822,0.175089065374833,0.288477770333068,0.147631847369361,0.154003103716665,0.204329198359089,0.161095947366853,0.274392179041184,0.237356483267035,0.184936481237329,0.20932912741043,0.252685404108452,0.281443827404592,0.22297202259087,0.216657216807964,0.259897944771616,0.267585632921258,0.232390712621465,0.100752056286236,0.292922829352058,0.194937286790382,0.175678049247653,0.217137642499055,0.251836100360585,0.15889168054476,0.119342040840591,0.154491779983023,0.218099088403865,0.208869351984994,0.208163326775097,0.25988198238703
"brachystachys",0.328885923246542,0.181169337004811,0.0939772864174977,0.17317533872434,0.30557923959281,0.150716983701697,0.305879432385358,0.212913197805092,0.230537312183086,1,0.306689387583909,0.223626235510565,0.36755811129996,0.252837888602721,0.180522123077049,0.208069156968999,0.144218189533037,0.131805117466597,0.293245962799757,0.162269351073917,0.248167449983672,0.273279864618683,0.222431294721905,0.181170898795284,0.171389073030888,0.289974401296561,0.171206744928001,0.125758417205271,0.201131383419266,0.229410478298643,0.245549275671175,0.468761458709584,0.263970530631827,0.112487621286838,0.296659987085929,0.179145595838516,0.257903301669124,0.194267610591129,0.178020483835091,0.114613658635786,0.32353824985767,0.0505599343823651,0.110110720918359,0.251631013028142,0.313821332671519,0.14128464667432,0.341828814871459,0.0781090015071177,0.327722572295684,0.319407668287086,0.0770648628325004,0.161654495016179,0.147571353779429,0.164656202866653,0.227613480413269,0.121154761308946,0.182080136890411,0.130265523944713,0.460532026571928,0.165290330309824,0.180442318505832,0.24275033985599,0.19134727677957,0.122937067526652,0.164043921058314,0.211581644616367,0.170306797733434,0.20131253570771,0.150407621108501,0.217175772667288,0.298974470789578,0.162364004138911,0.102423000792282,0.117656913457423,0.194542753705521,0.23461223675783,0.130787673945896,0.173938249576913,0.203405567819196,0.256101138903773,0.166123935077389,0.207568041426426,0.195723295852028,0.433334339163146,0.196783856095588,0.0620211790029005,0.221093812346751,0.117115676158572,0.169580323878951,0.318080849532636,0.259039698077673,0.339474157976274,0.0971942783993966,0.104038282829506,0.179595051821881,0.470619185703277,0.255948626126159,0.194016138903362
"brachystachys.aff",0.0910536298096375,0.129400121843802,0.0893913577520763,0.124785459180674,0.23474049454565,0.117175361741564,0.12489343493064,0.0996612434807776,0.14464214692113,0.306689387583909,1,0.201728563253766,0.204626092773668,0.15162422920777,0.125116309476298,0.11509272733291,0.129372154801667,0.10734254779388,0.10375513991229,0.112927001273904,0.105395657458499,0.116261706189717,0.134594494616119,0.132403999089181,0.136216408696673,0.262321024295014,0.0819674014050492,0.154391090260541,0.111074122868458,0.106096552827561,0.11838083613952,0.323855582422495,0.137384488667814,0.124969930429998,0.275517434540963,0.110736735220793,0.102896336204691,0.0850503969899793,0.0971703724663944,0.142906809351729,0.301108950803667,0.05551483264937,0.0942900872122718,0.121938785373761,0.108128278037002,0.076897958747424,0.283765900204732,0.0876430151054377,0.263325234886205,0.290166430822463,0.0434414452238558,0.121722765842996,0.141128937348782,0.0967633835114877,0.0873441486720276,0.0869782537847194,0.112105965593955,0.104411693842336,0.254666745884317,0.15657118833012,0.158682791015949,0.135139190808161,0.141907881485671,0.0905130249267659,0.130482368140011,0.134092470928943,0.0932311632726358,0.134664055204858,0.125935890835201,0.148105169556023,0.299864942004195,0.0906253189034516,0.142473029563546,0.112220765750776,0.174794610055441,0.122484066712437,0.103060064643623,0.10369674914953,0.11968883615728,0.161819049780688,0.107486922548412,0.156781750616802,0.0967830867263194,0.130729409835268,0.102215301672433,0.0666512261703879,0.139748116364527,0.138753572926986,0.134968922136821,0.243747632519645,0.110701256083361,0.4093818761592,0.0695344365268417,0.0744278996300601,0.163061042109342,0.298015697566203,0.0828973496270315,0.13928136454792
"brevialata",0.0818483973597814,0.0780334803169969,0.0491398937800785,0.136718219936339,0.189783213631898,0.0572124651954072,0.0864086350138286,0.0614939147619986,0.0846369948683965,0.223626235510565,0.201728563253766,1,0.161666088113942,0.0799346273503181,0.0698342672977452,0.113487888744882,0.0924559385985871,0.128847756608062,0.065377868870096,0.0602084022498412,0.337977770549764,0.0741722425907996,0.0796059629941396,0.145971741013789,0.0611838761120346,0.215887166361676,0.0680796959947095,0.0728320406952219,0.0938224495237211,0.0684370245748148,0.143440077656201,0.219732415262261,0.0985580077592148,0.0506846676269021,0.312937656150028,0.12409831767856,0.068569892667107,0.0604018220395294,0.0909761468213565,0.0605965454672345,0.263441577551169,0.460376697187538,0.0545047324449548,0.0753399474406546,0.0692996827667702,0.0759709746508669,0.245323674018858,0.140601214661109,0.236415274034754,0.211228561898239,0.144605682762431,0.0725809952440085,0.0890528090754777,0.0681383462280623,0.0694796338378725,0.0420339802418968,0.0697494519291332,0.0845343706198313,0.205426038353413,0.0740137760660046,0.0969619074180108,0.0851329615769255,0.138273765197475,0.0589958349912707,0.0700052911011989,0.113874331411398,0.0521506702250777,0.0680326488786363,0.0773637612602442,0.0843509178099647,0.212808159213219,0.0773592344775717,0.116266243726711,0.111958418576714,0.0766990912727446,0.0667570482701936,0.0513677341735179,0.0590839352219318,0.0732936227656654,0.0713183265956223,0.111015620367808,0.103729170714737,0.0628238886710752,0.0794421591532206,0.0765654487682073,0.0500434697171111,0.0867522670427606,0.0727737729836803,0.0857773075786469,0.210924494034973,0.076388794885597,0.208981290208775,0.0608518762605658,0.052434595468896,0.0920997814664709,0.221928238845635,0.0614381609775169,0.0763217305458956
"brevipes",0.162787531546531,0.164407653315681,0.0990817707124099,0.151882274876849,0.28920079191907,0.185630530096254,0.380802516441125,0.261144426016975,0.208097134796204,0.36755811129996,0.204626092773668,0.161666088113942,1,0.201274623072224,0.183717605230057,0.168016142495784,0.12418602220192,0.0942239562915776,0.149323178136323,0.167254248810447,0.184673335704887,0.384516224672879,0.229321915341516,0.157853730411596,0.201588982181889,0.209247211313397,0.193711948063603,0.148469004420838,0.166723332816992,0.224581142859912,0.258516951627503,0.342292869664341,0.260560394586494,0.114961970569058,0.177494755872516,0.177400451103148,0.247561055981502,0.134538226927934,0.166881828697425,0.149664250256373,0.217442433197201,0.0402986011561875,0.139178171033661,0.290066549821216,0.494925072940982,0.138886379982918,0.195365172593528,0.086133716717848,0.305524575482856,0.21739439185734,0.0667495894544674,0.178855725692376,0.148243237127181,0.14156302266818,0.281812588583773,0.130287360864977,0.134721365296455,0.118586453677151,0.448498205329489,0.15814319458166,0.164275526006994,0.289572245725846,0.163238662019529,0.119034851165377,0.14740151805007,0.204024784460892,0.158598831120148,0.266615005629441,0.157474024624855,0.204680871679471,0.199623599399315,0.140136791836552,0.0787750146091885,0.102794012607232,0.401921645679461,0.281628787166112,0.144793745385724,0.182862999644454,0.196785053584416,0.27364244819308,0.131489793890963,0.190623775163222,0.232185390779554,0.213800955966125,0.266520066085612,0.0649026890209004,0.250137564197393,0.130534888932263,0.18289462139605,0.245421770443329,0.367189542784171,0.233686754972245,0.102719278856745,0.113655151639347,0.199325757115887,0.324316100432275,0.141596073363435,0.195989589803327
"capitata12",0.32462595915369,0.370306455439576,0.134263267209979,0.193810292764147,0.217257837973334,0.145623402432932,0.245787606209227,0.161369388753057,0.363162354298624,0.252837888602721,0.15162422920777,0.0799346273503181,0.201274623072224,1,0.308545520427191,0.373625462649491,0.170141234387579,0.184651762178666,0.32408112643735,0.182482324534169,0.200109358691846,0.233565884763481,0.197897240430022,0.20041895304246,0.194198662286782,0.160862480354423,0.179456311689335,0.193090428040947,0.232507984335242,0.228415652640952,0.17475569004101,0.198082131223321,0.220577270162325,0.170692968423662,0.118774316300443,0.174267805295173,0.21263942601931,0.165423559224392,0.192385499052108,0.142021628502367,0.156007523089032,0.0775203914148459,0.154163511312863,0.248149136356318,0.218247638220372,0.128803892666097,0.127432377929347,0.0962273280833652,0.158850701848652,0.140540665060739,0.0814451370804575,0.192696611704372,0.222728342629923,0.17368931858775,0.17810432178677,0.118128825402312,0.210804438690038,0.120328726884497,0.210495024958248,0.202757684919536,0.216688081273563,0.296566534697388,0.209236836436,0.135330768935247,0.192664690683267,0.201836750894253,0.241107636325675,0.243658010297309,0.162816026863736,0.284171793400449,0.135008833445063,0.137845425353811,0.166483258893247,0.163373830095171,0.243527183900778,0.253893495462801,0.147085443410556,0.210444374072848,0.19288383458405,0.281272413768571,0.18704907897408,0.203858975016465,0.219252065267673,0.333231348528098,0.191658848615195,0.098707581889974,0.250547066058803,0.169039198694635,0.124765796368348,0.189869215673991,0.222576805354188,0.155736367415201,0.112962901253727,0.125977871447818,0.18726964300201,0.194141342818837,0.275257143935854,0.261413658393238
"capitata33",0.179932280043544,0.240714739761142,0.13871477593623,0.201568340222531,0.204347126555536,0.167046909665848,0.237361864834944,0.163050008049097,0.526433946068094,0.180522123077049,0.125116309476298,0.0698342672977452,0.183717605230057,0.308545520427191,1,0.264321980386876,0.146237588839626,0.167200445785073,0.186734781361487,0.169302688545939,0.168439430769579,0.204757374384224,0.226292587932343,0.179867574947052,0.192443172812052,0.15668757351334,0.135843400478211,0.159983820765173,0.210628747712185,0.18330646983152,0.185180385679378,0.21520428440425,0.257991688746615,0.180496242889599,0.136197981658584,0.195752382082622,0.214854038182896,0.154214268796825,0.14868840434253,0.146907686383376,0.154891549879789,0.0805632634486408,0.136114645791277,0.224810418128563,0.200354625121946,0.118728267034702,0.118291098584531,0.113884064330124,0.182618736085459,0.138039682245041,0.0845784477350086,0.181582592216553,0.203281952126149,0.196711680719192,0.147684743680957,0.131156116899588,0.164683059364626,0.140301125983454,0.214156802686501,0.165030033505366,0.25359094002709,0.220040365131479,0.178364017721455,0.14089394370588,0.19152286831532,0.224664274081752,0.179498053335551,0.27668924804701,0.142230505022207,0.262238719680689,0.14676447391598,0.139186539335904,0.132076787582549,0.152580202828027,0.259950215360915,0.204297181078567,0.145231069182925,0.152973469614686,0.210753761595196,0.255883571289165,0.230618843963434,0.205331141611489,0.20193445071904,0.215794630664192,0.197613146981409,0.103058840509655,0.216995721860792,0.16143383511183,0.162621921896988,0.188818277296359,0.234734102257249,0.145624225069829,0.105117445421188,0.124112537953812,0.198771413092062,0.185584785471007,0.149115933235451,0.231977344901617
"capitata35",0.221955106174541,0.204669716036574,0.101046140687179,0.31889884194421,0.226412487034883,0.145369371469655,0.194804469800438,0.136814541556901,0.248872548141876,0.208069156968999,0.11509272733291,0.113487888744882,0.168016142495784,0.373625462649491,0.264321980386876,1,0.170521319722113,0.243896004576369,0.202971448990891,0.131090545454141,0.209980879619438,0.18144825805207,0.175185360586078,0.270168707891594,0.129184137366998,0.123171899581639,0.12106387067097,0.135878707967715,0.260677011562879,0.163915118698284,0.387488871737784,0.205226907928906,0.229361911088197,0.159603077440662,0.15697000467338,0.165653813127386,0.174034664737834,0.186563009657577,0.198702511870926,0.109425021043131,0.343824414397659,0.132454190745412,0.109098184751711,0.192001033315345,0.179428538761617,0.136374922033269,0.131761822150305,0.292610886475549,0.138656654362119,0.136592189625673,0.286057499771121,0.168496619099832,0.169789934595949,0.159414134272508,0.150467295003192,0.100576032868342,0.140742657518435,0.162924409087537,0.191930446995207,0.166119065325524,0.190310712839147,0.197810628804774,0.405695729460415,0.152699909991639,0.158818749934789,0.321052271685284,0.189706305515429,0.194256993285743,0.111988963897276,0.205189183550716,0.123300817748184,0.171805060342299,0.310313594010941,0.207177379023718,0.203986148132893,0.159340968925741,0.13294882882269,0.12852255589374,0.175630973143921,0.239014255633785,0.254807167161919,0.17211676461875,0.142840971767263,0.262349353839994,0.194423782337567,0.0814139996642211,0.226245888358732,0.147102691136987,0.165656134951342,0.229396516051214,0.224860660815978,0.130628154085515,0.0809978375783032,0.141812328081894,0.165858766432249,0.189490623519713,0.20896024383564,0.184201494143377
"cayennensis",0.124096171165292,0.181929807229254,0.112457237617494,0.204301240996263,0.203089500641155,0.127933997532352,0.167429444731669,0.129713327452286,0.165650228229293,0.144218189533037,0.129372154801667,0.0924559385985871,0.12418602220192,0.170141234387579,0.146237588839626,0.170521319722113,1,0.164561036347996,0.135569181009369,0.140141387314315,0.171341541182118,0.154833415374673,0.152508174596654,0.188181608597494,0.163947756582762,0.133601111772316,0.126077723028026,0.188291598140967,0.185503383290552,0.152887550479942,0.180529922482267,0.136647180886337,0.171352859952127,0.10122847123272,0.113782477605735,0.183751988211966,0.158049395757765,0.116985489404698,0.149050746568836,0.142085929202207,0.155482801811069,0.0857285378730023,0.100472120453405,0.164842844520278,0.130952784050972,0.156741158739092,0.100552933504557,0.112832025045094,0.130966346211379,0.14209833047445,0.0928442586007217,0.134233225163245,0.165691761900234,0.118571368494133,0.115780954267898,0.103274013226765,0.168723657343281,0.134704037673224,0.154340561238919,0.13836974342056,0.207372956382068,0.148958290619527,0.206265809957451,0.141264114905382,0.140741517346181,0.219417487258609,0.128438396269322,0.163027115545039,0.121316543893343,0.177345409206891,0.148679536981904,0.162129492483309,0.128462768116123,0.171764380646392,0.147195332156288,0.144300814375589,0.102975294576579,0.102203868152301,0.178567232317089,0.199681185926719,0.227118226219247,0.144269120736466,0.132290159718779,0.149084135644558,0.140225982395766,0.079931838110533,0.153112874474261,0.197989421681911,0.292121909901278,0.17213844402505,0.130785501373919,0.110843773933179,0.0956895575693623,0.10578825561788,0.17178155810197,0.132490341071947,0.124395523018798,0.166276171660219
"chartacea",0.153859848353767,0.249363875773155,0.111618903214853,0.317205380651675,0.239839847254108,0.118229124589776,0.16845847258926,0.101294057090159,0.189202663309092,0.131805117466597,0.10734254779388,0.128847756608062,0.0942239562915776,0.184651762178666,0.167200445785073,0.243896004576369,0.164561036347996,1,0.126363549378344,0.105621605723696,0.188046764730578,0.136710489434865,0.147524658779824,0.263340098474592,0.0965176031711934,0.127407097376128,0.124400908409111,0.143513405517556,0.212539456520199,0.144435643696298,0.28899910001571,0.127736655752224,0.183518912880959,0.118972915069072,0.169836425641086,0.126006966868729,0.146990993732263,0.152236450622177,0.12928139391847,0.109647580475473,0.21073225464006,0.18114652960287,0.108467468551279,0.119434130664332,0.124381278052656,0.1299735963782,0.141125525791424,0.260120886351568,0.129870745362346,0.130910432154105,0.228982151665408,0.11426605123074,0.179865560650615,0.170971170097851,0.108995686206775,0.0731458422260566,0.132972479083799,0.142511827593876,0.143579883590981,0.142100495435975,0.212009393490054,0.164247301713181,0.295737202436356,0.142192041973459,0.153297745553113,0.237128656911619,0.170864551097017,0.14904472001085,0.100499513274607,0.170649361477738,0.125620196967021,0.143574734504121,0.278385422785396,0.237854702233623,0.134966837540383,0.127368596204718,0.101945092082653,0.0995839570719946,0.178530169277809,0.166952036658201,0.216319422653846,0.152675973371287,0.111089898117289,0.182965085645513,0.130246123754613,0.0978993134508205,0.157970089928889,0.132480281524379,0.129001401172974,0.233532885047635,0.117386293730683,0.104208359369459,0.0959609877208865,0.098521522634836,0.138386202788433,0.133807844645446,0.105688258464448,0.184135708864351
"cinnamomea",0.368442578997987,0.211083144628285,0.0979609497928804,0.158002526397412,0.155350597735745,0.126459671622005,0.199599062171072,0.156780761508273,0.237318433464732,0.293245962799757,0.10375513991229,0.065377868870096,0.149323178136323,0.32408112643735,0.186734781361487,0.202971448990891,0.135569181009369,0.126363549378344,1,0.163807663530513,0.199122163300239,0.216691657288264,0.182131391393523,0.146440335639826,0.15060319619898,0.135443995941619,0.191682250531146,0.162309544938411,0.188230330520254,0.248769587368022,0.135430945448489,0.153312419392997,0.184973579815098,0.128431120565311,0.100225889880197,0.16420341685087,0.174884425666496,0.19078502036635,0.178048957159402,0.161794124941764,0.108903876399449,0.062067454125928,0.131746162131133,0.17257439259617,0.201818860059334,0.110007541333523,0.0918800252971013,0.0735430104036406,0.135221603184589,0.130215271238951,0.0630523028288555,0.158882897953598,0.178376301668703,0.210868910469372,0.172214571110003,0.124693889235645,0.212048023826629,0.115739833022349,0.162861019353289,0.169290992923057,0.200713922628365,0.213416241260784,0.196498147566211,0.117628371418637,0.155990046023319,0.179305842193763,0.172165726598522,0.192399802726279,0.148041920825408,0.264589712825054,0.11526653590575,0.127547323009065,0.109072654480889,0.13499545783561,0.158697926152683,0.200429183740802,0.151422621683118,0.154017331801137,0.189738219797925,0.270275546591298,0.150106112407374,0.181770941256926,0.175342398756186,0.40248293222836,0.180862516045323,0.120702728561811,0.199677331208532,0.144189111116772,0.104206788052056,0.155695265404377,0.152631000564053,0.163744183366705,0.112668961584012,0.128341301687329,0.174877514583806,0.165383444556038,0.31877143480351,0.201541257976746
"cocleensis",0.180567035246093,0.159380897217795,0.102655135321939,0.126930930396369,0.161858867526635,0.168558677083879,0.208256192236344,0.194305428984534,0.200450093984111,0.162269351073917,0.112927001273904,0.0602084022498412,0.167254248810447,0.182482324534169,0.169302688545939,0.131090545454141,0.140141387314315,0.105621605723696,0.163807663530513,1,0.130056733923236,0.196337533392999,0.234247029402953,0.12787563842753,0.169282697852412,0.114764584188155,0.139434065974529,0.144954668355248,0.141576480589942,0.160783826938038,0.157440729772844,0.169180282075932,0.192772483315666,0.114002562518473,0.0845406785453946,0.159154401610398,0.181621505681876,0.0996456937786492,0.143476998259139,0.140516697072176,0.104447187963653,0.0572877774970245,0.126994648416489,0.199524356822182,0.206709405352494,0.12222781381821,0.0997635571142304,0.0838973322035053,0.174838820987388,0.108975154893884,0.0650748601530244,0.137280766811916,0.160198074550434,0.141827449966558,0.185385805979661,0.154138482460271,0.143442922300993,0.13628089531808,0.171869911451388,0.164113135751665,0.165971516259791,0.211274320498691,0.11752943023281,0.101802920411183,0.150493956237719,0.174526755701634,0.144682282246914,0.185348614667056,0.150949700309028,0.220638728235728,0.120329335200589,0.125848239494518,0.0873973624593309,0.107505351896423,0.20211266539406,0.200283136148698,0.1164754964374,0.134346238157529,0.178048929257043,0.193350917600746,0.133218988876215,0.201745611458477,0.196811185759213,0.216187104142406,0.177931224056089,0.0829640345502854,0.261217539828042,0.129755115396525,0.119343520801614,0.167517978930923,0.17546478157678,0.122938408382654,0.106707206627831,0.106690286149726,0.190202406548142,0.174689126249139,0.134993101885093,0.171363183474629
"cordatoalata",0.206327331480715,0.172926189616715,0.0918666986719599,0.22779539988078,0.231056278853723,0.144970753558947,0.212184534316624,0.138762413201241,0.193207143007881,0.248167449983672,0.105395657458499,0.337977770549764,0.184673335704887,0.200109358691846,0.168439430769579,0.209980879619438,0.171341541182118,0.188046764730578,0.199122163300239,0.130056733923236,1,0.21079512622484,0.165633273047499,0.20924670753535,0.117189773705448,0.118925837076966,0.125940028889572,0.130971778464192,0.201830176559252,0.16752996282181,0.239891084403915,0.180944513665742,0.230482993084669,0.12883211884174,0.21078728735048,0.153058635302895,0.198448692856324,0.131490609107987,0.186798454024652,0.132016720650895,0.163169156037967,0.343873645333643,0.0930156458795983,0.155078848622684,0.194360227226722,0.16514728262728,0.119174548658773,0.140720919416649,0.198664373256437,0.153209212574926,0.116312965344512,0.130346680567842,0.13829265994075,0.120885783729081,0.150389344355194,0.0845308247184483,0.167881620037672,0.11381248991446,0.193770931142463,0.130520465462146,0.18853898685008,0.209817711684426,0.219448118476864,0.104249106356591,0.15160495732315,0.267055243053758,0.130429898774808,0.178916588957087,0.122861252329276,0.186872384669735,0.119345048081011,0.151330274579453,0.143690704169771,0.163914621283342,0.156700745118053,0.180723173413425,0.0901177222954912,0.131515844347985,0.16653361591133,0.276223803599317,0.196702520506823,0.143667011033367,0.157583911045941,0.238249947668004,0.178984987038817,0.0743179651303955,0.177782744545914,0.141417216411189,0.188204462205271,0.180950653889654,0.198996350681325,0.113129197279221,0.0705518282184714,0.106497458220746,0.154231898211333,0.171070560550905,0.169764636610111,0.167802224606354
"coruscans",0.192263869626438,0.244551906178314,0.135405946390009,0.219106323701707,0.280265329407137,0.22467553590459,0.428701621844166,0.262589647814903,0.283689863626206,0.273279864618683,0.116261706189717,0.0741722425907996,0.384516224672879,0.233565884763481,0.204757374384224,0.18144825805207,0.154833415374673,0.136710489434865,0.216691657288264,0.196337533392999,0.21079512622484,1,0.317280968140285,0.218316241035944,0.213402666077852,0.125665956000123,0.232077838646545,0.239144791066517,0.252049046515015,0.291142757393573,0.260055538761462,0.272245293032726,0.287614852824821,0.1813561673148,0.0960657384741359,0.201760596541992,0.298021302506598,0.151220412823716,0.180512447778807,0.16616005625437,0.15266098841838,0.0619318443003285,0.155709910805975,0.303516373082161,0.400744906286133,0.18818238876397,0.147444544244004,0.0884841055132145,0.258166998351689,0.137628227928737,0.0859873241951267,0.191701827821493,0.218170699604125,0.20552288327967,0.272976914157418,0.136227995790119,0.172607353327544,0.142901794157798,0.347120921636134,0.200646063205074,0.178923428005303,0.380132312879783,0.198358841263953,0.123214465756144,0.188143734381558,0.261098828402262,0.204334640343232,0.276627420864424,0.168099419227915,0.280755877205433,0.117189774424587,0.149211629343536,0.135716009830051,0.128233375020773,0.291678080208071,0.300234635274597,0.181745344184099,0.203536137788664,0.269707759665933,0.357457755719316,0.146341587255942,0.173889987257566,0.321590446449055,0.254058499319194,0.289237222976219,0.0881146446844998,0.378761352657674,0.230799925730446,0.212314551079343,0.205559044843786,0.314465662373321,0.171046797093668,0.148347269811254,0.145307424540723,0.229584345528998,0.257810233848329,0.205831439086787,0.271307472207891
