"","acreana","acrocephala","acuminata","alata","alba","aria","auristellae","bourgonii","brachyrhachis.aff","brachystachys","brachystachys.aff","brevialata","brevipes","capitata12","capitata33","capitata35","cayennensis","chartacea","cinnamomea","cocleensis","cordatoalata","coruscans","cylindrica","edulis","fastuosa","flagelliformis","fosteriana","glomeriflora","goldmanii","gracilifolia","grandiflora","heterophylla","huberi","ingoides","jenmanii","kursarii","LA17","LA41","LA48","lateriflora","laurina","leiocalycina","leiocalycina.aff","lomatophylla","longiflora","longipedunculata","loubryana","M18","M25","M27b","M30","M71","marginata","melinonis","microcoma","multinervis","nobilis","nouragensis","obidensis","oerstediana","paraensis","pezizifera","pezizifera.aff","pitmanii","poeppigiana","punctata","retinocarpa","rubiginosa","ruiziana","sapindoides","sertulifera","setosa","spectabilis","splendens","stipularis","striata","suaveolens","subcapitata","T18","T21","T29","T50","T51","T82","T85","tenuistipula","thibaudiana","tomentosa","ulei","umbellifera","umbellifera.aff","umbratica","velutina","venusta","vera","virgultosa","vismiifolia","Zygia mediana"
"acreana",1,0.219993448501015,0.224352609722705,0.272746060507762,0.228807726099024,0.185519341323681,0.175763686326564,0.182497436753438,0.175535352788949,0.159370472470145,0.177076574888015,0.142093323174664,0.0888184243841315,0.253130818766659,0.271967655459172,0.227691478801538,0.28490198984512,0.246855784495539,0.278995474710199,0.333712024875188,0.216657673820993,0.281626202536577,0.255265758027371,0.287230734438035,0.30074427881213,0.235623129640625,0.199809302721058,0.249242581871755,0.150688702788737,0.19307375320552,0.164717256692092,0.245623846345983,0.234596493409404,0.240180266432553,0.212518968477337,0.247734351221173,0.144614932427841,0.176901168844569,0.235262563866216,0.203315608190777,0.207361694052176,0.258510015789894,0.231678289751399,0.304066719206438,0.214583541902837,0.176630743475333,0.210432953456485,0.126504705149471,0.150132801438373,0.170918325438902,0.148053146650162,0.133135238237038,0.260475461790799,0.243566357308437,0.109132049885261,0.256632045663704,0.184846994209296,0.242027312787214,0.169252837669661,0.168500350684225,0.220040271608517,0.271288892859524,0.238022960370522,0.264691564015281,0.282342799590246,0.241112240159652,0.182715569811572,0.296344271823592,0.14013410718907,0.310707927667936,0.217284956404488,0.195435201449895,0.123018236002131,0.223631381802477,0.235375145970675,0.206996130118579,0.181963994829149,0.193417490220882,0.258333132413716,0.168394107358471,0.198668149924601,0.212669061669059,0.147755921591472,0.218910292084919,0.168773904826586,0.154656268644547,0.230693755232194,0.293654258303792,0.229977594954208,0.22972413575623,0.222598555201426,0.252675545169024,0.147489172915605,0.223764549431576,0.270586353860623,0.14619578132552,0.226594587672168,0.219512348926887
"acrocephala",0.219993448501015,1,0.173787097734789,0.225452772200073,0.175579833262484,0.133806446183468,0.172709679110928,0.205544698378856,0.16020285221539,0.110116773062462,0.152901556000301,0.114975889216193,0.103364135459976,0.210966193525318,0.181838099060013,0.169826050459107,0.157934494054689,0.186529970477156,0.164674696040673,0.161284743443771,0.188396408369099,0.203681813824083,0.174258634317,0.206400905600227,0.198494328196156,0.154188304807985,0.156861715752177,0.192264958267494,0.144177180920119,0.166847904447657,0.159227526811374,0.140322875832719,0.202168332931842,0.13221963096483,0.124345342096468,0.151750002793719,0.12209925531779,0.215188925897279,0.175306550465898,0.162012540830283,0.168218858529682,0.261540226486046,0.142976152187586,0.152500534859214,0.164416513162115,0.159298990364448,0.119938792202668,0.135839709217588,0.118846890462595,0.132434944855964,0.125145571266857,0.126628238116077,0.160903155918622,0.169596399207709,0.243891139517865,0.140317859018774,0.17779325425697,0.133675972995518,0.107814037140233,0.139749778812791,0.187823496700551,0.182671541901712,0.188607856278615,0.214509085011542,0.182989605048234,0.184522437950171,0.148061012690811,0.262200771457609,0.114514506195306,0.193604201603547,0.178972734490362,0.15592389794837,0.147726827817527,0.175521849380163,0.145458419123205,0.196013213306677,0.255024868859009,0.136825203950328,0.172938897807361,0.148421528297013,0.165954686371797,0.189804333408798,0.104254151513627,0.167678850151851,0.123033931555,0.144887932432117,0.178095744861259,0.149665243878773,0.128929226231924,0.183411278303049,0.131900532985694,0.132399788616877,0.114039526236694,0.177619870935529,0.168920001357835,0.111782802390089,0.127370389755896,0.188186584132033
"acuminata",0.224352609722705,0.173787097734789,1,0.212129092083743,0.144371558715383,0.144368025263129,0.21181386867699,0.150477337657719,0.108220033592884,0.118902338326501,0.17473364077937,0.169088898674236,0.0759590223239672,0.239625869426979,0.207231186866188,0.224821563695082,0.188396248897618,0.185260125400391,0.224696174504239,0.213814404045897,0.207603320018918,0.188340362718673,0.184741285949463,0.215737666082865,0.24240891752418,0.211974015136344,0.168384860906637,0.199344758521278,0.117064159245246,0.158012745188499,0.16562631581738,0.15329378101081,0.201871340507746,0.227465326600388,0.286437447985714,0.208508569846124,0.169093505727183,0.139067107875475,0.185875481307352,0.170469458947657,0.253477564062098,0.187052095720712,0.21726086445131,0.212010770944094,0.17881399130212,0.185344026853888,0.16292337726553,0.13207842521502,0.180016503178813,0.166215325515865,0.147480830802563,0.154229688412295,0.184093254822432,0.251761391841967,0.108456744353439,0.289576182876089,0.159653357000948,0.186754566343874,0.146906003282446,0.1546460432659,0.218304603897122,0.208776302131628,0.185709259352376,0.177191215156515,0.247175447575813,0.224233800279413,0.135044608641831,0.21147623338366,0.115782732162845,0.252911831901772,0.151717507099498,0.209157478331891,0.121662408163335,0.209061475244249,0.198626665757152,0.178996528905222,0.167439775208331,0.159175506599739,0.269087501292371,0.153894252806933,0.16880058899144,0.206890012029903,0.12696311120365,0.232737637077726,0.114691076220393,0.201156034378904,0.237982834136819,0.207595294792779,0.204440255582767,0.191805335186555,0.179858988667417,0.183764483487798,0.121072083864892,0.190608982728487,0.210386965281181,0.0924737233367666,0.226695356342941,0.195058929839832
"alata",0.272746060507762,0.225452772200073,0.212129092083743,1,0.200859208989609,0.144602124061849,0.239161729628821,0.208191723058223,0.158513576795223,0.102138295849532,0.187997587177886,0.155969973623088,0.089179381959135,0.294491847519853,0.224180524085079,0.169233030368842,0.181818423853483,0.37662325721182,0.255536576675748,0.259706677847597,0.241033139794193,0.227053521309859,0.259587785223588,0.327488395283048,0.315647251874656,0.195724367462026,0.194580354586888,0.218021410278229,0.138419729646618,0.176284647122606,0.193207680230913,0.198932683295927,0.286174465338939,0.281972160494109,0.206148931272978,0.286681578538927,0.180136744288496,0.172381724691064,0.216082954178964,0.242372502871434,0.232653053099014,0.277432418018293,0.279161037557541,0.304304457866224,0.204339906965417,0.186961245761415,0.195759612300111,0.178103565448489,0.234178164329314,0.196768458240509,0.160095859004072,0.266792746792943,0.349807936368432,0.219069988239186,0.148852367913438,0.200821852511383,0.218347734335533,0.248013251872212,0.20273721345403,0.206020370260815,0.215294667094871,0.260927121009907,0.205435291310098,0.266544890370556,0.299491188982567,0.286722037537911,0.214020907311204,0.247703888015546,0.144924745310298,0.273113553694346,0.188873991110219,0.218904457177246,0.113403060041379,0.181579062983497,0.295492049362982,0.191534546881388,0.228898030675397,0.172129387288971,0.238702229504177,0.149300437491565,0.220866713811532,0.185189953938851,0.130662777260918,0.205932002302303,0.137015127696755,0.182222993556762,0.25086159253959,0.262523165384867,0.20430444490352,0.216216121612553,0.290688997614978,0.268451527512613,0.106055371698777,0.272439866311665,0.239376998375926,0.117408761318495,0.250149987252017,0.210857773253337
"alba",0.228807726099024,0.175579833262484,0.144371558715383,0.200859208989609,1,0.147923873462183,0.179195836159171,0.14776811780238,0.140807470128639,0.224091047783279,0.263063991524428,0.221252728883999,0.185131427958093,0.205907928586279,0.170608174347356,0.156223452429643,0.161752570101011,0.228913140837673,0.176429042235088,0.178184917065191,0.187873975990885,0.207517280301824,0.164890586905129,0.198645889167708,0.185128920045872,0.249137555102395,0.169475199702929,0.182432656194139,0.109064180413503,0.149633368198488,0.145767272326566,0.296807161575138,0.208362245900863,0.158696639403612,0.246283595649367,0.156092213000416,0.103748045911295,0.140040050853956,0.156583433244586,0.141229943735844,0.255171086333763,0.209051373986085,0.147168462665536,0.177421244338686,0.159840776350413,0.135130353067343,0.260220307530621,0.126144029015436,0.257266715928619,0.242235962745356,0.122445161879938,0.124838212532051,0.176254865758735,0.18064069783716,0.121580976359582,0.164778548197722,0.154132413436115,0.156104577997836,0.221772594192096,0.127625978215759,0.176915619955262,0.211951041179233,0.257252496698586,0.141992584715711,0.187565113185262,0.183730428679307,0.125043924798762,0.212868669146583,0.0983021766169112,0.206322183700969,0.297989088391676,0.143312425150654,0.125880976827803,0.143808017680784,0.182491352054798,0.176514101597923,0.187941266193453,0.126500834141409,0.153539898211478,0.149631360920186,0.163888339896005,0.187037593114577,0.122747957048201,0.159090844231937,0.12910336816011,0.127158590492482,0.180683831507766,0.179180265222153,0.161442601298003,0.305768279424157,0.147951389703007,0.261204491225533,0.121221110764519,0.156685774994516,0.185208895521646,0.232392764185698,0.145991758138203,0.186072409593804
"aria",0.185519341323681,0.133806446183468,0.144368025263129,0.144602124061849,0.147923873462183,1,0.12639824323868,0.137455683681105,0.132201937410325,0.0940366227883449,0.129508184191758,0.174695500688408,0.0753813876047414,0.191519950383331,0.158615929815715,0.200178046272273,0.218195980951857,0.178924345060456,0.193395267020474,0.168091776823228,0.193300265700806,0.201845444683426,0.125776067530528,0.151772320243882,0.159798571903047,0.155174494925711,0.114110069149789,0.142872266744266,0.117763732363706,0.198162015153105,0.174878528688385,0.129287417928654,0.165496359980747,0.129189568580232,0.135589183836097,0.130391107482076,0.102953034121755,0.127739843157804,0.146980652661155,0.126592695357945,0.12506261198961,0.184524199114782,0.133047621542294,0.13714629530035,0.202240599612444,0.121828346404065,0.109312571374527,0.133361842112114,0.127538064811958,0.163972966364393,0.133298935245645,0.106050668940928,0.155604595502751,0.175131685062389,0.118369167581597,0.175057417167205,0.146630248634965,0.16883613126742,0.111259641857239,0.166030095349326,0.219612649866337,0.154790480607153,0.144124448877047,0.127771016117989,0.179077249762235,0.160122993886726,0.121805014783723,0.169099077670316,0.103724814363057,0.176668293217901,0.121744769283178,0.128245010857907,0.0974509102566203,0.170223547847309,0.183836284498136,0.166215576748078,0.134254660239094,0.177891072986569,0.16719185889503,0.131231616979205,0.149928528723031,0.183401510925131,0.110473736554624,0.124867954606347,0.141242609616705,0.115439965509603,0.150430862964738,0.15892454276687,0.132513702865825,0.130926846574828,0.121546739887987,0.127350708289861,0.118168471338963,0.152241883725431,0.21441274176551,0.114959671544243,0.131869945307107,0.147130528527001
"auristellae",0.175763686326564,0.172709679110928,0.21181386867699,0.239161729628821,0.179195836159171,0.12639824323868,1,0.148381548596436,0.133981819525389,0.135559151754294,0.177635387177245,0.108629705376679,0.0726854093849012,0.187899110528129,0.266872014225233,0.172816401282578,0.154329395400611,0.261546495258559,0.141997011577223,0.15091228891558,0.155162110532286,0.18499575386121,0.157523284716008,0.205008492057456,0.198038888411915,0.169688128243772,0.232643192909304,0.174543702515241,0.138427346697559,0.197306234045153,0.139552004072699,0.15025637143643,0.195846994200264,0.127047420459266,0.191008509802298,0.150738440606704,0.121473012821688,0.165212045661615,0.163602422103611,0.154703863372279,0.206637928874576,0.168782417307712,0.161686398946626,0.149514763017475,0.149068963008665,0.160222919865781,0.1454753479207,0.125427400399327,0.328591503266454,0.135822049013723,0.117558272818918,0.231208589971063,0.153875017696399,0.190633279309536,0.174321053764317,0.187779809755553,0.151655638775882,0.132459103246724,0.132803903682205,0.124039797140683,0.174198867271754,0.212290670181807,0.205901610019521,0.139838498121159,0.197263027486585,0.174202862895233,0.129629652303786,0.25434064324683,0.117861011883969,0.251165569719949,0.169815428450599,0.142389968128622,0.228366327798008,0.169144690132221,0.172067919707141,0.235555487256027,0.25226731676518,0.121890424220369,0.177283942080901,0.341416432776416,0.146051063760306,0.220921744924549,0.0998417724652468,0.193932588130941,0.209997956509872,0.149294433405394,0.188984195558516,0.132056115275506,0.140729144140563,0.258963163088498,0.131770395586245,0.153345695664287,0.109088777270464,0.273825778592281,0.19176924747322,0.113799004600777,0.126378253141905,0.189599566064685
"bourgonii",0.182497436753438,0.205544698378856,0.150477337657719,0.208191723058223,0.14776811780238,0.137455683681105,0.148381548596436,1,0.148048666356171,0.131734609923309,0.116092511360567,0.128584204563608,0.0878723139043816,0.195737049636432,0.159816436628047,0.147507827610484,0.170712846308293,0.212125472928952,0.190699526508691,0.163363419651323,0.171846616667073,0.188824255788274,0.195209209850562,0.185951834168137,0.229028292959319,0.139480921343134,0.122830645339897,0.152483692625458,0.142817145733269,0.148525457018729,0.188991007520777,0.141612580610489,0.168522398587348,0.161720883303101,0.140472512910397,0.19006703072637,0.164247022602642,0.145726809361229,0.158475971038535,0.158742664455292,0.130861812762792,0.181383635003347,0.145758462289476,0.184470578339431,0.177169131701167,0.171614174721142,0.123123868724073,0.19292321166793,0.122613982167703,0.14787818755854,0.124693858616709,0.154309300605288,0.170836772193819,0.169690018099516,0.100030951971378,0.136570205316219,0.178800963786468,0.149715138657676,0.115979621535796,0.129401679555913,0.17474023303065,0.154396864382579,0.168236864294695,0.192715799218308,0.168052334245265,0.176684162063017,0.12092310880516,0.199696063270145,0.138013130757136,0.184876116210461,0.144578293481711,0.185725097400895,0.0924035123468258,0.181252598825071,0.189590727002499,0.159138750740664,0.133077548641235,0.177736478106738,0.228957250569451,0.134608600640061,0.201283917051729,0.170419493912318,0.108917940678979,0.138781009752485,0.109913591888164,0.143208356715369,0.16921944947319,0.167631883217393,0.163002121633402,0.137403203775441,0.173929015379986,0.124910691271808,0.120446652465124,0.194677550145159,0.171595824206789,0.103000848275788,0.151657301989818,0.1761545121632
"brachyrhachis.aff",0.175535352788949,0.16020285221539,0.108220033592884,0.158513576795223,0.140807470128639,0.132201937410325,0.133981819525389,0.148048666356171,1,0.0978850402758531,0.117949619528871,0.109552484150715,0.106595962111953,0.16537563075146,0.156206750171317,0.144155482073579,0.141145836896171,0.125010989423832,0.131169016803736,0.113445049841863,0.148240762424815,0.147390053956607,0.144141962447102,0.183478695117322,0.134853753387392,0.133107314679969,0.0978511758234337,0.124638354379209,0.154960663560021,0.159596460995752,0.163079756995982,0.108034872092234,0.250042984265929,0.130977080886078,0.118634161730237,0.130466055520249,0.111126190500814,0.127576804530566,0.129014240589538,0.106260212874827,0.113920374387712,0.150980339658405,0.134495958104811,0.122636893525258,0.13245122749351,0.115139955196295,0.0987397102193093,0.130592485797355,0.109821364366312,0.122652990766446,0.103252486418821,0.151006915488223,0.177477104618799,0.142595604141848,0.131765245009615,0.181593321012817,0.14829595445724,0.151917088815418,0.276321166193782,0.278144099948414,0.195563834952946,0.13816155081373,0.134844985695381,0.135537562268471,0.153422639488263,0.172972007783835,0.1247832061096,0.172293272449331,0.259134754079531,0.242409575809261,0.100118485496586,0.127100436678144,0.114036438871947,0.162248449118519,0.12351504888208,0.179294882540433,0.125546472152789,0.120125669447538,0.117370979901883,0.10964895891824,0.143385521081465,0.167966307231813,0.117111070627302,0.110823778335671,0.101660584315884,0.126315232580392,0.165198484664788,0.117743829123959,0.108798661548306,0.243137175617334,0.105361580809777,0.109510380493362,0.0860416268499215,0.143801691521786,0.12620521393613,0.102704758449509,0.124264379014547,0.181860499259737
"brachystachys",0.159370472470145,0.110116773062462,0.118902338326501,0.102138295849532,0.224091047783279,0.0940366227883449,0.135559151754294,0.131734609923309,0.0978850402758531,1,0.339852086175465,0.251265134066531,0.175954086285379,0.145864156737379,0.153008956178013,0.167814709316487,0.135177644401878,0.108651507299605,0.094949939544933,0.109610554537636,0.109638568122738,0.147361360567907,0.14066419793141,0.164446452088467,0.168960797394741,0.325621571975147,0.1546058893812,0.143047075851656,0.146959530115463,0.140390078007918,0.12642899149275,0.342137367018386,0.131852594999416,0.10288962391117,0.273253267953853,0.119913466282967,0.0942306551531739,0.119837546811498,0.118530668120028,0.12187116079068,0.304437024436428,0.131080190133503,0.0942894655090605,0.128866063627556,0.127477825364909,0.134479318326188,0.355815614483457,0.0999684880712412,0.254028750796103,0.254233772170353,0.127216135773583,0.0980193242449704,0.115193846651812,0.17073435903288,0.11783356352512,0.146572598391675,0.137886389077953,0.0922712287738178,0.203266038426791,0.0957587239457158,0.139138615102495,0.12763817461943,0.1401816124632,0.177519228812836,0.113265217762964,0.101844721940644,0.1196261775318,0.163480981674013,0.0909385878009063,0.137663155856181,0.316334870437889,0.139567615108906,0.128469785410998,0.159422773554928,0.0900933051038351,0.136163088400443,0.161904475525414,0.0921529119350603,0.0988153525192254,0.127089376982649,0.111833178510314,0.179462400233483,0.0983549684808611,0.137542285107521,0.149707386743113,0.158339199487694,0.192819642996748,0.0981033492990983,0.125180691208056,0.284041510385489,0.0927125232036323,0.26663502819718,0.076635587719425,0.132918950500309,0.140777760406858,0.328380760908924,0.0851741668086463,0.12105928879327
"brachystachys.aff",0.177076574888015,0.152901556000301,0.17473364077937,0.187997587177886,0.263063991524428,0.129508184191758,0.177635387177245,0.116092511360567,0.117949619528871,0.339852086175465,1,0.317838647459801,0.173860922585744,0.2027193873137,0.201176341239677,0.189052941962845,0.136541200952048,0.136781787931523,0.169704892300338,0.171087304794337,0.160420958822653,0.169509133964689,0.190132765906827,0.233864233403836,0.211136518900029,0.33638268431138,0.177165691140997,0.212013312094493,0.122652104044597,0.16473202306497,0.165033384218404,0.349161173295791,0.212854701893333,0.160594386664736,0.317744661382808,0.192514356622545,0.115395502425768,0.142264789946406,0.17513396381802,0.148766570600549,0.352489362240746,0.18340821148011,0.17415004944441,0.164875081531929,0.163619937468502,0.124262130651581,0.373390347079288,0.118661958820174,0.293022395904661,0.282232730809627,0.117585170599262,0.114700094879856,0.179445979898559,0.197697282982165,0.130533563813716,0.201957734256429,0.158256507039239,0.135557948491736,0.259605268973729,0.179740803185046,0.183292397780405,0.203466900791202,0.179882240425152,0.155157328001545,0.205254497733412,0.176964885280858,0.159532888987653,0.220941955710708,0.0991239472558402,0.204091034478679,0.376611939879268,0.141427980252948,0.151740625157032,0.171155595971626,0.125310467478059,0.161398164245803,0.23433668089661,0.122917827504956,0.184038033130608,0.160781594309917,0.140699739081616,0.209986536865424,0.0955416926199046,0.214047920671119,0.124884762055962,0.192516593067552,0.223919126480334,0.189560272367167,0.201190697776333,0.363284460586437,0.134980663437465,0.361926177860237,0.103946905003791,0.140568618103478,0.224217134267677,0.305002566932462,0.156230261305246,0.142242681170465
"brevialata",0.142093323174664,0.114975889216193,0.169088898674236,0.155969973623088,0.221252728883999,0.174695500688408,0.108629705376679,0.128584204563608,0.109552484150715,0.251265134066531,0.317838647459801,1,0.157264838188757,0.163273046037684,0.151815881960711,0.189902819587123,0.109843201652247,0.147700151756667,0.159550624509766,0.135925558270316,0.143185334007486,0.150484454285352,0.129629107336886,0.146457014246437,0.170767502331526,0.276017548528352,0.103997363286811,0.117885287172277,0.0984501890058874,0.167307711003683,0.168341865011005,0.271696964410221,0.148004008408324,0.131518786585084,0.292432316231939,0.18155055938905,0.122553670263236,0.103414084816574,0.113562639744974,0.125274981388527,0.310387135600993,0.13989043315822,0.169174917622363,0.131240003044623,0.154157974243848,0.103002692971116,0.26880715384662,0.111604501462116,0.335072874073037,0.287818566799806,0.112123422910871,0.10611127144108,0.148089663731905,0.135952263099847,0.0818130658269954,0.244874789022136,0.135364530935782,0.150227773633979,0.245303041462595,0.149777691214259,0.217509254099038,0.143718926837242,0.144502318961159,0.169277576464906,0.193592344854649,0.143174345512482,0.167974210131401,0.143124506572529,0.0950883958492474,0.161939388530987,0.272983813856249,0.145457642714376,0.0682260095566074,0.128449541221493,0.129941646986642,0.166299096186846,0.122073923067175,0.180405744044266,0.176909571283288,0.109653008282085,0.168432773165183,0.236594640515572,0.108004028642357,0.103202668625162,0.098154101873973,0.164618285207781,0.164524793423537,0.197381846164676,0.102614844380004,0.253723577791744,0.129817506345282,0.290691222332508,0.0892157663992738,0.117409560910335,0.178374594370961,0.237810224709698,0.165685598377144,0.150136873734856
"brevipes",0.0888184243841315,0.103364135459976,0.0759590223239672,0.089179381959135,0.185131427958093,0.0753813876047414,0.0726854093849012,0.0878723139043816,0.106595962111953,0.175954086285379,0.173860922585744,0.157264838188757,1,0.106002754336242,0.093831306665829,0.0921112666232836,0.0797956832691345,0.0813689116508653,0.0781514416891202,0.0702370189395605,0.0862537919527843,0.109277033450726,0.0753526112568925,0.0890444913560573,0.100298771247609,0.180024276999951,0.0587324398269414,0.0769782872633068,0.079942886179317,0.0760670629628918,0.080189861776911,0.163428045065052,0.0917886055954374,0.0894343030144789,0.166705553660341,0.0872738711451652,0.0657527127312414,0.0859561764571914,0.0980535048213385,0.0724015461149336,0.169784508006622,0.0903051400402448,0.0727292646282671,0.135158621331381,0.0910444098963071,0.116413425315607,0.153332978479968,0.0697562753433238,0.14946670934061,0.167677893740509,0.0659762719154273,0.0832827917387803,0.0991729739093088,0.0901556328779651,0.0752162242531383,0.0708393591685574,0.0971697616868868,0.0786837521497171,0.153200512200174,0.0713311467812115,0.0830314518540401,0.0793568972165966,0.0873793999551005,0.0758767110573669,0.0842017813105122,0.10155971200352,0.065614092245095,0.105560641237034,0.0636995262759474,0.0924078285288812,0.188650916756688,0.0746279510894127,0.0720239443858162,0.0907768069318713,0.0801189969309049,0.0921956187257534,0.0858790393954271,0.0661229594625449,0.0752655932985013,0.0676798285571135,0.086863177620418,0.132693989523857,0.0551907873935538,0.0840834318079906,0.0543656626564332,0.0844029855896519,0.0909666636980253,0.0629595999495047,0.0631410788452854,0.182648180982939,0.0924695916291338,0.166859977833375,0.0709700939238019,0.0828387603959046,0.074120382860384,0.178369119706202,0.0700069503408718,0.0855057924451244
"capitata12",0.253130818766659,0.210966193525318,0.239625869426979,0.294491847519853,0.205907928586279,0.191519950383331,0.187899110528129,0.195737049636432,0.16537563075146,0.145864156737379,0.2027193873137,0.163273046037684,0.106002754336242,1,0.269014742375882,0.229924798833941,0.245636790902335,0.243273924177294,0.277001529839165,0.259625750765516,0.254924936142696,0.282981261643797,0.248960379790444,0.248238321608315,0.273190111832832,0.214165580662066,0.173761475136461,0.251670707367869,0.154200609556082,0.24530884038408,0.215643560592412,0.209103491028179,0.31120754164674,0.228137967487879,0.201815888754397,0.277432027695046,0.157993057933328,0.176302398406987,0.255304695835586,0.246238464298727,0.192337485044043,0.259133337353256,0.27105695736791,0.229513885360512,0.229905344893356,0.187642716330733,0.184431567580879,0.219575290049424,0.151445400115069,0.182096041471939,0.221697514090198,0.179907947690134,0.284073944257874,0.2832894845045,0.150835681245382,0.20099906512406,0.209934481963975,0.213524246365827,0.233946303612347,0.203019120135338,0.257787132516236,0.221462745068939,0.240830272566281,0.220998633959581,0.316966855550616,0.300153073091244,0.224154637739228,0.277496312660208,0.153812988535403,0.259416018466636,0.197511561223911,0.211154339299429,0.132360475981411,0.249504186656403,0.232911122715293,0.20896478548161,0.18718741765442,0.233165162077807,0.301877774195188,0.170212936136912,0.204278355509833,0.216688431508739,0.139496449206773,0.208083873051198,0.144631263167725,0.200804321659699,0.236717632289905,0.249659994135513,0.207669957558272,0.238245465384091,0.233832001294404,0.238252177290119,0.14635401143368,0.220565317369539,0.272275143241926,0.136392891776196,0.210030016035265,0.226424752716058
"capitata33",0.271967655459172,0.181838099060013,0.207231186866188,0.224180524085079,0.170608174347356,0.158615929815715,0.266872014225233,0.159816436628047,0.156206750171317,0.153008956178013,0.201176341239677,0.151815881960711,0.093831306665829,0.269014742375882,1,0.214145482235168,0.203292286574414,0.181110565198779,0.179810730108958,0.211042286727678,0.206498214125973,0.236528362675879,0.22318906504131,0.234924609310902,0.228249273549689,0.222904188299446,0.210476430895738,0.224715391510644,0.182243082450606,0.217636620545581,0.207727681080069,0.195236358701568,0.244048722710737,0.185596323850607,0.183050435969572,0.191475183091902,0.14510475985165,0.198463595763803,0.180605054966017,0.184878594494234,0.23172025646058,0.205275560069863,0.231556435587873,0.205822020776577,0.200996090033644,0.172884459329518,0.163016690984461,0.173048601138925,0.157046857189947,0.168264958071562,0.176138856104467,0.151087994769787,0.22524001244062,0.282072394288448,0.194201206599104,0.209839094643844,0.216664659559809,0.180440540929864,0.155305076970524,0.18050127257269,0.215995975466624,0.284675499693119,0.200382106444251,0.177199082159459,0.232551474248891,0.210876906848539,0.183265562003254,0.279591625107211,0.135079010900872,0.292283255500809,0.190563058014044,0.184349275663621,0.195160349677216,0.203899523158447,0.166999947175263,0.24674148791759,0.201735239925694,0.181468060465156,0.230530853778623,0.219342399407412,0.172488959717086,0.267673004323585,0.139300291358789,0.216719532072257,0.191124638188615,0.163204783735658,0.259549523825139,0.175758400835919,0.164485556786169,0.269582622963029,0.16788020498474,0.194559478472173,0.13330308187382,0.204417214268644,0.239340578522834,0.137915699385388,0.154332433256358,0.199757217737026
"capitata35",0.227691478801538,0.169826050459107,0.224821563695082,0.169233030368842,0.156223452429643,0.200178046272273,0.172816401282578,0.147507827610484,0.144155482073579,0.167814709316487,0.189052941962845,0.189902819587123,0.0921112666232836,0.229924798833941,0.214145482235168,1,0.210211581033343,0.167553520845535,0.229093726402396,0.188499557894375,0.173250438273666,0.212821854579964,0.191348156262085,0.208647921393766,0.221323541929456,0.218036695868448,0.164756378933665,0.203067665722632,0.15612839356676,0.24447307515013,0.187580756765529,0.165951498863057,0.186151907684412,0.194159603136354,0.190239246920443,0.169821706363576,0.118247156234668,0.137668325024335,0.182447927782009,0.138959926914456,0.153239070919898,0.187158100357184,0.193273994785685,0.181079130615588,0.1630663188696,0.147396525137768,0.130660088264973,0.141678489874588,0.199670028281515,0.149918712318445,0.144321242340825,0.141890385357822,0.171267207703646,0.2719956798512,0.144767323518379,0.38735246694359,0.151440498287288,0.138852929221962,0.117422997714736,0.125070984679665,0.261093828266797,0.20673064622206,0.211167453001082,0.148088579540652,0.227562857501739,0.182058811910446,0.14192508040218,0.273833909017913,0.117542419140482,0.205808022806423,0.149587285206786,0.179465642369563,0.148660439971493,0.29515743723578,0.160179955462817,0.227780168680064,0.211531588249346,0.254804602419404,0.177786912256353,0.193731004720083,0.172095411236533,0.354534604628235,0.134156096608288,0.209305998365067,0.177340188896829,0.200659420259923,0.233558811409412,0.161036852991976,0.192953794046837,0.196520783433781,0.124198426163087,0.161505926328313,0.179630962246433,0.189324448790557,0.210581450625952,0.119839751612253,0.191949012797059,0.19321518945109
"cayennensis",0.28490198984512,0.157934494054689,0.188396248897618,0.181818423853483,0.161752570101011,0.218195980951857,0.154329395400611,0.170712846308293,0.141145836896171,0.135177644401878,0.136541200952048,0.109843201652247,0.0797956832691345,0.245636790902335,0.203292286574414,0.210211581033343,1,0.205079225806796,0.232247524147819,0.203921285005992,0.206637495221864,0.252570997157465,0.178598361662896,0.210266831444694,0.211708144272593,0.179060443223938,0.144131802470542,0.164539997220136,0.12473881340129,0.199575597505693,0.187261564887043,0.154464312425554,0.214938903610012,0.16396742162785,0.180516784161523,0.163698297420936,0.134691295604317,0.117774236356718,0.194618723260838,0.148861171593221,0.146383724931186,0.230080403623013,0.171883775250391,0.190702693463292,0.264430791935703,0.157706671365573,0.125973832054558,0.17653807686135,0.123642918823656,0.137099120790209,0.165492348530693,0.116235628488857,0.193874349567368,0.229996340841492,0.109528184272708,0.190471103977243,0.153929839659272,0.193191342060278,0.13369547062721,0.152855024137722,0.230947420434919,0.177759300663068,0.172484425093131,0.174845901073052,0.233696197190642,0.195712283425826,0.164014088699408,0.211191002297402,0.120596285468137,0.201437042450562,0.155350917575868,0.196228660013582,0.11403630706247,0.238437082237686,0.269552214756471,0.162045604125405,0.166729586920605,0.188694807728455,0.196481170323844,0.129031167716685,0.167992478708462,0.173577334077519,0.130037846251951,0.130500990951618,0.155886898030471,0.151898411091173,0.177595781140891,0.210866890535988,0.183646173691916,0.161364299880157,0.142001556246845,0.150849129178561,0.118308321353906,0.199083556452484,0.190631406915621,0.127382068043367,0.159419702766797,0.213233645482022
"chartacea",0.246855784495539,0.186529970477156,0.185260125400391,0.37662325721182,0.228913140837673,0.178924345060456,0.261546495258559,0.212125472928952,0.125010989423832,0.108651507299605,0.136781787931523,0.147700151756667,0.0813689116508653,0.243273924177294,0.181110565198779,0.167553520845535,0.205079225806796,1,0.230195044488663,0.229014596833075,0.244470675875261,0.233352571404698,0.203834398466143,0.229097962850451,0.243256737819809,0.175705486271045,0.159085272230506,0.178160131991736,0.100783800014108,0.161839935662097,0.158407859187353,0.17036930888917,0.239660228900074,0.192777105512829,0.174900970504012,0.193027652832429,0.1388956877266,0.146849843935379,0.176788601929012,0.197306659940401,0.19140347601325,0.235760833774984,0.185468362503083,0.218054160869215,0.192594510928383,0.164751395215701,0.136604071498732,0.153834967707996,0.225848065141747,0.193414621596549,0.147575001499028,0.2750648637234,0.231640905262847,0.203370923454577,0.119101669984752,0.171277220703082,0.189072401810967,0.201251288720945,0.157896170958255,0.175416569233942,0.190912029075244,0.232377553049733,0.179517543681483,0.198206383587173,0.237828961452355,0.236505236302537,0.14867922561236,0.22258327469512,0.155903700518094,0.252021310966761,0.184147993138939,0.170943643676565,0.105106429889208,0.177685834949834,0.238670940983383,0.164748262409015,0.162903676906448,0.158021043933561,0.210217240974542,0.140770854249457,0.205950195569119,0.154412173278858,0.150146329178156,0.156588413431896,0.123520388710045,0.155607290418558,0.232198414731531,0.191994891313949,0.193500101379614,0.149582698817983,0.208010597318605,0.17818519645328,0.112081930312894,0.308936187978868,0.2028167069079,0.127721902593204,0.200076826717713,0.219188198333176
"cinnamomea",0.278995474710199,0.164674696040673,0.224696174504239,0.255536576675748,0.176429042235088,0.193395267020474,0.141997011577223,0.190699526508691,0.131169016803736,0.094949939544933,0.169704892300338,0.159550624509766,0.0781514416891202,0.277001529839165,0.179810730108958,0.229093726402396,0.232247524147819,0.230195044488663,1,0.284617581377341,0.198204335747794,0.257246106888473,0.222459196886758,0.261956627621208,0.306925063521651,0.175854796247501,0.173144639942191,0.222154080311842,0.0889341223799258,0.178093272603199,0.192000646706844,0.197100562835934,0.230938189974284,0.251559705849488,0.185355414862392,0.260911190371405,0.14841419575633,0.146227673561772,0.238774580897356,0.23482030662419,0.162371875981037,0.23436754615233,0.238158429693257,0.274625325885297,0.178281634139634,0.149617375832471,0.175660239089112,0.156812759250123,0.146111598310982,0.153078235200878,0.134898028491533,0.130891239263667,0.237179219297138,0.221850376578356,0.10719852351545,0.242065372307971,0.159198028844526,0.237888629667329,0.174909325243573,0.172728887968994,0.281296538472935,0.238735381690189,0.187018051873967,0.196889104658243,0.306521289029119,0.24149555636216,0.193332497343501,0.216158707362344,0.122595293925454,0.270121622612374,0.168648241502049,0.173719366025102,0.0915298405777724,0.208105484749953,0.241155356299298,0.160467896369031,0.151389349849055,0.221799535479086,0.233757778550508,0.142180582342971,0.187502776302586,0.169806216341896,0.123692085258747,0.17153150071346,0.189079036055279,0.133391173875116,0.195122284770712,0.300111277953808,0.212243539946185,0.189697474362404,0.209877587646509,0.248656693359938,0.107547936125738,0.170935884591089,0.263753696985349,0.129902341700424,0.25646371307557,0.211723043388537
"cocleensis",0.333712024875188,0.161284743443771,0.213814404045897,0.259706677847597,0.178184917065191,0.168091776823228,0.15091228891558,0.163363419651323,0.113445049841863,0.109610554537636,0.171087304794337,0.135925558270316,0.0702370189395605,0.259625750765516,0.211042286727678,0.188499557894375,0.203921285005992,0.229014596833075,0.284617581377341,1,0.232568202631819,0.270802593949526,0.267473603293892,0.32480184433995,0.301977625075897,0.2256454528341,0.21481538319217,0.257328622498919,0.10662500185851,0.183877449686483,0.157895653770002,0.240358774322184,0.209140878513512,0.261134722085902,0.212157369280503,0.284818661098181,0.11531192216749,0.144268637509859,0.223924236661437,0.219579889411231,0.17945007132276,0.210370724800934,0.296291658535492,0.329074349090348,0.183041687726859,0.165964016131081,0.219682549455888,0.136358517052161,0.150153353897083,0.155058430471418,0.157131686923649,0.135895181022573,0.271829273095103,0.230129629679453,0.105483880674004,0.243864446457699,0.170974029091327,0.234241491089659,0.1775441629113,0.140266782631771,0.206072767453665,0.280505531538766,0.205154368920916,0.212649581265846,0.305619872187927,0.240665440173449,0.21898589389166,0.248957992428946,0.133971271417247,0.272891007400795,0.187067371476758,0.194235817609791,0.104974133322255,0.200791927824669,0.213477813853962,0.175303408870065,0.155075354239071,0.194335070672444,0.242330690829902,0.152584199018164,0.180625974383518,0.183170508569758,0.129242677254154,0.245516298372615,0.13006182178684,0.138888030786554,0.233455138751904,0.288584101748829,0.285325746961621,0.213468471541791,0.230609412853633,0.298464031876721,0.130887499707095,0.196010113592434,0.277514842310389,0.111655993377262,0.245896380061962,0.232235014052606
"cordatoalata",0.216657673820993,0.188396408369099,0.207603320018918,0.241033139794193,0.187873975990885,0.193300265700806,0.155162110532286,0.171846616667073,0.148240762424815,0.109638568122738,0.160420958822653,0.143185334007486,0.0862537919527843,0.254924936142696,0.206498214125973,0.173250438273666,0.206637495221864,0.244470675875261,0.198204335747794,0.232568202631819,1,0.211777070918468,0.226673736277698,0.222515232742837,0.207277363037539,0.19345062501414,0.14114035881627,0.192030621037897,0.120450401826259,0.182402183377497,0.181972181289476,0.158312941777286,0.240358578309933,0.190010563160218,0.205339948688624,0.22438839992986,0.125227853720521,0.15896604761245,0.185228036572658,0.187785174711556,0.227513178468101,0.201946460893579,0.262716844711992,0.206253783760992,0.211873364828029,0.1678482658427,0.166466245185991,0.173757018771059,0.13990450734991,0.164333518403869,0.16166326090027,0.146879120109854,0.244624216317603,0.218555058394419,0.11241998910558,0.195936353816512,0.184437073821885,0.173576050360376,0.193344232454083,0.282971285944558,0.216020177210415,0.238395273369361,0.178277175884095,0.198970100981499,0.27336783152291,0.266067267105127,0.158520698284194,0.235146077703408,0.12854140732866,0.244474825184343,0.167136433736146,0.2409291974028,0.122449549657805,0.207825149104178,0.277071604013118,0.227762623481979,0.147278932823601,0.181794025838955,0.231858845609163,0.16153898596071,0.267973456812716,0.190943826900356,0.163326095613437,0.159117592845853,0.126045659599097,0.19461803736272,0.217908196228033,0.212477193702293,0.172191672810685,0.164055706474,0.184549107579181,0.178825636434291,0.11661245506738,0.176704501686131,0.180930150546641,0.103991825495374,0.217098398141401,0.243146109715801
"coruscans",0.281626202536577,0.203681813824083,0.188340362718673,0.227053521309859,0.207517280301824,0.201845444683426,0.18499575386121,0.188824255788274,0.147390053956607,0.147361360567907,0.169509133964689,0.150484454285352,0.109277033450726,0.282981261643797,0.236528362675879,0.212821854579964,0.252570997157465,0.233352571404698,0.257246106888473,0.270802593949526,0.211777070918468,1,0.228894179982704,0.261305111437677,0.27679720670288,0.259726170020549,0.166520441785275,0.202251724543003,0.123343600830316,0.212209642388765,0.18543515200708,0.188935244292142,0.243698002925029,0.207306391775887,0.17343790468958,0.234438784532661,0.146407121587923,0.180176887380129,0.246317765211218,0.205941604063645,0.186154705477669,0.313301864016231,0.22423993297622,0.268312018324745,0.197822587968627,0.18651669176605,0.158419644384178,0.17854713597129,0.137829507819047,0.170049371140937,0.164342490041004,0.136155536494003,0.228851809774819,0.264971039585508,0.123237427427329,0.230557421597232,0.195451183784904,0.232796690273903,0.153264675423293,0.149957221000241,0.240376705464685,0.23496008119477,0.223152956966962,0.191722103106704,0.24806063294162,0.24920986796978,0.172516665735109,0.253462454356792,0.141754484681027,0.257284728498841,0.200548874877404,0.198463198506992,0.120548089726097,0.283885782046809,0.219308350481308,0.183021667356184,0.206756698409122,0.200723034440879,0.231261350944648,0.15674529177129,0.190475841756951,0.19616800968948,0.154759623244891,0.192418458184262,0.134694674729217,0.159288346703299,0.245070880365614,0.236215133974829,0.24045348485357,0.196599649146703,0.219346393083217,0.226211531202726,0.134142567571481,0.225454310216497,0.236309301727551,0.14480129824255,0.188214849904355,0.192363525282883
