"","acreana","acrocephala","acuminata","alata","alba","aria","auristellae","bourgonii","brachyrhachis.aff","brachystachys","brachystachys.aff","brevialata","brevipes","capitata12","capitata33","capitata35","cayennensis","chartacea","cinnamomea","cocleensis","cordatoalata","coruscans","cylindrica","edulis","fastuosa","flagelliformis","fosteriana","glomeriflora","goldmanii","gracilifolia","grandiflora","heterophylla","huberi","ingoides","jenmanii","kursarii","LA17","LA41","LA48","lateriflora","laurina","leiocalycina","leiocalycina.aff","lomatophylla","longiflora","longipedunculata","loubryana","M18","M25","M27b","M30","M71","marginata","melinonis","microcoma","multinervis","nobilis","nouragensis","obidensis","oerstediana","paraensis","pezizifera","pezizifera.aff","pitmanii","poeppigiana","punctata","retinocarpa","rubiginosa","ruiziana","sapindoides","sertulifera","setosa","spectabilis","splendens","stipularis","striata","suaveolens","subcapitata","T18","T21","T29","T50","T51","T82","T85","tenuistipula","thibaudiana","tomentosa","ulei","umbellifera","umbellifera.aff","umbratica","velutina","venusta","vera","virgultosa","vismiifolia","Zygia mediana"
"acreana",1,0.200704899852526,0.139309298391865,0.225459927199342,0.255905155574477,0.104429587362253,0.238670473209493,0.148135312842578,0.229667413057089,0.106626454774933,0.132945962593624,0.13512064281645,0.243039746056486,0.103637637160642,0.155030888032917,0.381775610586291,0.139592084563775,0.237839640726973,0.169979985904392,0.232198051244796,0.174893827047865,0.184870450674336,0.163119682816655,0.198178648242199,0.169888323265572,0.106754550321791,0.127633771450426,0.170529432125134,0.20571751156598,0.189199789284625,0.203449627366898,0.158366655260174,0.30553067279234,0.178602836569918,0.168703628683611,0.177735270869193,0.158601849706613,0.163270714246589,0.255076141529673,0.165783155207733,0.157577473099496,0.157549660757281,0.142027724096523,0.16418299127936,0.225153613329322,0.1749127243639,0.152693429938738,0.176723357794256,0.133356528779633,0.171323868180617,0.167813615376666,0.173801391384029,0.185666716257089,0.375470965235092,0.128326186785205,0.115221577409113,0.183268770292115,0.10539414538056,0.149569055914523,0.404925742254347,0.176108275737619,0.1486882781315,0.173622087102757,0.171395090560351,0.162148141986864,0.421058602645941,0.128778973647138,0.202805827634846,0.133840340327358,0.218030658210733,0.147957335585303,0.15384663784343,0.164509334022599,0.184400174051005,0.134636145160609,0.177522037784523,0.146612152252102,0.145137015472139,0.168114639092112,0.226642943768532,0.176696921628186,0.244157462833575,0.1575478518987,0.154262793700211,0.131316691381306,0.111226235831972,0.169181876133968,0.119765389819411,0.108854969293716,0.176318168520949,0.0939028488118984,0.138506947017698,0.113450714811502,0.222931282210232,0.127260111433445,0.14420091005234,0.144723317934943,0.205837682203277
"acrocephala",0.200704899852526,1,0.139095700455894,0.321047372733136,0.215234111022886,0.0881882920353387,0.268005697884906,0.227195791399597,0.242992046032799,0.0925480698406312,0.115136518587292,0.153488977469153,0.172489391754326,0.117687800427952,0.168037942905261,0.132952593369476,0.165377393776442,0.219568133451466,0.273762544761669,0.235633828534331,0.177420747450688,0.185628836854326,0.193618807177606,0.255843664244537,0.168842229587422,0.122042166483075,0.157796431171863,0.153650437687144,0.159160297232175,0.1774648505119,0.200619189806298,0.198251982546968,0.214971194562415,0.198270119743768,0.164604959358548,0.177572577291398,0.153242449490942,0.166112375118781,0.14157325692809,0.251611099683941,0.18272035839468,0.164017727324203,0.160582386218948,0.228673107207102,0.170567082768846,0.190385819169209,0.128379822603725,0.160644001492321,0.134221195932298,0.139098251407637,0.172461036043837,0.182408187693167,0.241913477394416,0.142927616361647,0.13979945165309,0.175862800450703,0.174119104626851,0.188880326857367,0.162075051947333,0.17981717257121,0.195217713539744,0.185245111421838,0.151277973664617,0.160410082623274,0.261026414344731,0.199443833464835,0.118635795245085,0.223966608637954,0.126890407167712,0.211377114696175,0.138993037248199,0.174880024991152,0.194583530957806,0.16905999534413,0.12113365223264,0.152181571603775,0.222510845948571,0.141812901573874,0.144207700608492,0.172641554195008,0.176753444138815,0.202280198471922,0.169525981308904,0.220590250806635,0.174191089106889,0.12725790236328,0.171152720416137,0.232638466031854,0.125776314003394,0.209286546563965,0.0780889529986658,0.139210929475833,0.108927874825419,0.191597556565932,0.0866461438975177,0.149463057207555,0.151466501290005,0.22881059893957
"acuminata",0.139309298391865,0.139095700455894,1,0.145655208991592,0.145864325812031,0.120650223442341,0.1951406459156,0.150015938781957,0.154849882984467,0.106701536289049,0.123233852445303,0.113081768642846,0.146012391138261,0.234498251820969,0.168407029989592,0.0915906389336192,0.146996770795051,0.192231684508372,0.184134692024059,0.119646913486114,0.168594675466386,0.17538967360755,0.15640578590887,0.205908705263278,0.151747026715388,0.0984228496019718,0.139233401633811,0.167947727696495,0.133336563013985,0.141360749181095,0.16289683949561,0.112237635290069,0.174792574259394,0.16968259230552,0.14637393856361,0.115886059789986,0.197414265819134,0.123986538443335,0.137706175429909,0.12613932101368,0.149798680954235,0.181787827382034,0.149420411834793,0.157772071640147,0.142745326473188,0.189491473534163,0.10873880708039,0.172232219777542,0.127472195455626,0.109254238732509,0.162333459001988,0.13903075876182,0.140923065768102,0.116835010112712,0.112993087091172,0.135959758903228,0.155932824967893,0.101364106798838,0.16745552657605,0.114698035620324,0.164699963173277,0.172814911104048,0.202643480956524,0.151204594189647,0.159644634072984,0.164474416063372,0.0790797886424221,0.167108419971041,0.120393620219665,0.17578664718736,0.130424125769017,0.15717302360857,0.21922193460562,0.147324631794762,0.117902202346934,0.164814823290406,0.140605127222117,0.160709749494129,0.122761297418432,0.123679997435697,0.163523739127161,0.188345177573572,0.167728011556368,0.166443865473657,0.118038733113334,0.118091375379071,0.1658035809448,0.139124755190215,0.148115053527283,0.181553848874828,0.0893020653246658,0.141837305487459,0.132171869382574,0.170603125366729,0.0668518210122414,0.112973166093771,0.127732098836421,0.17826914087642
"alata",0.225459927199342,0.321047372733136,0.145655208991592,1,0.256241610207022,0.125145179584129,0.28984077523625,0.151777405183612,0.255970880508887,0.109223449473091,0.130704475834839,0.152035551040534,0.190854251425073,0.147347504771716,0.159681214523463,0.142975913863244,0.16373766079795,0.2666153180447,0.187879689148951,0.19715559800962,0.236769277655343,0.193644948362566,0.179297058714238,0.219337915034338,0.179672854413745,0.12649975809033,0.153557668693996,0.193757608103002,0.242438406057082,0.149968474198642,0.1923301655211,0.142689792843461,0.269247548946151,0.2317742831517,0.183480036600046,0.175815339084501,0.177491573631247,0.164498811677212,0.130435586286148,0.222619801806006,0.205962827713413,0.210416658711284,0.180569022230843,0.292966242010433,0.20549631078164,0.192148734170527,0.156815476865419,0.191553623332919,0.146797679417489,0.184156223681586,0.200794719831321,0.244096539284227,0.283186193605306,0.143300693741248,0.156639044898942,0.167657333975399,0.186644494609564,0.152826476740481,0.20965510643857,0.162376637129626,0.245900724095051,0.18153927915424,0.183743210888781,0.197216896901422,0.201514893412803,0.206245948381821,0.12042659404198,0.238389837290586,0.138215152140999,0.271965472380322,0.159550114126281,0.208021579255805,0.190964232483914,0.187426575610732,0.131116706602943,0.195217897507762,0.216684147194204,0.174296273934665,0.135040598867589,0.200293371387712,0.23128003450329,0.270571292633168,0.178807173904459,0.166682838932978,0.142218192292865,0.152554814504571,0.212031034401828,0.161658606549553,0.12337557869822,0.224340918252087,0.101208655432636,0.191490854349166,0.119240561683353,0.230905769386947,0.100330537459682,0.154944813153752,0.171638583143195,0.307035911919169
"alba",0.255905155574477,0.215234111022886,0.145864325812031,0.256241610207022,1,0.130778892969714,0.275453899457754,0.175132731775424,0.265162295201241,0.21537511892399,0.247036409193584,0.300428532995721,0.374076591691963,0.13505730072781,0.171694599914704,0.179767156279503,0.227736712311587,0.332252107656978,0.261426586538759,0.213206618562665,0.246830322127399,0.248184095323783,0.198385984485686,0.278620508631875,0.187129669040703,0.253804493019627,0.148360889874781,0.167793698197175,0.212228988052364,0.232319395354869,0.200798824382835,0.280332604371365,0.262953004501124,0.301267585496961,0.387652242004085,0.194871519144466,0.199245012958111,0.20422485790009,0.138451000417653,0.205230055326078,0.315363434705448,0.214999041767945,0.268476181468436,0.232831134306793,0.249327876301468,0.199072580965664,0.27076710926057,0.250542987252979,0.258817737762656,0.281200673594589,0.28503843777693,0.212542021514736,0.247436515156013,0.181167684911158,0.187572737229716,0.146447587347874,0.21780110752953,0.126290837032089,0.324263238406722,0.175484879672058,0.205733369013434,0.198618080607277,0.207924666837024,0.196038524509783,0.228707210527689,0.236664980972433,0.115333127123278,0.277752285098876,0.172033713081034,0.365453262967843,0.284517372733393,0.292214039713069,0.204611895191295,0.241496941018679,0.138420742934776,0.18989790156033,0.213825884281022,0.194613891296324,0.146662366867481,0.265512726244459,0.297452025144321,0.323408905490818,0.213469575729118,0.202403162668975,0.224647194004123,0.173820628421806,0.214130641053514,0.162628428237734,0.154680661133306,0.37945535409385,0.102317417579524,0.320541966909532,0.127659704417224,0.276422862468754,0.104800992642735,0.294321439742005,0.262807427615445,0.319161372806309
"aria",0.104429587362253,0.0881882920353387,0.120650223442341,0.125145179584129,0.130778892969714,1,0.120273481483431,0.105657387348992,0.11220768650116,0.0839539242470043,0.0665236714924274,0.0837433079074446,0.100365038449454,0.163877664648109,0.117158031507598,0.0796706705160625,0.116486580312408,0.127576958253021,0.121083921599434,0.0928838088406486,0.170116528905689,0.127524867976751,0.133666994986731,0.161362949035015,0.130236593907413,0.0882870218851703,0.103734394061271,0.114493795362564,0.106930017222821,0.129856666544398,0.113459334438093,0.0676812676994073,0.114206003238379,0.129084180529463,0.0977106160304494,0.120495420820309,0.116948013643258,0.10469843596476,0.0862334490078505,0.0803350760509476,0.0917788767835668,0.131217248139011,0.110016978168651,0.110815042900776,0.111851232722123,0.117725641309426,0.0834787171039825,0.141696081253472,0.0885361784900596,0.0826449182063587,0.0920606185610316,0.0983555766373429,0.102603522374029,0.0625918889318949,0.107077166573309,0.112704701283942,0.0951103572394721,0.0882864008130972,0.132541503562834,0.0888386207880947,0.100854249817004,0.135234484366508,0.130053227195977,0.13114854211556,0.114782530661939,0.0905608942013928,0.0560643095597757,0.146167947587521,0.104836701191273,0.122277667392436,0.0772511659753357,0.106346887758931,0.150550789293214,0.122949655152848,0.0919052959353887,0.125412960098819,0.105684164677941,0.126646373344949,0.0793679691583924,0.103284648254202,0.126497979611747,0.122521639443729,0.132830105463145,0.107136464414647,0.0954478326042958,0.259235739162317,0.124482012581476,0.0988779849250643,0.0921049558216281,0.125111334379728,0.08133960435835,0.0829789400063922,0.0988817726756658,0.0937941270214915,0.0518441793651017,0.085653740023267,0.0961836753007836,0.141723729420786
"auristellae",0.238670473209493,0.268005697884906,0.1951406459156,0.28984077523625,0.275453899457754,0.120273481483431,1,0.173969745431336,0.20406746618217,0.165474700087762,0.12187212618813,0.170059046794559,0.231106921396582,0.147453900794374,0.210160082763758,0.234466598148921,0.166983874081693,0.261637092389569,0.20617162824586,0.222414220600049,0.209068832145859,0.230819163989146,0.214037689713495,0.252710719117636,0.19803527640476,0.152660353728774,0.160964571365789,0.183726316890697,0.234231063115002,0.20971590448086,0.267292226138446,0.183448296305444,0.361561097784403,0.269196207369008,0.236191758784809,0.187950317458059,0.20675636836858,0.211172747910064,0.246570995567101,0.238871348248909,0.220639520862794,0.209761873209147,0.196030883436592,0.212314287789274,0.224341652526579,0.221134805902663,0.164645804359502,0.21098723528228,0.175508680843579,0.17742012907749,0.197361871400385,0.191878158530953,0.290291125388592,0.24439520898746,0.182730952316469,0.141855060182724,0.256692448502614,0.175584482276998,0.243214401249736,0.218077079882459,0.205794763849641,0.20072157978132,0.208515838303556,0.211882511800526,0.195851443089462,0.270239836102972,0.124164646732466,0.213331211433952,0.159426858912161,0.256648923988845,0.160231173566265,0.212344011160808,0.212332571915019,0.223984404543318,0.137638250618902,0.214629419031637,0.188892816330618,0.173458460075189,0.1718068421345,0.250729315695641,0.229603174103444,0.367227670907755,0.188831195433115,0.205947934205549,0.165780066078579,0.147601024907964,0.225880174464497,0.166133920521101,0.17088479280096,0.286139530428568,0.113551700163455,0.224926043614658,0.13900248798521,0.274845858719175,0.132513935512191,0.169664702632137,0.180432160495698,0.255215035380968
"bourgonii",0.148135312842578,0.227195791399597,0.150015938781957,0.151777405183612,0.175132731775424,0.105657387348992,0.173969745431336,1,0.185159488421437,0.0994216390632609,0.0898625777149999,0.165096013147467,0.206337163851096,0.187988137426675,0.200579622246966,0.139865455436486,0.192256994837741,0.203352238488601,0.256800889177297,0.118896840276683,0.236976478901039,0.2338776170978,0.204132198286052,0.300920496755635,0.139307894866855,0.175350037189081,0.189212117209959,0.123151832880239,0.138964208944014,0.198227161928093,0.150680176080749,0.161882115255427,0.177272891783618,0.17565268644848,0.181663196410878,0.149072941270723,0.146767966367159,0.129402756948702,0.107395253634226,0.122014528735273,0.174424634813728,0.174108544382165,0.207170516298016,0.212539942856669,0.20598139605988,0.18316400638253,0.125584322293026,0.170412948949697,0.175322942471589,0.114725249749422,0.175578969928763,0.152416691488084,0.151210705094423,0.0862010116398643,0.138582190146437,0.146339070477375,0.151624333252911,0.105479115790734,0.179803472950825,0.119386033535273,0.184779017212652,0.1930999824915,0.180683115350128,0.189832897258361,0.250599734332452,0.132459207499157,0.101457353723783,0.211257277690701,0.197262749302307,0.21151429802306,0.115705541881388,0.187724512949712,0.191048569322304,0.173300409594625,0.1302189601696,0.191389407260054,0.221449376837616,0.141210278770589,0.105237480361524,0.133058863059997,0.269028728052571,0.164941254827545,0.21758534277086,0.235541394133923,0.187922871774697,0.141341844926089,0.18120728168683,0.306756224015873,0.16199920508289,0.187227518819018,0.132392535867228,0.14031526427365,0.114963109915587,0.1619542200983,0.0648548505846906,0.135522991436047,0.169041087114886,0.201890247390821
"brachyrhachis.aff",0.229667413057089,0.242992046032799,0.154849882984467,0.255970880508887,0.265162295201241,0.11220768650116,0.20406746618217,0.185159488421437,1,0.104703787014669,0.161482101025798,0.185052219631334,0.215453914581203,0.146857810408727,0.210846528586452,0.111299664262886,0.182075352089816,0.297430224906865,0.25446165206403,0.161851949256862,0.235115830332655,0.198363165927643,0.183090283771892,0.233716136986417,0.174574618597121,0.119158126390908,0.156111211037896,0.171508449201976,0.169864685069978,0.16022326723297,0.165130730446769,0.169613303022822,0.19612835934546,0.254208329834288,0.214484663550888,0.18385585709702,0.212696822002959,0.179587229729474,0.124385202104129,0.182778503609016,0.184605254514638,0.256500929660672,0.236463858901252,0.26113281761821,0.286815125556749,0.2224732613649,0.153108860351304,0.25855076667682,0.151671904199621,0.170098078563564,0.274398333021391,0.251408747846471,0.241436356393966,0.118557393109798,0.16543330191345,0.23419372432902,0.226740444821532,0.188591559063312,0.235659178218248,0.158906695499034,0.224663837501888,0.19246816646761,0.163964147562072,0.160648359321506,0.231030883993377,0.179715564991758,0.121311399753546,0.248678049832881,0.19616003393479,0.284523480851205,0.162511559184076,0.266664553317872,0.1794885094381,0.245817324832388,0.150849164062124,0.196696806261637,0.174782968963009,0.142801118958471,0.157846715217683,0.231381692260875,0.291779213063913,0.238737074258676,0.191706488039657,0.174314283979038,0.194332836050024,0.150900284673361,0.20655283971033,0.166502777777372,0.144274699100051,0.279339907035573,0.107531425613904,0.217248967586732,0.139973813046055,0.22488312687545,0.0884750173707572,0.192343005246945,0.221846471057748,0.248256293718567
"brachystachys",0.106626454774933,0.0925480698406312,0.106701536289049,0.109223449473091,0.21537511892399,0.0839539242470043,0.165474700087762,0.0994216390632609,0.104703787014669,1,0.294137838409529,0.259089739193138,0.213716493018336,0.0963439586292888,0.101374507550648,0.0877890106231425,0.0911164413598273,0.126272483344496,0.111776153583004,0.117509879004059,0.106653540976412,0.102404229160795,0.169560377831083,0.120188182027927,0.0944812372349302,0.255336263857052,0.125908664619815,0.099793515078926,0.106199848737234,0.0943636608900947,0.127784279028243,0.338649722413516,0.139244454683504,0.130048751834785,0.339805127360942,0.0860759935282306,0.151263670706769,0.113774512007971,0.093330363973945,0.0929519245119147,0.305940927480975,0.127745911915297,0.101230401035465,0.109646103518245,0.112477232017393,0.116287096431923,0.34030485903174,0.109778400574735,0.236445669356044,0.232890771417849,0.10443084112839,0.0982975255547674,0.113005771001742,0.0699282960889391,0.09945242653581,0.0800825085844968,0.127636084930572,0.0991940424734468,0.238959337301478,0.0842247151184804,0.11066223673632,0.116576753229588,0.107094113687201,0.106076886547986,0.110027412773118,0.133939445463472,0.0724094462874647,0.118124490981242,0.0870134313508732,0.127472255468414,0.278020723059331,0.119150847549938,0.1177589519084,0.11447277999156,0.105367480044963,0.161778422676223,0.0978298230352814,0.0931690848669252,0.0875041824703105,0.113851259924681,0.111543509840352,0.17076502743359,0.0956501459743571,0.0971811117233209,0.0906620416334541,0.109706112075632,0.162357343627331,0.096591521493401,0.102189272160951,0.256201431231772,0.0708976540249129,0.27723320726826,0.0905795685173132,0.137210597680783,0.0691228772494295,0.339912394571612,0.127416927504138,0.124365777000802
"brachystachys.aff",0.132945962593624,0.115136518587292,0.123233852445303,0.130704475834839,0.247036409193584,0.0665236714924274,0.12187212618813,0.0898625777149999,0.161482101025798,0.294137838409529,1,0.238007483266743,0.199540239023361,0.0923078824002705,0.125483072451172,0.109104101324448,0.100474662927974,0.149931938950939,0.10464731246243,0.117167455578079,0.117026255619244,0.114215845115084,0.0993680205900744,0.128004142551069,0.0923338562755195,0.231453174818465,0.108301972448865,0.116877705571301,0.095327317490346,0.0834189089559051,0.109312270540881,0.294235221291404,0.126926393480277,0.127892753268224,0.289949889801154,0.0927916544815265,0.131618959963347,0.113453117519425,0.108822917133001,0.121635935923326,0.304653919365244,0.120959607990515,0.104688048370973,0.105313386499251,0.130791477977116,0.166489842183942,0.296716218286997,0.130257285365954,0.229110119862588,0.261635263061349,0.12464357817775,0.120259824485941,0.124862107947662,0.106729933488901,0.0765611691838473,0.0890274816263364,0.127136448998877,0.0823762408883544,0.234125849288435,0.112048815620065,0.15213733765008,0.103685754832741,0.118664696066631,0.0862811802856615,0.118259215551188,0.139506721059397,0.0663198076113977,0.135287119474938,0.0930788733728705,0.145035845507812,0.295211451503828,0.152703297120917,0.108750710942275,0.145737512078776,0.0770124697817215,0.128309151781701,0.0933961219343172,0.106293749356185,0.103785114681578,0.158614987349205,0.12640542727297,0.182374560467074,0.0761906735675806,0.0916858868517732,0.0899171775762796,0.115410008093474,0.101149383050287,0.09016375405491,0.0720124965161326,0.251169799893649,0.0659846256440339,0.285963905286352,0.0783648034287662,0.135436855724897,0.0725459693095435,0.321613505786418,0.117913176156991,0.137502089433956
"brevialata",0.13512064281645,0.153488977469153,0.113081768642846,0.152035551040534,0.300428532995721,0.0837433079074446,0.170059046794559,0.165096013147467,0.185052219631334,0.259089739193138,0.238007483266743,1,0.332343929857049,0.113590267282928,0.135500346322414,0.0830740481805581,0.205192302313928,0.209315402201883,0.20424246929151,0.12586329217612,0.173358142595625,0.199503033117064,0.176823134788303,0.202729251462105,0.163334701914413,0.249020354516885,0.151759295686647,0.121407169591064,0.148344441358997,0.177430123843275,0.157304660097494,0.28871470315405,0.176272528693377,0.202258391509625,0.380084752617015,0.139041292550585,0.151713404865616,0.114968560171115,0.12109123407228,0.127589715437985,0.32893385863726,0.154010241945205,0.19550364447102,0.189370015196025,0.159754899811176,0.184223594488774,0.286160908826841,0.194153105155212,0.256218558897174,0.254084367400262,0.199888454051999,0.164909574559623,0.178501220004981,0.0836181155653228,0.120152406792259,0.173747556558602,0.165737468599487,0.0975519699267968,0.314970560998583,0.105687120645445,0.161107529298092,0.221667551494109,0.141448089000664,0.145816430994386,0.276549625570882,0.141918072229464,0.0913460564414167,0.203870897005209,0.10371820946026,0.234241720914343,0.299456028171881,0.217692796952986,0.17569243944641,0.212862316686489,0.104812303529956,0.16195533739176,0.183915956334761,0.13161771104349,0.0997360465540491,0.171211651421203,0.209762357438029,0.215107817647773,0.190186164339287,0.177830003372612,0.18916986164012,0.15052231085374,0.166064678391663,0.152678361805588,0.160701161792049,0.33356823665571,0.115002124458712,0.318467670861626,0.145917481241051,0.27950748795966,0.0783954978625391,0.305759019546123,0.196092326081039,0.208389213774946
"brevipes",0.243039746056486,0.172489391754326,0.146012391138261,0.190854251425073,0.374076591691963,0.100365038449454,0.231106921396582,0.206337163851096,0.215453914581203,0.213716493018336,0.199540239023361,0.332343929857049,1,0.105808203876127,0.146504768974159,0.163483995340302,0.161522887052025,0.260012856908933,0.219978576557517,0.157754198422417,0.211977492240747,0.220468870776467,0.233082387810735,0.252959119567951,0.16390525428267,0.212973800756263,0.182115912882103,0.18024492733546,0.236974904914975,0.190686224233669,0.164704465175574,0.281518093227299,0.247926151053106,0.274508628583947,0.444170239850943,0.19900976574184,0.209861283515041,0.156766630213034,0.165934444502097,0.13641908138414,0.326547003896385,0.19213528689011,0.229459784094812,0.19019576498873,0.187401632537951,0.226090282473515,0.263912238807655,0.237775841597866,0.247860062878638,0.239376783600952,0.285494854272901,0.21399335951144,0.242783236340506,0.170544179491522,0.148102007378071,0.142104959147326,0.233081694766408,0.105183207642465,0.333858581405646,0.194217606306845,0.184204419166462,0.168808716761738,0.201882561927406,0.216429470310038,0.234853617006804,0.216495536445713,0.113941800348329,0.230653800897848,0.129022471007151,0.331439316127304,0.295132708153249,0.306587637714441,0.222400611498491,0.286439845684797,0.151007404763362,0.167427796848156,0.22320529152724,0.160745640270813,0.120183234160677,0.217109099596093,0.27600531099001,0.340883665132852,0.240055536720773,0.207048327676433,0.207778904361146,0.140876966690899,0.171303629606542,0.180849816809929,0.174055242200613,0.339734856786907,0.111767688864595,0.30291115225836,0.160949923324295,0.208911104337079,0.113588066079187,0.287489336182979,0.296673938611375,0.384994509351441
"capitata12",0.103637637160642,0.117687800427952,0.234498251820969,0.147347504771716,0.13505730072781,0.163877664648109,0.147453900794374,0.187988137426675,0.146857810408727,0.0963439586292888,0.0923078824002705,0.113590267282928,0.105808203876127,1,0.134413785859654,0.0977927259947128,0.136956431057962,0.17578007506738,0.144544522023513,0.105259995440572,0.232035857846434,0.152177080938582,0.195162253136309,0.169014073951758,0.130401564731543,0.119747838808227,0.148727385391038,0.137047591066202,0.111492822554365,0.15167822042621,0.125698624828079,0.0936487604387523,0.14177958022887,0.142418632530647,0.127995838799583,0.122939811622827,0.129558223604556,0.091755891052043,0.0822210504156663,0.123581874427169,0.115597535329149,0.141806708838284,0.167768107772623,0.144793443966957,0.124772425851425,0.13748354944625,0.0956933482861391,0.145265078391204,0.116275004986343,0.106392457303459,0.132312192554847,0.126625932187816,0.111509150593279,0.0948402958903765,0.0962658555263047,0.124135105991292,0.116000810455068,0.0963795018684176,0.143153692314104,0.105867807197541,0.15209572592752,0.180823957781119,0.155132909267134,0.180823517705284,0.140125737466355,0.125802299846979,0.0815179329958708,0.157108299270365,0.123392178736182,0.143740832992925,0.0894006034243104,0.11979751575302,0.154457691650059,0.117759779067223,0.152461962320796,0.145075775630188,0.137519996632641,0.157661086509606,0.094304561078716,0.110474577284105,0.170000035347159,0.12512405194473,0.131556449199323,0.122868346561718,0.106837643956019,0.146116572065969,0.15213760688084,0.169895013074845,0.124237256387327,0.167667448198568,0.100073000943604,0.104413489987577,0.122450857340908,0.159762653645414,0.0539217186059761,0.0870208028165838,0.134664112241392,0.150811992265611
"capitata33",0.155030888032917,0.168037942905261,0.168407029989592,0.159681214523463,0.171694599914704,0.117158031507598,0.210160082763758,0.200579622246966,0.210846528586452,0.101374507550648,0.125483072451172,0.135500346322414,0.146504768974159,0.134413785859654,1,0.122825104508145,0.149213855791553,0.206488575624821,0.174330162306127,0.147394325709207,0.184304368585385,0.199747956766827,0.186582667075495,0.182245431542758,0.156011826681284,0.106056297851329,0.127780766279105,0.148368291367583,0.166154622391623,0.200544553475599,0.156775419591637,0.120708057747272,0.20850096558123,0.171051909877709,0.148375298233796,0.1216216861577,0.21021736042386,0.16969817839474,0.12985236322537,0.125010907951241,0.152296567279972,0.179258752160057,0.153080654096415,0.197339861673641,0.16867827834067,0.171311381723278,0.114286463695427,0.169054018248634,0.130820453258702,0.112546750165448,0.164520757184435,0.154543704428996,0.163848218573811,0.11360242761441,0.143823666191035,0.193298893840056,0.152823504305805,0.117932535229539,0.184980980437032,0.147169617654752,0.228461964084004,0.16756757905608,0.152220470884849,0.165177800479282,0.173193139409283,0.17584699057025,0.0928946158366365,0.195383262518078,0.145723503457349,0.201419380905573,0.149105550797688,0.170201489222066,0.182042342678546,0.1670087184911,0.151637492529231,0.21247428979272,0.127587244854422,0.141301678402127,0.14974687686249,0.141520189914115,0.205235970579818,0.223731505210726,0.151005522670075,0.161149998365937,0.137201564431253,0.147436285392543,0.160201526315228,0.145479111935951,0.12988432006671,0.182884850207718,0.10498315207886,0.14544040054305,0.127371156409224,0.208462424522323,0.0670881498531538,0.131761088209116,0.131920092689935,0.187257486399395
"capitata35",0.381775610586291,0.132952593369476,0.0915906389336192,0.142975913863244,0.179767156279503,0.0796706705160625,0.234466598148921,0.139865455436486,0.111299664262886,0.0877890106231425,0.109104101324448,0.0830740481805581,0.163483995340302,0.0977927259947128,0.122825104508145,1,0.096513212019397,0.138858809315349,0.107104078409756,0.189046904297039,0.10421814943173,0.136860296581263,0.116856450810937,0.11796547017585,0.100281400250702,0.106898834940776,0.0790097787913995,0.134701179406917,0.272305914657693,0.148509322001202,0.157600127196939,0.0944475156138444,0.265139286278427,0.129669331523394,0.118739881579606,0.108500997414157,0.127547903754654,0.107119731729075,0.348969112515759,0.0971853788503328,0.090983553286882,0.161911690493847,0.110292192897432,0.100912978015968,0.110976783093964,0.108520623116302,0.0980406690086947,0.101601896457403,0.0913971218828462,0.118854350270271,0.0902112042626568,0.115685396680349,0.132872096070964,0.481710544148027,0.0933310003048257,0.147849982699853,0.1138715706951,0.0879549701604268,0.127924414978651,0.392273866183162,0.114196195996633,0.111870342117441,0.130454513149176,0.128141037172559,0.108171847385164,0.409175063037892,0.10650734693836,0.117044989482257,0.0816907690697558,0.17944944578115,0.0966770340831931,0.106535123048845,0.133361862966867,0.145322445262495,0.0847879467647389,0.116147621704978,0.0869259693526001,0.138767090640738,0.137283684474701,0.185079038624552,0.0986902813930673,0.255417401652899,0.0868419330276948,0.0822881258824115,0.0851091218713722,0.102102010554269,0.120475154849139,0.0809034654325972,0.0674489258161986,0.120219918448327,0.0608137162329349,0.0785595643436556,0.0666193072121701,0.214530417992814,0.152528424661403,0.0829441034550071,0.1004890748865,0.136982217171859
"cayennensis",0.139592084563775,0.165377393776442,0.146996770795051,0.16373766079795,0.227736712311587,0.116486580312408,0.166983874081693,0.192256994837741,0.182075352089816,0.0911164413598273,0.100474662927974,0.205192302313928,0.161522887052025,0.136956431057962,0.149213855791553,0.096513212019397,1,0.222326069163964,0.312826544028956,0.11100754559327,0.22336560350197,0.212444975056053,0.187312175572244,0.265352852998312,0.158526016394818,0.0989536443610514,0.206342650622211,0.115600990600478,0.138215410010554,0.337456384894563,0.171774648728958,0.13400144080649,0.15965325589423,0.185696402883017,0.172039915876913,0.123737284714506,0.162964198716291,0.132858965258841,0.099493814228318,0.154110650140492,0.157265718385892,0.159709330301233,0.257061596574474,0.225467185184766,0.156593766935643,0.160705049620053,0.126729906970791,0.173826177567144,0.119282222760624,0.115164259001452,0.221572962885546,0.159903853215498,0.148464683848764,0.101209169174615,0.131833329444257,0.173375823564291,0.145920826992445,0.0850379500853052,0.186310458913004,0.0982260440116991,0.165866784544624,0.22295149304686,0.209263062177077,0.168074418057059,0.310467302055754,0.122299701878732,0.0849384078785815,0.206738716061692,0.134129312664123,0.234530337772226,0.116029040185825,0.181853504772242,0.148954138818726,0.18446444036177,0.135733392313472,0.155191447591465,0.262196736333727,0.167817027383635,0.0957159580204416,0.156602187490194,0.227075710289434,0.173720684505199,0.230181611660073,0.207320549249236,0.410572827660057,0.138964932006624,0.197710682269997,0.182800134992369,0.194880904785793,0.185665208713477,0.0999558698063475,0.144221520302188,0.141520531098646,0.244085249557415,0.0610048119589904,0.137248084708188,0.153417996113155,0.204971495059654
"chartacea",0.237839640726973,0.219568133451466,0.192231684508372,0.2666153180447,0.332252107656978,0.127576958253021,0.261637092389569,0.203352238488601,0.297430224906865,0.126272483344496,0.149931938950939,0.209315402201883,0.260012856908933,0.17578007506738,0.206488575624821,0.138858809315349,0.222326069163964,1,0.233919969086089,0.197876290125118,0.260268636504472,0.256440795479038,0.241361769944672,0.287072887207348,0.210616769297522,0.143947405683786,0.184946815743898,0.159202455772143,0.218683501835201,0.20289473904188,0.237838322662048,0.21739079835705,0.256566485670995,0.310606766390816,0.226313116702698,0.226217687013045,0.202289256303589,0.1698694549158,0.135996899592075,0.195460951071173,0.260238547321691,0.254538198512387,0.298245621687926,0.243602510372245,0.255719108939129,0.231822602066491,0.176677576244492,0.266430617706975,0.151643977442547,0.219493743147028,0.307882934195575,0.2570233715605,0.305990624832967,0.154019409867108,0.189127003496262,0.165781591517667,0.252378507060359,0.126014363076365,0.221869767955531,0.162272890272,0.254812370674734,0.21329630334758,0.240764955951992,0.208780742936528,0.260077859646248,0.220165087605578,0.1510290048538,0.28370179468872,0.179296295443984,0.351789063305124,0.214955392582841,0.284603220726808,0.202111254298295,0.332165462393946,0.170010747082143,0.234011826446093,0.287846809223459,0.226664861151304,0.135819286196651,0.276736375659659,0.345286647574121,0.30447501329986,0.248694904140659,0.240703619289992,0.196828830969997,0.179685316154985,0.27015325043732,0.199973235778011,0.175810525637103,0.298238068108627,0.133302203581994,0.283789881158899,0.164916933897638,0.321841157773,0.135859171325508,0.202872493173624,0.214643902566269,0.308529062521334
"cinnamomea",0.169979985904392,0.273762544761669,0.184134692024059,0.187879689148951,0.261426586538759,0.121083921599434,0.20617162824586,0.256800889177297,0.25446165206403,0.111776153583004,0.10464731246243,0.20424246929151,0.219978576557517,0.144544522023513,0.174330162306127,0.107104078409756,0.312826544028956,0.233919969086089,1,0.135073525102698,0.209598918238391,0.260358730311235,0.236603655891389,0.396765991627473,0.148220609332987,0.110953777780374,0.276362282348627,0.149691166493234,0.174593661025179,0.291660438394201,0.189881291897075,0.230140532876152,0.207045054911439,0.210281611639397,0.215714542826785,0.143891608572508,0.195898376600566,0.116679174353627,0.122020084522049,0.13724102209514,0.227041496127557,0.155697688174935,0.263550379961457,0.294576022468055,0.184536604503831,0.21077336177171,0.157504255338801,0.20060915061537,0.122339417768826,0.114165124684211,0.23095649350807,0.17070721980144,0.16257566085162,0.118802742608089,0.123244536477648,0.20698965572694,0.15920509467158,0.134179458807404,0.216619038323207,0.122701411354705,0.187560488340211,0.228300503603061,0.185277353894553,0.202207722790101,0.370125488083334,0.170935679422748,0.119848289420546,0.246801739561184,0.140712686489269,0.27141086752191,0.146950165307613,0.192089600555394,0.237423401275142,0.201937188414705,0.119630499016513,0.173678901676531,0.307405384764787,0.162981850335184,0.112504753593534,0.158884338954658,0.210642320903157,0.220731786974934,0.292056769916268,0.357891231804399,0.367750326353472,0.156349438317901,0.216859700071778,0.245652537358648,0.196039437372048,0.218138150303334,0.0870647967447908,0.160844601942599,0.1282881583535,0.192718448762206,0.0695195205303249,0.140263051868087,0.173257621193502,0.206438559604592
"cocleensis",0.232198051244796,0.235633828534331,0.119646913486114,0.19715559800962,0.213206618562665,0.0928838088406486,0.222414220600049,0.118896840276683,0.161851949256862,0.117509879004059,0.117167455578079,0.12586329217612,0.157754198422417,0.105259995440572,0.147394325709207,0.189046904297039,0.11100754559327,0.197876290125118,0.135073525102698,1,0.151581911351673,0.169650605523902,0.154719651864092,0.162442556008667,0.151171050479892,0.114312578682999,0.145718133909588,0.132238119953755,0.175510446266054,0.131464337312043,0.210454031992695,0.129605216500459,0.20090660507348,0.228399324821642,0.147543976310342,0.167498581344822,0.163393555212895,0.171792072854869,0.20183010572647,0.143990003288234,0.121496435458674,0.146933131425249,0.150090493873772,0.140269681191791,0.174801904539427,0.180999071469729,0.123814384626686,0.152960182521401,0.132151776980406,0.161244064433685,0.153983926273904,0.253208373823358,0.148006931158395,0.206852765892271,0.136028873302034,0.124881855230325,0.162129880568805,0.111285733479526,0.158149672738452,0.215814804691454,0.147297673132338,0.150264320467047,0.142896489162333,0.134407912234581,0.140336333471467,0.266267805376466,0.112150312011,0.170585378709507,0.116456312690055,0.169983759740362,0.124991590262806,0.193849450153717,0.13872630937442,0.176304761948251,0.124242361612704,0.13761185638403,0.10447142988984,0.155773982826177,0.166142001050327,0.204028593623705,0.165229985683171,0.230172312973249,0.119706050331955,0.128160679674932,0.116716601938482,0.155865170452313,0.137314827441863,0.126731418946489,0.111101635985782,0.169149864009462,0.0864197044530552,0.125204584607524,0.0878875615867423,0.16914830264104,0.129069727238188,0.142320783201349,0.140536009797005,0.26222047864961
"cordatoalata",0.174893827047865,0.177420747450688,0.168594675466386,0.236769277655343,0.246830322127399,0.170116528905689,0.209068832145859,0.236976478901039,0.235115830332655,0.106653540976412,0.117026255619244,0.173358142595625,0.211977492240747,0.232035857846434,0.184304368585385,0.10421814943173,0.22336560350197,0.260268636504472,0.209598918238391,0.151581911351673,1,0.214659443261745,0.2080635738663,0.252001033774812,0.162107378842336,0.154543760236294,0.191391776174605,0.163749548610538,0.186156664802705,0.17346710878251,0.16700037751555,0.141172777017704,0.21514558235328,0.226471420941765,0.205756502589919,0.164051133540703,0.174949011989402,0.134557568212723,0.103399405671736,0.212594032870847,0.239889025667709,0.207546975833139,0.236500710903541,0.240445655094888,0.237767259424972,0.193623370327382,0.208139362835493,0.231383336579026,0.140358043273151,0.166235108516398,0.26903116109586,0.207777122120463,0.240764338227119,0.11415753725657,0.136014701953614,0.177201093699178,0.186411972065412,0.110993773327127,0.206316792635312,0.130220498948664,0.205554946948683,0.223601833215683,0.199571426506605,0.213589761747153,0.241696351673379,0.17076099341466,0.103205084000808,0.245230076368168,0.207922191112547,0.273018682850383,0.24940080754686,0.23235357726917,0.193900445726974,0.214298542807358,0.173158811986109,0.183269280153144,0.281613400904928,0.17064969881311,0.109211156295052,0.187146674414342,0.308556768731127,0.240257801288719,0.334931900527196,0.204823149615534,0.167770074579485,0.178822392155028,0.242204219595874,0.178406428675139,0.151684520316461,0.241516023307269,0.126218098265851,0.27863413931554,0.15025958115417,0.248544813972468,0.0824302044064195,0.166836256959144,0.213112571185321,0.320021912740506
"coruscans",0.184870450674336,0.185628836854326,0.17538967360755,0.193644948362566,0.248184095323783,0.127524867976751,0.230819163989146,0.2338776170978,0.198363165927643,0.102404229160795,0.114215845115084,0.199503033117064,0.220468870776467,0.152177080938582,0.199747956766827,0.136860296581263,0.212444975056053,0.256440795479038,0.260358730311235,0.169650605523902,0.214659443261745,1,0.194730413880917,0.27467827210744,0.189053845098041,0.137788713569225,0.174841172283525,0.14620672758691,0.219652551363727,0.229558635868671,0.211505073076621,0.149423849807355,0.236787729836975,0.292328427798406,0.274939236498215,0.177642799108841,0.189009260029283,0.133821120540525,0.127997218269817,0.141665851629612,0.185095304533102,0.189397989076311,0.230346794911519,0.279315149985763,0.215520112346673,0.214362039802797,0.139257551428209,0.203731677681561,0.154918936339482,0.134262039457176,0.204266672850792,0.20272540099725,0.19272882333879,0.137599587406236,0.167574381509634,0.168671451663776,0.172840713571666,0.105004848584208,0.336409655588661,0.16017325301734,0.217059813774065,0.21647147317135,0.176325064909457,0.217717987789389,0.244728503183584,0.2206244439355,0.097884942214543,0.244877611595278,0.146785128904858,0.292181772346076,0.165530703416588,0.230081515519974,0.221583794639796,0.213639222643952,0.203269244839014,0.168703320538132,0.20085408076678,0.168962119244525,0.119212960223155,0.181434319280845,0.224992991156984,0.25937023801016,0.277806733354971,0.252023771147411,0.201991055351453,0.170450367343048,0.249203569251723,0.177809141956461,0.193183272890294,0.251446415274223,0.108006421798998,0.190473646298387,0.162910120752449,0.210256383825283,0.0899119660662483,0.15914860760792,0.191780402926476,0.246044448242959
