"","acreana","acrocephala","acuminata","alata","alba","aria","auristellae","bourgonii","brachyrhachis.aff","brachystachys","brachystachys.aff","brevialata","brevipes","capitata12","capitata33","capitata35","cayennensis","chartacea","cinnamomea","cocleensis","cordatoalata","coruscans","cylindrica","edulis","fastuosa","flagelliformis","fosteriana","glomeriflora","goldmanii","gracilifolia","grandiflora","heterophylla","huberi","ingoides","jenmanii","kursarii","LA17","LA41","LA48","lateriflora","laurina","leiocalycina","leiocalycina.aff","lomatophylla","longiflora","longipedunculata","loubryana","M18","M25","M27","M30","M71","marginata","melinonis","microcoma","multinervis","nobilis","nouragensis","obidensis","oerstediana","paraensis","pezizifera","pezizifera.aff","pitmanii","poeppigiana","punctata","retinocarpa","rubiginosa","ruiziana","sapindoides","sertulifera","setosa","spectabilis","splendens","stipularis","striata","suaveolens","subcapitata","T18","T21","T29","T50","T51","T82","T85","tenuistipula","thibaudiana","tomentosa","ulei","umbellifera","umbellifera.aff","umbratica","velutina","venusta","vera","virgultosa","vismiifolia","Zygia.mediana"
"acreana",1,0.286479314521114,0.1346789089118,0.184928373684958,0.233014546362028,0.221200355250429,0.284598132694097,0.165657552827712,0.173323610829338,0.18624650810158,0.176106077525314,0.156135446234454,0.123942445465453,0.184115845699733,0.169728294132164,0.207916475446461,0.0971690039623735,0.225705730231447,0.0735822518191623,0.187566687947043,0.189375727621878,0.149398023886676,0.189437888955781,0.283498723056457,0.132723805498405,0.149541533975668,0.179603449428398,0.186016909987036,0.231889878248315,0.331577971021056,0.221774432243506,0.300863940634504,0.220006644565749,0.17349972970819,0.157213619648392,0.182942468658085,0.199100163871934,0.130658894993686,0.141600199871384,0.165091338593628,0.225168691866331,0.242156486485586,0.068550642441425,0.193029343807724,0.19491469110136,0.1487640571057,0.143437009701698,0.200109712642841,0.170335933847617,0.148865525390388,0.257588189773289,0.225652884572817,0.243899667416565,0.147597708482431,0.147209484093246,0.322016139764511,0.204022901440874,0.383573876963018,0.18836844075061,0.246190252708263,0.160368321867486,0.241104458511981,0.156916586155307,0.224342811898062,0.183157751455994,0.21340061348343,0.181178268574576,0.255206554955681,0.195838583608051,0.261670043332386,0.124457893497993,0.177042181257381,0.264320861560331,0.160605033384487,0.185058550304036,0.424286196762447,0.14665978407125,0.111946141259332,0.154559236776207,0.206582190696751,0.125509911906235,0.216284594508039,0.121368366666885,0.115358822037451,0.0952904022610443,0.189188393823585,0.251464031005887,0.127184391488849,0.149657535346868,0.238186287108609,0.163279443786486,0.220628148581727,0.207645678629986,0.191480399273252,0.232095918595039,0.155729947421868,0.19556220838086,0.31976744082812
"acrocephala",0.286479314521114,1,0.104877508641268,0.140343934980334,0.148330348335265,0.234755602548985,0.219629068598005,0.128003160179909,0.140952336932387,0.116862225645514,0.12566205451707,0.134626210540998,0.0815617491241826,0.159210375501787,0.140942049601698,0.202533758514592,0.0949442496538504,0.485235755204748,0.0449293332746954,0.128151613396153,0.156137007616734,0.11539046026163,0.154549058439264,0.19400577077306,0.0993281638227848,0.0847401692338739,0.161662580638104,0.137076500849656,0.136342753195556,0.224324946077998,0.148001381895759,0.214090775106532,0.163470553980054,0.126055280426069,0.127404546490298,0.145667599203991,0.131969536284312,0.0912946073752977,0.104373061385815,0.121764756521304,0.16313301262928,0.163455714062996,0.066460197819809,0.128225018359231,0.158946303787296,0.103646065210685,0.129886935628992,0.136242490698681,0.115004608546192,0.108680457248546,0.317064721693659,0.167290784981182,0.158852730492416,0.115790302653376,0.0949634547684276,0.214868271721492,0.171582805770361,0.172713964167808,0.131098824500508,0.177307932216002,0.131183342313167,0.179513881428867,0.112714105611208,0.130182055436293,0.145795820220506,0.165379047742133,0.12405917723934,0.154524354583592,0.138497807547363,0.226750935500587,0.13544174004819,0.133038881913757,0.13417652368107,0.107676089386302,0.152054103937134,0.192621659927035,0.117230173783293,0.0772350519578578,0.108714402199676,0.172476329845508,0.0982728241989532,0.144555105629468,0.0987920312141762,0.0841223267985479,0.0790487421670396,0.157623489372427,0.124544047564987,0.0806961592622909,0.266541214932363,0.150800025919729,0.102676541262841,0.148244844575227,0.128450921385165,0.137131042834528,0.123693381111092,0.135232566421848,0.139008695386487,0.13038756899727
"acuminata",0.1346789089118,0.104877508641268,1,0.175220737000012,0.151927659070687,0.0921053283483345,0.165789678294452,0.152760435659985,0.152196518678452,0.126737869288122,0.129569610815736,0.129547978718691,0.157196303350969,0.198992748349978,0.206549655035385,0.164281789508284,0.077576085540185,0.126233683110416,0.09325767408029,0.132610886684853,0.202472263073394,0.0977776571923701,0.170795308806578,0.151066421046872,0.14036740651543,0.133059321367144,0.157724867469898,0.173410520071257,0.184444769438826,0.171489329012345,0.159407444173898,0.0618990910298299,0.199855836335301,0.117671133167329,0.114506178882138,0.146395162674192,0.12663081646213,0.122505539916902,0.139748176665088,0.18475663220046,0.155379056490846,0.177582428327564,0.0542821625736059,0.147233793017987,0.137026470055098,0.125193934233357,0.0685677387657451,0.162387612927304,0.149249051570646,0.129090033858369,0.106589884041259,0.134062972531669,0.225106315858981,0.0820421103343219,0.117569953739228,0.149171488346525,0.222851902051915,0.118696075631079,0.139592847150432,0.168818277727438,0.175674153525323,0.191143278419686,0.135650415415157,0.162362446541293,0.201006596068059,0.18086824439055,0.173947306588009,0.1746431902754,0.1473212610933,0.168811249250853,0.0736045626721396,0.111994124077077,0.168901157547332,0.128730651457306,0.158616236142807,0.153197546701295,0.152193449385599,0.0778206209064746,0.160483306663417,0.178414243556399,0.122475832868307,0.16062574427064,0.131051126202189,0.127158077115618,0.119741920976673,0.166296171530604,0.167204099806475,0.153060917385985,0.0652547954209803,0.163855533147256,0.166512934377062,0.173217039189946,0.131968867924475,0.183285279397168,0.21611846542712,0.15642378383746,0.166924440968173,0.187053005391704
"alata",0.184928373684958,0.140343934980334,0.175220737000012,1,0.21768032039456,0.0892095793077419,0.260287046029981,0.160398438849478,0.224825196120633,0.150629859818763,0.136447427801568,0.161352055833165,0.120618747004455,0.203870377713509,0.23471026006959,0.205689350221434,0.107634369168478,0.184702304730326,0.108646598150523,0.16245409418191,0.227726587488715,0.136303322582107,0.212186837065003,0.226398526495635,0.174581227829623,0.137819497699979,0.232633894870712,0.201140386042013,0.226576872903765,0.22179683975459,0.179088323348587,0.167356478221608,0.280160221492367,0.167482218192197,0.136053243276428,0.163269927449781,0.186654218321139,0.113935921365824,0.115223664649872,0.189405837731978,0.193923788315721,0.199641375254578,0.0539823088681768,0.231503751594562,0.17033615049376,0.175654756192007,0.113415504829523,0.165942998578985,0.170896819924583,0.139265278966949,0.144024160272054,0.147045551974739,0.242368940004029,0.116488767631499,0.158770049755127,0.19159161502827,0.239174042611219,0.152902337297594,0.150578226824918,0.233496659410869,0.189638547641221,0.292817451948843,0.256150282342354,0.192350124542266,0.210659835431569,0.251883128854837,0.184922851403104,0.229517575392447,0.297424079728087,0.229159570540121,0.11883200422459,0.153138570486245,0.216866036000883,0.142789412855896,0.160554280021514,0.212264599046387,0.125945836204197,0.0941537816732351,0.215414005746816,0.176174655025517,0.258014880410907,0.206998318294435,0.128072999965416,0.17091159183536,0.0787417038414805,0.177730491350455,0.176665801066531,0.155500203594875,0.09669382582668,0.207253289606212,0.144972081316873,0.203688496346922,0.162239137291632,0.224832127721127,0.236412455138628,0.155080613536942,0.161108105639901,0.221151087490091
"alba",0.233014546362028,0.148330348335265,0.151927659070687,0.21768032039456,1,0.0980911746252994,0.206807440082562,0.141452356489155,0.222990506271154,0.286678699958697,0.27014415829001,0.286627304037477,0.226857147979932,0.184723182529261,0.248943423313123,0.230051569597026,0.0912110470803221,0.153690085734613,0.102454705018254,0.181220756370188,0.216809360407965,0.101065578070776,0.193443212705127,0.20688006892477,0.162184386978744,0.269204786187117,0.198876231673459,0.215873831003331,0.23435968528305,0.26455838182572,0.220309437369225,0.185273292434366,0.218528776825584,0.162295623052685,0.255117220813762,0.189874823845607,0.156468471871067,0.123380412890298,0.138949293299272,0.175291883525528,0.291975661946048,0.173015679105466,0.0585671133874766,0.244486391370888,0.238291209569121,0.149545485967061,0.175739090542076,0.169438697264423,0.327871306972727,0.328209827044996,0.252463605732186,0.188956385060309,0.242249219478571,0.111677261991815,0.175804780169413,0.211903434018667,0.218457123458695,0.215553120057191,0.284843763219898,0.189371710597749,0.196394825674697,0.208991848669924,0.189645642770314,0.231213312478532,0.194537085053873,0.193152158400507,0.194597241186249,0.287073023412827,0.19252136625507,0.26128836339229,0.217059697096066,0.164846525508239,0.321109634386379,0.154440931502172,0.17106614040986,0.257682876245282,0.148714841924861,0.0872202699696184,0.164229697642196,0.167087311472358,0.120733491958309,0.264992651858822,0.177189887833435,0.131943044384727,0.0940679947596297,0.20181372949493,0.225408573892149,0.168242384851006,0.111946313673883,0.375753033019135,0.138785840782435,0.36861245611061,0.24390415059264,0.170746417256605,0.227377799247536,0.21636136777435,0.16384408087137,0.286256380343602
"aria",0.221200355250429,0.234755602548985,0.0921053283483345,0.0892095793077419,0.0980911746252994,1,0.167330777144961,0.102909991002279,0.1020944214055,0.0975746380990482,0.091893618158435,0.0954231640574077,0.0905112365159468,0.0985662907852438,0.103567951534813,0.106564256143338,0.101010253588059,0.182395547194354,0.0389288056353988,0.103787617316004,0.115031044600845,0.112095023994703,0.116340435013103,0.277919433610262,0.0788902653138628,0.0783074410124815,0.089612612915596,0.0900586791472022,0.104156534853054,0.147252849199717,0.110538839898555,0.172552830061346,0.113763711195503,0.0961376056723982,0.0962433563207125,0.158450740755584,0.121806938403521,0.118101483313881,0.0979261092377568,0.0911856054347426,0.116681264733907,0.121225011229891,0.0491932556416706,0.101783302254487,0.111684991603658,0.0959318943891537,0.120300569424229,0.090044252915493,0.108454070179334,0.0910123858221985,0.170891667406878,0.131136667641519,0.110611069814492,0.0969808494337527,0.0859307721219665,0.165560312658558,0.118152102966828,0.174276221175938,0.11138585858547,0.144859867302908,0.112903235722569,0.109833840304444,0.0864678398623928,0.100003912261017,0.096753097109611,0.110635309658053,0.11243530167209,0.133260228235618,0.119466624121554,0.144576422165283,0.0988135641085843,0.118412468803642,0.106039911828035,0.106782088800053,0.130074069737781,0.164407951809254,0.098300308632056,0.0581631134667651,0.0813074157261907,0.135345064310195,0.0686710359751991,0.109730428900433,0.0708884106459151,0.061114148928532,0.0953206278968643,0.104893351244548,0.125414470595088,0.0677511027054126,0.20994004411399,0.109801859293372,0.102084494668048,0.133824209751794,0.127549991166947,0.116229643158089,0.111261944154806,0.0746491340424432,0.088246787313159,0.110524054138107
"auristellae",0.284598132694097,0.219629068598005,0.165789678294452,0.260287046029981,0.206807440082562,0.167330777144961,1,0.184671582049284,0.208234602566425,0.155945745659873,0.16098104552774,0.160440958010438,0.149636445017457,0.184707398634214,0.207022215779069,0.198497725621003,0.127718192194163,0.225383581892242,0.130641279435938,0.16204078828618,0.218403467130319,0.15962014217726,0.215709343312769,0.246766147981853,0.133315189032766,0.157745768713216,0.203680463206282,0.181038895907319,0.195597917623344,0.230295513736142,0.188280810409405,0.190483873107036,0.267421492353598,0.169396906738739,0.166506546914014,0.194356264910677,0.23559372798153,0.131223677308861,0.16363919533709,0.197415865994013,0.257928042314119,0.252888369545815,0.0758941352574283,0.208549354955976,0.190469224344409,0.177640968949362,0.133567461592239,0.170467954252081,0.164436846112745,0.136120243615858,0.15949848855518,0.169809132041579,0.233253500721684,0.130023224396786,0.145597048176967,0.243300052270736,0.250876423753298,0.236442305928276,0.183263358267141,0.229071278449892,0.204835155501112,0.257765870738294,0.175752405054249,0.201045395703748,0.219809189675987,0.218675469826801,0.195673733220834,0.290953262283042,0.203296814402641,0.292171956861327,0.138412546441582,0.199183900494788,0.198584827936883,0.181439060023082,0.194363318668847,0.268745490925877,0.148901223695202,0.111231018472218,0.200276827996523,0.258263530560196,0.146908549512305,0.188997242233622,0.118867381507084,0.137960202180319,0.0974375390408697,0.202471332163446,0.175620902616223,0.145544390542216,0.112206358089138,0.231605851015668,0.157905386390832,0.193079536140101,0.193998172083509,0.234834792014078,0.231836730930251,0.187582617479071,0.159821854845524,0.195882321126291
"bourgonii",0.165657552827712,0.128003160179909,0.152760435659985,0.160398438849478,0.141452356489155,0.102909991002279,0.184671582049284,1,0.13860019127859,0.13387819333287,0.100764243262377,0.142421632638358,0.0924504271635146,0.130045319028102,0.150536241516676,0.142983356653713,0.107240832984472,0.150496495903419,0.0683653038389615,0.124147773163105,0.145533417206123,0.114701439159158,0.166276313158872,0.168078163698865,0.141021729361356,0.115678195701413,0.135603183641001,0.152889141050352,0.149021951850705,0.157164460972655,0.128331099732802,0.118399989899479,0.159173447785715,0.12710263657192,0.110747404418892,0.135981694899873,0.136388754458165,0.102065321763421,0.0919049194728188,0.120383242429837,0.140467354128807,0.166963716379642,0.0555687235309073,0.160832192511891,0.125602275248793,0.178657228656421,0.148115100873538,0.138024507485175,0.171803725080007,0.108196238125784,0.132295097995172,0.132101125681162,0.18028627603451,0.107423132362641,0.108510700761839,0.15710220881575,0.127810673386835,0.152251521537146,0.125997550300669,0.151033771810842,0.130945791073953,0.158132968035911,0.152400961182588,0.158319484791888,0.157360710727758,0.143737060334297,0.138597173440429,0.151963613562726,0.136813892729936,0.169194115698191,0.10903075327491,0.124835292615192,0.143135116775936,0.121823498530866,0.158140700444219,0.169844547451387,0.1012039212244,0.100370733466729,0.150507625092023,0.132629674349093,0.120279929656145,0.184963753101492,0.168606636950499,0.118259363308204,0.0672073281781788,0.143417461821075,0.130162269177325,0.111485077969695,0.105613783180976,0.212705887423741,0.122119822745083,0.119900002919017,0.137430983791257,0.139416113024029,0.147266773371053,0.117507090079602,0.117866502762681,0.137167465462852
"brachyrhachis.aff",0.173323610829338,0.140952336932387,0.152196518678452,0.224825196120633,0.222990506271154,0.1020944214055,0.208234602566425,0.13860019127859,1,0.139611904573946,0.144079221424057,0.12149579386054,0.110059718204799,0.229331040251365,0.48470765996236,0.251431058746102,0.150379111017275,0.145418354388296,0.172915404852882,0.136655826285051,0.215270372208275,0.128844044392343,0.192005339168734,0.202324681277841,0.140383277092105,0.122331279771604,0.157874340764013,0.171742862357945,0.245836394491238,0.167836426820222,0.174039466653183,0.0860679725579899,0.208607993810619,0.146954812870095,0.134886414180357,0.184703577648627,0.155539151897372,0.129919964516421,0.129195184386211,0.17071502331712,0.184903237433583,0.177466951162271,0.0623648825550155,0.217643145516433,0.220534240035634,0.171994045377009,0.0964266680562656,0.179991279530218,0.141261699574278,0.137906539632354,0.110451832792883,0.11877350617431,0.195925740788135,0.106885378617343,0.139076574080564,0.172423612931019,0.160439119246767,0.148402800977327,0.136725406184693,0.192650885936825,0.150750511174915,0.21066006535885,0.145388968763866,0.171209557481929,0.186182406051713,0.22043977177397,0.182339816003669,0.21867570901514,0.144016202028646,0.233946014076265,0.125615708964906,0.189241246387715,0.198241195918744,0.170712010732306,0.193178112995022,0.183320605419076,0.15907303412363,0.0912696983145157,0.159695583291495,0.169283380470326,0.132489146957634,0.164519281918344,0.114470986554273,0.15803406560857,0.106337012181344,0.152974809228332,0.144716462134267,0.166263589692495,0.0833353853359965,0.172412143068438,0.131413686512635,0.161372225782635,0.147386829146315,0.210386714250783,0.170132372953072,0.121022810041039,0.1421576053525,0.17612865064641
"brachystachys",0.18624650810158,0.116862225645514,0.126737869288122,0.150629859818763,0.286678699958697,0.0975746380990482,0.155945745659873,0.13387819333287,0.139611904573946,1,0.422420054232655,0.320287150674649,0.20524007916648,0.184170585545955,0.161119080913974,0.205092920284582,0.0619764203451941,0.124616874834675,0.0643683381315205,0.314426549431666,0.183517321159542,0.0998509224189323,0.150963633071613,0.312360334700548,0.106466731348547,0.303477277618046,0.174149016130017,0.179259392257009,0.200162352913593,0.298839210753196,0.308994747687425,0.351035328839335,0.224011158031382,0.193309407508017,0.310843242876219,0.14436350043362,0.1320404709497,0.113723584802961,0.132560355985028,0.181673090450882,0.343840015117051,0.125909454815366,0.0576289610566538,0.164258601471909,0.304083126575375,0.120538474620698,0.29987892841965,0.149465273380758,0.36390827501317,0.373846345835597,0.236244698936505,0.152234033165985,0.301044918041709,0.0771758762243434,0.20622720215858,0.369037308321333,0.196783002455483,0.176976927634612,0.543808765304879,0.183377646334378,0.171096468927972,0.163974694803947,0.139767891935352,0.288224068211712,0.180580321485468,0.156570668236761,0.164005122003241,0.194531456871432,0.262409057628266,0.206172137825993,0.261240682897193,0.127844224373494,0.190271302657509,0.111594393018392,0.147400500363533,0.202223848638334,0.125160520884077,0.0750870404363254,0.12233546635521,0.172307776806194,0.149640900737645,0.344895273606079,0.143391904778332,0.0957204220875919,0.0859562797960798,0.231329062082327,0.326148018308254,0.0955958114158041,0.0837482794918346,0.361401662151173,0.123296412846182,0.404607177162359,0.164329759153547,0.172098311679359,0.230440449377261,0.363366440210277,0.247143343193277,0.222142768363722
"brachystachys.aff",0.176106077525314,0.12566205451707,0.129569610815736,0.136447427801568,0.27014415829001,0.091893618158435,0.16098104552774,0.100764243262377,0.144079221424057,0.422420054232655,1,0.318042541100238,0.262162573586402,0.184024717790562,0.158857179660481,0.222559042227057,0.069624658113507,0.135436285801318,0.0802828837930756,0.342710332191426,0.205902813155183,0.105000844884016,0.166427235221921,0.236559689328556,0.117908453108129,0.316034751136962,0.12459726760997,0.179019813003121,0.271279593976047,0.229380379140221,0.269448855089084,0.271487423488021,0.238400145064495,0.138630285606825,0.329336460372866,0.163345894120801,0.119666752696461,0.116684746733654,0.154187006081643,0.153988478601227,0.364926373377525,0.15725347654874,0.0504387482031189,0.189050984149021,0.20363533954411,0.130881026294565,0.278414316403041,0.217535206471559,0.363471609785543,0.304751365913631,0.144940912943246,0.135022167175024,0.311427205062895,0.0970374896694386,0.146641815046824,0.255403815326947,0.216099681325212,0.139378301190326,0.314427371353407,0.186376671908451,0.152165541876739,0.197271545119744,0.165504393231374,0.21434885913969,0.171949765367962,0.204910236273213,0.171578854522639,0.197551603593989,0.199831158083992,0.222704311732182,0.26382306733265,0.154284524703509,0.200054693571824,0.120823352416425,0.153963357569456,0.180295231082072,0.17646164456173,0.0752728010516128,0.147723244190348,0.159222472111466,0.0842822919010464,0.287516439439868,0.106464258856007,0.104683045403863,0.0941154349775281,0.181432138328109,0.222025363149007,0.130438298244155,0.0648946321349981,0.340571412317607,0.1798856644794,0.435364880772578,0.174281361162093,0.193298297762597,0.208144276650863,0.325903840800647,0.220984236694547,0.248405114019413
"brevialata",0.156135446234454,0.134626210540998,0.129547978718691,0.161352055833165,0.286627304037477,0.0954231640574077,0.160440958010438,0.142421632638358,0.12149579386054,0.320287150674649,0.318042541100238,1,0.236311527041683,0.174348829381429,0.176533047541899,0.215276482207443,0.0823687388949633,0.14746938370021,0.0647711159052828,0.175181407649993,0.182377590103103,0.103273648214338,0.19826677012008,0.185333366883805,0.161129959740743,0.28746795562123,0.244259046043057,0.19603915252534,0.176919186077194,0.199245519007813,0.141900629054817,0.25620495151303,0.208890313237692,0.152821291012978,0.268094286079554,0.151372371401446,0.156576123829908,0.110063762498316,0.111503658049648,0.148798273165959,0.325870155731077,0.156708256066651,0.0458297044974153,0.171486415783022,0.165368460788023,0.123620868857669,0.23198901008471,0.136373296862909,0.335819041492637,0.28954802312722,0.140802032165205,0.148994113093254,0.212256070433323,0.0942352819510953,0.198524836783022,0.215113349559203,0.164034221855997,0.154206390029966,0.286227267380865,0.185895921258529,0.167992071975522,0.178475708038966,0.187944611500414,0.17717422225899,0.173327491308594,0.155882157534448,0.159687736072124,0.184342054290908,0.164324301500153,0.202281401560275,0.252561326149067,0.133372614407714,0.150904976016878,0.127746794726114,0.171457367987921,0.181675661853119,0.112771960776532,0.0716183395720025,0.224660236144761,0.129023936994362,0.10834493568656,0.245249507869077,0.129773591940511,0.118317360997472,0.0740418920079845,0.25026036904801,0.1683023070686,0.136865022911289,0.0784359318974765,0.331127555515385,0.152226291590046,0.329362900269351,0.153840270266834,0.157384438282991,0.185498118610531,0.270190493222928,0.165229098600066,0.183606642445485
"brevipes",0.123942445465453,0.0815617491241826,0.157196303350969,0.120618747004455,0.226857147979932,0.0905112365159468,0.149636445017457,0.0924504271635146,0.110059718204799,0.20524007916648,0.262162573586402,0.236311527041683,1,0.142297525423506,0.172916461856767,0.155543082168604,0.0636178193919631,0.0875450697363033,0.0771432475259864,0.185110535671811,0.143579933213904,0.0741764230765899,0.163903030255206,0.118969650368126,0.110782437591715,0.253572249339965,0.114187739543226,0.172167054197799,0.154091976690373,0.163063387427354,0.154871914006122,0.150332741077152,0.13494692774727,0.106996119982231,0.225271049570599,0.212969455040972,0.105819721510561,0.151461717354638,0.186604103033054,0.161240258682572,0.224896563818392,0.13448764374304,0.0408610121893969,0.147076527694184,0.14250325695713,0.157451068276238,0.144826613427653,0.14797344518812,0.253987783975575,0.218348381022147,0.1170645706899,0.10211965946486,0.19402120841548,0.068078969364086,0.12540900249621,0.134671992273693,0.194595947067469,0.114854948462775,0.251369929784972,0.138991682061037,0.163956128667509,0.14843443486123,0.177454053994464,0.147427226913058,0.121795365239541,0.146510623285083,0.180471488387699,0.194506812651787,0.217862861935521,0.152997579761187,0.175780034101952,0.156793170495177,0.163884509001429,0.104113948892654,0.142615128954165,0.142267324304812,0.18037102147692,0.0634836117264428,0.151620801231283,0.148304300650924,0.0879098156913661,0.206052093948825,0.0896669698877021,0.0939383421406486,0.152500793643203,0.140432048253277,0.194668029746673,0.110047067451652,0.0521960277636654,0.225631536289371,0.427673445719823,0.285651893242314,0.132175960157904,0.291499328033794,0.169367614011298,0.17637557170263,0.129256733052484,0.191233366144487
"capitata12",0.184115845699733,0.159210375501787,0.198992748349978,0.203870377713509,0.184723182529261,0.0985662907852438,0.184707398634214,0.130045319028102,0.229331040251365,0.184170585545955,0.184024717790562,0.174348829381429,0.142297525423506,1,0.255321173336392,0.421065563097575,0.0856023285119998,0.165352224522808,0.094557280742539,0.23868274303484,0.278348601948843,0.131275565145825,0.206464239984334,0.237392659803554,0.135992521118972,0.144335550006003,0.219068682068918,0.236720833053081,0.221297786258427,0.236078917439023,0.220596837154704,0.0835366046511422,0.268193618129245,0.167454992338144,0.137244759632709,0.190170201485756,0.146226903524504,0.136749203626653,0.166340760341933,0.192525507027127,0.18398464350655,0.197824414272011,0.05513090010383,0.18648994453777,0.208342812466214,0.139616478330274,0.0870859769234578,0.207097389735719,0.206915637743395,0.210015677880723,0.146690002215118,0.152977709735502,0.312980516934627,0.102800329135446,0.164002363185222,0.220201031502771,0.237494576335043,0.161156914743298,0.204508784632062,0.244010976354889,0.329774087356498,0.2682977741214,0.176772452957288,0.221019010676086,0.181932974097892,0.199000223874637,0.205078843524938,0.21869080404429,0.19789806011268,0.235924909064083,0.0899634323114241,0.143444471443106,0.203583721058631,0.156100844296659,0.182755994161398,0.228675134071587,0.185192306585795,0.0820125323299269,0.203813526624552,0.224491388344951,0.153556550775313,0.286273508138474,0.15505977511938,0.162312375537574,0.126411209454671,0.228497799999696,0.256239930465729,0.199582405720306,0.0773205057562951,0.254709331312866,0.163587587352859,0.219743304268765,0.152593601847764,0.198688797648623,0.234104152617304,0.15385847372619,0.274543099428935,0.271528950921673
"capitata33",0.169728294132164,0.140942049601698,0.206549655035385,0.23471026006959,0.248943423313123,0.103567951534813,0.207022215779069,0.150536241516676,0.48470765996236,0.161119080913974,0.158857179660481,0.176533047541899,0.172916461856767,0.255321173336392,1,0.253858267700515,0.10310143642992,0.153506657499441,0.133206901144456,0.203867493310315,0.290765499604195,0.11448799999315,0.226177420904745,0.206160522104494,0.152422009324327,0.180586616375246,0.18462521134796,0.212514181731711,0.216406149411709,0.193885966182629,0.21381321929114,0.0872193029421134,0.242113654778478,0.159801362138251,0.152562758329663,0.188659926177362,0.180694887246634,0.151932490022389,0.157834511471734,0.226897551856078,0.207817164044088,0.180900976255382,0.0782129365907181,0.241336651623396,0.233784130258142,0.195059258422816,0.0798060979227111,0.22312541070975,0.215687889420019,0.164732323674221,0.135481532070349,0.133739910829002,0.270447111013206,0.107231990002015,0.183720632800402,0.190310255914199,0.227569607573852,0.153653831754988,0.184050060252156,0.227868554742747,0.204883775584814,0.250222601350398,0.193481708339942,0.201715236478077,0.200761253435982,0.2457212872025,0.244723854580836,0.24939632898381,0.175962562540229,0.255668318123948,0.109860991418494,0.185985869680681,0.224795233488495,0.163450160224772,0.195451210843933,0.19978081343941,0.185565296259116,0.0944745515462243,0.194090097869635,0.227993943694811,0.148106882044264,0.223412547501274,0.133452720231247,0.177447793456169,0.1220186704629,0.241554919637287,0.235696696876369,0.173097829932825,0.0894983629859679,0.203220928916582,0.197918847527394,0.217332010739502,0.149223190701708,0.241197356559593,0.239845967849067,0.143611972965386,0.16807510718172,0.249660610514176
"capitata35",0.207916475446461,0.202533758514592,0.164281789508284,0.205689350221434,0.230051569597026,0.106564256143338,0.198497725621003,0.142983356653713,0.251431058746102,0.205092920284582,0.222559042227057,0.215276482207443,0.155543082168604,0.421065563097575,0.253858267700515,1,0.115714287613654,0.167267670867886,0.122979436180653,0.248028418450229,0.253489717077435,0.144816887705047,0.243263184675466,0.257920947333324,0.135710929581764,0.169551731215869,0.252848746887035,0.228970084301666,0.271553138971479,0.27665426580338,0.238770928804621,0.0988258356576781,0.281556036386188,0.177234574303824,0.163149439067836,0.234838675558377,0.164833475816331,0.182793178317636,0.176824108616062,0.18398670862257,0.207911651174418,0.189568753800981,0.0524376692576564,0.209055523759923,0.217953462636671,0.171647540617652,0.10478427373807,0.25295516973796,0.186425752612016,0.220002609545547,0.168267509414809,0.15450056252785,0.285701985510444,0.110081187770331,0.187402339767985,0.279637524380644,0.245909397520616,0.186609041092083,0.222532046673017,0.221250719074941,0.214769158797263,0.287411058543365,0.169219088321492,0.235119847471365,0.192635663157951,0.261899544322752,0.205498528761284,0.234814258576039,0.230298135634654,0.293038403634504,0.0959753235347525,0.177322301785566,0.228833984433025,0.174225246790409,0.205929766982519,0.24083934400603,0.216914743786777,0.086624916226373,0.213236412972241,0.238308597331887,0.147766726703673,0.297115816609243,0.165997676226446,0.157275549224253,0.158609850904162,0.229859678311521,0.26308105057525,0.206360480782568,0.096720044929707,0.279511611529498,0.164078187039905,0.246912771888291,0.173278918855527,0.225202270272615,0.248481932867046,0.131318923803115,0.25729503840405,0.245674345697551
"cayennensis",0.0971690039623735,0.0949442496538504,0.077576085540185,0.107634369168478,0.0912110470803221,0.101010253588059,0.127718192194163,0.107240832984472,0.150379111017275,0.0619764203451941,0.069624658113507,0.0823687388949633,0.0636178193919631,0.0856023285119998,0.10310143642992,0.115714287613654,1,0.103815210912013,0.134254087679497,0.0833032364112496,0.126830373022089,0.120597848535049,0.116582724464343,0.0875249518471874,0.0590787168630768,0.0670577667821789,0.0793644483867717,0.0794709471174483,0.138185674721362,0.0927481765449609,0.0783048856940402,0.0595496783258462,0.0930429120642703,0.0785376978092458,0.0696669514062042,0.169858000489965,0.0792832939878104,0.0863996845695623,0.0883026592963776,0.0668864271220038,0.10195054441472,0.0898460618184764,0.0456790299541264,0.0886331557448937,0.0747773615120025,0.0945250887433576,0.0611049656500305,0.0787477098665367,0.0741198481952732,0.0628665031843537,0.0777639716688212,0.114700602000173,0.0869476840565202,0.331615348657163,0.0716192783311429,0.0877397563358372,0.0865460459084733,0.0747374705649455,0.0689216950947521,0.0883264520012334,0.073712237138906,0.0939261605451483,0.0763918899598291,0.0887513127778622,0.0889686122073037,0.142597584034922,0.0881819199691667,0.0954996407795553,0.0739324195797212,0.161184232200688,0.0747376823048179,0.101111148945331,0.0950422123802695,0.0955598832622034,0.0973122008056035,0.189378437494022,0.0804842583044316,0.078973552438842,0.082928036755203,0.106002727058887,0.0666992716587939,0.0853609861770809,0.0662707417032512,0.119358228695637,0.0727863787077633,0.0781808535731232,0.0764816695410692,0.0867247557361114,0.0652607434675306,0.0974634622174683,0.0668363466385143,0.0894644331123004,0.0694714419079302,0.0875765884986655,0.0781742795100461,0.0686631543905643,0.0644600672257476,0.0862981785711503
"chartacea",0.225705730231447,0.485235755204748,0.126233683110416,0.184702304730326,0.153690085734613,0.182395547194354,0.225383581892242,0.150496495903419,0.145418354388296,0.124616874834675,0.135436285801318,0.14746938370021,0.0875450697363033,0.165352224522808,0.153506657499441,0.167267670867886,0.103815210912013,1,0.0775970782357895,0.13044322829438,0.154160520299014,0.116557266214587,0.178456241780389,0.208714023450197,0.109406473174006,0.0999415649487179,0.158405856784623,0.140240007020414,0.139145958476968,0.199120346915205,0.125493360421555,0.163712698085667,0.195821891187348,0.142885303718882,0.136405940803647,0.157997365406813,0.144005050494842,0.104726050125517,0.122947228035327,0.126207218635163,0.170194334468685,0.187524586682201,0.0728928632070413,0.126900278544161,0.141386469424628,0.124849090937897,0.135362948047573,0.151001254182007,0.112011327332732,0.121290458935973,0.334839654013177,0.170615936617651,0.166708823741273,0.131909861847941,0.096316832156168,0.177842433097507,0.160210228321947,0.16377024892628,0.139511195159153,0.170915425400156,0.12968680886606,0.170760153976597,0.126077176756665,0.158398585472883,0.188313396192604,0.178789048937789,0.12493863559011,0.1746029727964,0.141397179029728,0.238138107706065,0.131402938578796,0.145765948181778,0.133646390643496,0.116954138391905,0.141416360530475,0.214242666333415,0.0922065121123381,0.0896019523174085,0.128153108123376,0.167647059225546,0.108171710010846,0.150501530041154,0.101394328371105,0.088450147471461,0.0888046986410927,0.134436186321207,0.129175453345606,0.105001509829821,0.226478828228549,0.154385169046132,0.108184996783719,0.128039694878205,0.125152798776862,0.150803248916312,0.150733043295632,0.142274638775338,0.13347505482304,0.138727517050846
"cinnamomea",0.0735822518191623,0.0449293332746954,0.09325767408029,0.108646598150523,0.102454705018254,0.0389288056353988,0.130641279435938,0.0683653038389615,0.172915404852882,0.0643683381315205,0.0802828837930756,0.0647711159052828,0.0771432475259864,0.094557280742539,0.133206901144456,0.122979436180653,0.134254087679497,0.0775970782357895,1,0.0770248721015178,0.127597553087407,0.139558482325367,0.107882716100509,0.0990373862763029,0.208266901133814,0.071106250491284,0.0753755786912603,0.0852555794827316,0.156591717246119,0.0955666138626934,0.0967299490021594,0.036834679793367,0.0989646677869747,0.0826129180257661,0.123126987100931,0.0734722005888826,0.0654845326423087,0.068662503873871,0.130726339064921,0.0872912937764502,0.103637361037041,0.0865950174641436,0.0399065315223856,0.0948715905697762,0.0751315334312439,0.106082389474877,0.0361468419134121,0.080880619205004,0.0947452094431479,0.0610291108505536,0.05174268622063,0.0510257952244061,0.105143583402573,0.0493074406993809,0.0714506411790514,0.0667374400274666,0.113701770334819,0.059140373493028,0.0696291730837046,0.0971520356857789,0.125230619317287,0.111599306611879,0.087061292349232,0.0911779626611364,0.116464961317601,0.141588226422137,0.0934641314304331,0.105495281910534,0.076570074913207,0.111149715954674,0.0590129786326667,0.0793334918568791,0.108014199991401,0.0769705155366416,0.0740102465049594,0.0900951063177974,0.0959593887211951,0.05445992431965,0.0870236190275707,0.145503676491502,0.0666267365792523,0.0814733444184083,0.064721497571981,0.191267908100403,0.0713324403726853,0.0947222619394016,0.0850422272647753,0.119296420686857,0.0319103287056666,0.0870675773925015,0.114428635569198,0.110101849068417,0.0681131555793058,0.0916090687697767,0.1031404257784,0.0591148933289777,0.0815187632885714,0.0963530518319948
"cocleensis",0.187566687947043,0.128151613396153,0.132610886684853,0.16245409418191,0.181220756370188,0.103787617316004,0.16204078828618,0.124147773163105,0.136655826285051,0.314426549431666,0.342710332191426,0.175181407649993,0.185110535671811,0.23868274303484,0.203867493310315,0.248028418450229,0.0833032364112496,0.13044322829438,0.0770248721015178,1,0.232071679765953,0.0951914793132785,0.183625374796303,0.304036332834034,0.148691552721557,0.167024780915293,0.175214608892138,0.222597075580728,0.221012595660145,0.324694464396508,0.369530336348804,0.0823741776932432,0.25612995750037,0.214939769210186,0.147084631252128,0.159769587550531,0.127566852892132,0.140063099824326,0.188506614426235,0.208505806474967,0.156246229593022,0.159613593648586,0.0547322738899352,0.208954724674798,0.361948960420999,0.14415477967809,0.0865509137443769,0.201074146691967,0.259419502352162,0.231250160816221,0.237084782927204,0.165965727028687,0.397760940094343,0.0949572450460463,0.217949093928738,0.362676123974354,0.25311038389398,0.17475677473248,0.33118936645749,0.218689847476226,0.21449251291365,0.215519783405032,0.19180613734829,0.369701572884417,0.179745583261245,0.19585591276512,0.197469849156425,0.210450037471736,0.330011597384148,0.238182155558402,0.0893514937293867,0.145655677820026,0.201923593046989,0.131532206830159,0.166362813975631,0.22172180119645,0.196823789626242,0.0746059206885931,0.168552990101998,0.185707163288518,0.109396234494432,0.39177577101347,0.154906867870757,0.109515394069561,0.115564568047846,0.285679350575793,0.418826509177738,0.142053974921196,0.0777849886012049,0.24591836578481,0.226773000072166,0.254809567934132,0.177964765105635,0.203757779163042,0.286442337416443,0.149480892725512,0.334865719841671,0.323347573707804
"cordatoalata",0.189375727621878,0.156137007616734,0.202472263073394,0.227726587488715,0.216809360407965,0.115031044600845,0.218403467130319,0.145533417206123,0.215270372208275,0.183517321159542,0.205902813155183,0.182377590103103,0.143579933213904,0.278348601948843,0.290765499604195,0.253489717077435,0.126830373022089,0.154160520299014,0.127597553087407,0.232071679765953,1,0.133517627506933,0.218208741013613,0.220530751929605,0.165189290520787,0.184245917517594,0.204326803711194,0.227218104951841,0.256678879265368,0.232828502469582,0.255511430664599,0.114116669618344,0.280029575231321,0.221011153906322,0.145407084389334,0.235174210066944,0.159697997932497,0.133423328519259,0.15751165875605,0.197225061278096,0.187404386179112,0.224866238571676,0.0577317223608204,0.239607762797064,0.228932725177887,0.167490458330172,0.0798737216810013,0.192156544241991,0.21304407527661,0.174809520300127,0.156854705088651,0.176993962661128,0.322070701887053,0.0926665379516409,0.224338133542389,0.242844062911864,0.24537743767462,0.178091306638609,0.211766332565696,0.238890563169523,0.224920111809969,0.291303708863507,0.168137016105127,0.241598476935583,0.237458674799645,0.281950148285533,0.221025030019263,0.244287994803891,0.224271266279766,0.237081165524441,0.106200354192177,0.151010176509788,0.241305199080612,0.164426915129366,0.185428738637012,0.202921234430158,0.180967143820205,0.0965397274008664,0.209282889636577,0.22695876885666,0.126764775793359,0.27137161921852,0.157127976322122,0.180741803205898,0.114075828448974,0.27984773227124,0.227935983902536,0.189818213052493,0.0894870611723444,0.243060603136622,0.187398792617908,0.240546565681184,0.189443779991754,0.193682635124244,0.247648481935829,0.19357029191881,0.244039443621462,0.258373419375739
"coruscans",0.149398023886676,0.11539046026163,0.0977776571923701,0.136303322582107,0.101065578070776,0.112095023994703,0.15962014217726,0.114701439159158,0.128844044392343,0.0998509224189323,0.105000844884016,0.103273648214338,0.0741764230765899,0.131275565145825,0.11448799999315,0.144816887705047,0.120597848535049,0.116557266214587,0.139558482325367,0.0951914793132785,0.133517627506933,1,0.201086758210774,0.157777453604802,0.0986089938398587,0.0915154772568436,0.118057373663922,0.122311161649524,0.184049855133741,0.135953267033815,0.12689578345507,0.0965444115685237,0.181497336892636,0.10265717293812,0.115067738690736,0.133133153210704,0.106566832807045,0.0931689446753288,0.115928763074385,0.107203013959624,0.120126073296763,0.135280218627028,0.0455284144684809,0.132333144356864,0.0982834485310817,0.114065556792277,0.079871318300967,0.141598961720555,0.100752590648664,0.0684494542479835,0.0830239431772271,0.0881827777945796,0.120132459433747,0.0760771431780942,0.0814226006824004,0.139869423165603,0.120103924499806,0.134309733638148,0.0920406133759787,0.153055497971464,0.101914290812083,0.157459446522255,0.111381175847003,0.132450098516849,0.124930577272492,0.167892657638869,0.107464316088023,0.151705795488937,0.105910839347871,0.182617951855865,0.0847818233570179,0.121341003937852,0.115287671715357,0.108050047056525,0.148878662505076,0.166165942182629,0.111003264987687,0.113959788499505,0.103332904829853,0.172530205806684,0.121598806412744,0.105122852905994,0.0830231651412532,0.188320967421649,0.0741424634709495,0.109578587682781,0.0938377233060324,0.107791779216666,0.0748922031297421,0.142754774613078,0.111445668267728,0.102066252667801,0.0996306016667673,0.142572932829999,0.1080240401281,0.0912064039434161,0.10914805456307,0.115622541810714
