"","acreana","acrocephala","acuminata","alata","alba","aria","auristellae","bourgonii","brachyrhachis.aff","brachystachys","brachystachys.aff","brevialata","brevipes","capitata12","capitata33","capitata35","cayennensis","chartacea","cinnamomea","cocleensis","cordatoalata","coruscans","cylindrica","edulis","fastuosa","flagelliformis","fosteriana","glomeriflora","goldmanii","gracilifolia","grandiflora","heterophylla","huberi","ingoides","jenmanii","kursarii","LA17","LA41","LA48","lateriflora","laurina","leiocalycina","leiocalycina.aff","lomatophylla","longiflora","longipedunculata","loubryana","M18","M25","M27b","M30","M71","marginata","melinonis","microcoma","multinervis","nobilis","nouragensis","obidensis","oerstediana","paraensis","pezizifera","pezizifera.aff","pitmanii","poeppigiana","punctata","retinocarpa","rubiginosa","ruiziana","sapindoides","sertulifera","setosa","spectabilis","splendens","stipularis","striata","suaveolens","subcapitata","T18","T21","T29","T50","T51","T82","T85","tenuistipula","thibaudiana","tomentosa","ulei","umbellifera","umbellifera.aff","umbratica","velutina","venusta","vera","virgultosa","vismiifolia","Zygia mediana"
"acreana",1,0.220506803514588,0.181280886869511,0.204556583405747,0.257054806335251,0.154989083438891,0.224226027964182,0.291745023988686,0.216540317944806,0.149628947325811,0.193632798588247,0.181215725039337,0.182110927998418,0.225206596056081,0.205753735891316,0.232337565425815,0.201372275559756,0.287662505376531,0.150282993201088,0.175396032525232,0.365451334009174,0.142389881112384,0.337716713857346,0.293876721693836,0.187284258861789,0.129359284931426,0.204981485521039,0.192840597005576,0.16330135498593,0.210589660773886,0.232300730814112,0.140720691848416,0.256654359684163,0.218534644941209,0.145429733057663,0.297505549048056,0.116362500432438,0.11851006761334,0.149754342552745,0.212419136849464,0.219159988351039,0.180140744112958,0.145702021104851,0.183468202176669,0.329513931716067,0.18908990343499,0.186555623723407,0.182381686551416,0.162768203099208,0.159859797410748,0.174876155583056,0.15338798231152,0.176427245264324,0.169318964765492,0.199687998436659,0.171603661192225,0.170182894256991,0.195883660842731,0.316442001538729,0.226365322514173,0.191036567580911,0.185471102945706,0.188269765787311,0.172780055101452,0.175339951544745,0.266009237887385,0.3351217558227,0.244055558129412,0.164387008931862,0.251832223058628,0.163178952035168,0.175809491036824,0.19050376096519,0.142470884640529,0.216166628177058,0.269217171432906,0.193874595270293,0.134628289901471,0.212358733465979,0.264694426283596,0.148619337993609,0.178521812680732,0.130114262089124,0.167088354081964,0.154512416475421,0.222308842430972,0.19018505148764,0.140744031157969,0.0967605384936148,0.199299754252074,0.147463602147709,0.137093436455696,0.156948206400729,0.248009587073441,0.164096859859195,0.216426777956968,0.186487306622671,0.24812492947572
"acrocephala",0.220506803514588,1,0.245861678945234,0.312291510092781,0.223548140036133,0.106981526790782,0.306020673346426,0.158902513685931,0.275790340829459,0.17957859997907,0.221216708515405,0.186327922669518,0.221183877676679,0.292327545454756,0.16220481734052,0.251962260548838,0.183206501819524,0.300410894868227,0.204314786995934,0.272255718704138,0.279302705783829,0.127139356388406,0.224974873550792,0.264265859015359,0.264588271732991,0.155888299539029,0.170948452512664,0.183543674764502,0.189224161097237,0.228865377790973,0.292500430564778,0.107452825369059,0.27030668280885,0.177761839582886,0.144932146480308,0.140021767926441,0.135652786137478,0.120267882624146,0.163754581344603,0.28447018565916,0.231623371722698,0.30215252479339,0.109662081020054,0.295668325471477,0.178726821797657,0.173139330035642,0.269475263809217,0.238757022707473,0.193580580925797,0.169668254788143,0.181179818129856,0.193859375799968,0.167990823684094,0.212327562201204,0.224946054013748,0.186991881388708,0.225860822758987,0.188332016428448,0.167050183259296,0.265066637265146,0.416774794373641,0.192025766968383,0.247572059967785,0.297538211585429,0.232870797428852,0.278159981744008,0.157402759473483,0.26103751399793,0.217071925598136,0.279387980863641,0.173523807075196,0.239195338418605,0.231730842489666,0.15965262091569,0.280040130641247,0.302816207009664,0.245931813684327,0.106313605262797,0.245239982698489,0.355577368643536,0.208198276442327,0.248094244194893,0.145983466450318,0.390802408931363,0.194774873771395,0.366339334290983,0.298360983675185,0.203219849016161,0.10066547524812,0.239317673503806,0.142470020396687,0.118333349024158,0.261741874522128,0.282685655525905,0.145592475931114,0.196617302698349,0.207255218159605,0.255039413309618
"acuminata",0.181280886869511,0.245861678945234,1,0.265883952637596,0.164097836473808,0.11627309040345,0.217472253188526,0.14356186179735,0.223056288862282,0.166054246857325,0.18387944982178,0.171690172865693,0.202706946317079,0.250850695042207,0.127924388843867,0.206311601408016,0.161260224802258,0.230674296247246,0.164905491015354,0.211893782268096,0.215300647329877,0.221148057305022,0.167638589237541,0.209661753439794,0.223932121916914,0.16052366101923,0.176576984721408,0.140428404285094,0.20788188824799,0.212245242539431,0.211325271195375,0.094376715519903,0.199417967559893,0.164820073728753,0.127581118003297,0.124405381868223,0.139925316817137,0.160056129417996,0.17096365015956,0.245159654573897,0.171789992773324,0.233645035375888,0.113269756984477,0.233961146737821,0.156913997911877,0.159629836948123,0.149898493987647,0.236566619828058,0.190554783718706,0.142043823062274,0.160125046893845,0.186222149390537,0.167863760578245,0.24409905952342,0.186772906042097,0.194014823833818,0.170087935179174,0.172348066043518,0.143557653680307,0.191029297605846,0.240079630917763,0.166755809016709,0.217066827828728,0.233448065690204,0.207258331626803,0.199772766038741,0.212000343266659,0.21409930975886,0.207466219124364,0.203697253107396,0.165118837730399,0.240829414450609,0.206224507235918,0.171061318329642,0.211252571781043,0.252306127519651,0.193784829663353,0.136285274168246,0.186803129323682,0.227996617160437,0.168339957490128,0.213995617004913,0.14324811394711,0.209530116542988,0.15032802351662,0.241574080984515,0.242017112384215,0.176298478839179,0.115736196590741,0.19394850011281,0.151178767936969,0.0966069105195393,0.211605834473048,0.227217588689327,0.189322920533778,0.163375294585611,0.144310663086086,0.266962204086351
"alata",0.204556583405747,0.312291510092781,0.265883952637596,1,0.207590872295573,0.127171763518998,0.265083295883984,0.142299367166834,0.228558871299856,0.143835434604312,0.193568169590776,0.153247992599672,0.195027468535245,0.265705100208778,0.144848464798754,0.209388177268317,0.198295505556368,0.229638364924691,0.197297015443451,0.194993336565674,0.24320691950751,0.127559685137499,0.191865110335251,0.23856171923815,0.251130681832159,0.151219238882519,0.195220798714889,0.155962153345978,0.170684229594883,0.178960450604121,0.237967056798568,0.106550807960905,0.221261599840401,0.161236911789204,0.128314918839413,0.112634122270276,0.1262873230826,0.128093678308694,0.144946606280773,0.233148985789544,0.291667653756629,0.257648782349706,0.119008760886638,0.245819840441454,0.162888293909679,0.156103197700107,0.171536552066712,0.258675926575857,0.183778779601908,0.163037306449448,0.182855802326491,0.175909633769974,0.182417372488378,0.209933525403879,0.199185118824097,0.180650673513105,0.172024264453778,0.158036781909803,0.135059938544892,0.237195389751437,0.267887609812749,0.194592970158356,0.213284423678312,0.224186878193529,0.211536738062942,0.201640273317781,0.150591688340057,0.234485356567747,0.177305410579395,0.235356653531208,0.175481247060248,0.182354190321214,0.20398035971326,0.140052602704026,0.201522507924393,0.261919333646956,0.199031109445974,0.11034262399294,0.201918575662732,0.250824918101153,0.330133222269213,0.198373264839096,0.162605788315081,0.243259510276568,0.167750093408703,0.245405444157907,0.233875687165891,0.177601587584966,0.105380483268293,0.179451473480916,0.22290337550247,0.132292227584217,0.16764484622094,0.241414637527358,0.165602324592751,0.153960875195845,0.158279460782305,0.236219624575322
"alba",0.257054806335251,0.223548140036133,0.164097836473808,0.207590872295573,1,0.142870028194525,0.220150002111027,0.18970551706509,0.193560541519731,0.269177655063334,0.268421323794575,0.285722016559744,0.243202133272556,0.194209120705765,0.180427878863955,0.168827377016428,0.170470690921851,0.206503053011403,0.142281606438362,0.163740417364234,0.257614762941154,0.153274639637507,0.23969689030928,0.236831379559388,0.184615056222306,0.226895878449848,0.167803660608242,0.19234616763851,0.171454382181399,0.211226968067955,0.18636126085893,0.222664333186614,0.226056786814902,0.138947664799215,0.261832390303167,0.178846490563701,0.176134566513568,0.0936598224743567,0.153906198694575,0.172149510592544,0.279892737575557,0.172326961141034,0.116865807175598,0.198384140676205,0.230765035002375,0.179709393334209,0.255689952735542,0.165555581749613,0.260087511681495,0.27402874596464,0.13525206450884,0.131794843517708,0.14539141344853,0.192972747904066,0.137878515983492,0.153850379761605,0.129296204413174,0.189741877627553,0.324484137737673,0.19301351792364,0.176278138050342,0.197715570833144,0.150270237070508,0.161154218660527,0.168970854201174,0.271521680758398,0.218869680320106,0.210714304758577,0.15217174383073,0.253252162133174,0.26318395318233,0.148226864713642,0.200636852534142,0.13281150610484,0.192756369791246,0.230695662222074,0.139867811062502,0.12569551787924,0.186932451496145,0.185166543707363,0.15202436111493,0.218191608627386,0.109626670422129,0.165517504869101,0.134316275043328,0.182774659498282,0.186246755211902,0.115562344628078,0.0893394632546601,0.305349931438685,0.109937890906767,0.217069671602325,0.122314243773561,0.18212434381881,0.128967502918107,0.250493471030234,0.200818449262232,0.237497340872858
"aria",0.154989083438891,0.106981526790782,0.11627309040345,0.127171763518998,0.142870028194525,1,0.142529292898329,0.145532788212313,0.124386106987976,0.112970915542965,0.108960403216295,0.123641257456182,0.105679038144709,0.109615557873447,0.119912914978712,0.0880325246113974,0.131614754339976,0.122648834662556,0.0709426048370723,0.077983318909957,0.130431792274214,0.16521204311771,0.163850978734683,0.132395624990223,0.103416418519461,0.097236434908496,0.145497815711727,0.12664601090635,0.11236079934722,0.142829741955198,0.13398647137273,0.0808664156931127,0.151690095164238,0.100369973025511,0.113889544866147,0.123342288079057,0.100279329679849,0.067790316768459,0.0976965384277044,0.104348828229823,0.10043136487976,0.0967854810457127,0.142771882312411,0.0920381345412124,0.174859147882801,0.162714489591496,0.10412610077854,0.103620140220605,0.103090715223719,0.10553917174748,0.0842977728203712,0.107904267962359,0.106330175834419,0.0988792858636503,0.0722587740545731,0.0878839533209986,0.0964368010063605,0.133874842853525,0.152500190523321,0.1411171882209,0.0910134306384208,0.145662111438451,0.113613526252262,0.0809839251105967,0.114752055602714,0.172257287615592,0.141005140906181,0.127257540829916,0.0925185213278338,0.126510691556238,0.0992500501208499,0.0809306005850512,0.140886241546635,0.106852530124554,0.106674542453809,0.148250957231386,0.0943598542054858,0.109724915930214,0.111795106811845,0.114448648012593,0.0940767580115915,0.115565799674257,0.109799543116893,0.0837592299623444,0.0847571662520967,0.0943604298431075,0.121110725193434,0.0806860087549329,0.128883504517685,0.120338791156918,0.133072913747645,0.0914905627184457,0.0909798972145628,0.0940966069580532,0.0928707949835572,0.0936672385397139,0.140845241784286,0.121099387501076
"auristellae",0.224226027964182,0.306020673346426,0.217472253188526,0.265083295883984,0.220150002111027,0.142529292898329,1,0.151861572181682,0.27843348492253,0.171025192015028,0.204513245055235,0.161349376980933,0.262616534987901,0.290032671099778,0.166107235102916,0.24295431091584,0.234917168162932,0.307971611638583,0.155026397654475,0.234754048740508,0.256918452036061,0.134888535152679,0.216754083552904,0.252503248267528,0.255226193102279,0.18954488020777,0.204553279383225,0.141416781727225,0.181749833773805,0.239311943634752,0.288667528477122,0.105449892583878,0.288918190993552,0.1639163191834,0.139704523122919,0.151934219634149,0.166280280873458,0.128454625888611,0.217253366909609,0.264075937380345,0.225642204420152,0.279738360785599,0.142689966532802,0.267706740594877,0.181970780462509,0.167162457780242,0.206032621900134,0.279362625974037,0.215449157961652,0.160661971740136,0.181664694971129,0.193982439529335,0.198126086558821,0.201777750803263,0.198641647370542,0.203474787377196,0.197493432408955,0.212337061915331,0.168597778141937,0.253822669776348,0.307358290745929,0.256725959350587,0.272531807515361,0.26409577915002,0.336547701719967,0.27710169773016,0.14145844389049,0.298604006637775,0.242259080158669,0.308890787088213,0.17916428110927,0.188561052007252,0.252534564561408,0.146554054260982,0.279972664817161,0.312820503496652,0.249488414442405,0.105867321297568,0.243211966369334,0.311496705663553,0.198011334288577,0.276438160245518,0.152170084228754,0.280148955805033,0.175401361083067,0.293307940955428,0.280794992351027,0.179600006536088,0.111533127934734,0.255026926075279,0.1852635276553,0.128056854987076,0.175747557272899,0.257639077251412,0.184606836295532,0.178783003811183,0.208737958770081,0.254850081125958
"bourgonii",0.291745023988686,0.158902513685931,0.14356186179735,0.142299367166834,0.18970551706509,0.145532788212313,0.151861572181682,1,0.163019561754372,0.122580126848944,0.126982310129098,0.219203541605593,0.127903482951343,0.168842878086498,0.165974459283949,0.135566220722426,0.165446618508247,0.251889133512716,0.0770594793589514,0.134833117914014,0.285515654309289,0.114055049468025,0.413432473277044,0.210270637175186,0.146981917100962,0.135495006166621,0.173355786801658,0.163150951044844,0.133336853555488,0.179271423097614,0.152618619681891,0.0908839142192323,0.265822949152925,0.0867786489164442,0.117459043646416,0.37508864848991,0.116842671782714,0.15103730662966,0.118504576331936,0.151388697228426,0.114951116740843,0.129519720902137,0.109875562018031,0.123611364016637,0.44996905279831,0.152117428344968,0.167544598150347,0.133249476580998,0.203912038160492,0.139016379675323,0.0943584964000419,0.138943149216412,0.157130556029529,0.15593560233884,0.103271642748419,0.114673129729397,0.120954430753262,0.171404325572576,0.33094755107534,0.143036062220151,0.12046158455737,0.154298384063142,0.134287569459947,0.134002289918166,0.124367735797986,0.205380898829173,0.414329403289015,0.206755231410212,0.153266920479801,0.15795191052271,0.118234164989463,0.114080506004861,0.172333788703169,0.110734679602427,0.150958730716448,0.217167719209019,0.113027997115679,0.128048403638854,0.150901072570832,0.161725130745364,0.113236157149579,0.209800524717592,0.0855243550737324,0.102373105591178,0.0966533514730453,0.142462367771081,0.137281367522925,0.0986715761110278,0.0913202205306885,0.18468878564419,0.118664212344606,0.101796867046475,0.114231958476654,0.143706741810617,0.096692143170268,0.181766494548568,0.201729921473456,0.159733525877001
"brachyrhachis.aff",0.216540317944806,0.275790340829459,0.223056288862282,0.228558871299856,0.193560541519731,0.124386106987976,0.27843348492253,0.163019561754372,1,0.254713417335677,0.191548095781627,0.177591879424827,0.292042765626936,0.242855460217107,0.200474785854223,0.34263639706688,0.243187969869749,0.355381688919164,0.136185391625754,0.32998228045179,0.264544318176052,0.172311088791518,0.18463231613545,0.321979401884783,0.33861560460185,0.155375784743849,0.181262474757763,0.143960219840766,0.206713007786563,0.29931359092244,0.186061193934927,0.109597523025027,0.288568494407672,0.174908165305227,0.149750465646839,0.130196559410057,0.139531900105403,0.126372721968545,0.234808720544849,0.222222115649053,0.222389612603614,0.371790776573974,0.147470412912993,0.37390437105776,0.15934556251261,0.174759668996311,0.175339802475421,0.21888591937193,0.198300682591494,0.193397901219569,0.177986070143216,0.170113909882812,0.187310918007149,0.211922428864869,0.181246637776674,0.19976913991482,0.194253062814774,0.155528667585642,0.175712485931531,0.212813836190022,0.237217128368301,0.177342210495414,0.226195467515177,0.359271538687405,0.227488082985446,0.298325254362307,0.152175322956679,0.267135911707014,0.285922748495621,0.322071472765185,0.15955609236278,0.247783670571558,0.347853072648159,0.16792188037835,0.248449065364395,0.291156596030629,0.189533917397378,0.113435207845859,0.264658442616727,0.245177638221145,0.169799488417166,0.226764370850338,0.150116583803084,0.198656319324559,0.239527780115484,0.234209104907637,0.239991189471187,0.191520681677815,0.10749251641099,0.31131921201112,0.168113129707021,0.123874937431125,0.216118499031233,0.225024689939667,0.227209336893867,0.134277146447473,0.148247569608985,0.293790704925275
"brachystachys",0.149628947325811,0.17957859997907,0.166054246857325,0.143835434604312,0.269177655063334,0.112970915542965,0.171025192015028,0.122580126848944,0.254713417335677,1,0.351612958369438,0.30519130192278,0.303966408002065,0.175064479245,0.159968102884888,0.220220445080599,0.119066419137794,0.237408792156639,0.101316687262558,0.24714734931408,0.198027338055163,0.145546451857603,0.158657274155063,0.239342546144076,0.266340056760139,0.322324295642062,0.129134339858169,0.108570486546384,0.150155315573875,0.213341838952524,0.14559794026499,0.332565779774025,0.208201284498522,0.133517807472678,0.312648024584698,0.114276643055222,0.126769799701509,0.105928914506307,0.176991048028185,0.161680596331254,0.400878686204819,0.265704642005575,0.110365214791712,0.254439980076672,0.150688108304337,0.129232776170904,0.36562873100016,0.143001589199725,0.27969089851132,0.35221465965971,0.121457376103142,0.152751446139035,0.139282186490244,0.155398961081384,0.122693252642542,0.147696315052752,0.15141254371963,0.143991864249846,0.255646002310773,0.13435356858022,0.150127130553096,0.130300812301346,0.146422724962534,0.25986673502896,0.168511535554654,0.22275338555651,0.147565900675744,0.205606795619996,0.239535232806878,0.21521798173554,0.293649276590937,0.202443848216832,0.231722910507017,0.170086855267818,0.190811259108482,0.208266711090759,0.125746755172611,0.0806890754821631,0.192143341585013,0.160549459244264,0.10935875595826,0.210458126623264,0.12269738455647,0.144033485743184,0.14023683679621,0.16226496432526,0.18218015693344,0.135771793723432,0.0676193290155168,0.414068316258291,0.128685866105034,0.258488269835352,0.220320131470197,0.164225790054778,0.111579633910972,0.345725728807195,0.102731285705974,0.191643614283413
"brachystachys.aff",0.193632798588247,0.221216708515405,0.18387944982178,0.193568169590776,0.268421323794575,0.108960403216295,0.204513245055235,0.126982310129098,0.191548095781627,0.351612958369438,1,0.271063740321403,0.285924670755624,0.206434303656629,0.138400115067095,0.182651196086888,0.147241437242031,0.2205669273332,0.122836602439655,0.168888374599529,0.170610479398318,0.112283160408874,0.14030288907264,0.197508707192398,0.186881950945674,0.324435242943792,0.189576859493196,0.131309179362022,0.151843096633286,0.198775516220568,0.184445222556079,0.287607497578161,0.202405714515203,0.128514895716238,0.305511277909724,0.118541448082708,0.114580986516377,0.122883050589256,0.155153052981898,0.189915606001525,0.344399506825756,0.186496630182882,0.128121490228607,0.189809417778809,0.135826300275394,0.124544411017843,0.365222551619466,0.175624631284484,0.306388585212576,0.296599556139055,0.163223319871114,0.154525364937598,0.148702461400381,0.17226880352978,0.204944245615317,0.15621005995064,0.173235467924695,0.137305793538107,0.231570987692465,0.243339597519862,0.214348300710017,0.17999544557786,0.170560578628874,0.17276095111029,0.177619824832863,0.196574916187789,0.145931846143492,0.225433826403895,0.183233822660342,0.185350213817081,0.319869218640659,0.182035797750463,0.173333294627192,0.12989099114553,0.186160972176613,0.234217975061978,0.180619840862485,0.0884936107954767,0.172370934305339,0.23632644585017,0.136111641966002,0.196890320228006,0.142793168694252,0.206201607944184,0.124772717370495,0.200792647032427,0.189541843335831,0.140352980999009,0.0959913078310746,0.321934738205326,0.137995621726989,0.286524480076814,0.162525701120012,0.192816648708381,0.1257441569205,0.327028787424307,0.131491488697236,0.201310710847474
"brevialata",0.181215725039337,0.186327922669518,0.171690172865693,0.153247992599672,0.285722016559744,0.123641257456182,0.161349376980933,0.219203541605593,0.177591879424827,0.30519130192278,0.271063740321403,1,0.245934734382766,0.192945510867893,0.136008650040159,0.178772743792915,0.154952553907903,0.180969440047861,0.129090465636439,0.135585991227236,0.223222391617159,0.146371438683423,0.207045119605604,0.190217682033494,0.144533453400643,0.339059097079067,0.165811773444523,0.17770756318367,0.16587905111055,0.184889846048115,0.194551601878407,0.264084513097825,0.207444246638128,0.108294903090585,0.27940034201621,0.135947721067483,0.155744623177746,0.0805573936078762,0.146848549035681,0.191431636511214,0.305801686485989,0.146627858336505,0.134055889953313,0.142692780897372,0.2024982657692,0.161720415825607,0.312920353953809,0.141194061047619,0.335340266234114,0.31463873933907,0.13151929418679,0.144893081968195,0.157936695813245,0.197500857479682,0.0941482223232397,0.124347806558278,0.132579362003374,0.143642792733333,0.299259431011621,0.186511479181723,0.146371080236311,0.176922333482455,0.169488184541696,0.15082793419089,0.185484430514374,0.219579181841596,0.173604473336801,0.227459387703271,0.182896339861751,0.182407195895679,0.295785812174141,0.149586772449366,0.178113532960716,0.148169293665937,0.1639931511079,0.202970967554711,0.108943741672889,0.121842939448115,0.183082286794077,0.148695888836393,0.110662665655907,0.190234773111355,0.0992029396710514,0.126676333699304,0.121827403674776,0.152642295963727,0.17369356426937,0.109954346734694,0.113429277010472,0.287396849515764,0.131999124235009,0.267216812692302,0.131961697689823,0.163944374460908,0.104958746070507,0.32848920762193,0.190169909407533,0.212387805780508
"brevipes",0.182110927998418,0.221183877676679,0.202706946317079,0.195027468535245,0.243202133272556,0.105679038144709,0.262616534987901,0.127903482951343,0.292042765626936,0.303966408002065,0.285924670755624,0.245934734382766,1,0.232513979360437,0.159811890096595,0.281408340002445,0.151702753151478,0.302980808733008,0.107063657139021,0.327771735688721,0.242997738897244,0.114656328955816,0.152689562597871,0.240160682010386,0.329903078550272,0.251020546963631,0.171944356674949,0.128952034839998,0.199675493463514,0.251298651086052,0.167744964239828,0.179840766447998,0.253052660575456,0.139213237148578,0.239250044958177,0.107621339802525,0.115260930726396,0.107805422424996,0.24526647077601,0.218994026190747,0.261413819703224,0.382300768891605,0.11963260124155,0.348812000063583,0.161036737612818,0.176679519798448,0.292746023450756,0.181056245012367,0.275011552901343,0.28333445012345,0.128267121378977,0.142953766683181,0.132725731943519,0.202221094225168,0.156515374952012,0.163625892781958,0.180294538266317,0.170474736959995,0.273120676410885,0.160614856525814,0.205721292667656,0.146858959961825,0.170306543244052,0.382197958560708,0.191215714517281,0.224744459818401,0.127592100822951,0.25306332510743,0.316841231150064,0.24096201578279,0.221950139126495,0.17585340565009,0.255124238459937,0.125518022783689,0.199250882106075,0.248753840343156,0.176410491983327,0.0997217325479218,0.228603197532017,0.186732390130196,0.154776221178684,0.179929014564762,0.117557772387268,0.179417494328067,0.155696846507741,0.211801265891176,0.231365541059586,0.186898916113916,0.072645458936473,0.376833001053961,0.132201543023159,0.198513295948651,0.229116248107353,0.192943967189489,0.132074567454938,0.248164461473315,0.151687123401147,0.226157135509443
"capitata12",0.225206596056081,0.292327545454756,0.250850695042207,0.265705100208778,0.194209120705765,0.109615557873447,0.290032671099778,0.168842878086498,0.242855460217107,0.175064479245,0.206434303656629,0.192945510867893,0.232513979360437,1,0.160037892534763,0.225953593961021,0.215885419129301,0.26752019932506,0.145125731167276,0.251894622232046,0.26679290819374,0.131172621076289,0.218212832530567,0.297955408647557,0.261693962742267,0.220845136144634,0.173568331145943,0.162331090539542,0.205026478133156,0.246232739644767,0.289721937080752,0.115635923240219,0.262703427588996,0.189818861975298,0.164874072750672,0.149038849565028,0.132414071110157,0.155963233180937,0.166509198123205,0.432919524302213,0.20840610235754,0.257676405255106,0.165129633477836,0.25298996453973,0.194221375185523,0.175040893086873,0.168017799634948,0.390109113768275,0.203445429122103,0.193845945626704,0.225124765510469,0.270507954071505,0.250217906614774,0.288166669184809,0.221224120515648,0.211685273720118,0.191507599581105,0.204334532211167,0.149834522578725,0.231549886809348,0.255991533739544,0.198484420926725,0.303258413447332,0.258192305775838,0.302075477927409,0.241775265314114,0.171173018561502,0.288908515286894,0.263196058111315,0.252019371426576,0.221825609038222,0.242635311552602,0.250839229781428,0.166060118301539,0.333137515463905,0.327016270605362,0.280374418903479,0.107626998635191,0.251630644769942,0.254577907510247,0.212976920237165,0.257520792147216,0.189408122942674,0.259561634269772,0.18574389540277,0.293621614853236,0.342101375443533,0.187433628553572,0.118431888149574,0.215232571638478,0.170204595177124,0.12146728060692,0.209085667349226,0.305970983440329,0.224171158798681,0.246891878087619,0.172490143942395,0.25209056150488
"capitata33",0.205753735891316,0.16220481734052,0.127924388843867,0.144848464798754,0.180427878863955,0.119912914978712,0.166107235102916,0.165974459283949,0.200474785854223,0.159968102884888,0.138400115067095,0.136008650040159,0.159811890096595,0.160037892534763,1,0.181890226522952,0.163929874726163,0.181540497039423,0.0888290221487542,0.142204498843659,0.207377460798233,0.120017388057211,0.202125927124107,0.193581090631469,0.193238457310477,0.105215699727417,0.129721917402013,0.119126877081127,0.136415969507793,0.169182693724936,0.147642829328409,0.10404812843163,0.239719297992809,0.121369906495385,0.13182560079207,0.141952234857583,0.107119131301697,0.0836657603763752,0.122678543798512,0.152162879423694,0.143496662988542,0.144888551055924,0.107318138845444,0.162750829318885,0.22945917382614,0.119888137770506,0.12295101904332,0.187039076342237,0.143236522640754,0.179030304270574,0.116132431745457,0.14046554487388,0.122090491389617,0.12879688052501,0.14539001134252,0.127784326065871,0.139137450491721,0.171754569100153,0.171885657627466,0.152845808429528,0.140907393902787,0.143417821415117,0.140612681134243,0.150283343072,0.135268669440624,0.221521412465895,0.174770222245331,0.177824350667053,0.130696471773791,0.163969170753305,0.121115802716112,0.150355110451369,0.170392875625036,0.117370162511603,0.216732737367779,0.197101519837571,0.126641802477617,0.0912252201584414,0.162101322448822,0.168049752823776,0.11469508524701,0.1722368456812,0.101544502510615,0.127409827474728,0.132623414115628,0.140540379594716,0.189616513636758,0.108760195061914,0.0708906782221726,0.17457899056175,0.119415846739415,0.105891882752007,0.137974447683775,0.138509987293662,0.155844789931128,0.129120008650339,0.163874912173764,0.174917983405582
"capitata35",0.232337565425815,0.251962260548838,0.206311601408016,0.209388177268317,0.168827377016428,0.0880325246113974,0.24295431091584,0.135566220722426,0.34263639706688,0.220220445080599,0.182651196086888,0.178772743792915,0.281408340002445,0.225953593961021,0.181890226522952,1,0.16574156002494,0.366942010473977,0.196546468346372,0.341266363923742,0.241786196737629,0.122918903103466,0.161425066278216,0.271764681134041,0.336279573405866,0.143087880405585,0.150246453312908,0.143617161854164,0.211595876035222,0.270276745398166,0.213438209907549,0.0801714433969638,0.251633286801131,0.142756510927022,0.131620731264557,0.1036771682758,0.127453124423672,0.163067040774082,0.241817965200754,0.217089578895547,0.195461272006957,0.361453758561237,0.118516911343304,0.358716441621595,0.15131133741986,0.128838623318264,0.169729805403179,0.203258328831642,0.168207627463778,0.177831328857716,0.16691117291353,0.142259254101213,0.152688660617002,0.200370437426097,0.220469690590584,0.198313158008474,0.239603424915292,0.127727370409882,0.158199201017959,0.187572789978642,0.21961361434683,0.153226628688764,0.211012268972946,0.329537798875193,0.200894314489278,0.281913764576669,0.124759762489422,0.247345180707716,0.273878092865385,0.277174141119342,0.125961981257003,0.2240987953804,0.274897327435005,0.168695535158189,0.253534626651129,0.27586180506798,0.173711124975484,0.118070395012309,0.213514647737861,0.216130920276679,0.160628928359674,0.190932159641613,0.106667849664197,0.215988488669392,0.220589138155389,0.245818459971216,0.261790027116846,0.189606249894422,0.0863748900642516,0.306929029218888,0.162710976149312,0.102253284519048,0.238915507138821,0.210831098288727,0.166996775426674,0.122791460406181,0.129861352840407,0.254473385637227
"cayennensis",0.201372275559756,0.183206501819524,0.161260224802258,0.198295505556368,0.170470690921851,0.131614754339976,0.234917168162932,0.165446618508247,0.243187969869749,0.119066419137794,0.147241437242031,0.154952553907903,0.151702753151478,0.215885419129301,0.163929874726163,0.16574156002494,1,0.186243292538466,0.128040104117248,0.145405171965463,0.199288455007095,0.149060888386426,0.193509685966776,0.21990863115717,0.164443494932506,0.147365024731765,0.161099618895232,0.137461286466178,0.150370743010144,0.201956799842715,0.211072048501672,0.099159432243528,0.194905265468491,0.143152694669904,0.132407533875366,0.128226233291171,0.114164846654048,0.155595807486152,0.125385086921264,0.241139851267305,0.135710305752441,0.165641751484445,0.137053361759852,0.151183454294242,0.189894591778941,0.136753748909984,0.143172551412372,0.213994127084544,0.16561735226711,0.131712139641895,0.159711939264605,0.156589906294034,0.156493202070994,0.18084638761891,0.135390475689473,0.153663977225549,0.148016314296803,0.158284805604132,0.164197068352407,0.216943353571121,0.159415859780224,0.179993530995323,0.249975129086053,0.149415478102335,0.220588901633723,0.206623535275864,0.152668084819028,0.192035835507607,0.140675495586466,0.186022082234877,0.150562043809374,0.145242167255003,0.19393645200618,0.145372541118159,0.216040064409803,0.221958572921382,0.179105821540979,0.097063670204289,0.188340662512279,0.235794382797243,0.132103093045922,0.176287162557423,0.155435090373212,0.17363226627006,0.163987106013313,0.249249907320734,0.222575264183441,0.126559909787059,0.102922518861397,0.151337468715004,0.156789125698495,0.118660893810152,0.146322535837276,0.172600464215451,0.143127043234157,0.159720388216304,0.161690602747429,0.203091058257251
"chartacea",0.287662505376531,0.300410894868227,0.230674296247246,0.229638364924691,0.206503053011403,0.122648834662556,0.307971611638583,0.251889133512716,0.355381688919164,0.237408792156639,0.2205669273332,0.180969440047861,0.302980808733008,0.26752019932506,0.181540497039423,0.366942010473977,0.186243292538466,1,0.169077504038386,0.323570031526491,0.313802565500842,0.153519281048945,0.212977733991759,0.332924491933869,0.328594829623358,0.162449612485013,0.18459037347299,0.159679068524991,0.196753878356506,0.301846317863478,0.279204390391814,0.101693460784155,0.363661689821662,0.154481168509277,0.147235568297902,0.153822622173315,0.147236489226803,0.16261465583207,0.229540397172982,0.246966391059976,0.236168444864106,0.343373396178937,0.14919913357834,0.330810626811383,0.190940738802206,0.175004903047424,0.197656240562024,0.219586700557362,0.198431960956825,0.215292081457853,0.225525482118967,0.205269835823135,0.195897362214636,0.274709147023678,0.264691655055669,0.194543361975691,0.247774129145059,0.18349467709243,0.195489812342,0.231415074227979,0.271828340719603,0.196877929163581,0.214602238602694,0.345925407513139,0.234542820970135,0.332598979180215,0.173425401340899,0.339647093795228,0.276974329665486,0.307737581549499,0.158910996687338,0.266394388976763,0.343064223038645,0.174434833060712,0.284957792262533,0.347936666958873,0.207862893916105,0.129953359299069,0.253252780632798,0.267420411187955,0.180459696608615,0.304148134945981,0.132076997386526,0.226077362743216,0.221375314418274,0.236975882537704,0.301837794565441,0.195667379776695,0.120448488914083,0.373540613158806,0.146125042026312,0.105527492179185,0.252460636881215,0.255553022149555,0.16088275671212,0.160833287282498,0.171299308783591,0.283668699222909
"cinnamomea",0.150282993201088,0.204314786995934,0.164905491015354,0.197297015443451,0.142281606438362,0.0709426048370723,0.155026397654475,0.0770594793589514,0.136185391625754,0.101316687262558,0.122836602439655,0.129090465636439,0.107063657139021,0.145125731167276,0.0888290221487542,0.196546468346372,0.128040104117248,0.169077504038386,1,0.128228622074464,0.126858682154988,0.0942097650184367,0.0955097092715456,0.151071144760268,0.137520468701775,0.111094210853318,0.103199025661011,0.0999797967506733,0.110489441233084,0.100338239089719,0.203292540520531,0.0933703126466969,0.117118701083345,0.106269540786771,0.0905975995733522,0.0733377397109213,0.0956110293279305,0.10558136210448,0.11355530413541,0.130635540533546,0.100994316444146,0.139338325270006,0.0880471868485472,0.173254660826891,0.089921595732387,0.10772396391747,0.120754844892756,0.133194018793286,0.122639710014555,0.112166359444096,0.114449375574305,0.108067690092993,0.135321360989545,0.120156022654474,0.191064693155862,0.118505314776466,0.095959138450074,0.0861320644453605,0.0893657488263436,0.147356878724461,0.211835223470322,0.124876159641746,0.126653744914718,0.142218397871374,0.148561311584956,0.120869136569542,0.0691468606144004,0.126451970243278,0.135108642817566,0.158517558411758,0.113779621688089,0.148505968622991,0.135772408045822,0.0980821217809323,0.125081027072593,0.134440458538396,0.113781287904066,0.0804546275511255,0.114672543841701,0.19408094613525,0.0954906855761637,0.112556608974444,0.115322999447742,0.210007329981881,0.123995411129629,0.205710918492613,0.135251491160803,0.0993267029829978,0.061502230220776,0.110931292673701,0.098154563206574,0.0832142949263298,0.118810607307887,0.152489651853338,0.171726124260184,0.0979316193155189,0.101016852552786,0.138369847640563
"cocleensis",0.175396032525232,0.272255718704138,0.211893782268096,0.194993336565674,0.163740417364234,0.077983318909957,0.234754048740508,0.134833117914014,0.32998228045179,0.24714734931408,0.168888374599529,0.135585991227236,0.327771735688721,0.251894622232046,0.142204498843659,0.341266363923742,0.145405171965463,0.323570031526491,0.128228622074464,1,0.246318450073841,0.125410460757161,0.149405310963164,0.256930871059561,0.428189299879661,0.139716964556666,0.150738834678674,0.121737338445889,0.199435060301238,0.276851033680884,0.167893735186943,0.0872620859834169,0.255178952742583,0.141624690848223,0.139078884548843,0.111499402533068,0.127812295191852,0.140225003952761,0.253636386294944,0.238090596232311,0.217445350811536,0.462278926461074,0.0996760543906637,0.485680459433653,0.148165309444892,0.144866978308272,0.163989773912901,0.216199546954407,0.171529647002956,0.169651590385298,0.17801295228353,0.167526961820953,0.15497257501082,0.184641023805063,0.191835945410286,0.176910823708095,0.219417165773602,0.185856790577553,0.151283412384979,0.181068846344463,0.298517288465747,0.150242207988129,0.200342081817083,0.479551721291475,0.22423356872182,0.288880087853225,0.131372904369835,0.241551995568883,0.405216612706936,0.280046853181139,0.131571653749928,0.289473958622006,0.276240388864833,0.142582460938711,0.234328953775143,0.262959235543899,0.197902955275874,0.0746110154189839,0.219486729850331,0.210779757844142,0.163866300370304,0.192380269002784,0.146954408233901,0.217535447327678,0.23400502004043,0.242344212274445,0.298105732557641,0.238209555130202,0.0803728085429165,0.343765212055258,0.154177645798474,0.112276229062094,0.35874988516076,0.262461233062645,0.160874602757679,0.142296938596522,0.129178488403726,0.253017494318634
"cordatoalata",0.365451334009174,0.279302705783829,0.215300647329877,0.24320691950751,0.257614762941154,0.130431792274214,0.256918452036061,0.285515654309289,0.264544318176052,0.198027338055163,0.170610479398318,0.223222391617159,0.242997738897244,0.26679290819374,0.207377460798233,0.241786196737629,0.199288455007095,0.313802565500842,0.126858682154988,0.246318450073841,1,0.15496914613655,0.342384989141663,0.325478048734781,0.251024087612255,0.157889250251649,0.202460316668139,0.185982956473646,0.159244898340679,0.255677130923201,0.212257110017368,0.112416670574004,0.288199075580566,0.145959726714594,0.163915176688875,0.288249389594947,0.129887941133068,0.122041497329065,0.177306927440519,0.213665393806829,0.201883916825615,0.26428639379795,0.141939656399768,0.259111524659926,0.327796014425955,0.191158079105543,0.256966573816881,0.176929889272181,0.202844008890658,0.193602533403579,0.16584987974532,0.164529217040454,0.20212252033698,0.205884439440715,0.149186558125835,0.175481638758927,0.212965329394866,0.185117875953528,0.340131119656042,0.193542067942542,0.213999512472611,0.204671453331913,0.180175742135581,0.267115669295746,0.210497258806494,0.301971873528568,0.307200330326938,0.277188004393102,0.187406498269348,0.262123989252077,0.149814721020982,0.203545996625402,0.262260731239907,0.158321247309955,0.225516663879264,0.291849250797942,0.152270147262421,0.153231360387743,0.232525706955071,0.229133111661381,0.156687837723358,0.202058331782802,0.130880078762127,0.162035256848237,0.177096869348145,0.213338332242572,0.24829211496398,0.149568829129339,0.105563644583014,0.277191506464759,0.138455436376787,0.133160742943467,0.21107268914741,0.22115239413728,0.159803793892277,0.201346345566973,0.192895444988594,0.262643642392444
"coruscans",0.142389881112384,0.127139356388406,0.221148057305022,0.127559685137499,0.153274639637507,0.16521204311771,0.134888535152679,0.114055049468025,0.172311088791518,0.145546451857603,0.112283160408874,0.146371438683423,0.114656328955816,0.131172621076289,0.120017388057211,0.122918903103466,0.149060888386426,0.153519281048945,0.0942097650184367,0.125410460757161,0.15496914613655,1,0.139761170013729,0.156618957425077,0.127659748330454,0.121902295469697,0.125796980881029,0.109205636439498,0.140784403196073,0.172432176393916,0.149731375496048,0.0912030356198781,0.161033614867809,0.122764506356299,0.114798331442448,0.0922881012763922,0.121670722236174,0.0973821429363234,0.136397836805752,0.11253320092586,0.135180732875899,0.125756880477228,0.125392315342507,0.130146367595753,0.145577703483638,0.140838367345331,0.102923342702345,0.12755940189405,0.105060980674949,0.136764736377156,0.132752065559515,0.138413855045989,0.121181268523328,0.18779511588951,0.107530662994155,0.123273853324638,0.0986619363157684,0.122011656039454,0.133411283190094,0.137288733150853,0.121053757075922,0.144080618388037,0.1382661128959,0.124688282207507,0.139080124324025,0.162439594164313,0.179690395199585,0.13948048610817,0.113779090075992,0.140755159176458,0.110969983664342,0.117974618330991,0.187249042960685,0.153998928330454,0.126186785786078,0.146863525849513,0.104434312504632,0.117463175368401,0.128773815567609,0.143280963582805,0.114221099069457,0.145698460241861,0.0911742123097543,0.11376872843758,0.133521908070066,0.125322142901881,0.144224824760421,0.102799029603623,0.108940131245125,0.140794410833829,0.136094733385363,0.104238709289307,0.111135884768742,0.122580060263156,0.130590242517681,0.095892248584662,0.130249979014406,0.167025164888422
