"","acreana","acrocephala","acuminata","alata","alba","aria","auristellae","bourgonii","brachyrhachis.aff","brachystachys","brachystachys.aff","brevialata","brevipes","capitata12","capitata33","capitata35","cayennensis","chartacea","cinnamomea","cocleensis","cordatoalata","coruscans","cylindrica","edulis","fastuosa","flagelliformis","fosteriana","glomeriflora","goldmanii","gracilifolia","grandiflora","heterophylla","huberi","ingoides","jenmanii","kursarii","LA17","LA41","LA48","lateriflora","laurina","leiocalycina","leiocalycina.aff","lomatophylla","longiflora","longipedunculata","loubryana","M18","M25","M27","M30","M71","marginata","melinonis","microcoma","multinervis","nobilis","nouragensis","obidensis","oerstediana","paraensis","pezizifera","pezizifera.aff","pitmanii","poeppigiana","punctata","retinocarpa","rubiginosa","ruiziana","sapindoides","sertulifera","setosa","spectabilis","splendens","stipularis","striata","suaveolens","subcapitata","T18","T21","T29","T50","T51","T82","T85","tenuistipula","thibaudiana","tomentosa","ulei","umbellifera","umbellifera.aff","umbratica","velutina","venusta","vera","virgultosa","vismiifolia","Zygia.mediana"
"acreana",1,0.228764277755577,0.154001284289521,0.185335673945716,0.197795121741499,0.185377142846047,0.200548480308597,0.252495380763681,0.168651365057836,0.160868762936198,0.123577062363444,0.15520618682176,0.114555822863826,0.208298079022182,0.21475574368211,0.149434769927226,0.212614519286574,0.223336826673769,0.225716988326821,0.21265932004877,0.221612119628519,0.169611249846879,0.175152643000079,0.199564305701902,0.138946693422061,0.100595538520938,0.214434934912829,0.177114977831094,0.183275774751438,0.152656933987808,0.232188400917879,0.147815991334498,0.262587206451899,0.159507301761736,0.0635896191337528,0.199257196518236,0.143598221361734,0.185681771038226,0.140009796932749,0.201332042625944,0.143368774646901,0.202756862502532,0.0638449439993914,0.192030240393475,0.163540601565448,0.122725566498893,0.0637071790444023,0.275991534973596,0.167049805071214,0.117667340913177,0.167421637721028,0.0976165577508668,0.178026456156162,0.172370460768782,0.122563713158537,0.215145718059284,0.161936158996421,0.214204528218999,0.0890789732450314,0.217457712781735,0.203227736425413,0.167190983340723,0.199029015923064,0.18295551899748,0.125474374647213,0.195755787956872,0.132671064428327,0.137089936531316,0.196734191972713,0.193820629214069,0.054297466500437,0.165789168213475,0.198454960377518,0.162721507664173,0.181955711868803,0.16443481115917,0.126435848649833,0.105587005564176,0.187809393074679,0.214137157800356,0.180238491158341,0.105790897561119,0.15627474543637,0.206144535068195,0.0184497891465156,0.0715457739519797,0.175854624173972,0.193995778301292,0.179005274802053,0.168712203246754,0.186044567361265,0.0966750794390473,0.049429088673965,0.183173145480605,0.248015652569902,0.100710472370917,0.19697887327645,0.161411203957051
"acrocephala",0.228764277755577,1,0.177288859957906,0.208314740395461,0.198291049101155,0.187509012061324,0.215493276229559,0.208999681391738,0.16545853288307,0.171375740959564,0.129301740207962,0.166239990054856,0.117993808721964,0.219787472970092,0.219295373478,0.191178495834042,0.196698143507722,0.332907304781963,0.239546016046354,0.183032394309681,0.205381981158913,0.169267204115525,0.181498479768688,0.229060883818825,0.138748072134152,0.129830746992545,0.24663912345014,0.157641228755673,0.169314776010992,0.165439860380447,0.234820530745601,0.159890214498308,0.258889998339178,0.187628302719829,0.0706151517379714,0.202804184158197,0.147841223562057,0.177967781457882,0.148210603024206,0.188542265097077,0.148557398208256,0.222312828047969,0.0894715640813886,0.194693929397485,0.184308559839297,0.170373400106946,0.0747218770301405,0.253362902350893,0.161857559509228,0.139055471971358,0.149025896813608,0.0965677281284559,0.176811978912623,0.24052359692914,0.160821801668897,0.188841602848002,0.204585644834104,0.217848686934099,0.0855169922085941,0.238007791088135,0.203806242377152,0.204118269776388,0.206792375536416,0.199103135976819,0.144684829094442,0.207000301346133,0.163665576774206,0.129752516244816,0.209101340690928,0.209155937854888,0.0571467277114667,0.157369692205319,0.217924532610778,0.223862150488622,0.223816048112547,0.189386105283712,0.119980400173779,0.108708804550681,0.237245492235118,0.212634996780207,0.172605312857863,0.1065221116446,0.158784926473658,0.194676876224059,0.0209477209896952,0.0780200491970898,0.197226237708875,0.192105054633945,0.19327233058472,0.172640579982981,0.212501038626809,0.11184708078305,0.0466505549389989,0.2014202832101,0.219676413631211,0.109269604550346,0.204753696734799,0.167027603987294
"acuminata",0.154001284289521,0.177288859957906,1,0.195084877026803,0.160620762371287,0.118120151638709,0.168534576265667,0.159554057957747,0.119441829970109,0.10774904094549,0.155936227818513,0.132477421971149,0.109242114913752,0.188999921554765,0.141572984592498,0.14936787672996,0.18047055994615,0.145633138588126,0.140146142918426,0.116991069389994,0.166090065637394,0.117002753911985,0.11990579882666,0.148449019751892,0.168297018159191,0.092256046179369,0.167406860434791,0.214324956364656,0.150402964473975,0.156624932724067,0.198996619127494,0.140345597864227,0.207174136286782,0.119166343543203,0.0957022334210361,0.124175285495616,0.182761850535302,0.118237261294198,0.193072734576827,0.174572797681443,0.248856103445779,0.168092089304954,0.261432224898873,0.197714807723559,0.161000564229653,0.293646458004321,0.241351229978298,0.129155463990221,0.116672228417674,0.131703120844868,0.103521578577828,0.184085412198329,0.164230227421503,0.142000311409752,0.152384148329706,0.181239881752328,0.162591843240053,0.171440906443273,0.106362939219467,0.182328686810893,0.133813717634183,0.2419010235909,0.17300046561324,0.148348393553665,0.226028348939705,0.181145385092411,0.180473846055294,0.145078092843019,0.184594487111293,0.179694737766421,0.073793124312204,0.084384977242082,0.165435390384491,0.160600672376925,0.119200935042307,0.117459357152798,0.153010466083891,0.288829673498233,0.19375490679958,0.135843350168763,0.190880969052584,0.225348550589514,0.152674076870993,0.140945927155085,0.07006606279666,0.11565633152012,0.184759810653285,0.129008063050676,0.123039401368531,0.134619408852515,0.130674972079018,0.0896869198883618,0.067577235793128,0.151072902866737,0.117863630950945,0.0937758581437587,0.17692732676815,0.216681486228946
"alata",0.185335673945716,0.208314740395461,0.195084877026803,1,0.280383506852934,0.156967387582763,0.318825809970027,0.173660817104056,0.157998414508286,0.230360348396953,0.148155006970707,0.172749402230458,0.123700938524615,0.234580051026003,0.238505400374969,0.172225370658849,0.20310621711991,0.264563579398664,0.228379512189378,0.223340623700959,0.239399347155574,0.124664312364804,0.158221971921206,0.224689409979327,0.182578278661446,0.115095324299944,0.220417396562409,0.21866160303124,0.251511601763062,0.23258794414861,0.278664713549219,0.226415291911267,0.35132956557801,0.121113834957247,0.277527605046305,0.174550686835302,0.235095868068026,0.174993713961642,0.213326108329608,0.253592338410309,0.233153970941501,0.228798974685523,0.127447301397617,0.269199502061552,0.173346784565081,0.202998333540333,0.100603352537508,0.203379719174542,0.182512068950944,0.142677613851651,0.164526841802075,0.141320820175642,0.253876451310996,0.23592230974035,0.221520736018046,0.151607956466444,0.211563067458016,0.281674103065063,0.120339732670588,0.24213833221263,0.171038636919291,0.24894902840822,0.296098329503545,0.271388512070504,0.238301593280103,0.235362556414738,0.227020476108903,0.376554298628258,0.178244666765859,0.25240075519215,0.256924122066061,0.116439863958108,0.266089247975588,0.162420667548236,0.215243866462846,0.194315002276448,0.134385206129514,0.210967403367132,0.202261270896223,0.231528049687651,0.18235400835169,0.152889224022492,0.21210174921719,0.267660683315024,0.207501293305664,0.300305809163453,0.237100442692622,0.248227942923831,0.187284431810799,0.238272618164906,0.177308796182836,0.102881439030574,0.0743474062848014,0.195825641604976,0.245086916507089,0.120674688908794,0.229299067545552,0.2398519971321
"alba",0.197795121741499,0.198291049101155,0.160620762371287,0.280383506852934,1,0.169533144805402,0.342374459991927,0.198506416822429,0.153367396217286,0.297026614734057,0.216015638433289,0.27043552979072,0.218821943528756,0.203307554220859,0.219296021964614,0.162993543863283,0.205853760952497,0.271387553758993,0.195670711693669,0.208198589334519,0.227903293174974,0.146701931109889,0.150191282047161,0.251162534008548,0.149051947557753,0.205678552971787,0.197186742000359,0.17643922900952,0.229267551981472,0.186685161778415,0.233150268903151,0.283093240913703,0.301256247756406,0.139199046729442,0.180427028482354,0.155202147033475,0.183790206987775,0.166153936907947,0.198831013059624,0.216809328834235,0.27099423682176,0.222658056500914,0.0775796388458093,0.20386030829754,0.178373667715897,0.15052718126108,0.19434930564138,0.214539270335066,0.270998545532753,0.249713535477941,0.16096462960582,0.101176802866538,0.212838751624744,0.201065747909456,0.177033671407086,0.171941476838407,0.203468059227961,0.251792531223753,0.197435347153326,0.212909441924572,0.225608121808487,0.211498133731671,0.244124289741757,0.23249059004038,0.16834469767621,0.234326566560283,0.193510335689159,0.175454490719781,0.187193238213262,0.199001489401508,0.173957052565718,0.123495706946837,0.232784582354675,0.185957269249294,0.184359148317455,0.179652281154117,0.117433229511982,0.13941550966473,0.163748146253308,0.268101098676895,0.173136596026717,0.15099450707753,0.180476530336387,0.236705294231818,0.0214747778708602,0.101983188619922,0.213233339744823,0.213104303328256,0.235501705862589,0.520532767215227,0.163642023538138,0.249056114726835,0.0571583450290118,0.227670542308772,0.211497497699276,0.246451522622538,0.234460068857933,0.185448340371344
"aria",0.185377142846047,0.187509012061324,0.118120151638709,0.156967387582763,0.169533144805402,1,0.166828872180083,0.331588774049126,0.134850780104338,0.12638721138499,0.127671235883222,0.137024070650828,0.120896123879468,0.158934483081526,0.169610176523043,0.127093826386885,0.154604053943689,0.195127358653828,0.260056063818312,0.210271322994061,0.171231954917758,0.127054821614909,0.117454314023672,0.165203100722519,0.125885374539531,0.0980252175162479,0.155752299011353,0.138122593810651,0.158949579616993,0.1564588820512,0.205895804673729,0.12632983855647,0.192883858727359,0.189507222473623,0.0626706895135841,0.128401041953287,0.134744253779484,0.158812115222098,0.132574783830029,0.154669933181489,0.13440738267574,0.142244540069849,0.084146251268837,0.14724382353472,0.167103494798691,0.0995622812266979,0.0606653301664122,0.316172125094393,0.110878483273021,0.129319173981748,0.188149414232288,0.0728872439842026,0.147067763687338,0.172927401520275,0.115959379085761,0.15683283381103,0.142495346058213,0.174979578128303,0.101539276881699,0.154822306233305,0.136549005864262,0.140948087783012,0.160986004221003,0.165793175978893,0.132601128510374,0.158348635348258,0.20822151665943,0.110738809642594,0.134552926910605,0.169475777870704,0.0545678042338041,0.112387822443642,0.19738260077001,0.149222949929649,0.144390148953334,0.146972734737395,0.0927364035803938,0.103117572480517,0.153166392833713,0.15671374064539,0.116334934315942,0.0827337201668198,0.1553528824635,0.17674962008846,0.0184671840041072,0.063853383014178,0.208803811277713,0.171204360578479,0.159625003389578,0.180076963075074,0.203024460323952,0.101453603398564,0.0493562468770276,0.145931520292969,0.296754846803142,0.101542826778214,0.168111606698538,0.123632061751959
"auristellae",0.200548480308597,0.215493276229559,0.168534576265667,0.318825809970027,0.342374459991927,0.166828872180083,1,0.196874409344049,0.170160911769809,0.187783474811093,0.178154548746159,0.175888358274836,0.125025526678921,0.264804134968943,0.236149623223331,0.21604263426159,0.228012404808446,0.245161111579903,0.23159635722921,0.235686697280197,0.247195163636034,0.132943437581608,0.151981205271482,0.249088675440289,0.204656650736577,0.119314071745186,0.203663410975345,0.201594357227833,0.232353243945444,0.171653586535135,0.267468794718702,0.202393352221404,0.383885525668463,0.147171493155633,0.107054718929531,0.174557993323695,0.171271950602553,0.16312965386971,0.202615172211845,0.228017771547078,0.19678886338097,0.22431512450873,0.106356496166443,0.273295414148259,0.175620272463194,0.16593454085127,0.0808528071170392,0.20888288636726,0.163286775483384,0.123015208022868,0.153397342527604,0.118930877614981,0.256283650725519,0.228197662030794,0.211085933093076,0.184162920045882,0.216157469081699,0.240742002653705,0.155045700845699,0.241471782720924,0.182429998646885,0.20955721770247,0.257490335184381,0.240517722472154,0.196043800072976,0.235560015425369,0.219281792616656,0.176251634791526,0.203875128875153,0.239911462239863,0.0824468058306416,0.136877624449997,0.245151749528291,0.203536852469693,0.180135676601543,0.192685561434533,0.120620241467934,0.156462498016731,0.229412155762252,0.23149092798485,0.196109078195699,0.137634497330269,0.199657527619149,0.25666657051525,0.0377997647105623,0.116515211772927,0.214930731615955,0.231737841715891,0.219614268459344,0.32986648570843,0.190341258287789,0.110466557097742,0.0691548651884057,0.221811377410072,0.212436332568284,0.111688568708343,0.247007110455385,0.192019940203733
"bourgonii",0.252495380763681,0.208999681391738,0.159554057957747,0.173660817104056,0.198506416822429,0.331588774049126,0.196874409344049,1,0.16027635957103,0.148307618154201,0.162429999394189,0.158942056130346,0.10102490273651,0.201179007156896,0.189865559232958,0.148774057996727,0.179197493697163,0.218535354626587,0.295739330540191,0.189542181795843,0.190935227317294,0.139865049892955,0.145557398215042,0.182230304198328,0.11919051737291,0.0941251310420406,0.154590497237182,0.153889977706714,0.180655938533936,0.152934846545123,0.224347410216557,0.1395550262342,0.24047201638532,0.124365547780756,0.0638676538985246,0.125470869388651,0.152098278567699,0.144057137046143,0.141369577602063,0.223710195260499,0.149109272348907,0.189610802282297,0.0911001504958823,0.169737449989089,0.158988588481622,0.130935389855228,0.072110309502493,0.377667200912698,0.131955187149918,0.142508902264511,0.137424398236903,0.0871206440124451,0.20140002254761,0.180142919938167,0.135207229673217,0.14285693646251,0.216309230239507,0.216441677504615,0.0846113307331627,0.168330085727609,0.165698834622096,0.180375758390348,0.166364850691354,0.200090015386681,0.124490592179542,0.17547676347408,0.174711050716144,0.126528204856492,0.192096858885809,0.210822021689638,0.0606032735286328,0.10303999731422,0.202964043892506,0.166579727894919,0.157430800865615,0.165124013542847,0.114468537063661,0.119708141176746,0.212745194190921,0.175613754489257,0.160941261446067,0.0847921396798335,0.171744266544507,0.20459930174176,0.0197330996991013,0.0717581557647719,0.237194212025485,0.204694632719233,0.18583610684158,0.21371297475666,0.205021476678352,0.105431790343027,0.0689848593999782,0.184315712507479,0.316489266797487,0.113853935011663,0.182516099476221,0.124203988045092
"brachyrhachis.aff",0.168651365057836,0.16545853288307,0.119441829970109,0.157998414508286,0.153367396217286,0.134850780104338,0.170160911769809,0.16027635957103,1,0.0961871961690257,0.111921882024631,0.156507956287882,0.155054194881974,0.199468798000661,0.608247971758255,0.176733851565712,0.139650753680158,0.206330585803885,0.205532097761856,0.157986670769994,0.162456079649998,0.186844868727504,0.134366933617246,0.15368398454386,0.117955382074208,0.129596210292575,0.136843685382245,0.131751306930065,0.137832667127355,0.224177941356937,0.209525744479759,0.107821940799101,0.16921771903482,0.149028169901651,0.0550712245324167,0.161452344181556,0.112996094922067,0.210887670706863,0.113353543830455,0.124913852810103,0.118026137908459,0.147813268795021,0.0550615744342097,0.169561213166793,0.155329085816951,0.0900706329561277,0.0661419622352216,0.144120028828442,0.105275553957072,0.0981920278357502,0.116416937286289,0.0886608827363816,0.154410730032086,0.172542518238594,0.117720684730293,0.150147304851043,0.155818460820667,0.135819075755146,0.0783495177336122,0.140174216806718,0.153598082442973,0.154368124226163,0.185295220703802,0.171441404550583,0.0979804894179592,0.144414773503797,0.140367354688017,0.193063209155287,0.143903642198177,0.163705234787054,0.0741121093197911,0.263947418448548,0.166027090161961,0.201131776644105,0.115026120450832,0.137396730045462,0.109301077285933,0.0848073860984842,0.167668897824539,0.362155174131626,0.159839282053823,0.0959512367643254,0.146377159883497,0.144227611148108,0.0208548431856861,0.0763075934843878,0.174883894491479,0.131659988042894,0.133184931339873,0.151340996392501,0.136678740350977,0.099177428831055,0.055320850515447,0.152688457268805,0.124130896185048,0.145062451117041,0.128923650465858,0.164833614370612
"brachystachys",0.160868762936198,0.171375740959564,0.10774904094549,0.230360348396953,0.297026614734057,0.12638721138499,0.187783474811093,0.148307618154201,0.0961871961690257,1,0.298519254565596,0.292336313039894,0.18857613999529,0.170357506158924,0.181041932521088,0.116046753788649,0.150910633627872,0.167091248485633,0.177411722858566,0.287287016658627,0.290851992307461,0.078740199232894,0.116083515962364,0.19659313328405,0.125573602793987,0.234354709836881,0.330498836925008,0.162433459207533,0.333754733435383,0.110673305122723,0.18932694347402,0.430963996099332,0.234166450740788,0.108531571365079,0.270602198689132,0.127212508883809,0.150180991091332,0.129982456226756,0.19398962740854,0.300234397308517,0.429324205656912,0.175070931691897,0.070813419002288,0.168678803247613,0.111092695127172,0.125037115206763,0.280716456445019,0.181354850375909,0.319192672614071,0.250676280745686,0.124370196887796,0.0674770599666475,0.192022097189041,0.38841493863932,0.135515879221174,0.115362047198786,0.169979662298249,0.239422220715397,0.242522646559641,0.272571212951373,0.125762989507069,0.142673281989285,0.145957081300697,0.233334042263868,0.198908351272278,0.180753150280984,0.207934872058293,0.14301482316897,0.138017475763177,0.156759866826587,0.253777355712556,0.103458735198309,0.27019218164944,0.14675270618072,0.232601695782048,0.150222560433605,0.0802889123571877,0.279509077182767,0.127260030223689,0.200503259181435,0.114465520010042,0.104785491886533,0.183366108321081,0.250443635592031,0.019087022503961,0.102171083625311,0.166077217312496,0.259090590737304,0.153938504275096,0.347025542462946,0.148099125673941,0.249649279110673,0.0335499721612463,0.23964731862038,0.332379602453451,0.319384076172327,0.238887844377999,0.136483622270743
"brachystachys.aff",0.123577062363444,0.129301740207962,0.155936227818513,0.148155006970707,0.216015638433289,0.127671235883222,0.178154548746159,0.162429999394189,0.111921882024631,0.298519254565596,1,0.276146452413549,0.193933629336057,0.160518748714843,0.121790807694247,0.137721617761112,0.136504984019652,0.12548642846063,0.134409269083542,0.105664713598879,0.128585099955498,0.0847727528811463,0.0865271178319305,0.119342971344586,0.155522944126028,0.24531753076515,0.109255012933277,0.129090407373561,0.121422164479883,0.0973650140137088,0.158807901425057,0.33867479407591,0.167883655030109,0.117409783960465,0.264301337695306,0.0948897089098178,0.133920716714838,0.110319705160162,0.159906781388687,0.118935455203317,0.364444598687775,0.156352233067519,0.144461097056166,0.162018205707507,0.122423511720293,0.159531329401315,0.297546248406442,0.163721888802073,0.243955247232729,0.246427897891724,0.0881537275473608,0.117714731954707,0.189726040310796,0.125316788195279,0.165378853731685,0.11014953393931,0.142716542465796,0.129057403230959,0.250600939366092,0.11497392519737,0.112346598356657,0.166126520903759,0.150405657729725,0.114094532555343,0.141218393147865,0.150364322556606,0.123219519550281,0.132964200084815,0.122838483380839,0.152496181388562,0.246931550512246,0.0746652135943479,0.126803109592015,0.129784454026134,0.0985871037558198,0.106507546193682,0.121288797766393,0.127806392225736,0.236706961140828,0.10256337211961,0.132617128934888,0.135907267588603,0.105713385984472,0.118332988981311,0.0447886147726515,0.100366014017621,0.148926784843681,0.108883721742397,0.105725729803102,0.23491846261866,0.225008245026352,0.307233360821146,0.0477649130910679,0.133547253994193,0.116626867920936,0.290931682160571,0.137343442385935,0.145247745788044
"brevialata",0.15520618682176,0.166239990054856,0.132477421971149,0.172749402230458,0.27043552979072,0.137024070650828,0.175888358274836,0.158942056130346,0.156507956287882,0.292336313039894,0.276146452413549,1,0.250998721201128,0.145805205716339,0.197773916098942,0.129376348801169,0.159606509336517,0.195315328339772,0.186441903666128,0.153090563713781,0.147509566928079,0.144246403629004,0.111629783665545,0.141564470520879,0.144480704334939,0.256691470286805,0.138187700230349,0.145294642111697,0.157276869206811,0.148592460028378,0.195709773024472,0.283827216579157,0.193389337972186,0.0925072328114922,0.205143682398675,0.149399473131712,0.119008489071969,0.177738917449818,0.117587509698075,0.155150893496623,0.272336232483777,0.17739477254226,0.0873488109268025,0.169280693778142,0.15482894303071,0.116151204954449,0.212501353544977,0.148134330568641,0.290421824394074,0.271888692844572,0.136341747186955,0.0875282002069435,0.141683640473214,0.150294461914255,0.120274167604979,0.134000734989447,0.14283661438055,0.175221224086194,0.189172303165785,0.129989313362001,0.137066837483177,0.144150698735137,0.143824873997921,0.152127131820738,0.121076670948079,0.202994710371191,0.155198975303955,0.108552460959842,0.120551696561186,0.145487232410716,0.209820082620471,0.110486969840621,0.152365325686505,0.141543422537735,0.124674162456827,0.128225832921976,0.121788757465858,0.104244305591607,0.162869418414333,0.14923176988287,0.157296589780576,0.125052772420015,0.118316957937886,0.159153193146726,0.0174404631547923,0.0773915797062021,0.149197739837446,0.135883124233974,0.142451372082108,0.280346140479106,0.163787522911522,0.283957275877087,0.0455699150863932,0.132189825156364,0.160723328268753,0.280925818369518,0.180842618225105,0.136850923347579
"brevipes",0.114555822863826,0.117993808721964,0.109242114913752,0.123700938524615,0.218821943528756,0.120896123879468,0.125025526678921,0.10102490273651,0.155054194881974,0.18857613999529,0.193933629336057,0.250998721201128,1,0.124150290169465,0.152044094892629,0.134930220410565,0.1270867809882,0.137603988640753,0.151993797275171,0.114604416603223,0.10502037908826,0.13622606027745,0.0954377116725788,0.114198962073228,0.113916131832776,0.190282151970649,0.0822446610241856,0.108699418030443,0.11996730779701,0.167142378098943,0.159866053359013,0.197924494031079,0.131043461571042,0.0933957973303266,0.147542827634187,0.118253033150899,0.132349428620949,0.157916305827198,0.11487370436611,0.111956540668928,0.20377449670056,0.136164469034426,0.0610064072417471,0.131350210386152,0.121666585428178,0.0938298706111951,0.165960755349333,0.105917594196393,0.186409530305613,0.190760598097717,0.105418738028712,0.104130913417795,0.122553391790406,0.112028229450056,0.10591621694537,0.127806046367716,0.100527325194858,0.126120112415065,0.188230995729097,0.100752557486464,0.120206362801072,0.131142316677135,0.116621387837064,0.11604102203201,0.0934135408747531,0.124616248751867,0.124216741142717,0.100792572150765,0.108061181440196,0.115736443822505,0.174400309300154,0.102963515835147,0.123487478890685,0.131711797131921,0.0842089901771923,0.100535396568212,0.105682137730335,0.0825278990245663,0.12135419505253,0.102327594767099,0.174908502001965,0.122460030086173,0.103814586928419,0.0951924175834424,0.0247990929450217,0.0670848798797425,0.137093540263778,0.090644926272611,0.101215179314786,0.217664980013208,0.088665278893885,0.206146580966924,0.0423585061571909,0.10808566998644,0.0831006377375386,0.187788740646925,0.106033752495199,0.113786131340482
"capitata12",0.208298079022182,0.219787472970092,0.188999921554765,0.234580051026003,0.203307554220859,0.158934483081526,0.264804134968943,0.201179007156896,0.199468798000661,0.170357506158924,0.160518748714843,0.145805205716339,0.124150290169465,1,0.233354666796393,0.394014562572261,0.214617458097116,0.247313775937886,0.218241551648436,0.216305479516081,0.238378712458764,0.168414572871611,0.145607236609503,0.242960266656895,0.212654610598122,0.105830417706952,0.196467419066933,0.185647743116344,0.220674937280692,0.161831057193786,0.262868087142094,0.192232441283346,0.273845710636734,0.139785137802394,0.0951612964229101,0.200350189751636,0.183714616175261,0.159320675128985,0.203116639051661,0.215305352795907,0.155503144870724,0.201557093022932,0.0853091992621964,0.319250351382926,0.189437133484073,0.13967768596569,0.0731069996195564,0.220956695742814,0.152522417811841,0.166671100182004,0.143346394627331,0.097340685410442,0.230963476407555,0.291899888001331,0.20357155541282,0.181478678214027,0.201112709681686,0.205354470732089,0.149461911141673,0.2484702363847,0.181782444720269,0.194167609287609,0.232502170919161,0.196850385071387,0.189743543303284,0.204920476168961,0.241649371607386,0.168064311093104,0.171106890626851,0.195487464079907,0.0780846749428385,0.137649848647216,0.253073331610777,0.185221522348961,0.190433627841604,0.217853983302749,0.14089669449035,0.147372923883333,0.198616045855438,0.264227082617888,0.169549020162476,0.110836668242806,0.203102977488559,0.227242543763762,0.0382035357833352,0.105264275640203,0.193712900422071,0.194317886904092,0.152214046751666,0.202953457094165,0.160677504908056,0.101692239040301,0.0574065656737965,0.217918449813213,0.206358007636083,0.103329770413868,0.202440332478587,0.232392338713877
"capitata33",0.21475574368211,0.219295373478,0.141572984592498,0.238505400374969,0.219296021964614,0.169610176523043,0.236149623223331,0.189865559232958,0.608247971758255,0.181041932521088,0.121790807694247,0.197773916098942,0.152044094892629,0.233354666796393,1,0.209426644280933,0.193665604846,0.264087468357002,0.246395391984806,0.25825006740285,0.246631133711214,0.180336055014393,0.148587461955761,0.221991343699544,0.165409634447056,0.11887648489369,0.21884893113821,0.188182967401966,0.219334404975938,0.262812094860869,0.286034552158476,0.181244946885973,0.282314163577991,0.150016440826967,0.0767595461882988,0.231869680190642,0.152714986234693,0.216510117995409,0.160137864988695,0.250004775089221,0.160654087143377,0.201485246224267,0.060775787451585,0.189410470641325,0.177891999225815,0.12067842068681,0.066495754316217,0.201631433903357,0.17004970885165,0.137861332204008,0.156699522626116,0.0815181907441279,0.225515478142315,0.214364413351611,0.14932008539286,0.177104147818426,0.178662526151759,0.24320691940057,0.0856056768226999,0.227415259689149,0.185979098590947,0.210022357979956,0.176941872237153,0.238072540200395,0.160551180583991,0.181789797851022,0.219385305186225,0.243882288475795,0.190642167078506,0.208608094243618,0.0875011678491605,0.286982303733011,0.234339859898819,0.188084188283649,0.186648855830513,0.17282751667231,0.123541536833043,0.13197135074469,0.161068219925068,0.382240721718181,0.171517562339606,0.112483608555839,0.209344404865373,0.278137336300673,0.0241332403349949,0.102100601158918,0.251022553278648,0.242998465388816,0.1819266050339,0.231690647384674,0.164165533148879,0.101938595801632,0.0592246000600621,0.222759318790785,0.25550914721453,0.12757373741359,0.211001854459157,0.168799529797451
"capitata35",0.149434769927226,0.191178495834042,0.14936787672996,0.172225370658849,0.162993543863283,0.127093826386885,0.21604263426159,0.148774057996727,0.176733851565712,0.116046753788649,0.137721617761112,0.129376348801169,0.134930220410565,0.394014562572261,0.209426644280933,1,0.17345733347221,0.195596309978773,0.178176061173693,0.153142126835169,0.173805274151537,0.124533617182923,0.130973992122312,0.196305678530175,0.185801942158791,0.104332653004065,0.138627494457141,0.13813843116367,0.145668776349234,0.156436260162134,0.17889450250574,0.18135834217554,0.205905726978685,0.127495995171687,0.102351112654268,0.14688098876548,0.144110648957468,0.148803388207611,0.157906237878833,0.161112474005869,0.12388295432215,0.129877935656538,0.0776110271823432,0.166823880133338,0.204994749686358,0.120227085872509,0.0764617491356647,0.174106907493654,0.122197741120806,0.129521986087623,0.128846015731054,0.12266304370195,0.179765232225751,0.147571262666241,0.123048646936212,0.149669159497149,0.185844832121376,0.145000624620521,0.108130892821967,0.158056246328075,0.154842280272045,0.149853030460706,0.161887918652508,0.149483378227247,0.123150069195873,0.187646850013081,0.170497672934691,0.144780933340053,0.150457232865483,0.172827869820073,0.0623872178115879,0.119258691436652,0.198166103466057,0.172883091557771,0.133582833622872,0.158810570577372,0.122488451607012,0.114183634167516,0.160755336557446,0.141122860990761,0.158533108196572,0.117570121488268,0.148055838377482,0.15041287947719,0.0366535246616643,0.085963220995929,0.144610733494044,0.139956852579602,0.132278383624227,0.148243068050713,0.135371979805264,0.0907708319078968,0.0544348089771466,0.169736398213484,0.126376261745608,0.100854559575523,0.150268550409708,0.153853987133642
"cayennensis",0.212614519286574,0.196698143507722,0.18047055994615,0.20310621711991,0.205853760952497,0.154604053943689,0.228012404808446,0.179197493697163,0.139650753680158,0.150910633627872,0.136504984019652,0.159606509336517,0.1270867809882,0.214617458097116,0.193665604846,0.17345733347221,1,0.203573440822158,0.179109601514397,0.21054755772109,0.178730371695556,0.170860599731911,0.140400121621471,0.226949101727918,0.184982450059113,0.0986048485850143,0.159621260022518,0.206839204259888,0.224931346785494,0.151857010077404,0.189771037516387,0.149356426345806,0.274223604464346,0.133693399299215,0.0666464896883772,0.137826566166344,0.154894647739991,0.155939708128997,0.184185552621575,0.194970067222036,0.170517648708674,0.240454422137804,0.0846494623034827,0.184160614539804,0.175184592360656,0.157888938746127,0.113929937642697,0.159050477280091,0.15161694438256,0.149475756161408,0.218389200214136,0.114234897127048,0.184705037199715,0.200222121598261,0.151166566698935,0.152651472839787,0.185241005701991,0.256793761419362,0.0956771577991408,0.176578033469831,0.163887552401705,0.191277557334393,0.183430811508865,0.192427466242988,0.149934084112208,0.197208121987131,0.164596241457433,0.157000304099812,0.161108256182328,0.170320144690903,0.0587467350366221,0.127885706792203,0.205426845000542,0.176438022065704,0.207102520253203,0.18089938278146,0.139467333922691,0.126295116825425,0.191966460584237,0.243301006521391,0.155231713619629,0.103472169920795,0.157619701499678,0.197826900537621,0.0232728116990156,0.086616312418876,0.183999202159858,0.163359694938232,0.171974313058982,0.174627603644632,0.140836879874564,0.116220732183298,0.0568386030103452,0.201203292747499,0.168181635327445,0.0978688237659638,0.184135354572139,0.153978465781596
"chartacea",0.223336826673769,0.332907304781963,0.145633138588126,0.264563579398664,0.271387553758993,0.195127358653828,0.245161111579903,0.218535354626587,0.206330585803885,0.167091248485633,0.12548642846063,0.195315328339772,0.137603988640753,0.247313775937886,0.264087468357002,0.195596309978773,0.203573440822158,1,0.236669274848634,0.204494903053301,0.259444949130046,0.18780794176167,0.162977792322145,0.263519709041439,0.14825065818338,0.125924517922,0.235023621001125,0.187931138291678,0.233577070687085,0.199992438871378,0.259388693362421,0.198081833519078,0.29186836616355,0.219594162382813,0.0705595039903382,0.177638354104843,0.163829624374956,0.254484888696932,0.163880552626636,0.238145490970544,0.176958514087826,0.223793681862734,0.0814155323785178,0.213262915280004,0.211744961921103,0.141952650698591,0.0681658064301401,0.287098756094482,0.155068312470969,0.155393709484853,0.181808628602152,0.0992489575618177,0.190191040393789,0.264246234851776,0.213861479570763,0.231273684432261,0.26543559577791,0.258146418618662,0.111091285082252,0.227106347365613,0.215861997402539,0.21336305690531,0.220908290221425,0.237386823058081,0.167175266327692,0.267307473156019,0.177988554469549,0.166635627768191,0.210951617015989,0.225790044236566,0.0755748198408407,0.139523595100052,0.261179439864463,0.250709057871755,0.184845446008898,0.199467715573777,0.133177033367381,0.130203243207823,0.239912833129914,0.287720369899353,0.146899908690283,0.116734033673328,0.186756028641009,0.284825526015412,0.0201087782035597,0.0990105688215584,0.206608762452535,0.225663574662733,0.229599079771224,0.233333068541987,0.214945573149604,0.11188600727538,0.0535776659158887,0.219339880604404,0.21301341375411,0.130976652699079,0.207438736396,0.16765253506386
"cinnamomea",0.225716988326821,0.239546016046354,0.140146142918426,0.228379512189378,0.195670711693669,0.260056063818312,0.23159635722921,0.295739330540191,0.205532097761856,0.177411722858566,0.134409269083542,0.186441903666128,0.151993797275171,0.218241551648436,0.246395391984806,0.178176061173693,0.179109601514397,0.236669274848634,1,0.205594141660555,0.219654618283478,0.171025152041669,0.141278810914395,0.192160775430094,0.125389553912605,0.11706403428353,0.228650351983828,0.166662674022431,0.199244400731106,0.180912921697033,0.297443293844776,0.166054415529631,0.26332722724165,0.153283027894836,0.0867751025957175,0.193096795701272,0.163157617122313,0.292648036538905,0.176194068428182,0.20469260996362,0.156248205933988,0.224360709913694,0.0884677951710031,0.20143547110193,0.184623731375407,0.143460778586674,0.0722652709886972,0.318931257606956,0.14217761918515,0.14355740688334,0.131346129102109,0.0870507136240139,0.194959680252464,0.239106419042259,0.16169888617947,0.160423609570942,0.21613726371772,0.228668748817774,0.0855793653786883,0.195559880960929,0.234227549107069,0.183125232515706,0.203618209440397,0.212141893743851,0.161162122158821,0.197410782758929,0.198092310879712,0.138659348336702,0.248421737050378,0.187568884816019,0.101040846526721,0.124736314419768,0.230806220700812,0.209344171320002,0.16019600859393,0.160149326171364,0.125691031826027,0.131094981669927,0.205574164242356,0.213038054931205,0.185242069830854,0.098335104078197,0.19204688927345,0.187196315067422,0.0304668572827846,0.0932644114215962,0.20508354953221,0.189253618709973,0.184820929530495,0.219516541544127,0.200215639425274,0.0860872912645312,0.0612864322625493,0.215745576966264,0.32052868921532,0.116569442433211,0.219388675608262,0.150827382803093
"cocleensis",0.21265932004877,0.183032394309681,0.116991069389994,0.223340623700959,0.208198589334519,0.210271322994061,0.235686697280197,0.189542181795843,0.157986670769994,0.287287016658627,0.105664713598879,0.153090563713781,0.114604416603223,0.216305479516081,0.25825006740285,0.153142126835169,0.21054755772109,0.204494903053301,0.205594141660555,1,0.316359968724323,0.129475910588606,0.134741273081827,0.220335686155605,0.173706978888775,0.108074900857901,0.237077605056107,0.177188809362905,0.303064341894757,0.139303874601349,0.244221097091544,0.170618217704668,0.246165338980358,0.14423462810191,0.0967999085058227,0.196221133559595,0.128257996244764,0.176968125392293,0.189369668247361,0.270556967302255,0.22768371645371,0.181485626841871,0.056617919449094,0.195029104853538,0.14460086196634,0.110248586070674,0.0590897474020566,0.222584364261301,0.17141898458079,0.124955070193759,0.141567338301694,0.101762009756983,0.217697505528591,0.358080174872085,0.143740043466544,0.169388613504475,0.229708819617163,0.217062065295247,0.0804998356024406,0.21495494105389,0.159546096646229,0.177293065787071,0.202881124904637,0.211842391912788,0.176388994507007,0.18192347679512,0.231587626507385,0.140130613842058,0.164729510977542,0.166265520672999,0.0599855045219359,0.138478505925834,0.260903329198992,0.167934328873842,0.211915196341369,0.202400279399789,0.0998179086289088,0.18745622244395,0.141406654017883,0.248957394887439,0.154869635974635,0.098190551675783,0.18923118529497,0.285457523387637,0.0173934185292517,0.094746392831325,0.181365864034896,0.247711101096162,0.198753094987707,0.246152833914366,0.178119438280373,0.100431422942846,0.0441219785246494,0.275269483925495,0.386226791617417,0.114526178006429,0.265769715849772,0.158144001989007
"cordatoalata",0.221612119628519,0.205381981158913,0.166090065637394,0.239399347155574,0.227903293174974,0.171231954917758,0.247195163636034,0.190935227317294,0.162456079649998,0.290851992307461,0.128585099955498,0.147509566928079,0.10502037908826,0.238378712458764,0.246631133711214,0.173805274151537,0.178730371695556,0.259444949130046,0.219654618283478,0.316359968724323,1,0.143607945070838,0.140178301586576,0.244547605604962,0.17507711910997,0.0957770304727893,0.316546243703575,0.207912037869139,0.308737281177217,0.144281797364628,0.2443875610892,0.236778113826267,0.324489166301385,0.160805796584546,0.0943184672337579,0.166066706547998,0.175518046100582,0.195640618981179,0.210663281631961,0.32949983098893,0.240233754988097,0.203686095119323,0.0882957685143357,0.185230883258161,0.229111900201691,0.14472826534706,0.0713411641462653,0.234139535627139,0.204074501378706,0.103192798399183,0.150713718870178,0.102893683408231,0.258817624953658,0.369717008038953,0.149349939733464,0.225750232320423,0.223186038583379,0.273386385163394,0.106530728655287,0.325482689485968,0.217721903205064,0.189375737983764,0.191676626219709,0.23476602690039,0.212527131262286,0.194168674242369,0.225077750689071,0.164616248439746,0.206028949409139,0.235633703727083,0.0771675570739505,0.136495361212587,0.35043307460363,0.200553993308469,0.291335717656623,0.223747327873806,0.113587239991953,0.194506914001171,0.189501769152608,0.297297200096955,0.162641344773965,0.116982694752003,0.204561771306213,0.321778486214916,0.029492476151928,0.106844656003075,0.189587302486829,0.286773215489962,0.160099033048634,0.255108806390747,0.160720626865976,0.103299052011122,0.0499598067099231,0.316005771059327,0.320037441099437,0.103567120445718,0.291374577717504,0.206693892254668
"coruscans",0.169611249846879,0.169267204115525,0.117002753911985,0.124664312364804,0.146701931109889,0.127054821614909,0.132943437581608,0.139865049892955,0.186844868727504,0.078740199232894,0.0847727528811463,0.144246403629004,0.13622606027745,0.168414572871611,0.180336055014393,0.124533617182923,0.170860599731911,0.18780794176167,0.171025152041669,0.129475910588606,0.143607945070838,1,0.26817620250567,0.145035153832505,0.112748735529467,0.111333205439071,0.122109231153289,0.115953798887039,0.147282568505547,0.141499102602632,0.172341679343545,0.0960590496199812,0.162080111838564,0.140755290624783,0.0962171183308944,0.146749307961369,0.101578404512614,0.162448905326182,0.106246279748445,0.116725747698616,0.0988973504678098,0.165216632971368,0.0507249832813211,0.134202110612224,0.135693102500377,0.0980958765005342,0.0546903618846388,0.135394769088769,0.0873173558999111,0.0889915639381945,0.112394383257185,0.0835187953580045,0.191912937851923,0.125331385896608,0.10351658936153,0.14993247482286,0.146364381627401,0.148077387914568,0.256375831917431,0.133416211482777,0.154127434621033,0.136417510869958,0.137952948804042,0.150663508417684,0.0926039662964724,0.129342070982029,0.114907672859197,0.103841092075509,0.145594477368307,0.184289096900153,0.107365303325204,0.107490451487702,0.142198283968481,0.175356657670628,0.110818089595938,0.219979846669872,0.126341616878818,0.16128589009523,0.155343602587509,0.162044612150327,0.174119917142479,0.0838128922358025,0.099054001542518,0.133365159995548,0.0184185602463186,0.0663262087117353,0.124616303368196,0.260977561000661,0.113235309384369,0.133592333972104,0.106682784456879,0.0996687904315825,0.0674636077612587,0.157699225821683,0.113060809593814,0.105923479144812,0.119230453421752,0.120734061240481
