"","acreana","acrocephala","acuminata","alata","alba","aria","auristellae","bourgonii","brachyrhachis.aff","brachystachys","brachystachys.aff","brevialata","brevipes","capitata12","capitata33","capitata35","cayennensis","chartacea","cinnamomea","cocleensis","cordatoalata","coruscans","cylindrica","edulis","fastuosa","flagelliformis","fosteriana","glomeriflora","goldmanii","gracilifolia","grandiflora","heterophylla","huberi","ingoides","jenmanii","kursarii","LA17","LA41","LA48","lateriflora","laurina","leiocalycina","leiocalycina.aff","lomatophylla","longiflora","longipedunculata","loubryana","M18","M25","M27b","M30","M71","marginata","melinonis","microcoma","multinervis","nobilis","nouragensis","obidensis","oerstediana","paraensis","pezizifera","pezizifera.aff","pitmanii","poeppigiana","punctata","retinocarpa","rubiginosa","ruiziana","sapindoides","sertulifera","setosa","spectabilis","splendens","stipularis","striata","suaveolens","subcapitata","T18","T21","T29","T50","T51","T82","T85","tenuistipula","thibaudiana","tomentosa","ulei","umbellifera","umbellifera.aff","umbratica","velutina","venusta","vera","virgultosa","vismiifolia","Zygia mediana"
"acreana",1,0.261763469667675,0.23106379477177,0.259101937541637,0.171652946674423,0.230523315920666,0.219886684460178,0.234282117860729,0.206568068914322,0.188041573290723,0.16750196687584,0.188287182351235,0.0882327404907202,0.231173069065999,0.297119156375574,0.248196466410286,0.238803274054938,0.23357906259134,0.21440782245902,0.112350405495449,0.248552411330105,0.176878831673114,0.235360291088211,0.204392033682106,0.257896041411137,0.273555556998196,0.174124870282975,0.214580827790891,0.266816443874624,0.148717994510564,0.33043168090307,0.196127163005096,0.289971576254922,0.114778698267837,0.184894459157669,0.211560876746182,0.152033290601375,0.120965656816625,0.216513162395268,0.155381076865869,0.239140580718519,0.224183345948414,0.175928881447523,0.223592377708601,0.219811526546483,0.21442824028106,0.246515319392256,0.261883554150469,0.16379385571297,0.148317252488364,0.213863243974549,0.2242945019521,0.184498430935475,0.220679442199073,0.106912438363686,0.149698675092873,0.250150580304047,0.222635102849278,0.169793948198198,0.22213227928306,0.118585549148269,0.314145158319159,0.202502708803195,0.239455067786261,0.235295700461266,0.306956338879313,0.145536696858659,0.280244279307381,0.133847131760196,0.198462908856612,0.145232776275953,0.201996037802105,0.270332136128296,0.189256056442207,0.241177737717016,0.206883592959644,0.137477863426922,0.228077873642444,0.208427408190564,0.343756991810485,0.204990728423049,0.200730210239861,0.171811185877672,0.241070796704513,0.128074519784977,0.144214774484516,0.281109339348479,0.258615796954916,0.0831972541904625,0.178432618071938,0.226014333912564,0.141964731996031,0.203926775934859,0.284792666720405,0.11809169771966,0.139468972895761,0.143020149005632,0.178265461421032
"acrocephala",0.261763469667675,1,0.287974846765572,0.186651989824047,0.129749281701252,0.336172225604305,0.289146183515323,0.32111225184551,0.245574173089381,0.0731809248859004,0.120056647589097,0.294246830437853,0.101862083122817,0.175061235962895,0.247893008947573,0.197760641054111,0.199185650130184,0.276369017801929,0.191066160292123,0.162000181502263,0.255247837848601,0.2172546692364,0.204499295883275,0.209979459484029,0.270122679627343,0.173719919447745,0.202574760955084,0.262642809960847,0.17562465269542,0.207293196844771,0.201614291619095,0.184119243903577,0.354128638798925,0.0740882560685225,0.221619452162115,0.308767116967688,0.190748618596532,0.136348098064961,0.104395491349496,0.275614168787628,0.190650074056038,0.352367449272631,0.193068635244184,0.192100114906438,0.230264016493615,0.230404297541389,0.261682386240405,0.317319402218286,0.149117225351647,0.146349943511243,0.163639751514388,0.232001862819362,0.344034481696606,0.354543087292085,0.112106700028004,0.147754487328653,0.240253786793885,0.286725469001445,0.149184407775306,0.188755023439609,0.144464394583969,0.30971301570036,0.147196400019578,0.257728585593867,0.268903079286228,0.257016870163579,0.152673760516283,0.26728942611033,0.145620984248466,0.271650992763898,0.159682116127394,0.301202250754241,0.305249257248282,0.127810557946482,0.206049299762287,0.172474154248474,0.195890117754746,0.325398456356919,0.186606020043435,0.202740076717797,0.190633113839207,0.235282607633114,0.140822541670353,0.24261498869368,0.151080988784841,0.12488574466402,0.330975267063031,0.186073859805609,0.0606896141385801,0.16100939719365,0.192490400409161,0.128928384823523,0.24820186747574,0.308571419335025,0.123387973324167,0.081522482413799,0.162769226073893,0.181072053958362
"acuminata",0.23106379477177,0.287974846765572,1,0.186928791380666,0.126885565230646,0.293456203497226,0.270829291773882,0.241821250994207,0.272405028045506,0.0623858249381447,0.122950312340378,0.225577688478749,0.103470229775123,0.162944461356003,0.262252894144354,0.177908433229222,0.185601334789209,0.266780982804352,0.231372471276624,0.103655714962779,0.243595156033809,0.214533828365502,0.216122515921311,0.185937623125417,0.256496945550863,0.154384934142671,0.213531645024545,0.272410051245379,0.179233087593446,0.17278753735774,0.192798719427587,0.184353674280991,0.353815365525304,0.078945203286245,0.255621854503345,0.284832613265348,0.173101636915989,0.130751479908473,0.0810395815389516,0.222373238729606,0.206439132485317,0.241212734968256,0.180361574276833,0.196645129416825,0.235350299200645,0.200170850802435,0.229686415749298,0.316947379785236,0.147875329809958,0.1274548179162,0.175403115632285,0.25660356580261,0.21448328256831,0.251784973597643,0.135779564371261,0.129817119516388,0.269833645516154,0.285355510340094,0.144549805636513,0.205196781716184,0.140905470931259,0.275090535919037,0.162723687162035,0.275929843114009,0.31131927674929,0.247243824966907,0.147637145608106,0.244037869147282,0.149230958463411,0.227434636883394,0.170278695629549,0.281363617566097,0.310453926971868,0.116678923613749,0.170828230691383,0.162191108403435,0.182593873922708,0.239219762643526,0.166900094264108,0.17624669932248,0.189888703497052,0.219482462318496,0.14592955260142,0.226301322821958,0.168722234395881,0.129756660134165,0.243800796587576,0.150339016900626,0.0624210115652494,0.188853229941981,0.191894672616946,0.106452155794037,0.263939700998285,0.238419951249636,0.138633285913425,0.12856683550209,0.167955570371018,0.178880489968288
"alata",0.259101937541637,0.186651989824047,0.186928791380666,1,0.218707352202425,0.151498447849654,0.190853767660468,0.243466689209457,0.24790960679731,0.187402239136246,0.156471820923477,0.158472956599903,0.107934038880858,0.245232432724121,0.235646058665602,0.23075028667372,0.202442647711389,0.233493334590034,0.19132211329101,0.136435884145916,0.22168953596942,0.158217817052344,0.296051369683844,0.271511356738652,0.232411370859746,0.22154101850959,0.171199788501781,0.18501775391377,0.277694432283109,0.159464808225653,0.258589964252402,0.169497776195614,0.233525579293749,0.108999088387111,0.164055129344429,0.173097929075226,0.182789691490918,0.141009313994476,0.150451346028733,0.119621788846789,0.179923699429359,0.224301037126075,0.1739739627116,0.225693566078398,0.292664645312834,0.200742738494795,0.180101181881068,0.172775505884988,0.163916400777246,0.17194095159396,0.191677447053021,0.187601441226906,0.21866615688815,0.205875945552834,0.122395438632718,0.154602090797106,0.206234717749753,0.174641123397883,0.190831787216233,0.198894180506492,0.188559199822455,0.235100667066793,0.208525997923566,0.215610734999828,0.192039116956629,0.27176897131868,0.162744545317115,0.306980148217793,0.161515684946323,0.212504513142424,0.180002179842963,0.155397765715225,0.227972206538337,0.166964358842906,0.218122696575337,0.20233603003352,0.153523531702039,0.177316766492702,0.208915855406139,0.288186411370778,0.220883372066712,0.233863275925246,0.192550428537297,0.185136599794666,0.136060337051897,0.130817293806698,0.23246296004973,0.198760712415233,0.0983714413905766,0.206744886850981,0.175552646975354,0.155309624466722,0.175123017432704,0.255197335328221,0.145570319016378,0.132411569976623,0.165109250664371,0.214465650288231
"alba",0.171652946674423,0.129749281701252,0.126885565230646,0.218707352202425,1,0.0961538950217914,0.145040529705499,0.154415369866479,0.139846464614434,0.204139471740527,0.22373829485742,0.207820628549564,0.171803484204877,0.174562140516201,0.16405029919705,0.154267402296586,0.148076730399501,0.168077947024085,0.144179281763952,0.114178955030841,0.159910421297063,0.107393126977638,0.195088183729033,0.174925052276347,0.128247472970809,0.240098722409925,0.109566206082049,0.14899262755858,0.154948077214663,0.108663274776676,0.175138570989845,0.237837929137479,0.165364084376845,0.101616272391071,0.231896975437669,0.111239073609083,0.118042728496641,0.0921737539343564,0.119458474982954,0.0806982686323736,0.265679633292411,0.170690479880018,0.134097983325535,0.264036692198288,0.175104117251365,0.157047425269539,0.234955790579872,0.117260778814192,0.234060168609782,0.234714681304362,0.14046663086771,0.133956746613233,0.158248150563693,0.113206213417366,0.0946679938630313,0.117803869784061,0.173844762374086,0.108102707193382,0.246034695771443,0.137869984406237,0.194840885492445,0.14542819091657,0.176785979774988,0.187485546159884,0.134450430033664,0.162552721298031,0.120999989704831,0.165761547647303,0.152105659877925,0.14766482351477,0.265730372609078,0.0919224572326279,0.132497378028073,0.148885040885141,0.154715177299283,0.156952854861041,0.102029183470329,0.100193407868134,0.13339124636811,0.176562386467487,0.165780742661008,0.203480762063882,0.133844242102486,0.153005770645488,0.105587118723883,0.130409333618695,0.188156746248604,0.169163594469909,0.085313378746263,0.260493660925273,0.231849620063427,0.239416042967829,0.109636267024744,0.236814339946077,0.0984385070996842,0.201912469128907,0.106976600425312,0.194507103521719
"aria",0.230523315920666,0.336172225604305,0.293456203497226,0.151498447849654,0.0961538950217914,1,0.20385693400742,0.254693373710914,0.241074018977999,0.0460282215227366,0.0998926285923706,0.256081942096926,0.091228242403394,0.150348578468214,0.199653909351938,0.140079264565272,0.184466624171846,0.225636859901292,0.14405378741208,0.082733361316432,0.224558912115999,0.193495392944392,0.17204803119075,0.163093491830104,0.240933459235966,0.185802045236554,0.159059977257223,0.297064354702889,0.136684147584397,0.171474774476362,0.202815566538087,0.17723115392007,0.345280747486055,0.0574915493478715,0.198468606333955,0.244794220060587,0.155473279339225,0.184746762429879,0.0607494104236451,0.225976250040439,0.184155012429355,0.187636233740511,0.163320274858247,0.147158343951655,0.172586577016034,0.202988679890301,0.253884767910419,0.353985148321617,0.109196436688944,0.10605053271169,0.138280397137452,0.186616154563491,0.173101068192864,0.259320436443167,0.0904293259129083,0.119116313336443,0.193457729649069,0.214500169217477,0.097928425097087,0.163891892913938,0.107164942450348,0.300593571956736,0.0992737415904435,0.252713432687681,0.257043933308802,0.233613342056559,0.11068988080486,0.219594069963892,0.107266310146515,0.194698854602065,0.120423735727349,0.368460744536168,0.281228757483484,0.0912686039817713,0.164150488034039,0.115300890271794,0.184405171393741,0.332295506138149,0.155598558136915,0.15753944878202,0.15437265382569,0.150219997887811,0.126654404726929,0.186878716472871,0.13608928441821,0.106024447326372,0.2806289048838,0.133567250996648,0.0501270985609924,0.115931908500245,0.188363229065902,0.103490214738302,0.265990051203052,0.204296736802267,0.115530854401605,0.0613207112250775,0.147561687963557,0.126086088368518
"auristellae",0.219886684460178,0.289146183515323,0.270829291773882,0.190853767660468,0.145040529705499,0.20385693400742,1,0.240719656784142,0.253777131717886,0.0907250437170743,0.116521681430681,0.191283621226285,0.103602700551341,0.178151350921648,0.330243773197755,0.175447445906148,0.178677243494466,0.286285146606355,0.197632891143473,0.132793310686923,0.23450023324416,0.203551725440227,0.209628713322218,0.195539199557447,0.228940849754021,0.170281560697063,0.209460250849478,0.2702882711852,0.209696790373961,0.26698396977608,0.203830427277709,0.188560424453325,0.315785290740581,0.0796121769655193,0.213007717207278,0.232992415286111,0.143656264929435,0.120449708169962,0.0812894878817666,0.260129995608114,0.204976457610026,0.274621809084948,0.17025648281427,0.196533062918236,0.235236777687168,0.172915092984579,0.189221606899165,0.226505513875216,0.183216533513799,0.151443396798011,0.173788590801683,0.226256627687089,0.229416016660081,0.261296210008411,0.119452419251597,0.148922250901033,0.259040048000996,0.248465232175179,0.150695722894175,0.18912623599196,0.197918427707834,0.256497343208595,0.171920014827038,0.228230241973617,0.283367243084742,0.283783531258236,0.159381853595705,0.253814310767835,0.127353370482519,0.321635905217221,0.181716626679289,0.204994093520432,0.241827411384721,0.119633615864879,0.17657735821372,0.245828713428527,0.263227702917105,0.232586509871368,0.206925615032726,0.171799789622819,0.20251230211899,0.220000292061943,0.156451734372993,0.209509383062635,0.161606546905771,0.134926816829101,0.248136060076988,0.172866067697669,0.0584406921454169,0.207570157076189,0.148931361998341,0.131342512365544,0.2451549842482,0.206171947985155,0.156083477059833,0.0873407173053072,0.16816208431867,0.208347768298723
"bourgonii",0.234282117860729,0.32111225184551,0.241821250994207,0.243466689209457,0.154415369866479,0.254693373710914,0.240719656784142,1,0.249213260943998,0.0950725900075401,0.126760724751604,0.230484634142628,0.112102439205221,0.234229521115098,0.264295752238499,0.173746713038576,0.162714077034047,0.300514786527826,0.189400802183491,0.136100833009578,0.279193524256931,0.203719910446087,0.238663200582308,0.207647258573378,0.310839589325427,0.17371666495278,0.225173373937991,0.28775401470127,0.159857301722096,0.24976858809557,0.221778400942639,0.182659045557452,0.309841218139821,0.0765929909697748,0.191586553477562,0.387308385816325,0.155923844670966,0.122514714307765,0.085010851351608,0.262206911697554,0.191291829341402,0.246221968623259,0.170714215918596,0.17525423139429,0.259082336636838,0.217167930985949,0.213023383009455,0.234185161749645,0.129892811123881,0.128916566300049,0.164766180762713,0.208911746642668,0.234176550398638,0.339375012286728,0.126458405891767,0.142922147268683,0.221520827266673,0.244239405653235,0.141716668089928,0.16863065989328,0.198716548795406,0.248905133807707,0.139107633263797,0.216927806276829,0.259605761698595,0.217869256116742,0.191459238492114,0.255668526391234,0.145947849943172,0.283590120060015,0.197949409937501,0.234761217871825,0.219620684723293,0.116182644724933,0.179088385059146,0.156711405672518,0.237288339421678,0.258778990121214,0.175437890953169,0.22539617551695,0.18185739146844,0.206125093091485,0.148131577701854,0.229924411849898,0.153000366924414,0.13532820261423,0.277351474445789,0.167662028920565,0.0554368744224851,0.227764344659897,0.174022783419199,0.12230269391186,0.244250194663486,0.203072518027115,0.138750259440966,0.0877440490730131,0.140209381703052,0.165777985821533
"brachyrhachis.aff",0.206568068914322,0.245574173089381,0.272405028045506,0.24790960679731,0.139846464614434,0.241074018977999,0.253777131717886,0.249213260943998,1,0.10217725839972,0.12386554804372,0.190357638057272,0.123536490202883,0.202087664453599,0.253517411528802,0.235942729868262,0.188550674519205,0.289610269349315,0.2015626927296,0.142549572834409,0.242725683307533,0.200466225909572,0.258973189904401,0.222665467668963,0.251037462201694,0.130178030717642,0.219833619166851,0.225156419889332,0.20137589989551,0.19674525693559,0.234347181988244,0.195382075150725,0.317177589533747,0.076135929616137,0.240908467669701,0.256090877311618,0.179067925184719,0.145860495212854,0.0958314871350068,0.173400127607354,0.190866740403536,0.261626108455214,0.194139514491352,0.193144627979606,0.285840991040146,0.188613511676255,0.172386252064767,0.219997071236347,0.192488036845547,0.136891362561676,0.193988108301882,0.237628145158605,0.237257108246713,0.249295186745268,0.132127266009074,0.156939254168426,0.22496651394714,0.212404081013386,0.154510514213367,0.183028354157847,0.162338922529217,0.22351489234611,0.164320487340189,0.230993617298138,0.254717308688589,0.211814908141902,0.178731860684438,0.236544187340793,0.139432978988298,0.295166806098289,0.17186886960818,0.214213690143575,0.223309317716109,0.117946473347769,0.169319903859285,0.183564770099001,0.226908335383062,0.218777599076236,0.175085730012231,0.18603845915381,0.207961277711952,0.226920411318385,0.162418800208829,0.214652503482079,0.173324985502125,0.12731380939517,0.248784359662261,0.177414660443555,0.0655155564836712,0.208445426162355,0.165734532406155,0.127289834665397,0.250443947822204,0.182772493182929,0.145013242283175,0.0918720683184982,0.169197855536958,0.223369335746426
"brachystachys",0.188041573290723,0.0731809248859004,0.0623858249381447,0.187402239136246,0.204139471740527,0.0460282215227366,0.0907250437170743,0.0950725900075401,0.10217725839972,1,0.33751606047249,0.200812501597118,0.151612635944343,0.312810231949081,0.146171357924561,0.0975042072441692,0.220986927094187,0.109113314952375,0.139990596098098,0.0841894234577296,0.097975701406235,0.0861628088321039,0.149259908681864,0.0936606948446976,0.0924419858245379,0.491030657645262,0.085143188361715,0.0527503107855691,0.283943695924459,0.0672188101082356,0.369078876552789,0.330123304561331,0.111506897678056,0.11795738091429,0.266456621591377,0.0701448601724791,0.0777035431600815,0.047425849983399,0.1253441803738,0.0653302563924076,0.287168727466225,0.104943594924496,0.0941558592228559,0.0995012252941323,0.132278883828243,0.0950841671791946,0.32429943087214,0.0551256604529158,0.247458684495623,0.298857912607913,0.0786368366620995,0.0833802954983676,0.105437265955184,0.0846501668945968,0.0669471831329245,0.0698986280618009,0.112923259564863,0.0835200098804835,0.214504878023945,0.131464940736281,0.0600599625172362,0.112197777354554,0.374619134700132,0.0753960408307122,0.0866327389908715,0.160417803569101,0.132559565340148,0.260501120214313,0.0711690825143834,0.101123614631056,0.257712135003374,0.0655982920819504,0.110794745105791,0.156080747067966,0.179631731699922,0.146723771232367,0.0633927217026013,0.0829085812475825,0.275257755297318,0.185247161721506,0.126420092134903,0.127093366237118,0.0906167088951732,0.0958739013590715,0.0727048874552918,0.0863614238741816,0.114628319101756,0.120542883230924,0.0484800174359397,0.231201916758046,0.103992687386299,0.282812736009204,0.0778184108886028,0.271455559369401,0.0695274171224575,0.398060816441947,0.154576284061433,0.115958157184902
"brachystachys.aff",0.16750196687584,0.120056647589097,0.122950312340378,0.156471820923477,0.22373829485742,0.0998926285923706,0.116521681430681,0.126760724751604,0.12386554804372,0.33751606047249,1,0.233825325460585,0.174138286032078,0.179737514848308,0.148041624957244,0.124691381524451,0.172955256340682,0.12030550306626,0.166961673675294,0.0826788054205153,0.11308748752007,0.110614909909213,0.199514134808614,0.143217493107267,0.119273710748782,0.322083339220718,0.112639387691978,0.0986840981794383,0.154527512117752,0.0883415052012975,0.172140420179144,0.332409141090775,0.137393411527229,0.110145895855365,0.29800055986713,0.0959463508325794,0.1185380012604,0.0690484003313792,0.166383636949214,0.085855859196209,0.320971089843291,0.12694699704734,0.123284052495521,0.177557285047011,0.140838219135892,0.126275859136824,0.32130764744699,0.112000753577701,0.253834878822576,0.280792584693531,0.120370188296092,0.106433294500013,0.150336526918421,0.151746734719267,0.0650821064707622,0.0977645695599458,0.168037186680178,0.0987301926145451,0.261900216089288,0.154077609676952,0.0846760469419627,0.136795814650884,0.157087394234977,0.115069555648313,0.134971718264424,0.141073054789733,0.0889303903225184,0.159726343007214,0.102063450202257,0.140758368625879,0.303878892823232,0.0716243607127621,0.13459667247931,0.155626005770747,0.270727176072958,0.15519418698878,0.0972247975167269,0.106277030621849,0.148668806129412,0.160151584226078,0.29988074939931,0.16094682767528,0.103598965075409,0.129542730418084,0.0844968812977212,0.0937286504015849,0.151595558818239,0.136251534512118,0.0580638434940338,0.233376646703626,0.144068981252252,0.298950643311162,0.0969722172018007,0.169013425994859,0.0994448910748668,0.3008885605887,0.0962853787188589,0.12959596599585
"brevialata",0.188287182351235,0.294246830437853,0.225577688478749,0.158472956599903,0.207820628549564,0.256081942096926,0.191283621226285,0.230484634142628,0.190357638057272,0.200812501597118,0.233825325460585,1,0.188364848077324,0.116674987491101,0.204581146236596,0.114404516850395,0.134494847309955,0.198805825994653,0.16936406050111,0.117942966508645,0.240595096339991,0.165912043986796,0.132407252228201,0.155944716406759,0.234724310660706,0.266220429911459,0.149619432223556,0.207157888810395,0.104303331937772,0.155833674729947,0.154274082764421,0.31662371727097,0.241596216717563,0.065303659881477,0.29019147531893,0.218962277840405,0.120033970728533,0.0915342236987068,0.0707915206456788,0.17970201330047,0.311845718076633,0.179761140117533,0.121082137048485,0.160687384685847,0.186656717872182,0.200800747347321,0.347383885594047,0.235110010020592,0.240590877098111,0.234134524335954,0.128051226154487,0.170321115192185,0.174608851520529,0.242405547980442,0.111493623530966,0.1286871077911,0.205531615344917,0.196877214630383,0.209316878526078,0.135080369481426,0.122239343636043,0.23334116621189,0.111765402269873,0.196351132351253,0.194569097012779,0.162186442645062,0.109206456037723,0.218151752514975,0.130642391819227,0.173723664358686,0.258290404911834,0.180022013406717,0.180088987174903,0.0821440852243364,0.151814885887169,0.160759305989203,0.136186876917152,0.247031965657731,0.123468936170148,0.175311280633362,0.1559013971041,0.192090868315672,0.124136602169245,0.149167072804106,0.0947572087520428,0.106529427877701,0.223743121994781,0.11959669858012,0.0548706407338763,0.247037513462704,0.147331560582609,0.232024841311986,0.181826058171708,0.14259557878994,0.099124466543341,0.227063367926569,0.141138299480793,0.144968238551085
"brevipes",0.0882327404907202,0.101862083122817,0.103470229775123,0.107934038880858,0.171803484204877,0.091228242403394,0.103602700551341,0.112102439205221,0.123536490202883,0.151612635944343,0.174138286032078,0.188364848077324,1,0.151907090275597,0.124202761871256,0.0976332708994601,0.0863417683518179,0.128180165468103,0.107734453253508,0.097838062016387,0.118181723139974,0.115495038038816,0.111630291953173,0.112249270779335,0.111894979938573,0.155714598111951,0.116211675234741,0.10647963711912,0.109227903449674,0.109351046079479,0.0945248752925815,0.181466021003625,0.129069560634205,0.0529686712758766,0.202096022647263,0.113801622820066,0.0890991583704854,0.0787021479073233,0.0747417722650182,0.0948123759985013,0.18142804353305,0.129002585417962,0.111113185454152,0.0886648929253104,0.127788273171946,0.0979847810546069,0.175575146159209,0.100594739749533,0.196864805790793,0.16655044168484,0.0964493715945064,0.103117970725916,0.125783031174499,0.141381370381851,0.119248430898611,0.0887623299104045,0.116611633853315,0.107900308231967,0.197796947404653,0.0772566413387352,0.104631823994612,0.089147095073583,0.084338212594779,0.103298546604247,0.125809844612119,0.118415144464175,0.114451830020713,0.127658687913196,0.111441054808262,0.128311268433923,0.196058173508819,0.0827973107464961,0.106946611723832,0.0792919410684079,0.0806800879935049,0.0877931289712411,0.125852513942899,0.119786670645227,0.0979607988627481,0.0983666858310792,0.112122843234295,0.194261795319836,0.0917060011365924,0.127655112057195,0.097487286229056,0.0648083219440224,0.102064217628118,0.0884920336680712,0.0493534330727382,0.197783492332791,0.070811186754003,0.175906664841537,0.115699339275155,0.091897118687584,0.111812189974591,0.158510051454517,0.100460619670788,0.0889333524253099
"capitata12",0.231173069065999,0.175061235962895,0.162944461356003,0.245232432724121,0.174562140516201,0.150348578468214,0.178151350921648,0.234229521115098,0.202087664453599,0.312810231949081,0.179737514848308,0.116674987491101,0.151907090275597,1,0.200216957063754,0.20048616181066,0.217264625833495,0.236916960527171,0.229163799730095,0.137913852185704,0.174168595428217,0.172870189469501,0.265035915904911,0.20396466803465,0.202622004020335,0.312659489572165,0.184953684388432,0.150839277504749,0.295900627987703,0.154543149550713,0.397462306468119,0.163421063500453,0.226328785582137,0.111938811804586,0.174764363834719,0.186043620992942,0.169718622961237,0.110088507212469,0.141230114271442,0.162864991938519,0.171179055646555,0.224103136552308,0.170856857189305,0.175723588162356,0.206937024103949,0.171948651757942,0.154353463892406,0.158132673390729,0.156787596495839,0.169484088749119,0.220120645619783,0.149879014611328,0.206922394596613,0.188650138399774,0.116042841429589,0.123601520022447,0.20414968501214,0.148519231739043,0.163035486671904,0.17470512360527,0.153484658455558,0.217440083643804,0.38675442047072,0.176731820568794,0.251248597401763,0.248238127282079,0.195610151480793,0.37384111932959,0.162932510579855,0.216077541452793,0.169633074254505,0.134495734178381,0.190100232248976,0.216020907662286,0.217130575728675,0.204925096857592,0.157767454535044,0.150357868432093,0.271089690182025,0.236819468379601,0.21708151343432,0.27562779092225,0.145723825813358,0.202998513870744,0.147506231858222,0.123042926101653,0.219299343270777,0.171112360320136,0.0924956764177359,0.224953734837448,0.166679957294183,0.176860188588561,0.176390917543479,0.333072811500897,0.181573949622635,0.165590302069775,0.147556155672116,0.181115481422794
"capitata33",0.297119156375574,0.247893008947573,0.262252894144354,0.235646058665602,0.16405029919705,0.199653909351938,0.330243773197755,0.264295752238499,0.253517411528802,0.146171357924561,0.148041624957244,0.204581146236596,0.124202761871256,0.200216957063754,1,0.173063638108307,0.179782408092893,0.281641114435848,0.237738020519408,0.170147988649223,0.32276357685608,0.242543055165808,0.238186539393786,0.251600096559322,0.273911123955612,0.223891844126855,0.189297340224014,0.283255121445023,0.238553176841862,0.215016681179095,0.277427529929025,0.177336847867482,0.331933265446652,0.0939328948831363,0.225720453725871,0.219893429252672,0.160627169038409,0.133733303188294,0.111521851629296,0.165739159094226,0.232502039144903,0.258084652089283,0.20593803034984,0.207116872239344,0.269424509432213,0.21430123481875,0.199709589934043,0.240674117954059,0.198870075429305,0.152072060625646,0.193282165969908,0.222189860444272,0.241496965204287,0.236650987739665,0.197040288237637,0.159385740724972,0.295089037537009,0.220344539802184,0.186653086635569,0.184076885226115,0.13687857218781,0.245153578506408,0.186089996332018,0.231849577746229,0.297706838227029,0.347304377398958,0.182855755960529,0.287955947536586,0.152785666769134,0.314709586316881,0.176997888798878,0.184540523230894,0.267780748048133,0.1438042334524,0.181924084514324,0.181861351209392,0.23750009171705,0.226001739083994,0.201380354075434,0.209218943083154,0.217600898010102,0.245974832650052,0.148476170479256,0.220562652072383,0.18629487356783,0.160121540086135,0.275477552455706,0.178317134370091,0.0608677250448308,0.223290065648379,0.158629516264227,0.171118318630474,0.27818251234958,0.233735867932264,0.132060652540824,0.141108689915114,0.202379264692223,0.203732700886897
"capitata35",0.248196466410286,0.197760641054111,0.177908433229222,0.23075028667372,0.154267402296586,0.140079264565272,0.175447445906148,0.173746713038576,0.235942729868262,0.0975042072441692,0.124691381524451,0.114404516850395,0.0976332708994601,0.20048616181066,0.173063638108307,1,0.151308961995787,0.182131784847255,0.189199288052783,0.122444095454502,0.15432168858532,0.152699137600022,0.208506839615168,0.204756683012747,0.162327876470226,0.135939778487307,0.160503585273573,0.140182733197454,0.193582291559921,0.160283431454213,0.177124128930244,0.165619022376025,0.198515632349306,0.11360232922788,0.190609255868282,0.152930120290786,0.204106555467686,0.101437525486316,0.170974630766612,0.146836097286205,0.1536749273671,0.203887196235736,0.143471729043032,0.198005014597147,0.246616553147522,0.147185832300249,0.140251430058842,0.170556973298169,0.140067283189061,0.148857620597282,0.169007479227204,0.136237325707414,0.205328903795011,0.200883528024166,0.108809549161569,0.110371292329984,0.170788193435283,0.161281316412129,0.15513765920261,0.151862270164235,0.136676803256439,0.207767156994595,0.172018247363767,0.177914071857006,0.168979819194678,0.205288301081013,0.126132724401527,0.201600225994142,0.146787015336643,0.221243129622254,0.179059445684402,0.129951456900942,0.175754308428545,0.130615540074977,0.180973825148956,0.18227800195968,0.134642428689525,0.148010433069494,0.192420535470724,0.258221925568808,0.17484784196819,0.222164118546041,0.121059995833716,0.211583659680023,0.130210613095619,0.101930748444535,0.209017785296574,0.185945991950164,0.0738718799630975,0.170916376809466,0.154893190325094,0.138908297682206,0.154151552751329,0.20670865084269,0.149998088684924,0.0893585007913764,0.130296623269968,0.250635844206297
"cayennensis",0.238803274054938,0.199185650130184,0.185601334789209,0.202442647711389,0.148076730399501,0.184466624171846,0.178677243494466,0.162714077034047,0.188550674519205,0.220986927094187,0.172955256340682,0.134494847309955,0.0863417683518179,0.217264625833495,0.179782408092893,0.151308961995787,1,0.17420452438339,0.199060326987178,0.0835141919865847,0.169753462989673,0.190351108627769,0.221640084215525,0.196439882713515,0.176014078548318,0.219259337079094,0.148232503279535,0.137057500563282,0.217925767739029,0.140493358455131,0.329848967294189,0.181980616504863,0.224402783626916,0.126825829786144,0.208072547195449,0.157595186957082,0.128628002907365,0.100273289457643,0.155811596061976,0.147457484204124,0.169188020584255,0.192930535155214,0.143459321381577,0.185946227144558,0.156530760162617,0.163225787308346,0.184858574297275,0.188666017816969,0.18549368041035,0.224242793980336,0.158537903934174,0.13362887677795,0.151379012842592,0.167508755735358,0.0947688690203566,0.126774235055807,0.202474591223616,0.152454152177461,0.153230721636411,0.232818262684402,0.106050286947139,0.218189459516488,0.293533156072023,0.161711483495701,0.198609630648219,0.252710772295135,0.117804041282354,0.218590432640266,0.130392640691168,0.16743669293233,0.167700153242669,0.14485144267208,0.205910395621821,0.281959069451806,0.172244012119163,0.254217347208212,0.130829169762381,0.137457132723696,0.254161245310273,0.236623397729732,0.213829944081863,0.157590377045933,0.133051475655657,0.152533858503944,0.122919783500736,0.100731095229464,0.234276083612803,0.162461652317789,0.0800833128101763,0.153839866606624,0.200962803403941,0.156441386963453,0.140695494447799,0.25556802222725,0.128867363960763,0.14494791160781,0.116862873894039,0.148062923583569
"chartacea",0.23357906259134,0.276369017801929,0.266780982804352,0.233493334590034,0.168077947024085,0.225636859901292,0.286285146606355,0.300514786527826,0.289610269349315,0.109113314952375,0.12030550306626,0.198805825994653,0.128180165468103,0.236916960527171,0.281641114435848,0.182131784847255,0.17420452438339,1,0.261778049853884,0.198628824299209,0.265069682268284,0.281545700906527,0.269604730105768,0.239310725588145,0.277578225827676,0.168587210314082,0.185724996872078,0.264020420212865,0.218776239690979,0.289718326341793,0.333322025554152,0.200204577951205,0.377434355964265,0.0848626793693976,0.312813595587389,0.297648179986794,0.164824892575169,0.190056004097709,0.10930568435897,0.180920885993366,0.220142290399912,0.305562907648836,0.233607717484175,0.184383483518732,0.271309393206822,0.211420656551275,0.217045899070423,0.245639709979058,0.194559574635629,0.160617567284263,0.191850266266268,0.272036412048278,0.26655157363784,0.238453104726913,0.132859602613878,0.143911971318017,0.250815385228544,0.249117670387686,0.181148854723783,0.197849532744956,0.188741847202909,0.244569726700738,0.170048736907676,0.290199006751568,0.297066807998684,0.26238659866081,0.249488305335006,0.279289279444062,0.14457454712035,0.354317046489037,0.195510739137772,0.20466734005742,0.24218072429469,0.144627619633956,0.218822854391256,0.21958401703427,0.329396651931241,0.198676207260355,0.21557334673265,0.231169582905782,0.227629576238057,0.255420702321275,0.180835887208431,0.316429976889361,0.218758767070155,0.126884040289976,0.245998467278604,0.175840180141645,0.0662566079651998,0.20370639472564,0.153747536742275,0.203212927180528,0.3840296966116,0.232508076266457,0.142608913311772,0.116471788985508,0.179411676452906,0.187668060882914
"cinnamomea",0.21440782245902,0.191066160292123,0.231372471276624,0.19132211329101,0.144179281763952,0.14405378741208,0.197632891143473,0.189400802183491,0.2015626927296,0.139990596098098,0.166961673675294,0.16936406050111,0.107734453253508,0.229163799730095,0.237738020519408,0.189199288052783,0.199060326987178,0.261778049853884,1,0.122303213712397,0.206567748482236,0.156503232941889,0.315994079123036,0.200755813210049,0.198025187675109,0.183408192726905,0.163145667621416,0.170236933315183,0.214781738600173,0.157618543579627,0.22340886485305,0.188955048809984,0.219810890857252,0.117500434510902,0.222462170279038,0.164424215855341,0.145587250277417,0.108490049968676,0.128400102772161,0.156195834883152,0.150353315174878,0.208846639882042,0.186308993451956,0.230654772078077,0.238231585611503,0.181915091421769,0.17046549962227,0.203706060814493,0.204396737967837,0.169702458748817,0.166069878651482,0.185623477072019,0.199880474956786,0.191818992880817,0.0958265080575671,0.162835083501351,0.312230833328866,0.188411150736518,0.168895163265021,0.213159282036996,0.148577019094491,0.208708670076441,0.25126448520839,0.210277444737668,0.257630466763781,0.240118879888349,0.146040295891613,0.275010179973396,0.151143321727446,0.220686721509448,0.220922597975863,0.133087484723422,0.206952167622905,0.148517361956235,0.230379505809003,0.263445570727989,0.154580844643226,0.150196617320097,0.213272147660923,0.207250010606161,0.261743562873506,0.229770508214983,0.142063673324835,0.22012933682665,0.145295866977503,0.126781583420913,0.212602543428282,0.219452532897672,0.0658801548341731,0.193127749195699,0.153090783323563,0.131790996367931,0.174483518912792,0.237985142683706,0.137606428060188,0.120442467300699,0.236247890363692,0.196765613473919
"cocleensis",0.112350405495449,0.162000181502263,0.103655714962779,0.136435884145916,0.114178955030841,0.082733361316432,0.132793310686923,0.136100833009578,0.142549572834409,0.0841894234577296,0.0826788054205153,0.117942966508645,0.097838062016387,0.137913852185704,0.170147988649223,0.122444095454502,0.0835141919865847,0.198628824299209,0.122303213712397,1,0.181421371791792,0.190517364187318,0.130832677377583,0.162657116851043,0.157183387634079,0.0964567003276354,0.11136697361651,0.0934194497220446,0.134801901303185,0.12946898705166,0.126008776393316,0.114625649228338,0.171132995451743,0.060710870829107,0.120402241574117,0.118923362359637,0.122106629168626,0.0855018159198177,0.0909788201710032,0.0848915348884181,0.105999699557276,0.206691657801653,0.149903663440763,0.119999031163029,0.159976495298849,0.0998058404200787,0.0955972030856945,0.103691143036809,0.128073547323674,0.125571384427875,0.132338942276434,0.119192836159254,0.213545815284316,0.117492181195788,0.123928237472285,0.0931248695324741,0.146463728637407,0.159038382730858,0.122254093555751,0.0973954688351713,0.106876295848461,0.124890680362814,0.102134469213135,0.125307840649877,0.141264523424417,0.16022764116617,0.152179834560058,0.154204821639394,0.107590746454778,0.194417068512421,0.0891685393609482,0.121665982585929,0.118503618884809,0.102519668937824,0.139705029897823,0.112070245044355,0.129175949825324,0.118110223715807,0.113719709462474,0.148691397032004,0.113973049965652,0.155269029781669,0.0938304473633066,0.14304002665105,0.122723266674379,0.117543136878962,0.178334074776863,0.161931223798442,0.106108026041031,0.135440800091896,0.0851329879387271,0.0986208845686181,0.118745306640891,0.138475178763016,0.0891338717893636,0.0909960373601016,0.119463631720187,0.135646853858079
"cordatoalata",0.248552411330105,0.255247837848601,0.243595156033809,0.22168953596942,0.159910421297063,0.224558912115999,0.23450023324416,0.279193524256931,0.242725683307533,0.097975701406235,0.11308748752007,0.240595096339991,0.118181723139974,0.174168595428217,0.32276357685608,0.15432168858532,0.169753462989673,0.265069682268284,0.206567748482236,0.181421371791792,1,0.152688009763946,0.211710913774815,0.198408557316449,0.27078606937495,0.163594080060071,0.187056171549675,0.222159505812599,0.163621627125552,0.177848209443346,0.210651303364068,0.190595483956822,0.283449489761502,0.0701724428180234,0.193396871069691,0.24214408184322,0.138413204550358,0.139731771177117,0.09702164982482,0.196189363005401,0.198503198115221,0.21733795120072,0.167972615375341,0.185813719869504,0.268944155612848,0.189925189330685,0.227526156508747,0.211764283210649,0.134198136705576,0.109991643417516,0.143773836161857,0.254614067937891,0.219534413079558,0.257277898652505,0.231518791803293,0.166398121861556,0.2428951002383,0.225114728535059,0.149002561698829,0.167398055434101,0.180654015010786,0.240882475816866,0.147082197322122,0.227672279943514,0.233000287959925,0.249467719346955,0.163373551896423,0.268069264075218,0.134167951765284,0.22907267371374,0.136153161943234,0.193481983430854,0.239228944109441,0.117043654479407,0.191361727565512,0.15222410114497,0.194239928025853,0.226847420048806,0.162494898752491,0.202487099149813,0.193671561995295,0.202837678913265,0.175646826022856,0.225915535533947,0.122293585395689,0.139472988115216,0.228355893624023,0.184889436971741,0.0706119106553588,0.180291151479867,0.152655128398476,0.0990624797098925,0.202554456604535,0.206035886473087,0.121696709957788,0.125860223802546,0.203357443902167,0.161104053412175
"coruscans",0.176878831673114,0.2172546692364,0.214533828365502,0.158217817052344,0.107393126977638,0.193495392944392,0.203551725440227,0.203719910446087,0.200466225909572,0.0861628088321039,0.110614909909213,0.165912043986796,0.115495038038816,0.172870189469501,0.242543055165808,0.152699137600022,0.190351108627769,0.281545700906527,0.156503232941889,0.190517364187318,0.152688009763946,1,0.188519605985754,0.204018318812468,0.185335755964685,0.138470205757812,0.163798915514052,0.195115886432282,0.172562987992037,0.208178571662193,0.232425813451668,0.14735474576699,0.278787621586402,0.0779591870334122,0.300909131326771,0.186627173244943,0.143494238422051,0.150461579565123,0.10831968312548,0.142612561418464,0.161047201046205,0.214358069717975,0.180403488308204,0.145319478108836,0.164119077587624,0.146813559586042,0.161137321754867,0.21161436309173,0.190610716513241,0.148947187884438,0.150727116286938,0.147367017398092,0.188917364320998,0.210438720681692,0.13927268730506,0.119040806618511,0.178455140061814,0.157453620489317,0.137944550838065,0.150116177370152,0.122031693961331,0.201874403189171,0.122643385459298,0.189175690696551,0.218293857099305,0.230149135333479,0.195396020903963,0.192499509361158,0.137288532129104,0.258856089655338,0.17085335633087,0.180430193244354,0.248935556116735,0.110528473411522,0.141274106055721,0.169555760466998,0.345175490846247,0.168303334381846,0.197339559039708,0.145630901258124,0.185825571927783,0.177140460317669,0.121641260973003,0.243268872007601,0.194462860404319,0.102234580277076,0.280584952038199,0.135547186661631,0.0681510470181065,0.149064264229137,0.140258551406836,0.25146108411229,0.381444346076966,0.17444058157924,0.134682610097239,0.0748517203328021,0.116800144566232,0.190125719184797
