"","acreana","acrocephala","acuminata","alata","alba","aria","auristellae","bourgonii","brachyrhachis.aff","brachystachys","brachystachys.aff","brevialata","brevipes","capitata12","capitata33","capitata35","cayennensis","chartacea","cinnamomea","cocleensis","cordatoalata","coruscans","cylindrica","edulis","fastuosa","flagelliformis","fosteriana","glomeriflora","goldmanii","gracilifolia","grandiflora","heterophylla","huberi","ingoides","jenmanii","kursarii","LA17","LA41","LA48","lateriflora","laurina","leiocalycina","leiocalycina.aff","lomatophylla","longiflora","longipedunculata","loubryana","M18","M25","M27","M30","M71","marginata","melinonis","microcoma","multinervis","nobilis","nouragensis","obidensis","oerstediana","paraensis","pezizifera","pezizifera.aff","pitmanii","poeppigiana","punctata","retinocarpa","rubiginosa","ruiziana","sapindoides","sertulifera","setosa","spectabilis","splendens","stipularis","striata","suaveolens","subcapitata","T18","T21","T29","T50","T51","T82","T85","tenuistipula","thibaudiana","tomentosa","ulei","umbellifera","umbellifera.aff","umbratica","velutina","venusta","vera","virgultosa","vismiifolia","Zygia.mediana"
"acreana",1,0.14729634256678,0.243642651378688,0.245911633826885,0.3334873454398,0.125877968223988,0.380613625612553,0.226321925804582,0.167969131436641,0.0793104899570122,0.131455785453681,0.306597700231902,0.363492276419105,0.122514852961072,0.16221550625681,0.155961316089798,0.298963956753869,0.274428618609204,0.177186369305236,0.128203412021953,0.191683257269431,0.0827741823972975,0.212620632774028,0.227034529152984,0.097334358244907,0.101349451939253,0.0875653543104175,0.147124326956591,0.142073537882518,0.188444275818024,0.318842732944936,0.271037928179461,0.222113564164906,0.136643271394249,0.176824862036313,0.208068222064379,0.185368686538071,0.1004101166759,0.372346206626861,0.149194169581508,0.19353788828257,0.219731273771444,0.205619013222169,0.369547909217469,0.207870558439055,0.289062573571983,0.091285712606877,0.271391963201873,0.154706417916848,0.195322471664322,0.0685930729769461,0.189970900981034,0.227908294517037,0.186400145667917,0.165638328964919,0.180302314619612,0.160321120623456,0.138831564998653,0.142327595611643,0.0773863990890493,0.215600423144763,0.20794729349455,0.215336824559787,0.14772834691037,0.230780186872307,0.20930880721147,0.227770838717594,0.23663292190642,0.215016612053626,0.15653161234044,0.094199696056326,0.0906897203922803,0.168497549748932,0.145620331572881,0.351042272117593,0.208262355760975,0.143741930260752,0.174419462514953,0.216757089007256,0.192029020925959,0.171521014002673,0.21956606235785,0.143532215495025,0.254585592959544,0.102086973709688,0.187919933845039,0.218110877948196,0.142500980171037,0.103837904820495,0.164360894259629,0.20863421686309,0.184731537431515,0.146939440526644,0.178945832702187,0.191704333176809,0.140669929611559,0.0841385274420653,0.239756248062333
"acrocephala",0.14729634256678,1,0.17871661871084,0.202394463896562,0.186122003471843,0.107848743545009,0.168178576423037,0.198281668867838,0.190063156804943,0.144979557332582,0.112017778017709,0.118286258756322,0.119642868365568,0.327744040828141,0.42207097341661,0.158613704833205,0.159189301601869,0.257145038028327,0.168656535837157,0.389049771025001,0.204297317949791,0.125146181599698,0.171092534506219,0.173391462811982,0.0986328037577733,0.12525470961344,0.0638415311158943,0.254292552902428,0.169633245295975,0.191229199584742,0.123162441775979,0.171872339791741,0.332043412586982,0.103113508213235,0.176179460002925,0.162392942013633,0.133394938144711,0.21128468715788,0.106909383256217,0.187506903899474,0.163677387610725,0.210423143079391,0.145378610158814,0.156487801696838,0.141111184588872,0.155556954376711,0.0783780100350322,0.152910611040394,0.180072900883468,0.134608960858616,0.0810822762713702,0.185390148246523,0.235739679032877,0.184384310145661,0.15258244478523,0.139587176628651,0.160415344647533,0.153955849086516,0.136192609068219,0.19580430962259,0.386728381309825,0.173879886875319,0.206277546140297,0.185245949973941,0.200880646215711,0.15313193500895,0.138474893327765,0.186037065489787,0.179636772094794,0.310167022663918,0.133235685153463,0.368314150009657,0.18888939993126,0.192705895191394,0.147094366673878,0.393946668790304,0.154877922100894,0.115876001277844,0.131113281073961,0.18301499989753,0.178679254781551,0.163801762897159,0.25682168800472,0.139036888849579,0.0803173400846694,0.166943338044847,0.206286395954632,0.168389635067241,0.0995092839568238,0.156036017262953,0.167196552370985,0.164956561256525,0.128018177329829,0.167681089773051,0.128580086464771,0.120755563156027,0.23834141228706,0.219356435671881
"acuminata",0.243642651378688,0.17871661871084,1,0.199414032429354,0.228748475177385,0.13392123537613,0.258204885633906,0.247904926698273,0.123395861523262,0.0969093784756375,0.108167434939534,0.148023944949899,0.197631830287165,0.107836107917309,0.159802971722942,0.174753745168799,0.365890838343971,0.319366058572082,0.161705046382817,0.1224692001517,0.189517774169823,0.102707928792695,0.2076614926551,0.182358031603127,0.0971241980485982,0.106912896431718,0.0851707355086083,0.189133935964068,0.137690565561609,0.27930528463614,0.217320217059162,0.267915021079399,0.229960708249436,0.141871362854703,0.218806850725652,0.461283865181401,0.183775805806362,0.111562939314091,0.205524711782258,0.159095719878961,0.193723717203126,0.33760647208003,0.33574209151446,0.263697354931093,0.176245554554371,0.248474589563282,0.0819274842112354,0.504167330454726,0.162897771121686,0.164143923700591,0.0657806236632476,0.223070660635612,0.214056951251415,0.259056314656338,0.210860845262121,0.18648930269018,0.165607421659158,0.180913956248707,0.137463805645691,0.0646032024613914,0.122693266914238,0.226551414989597,0.342459657312367,0.125857820480319,0.370365913198675,0.194442770686633,0.150304006754762,0.257045952846812,0.388893437604366,0.168061038840575,0.0977589387472349,0.0804253518838387,0.234126520871097,0.111456328296588,0.338026188990049,0.354634466189035,0.127333069539863,0.220437089512256,0.218418901157313,0.170520272314926,0.177740416032376,0.196510648944283,0.10278472576406,0.361397272911215,0.102653594184728,0.296524477176494,0.245830843597488,0.165527684982873,0.107966164494788,0.156653475266809,0.354663992583757,0.202001184726441,0.182136194092332,0.183715358372827,0.133759943061092,0.261118693080638,0.120181152182884,0.318755686020189
"alata",0.245911633826885,0.202394463896562,0.199414032429354,1,0.221191993700775,0.122595270803401,0.286630168864828,0.191207089841858,0.189301953317307,0.202665530981575,0.115353272953875,0.207937791046151,0.201853003324425,0.192183705094921,0.226927022006607,0.181353035731905,0.230249382879924,0.253375900947762,0.19518430005796,0.179035156052601,0.238557180299304,0.121458240885054,0.205285826822961,0.226497145631521,0.126953240617657,0.115676804616868,0.0696252914207921,0.193264284017399,0.192099359466677,0.166929232281181,0.214771206809842,0.256922277741829,0.319271538844137,0.126672388843011,0.219381386635131,0.18700537967294,0.168390557056584,0.153086656299906,0.199699798815119,0.228517002574364,0.217970465017609,0.229460269622837,0.181557796357239,0.272810399601511,0.155241136881829,0.201329816995903,0.0787939514635202,0.220198180024986,0.167601935710987,0.166340449314979,0.0811865077267107,0.192034715099928,0.230586503477756,0.178975812825726,0.207292623340102,0.148965380122991,0.169634574423269,0.165297327641121,0.156899952492114,0.121342249956992,0.303266501740624,0.228797164941799,0.206569083865143,0.235074816383827,0.223127192183083,0.188047113171035,0.195642515086315,0.243190610333977,0.225720069425719,0.326015424329261,0.172337551755308,0.121473907910388,0.215782017297155,0.17258137971914,0.260799607957741,0.269933444689712,0.135904688596989,0.137646175022801,0.224025658248295,0.190284897197091,0.171491401339787,0.202265412120414,0.148804590612807,0.19757296288159,0.0865003673805891,0.19380328551021,0.289782701928523,0.170885912568074,0.120575756567969,0.17805626579681,0.181751535232043,0.235810555925691,0.146800678780587,0.163305316379311,0.157464641370212,0.166971287797411,0.151996352943089,0.213916583769931
"alba",0.3334873454398,0.186122003471843,0.228748475177385,0.221191993700775,1,0.141880062151682,0.251493134332406,0.219269930534024,0.178417414649515,0.200765599582928,0.260245167450603,0.261848637288153,0.270806162870707,0.146204714662988,0.192323740809999,0.197753445520075,0.198904306305968,0.263164023729164,0.198507446982672,0.137088912402175,0.22418541323663,0.115273101175296,0.219578724223288,0.221824382355708,0.0980316872142079,0.22261762440293,0.0899661280596567,0.192873437868036,0.178312387506705,0.176187573542021,0.199765497560376,0.304887994912419,0.250578447499876,0.127596363902882,0.297591859027057,0.193553627334161,0.163803980305432,0.11808282090677,0.165547167807785,0.176111136231734,0.340682284731058,0.26303864374479,0.196308499702316,0.209036730055446,0.179680368297702,0.260064029642803,0.195211657944001,0.197933141901781,0.282345054964531,0.316305417603502,0.0722060372502237,0.183859364769544,0.271375015733387,0.214259340311637,0.187188204009457,0.175233706573487,0.175138623493368,0.135531620152221,0.263138010214718,0.0915216580600729,0.15449287746823,0.274946528034122,0.225235568768338,0.169161772943391,0.243817263028696,0.205926577853571,0.157789435210694,0.204598022972398,0.221774465965626,0.179113976276846,0.219352502997765,0.0958060771890722,0.185556789042205,0.161071360844969,0.185614603087071,0.250048972264792,0.137630054798585,0.143066487340837,0.226652377786415,0.208826091206854,0.179642269574932,0.274867442664684,0.136320664754651,0.231271345974916,0.0865152533915886,0.199607588750457,0.227394832069471,0.142206311146308,0.119241536944307,0.286185092168961,0.197114374202636,0.302710606378341,0.164711540362494,0.199681218078049,0.169968444624775,0.24954431030265,0.103044789631987,0.263025358019604
"aria",0.125877968223988,0.107848743545009,0.13392123537613,0.122595270803401,0.141880062151682,1,0.162478513506525,0.178362111276841,0.144512884710226,0.0805200347121735,0.0810431381121615,0.110061969511525,0.122454639412919,0.105684838055262,0.123617469549839,0.143123920759029,0.124845221582493,0.142114148039557,0.153789498146089,0.0922135248856085,0.133184413110902,0.0722939966628447,0.136520245702807,0.16997926781399,0.0869517587539589,0.126288215007596,0.0734137512933929,0.11289534499838,0.107335381005167,0.118540546953381,0.154624859430958,0.117435297286333,0.125749869421913,0.101061525491668,0.132832508351859,0.124931744237542,0.156423935352022,0.0873875245898398,0.103576833221905,0.126646922230525,0.13024610927423,0.187098827368432,0.115264129000154,0.149795983592813,0.124484877663829,0.131805385908478,0.0840708624125217,0.12812747805773,0.111715697675457,0.120112690270456,0.153724965266545,0.178544851232596,0.125944692541043,0.153498085335109,0.113730451675901,0.117565701683064,0.120183136572345,0.0999640120156881,0.135851466559162,0.0718481026877583,0.136860200083097,0.162962545651362,0.147148109193871,0.116417826816369,0.163675820284301,0.135511699645876,0.107902044899074,0.133096748653709,0.131791427767773,0.10386419707687,0.0785393705032445,0.0728801335898751,0.124728207586909,0.0958986939321384,0.11842872910387,0.133731998087279,0.102508083601324,0.0949286340473642,0.119696040415967,0.126965473182076,0.157157075788478,0.142724684944623,0.096448275444784,0.128938047583368,0.0734046759921189,0.110684107066912,0.16100168409042,0.121626753875801,0.0995762256636943,0.118393770597685,0.1082933104766,0.15445814070834,0.0969632275725247,0.15009440140994,0.121519273927884,0.090260760067952,0.075552879803858,0.147589769068642
"auristellae",0.380613625612553,0.168178576423037,0.258204885633906,0.286630168864828,0.251493134332406,0.162478513506525,1,0.230408158518931,0.160569982113173,0.100034989909418,0.130159397571321,0.264312530925507,0.349491004373994,0.125422715965687,0.163332622854914,0.191235953241777,0.300914109768169,0.313212131261439,0.178471875359034,0.131641936402464,0.217629548023878,0.104516362642347,0.227041451575472,0.228341217647077,0.113026957317431,0.121232616328574,0.0956634422098879,0.165444759531083,0.151111120683649,0.186256818629168,0.291313101711056,0.278375105192625,0.256322389935526,0.165808622181947,0.202265003791028,0.238200753598314,0.222770882839433,0.111440868154575,0.304326091511009,0.146143830238811,0.202087849046293,0.277880844061435,0.22982533132024,0.346104948671878,0.196670214512322,0.278084978574282,0.0904844409689011,0.2569569010802,0.18128705193017,0.175727976734835,0.0830385018520858,0.192193827080244,0.23409593462853,0.227160035166916,0.187045015428011,0.173056048129736,0.171865557124067,0.146861406426514,0.150666365162977,0.0757787140293434,0.22411791922229,0.245085673068428,0.24426530693933,0.160689688010163,0.285461309074212,0.213081319945342,0.215843007825719,0.302461441062363,0.275277493063383,0.181890471613597,0.109770063364367,0.0925189770531739,0.219595465838694,0.12433744656519,0.329658779552262,0.23247447547261,0.188349812315419,0.170855072334031,0.2009049935798,0.201289875854565,0.17183075073925,0.223818891089276,0.137052426320044,0.24451208988138,0.1159130487751,0.244124137939313,0.260721807092003,0.165064173174932,0.122110614878941,0.182472725168281,0.236321036836776,0.177351771025873,0.139585500986208,0.198148724688312,0.184616924913309,0.17359320460979,0.103147856129959,0.265315254754818
"bourgonii",0.226321925804582,0.198281668867838,0.247904926698273,0.191207089841858,0.219269930534024,0.178362111276841,0.230408158518931,1,0.175398426457507,0.0859194478732643,0.144304360745704,0.157987465610104,0.157130471922888,0.124890021709559,0.179036927343197,0.165816936375836,0.239769117496514,0.311963525800457,0.201426565256222,0.154352687079769,0.189479150550084,0.106357642948329,0.249268277443202,0.170573916692667,0.11074444607363,0.0939764607573532,0.0867807443799039,0.165621503603166,0.144697228316214,0.239670878341049,0.230276051054973,0.202891116939608,0.208966756340192,0.13299480324919,0.278025392030417,0.221677024932763,0.218928196752261,0.130377174113043,0.176689415264128,0.163633240294492,0.184220971571248,0.250169675487695,0.248734915333234,0.220212488204122,0.2332901108748,0.253369548035958,0.0782841548839349,0.236134107778795,0.164947541256441,0.22016993375028,0.064377589976135,0.191505099810796,0.231972068541,0.214525989494736,0.187179825666671,0.157835439649435,0.161079496723542,0.124602783325856,0.152347588938097,0.0768972906942599,0.134856371405774,0.225648717131978,0.263141719993451,0.159147013259919,0.256197276924303,0.191087575937818,0.165631963614119,0.234044528713301,0.279922152471666,0.174645668843832,0.104871004871635,0.0905152333829967,0.212825279003603,0.146969773357446,0.240137279260638,0.239322974806023,0.186783169843288,0.185483041331936,0.202398307201378,0.198719852997727,0.212683766378726,0.200689780396408,0.139239010792235,0.261651224510768,0.115485831234193,0.213383624784965,0.194519395236598,0.151886346678242,0.103471488522597,0.147158642073478,0.251276881768888,0.226783365170007,0.128614748679579,0.182242437235348,0.170975721605567,0.13702658775149,0.106590469104179,0.287599449603948
"brachyrhachis.aff",0.167969131436641,0.190063156804943,0.123395861523262,0.189301953317307,0.178417414649515,0.144512884710226,0.160569982113173,0.175398426457507,1,0.110121462810937,0.118302641552565,0.123542747532872,0.131181697866488,0.218904544357508,0.455897626676936,0.173990851052227,0.125067552044721,0.175513027186753,0.214461759137888,0.17715632126338,0.202474430344346,0.122742854488178,0.196082728618495,0.164049267772723,0.0857802785856064,0.123990871704353,0.0687286464376942,0.170852552531048,0.185289864573492,0.120430545648156,0.153891699510132,0.139466036407029,0.225429301003597,0.101777568704978,0.151567652414817,0.108375799683229,0.126009573730004,0.147351736561842,0.106387948923883,0.170969988341103,0.169343574615203,0.169361362631379,0.106994245033696,0.13852397131952,0.145383859714814,0.146423583354166,0.142634901713959,0.12389421965587,0.118641669190198,0.134832557704713,0.0874855193420138,0.184090797527456,0.170542376699867,0.145545485560105,0.151347316122097,0.110225998023202,0.135249342217805,0.135397250045536,0.130443230918537,0.11050646305797,0.218732212554099,0.165045211951061,0.134400981006645,0.197551106724098,0.166277030412198,0.155597469523805,0.142079172129291,0.159575234955847,0.121635685395344,0.198593930933018,0.141819802394735,0.140308172725792,0.158857473342932,0.155417697657749,0.105852124642348,0.220149667825933,0.118742364002359,0.10157353589811,0.164216467626801,0.177216243234356,0.232846490324068,0.16073298387711,0.163050580174987,0.134466200249542,0.0730091670003212,0.111664714743258,0.165433113732534,0.136502179479148,0.118684620709624,0.16514644294881,0.0972358251642508,0.152609723402715,0.0984758128526025,0.161396520613927,0.13883085605253,0.0852449539292892,0.134361821838093,0.172727167784077
"brachystachys",0.0793104899570122,0.144979557332582,0.0969093784756375,0.202665530981575,0.200765599582928,0.0805200347121735,0.100034989909418,0.0859194478732643,0.110121462810937,1,0.289179521579787,0.21551464182094,0.158463272224931,0.130316683685035,0.154554923650892,0.082736579576654,0.0830541660059384,0.10798216087161,0.106193132186887,0.138622385457873,0.114776889976479,0.0865526420476605,0.0942157106438838,0.109038401153927,0.0580625075581817,0.246915685753899,0.0424492205433735,0.135448942250292,0.119927964871044,0.0858350356452237,0.0824046611048673,0.325476301879559,0.146859515596911,0.0683154042076957,0.272174857208024,0.0960906748652106,0.0766949770569591,0.117332612033868,0.0616721180802683,0.174817921494669,0.323448673959923,0.124769288404376,0.0780739461667593,0.0924501247095157,0.0814662375969806,0.0920934576785459,0.302934789712207,0.0916488348323132,0.231322131468827,0.217321171009049,0.0563899144421835,0.130183566531201,0.123125001306927,0.0873616702199118,0.118270789559619,0.0742497657087297,0.118870087380693,0.0842475824193839,0.282338132689416,0.122532503001463,0.132893258596297,0.107829314742561,0.0868749884682382,0.135935664159713,0.120361683217597,0.0822567550194916,0.0858120066925874,0.109624513670048,0.0983241885700631,0.210631209339065,0.315516323792576,0.116154040895642,0.126615757347932,0.103992207761469,0.0914645129081149,0.150765654831969,0.0839514888841415,0.0734367596178431,0.109438970048084,0.115036807743336,0.0842393880894987,0.137630621674352,0.0939335538099158,0.0828474343470523,0.0610732277041673,0.106816407823874,0.130313276326567,0.0821276753400323,0.0793515500461908,0.245810458431051,0.0809719785015573,0.266953089454212,0.145628691045716,0.0968628824441018,0.0751978604550611,0.309751889004682,0.140518199329251,0.118062572422139
"brachystachys.aff",0.131455785453681,0.112017778017709,0.108167434939534,0.115353272953875,0.260245167450603,0.0810431381121615,0.130159397571321,0.144304360745704,0.118302641552565,0.289179521579787,1,0.242992168923201,0.190692425806849,0.105845264125997,0.114349864942222,0.105018666785214,0.107448925496233,0.125029102269139,0.124059831378086,0.0929018210098137,0.103131937542655,0.0837343817967733,0.131541927689843,0.109025880900812,0.0537829392909154,0.224300061825907,0.0547664676118639,0.106275213100378,0.0937295318998561,0.236932183790269,0.106553972406848,0.317616157993115,0.11539606271869,0.103182038578291,0.300746172939923,0.0848374769618673,0.0930763392226419,0.0922704843551517,0.0796916134240718,0.123486780242954,0.321578509720757,0.113695797223893,0.10244219535549,0.109688988950888,0.107752161076876,0.10689331599872,0.270099643222101,0.0836489231182244,0.239382729336621,0.258425250334179,0.0749135060167107,0.106496908202556,0.139578266636151,0.0966247176390592,0.0954316865541314,0.0816197640418272,0.0964649847390475,0.111582634153976,0.242715321467625,0.055102704904855,0.10815147990883,0.118867620884223,0.0975900109466025,0.113244939958861,0.107467761366743,0.0997806881332526,0.0994922189721388,0.129199869097065,0.0915173327799537,0.102540222422522,0.26604678339154,0.063615532178842,0.119850560063956,0.101950216282141,0.0811815148599541,0.12604301774423,0.101405059399479,0.0858817424799133,0.0933837182232553,0.122349858920455,0.13813068814167,0.165886353264664,0.084360087388898,0.110006619630251,0.0658152023083799,0.0927139963676828,0.103322152197668,0.100818723580614,0.101936784142978,0.22116469068642,0.0895606200264324,0.306077904068526,0.0689843337130969,0.116213601920802,0.0859682906680761,0.286144874037551,0.0648181454517738,0.140370473083847
"brevialata",0.306597700231902,0.118286258756322,0.148023944949899,0.207937791046151,0.261848637288153,0.110061969511525,0.264312530925507,0.157987465610104,0.123542747532872,0.21551464182094,0.242992168923201,1,0.432807409489881,0.0929539885963851,0.143500250994139,0.137907615991603,0.210059690974412,0.190535532754877,0.126414131882718,0.113588730280964,0.149914454862069,0.0668171488663853,0.166353292594488,0.146011839008339,0.116543467970468,0.243206381562456,0.0669380708694623,0.120532394760341,0.10327722084048,0.140102047227219,0.253716718320876,0.378569896489232,0.15727517976377,0.0941303255273006,0.307209657855823,0.163654162760311,0.159088066708052,0.0954881788609719,0.342444404457356,0.0988278488942662,0.290152748924068,0.176801470183437,0.125972233447607,0.316501874967499,0.155528245401758,0.172546209325735,0.222820233900523,0.168934342290955,0.259655936233325,0.307568612771804,0.0558574851454938,0.146276873282877,0.155380630602975,0.139775663577106,0.141019670431188,0.125719541533564,0.105179976912676,0.101833075789653,0.243684595251778,0.053831148598433,0.202911259377487,0.162637479728188,0.164541545301182,0.158593340286913,0.155095811049119,0.141871787630004,0.228938083842782,0.16666034738004,0.145113060611058,0.116451113338524,0.234382125225261,0.0768589723166255,0.160335857601581,0.139267519331821,0.278121258949166,0.15052143192679,0.112460149107172,0.134183940696354,0.172785097014262,0.129278371321885,0.134073205266625,0.193365961589838,0.109785389317256,0.156775765436854,0.067663237083388,0.135079790675508,0.184010956841786,0.128719164215676,0.0810186362262169,0.257184692538381,0.186542936013485,0.311005709599176,0.218504344672892,0.135408961186237,0.128798100486846,0.270680273688618,0.0668967832745738,0.151855393127359
"brevipes",0.363492276419105,0.119642868365568,0.197631830287165,0.201853003324425,0.270806162870707,0.122454639412919,0.349491004373994,0.157130471922888,0.131181697866488,0.158463272224931,0.190692425806849,0.432807409489881,1,0.0962004783600359,0.114754502917257,0.1452069735192,0.263083698371102,0.218576565717822,0.12982462432081,0.103806888156768,0.141724822036183,0.069976504103531,0.168520247652172,0.157838129258207,0.0727581562326107,0.179025237568239,0.0742529210934342,0.11928830910735,0.119767061355652,0.153815202455868,0.293828944480732,0.322963382791866,0.190176344003125,0.132752265040817,0.236047893255475,0.170712661848755,0.193778658440029,0.0700859794921361,0.472542686516875,0.119307836778214,0.261829664237351,0.188083308606929,0.17686985668666,0.334806653505279,0.179140544236351,0.329576766082275,0.158468488352537,0.221490939175893,0.215071013235332,0.241541657706076,0.0601994037472066,0.147486153483291,0.143525896640775,0.17250240140426,0.145399336599349,0.125075768355213,0.110148297702517,0.106845885421312,0.18549856732064,0.0626334134869126,0.199864394298084,0.157811652686924,0.168653789382494,0.117780248768935,0.17332859684398,0.163473808942417,0.253423316673252,0.177542137540146,0.177019345200429,0.125157608997038,0.168988747638462,0.0680159176462161,0.132368571710758,0.127235243025411,0.305094812452724,0.168918649218481,0.120446317066732,0.153283242630244,0.200473318573418,0.160357989431099,0.127054501454184,0.181763194106238,0.124764200514298,0.17400830679974,0.0749941208604903,0.145923807588821,0.174233708113208,0.117787549355817,0.0930449171393118,0.218818314447614,0.16996134127282,0.243420030322053,0.125467139460802,0.147350279153008,0.156036822681832,0.254699223891497,0.0723058638378658,0.171917388829924
"capitata12",0.122514852961072,0.327744040828141,0.107836107917309,0.192183705094921,0.146204714662988,0.105684838055262,0.125422715965687,0.124890021709559,0.218904544357508,0.130316683685035,0.105845264125997,0.0929539885963851,0.0962004783600359,1,0.357845444990443,0.248342113221186,0.0982165189618796,0.124129144801026,0.172150807591737,0.386486202863997,0.178487578528187,0.12128550083252,0.139963658549042,0.148231907752178,0.0849656362906149,0.0973728337911409,0.0557720451133696,0.236681486216228,0.134950867799853,0.0987273802656596,0.124114699897382,0.11356775169781,0.282578090700269,0.104342258954406,0.117540412577976,0.0892279933784956,0.0869052376154954,0.193754304106784,0.0728684604026786,0.197828640172553,0.147637946965463,0.155475527844634,0.0972800619492561,0.0952044734868521,0.115266846691778,0.131041244596141,0.0862967022988826,0.0920293101731966,0.121982954086824,0.10162237662374,0.0860397060626949,0.142470784627207,0.148390002458228,0.128205365783643,0.128806645572403,0.0852506191753322,0.12620863721757,0.117646071470107,0.0955903355458651,0.312564018684825,0.376248465438143,0.133681122240761,0.121279412316619,0.202961296882319,0.150390122144668,0.110177319679477,0.112335188311291,0.177919616546097,0.103759411068132,0.319235505957815,0.120904605948098,0.357554781874318,0.158085484212992,0.193286113437826,0.0808223664715594,0.272104823082306,0.218036985529414,0.0931357567588264,0.124311680012772,0.120178343327833,0.121102462911736,0.119044846734886,0.215793510799113,0.130921588874606,0.0672877432878252,0.102179943948739,0.146305652768033,0.110723777416156,0.0912512209280825,0.127299209507927,0.090069210690539,0.119549468204045,0.099843992811332,0.138080886064482,0.0990419237449941,0.0749522294201819,0.345654941953222,0.135587446522935
"capitata33",0.16221550625681,0.42207097341661,0.159802971722942,0.226927022006607,0.192323740809999,0.123617469549839,0.163332622854914,0.179036927343197,0.455897626676936,0.154554923650892,0.114349864942222,0.143500250994139,0.114754502917257,0.357845444990443,1,0.154588768070964,0.146090682109534,0.176921245417407,0.192935848359267,0.410124033247605,0.208168532340986,0.115302733008099,0.155430120377977,0.155997434665915,0.0832343605966816,0.111148141401391,0.0610446159502491,0.253278254184678,0.161475924195022,0.132436389366887,0.162076600814974,0.161376046242476,0.336472944922943,0.0913383191854548,0.160976376971877,0.140922681134083,0.128124934315493,0.217653495796616,0.107126566664581,0.182254167234982,0.191933085838885,0.185053728068761,0.125989167290855,0.135645886730769,0.137322223932463,0.137386992392834,0.137346779715317,0.154859194408775,0.13225150379047,0.125090611182739,0.0811606244042993,0.207346631334845,0.182432321374754,0.151633112873153,0.146717156055778,0.111814639083181,0.126591373191408,0.123522134578045,0.147090459815754,0.20878084287023,0.411267134202979,0.186849609716452,0.150672398949373,0.223431872851947,0.184439884988604,0.136142578602126,0.146287056297919,0.178419126850548,0.159321687211543,0.295410497266803,0.1280500599029,0.368212475881098,0.187568707795403,0.225651218600623,0.136107600797984,0.37095991668843,0.127689307436481,0.102870431752747,0.149629066081496,0.157805367011341,0.146221439242997,0.170880568823709,0.244906665548873,0.140258594674519,0.0659183067348367,0.132804406697829,0.18300603228283,0.156710595787031,0.114048400082985,0.143611022251501,0.137315439070307,0.159710817859931,0.124062225959213,0.162636344080114,0.135988955250264,0.109719663146504,0.249604692974028,0.207314096265406
"capitata35",0.155961316089798,0.158613704833205,0.174753745168799,0.181353035731905,0.197753445520075,0.143123920759029,0.191235953241777,0.165816936375836,0.173990851052227,0.082736579576654,0.105018666785214,0.137907615991603,0.1452069735192,0.248342113221186,0.154588768070964,1,0.200283618942536,0.184849425338963,0.20170994821343,0.115333952526175,0.185240574565202,0.0999020917332285,0.21172658944045,0.186489592423317,0.116822146717367,0.102242219468941,0.0737285363497217,0.171811018258654,0.130475363930545,0.169375176178209,0.158146452253951,0.1580736729741,0.203595638841992,0.167562572821517,0.151801735063373,0.158577533087564,0.164092282598541,0.119620044016908,0.119889035543586,0.177567369037463,0.229830624722457,0.204620746244623,0.151963866949007,0.171926865227856,0.141110876782279,0.253636015800514,0.0847508926872716,0.154005579024599,0.24951355216591,0.133512600899666,0.0577603095533162,0.167841648395108,0.200592746319449,0.19656672615457,0.159638029228522,0.130567149291863,0.179771193441716,0.156364668714271,0.134879150083281,0.086280227013636,0.174723474537633,0.179979079506057,0.200924216035107,0.147237132429417,0.221295864948291,0.163882547109973,0.12791644184369,0.170420563151186,0.180942607644214,0.129653027681341,0.0932735936622361,0.0956846554930708,0.172724865993344,0.106027907516278,0.153497649783952,0.182036979133255,0.1178599239202,0.125856411371076,0.166907504283459,0.184379964427356,0.172645689692814,0.191180688954201,0.103935941134926,0.16921858839446,0.0925647399452103,0.192242851854416,0.159444434286244,0.16508969619737,0.121966041004981,0.143077811801446,0.161691386187971,0.1429415632441,0.13580266446633,0.166014684708937,0.119563909059953,0.144444087536457,0.0918211836635621,0.211820262195354
"cayennensis",0.298963956753869,0.159189301601869,0.365890838343971,0.230249382879924,0.198904306305968,0.124845221582493,0.300914109768169,0.239769117496514,0.125067552044721,0.0830541660059384,0.107448925496233,0.210059690974412,0.263083698371102,0.0982165189618796,0.146090682109534,0.200283618942536,1,0.27246951903086,0.149750449903836,0.108527063991617,0.167443136381641,0.0909061072012805,0.183232497479308,0.182075313484245,0.0932911725647786,0.0984898024115731,0.0786926317225815,0.142843963545996,0.128105668199087,0.282301628206972,0.231304436890872,0.264672948085667,0.225105953725781,0.159895623216201,0.173357260703783,0.314465057580628,0.195008542551841,0.0957562733699518,0.280470312120528,0.131597415912742,0.20578603536445,0.240016075843586,0.238723957393799,0.307407891900165,0.180799873805361,0.238781590939239,0.0824015047433586,0.382822288163154,0.149621120287787,0.14523201138823,0.0750813773282451,0.172881719631659,0.195420919472695,0.188118229532514,0.157867813191533,0.161441826029088,0.137569359907408,0.134731598728929,0.149764150529302,0.0653562473603917,0.179378212839942,0.203378106875281,0.244773009011808,0.135232462882796,0.272177954439777,0.181925198276048,0.154320186331444,0.342575320654206,0.283824885116605,0.153575903563714,0.0858382465887322,0.085584127026125,0.184906760309637,0.114012028296698,0.344750505122058,0.291590933436171,0.144714147125236,0.185490133769094,0.199418779596423,0.176524242163282,0.139969715731092,0.192584396880253,0.11898300107473,0.254397289936301,0.105252628685669,0.217788846087938,0.236435250333864,0.160132756453629,0.125584202669876,0.150911861032796,0.240991646649929,0.174701453457595,0.156847351285875,0.170660029567566,0.165455626706877,0.183177662158649,0.0944322481158338,0.271007958994414
"chartacea",0.274428618609204,0.257145038028327,0.319366058572082,0.253375900947762,0.263164023729164,0.142114148039557,0.313212131261439,0.311963525800457,0.175513027186753,0.10798216087161,0.125029102269139,0.190535532754877,0.218576565717822,0.124129144801026,0.176921245417407,0.184849425338963,0.27246951903086,1,0.189776451249125,0.186627933478492,0.23708204933275,0.102793018169668,0.343568238710084,0.200859522920065,0.120680249621693,0.104877977184433,0.108496952686378,0.163552074604919,0.155480469159578,0.246271468962979,0.262451071391392,0.25377394558262,0.261115282393399,0.136725556004335,0.290722260956201,0.287791696246024,0.22539748468193,0.137262497182419,0.208992757024724,0.151428466776743,0.213290453867292,0.360027156707841,0.310406649883703,0.290031837002385,0.226655865250885,0.314038804991894,0.0723664189021607,0.304321772681665,0.156816704206515,0.241772247741608,0.0781238435049181,0.215448555395087,0.242140175684662,0.265893217122634,0.198460988976567,0.212251198816828,0.192621526410449,0.155729984408824,0.128531014695399,0.0836629626753269,0.157373912571545,0.282587905598936,0.313295731234716,0.196184041706198,0.314301979398292,0.214796793918669,0.174794172480749,0.253746820453819,0.349620977465505,0.216040657095398,0.107045702651822,0.089414816826219,0.231541234014766,0.214445074797211,0.312089879304553,0.327917129298741,0.153743330912492,0.189530058183444,0.291695085370351,0.207414754337932,0.195083489125667,0.208975964537723,0.135642640802575,0.293029086494931,0.103551375703984,0.257747790019126,0.275382073111902,0.168231761586488,0.108375572640567,0.17682081130492,0.31958581313818,0.227533152152291,0.162358196137204,0.192970883089053,0.148139198167447,0.183853660103421,0.109178186002168,0.310477202440681
"cinnamomea",0.177186369305236,0.168656535837157,0.161705046382817,0.19518430005796,0.198507446982672,0.153789498146089,0.178471875359034,0.201426565256222,0.214461759137888,0.106193132186887,0.124059831378086,0.126414131882718,0.12982462432081,0.172150807591737,0.192935848359267,0.20170994821343,0.149750449903836,0.189776451249125,1,0.158857202089682,0.211751651783436,0.124256158717599,0.189674871944629,0.16167620614919,0.0926567533619296,0.109973550869016,0.0743956166332383,0.176472297791389,0.159166510278829,0.1657410970621,0.172843354625077,0.181854120241407,0.231807483324967,0.123832601020664,0.171349373702065,0.140542366745876,0.140863567802751,0.137543856609637,0.116476860315525,0.173988902888394,0.237220385841337,0.226222478727121,0.155395308272211,0.177153237587878,0.149558140166372,0.231019352681994,0.0886978879386023,0.167473758037445,0.202949874395239,0.168045571907501,0.0766655962508363,0.183710086733138,0.19507455717182,0.171113313964701,0.16131695148098,0.146494504461302,0.139659665220927,0.142852864305663,0.1267632558459,0.127724573717754,0.185896698852347,0.186069322063657,0.165184590844272,0.181340964463339,0.223725239800421,0.163004385664891,0.157185417027394,0.151682413948225,0.160388845180559,0.167022716115604,0.143522781433093,0.135497886803941,0.195017437615218,0.153871132170311,0.1331570120783,0.218154019476817,0.123217974976044,0.117096202833368,0.202481001315476,0.172875475348498,0.168305765007794,0.159823729083192,0.146214010610602,0.171511970140666,0.0888835600962354,0.158159648507829,0.182087968734583,0.195890385503398,0.134102563040849,0.191378039955731,0.167719525896327,0.165793421592433,0.130840428234782,0.189786277412755,0.157242982751082,0.124132883484702,0.133884988631639,0.176257578383808
"cocleensis",0.128203412021953,0.389049771025001,0.1224692001517,0.179035156052601,0.137088912402175,0.0922135248856085,0.131641936402464,0.154352687079769,0.17715632126338,0.138622385457873,0.0929018210098137,0.113588730280964,0.103806888156768,0.386486202863997,0.410124033247605,0.115333952526175,0.108527063991617,0.186627933478492,0.158857202089682,1,0.149326970659977,0.125359754665128,0.215669506684297,0.127686155985656,0.0716608038031195,0.10811342955533,0.0466233444519239,0.315129152817672,0.151024615220082,0.107286273136808,0.129595637206429,0.119908452813275,0.274310176991614,0.0859512290389534,0.176085850830444,0.131956172327977,0.0974859135024889,0.227640328975753,0.11763050703036,0.161760705909306,0.115773172643064,0.133448404361808,0.0972565420650325,0.128220152634901,0.130854477089244,0.169383223055632,0.0644073430104754,0.119491265206943,0.118238832205789,0.159284912616942,0.0626374348825537,0.146699388245805,0.140543422405838,0.128187570670727,0.115295931109084,0.0878344952083463,0.121505816286004,0.100474924221866,0.0957187335877612,0.439499711294834,0.360739128151496,0.12435126453652,0.110136908197219,0.171075021946561,0.143165539009661,0.100920728563516,0.138978535327663,0.131113286514081,0.110689194554621,0.348234087949024,0.10947711866943,0.559205199231549,0.143816305364246,0.341063157731742,0.109621534114924,0.347579812280497,0.124613100284118,0.0838598850412986,0.178067295023287,0.125153026830974,0.101493946454748,0.118822083336635,0.233391930458391,0.113484413458404,0.0578338742934029,0.132193380004913,0.144493138550381,0.119539794049907,0.0899318095469068,0.124534033183341,0.0927313890249231,0.139298494571866,0.125832289820981,0.113183081420557,0.0972210748546983,0.0838449251330943,0.505324291950898,0.137413329383246
"cordatoalata",0.191683257269431,0.204297317949791,0.189517774169823,0.238557180299304,0.22418541323663,0.133184413110902,0.217629548023878,0.189479150550084,0.202474430344346,0.114776889976479,0.103131937542655,0.149914454862069,0.141724822036183,0.178487578528187,0.208168532340986,0.185240574565202,0.167443136381641,0.23708204933275,0.211751651783436,0.149326970659977,1,0.138495564330344,0.191193903407065,0.227347463255975,0.107469285064271,0.133095726527726,0.0716332487133346,0.18121902938261,0.205229594696747,0.174283473710842,0.182291367868226,0.168279577298677,0.258087193459812,0.148646498517363,0.169790057761898,0.169477070853493,0.146894071625867,0.150030725916846,0.130255086414667,0.195759860298621,0.216967620953104,0.252848166085512,0.160417576996634,0.181199841563812,0.161454679785315,0.164030134435326,0.090821616974864,0.195684668443587,0.174273859600631,0.147654703497672,0.0783964058493709,0.215916631470605,0.243078401776654,0.223241385605049,0.149970096359022,0.156406018318308,0.163567681418474,0.152268782647613,0.152230229690489,0.114196801455302,0.217844959713011,0.239565034019395,0.2092562221559,0.199615649321774,0.222289215710401,0.232698101411453,0.200264059013509,0.216513098864531,0.198760535516514,0.186990086164953,0.131046275879898,0.14512953012708,0.236965811760786,0.144130803082899,0.158826198111023,0.248242684459983,0.135978950611835,0.157536319600488,0.1737758541766,0.197249493019796,0.188460285283021,0.190948836845912,0.170547977092701,0.19751376768821,0.0922766426411593,0.198971462831822,0.272845691030972,0.188713440309326,0.132245777177496,0.20730382240665,0.210834578607922,0.210041699545691,0.127766702809244,0.20785278888394,0.15410578940178,0.134833647894268,0.126280864954675,0.20442918785695
"coruscans",0.0827741823972975,0.125146181599698,0.102707928792695,0.121458240885054,0.115273101175296,0.0722939966628447,0.104516362642347,0.106357642948329,0.122742854488178,0.0865526420476605,0.0837343817967733,0.0668171488663853,0.069976504103531,0.12128550083252,0.115302733008099,0.0999020917332285,0.0909061072012805,0.102793018169668,0.124256158717599,0.125359754665128,0.138495564330344,1,0.154673766931827,0.0962843983792055,0.0542696679057714,0.0906119546046095,0.0548660774163031,0.0988783953975349,0.116430500182726,0.114009313530543,0.079937223921849,0.0968767941325254,0.120655832841905,0.0743159675668465,0.0901277666965559,0.0830052796801898,0.077438343525485,0.127453168184944,0.0862153665673191,0.115783234256877,0.0947196729586984,0.120520274646352,0.0862409236598099,0.0809749859669555,0.0807160228803851,0.0950855645125038,0.0648853194695266,0.0783333627984444,0.100709622915443,0.092790679144224,0.0731026592821383,0.111764197582653,0.109466579690045,0.0974503187620127,0.0950492478943924,0.0942424698439792,0.117404028229329,0.104965620704602,0.0919860457203643,0.0828730328925379,0.113740513381464,0.112332801787333,0.0852111091896764,0.117380386848938,0.100382365006687,0.0866514092786344,0.0966687334096095,0.0993461573746943,0.0992575308564756,0.145681294870063,0.102456260657996,0.0857720574828806,0.126272958068942,0.0935647421300952,0.0631600346183662,0.132557048678231,0.0866384513234593,0.0778249628159866,0.0899112304150982,0.0946854488465103,0.129078014813343,0.0989105695250319,0.0833632538733845,0.0716974556785319,0.0718349853292628,0.124042323537937,0.181121524821528,0.0943090941679229,0.0853933625588811,0.113765412291883,0.0773577086719625,0.0986341437020544,0.0696558312952224,0.106234701104594,0.07164829713541,0.0697579799694237,0.11274859806494,0.102842834101142
