"","acreana","acrocephala","acuminata","alata","alba","aria","auristellae","bourgonii","brachyrhachis.aff","brachystachys","brachystachys.aff","brevialata","brevipes","capitata12","capitata33","capitata35","cayennensis","chartacea","cinnamomea","cocleensis","cordatoalata","coruscans","cylindrica","edulis","fastuosa","flagelliformis","fosteriana","glomeriflora","goldmanii","gracilifolia","grandiflora","heterophylla","huberi","ingoides","jenmanii","kursarii","LA17","LA41","LA48","lateriflora","laurina","leiocalycina","leiocalycina.aff","lomatophylla","longiflora","longipedunculata","loubryana","M18","M25","M27","M30","M71","marginata","melinonis","microcoma","multinervis","nobilis","nouragensis","obidensis","oerstediana","paraensis","pezizifera","pezizifera.aff","pitmanii","poeppigiana","punctata","retinocarpa","rubiginosa","ruiziana","sapindoides","sertulifera","setosa","spectabilis","splendens","stipularis","striata","suaveolens","subcapitata","T18","T21","T29","T50","T51","T82","T85","tenuistipula","thibaudiana","tomentosa","ulei","umbellifera","umbellifera.aff","umbratica","velutina","venusta","vera","virgultosa","vismiifolia","Zygia.mediana"
"acreana",1,0.252800410651227,0.178309789804603,0.291725987389211,0.258236560538804,0.0995757794308229,0.333369567155299,0.390378615641171,0.173685158985857,0.102055634928998,0.158112241084479,0.260651571342914,0.196007980242231,0.257397668097086,0.229822213008045,0.299940372249705,0.167237637782525,0.220188998620181,0.261041271836741,0.133932502415842,0.208470964131125,0.378598134489101,0.178489789922913,0.161109863498472,0.290388653122741,0.201768448692385,0.125086539757175,0.264111079745606,0.132803452678073,0.260713355096216,0.208936238275965,0.17545281549848,0.35310457967805,0.11954266233059,0.171828475422304,0.233383415347434,0.292101697494835,0.22321766699427,0.206406825782118,0.129807075067331,0.185640627565149,0.205391198073213,0.143655559974834,0.197840267229136,0.190051930122925,0.148556014765012,0.172695256905651,0.209197308465062,0.158224188394577,0.0960714090233767,0.279978096566205,0.1627004589085,0.376842164666461,0.301000838940681,0.151450622488552,0.214418506462442,0.151669135926728,0.135989654491935,0.0790994585069169,0.167310568471985,0.292660938738162,0.224111193962271,0.111307947654287,0.178269213803346,0.263460894402987,0.279858986839812,0.199717906423571,0.217032380679644,0.395385708355925,0.20253084617455,0.163023240247184,0.254420943905479,0.185122275859401,0.196466744856486,0.107643374056687,0.349827746144098,0.141815766933589,0.15370777752831,0.283466713739564,0.265057484771635,0.176399504527584,0.169763368543298,0.232767862551653,0.148624189606956,0.0666343516295551,0.118019306306721,0.131003695233354,0.277779140767761,0.0427293066180883,0.164723719710679,0.415119045473569,0.248746130799541,0.109567119412301,0.299348427424834,0.201071700888553,0.206371089272944,0.141235352416221,0.281932170915213
"acrocephala",0.252800410651227,1,0.39153549071265,0.226090633811508,0.25096665080112,0.101078152134262,0.248366333237321,0.28861987612726,0.187275740793507,0.0966309970520693,0.176935771905426,0.18630350894054,0.202304666546992,0.284175754923755,0.352086764218687,0.287548886456422,0.1854047791603,0.291723575707869,0.242800145837916,0.138490646098277,0.288496478084238,0.20927366398901,0.173172202071686,0.173439335420572,0.218228008839793,0.21934350873272,0.12157762852251,0.17514684649895,0.142288123260319,0.317626966096346,0.156513129586235,0.182213453608302,0.271578350005608,0.118410508630363,0.188941600802942,0.263416554476516,0.179310453531548,0.225345291332727,0.207060590281079,0.12243324254598,0.176892999121021,0.315330018603551,0.200516552454875,0.159061167972267,0.184037456867195,0.138701124901628,0.182883833915144,0.250050670103401,0.168555727884144,0.142516635412278,0.228925284469759,0.1544238608563,0.255278192978667,0.193066514633079,0.158466071191179,0.186406768664667,0.146601760545074,0.152012745248909,0.0790777324690842,0.164857218648237,0.229064786514601,0.362003453664692,0.10633563825666,0.191305702445346,0.346046944972334,0.253820006739542,0.238733532806387,0.246177208154458,0.216582753898743,0.319231426553592,0.214712030324392,0.233329916424653,0.197717247528292,0.20906653875779,0.0912541879113937,0.22802620915763,0.186796510396533,0.14681813623089,0.16324962863183,0.263623130097955,0.164380155537624,0.202349611640463,0.245253963062606,0.178547834340176,0.0799656385231291,0.15372272619175,0.125715819291467,0.216365574770168,0.0581631972748502,0.150126080960121,0.211378753955821,0.145118164574162,0.105912289559782,0.280797811002364,0.308320914157083,0.149756443131669,0.0997056950388886,0.248555460799123
"acuminata",0.178309789804603,0.39153549071265,1,0.207648786992923,0.235172501618853,0.107597574291183,0.224564315499595,0.260539489624556,0.204956717600699,0.0862919285314709,0.149421945642567,0.174356949375542,0.186505538106445,0.326663204540992,0.302203779439066,0.283580994665657,0.258568788506706,0.23463728154623,0.248617396816214,0.13016666429473,0.186085799352392,0.195907903804033,0.16149088991352,0.182917259036324,0.175749758214519,0.166137926377328,0.0771933158982603,0.222787175090204,0.159234116468575,0.208067810063065,0.14809338447767,0.185758369743214,0.206830168194008,0.123369147637535,0.173609538323531,0.18829089034483,0.149336031108811,0.204981268948441,0.172707151800188,0.126390383600248,0.162639609967011,0.354110540784379,0.180017140924302,0.121219747795881,0.18094396801068,0.131140640372077,0.155537539365808,0.263632814140659,0.147443736632368,0.112838620269421,0.17866899062505,0.102355262297082,0.208869711405969,0.160398140473514,0.13886355115196,0.171119397113114,0.152492778679659,0.127140428810102,0.135828425998113,0.162212171537535,0.202158689990156,0.337967096117013,0.153913527371023,0.208129413770021,0.308244722040396,0.184639485907648,0.250195767659321,0.279547696153116,0.179473464538457,0.233413814792451,0.161972414536595,0.192882011651968,0.200877031353736,0.156806448657962,0.117951443280453,0.194874058270812,0.298674078650429,0.164293655585421,0.148450495156838,0.273476738032894,0.145243705103989,0.160469491158693,0.208114199056,0.167784002930245,0.222810339921174,0.170166772562582,0.137613562158089,0.245113353941036,0.051958939216884,0.135846850897994,0.173856861976854,0.151677099420618,0.128595684786613,0.241125046350928,0.13588540377332,0.113833535071997,0.168987548709114,0.20108992649242
"alata",0.291725987389211,0.226090633811508,0.207648786992923,1,0.280293718887794,0.117981719682251,0.346514305776283,0.305647510458483,0.22632119101592,0.0919761999370753,0.220297834507751,0.239949475165066,0.208900639146167,0.285545387002571,0.272339055671368,0.254790863159734,0.181082104227765,0.234561072670852,0.254015831633602,0.161175261851329,0.237504606419652,0.294343728869624,0.223873448051412,0.211683243142806,0.243272257234191,0.207354297360369,0.144676557303294,0.286866236968571,0.16899727658261,0.267818918526009,0.233971769557675,0.181758040837867,0.37936080960525,0.126629855691196,0.257114129201505,0.241794122989275,0.267011724372062,0.211249322413979,0.20643865387954,0.163467731897767,0.226655672607463,0.25497689667509,0.155684361181615,0.228074544909036,0.226921692792136,0.160251566550978,0.205154390454164,0.251378616654945,0.182881985040053,0.115643239121113,0.271362613048487,0.14377072674316,0.339619107297956,0.239430722710872,0.214923880430515,0.229261441415951,0.182977115803335,0.164795937663675,0.0868580622094578,0.189833499240231,0.293608750852264,0.336829186042273,0.135410197623895,0.246524506711695,0.301036174162216,0.321466299754037,0.197281464601589,0.266722087911828,0.279012530658303,0.287389592217542,0.210593248608499,0.195007673524255,0.206685159446129,0.207783987593908,0.17424772866019,0.339875656885913,0.18556992863546,0.151739606423678,0.246137255785487,0.262139335758187,0.179795554890657,0.212972036562941,0.27649505442485,0.196181266552774,0.092003666821195,0.150192574456698,0.155907865094236,0.23502929942228,0.0443687442663985,0.213142202362582,0.286041501740269,0.216149880482897,0.116468543933027,0.314939754400286,0.243569726582643,0.169436870971368,0.121345422500571,0.295960908385162
"alba",0.258236560538804,0.25096665080112,0.235172501618853,0.280293718887794,1,0.107356367235201,0.323866047268645,0.299863390607499,0.212158157927789,0.192356579018936,0.265194361989375,0.308423880271599,0.261842389006039,0.350365848214247,0.299030306176989,0.309350020799627,0.179585144049368,0.217891287878641,0.280524890329296,0.247886217345804,0.192762511170362,0.255543940049299,0.167039843368255,0.186621225222804,0.224694322112092,0.32938105622842,0.111809076811929,0.310923092301575,0.142006272527416,0.272290389370094,0.187437451855441,0.287226269236396,0.323344860055904,0.1066313377117,0.308439108346536,0.234949155165791,0.257693015375738,0.181392215941273,0.159576058152237,0.112275817083703,0.28817534166205,0.284541664280434,0.176427239185844,0.156614195624209,0.22104745575729,0.136189381089853,0.325752600955621,0.254448490019334,0.29509090703744,0.220961670520466,0.259068369318093,0.134563484787026,0.265797517127915,0.267873954691439,0.168597183761544,0.151648981451521,0.171567108936405,0.120253574414532,0.205115193147301,0.170157611275884,0.246767294877964,0.262744271470018,0.102079893378667,0.218231237952577,0.312423775581892,0.315839146678423,0.177174566636686,0.242940259911272,0.261886238470697,0.276293344518504,0.309536576637607,0.186604122494111,0.191639728103054,0.166843716598853,0.119071309841699,0.256879837956223,0.173519802379574,0.143521425922357,0.250213010351708,0.218161153968886,0.174166237927044,0.242386118216675,0.237255628905485,0.153156764535744,0.072953927134117,0.1549639413624,0.137935163831795,0.309623129037391,0.0708563694446845,0.284762427332946,0.238305992691333,0.361469096596762,0.103733594255908,0.270220103674937,0.199962101442647,0.333548294515038,0.110862574496023,0.24782528361891
"aria",0.0995757794308229,0.101078152134262,0.107597574291183,0.117981719682251,0.107356367235201,1,0.12283491704592,0.118900156115982,0.11655480621734,0.0559714220812197,0.0752716956005248,0.105216988647821,0.0954414575562734,0.114883092872082,0.119527934580437,0.0923678948521939,0.109103415847807,0.124105751335636,0.0890327687401059,0.0728376952319203,0.115054516940325,0.109460261836982,0.120090256937339,0.122948246154031,0.0768058631058511,0.100317459385324,0.0588453175098158,0.103974924217082,0.10141328036522,0.0991169316952102,0.0964556105210851,0.0792868966573142,0.124806715933515,0.110148458832724,0.110369011694571,0.0819682456471506,0.0919495382725135,0.0771676231801585,0.0919780644830091,0.0692258639608827,0.108953502621627,0.115112660745172,0.113321893179756,0.0936932099510476,0.140073943209937,0.0630969248151829,0.103981229363869,0.137360231708294,0.0834155249621138,0.0785654045093866,0.139836402321456,0.0806833786861548,0.12352328163363,0.090172644922893,0.0773114538251617,0.0943914594171896,0.114241381262518,0.0862159522712578,0.0872612924725194,0.0997319879213709,0.0923425863812418,0.148125489923989,0.0863696571380064,0.11753167108232,0.104586568012235,0.106138083453678,0.117808669912068,0.122404780519196,0.103232410615688,0.110889844416461,0.0926406090322258,0.0912729305726504,0.213203214752637,0.123561381454962,0.0789870919953438,0.118014601282515,0.123166193375636,0.0695434060550927,0.0861158006583159,0.110505533924181,0.111136562848627,0.0954334377662413,0.102447298379269,0.0872444658110855,0.0646066372554925,0.111422083097352,0.108238144354619,0.106148404022525,0.0420975053504944,0.0932873031868239,0.0990927470679468,0.0822018546898624,0.100719741663622,0.120912411158263,0.0773809243099455,0.0767405192344209,0.0901385570569175,0.0955862179996702
"auristellae",0.333369567155299,0.248366333237321,0.224564315499595,0.346514305776283,0.323866047268645,0.12283491704592,1,0.30088177789549,0.214210574596577,0.0900895432904475,0.172254465405638,0.208243189031552,0.201614129251325,0.29489738001284,0.24286462827626,0.26098153814705,0.201600309194748,0.269530977914322,0.275360269455986,0.156425301051428,0.225780571046371,0.28885311883979,0.220769627018231,0.18456743159171,0.196501067479174,0.223629297460943,0.118715162846886,0.334869197070959,0.153778170061113,0.262102255072048,0.201441411198156,0.216382660440547,0.370046783524519,0.138553901117134,0.193096898656289,0.222562609401812,0.321622431480019,0.224696167593224,0.194176863026669,0.145767910722354,0.262839702490932,0.255580822870745,0.154182337472636,0.186732389088263,0.203951541483937,0.151937967115792,0.182269019523802,0.225666246916025,0.171274365629887,0.111969645666265,0.275586380483088,0.148916877797026,0.318345882559719,0.301032004006673,0.169285998917469,0.195230472716986,0.184788622523986,0.150937652502787,0.103566487684512,0.157468133722311,0.294195199098691,0.238267621756147,0.126012039735107,0.228475737905439,0.266943630477816,0.37344028927358,0.213249768625349,0.274543616950375,0.28841393844929,0.242114258985727,0.188780436491602,0.217297484431227,0.21379788361173,0.197728894194884,0.124740491371534,0.282549227548318,0.180276816278594,0.147504090058475,0.295200100258521,0.276323135555412,0.173761052093574,0.199074646058731,0.239809325092997,0.178781106564432,0.0825373787292311,0.142599125159476,0.155346729546965,0.366773889964464,0.0423506979923687,0.193250809553792,0.287196916470427,0.293952700101868,0.126865179333252,0.309087121717295,0.196340651035882,0.229846720279269,0.132712557235371,0.292244587186359
"bourgonii",0.390378615641171,0.28861987612726,0.260539489624556,0.305647510458483,0.299863390607499,0.118900156115982,0.30088177789549,1,0.217914842116666,0.0869976655840213,0.159067029865425,0.249214657972118,0.199026291699393,0.305806428786065,0.266179806049251,0.339890849218997,0.168135544769155,0.211358079112972,0.269165289858328,0.167441898861157,0.20048630097303,0.435417580420526,0.164589962241986,0.184059305359558,0.353129198387136,0.242204221427014,0.13566781175738,0.303150570129844,0.126045557850783,0.32770304757905,0.218228907187136,0.173135658457595,0.370886947478303,0.116473230210317,0.196387021004723,0.281326625844808,0.334749875403599,0.212103504592644,0.225640322654727,0.128836409539086,0.17596148441259,0.260168795070208,0.179903178473318,0.193704699006162,0.208181536888349,0.165219900335669,0.204263729698319,0.23182513254226,0.181907412929984,0.105478879873109,0.301663758598893,0.140506690037398,0.428701358645327,0.312373802967298,0.188240300273329,0.201993038867509,0.152343513647664,0.143308321116869,0.0796019231804184,0.155888697819453,0.249149850771634,0.275078974842334,0.109335958336047,0.194491397107351,0.2788884912801,0.273439361314429,0.226872719341792,0.253852022904136,0.451625711013793,0.232505844271195,0.20142913605507,0.239751323862479,0.20502462088318,0.187450818246213,0.109747328077175,0.39168139842688,0.182299322649716,0.153525982806509,0.290609035128805,0.261166796588124,0.188391455106338,0.198730588735726,0.256261321501959,0.178651762153878,0.0755939349673215,0.144819786153191,0.129825733299611,0.309060679345113,0.0431073948230362,0.146509577869687,0.414294792493902,0.301636728425283,0.161857082830478,0.293685927148312,0.23916240908041,0.223966588370701,0.157061669377549,0.253413694629125
"brachyrhachis.aff",0.173685158985857,0.187275740793507,0.204956717600699,0.22632119101592,0.212158157927789,0.11655480621734,0.214210574596577,0.217914842116666,1,0.0721662838491261,0.115231494169924,0.174671539377304,0.122812723106486,0.37098638605759,0.297468298854975,0.225983443367101,0.263352919762025,0.311375986975667,0.20789147645955,0.0935520809612225,0.163537585804081,0.160917764249135,0.183401867310184,0.232901747435606,0.160529339255511,0.22330691997756,0.0804433959508901,0.190726743140862,0.176192504900065,0.229957181512669,0.180140540829796,0.144685374374027,0.22081209086492,0.122242682352368,0.180432767817471,0.209231104082556,0.146940030510097,0.156995359064847,0.131183959627152,0.0877744536571859,0.217403221397902,0.252706175497398,0.107036172768817,0.147725811529911,0.167964938017709,0.130120427519348,0.156222699732108,0.164191044428375,0.208469569085472,0.147951192334399,0.193386423737494,0.121603818614272,0.193600193440532,0.149643391721867,0.13241666917223,0.154355660598079,0.179285908761329,0.104897389206059,0.135994855560683,0.155375175087205,0.245764813267105,0.197700534981529,0.143678436628524,0.218656150249061,0.183476203541238,0.195277963888702,0.174238639448902,0.249439468114844,0.172407755095955,0.177592078658741,0.227603394366016,0.143976116501471,0.21192298991826,0.170994023854847,0.126976855037349,0.229010086693775,0.179672185898519,0.107975933808623,0.164927114166247,0.194965647592154,0.144493971478582,0.193489062840321,0.194360530162987,0.145155273271687,0.110702329676086,0.247791281175458,0.117154615366023,0.172761232761151,0.0621149601219829,0.163570062108232,0.162795796674088,0.142225676229876,0.136951044685299,0.239997947214639,0.160386264814807,0.131260858922443,0.171332719260031,0.224706529510897
"brachystachys",0.102055634928998,0.0966309970520693,0.0862919285314709,0.0919761999370753,0.192356579018936,0.0559714220812197,0.0900895432904475,0.0869976655840213,0.0721662838491261,1,0.289395010006597,0.233827744495897,0.165452017885925,0.0898732783465467,0.0715300081378128,0.0661091207229256,0.11788735573901,0.0940983313902613,0.0753733663982789,0.066385771583765,0.0921684102172247,0.0868645157832281,0.0874773788269003,0.0776567374948095,0.0562287360861474,0.236744261483171,0.0770556636202574,0.100452001457289,0.114149292435829,0.0872266813436761,0.0931757361451797,0.314577873847365,0.103895133499059,0.130934652602816,0.287018160366917,0.0606973571623547,0.0575239887215313,0.0652511304206571,0.0806402284898855,0.0703723733229505,0.299204147195977,0.0866303979294138,0.0821927811991259,0.0922935987193834,0.0851252309348745,0.0795611314742334,0.313535021838909,0.104006860249261,0.207453990946524,0.233444872899121,0.0746639520595635,0.0824839518420171,0.0865799997324582,0.073374951420602,0.0609910231626299,0.0721241729447368,0.0711131475119575,0.0752764881864906,0.199713160618491,0.109826524020599,0.086266566389963,0.0957581205135259,0.0858605264891752,0.109764167962621,0.0865024166598884,0.0864792160629361,0.0983610373396488,0.113458996461629,0.0892234585179133,0.0924635781950743,0.375145311900736,0.0978998495226953,0.0850427717528441,0.0765370408691157,0.0810016067133977,0.0883469977147917,0.0766310153375905,0.0660355242963543,0.060310052750015,0.115853113271442,0.0846354676418561,0.127197206284612,0.0954471563692459,0.112604527130414,0.0575215064942708,0.0656743306404697,0.0955408638028932,0.0691625709402436,0.0618273516488846,0.228076457132743,0.0947189608146592,0.226674897287216,0.0600477669257061,0.0849039339882804,0.0862557021541514,0.296958280017251,0.0698333128029808,0.0896823913665613
"brachystachys.aff",0.158112241084479,0.176935771905426,0.149421945642567,0.220297834507751,0.265194361989375,0.0752716956005248,0.172254465405638,0.159067029865425,0.115231494169924,0.289395010006597,1,0.288032472850711,0.195625370976941,0.155322263560325,0.146601235230071,0.140650197066165,0.146179461113654,0.153825856439581,0.165366150530416,0.118174404009247,0.14408562718653,0.17250148066154,0.138484532985278,0.10939440683624,0.124387404748985,0.28234219043172,0.0913424686639768,0.19770800577787,0.132236819415386,0.167199830082956,0.161036428292483,0.3270555543767,0.197631834910007,0.0836662586751538,0.362832924186935,0.148338696575423,0.182140237071022,0.118169899665819,0.14100622070434,0.115368963250521,0.319942634737162,0.159371538284949,0.121989671547685,0.11441897316836,0.133566622958101,0.100451864913011,0.340609140409968,0.221049145233748,0.245634431586085,0.246638139934234,0.179740793740671,0.14178937092777,0.163378418046166,0.15483609777882,0.107783996981434,0.136198420921064,0.128519922791846,0.112604036499663,0.188001530722341,0.120114074510377,0.171104855804296,0.145378854953347,0.0956864508963702,0.154751308069937,0.164072869781707,0.160661629779142,0.154346041522382,0.162058462304562,0.156275382789781,0.158962623744561,0.310839413477122,0.167039627023444,0.136269781981946,0.118889726341891,0.0970165831066173,0.135766626506971,0.148806493637045,0.11176175665483,0.13122863476698,0.187169361298484,0.14518308614993,0.182879820451461,0.186617720418926,0.112921325605671,0.0648283043592582,0.114446574159095,0.0959489848516388,0.17128814610811,0.0324075521712216,0.260664158694127,0.191746311514391,0.345763705382061,0.102656841792996,0.177000113703549,0.129814126472184,0.341470907409353,0.0832307695679238,0.179759631327691
"brevialata",0.260651571342914,0.18630350894054,0.174356949375542,0.239949475165066,0.308423880271599,0.105216988647821,0.208243189031552,0.249214657972118,0.174671539377304,0.233827744495897,0.288032472850711,1,0.257188738213506,0.222589601942815,0.189611316537411,0.186309126172797,0.162317552268252,0.200348872419803,0.201359642153807,0.102575609562935,0.186624698033613,0.241833052955774,0.17253531939428,0.135480553290661,0.17367178465368,0.350027041010021,0.107796568389685,0.186366584859465,0.138298523228395,0.222110787708713,0.209170380861179,0.303465323859816,0.24821287949082,0.108435437081975,0.312216510145299,0.1880104481979,0.195505557482629,0.206333094567665,0.136967362730728,0.122299754164951,0.326784621457697,0.19361698208332,0.112708793039648,0.173128124146632,0.159668184059973,0.129588112343766,0.305922004146472,0.177568088244982,0.311541383236751,0.265354192794257,0.186728865669475,0.126151187147567,0.244425124125571,0.170361595894049,0.141929158320107,0.161428539227402,0.129509226646685,0.122218020854655,0.192662605619181,0.141983690790989,0.218849991626151,0.176931095498113,0.102942940949411,0.187203517644948,0.188263105244234,0.182276217811603,0.132239916340899,0.204447106470937,0.227855679555462,0.154180155389493,0.312996013042077,0.159871539631916,0.165328028192002,0.163512545345412,0.111370587610405,0.235866495791589,0.134470558054616,0.119705552557503,0.156582490725415,0.184969185339559,0.162238810626815,0.195744023961435,0.183514857619627,0.181450228857142,0.0652228837968917,0.125490872719394,0.123650674443101,0.175331024940229,0.0345244422262799,0.295693862946716,0.243889594252725,0.301058064148602,0.106181176274287,0.223317357998342,0.182508209767303,0.29061429936891,0.124287843026508,0.236367126731119
"brevipes",0.196007980242231,0.202304666546992,0.186505538106445,0.208900639146167,0.261842389006039,0.0954414575562734,0.201614129251325,0.199026291699393,0.122812723106486,0.165452017885925,0.195625370976941,0.257188738213506,1,0.158448656407385,0.202857870462403,0.14299351825977,0.195225397290905,0.174087398986145,0.192472296167367,0.099625792488657,0.155147865932128,0.194232087247948,0.142928829188286,0.13838935398318,0.164391069148755,0.295318905862463,0.106216182204522,0.14348426730627,0.0979919653158671,0.216099531595221,0.138963261254727,0.300383733637151,0.238272256800168,0.104243593528832,0.235534885471301,0.210010049513047,0.1417147841518,0.211928606191876,0.133180722155076,0.122143873883584,0.237207584117558,0.194250944779887,0.110663297689024,0.18460980367821,0.144913324751775,0.138255967622319,0.221668476926452,0.171878244183815,0.221326061931823,0.19844512612881,0.167854068891321,0.118762446185756,0.194756366172787,0.189590201269229,0.140641042365159,0.157470003062017,0.117138186987549,0.127704629399906,0.154336520068721,0.136052044393802,0.164195441815955,0.158056306161791,0.0801253974310955,0.144469217683157,0.206572104639946,0.178130679780938,0.131823622106127,0.173849125226705,0.204716608925754,0.159292470850695,0.265658495387674,0.161452515378411,0.123598734724812,0.174968897612281,0.0923899326214923,0.19848624111744,0.113561573720772,0.119277842204504,0.152787147021218,0.149387790197462,0.167023232611809,0.176558258295857,0.205009588825601,0.139732526471778,0.0582505780748224,0.102373785726928,0.107274082507419,0.20144223776089,0.0395614895289349,0.223831005208744,0.175457005896246,0.253629862688947,0.167491969020208,0.242661527541193,0.219450912436998,0.212183751775251,0.0761686483830892,0.183002950763484
"capitata12",0.257397668097086,0.284175754923755,0.326663204540992,0.285545387002571,0.350365848214247,0.114883092872082,0.29489738001284,0.305806428786065,0.37098638605759,0.0898732783465467,0.155322263560325,0.222589601942815,0.158448656407385,1,0.369214564095606,0.556913014573872,0.220349536644046,0.300868096760097,0.272939466909521,0.146746996928684,0.198908250907249,0.270837275262286,0.17882666229256,0.216997837628824,0.239734696488542,0.324899220166631,0.103387309715334,0.314270365123012,0.150985963556712,0.344877452495448,0.211796191909005,0.170944001073034,0.304946498247512,0.133502568082389,0.221591670015702,0.326324429814949,0.204860428066648,0.202486711021724,0.179104849963794,0.134561854637363,0.264584501166418,0.384953721646054,0.1850321460119,0.1561332415289,0.225275824534346,0.148408139776162,0.211595953009667,0.3017508040081,0.271390761121182,0.135537347566785,0.299603178970291,0.140902906110356,0.266069409553193,0.209947255149373,0.181449705464638,0.191592427591421,0.172473094641271,0.122373225014077,0.106436695188859,0.158792507934311,0.355081405815542,0.300207950406096,0.145235752405987,0.251367472058517,0.397531464164475,0.244701014180326,0.187311292959028,0.279567502780374,0.263918913859533,0.301545170656865,0.27067648285283,0.232366539273078,0.235429692799738,0.199145075056848,0.120880383500847,0.261206481360064,0.234040542836852,0.149783321816318,0.189751365084553,0.297503639263349,0.164483746921998,0.205725926789169,0.290711386416188,0.158306195932401,0.110767907761916,0.183600582570289,0.151409461206824,0.261454340179568,0.0502650372786658,0.174861887205872,0.253039149151095,0.205561476677011,0.140725016180582,0.357170662988444,0.208990372953725,0.16289778410479,0.147268787955076,0.302226459015873
"capitata33",0.229822213008045,0.352086764218687,0.302203779439066,0.272339055671368,0.299030306176989,0.119527934580437,0.24286462827626,0.266179806049251,0.297468298854975,0.0715300081378128,0.146601235230071,0.189611316537411,0.202857870462403,0.369214564095606,1,0.422408319500368,0.182041512465326,0.204075287501292,0.274906352534164,0.132930988862307,0.20771442115122,0.213136122911721,0.170050384712371,0.168283524382388,0.2398387657313,0.209454122242643,0.12273516716153,0.179010103172158,0.123729320149942,0.318971496324726,0.169139613099275,0.173786709679349,0.298608030033637,0.126405222900625,0.183906998544839,0.274119922208669,0.189856526017066,0.200801327481592,0.178671754640973,0.159342043717345,0.18247575328083,0.268994617631004,0.203512265100849,0.200815273297809,0.182078417967281,0.113984021232723,0.189566903556724,0.311600134207437,0.205685653482363,0.117094633969985,0.240756029020947,0.13340064754754,0.251742675078506,0.205777111129568,0.175118327199144,0.222430343261894,0.140794005939851,0.148242187422321,0.0671238455695919,0.145653381503476,0.276724889681048,0.269201988644987,0.0902405791517029,0.219287254501232,0.415541510578203,0.226380303946944,0.230356206433629,0.233936431652919,0.226658730587573,0.316999756228503,0.202957579259204,0.198325782789924,0.182669539206797,0.217593048842464,0.0992762345013461,0.229858988114995,0.148763639437875,0.12783394379428,0.194721321962366,0.228778818885832,0.162607546411832,0.189383484821081,0.252410018744946,0.162785991585165,0.0652252894114998,0.139955817381948,0.11839316564716,0.19411754734123,0.0390491222746474,0.154904911396735,0.197944725169578,0.169280916681077,0.114846957634071,0.289393049753772,0.226254095881447,0.136065214282578,0.0956439338507987,0.25996015430202
"capitata35",0.299940372249705,0.287548886456422,0.283580994665657,0.254790863159734,0.309350020799627,0.0923678948521939,0.26098153814705,0.339890849218997,0.225983443367101,0.0661091207229256,0.140650197066165,0.186309126172797,0.14299351825977,0.556913014573872,0.422408319500368,1,0.177054978769971,0.187116485369029,0.324207679379727,0.133035262170774,0.172499352578411,0.300716889976519,0.135503439817837,0.153220872019167,0.361782378757869,0.304703063621837,0.0904519641770641,0.23094827648887,0.110807413758237,0.434995699454123,0.154202445042065,0.155652293252798,0.280851118630865,0.0970237592401153,0.177725313151971,0.417790737926418,0.265586041931183,0.22624737390204,0.185896524786434,0.128198701261178,0.158840221429847,0.329936715616598,0.184068997789449,0.164744299750899,0.189172191695567,0.09790567993621,0.205587442894617,0.261155058416869,0.267421035690514,0.0816950172218225,0.3724677479565,0.136943946115178,0.299896812653742,0.233900224131344,0.155400407121631,0.205473873375159,0.140613930775943,0.106171644929567,0.0578929912605463,0.121040274554661,0.384717760239949,0.251029636179248,0.0796830483017053,0.205485922987309,0.386034757190882,0.208517847505785,0.202135891566692,0.218009586690791,0.342102585265655,0.279131560511932,0.247015345198591,0.282888271059531,0.159875973235209,0.180196197583865,0.0849223193343769,0.276587056412098,0.158625437776859,0.13124333814365,0.215367162413027,0.240448979540396,0.125231771231889,0.168745882659135,0.277890973253005,0.136884395711307,0.0571057927691698,0.130640313659875,0.102029626321296,0.264091190765964,0.0289826012283755,0.130849916552677,0.316203829162075,0.217237074771775,0.0837724231701547,0.373413859855034,0.243815581175578,0.162583222415051,0.101906678783603,0.321596543815459
"cayennensis",0.167237637782525,0.1854047791603,0.258568788506706,0.181082104227765,0.179585144049368,0.109103415847807,0.201600309194748,0.168135544769155,0.263352919762025,0.11788735573901,0.146179461113654,0.162317552268252,0.195225397290905,0.220349536644046,0.182041512465326,0.177054978769971,1,0.298309627607288,0.179887069869762,0.0881662120789043,0.132949920915704,0.136750307231725,0.14291172844001,0.166092222640469,0.119024676351665,0.149689060844148,0.0753951344506864,0.187885795789364,0.192768596437375,0.161204659382633,0.158184485301803,0.1619982895253,0.181577969450133,0.140354802621141,0.159456216995312,0.131988722558696,0.111418270667368,0.169390813194046,0.104898629370659,0.0867438824779257,0.162753327167422,0.313006210186192,0.109139463895361,0.150455268495137,0.146779234530002,0.142800197690699,0.126004463610694,0.169033161517035,0.121614979331997,0.125351440824275,0.135709778760803,0.173023091076024,0.152621604300067,0.130209927088805,0.107143391095426,0.139964340041675,0.179759260980883,0.112103882174706,0.165546809067171,0.138131324396316,0.165625648039391,0.181415210786822,0.198464854211759,0.293781675584943,0.160197118089586,0.151643095808823,0.139782096108231,0.305189492644948,0.151382796744821,0.145671519353003,0.149862439902288,0.162827645610534,0.162720414631497,0.157576312174564,0.135773865289733,0.155438668049264,0.266122691451864,0.102946493320914,0.109976098583423,0.214781749140636,0.162861046918648,0.189671777417414,0.165482272378143,0.136430814246069,0.199780946763,0.195329591221728,0.127454354575689,0.193581776542131,0.0608498204169624,0.135312333352681,0.138534362390321,0.109312537478364,0.1447869637144,0.178690618651774,0.140281376670833,0.104220548719577,0.177040816715101,0.204279182339919
"chartacea",0.220188998620181,0.291723575707869,0.23463728154623,0.234561072670852,0.217891287878641,0.124105751335636,0.269530977914322,0.211358079112972,0.311375986975667,0.0940983313902613,0.153825856439581,0.200348872419803,0.174087398986145,0.300868096760097,0.204075287501292,0.187116485369029,0.298309627607288,1,0.180325629596273,0.11622361171682,0.192224015313525,0.172983356510694,0.183489425757596,0.212648109025115,0.15969813144064,0.213682865310346,0.0950432265494141,0.302271069164686,0.176932034352994,0.221643155071047,0.192619039953779,0.179677595419056,0.253575219699289,0.122531627354539,0.195558253292889,0.19593559909587,0.141244061964319,0.190124791897238,0.142807523081099,0.0992734353825602,0.278713122363598,0.321523222260575,0.137060958671406,0.149292998392628,0.219304116148748,0.157976951878137,0.160134142182765,0.2029662892587,0.231189633750323,0.149803068180168,0.213417840080734,0.140104679964325,0.202311428920372,0.168841380739826,0.142541728509514,0.159753926832607,0.209002819905227,0.126504538114025,0.215983203861524,0.175672644776885,0.210971380591464,0.24843871766035,0.174577948064356,0.238751711012717,0.218197443341376,0.231250177832885,0.176965507844192,0.3812005037341,0.195349243276739,0.258927933770546,0.211294854246561,0.179048716990338,0.206831316615784,0.172120511486078,0.147565313432178,0.233912839080226,0.181297467706277,0.128566610020164,0.144703965014346,0.245202688425153,0.188278011105966,0.218205854937807,0.226945084466292,0.179852698275649,0.127012570158591,0.285817648779423,0.150318450505221,0.195617937286399,0.06318420110071,0.189801571865782,0.174358138151469,0.14916219365583,0.158827884377838,0.266747501724497,0.178277691083576,0.128752632405932,0.179573310609875,0.223558996321945
"cinnamomea",0.261041271836741,0.242800145837916,0.248617396816214,0.254015831633602,0.280524890329296,0.0890327687401059,0.275360269455986,0.269165289858328,0.20789147645955,0.0753733663982789,0.165366150530416,0.201359642153807,0.192472296167367,0.272939466909521,0.274906352534164,0.324207679379727,0.179887069869762,0.180325629596273,1,0.183852429099458,0.159818900783021,0.285444139212711,0.127371637153954,0.140847511478574,0.267108283978759,0.216259674071017,0.120261800280905,0.197216765478779,0.115462397771017,0.26334961602168,0.165308331270596,0.226550947460114,0.243540285966372,0.0960509268481887,0.162896417433166,0.247023523412263,0.240849231288731,0.263199653060399,0.191805005073818,0.147785081571667,0.139821780482849,0.201052180445365,0.141247618938742,0.16293738812242,0.174926705382131,0.118482769459442,0.176611850747049,0.190903443521511,0.153010383444076,0.0864349934399476,0.249300507526813,0.116609160360073,0.267760601987196,0.235096795585121,0.123719736330506,0.197983731548744,0.147637510862782,0.111503311944323,0.0686884459807879,0.12449067373515,0.233348685927861,0.196334297904804,0.0862942731984312,0.177156828796375,0.272926637433075,0.204815302153762,0.166816978981003,0.201974855853177,0.261635238504106,0.179083113157613,0.159304338596658,0.18490717585606,0.173412491505216,0.17880033854445,0.126278542239223,0.234149613646283,0.126433279075269,0.119790167897691,0.203046699639352,0.190002342981272,0.140168421811567,0.14425582455731,0.222693279085033,0.145463140334072,0.0617697275339424,0.110719542185346,0.110048306213555,0.279490129424387,0.0307875346624028,0.136883305233312,0.246677300085189,0.192924382281454,0.0801837874959281,0.289557776851714,0.192779956649761,0.17459010196817,0.0981876293276906,0.248260367476166
"cocleensis",0.133932502415842,0.138490646098277,0.13016666429473,0.161175261851329,0.247886217345804,0.0728376952319203,0.156425301051428,0.167441898861157,0.0935520809612225,0.066385771583765,0.118174404009247,0.102575609562935,0.099625792488657,0.146746996928684,0.132930988862307,0.133035262170774,0.0881662120789043,0.11622361171682,0.183852429099458,1,0.152872538887588,0.16815563885458,0.127630324257281,0.0961764319892582,0.135928198429206,0.115095310009684,0.107740132145884,0.153468430957302,0.0810166831959049,0.154672389753017,0.112001615261188,0.106147027707263,0.161462286093787,0.0783411664267301,0.119326596254298,0.128227590506476,0.130002706788642,0.102518045551207,0.137380966762513,0.0978863892992949,0.106374499643302,0.127860145205691,0.104448555064315,0.09010671320699,0.126511916807858,0.091268285181618,0.114557013862249,0.142049989328768,0.0853320345189295,0.0756171722991785,0.135779495343951,0.0948962953180218,0.142194038431576,0.147041791216396,0.134962157690705,0.10585060535993,0.104457898772501,0.114470640908023,0.0620241104820286,0.101758216582311,0.135689900692877,0.136381801048759,0.0632026887364014,0.126310975815096,0.148894200724255,0.123318677814443,0.134914777230082,0.125041067200474,0.164316238361717,0.147143923991583,0.090760153894562,0.123622587421162,0.116717401824871,0.112016820432028,0.0948880835034417,0.145040927223423,0.106056334976993,0.0884535552792361,0.112713022799035,0.175694890844322,0.136422248853188,0.117174070128199,0.112921401817906,0.121685484538533,0.0487192530375092,0.0889512985197996,0.114201174067938,0.128490071602238,0.0323051430402325,0.10029665593145,0.156369501930153,0.131419037120393,0.0902395901085391,0.130627458244683,0.112391031132291,0.0866163633798454,0.065270195010389,0.153554024642723
"cordatoalata",0.208470964131125,0.288496478084238,0.186085799352392,0.237504606419652,0.192762511170362,0.115054516940325,0.225780571046371,0.20048630097303,0.163537585804081,0.0921684102172247,0.14408562718653,0.186624698033613,0.155147865932128,0.198908250907249,0.20771442115122,0.172499352578411,0.132949920915704,0.192224015313525,0.159818900783021,0.152872538887588,1,0.178395547653775,0.195310325465954,0.162601193423359,0.146991255668827,0.152944045212503,0.108159680596316,0.204108820605896,0.135615973613325,0.201300640400044,0.157515670349883,0.13930605927821,0.271921537978467,0.141097199989881,0.174454217339379,0.16173555679049,0.171664118668951,0.168830156106817,0.250741635553595,0.138944440655267,0.191731558428604,0.216581639488936,0.149886821900109,0.158530509225735,0.17648902209567,0.123745262883016,0.134208225416651,0.216775263755516,0.128846570033833,0.11142124385053,0.215360291397897,0.140603613483598,0.211249358430747,0.155925645657878,0.162382824867049,0.163851338358087,0.176741243040447,0.244735168122763,0.0869505042366188,0.164325023993765,0.201960392015111,0.212189395002876,0.112964813420542,0.193972959449755,0.2009483808923,0.261490337845659,0.273737443418882,0.232230790438478,0.17620452112987,0.235397249660858,0.159601938298276,0.166132927083347,0.177288550893055,0.168087353960566,0.123606382636999,0.196716580400652,0.166426647928958,0.125856220605135,0.140163981762581,0.3248707928913,0.14565762366876,0.193381399607472,0.192712145317417,0.21741881420097,0.111308295516084,0.121189212776589,0.15156063967976,0.165761805565628,0.0562985934053721,0.175300774112024,0.193667471209304,0.140435791774776,0.105773675339716,0.210047362482462,0.272781889857893,0.100020680582329,0.0949803946153767,0.208437185035725
"coruscans",0.378598134489101,0.20927366398901,0.195907903804033,0.294343728869624,0.255543940049299,0.109460261836982,0.28885311883979,0.435417580420526,0.160917764249135,0.0868645157832281,0.17250148066154,0.241833052955774,0.194232087247948,0.270837275262286,0.213136122911721,0.300716889976519,0.136750307231725,0.172983356510694,0.285444139212711,0.16815563885458,0.178395547653775,1,0.212757310046842,0.146316843370531,0.363820347685209,0.208555811380501,0.136460731796646,0.359675938490177,0.123782345996475,0.283655878700841,0.195149917538093,0.181994514515627,0.35327217722516,0.109931484940179,0.170049772914251,0.264186086166077,0.41280300106315,0.207301526476282,0.20445516956503,0.154309826032142,0.149201352832068,0.191686342260026,0.144375290433013,0.171237441964544,0.188339634517062,0.131598226809925,0.192213949000491,0.245536836641209,0.146672855738335,0.10857329668033,0.308919028412189,0.133427600159583,0.353023722968647,0.34416624864091,0.131043718286237,0.194632996179381,0.141434040717115,0.135007991315971,0.0603771372332493,0.149718533099832,0.241007894538299,0.212872136309956,0.091978596805594,0.1603126662372,0.249908823595358,0.260132305485658,0.174082307785616,0.195770459334753,0.464145450392159,0.192077752112303,0.149318952015091,0.223419968696861,0.160969767264003,0.166099117889196,0.104225749488033,0.308776824649594,0.157365065396256,0.149170100402567,0.274970335036684,0.223588032136312,0.175866521716448,0.156642057162317,0.214017779966574,0.14119323733954,0.0644314780639826,0.113492529842517,0.108572304463357,0.376686332375589,0.0402262879928309,0.155586274483318,0.482822073078475,0.366533043119252,0.115391113485935,0.264198069582609,0.196600691509971,0.276633832210248,0.141535963421637,0.23055635134083
