"","acreana","acrocephala","acuminata","alata","alba","aria","auristellae","bourgonii","brachyrhachis.aff","brachystachys","brachystachys.aff","brevialata","brevipes","capitata12","capitata33","capitata35","cayennensis","chartacea","cinnamomea","cocleensis","cordatoalata","coruscans","cylindrica","edulis","fastuosa","flagelliformis","fosteriana","glomeriflora","goldmanii","gracilifolia","grandiflora","heterophylla","huberi","ingoides","jenmanii","kursarii","LA17","LA41","LA48","lateriflora","laurina","leiocalycina","leiocalycina.aff","lomatophylla","longiflora","longipedunculata","loubryana","M18","M25","M27b","M30","M71","marginata","melinonis","microcoma","multinervis","nobilis","nouragensis","obidensis","oerstediana","paraensis","pezizifera","pezizifera.aff","pitmanii","poeppigiana","punctata","retinocarpa","rubiginosa","ruiziana","sapindoides","sertulifera","setosa","spectabilis","splendens","stipularis","striata","suaveolens","subcapitata","T18","T21","T29","T50","T51","T82","T85","tenuistipula","thibaudiana","tomentosa","ulei","umbellifera","umbellifera.aff","umbratica","velutina","venusta","vera","virgultosa","vismiifolia","Zygia mediana"
"acreana",1,0.31881166986123,0.170294549956965,0.339149154279204,0.178900824796136,0.173083649560048,0.189237373979356,0.205505159308452,0.193039786203747,0.153142940549799,0.195933828119271,0.195835750352233,0.177846757124502,0.212278956694103,0.261471134158926,0.211190313733212,0.138541439526863,0.239309958805503,0.179938335587053,0.224428325026281,0.343087841055139,0.205569448589737,0.150579207402537,0.198244135817205,0.160602170383101,0.203926370622874,0.168931568444883,0.248577791215036,0.190755887479036,0.258979074472454,0.328086244848347,0.282443888325531,0.289914442781552,0.183376628099735,0.263956988816173,0.286985340435122,0.23475113096884,0.176725655659148,0.269899723254737,0.220347127486753,0.199895473714815,0.224961255305589,0.18421504563176,0.254944606440414,0.155457152004525,0.191746551739183,0.237476846375922,0.26392226242724,0.231069438344109,0.157773398406031,0.214233099298431,0.162821308481508,0.254004696169002,0.16739163665265,0.140664598865064,0.171158819509757,0.226488973394043,0.295737442428723,0.173799176614226,0.166821814574211,0.22417661146932,0.240892922899966,0.247029893996294,0.276437040766621,0.167795922574027,0.248842660001101,0.144927062526203,0.252793177419291,0.192509913978933,0.227586271512807,0.164760261141307,0.207203639280594,0.211476506800628,0.169975459425095,0.132211406567192,0.199029419534282,0.209503012011602,0.136801260070377,0.216593341679882,0.203204959032035,0.195414584867623,0.16270549809029,0.149542917810402,0.198880582075825,0.264700752955005,0.19449098295987,0.202513943844313,0.184078490474577,0.14456233048243,0.190207557927374,0.161990988824643,0.220951665979883,0.180312138089553,0.168981613438617,0.146826655604809,0.158510893349968,0.29332831780067,0.237254049878193
"acrocephala",0.31881166986123,1,0.188096680083717,0.392493776987266,0.272670830990145,0.195956097094306,0.254369730968242,0.235623944012174,0.228519224692051,0.131584469285671,0.213647649206284,0.18619477713068,0.188888117223211,0.173059996435721,0.194538584902156,0.230400920521047,0.112486442585973,0.227440643989213,0.191807331890538,0.297834001997107,0.351049664739302,0.210300325075994,0.200099354989291,0.256615869783381,0.146625373285367,0.218688679532069,0.115763063145489,0.156164164297038,0.223155256253843,0.171477062798715,0.231534539561748,0.305309032764741,0.285144747301282,0.229356058571364,0.194069790040429,0.331485298379396,0.224134162755502,0.156840725215675,0.292171815868034,0.170868838851769,0.24401127385311,0.203413565108044,0.149695570405818,0.290900872615358,0.146886719712233,0.230767274411245,0.253646277035704,0.334853144807928,0.191208367554892,0.175418258295605,0.242047824391262,0.173865257428495,0.340017555308693,0.205594112732334,0.114611241972887,0.134803356028775,0.253750984408734,0.374141923647343,0.194605615593477,0.16592707039128,0.233164540300264,0.280941203780607,0.246738807061101,0.269978064904233,0.207322957672818,0.245582942464508,0.129253359575993,0.373243449222256,0.203685986129801,0.213710411896064,0.160824187247395,0.167318245069725,0.253417919908745,0.170669247355351,0.176404564835751,0.25431299391732,0.190883817403587,0.132777389741578,0.195190434144644,0.215984672909969,0.216815485758062,0.207144882204217,0.119408154246843,0.211340164283399,0.161445921347354,0.203206119600359,0.20861547617991,0.229243929513674,0.172052478851554,0.223221886317555,0.147406218886253,0.190703441073956,0.210893075930123,0.186091873479575,0.233218702706522,0.169529673649029,0.358653240532094,0.264492000933718
"acuminata",0.170294549956965,0.188096680083717,1,0.187305952959541,0.222504201459715,0.12905106130791,0.126020970159322,0.24005083164434,0.301503302621869,0.131050005629557,0.14726168598426,0.16101344075505,0.116046768530939,0.177396599866188,0.204091038812994,0.283320900097374,0.133579159560453,0.200376133583385,0.149790643307419,0.212699465365629,0.135586538126524,0.284185587488145,0.279890861496675,0.152636828778445,0.11451282525942,0.192967478177888,0.0871192396410979,0.156552193149482,0.253786397807628,0.146417334215835,0.19190675077592,0.143751636393077,0.197241410822995,0.267091533301954,0.161642145024767,0.19309418003579,0.267386947111127,0.340024121932482,0.198314361270192,0.143980666240151,0.224927620740141,0.214796892180992,0.112440445516428,0.188961067192583,0.240218975226657,0.210227734053632,0.105204902550189,0.208040614564657,0.197683133346659,0.185726809548488,0.151682424970329,0.105581253011066,0.22073066918729,0.185699323937116,0.114520811821693,0.142320971375967,0.264616791382737,0.259290707358119,0.166841145565081,0.308263433429639,0.207153712837574,0.207563923832135,0.147813348185401,0.206443430055816,0.21725011273418,0.196087944631412,0.174876616841635,0.232538939434412,0.183283722770141,0.140294559251067,0.198589522508136,0.118055520604018,0.145136309837474,0.216341969892329,0.0840210469968876,0.254218575667243,0.152808832441073,0.122688188953249,0.228692661065532,0.225410587005967,0.249724855120398,0.0963765079958457,0.0815591496797084,0.146824326102842,0.127541748137084,0.159066654107724,0.251708258643515,0.273334366182914,0.188825012193568,0.133574056053911,0.236027445668689,0.209533274299131,0.255402941892574,0.19718086537615,0.155708258656572,0.205357631053732,0.158215608104505,0.24766147580036
"alata",0.339149154279204,0.392493776987266,0.187305952959541,1,0.210952505252658,0.210544717099336,0.230511329960403,0.298150251112944,0.221986287836338,0.148429371244419,0.206370522477873,0.19860911521315,0.183246338472632,0.242575471740447,0.239304323871168,0.238870161784009,0.124295042080116,0.229984387339625,0.216617353149769,0.319833723796013,0.311721159863559,0.226605002630384,0.196613420143513,0.253677761105463,0.171178297659,0.223081692617472,0.128194978975266,0.196319872745109,0.23145434058754,0.205280981917792,0.263546458600542,0.287741242675796,0.308789083544931,0.208539752671757,0.227149590561623,0.266675615389135,0.202687447644196,0.165005176870121,0.255800846172273,0.182869555791987,0.219684270319782,0.207618465483336,0.150751730304007,0.317477277179156,0.161774836149904,0.22272785287284,0.204632293860356,0.329047065590993,0.210105347267598,0.198714308614561,0.240148170264736,0.189136546761866,0.315745290335694,0.222773800935357,0.163985808132318,0.150519170922639,0.264357354798365,0.315266479743566,0.175353479679982,0.174430721595928,0.249762096977282,0.294021706558467,0.253622198249761,0.297675969500591,0.212109120952148,0.264670532635068,0.146505464711102,0.364141789988273,0.240221562114678,0.243488268979646,0.184268565688534,0.176040328016278,0.237741485813249,0.203337152218194,0.146670979355065,0.276782512198376,0.209371286089447,0.124698938111362,0.205561337432183,0.245267962998791,0.213157382163867,0.227626484767814,0.151600796055569,0.280444340755588,0.168176469561739,0.204567885087406,0.240641972824603,0.222442827231895,0.166391601262561,0.199275032462849,0.161324507124928,0.222731328754826,0.191739349733462,0.232007633615525,0.245531840390052,0.171879636180216,0.29597605960202,0.295206968271605
"alba",0.178900824796136,0.272670830990145,0.222504201459715,0.210952505252658,1,0.121922125881218,0.14959496572941,0.293288199502205,0.285612887384594,0.247244879022288,0.279593550787544,0.296698357776437,0.232041722783181,0.172816222086271,0.222949995376279,0.265314232148186,0.102711801723494,0.213194706018749,0.175908040861717,0.244562477751399,0.180178401338878,0.225109303803845,0.253966875000875,0.184167353741358,0.137903019032582,0.322698666065615,0.104032769579003,0.163858298337191,0.216945011543656,0.156901361152337,0.199642676870445,0.257586624442393,0.235602720026637,0.24224906997339,0.293187172706087,0.161750839914715,0.206547267464856,0.135362262832967,0.171479099417634,0.193836246003458,0.323725478399096,0.221626973472233,0.131919455565702,0.194522576622179,0.158135641299386,0.189411041722961,0.240556916606045,0.185728699982454,0.300928796794054,0.256146751868755,0.203348794656316,0.156185170718444,0.253530059903985,0.198897854281677,0.12177850775049,0.151982278455708,0.235539377928746,0.24012593386162,0.304041435150805,0.196674612361904,0.283926804362545,0.234160379838985,0.154415700783049,0.193083501412113,0.201794081541891,0.211388066088697,0.129863489201447,0.272669878214995,0.209372942165251,0.209866429650735,0.355714698271396,0.13477091094317,0.169017008781508,0.225684420243925,0.122561622626634,0.253360735853363,0.173681522202904,0.117653897373992,0.206261473516345,0.221220793343163,0.181857505364259,0.149051708576553,0.122439530797365,0.165176594297702,0.143855922783177,0.180653908460102,0.244103072940752,0.249346567844602,0.145501704654735,0.253666794941529,0.200389456797147,0.322299249590801,0.23389161557309,0.189036806540544,0.145684435458346,0.329167069877704,0.158233733365845,0.286673062072569
"aria",0.173083649560048,0.195956097094306,0.12905106130791,0.210544717099336,0.121922125881218,1,0.12585278336165,0.157195914591059,0.151562503978079,0.0924151753901404,0.117340000110121,0.128651913049689,0.153717398480086,0.124936534232819,0.149716983491175,0.171635714139732,0.113433857275118,0.16249602644951,0.151720300525175,0.161885341641088,0.172169198191431,0.165904616983735,0.132078931549805,0.1618665314094,0.0952953418590117,0.134843388036502,0.070832880533531,0.153103742385873,0.14622758129802,0.1290422591286,0.154445382301791,0.14993378599474,0.196114568019921,0.150556541732965,0.150409117964629,0.147556474999833,0.144001003780827,0.109120309633777,0.166628770857537,0.106192663668809,0.127524932064736,0.173452048834087,0.0853946552977489,0.188792432278576,0.118536428230715,0.133016647607577,0.112853933853905,0.163113806949063,0.139231796892161,0.137129243839968,0.145367485604945,0.129965341358584,0.15443834689514,0.182408035239423,0.119309436177799,0.137594905664097,0.151983725577877,0.174167234658992,0.128443012360435,0.133987386570959,0.127071169828322,0.165970708249165,0.139681718230132,0.219108205516395,0.166443160633623,0.156562587166689,0.106456669229304,0.170384251389255,0.141793053295121,0.13718652238458,0.113353299334094,0.127242665234794,0.146249098913622,0.152580956378494,0.0857957413779759,0.153070789607683,0.14136842583574,0.0949955973519014,0.172107704727084,0.154614108559056,0.180471447927684,0.116785037585363,0.111481200314311,0.153550175501822,0.0922302774455943,0.126116623296783,0.159584898823302,0.131148482838077,0.181171685062239,0.11820758891052,0.157225299382593,0.11012075678807,0.108985392522164,0.142078317347765,0.139069110070824,0.0919820332053316,0.169502872176249,0.198905606513708
"auristellae",0.189237373979356,0.254369730968242,0.126020970159322,0.230511329960403,0.14959496572941,0.12585278336165,1,0.218740463454888,0.16937581846098,0.123728479457892,0.192892246242248,0.103797008657834,0.1289450368156,0.120989234237124,0.163366006727134,0.160068333743386,0.0877990412621461,0.177825188669255,0.153332545774404,0.216541734494302,0.29646378373408,0.14204410734895,0.130853742737134,0.204850213023968,0.206941560021435,0.166706862933758,0.166130234772055,0.13374765790647,0.147024510717773,0.140048042213687,0.206059286547367,0.117996292373418,0.157613123629607,0.152917278485997,0.17866046999412,0.106373582918162,0.146099043670538,0.104876487941886,0.147325213476347,0.133277242958815,0.139949124314614,0.147417226364548,0.190876300317844,0.198361979685731,0.170191982428623,0.142230646534065,0.113196711412924,0.109839761917133,0.145440806151105,0.134354680167985,0.187904990368916,0.159010141557902,0.294260937387924,0.166220998245674,0.101223236547012,0.152959256190757,0.137780975815004,0.140314706141244,0.138082081960575,0.128060394309799,0.224184760882582,0.202964604760278,0.20479494484349,0.140340893436978,0.198149224244299,0.186931483636073,0.108328365489359,0.259025487180234,0.146191805793791,0.259298003527625,0.123809805677623,0.189117263269911,0.354225117992679,0.156879465970149,0.35297475652671,0.191724241616718,0.173104234705794,0.120391444711893,0.142797245535382,0.180923897808804,0.156378233241052,0.353674244896287,0.169437498299712,0.13921962448068,0.192825151389077,0.151760445055313,0.150420341481171,0.163096180112693,0.104845346852764,0.278248954439803,0.0961327964015932,0.124268118075004,0.1541375650022,0.131209240476299,0.180891628179462,0.125280820853278,0.125017870390644,0.183517247944328
"bourgonii",0.205505159308452,0.235623944012174,0.24005083164434,0.298150251112944,0.293288199502205,0.157195914591059,0.218740463454888,1,0.268841793390687,0.150762774311694,0.160709044561733,0.150393152492167,0.136474987541144,0.15480605808028,0.211248510900343,0.269962038334802,0.117060056264076,0.199608921543713,0.18436308712822,0.258395431630312,0.216543864066658,0.237024050613613,0.262194845250827,0.203027199202085,0.145562290589983,0.237677287611549,0.117276320402425,0.189273880959227,0.228806032591696,0.146373314940726,0.238733819195442,0.181226650061847,0.194706506495163,0.209286378918581,0.201459163026023,0.168574581578263,0.210624437502378,0.140666178563254,0.179116281281622,0.170671492188463,0.245154958582987,0.209307340695153,0.136997195377531,0.204132427938413,0.137920487880241,0.197191618113159,0.11591433251595,0.166881769518963,0.199828701298804,0.163970132480812,0.170018602093198,0.138561231942228,0.268122344881251,0.208861639176639,0.12825083885369,0.229401858358576,0.270511228874625,0.223815618659642,0.175343124337534,0.191047451124425,0.294313607029623,0.231627033084763,0.173297398556652,0.192745544913566,0.278747535884061,0.198206211057242,0.137149783870569,0.336894481039763,0.226171027507352,0.204245293074705,0.254145848473996,0.148769227094817,0.2171164322374,0.281147065275367,0.149951243038801,0.288324271594317,0.185272030949115,0.11049926148101,0.220752873439504,0.220574201513919,0.201976584420971,0.162133086209503,0.100107454635157,0.167943993875383,0.158224464404603,0.224970950761773,0.226534941371046,0.241879907065684,0.172921075074266,0.177491492939938,0.217600993742811,0.221134091087768,0.230532286769974,0.306918329894764,0.169922033641221,0.224832607355696,0.173756415072778,0.264438752007428
"brachyrhachis.aff",0.193039786203747,0.228519224692051,0.301503302621869,0.221986287836338,0.285612887384594,0.151562503978079,0.16937581846098,0.268841793390687,1,0.13661712513829,0.169763815109416,0.171194996748747,0.144055929543573,0.191373305202638,0.268945485234408,0.339431221678886,0.119901622762237,0.245029210539585,0.201933976795244,0.270497073182352,0.18013417422699,0.300299903697977,0.319926734574692,0.24000100883271,0.137877217238086,0.22430592368707,0.0958598450797057,0.207863437410997,0.323496430779907,0.142875265298792,0.257626582049538,0.15839926117897,0.270145723104402,0.29056176200606,0.189870268432327,0.183224222643352,0.297587673073035,0.161545261341985,0.20634105156179,0.187190904773828,0.266947978516979,0.227188291709251,0.135643737382421,0.227344862545719,0.149091138909864,0.266091223295736,0.134520744872489,0.236607205375005,0.22411401923866,0.200752367605285,0.220639657595939,0.150069097817658,0.263038012521953,0.200897726047024,0.170162992147985,0.168149175470253,0.283990883795307,0.29140233738474,0.203560172613183,0.221260846393547,0.242361077918035,0.264688191230288,0.172949527303545,0.232981184538633,0.288834151272379,0.245021157163454,0.166545155925578,0.315908453549361,0.246173136236947,0.236643982714504,0.200316078957083,0.163981021829226,0.186828808560769,0.225124069806488,0.12489891466849,0.334781596263595,0.203204209195275,0.11845292354078,0.273170645221373,0.256077598549936,0.271430654964386,0.135099984271628,0.0942164681548472,0.168598099894528,0.155417428799263,0.235032182912684,0.320006247578219,0.302783406074474,0.234786438072489,0.176140280904355,0.203632010211247,0.218207244712588,0.252692954514017,0.20655424248788,0.224844948384954,0.225126946776819,0.225888609261133,0.340923490218772
"brachystachys",0.153142940549799,0.131584469285671,0.131050005629557,0.148429371244419,0.247244879022288,0.0924151753901404,0.123728479457892,0.150762774311694,0.13661712513829,1,0.346955961100376,0.282108148819276,0.199817521915846,0.123837357034963,0.146224020359238,0.147613294532138,0.0807197617695536,0.155520755986729,0.118751269479525,0.140283717031921,0.183674181436201,0.159917228263136,0.12870930701858,0.11150526112339,0.171033013021528,0.315474380254611,0.0988910531914612,0.121733574145102,0.123806290630368,0.151036488763138,0.159046870664581,0.389724407539871,0.144756051968942,0.129095695797434,0.346076007461097,0.106922531621645,0.129508212938432,0.125240086445997,0.118011631012438,0.135282489837887,0.336169041844053,0.137673657674938,0.107364476450784,0.143628712789962,0.12592511876418,0.124067456897315,0.357984738913642,0.12048233071973,0.287720361305373,0.28330167174732,0.138361243832062,0.135845055445485,0.130042646780909,0.138282215006111,0.0840194669520626,0.114384544702717,0.14364799115434,0.125881637531978,0.255249777376703,0.152317328518024,0.149021295291406,0.147425595884682,0.140704646853064,0.128393648803241,0.134339127947827,0.129449447220269,0.117842357914382,0.145749076118294,0.142058708698719,0.137859010971408,0.303962224715723,0.115817646793235,0.142510650707548,0.162540931787905,0.0789755294127359,0.141841438839899,0.143708499903308,0.0838027181604652,0.149771498557089,0.148456751435439,0.153958984767931,0.126010233629771,0.0919402667735826,0.111611585136562,0.118404001365961,0.132047170208653,0.127877374961139,0.13950423219986,0.102239862790956,0.254376693898453,0.133684886246946,0.288780679033372,0.118316060657935,0.125979359826683,0.0944474671466928,0.366220141512594,0.128683128852703,0.147267152617739
"brachystachys.aff",0.195933828119271,0.213647649206284,0.14726168598426,0.206370522477873,0.279593550787544,0.117340000110121,0.192892246242248,0.160709044561733,0.169763815109416,0.346955961100376,1,0.278214270829764,0.238679296628824,0.12285305542092,0.201644171525738,0.19765214373702,0.102440253989313,0.152273551494736,0.142701342577569,0.189811724151557,0.186603660627529,0.155354118509093,0.15052630132908,0.177078037392265,0.128148521126443,0.333659223323195,0.144749449529426,0.137148395935986,0.155591077727821,0.139543432206489,0.177457669028547,0.33712971353731,0.165155625704397,0.151364482472105,0.360010501940357,0.115704863030509,0.162845562831487,0.108147933601639,0.124276236957101,0.167768901775575,0.35791482136752,0.154335960277468,0.148034764898932,0.160940179537643,0.1259318074006,0.153098768329173,0.319778921397082,0.126676271888502,0.316093968605435,0.306048254603565,0.193210974227724,0.128597620219466,0.203659168634687,0.186395914000411,0.0856251068577522,0.14446055551403,0.144983208306366,0.137332186473743,0.296569019801247,0.128342681630827,0.238262896953303,0.204683929024174,0.193522679182292,0.137289180618504,0.158406951285148,0.15888116217866,0.0989234259121416,0.217242847515906,0.164414711721501,0.167557295858232,0.310531204560518,0.165636639983627,0.239798462368727,0.146678036926956,0.139832877521571,0.170089509199727,0.18266297152442,0.090393840170123,0.153097538493076,0.16249359984725,0.17598531771757,0.204226865395683,0.105832931537713,0.170733530822702,0.182987287379917,0.153514402907574,0.14978652122496,0.167626654257378,0.113709105352716,0.34130772560917,0.0972279910234802,0.302434774610058,0.141191931626097,0.135836957693983,0.144830014060208,0.36883498408678,0.142546917595162,0.20287149906047
"brevialata",0.195835750352233,0.18619477713068,0.16101344075505,0.19860911521315,0.296698357776437,0.128651913049689,0.103797008657834,0.150393152492167,0.171194996748747,0.282108148819276,0.278214270829764,1,0.21070486513912,0.284648658171995,0.1494951763826,0.169886732177559,0.071802617467467,0.129647356483938,0.124238224006752,0.186865656781279,0.195213166766592,0.162705318443333,0.166705865457458,0.131248399349675,0.168951251984157,0.31882580412558,0.0767866182602409,0.124923105662821,0.156725754855703,0.159295414906368,0.174471599791638,0.340444297331985,0.237465979882773,0.208813641541574,0.360997765369369,0.173786426881891,0.161269197063522,0.127992517134019,0.219555164255709,0.126159143335566,0.327349970709841,0.216753117831676,0.107993054893249,0.185020041719773,0.127142349551322,0.163250097064507,0.295116219543267,0.186409014019763,0.30195690147798,0.303710784281604,0.150617238199269,0.14526188350589,0.211435733725638,0.139643634858866,0.0955315558972549,0.105761647472218,0.173600223700764,0.238405595506027,0.259550936489116,0.191380918790261,0.164775849853441,0.167706568083165,0.118077714148031,0.196503320468146,0.143304019532981,0.151379655892984,0.139241290608536,0.218614006935408,0.142603444073754,0.157730917521528,0.292029920910556,0.0905868250953118,0.131556208439005,0.204573452804543,0.112314191542142,0.160841817639137,0.137746474457485,0.0874879577673977,0.174914675567111,0.147643855690946,0.165655105383847,0.12100702247303,0.0995194839375011,0.124459588467597,0.144587969235687,0.130798740049601,0.208392490662188,0.150166350401556,0.123650063507172,0.241782341725324,0.159956760932747,0.353902076029794,0.198645846706557,0.151109491561906,0.109263393148477,0.30100517411308,0.206874553157753,0.258430628899298
"brevipes",0.177846757124502,0.188888117223211,0.116046768530939,0.183246338472632,0.232041722783181,0.153717398480086,0.1289450368156,0.136474987541144,0.144055929543573,0.199817521915846,0.238679296628824,0.21070486513912,1,0.136414018327132,0.169047468110841,0.135891549752424,0.0958377863969276,0.16024794377366,0.147430888912429,0.149964705808,0.154696130015678,0.133545578686907,0.117738196878699,0.188106756394287,0.103508175473079,0.227714990825908,0.0795951936440554,0.150639189499234,0.164461510426685,0.139490474252821,0.211789762861648,0.217368890017839,0.157350685436167,0.134564588577084,0.282365295834576,0.124365834759708,0.159771242824397,0.140841221620183,0.129253333509627,0.137084873944454,0.227062653006603,0.19867556014376,0.0933667525434359,0.185823572277175,0.137455703878975,0.123772498748308,0.187720961589829,0.0988771014659961,0.250791053718919,0.231197173736856,0.151768308862319,0.118682419826639,0.162641800294489,0.168331352399575,0.119337669997534,0.125034842195867,0.117178002711616,0.137190602667112,0.227537015401776,0.158649955637021,0.19492429671075,0.180901094799563,0.169049820194624,0.152103983806497,0.135831895220777,0.162281356936773,0.112139484078453,0.174114486029902,0.163441127097843,0.165787447105473,0.220126518153909,0.136096980674572,0.14575313132836,0.148246776443858,0.116740277503026,0.16126443947886,0.168676449232038,0.144058883734959,0.133897758871595,0.132215426511831,0.140994967629729,0.150041551760978,0.0803953973860456,0.163729206769759,0.125801816387462,0.147770616637494,0.198393786239214,0.14399733027769,0.101288091903214,0.247768878281332,0.11110988482431,0.212524634041861,0.115906753660188,0.131342923864736,0.131110139480759,0.212650599699678,0.13557027648098,0.165207486659569
"capitata12",0.212278956694103,0.173059996435721,0.177396599866188,0.242575471740447,0.172816222086271,0.124936534232819,0.120989234237124,0.15480605808028,0.191373305202638,0.123837357034963,0.12285305542092,0.284648658171995,0.136414018327132,1,0.191195674379435,0.215563045887615,0.120241564078899,0.210831757912776,0.160388427221513,0.147793631104215,0.173565068320102,0.220807160440811,0.215246773316096,0.177552978603522,0.100228626722942,0.142984755415084,0.0833548658581768,0.191420505264944,0.186995966068086,0.134442284986998,0.211590916932205,0.165079018687893,0.206114490482679,0.197361100922128,0.161993141493226,0.174629995479156,0.179465518457563,0.167072501547326,0.200040352111934,0.150460499643447,0.167472057209536,0.191035442838526,0.0959053905783154,0.30638536983097,0.12876636209982,0.214473744720223,0.124616670098484,0.270527192038325,0.168268574466601,0.172438058610614,0.158966247710795,0.120353326450955,0.151788383323687,0.192558809255245,0.121676820119604,0.158697098807241,0.188670699643133,0.1971409731824,0.151386490188716,0.164275881440898,0.152103310111006,0.191355346311398,0.143673753144612,0.210225696034998,0.171861674596799,0.192859179506686,0.231017855813749,0.18159075092248,0.208402199049062,0.199596533796286,0.149651612977454,0.139361513436298,0.143407079857384,0.165692500372075,0.0855813522179999,0.166550287126913,0.155377465186674,0.106984873152175,0.218612367713396,0.178539345581115,0.199588256823083,0.122465694875288,0.0888740450487314,0.170943911394906,0.111930716143521,0.151794140389061,0.203251504566928,0.165657483352375,0.148733193378399,0.13856447728079,0.172660051299911,0.139410946098029,0.143004907435271,0.172456732133329,0.11499682471442,0.13540474625067,0.193752513713038,0.198614202260113
"capitata33",0.261471134158926,0.194538584902156,0.204091038812994,0.239304323871168,0.222949995376279,0.149716983491175,0.163366006727134,0.211248510900343,0.268945485234408,0.146224020359238,0.201644171525738,0.1494951763826,0.169047468110841,0.191195674379435,1,0.250915287121781,0.121001871511206,0.246150544545451,0.22017574405783,0.221606522707776,0.203377475839566,0.226792977324623,0.189469142208449,0.222620191388471,0.131437078247275,0.203318044286811,0.109680959051398,0.182344367233773,0.210307973597897,0.177552664571143,0.258703254804853,0.172656939621318,0.266515732767138,0.217062102064844,0.189903581940206,0.164911366141506,0.206289039745495,0.162296165213273,0.178731958788427,0.212589161475862,0.188990968189329,0.215841113165082,0.143289870081409,0.211170707673616,0.160024274516307,0.205248986797936,0.118161597992089,0.185501258835369,0.187083017432928,0.191283653104363,0.189944011444011,0.156377751409511,0.221963128148809,0.219879628953758,0.166797478313334,0.20477438912212,0.1993575450036,0.208348686016354,0.191946204205119,0.205129724884856,0.201472612338248,0.237380178808586,0.183495466663777,0.27524796024038,0.215788505336137,0.238965606125009,0.155296920085406,0.211849833833639,0.211322235775383,0.203305232342413,0.188794362461713,0.160330536911725,0.188629481922051,0.221806048696023,0.126076549650198,0.252206113786387,0.19897975165248,0.123296521308954,0.259188379932208,0.243293348082261,0.237565244073098,0.124792462394285,0.113074220744974,0.186697488840709,0.163508483156787,0.23672146540491,0.268494724287253,0.241478384161297,0.1442155138383,0.187706813643336,0.166179409351054,0.169402061814482,0.177195172176535,0.216715647701486,0.17743367171661,0.15097664615574,0.206280140563131,0.266650170769232
"capitata35",0.211190313733212,0.230400920521047,0.283320900097374,0.238870161784009,0.265314232148186,0.171635714139732,0.160068333743386,0.269962038334802,0.339431221678886,0.147613294532138,0.19765214373702,0.169886732177559,0.135891549752424,0.215563045887615,0.250915287121781,1,0.145499928613821,0.243748402099427,0.188596373619243,0.320329453788332,0.202501062383982,0.371747865460429,0.365739809056497,0.202436718193239,0.145424724622379,0.280340698906592,0.111484999835568,0.177151322952542,0.340273220799075,0.162139181714954,0.250832322892659,0.212512473680096,0.230673608405473,0.383825601887957,0.197227422661207,0.191878124341951,0.313245692111915,0.2010848166765,0.27315504756809,0.185612104183128,0.331755796709379,0.232118734927522,0.149720420268047,0.220627262553786,0.15684749738667,0.311780779428667,0.162186771673452,0.268800347993261,0.222255137462913,0.194724500501313,0.208665718206167,0.148664710570894,0.281353578128298,0.228224909348151,0.159333194538235,0.173619159207801,0.328495184520847,0.299882894146448,0.219526463946969,0.222514623236737,0.255203533254321,0.2805154225263,0.184742739334935,0.28508886032045,0.296916777869742,0.245657135245873,0.178298740457287,0.343783697673833,0.267455019723206,0.1847662764359,0.208729609643567,0.151340813074603,0.22302558646136,0.277334659650399,0.109905624496185,0.296764742875424,0.189255983818333,0.11169635151192,0.290291927990943,0.282616330120225,0.243215454964618,0.135883056851065,0.105279525662201,0.184964787069368,0.134937558071947,0.229731831718072,0.284954564527606,0.328254279828097,0.292052543622563,0.15476531905071,0.246901546463858,0.244111277283697,0.291724561793134,0.205336945370034,0.165165091855556,0.251838348917234,0.215740548292204,0.347772545871314
"cayennensis",0.138541439526863,0.112486442585973,0.133579159560453,0.124295042080116,0.102711801723494,0.113433857275118,0.0877990412621461,0.117060056264076,0.119901622762237,0.0807197617695536,0.102440253989313,0.071802617467467,0.0958377863969276,0.120241564078899,0.121001871511206,0.145499928613821,1,0.162037020382238,0.113053016470772,0.101886480025231,0.0994996922013641,0.135329822890869,0.167604095516425,0.116333183732384,0.057813773820906,0.0860971348779568,0.0710632859001885,0.127221959587995,0.117632899306834,0.0902938678480515,0.138942066457321,0.0935375601310624,0.128633732186157,0.129931044524751,0.128299845313152,0.110011750451396,0.142948062860755,0.103567284510779,0.126238537408885,0.0771168131519991,0.107969924651043,0.143634842015398,0.104485206137424,0.115349540649034,0.0990399805183642,0.108160589935639,0.0706349217530667,0.207426831859418,0.118326650268438,0.122722459350306,0.0900505163329774,0.0860611069461032,0.110936045044091,0.125451576757302,0.0799265364637549,0.0902058720916753,0.117110907015888,0.104605933546695,0.117271339597015,0.12252442406094,0.112613005263869,0.1309258743104,0.129526441557577,0.143360785742322,0.245972629706066,0.109235301415012,0.0969786555563112,0.113218210139863,0.121338608556183,0.0917791970057138,0.208169293124081,0.0999655695457603,0.111417377516343,0.133478018639691,0.0801817598238396,0.133302600797558,0.148000257231394,0.0678167099321746,0.112737981454498,0.116207243786144,0.142184612323674,0.0870949854997363,0.067061535167011,0.124883914393136,0.100963362086522,0.0988130110325806,0.126737809661291,0.130203764212418,0.0997484608960195,0.117936359230726,0.0847995808232278,0.101363227113872,0.0835689725624627,0.151631474442355,0.129084054827985,0.0838288677401038,0.0947416194327201,0.118918338344841
"chartacea",0.239309958805503,0.227440643989213,0.200376133583385,0.229984387339625,0.213194706018749,0.16249602644951,0.177825188669255,0.199608921543713,0.245029210539585,0.155520755986729,0.152273551494736,0.129647356483938,0.16024794377366,0.210831757912776,0.246150544545451,0.243748402099427,0.162037020382238,1,0.189364364055178,0.219408817473445,0.199077754905687,0.216066657351684,0.197378143396474,0.25944439289012,0.152160988152259,0.163889175731,0.118222365437566,0.207597725002504,0.196529232382322,0.155058589214668,0.295484854106743,0.179439002926612,0.252901862110581,0.229448165820381,0.213078066019196,0.183955116085824,0.216695261197853,0.227677809753902,0.22143946060109,0.178935389634095,0.176074718704159,0.271249515991187,0.130504086617163,0.233395336091027,0.163744125374218,0.253430422323849,0.149954537428852,0.201121676143419,0.204835287578512,0.178588487428244,0.219059041853058,0.163987008205381,0.230905620643648,0.199473094584491,0.166835574924087,0.167309616288727,0.206344043517333,0.215505281627336,0.175723742445068,0.192523661468354,0.205943304864092,0.228541743708931,0.220207237129874,0.254611710831342,0.212797394781369,0.268796940885551,0.17782799798517,0.205786832082877,0.205202526143812,0.221288136352485,0.173750406734202,0.179002858604285,0.156182891394124,0.190122124488605,0.113387865506284,0.198073291358295,0.22909680861286,0.118158750890309,0.201309432576176,0.237278793956508,0.204204004695022,0.166632532966518,0.112085710188003,0.176359873541701,0.173456061536817,0.212380760344134,0.21490115111994,0.216674362902599,0.149127448457663,0.201214889221255,0.171468527263988,0.193378580227481,0.165909724275829,0.20862643542341,0.195287284659034,0.153152018038561,0.18675871185757,0.243972900781831
"cinnamomea",0.179938335587053,0.191807331890538,0.149790643307419,0.216617353149769,0.175908040861717,0.151720300525175,0.153332545774404,0.18436308712822,0.201933976795244,0.118751269479525,0.142701342577569,0.124238224006752,0.147430888912429,0.160388427221513,0.22017574405783,0.188596373619243,0.113053016470772,0.189364364055178,1,0.207053829166746,0.168997673150426,0.163906243059301,0.163128134427627,0.199396538361132,0.13234961084968,0.178886405489992,0.0842554884051396,0.191460018149207,0.201123120498813,0.15856167475027,0.245070446022921,0.135261708095209,0.181315493309172,0.181372389421695,0.177547012855572,0.159522260245404,0.188908140095336,0.130745733515582,0.151773665707531,0.141395414964784,0.167252283191303,0.181666511737567,0.108997880110652,0.200903495616855,0.187721479091847,0.167971692982758,0.119039190362339,0.147934722953383,0.146495026094892,0.13060573583874,0.177508600418994,0.159058207412652,0.175795571101731,0.247031813595701,0.139436441424016,0.130593193161537,0.164034006014197,0.179069309824676,0.174743482330431,0.157121315650752,0.181401464428901,0.219703087401831,0.16684351214977,0.176912651009812,0.167173714912538,0.224508195389234,0.137712186406553,0.220909927284308,0.186816194750427,0.186346775218017,0.147052751873794,0.175975036813596,0.170126561690086,0.14556472851787,0.109647070949095,0.189770985200592,0.171702583530871,0.151122142569826,0.169028786241436,0.188834213921421,0.241899858227802,0.12205981710713,0.0998668263777894,0.173284707423333,0.151697527447518,0.196573659932169,0.19586219492733,0.221382182516295,0.133697526871449,0.152948130334469,0.146442659167464,0.163544230176188,0.164131455715802,0.161206747629907,0.172681043388085,0.124853659023866,0.184480215190516,0.225730593339072
"cocleensis",0.224428325026281,0.297834001997107,0.212699465365629,0.319833723796013,0.244562477751399,0.161885341641088,0.216541734494302,0.258395431630312,0.270497073182352,0.140283717031921,0.189811724151557,0.186865656781279,0.149964705808,0.147793631104215,0.221606522707776,0.320329453788332,0.101886480025231,0.219408817473445,0.207053829166746,1,0.250538895782573,0.280750030107062,0.269408406297071,0.225475833159744,0.176849930820931,0.334512437452237,0.12144197608356,0.159273684424128,0.310930262477417,0.180561141006097,0.244276601188776,0.201284344185265,0.203593954126108,0.260699572447931,0.203138857324988,0.169435420910763,0.263189127487743,0.1674992814916,0.207248904495187,0.176402005804843,0.364865292846277,0.190670406310061,0.167678445898834,0.226755228778395,0.162765208823003,0.233306606582152,0.186501334899453,0.212440256928054,0.244130818413657,0.162118211014631,0.22454847513844,0.209207321333862,0.399190764026354,0.215493092042129,0.134655790225196,0.133597718621319,0.300314750375423,0.252584828286897,0.193043757701985,0.171263788789861,0.274731949690933,0.273187862384992,0.212330736490582,0.196712850078848,0.22641940417267,0.246900758372741,0.12866726273904,0.428000797429961,0.216501487523617,0.243141255436848,0.179919428051752,0.155973031098214,0.268850118621654,0.192777483291432,0.155507149452713,0.271221099025111,0.192598413174026,0.15268826254326,0.211439303653482,0.233086950893856,0.186769602464113,0.219707922141761,0.128481216938152,0.181951901041284,0.168294655382528,0.202660924388701,0.239207615060656,0.2882343984388,0.244153248423749,0.180758031072182,0.246926868715989,0.225553681134608,0.267080501113814,0.155747563366884,0.20337762550043,0.235525775239534,0.215714309827471,0.30530369485137
"cordatoalata",0.343087841055139,0.351049664739302,0.135586538126524,0.311721159863559,0.180178401338878,0.172169198191431,0.29646378373408,0.216543864066658,0.18013417422699,0.183674181436201,0.186603660627529,0.195213166766592,0.154696130015678,0.173565068320102,0.203377475839566,0.202501062383982,0.0994996922013641,0.199077754905687,0.168997673150426,0.250538895782573,1,0.174971333682787,0.140452064358933,0.195921915700985,0.168805147205872,0.201841168136704,0.126270479702065,0.170375941158375,0.164092947893469,0.241496999520965,0.231886387047474,0.289407994474999,0.259230158701753,0.173688937170935,0.199124868818174,0.257088780639325,0.157628697635788,0.132554092598709,0.271845040980321,0.174370059401586,0.210599751194845,0.166164758015364,0.164152869968499,0.243457871678243,0.171005855686761,0.191984825107631,0.255558986368308,0.262236636253024,0.172258503199046,0.14950985972031,0.229862126580746,0.217340074606979,0.317102318522375,0.194472945600989,0.127379966731787,0.1399831952079,0.208524337236708,0.285562206357548,0.14026819391838,0.176985369056173,0.213801129438037,0.236858688364409,0.224942567821963,0.238873040778641,0.178166140117225,0.205982641546417,0.146056648863417,0.336087116673696,0.175560038666922,0.254202273546927,0.151723810570594,0.229500078479786,0.37291118830877,0.144476484234541,0.219933586373006,0.208522322036498,0.167026063774172,0.133096231155482,0.161580285969958,0.191843459050698,0.174885998474064,0.336264881060952,0.154270043439316,0.177069703521314,0.17296704617099,0.178507111029812,0.171985581705531,0.166548145477944,0.135335252137954,0.338753237320111,0.149419899077447,0.153122096561584,0.155622235602488,0.145549695023928,0.151216075586009,0.147441707335601,0.283806522053248,0.233270123528409
"coruscans",0.205569448589737,0.210300325075994,0.284185587488145,0.226605002630384,0.225109303803845,0.165904616983735,0.14204410734895,0.237024050613613,0.300299903697977,0.159917228263136,0.155354118509093,0.162705318443333,0.133545578686907,0.220807160440811,0.226792977324623,0.371747865460429,0.135329822890869,0.216066657351684,0.163906243059301,0.280750030107062,0.174971333682787,1,0.325349014364177,0.183548976476631,0.124265942582624,0.278678121730885,0.0980066842303425,0.208076369632594,0.318000810238219,0.149712335055941,0.23824051990015,0.183290773948477,0.226767884958871,0.36310201402243,0.190429157293594,0.188157562320097,0.283449525462923,0.218538163307419,0.240450052592537,0.223769210970608,0.30103088537892,0.227590106009939,0.122060489461501,0.209013146767947,0.138148174085372,0.271441943219993,0.142455170950909,0.279956118108199,0.282309484641535,0.140842594073626,0.169242306855456,0.141786333335881,0.246306609947841,0.245215569527652,0.108236319226578,0.196066403279859,0.305675963690294,0.25762532408825,0.206617312374574,0.188020434061653,0.232272288231123,0.26630611859262,0.144508762407444,0.238681970612843,0.307352545925727,0.228984344101909,0.17960204295468,0.335700561997565,0.2023340599373,0.188088675822426,0.198492037268859,0.107097567579467,0.198359636128558,0.312896291679813,0.0907509034849196,0.291974779112063,0.159860357266552,0.0941823342523917,0.337927059291442,0.25967615185672,0.260873110210531,0.1162443428892,0.107846162906537,0.182074189489935,0.128303066573326,0.193776617495852,0.241759192293894,0.335073257134359,0.326417752734741,0.138430243320412,0.322384129340724,0.272663026021739,0.262856340808074,0.205325450308804,0.135961599201698,0.228703549930013,0.259268851783139,0.27140821642685
