"","acreana","acrocephala","acuminata","alata","alba","aria","auristellae","bourgonii","brachyrhachis.aff","brachystachys","brachystachys.aff","brevialata","brevipes","capitata12","capitata33","capitata35","cayennensis","chartacea","cinnamomea","cocleensis","cordatoalata","coruscans","cylindrica","edulis","fastuosa","flagelliformis","fosteriana","glomeriflora","goldmanii","gracilifolia","grandiflora","heterophylla","huberi","ingoides","jenmanii","kursarii","LA17","LA41","LA48","lateriflora","laurina","leiocalycina","leiocalycina.aff","lomatophylla","longiflora","longipedunculata","loubryana","M18","M25","M27","M30","M71","marginata","melinonis","microcoma","multinervis","nobilis","nouragensis","obidensis","oerstediana","paraensis","pezizifera","pezizifera.aff","pitmanii","poeppigiana","punctata","retinocarpa","rubiginosa","ruiziana","sapindoides","sertulifera","setosa","spectabilis","splendens","stipularis","striata","suaveolens","subcapitata","T18","T21","T29","T50","T51","T82","T85","tenuistipula","thibaudiana","tomentosa","ulei","umbellifera","umbellifera.aff","umbratica","velutina","venusta","vera","virgultosa","vismiifolia","Zygia.mediana"
"acreana",1,0.161542202393786,0.140915425699621,0.21600507217284,0.187169341271455,0.147034071769765,0.165643786577701,0.122509403972335,0.171842312532591,0.107376443648079,0.112190953766871,0.0985916703335248,0.116602563904302,0.154782088729605,0.155316203204203,0.13747089137143,0.116322786273292,0.147324644984456,0.0956150673494952,0.141547808468018,0.234116585906903,0.134038524491397,0.144519403383565,0.171684591189283,0.133626056954607,0.0739413033024952,0.114939652418439,0.153128587214269,0.0948681849129367,0.105188123962925,0.150837855293866,0.100341429276291,0.165432770275929,0.147656036819665,0.143715561815597,0.105656441996145,0.132470490113347,0.131293673683379,0.108858658462958,0.107134920989508,0.194568458869261,0.161825515057325,0.086046523147907,0.11702313717991,0.166053339789749,0.132524742942835,0.129600811971386,0.140189971835376,0.132472039803504,0.120986440219322,0.209729803111694,0.113985052951712,0.41891242760499,0.134990266042564,0.156552001827329,0.210127112471441,0.11957531139569,0.133392952871091,0.139800143764275,0.12030700109061,0.144871574584638,0.141968163488681,0.145687453515768,0.121184018477908,0.144749656723571,0.200161686364738,0.0953914598548687,0.15327617175998,0.150564748050169,0.174916194573124,0.140438586071722,0.142109272217014,0.127900074303991,0.116285093703894,0.14953420902621,0.339732461303983,0.103182138502183,0.102057558539345,0.125299853822761,0.186947292721783,0.165793975541949,0.158964834286928,0.0966228512674566,0.143160093415951,0.110133106371133,0.145535856131576,0.165669256099145,0.12263433494341,0.0760096008332091,0.140109468233203,0.0820752892761368,0.135559184975593,0.0883244254732553,0.163414212307983,0.115993436260864,0.0584158526301701,0.105880641569544,0.153076269606107
"acrocephala",0.161542202393786,1,0.193800418518375,0.217682335908511,0.250406720259453,0.188572274190542,0.279305113350834,0.168782199434724,0.188577911923318,0.140364530200439,0.123628790598038,0.144347892927216,0.168266688108248,0.232963849762446,0.235395131517428,0.200524035722582,0.232548561298852,0.329055303932778,0.188920905089484,0.210108211009095,0.215907072314466,0.182873395067716,0.243186900878051,0.246944178082887,0.241416694347076,0.151890204073198,0.165136307735456,0.164572315317134,0.176474360244424,0.152139547510995,0.20318880320052,0.160105156535818,0.253828469617778,0.25584798472864,0.208904549605088,0.169069217478618,0.186964796061531,0.143570905107066,0.121751372296663,0.159419969465028,0.215142435312322,0.238189632051173,0.147013804748128,0.210015420914024,0.257935724010849,0.190552452612369,0.187247913457159,0.191051608736213,0.177996210117242,0.177676452766597,0.13581440829086,0.16264501566775,0.162462043672149,0.238209773565006,0.182091524508406,0.208229605855846,0.196927857444685,0.174292265294187,0.127217858226725,0.218243378179606,0.248506607501508,0.282536331761903,0.208858073443797,0.172471500849844,0.215485719620692,0.208247770136037,0.167743857308902,0.272805255166915,0.184903219675683,0.210908063029415,0.146243082245681,0.189582971148921,0.213274138801144,0.205627825670084,0.244664618357991,0.188483894787965,0.184853305831688,0.125600178443777,0.18216695965759,0.163863114727603,0.204741867605436,0.218048884508616,0.13668939153372,0.171957012671887,0.118796202708891,0.140458666522759,0.243339007859587,0.177566557388259,0.131635481993315,0.175457974651972,0.129803080502529,0.175198557492883,0.178685619955108,0.25786726358258,0.189748295867941,0.114634547538517,0.164398785346354,0.231610937040261
"acuminata",0.140915425699621,0.193800418518375,1,0.173787715395557,0.160929226295132,0.162354956738053,0.155326083315909,0.155071074293326,0.201880358999437,0.163816910169285,0.0998967596445393,0.162262850368797,0.097039261061482,0.206567960864036,0.200464937281159,0.166441654815458,0.168517587585142,0.162016490823634,0.123249952070965,0.149785064259204,0.258506974418898,0.146577697403621,0.186483791653274,0.204370385553173,0.145200879368357,0.0827674161286973,0.17642131029409,0.143871645362494,0.118228819700119,0.120422448605826,0.14482559907677,0.138602607511958,0.208709455251488,0.226515072974592,0.131222463584894,0.106056576982368,0.12952214264835,0.118048726899889,0.0937401475632959,0.107751667921411,0.161199513396355,0.159504923496352,0.0986417078009446,0.142554738493975,0.211759647955089,0.142066893397846,0.134685747837084,0.132110560302135,0.137262359437455,0.130111173692547,0.1171371347838,0.126360048983609,0.128560931609703,0.158312936677033,0.113674791023201,0.207201524885816,0.143530068714142,0.147931342804435,0.108577249119598,0.157092539873486,0.177169715310348,0.156327767793573,0.146521278920348,0.136278192148989,0.155316729455413,0.158329540855156,0.138999065529052,0.175603038000014,0.131682102524976,0.176711169441008,0.10724893404239,0.165261137323324,0.164314984202673,0.136059664443689,0.163110931158762,0.132592913130672,0.116550445535744,0.146991207007672,0.130983690706438,0.147198832601311,0.167128927986172,0.153214977993349,0.0997636822141117,0.112979187096007,0.133596811139163,0.106671031503703,0.171580896387702,0.145735106455021,0.105486565869687,0.125275985377774,0.129076666666793,0.131591886719801,0.10481194046878,0.151170143585596,0.145786407677503,0.047691308959919,0.116539186532692,0.154536547250357
"alata",0.21600507217284,0.217682335908511,0.173787715395557,1,0.262225249422255,0.166803835150986,0.239618763865143,0.159370920244625,0.404856116460339,0.152797117359674,0.161260449088261,0.148068940745254,0.176175515919166,0.24209504895147,0.247129557197528,0.224995874796088,0.173041037167165,0.219407463185893,0.15499431883468,0.184447432607508,0.299140722669618,0.182211615666392,0.223701392805362,0.265594455068203,0.187186048463145,0.116313611468534,0.208837236593846,0.178150597580934,0.13959280026578,0.149848604446671,0.193388509441736,0.166662947856324,0.330074191546447,0.222479343180339,0.207465039295536,0.145749729204831,0.226524821565123,0.141818690895587,0.115884277377421,0.135941129750586,0.296810771479458,0.235803292333061,0.130984428617538,0.162887330758297,0.193230348801156,0.173065858754188,0.161686031443747,0.176613385493606,0.155205752619033,0.213606123719495,0.241530186742066,0.168966949451255,0.263380790307015,0.181074619089883,0.198626259910695,0.318571875408099,0.158952217345407,0.171072913538035,0.313735311451628,0.186737673779978,0.246446667100008,0.216068503248723,0.244235217536002,0.184398770614092,0.197894120111124,0.336650746805339,0.130345292903387,0.219489198188012,0.216514196886575,0.358890003512289,0.316995512431886,0.207347819441057,0.180690108497895,0.175661724136691,0.192340302610984,0.320888508956722,0.119743773287477,0.10627556090102,0.188368720139125,0.394544786652143,0.168651345634506,0.182411185455687,0.146926969998476,0.138981130824592,0.114705647571482,0.219673982393613,0.286122353724532,0.150093379402044,0.100357602590991,0.199683323607724,0.0977475738288377,0.147991047098371,0.167594310759431,0.23054476180891,0.197823811672907,0.0829008457417983,0.145830458333856,0.221134926267689
"alba",0.187169341271455,0.250406720259453,0.160929226295132,0.262225249422255,1,0.192189799150659,0.342972160535618,0.168858742228412,0.248778214357726,0.270254349449417,0.292229711344703,0.264852798595834,0.311899999747735,0.276240223176122,0.259689145580195,0.223812695337954,0.236426424476737,0.290787382093302,0.142783291098929,0.264720542268088,0.270259828522712,0.202634180319036,0.241381618521392,0.304512302264815,0.235346502230843,0.213525160392966,0.150361642262531,0.15139301195411,0.161971667068688,0.148521036303957,0.205363278163584,0.299908046530178,0.314168752089239,0.271559178923717,0.34790886572627,0.172666558272486,0.23521799039322,0.148893488179644,0.138263649520899,0.149921294174788,0.285999687730203,0.327324104770977,0.193463479368232,0.235547519393955,0.267413299978552,0.283777375091579,0.275120755486517,0.261162777830705,0.331451620586216,0.320324512798873,0.180728922864637,0.136225810814586,0.194205500790545,0.234838583674529,0.142889904059126,0.171034429997853,0.258167823552972,0.16952790625456,0.25324586861449,0.204076107020354,0.300262412620987,0.284842579085787,0.231653081300572,0.236957514340364,0.234490305297776,0.244418664038804,0.160278330380598,0.257062070681654,0.3269950136019,0.211622420269777,0.227220404267657,0.154914091726407,0.233651668703111,0.185050772606829,0.232767493720413,0.23251681239256,0.201875419934397,0.115932672196513,0.22874066859324,0.187422379776468,0.21421165382796,0.335841583021806,0.166163133726614,0.224844774800637,0.141142737251275,0.138003466449262,0.287250177373912,0.151267044369963,0.159074835546172,0.292210013956909,0.116527040803936,0.356531522813924,0.158019095696318,0.312297925838685,0.21206103900435,0.167701249510034,0.178317529021429,0.27940011204709
"aria",0.147034071769765,0.188572274190542,0.162354956738053,0.166803835150986,0.192189799150659,1,0.212011489123417,0.248132225390932,0.17810765932165,0.132419339238938,0.101753573292595,0.133467403582435,0.104230578578842,0.203050448518221,0.165365564177018,0.169003525154484,0.16684437681177,0.1772844217583,0.127462094135842,0.212656441950729,0.205994701461498,0.137930817580652,0.218371886549397,0.207097554455411,0.171922108659665,0.107578993911049,0.133090158342535,0.124052628873216,0.145843832884272,0.115381488801006,0.228314747061289,0.122632706677353,0.209708247747254,0.195609777086861,0.151847512985486,0.118899273463877,0.14408389019039,0.130323296355374,0.101387816536032,0.154102315820226,0.169933828317632,0.201301163165728,0.140089062884362,0.177657422243296,0.24134719574,0.227112735652771,0.176752697838003,0.179740389368028,0.183303275877455,0.159514730882262,0.135243021861922,0.128387541503258,0.122506920374152,0.143992458901984,0.0942084102233001,0.159409753656312,0.188140694163545,0.123234315146739,0.137966906917394,0.175534167391038,0.202833233296813,0.197475105636914,0.179461681288538,0.167879718000978,0.194019025927537,0.143496943534325,0.137481550416884,0.166126461192759,0.154076132257249,0.171766287440274,0.116859409875182,0.109048731604424,0.158331759704231,0.172417985020595,0.222156293409107,0.152686391220199,0.134643253769914,0.0913071476013377,0.148005852689635,0.121229426540728,0.174382000836231,0.168418174796148,0.120319388439737,0.14722468456989,0.103408069758338,0.121728695640325,0.233017053034816,0.125707072622448,0.127786623918695,0.104584985081195,0.0785500224173845,0.150339522644284,0.161888554992361,0.209683303898195,0.154779368539518,0.0580161278276086,0.122161427408792,0.185431419376918
"auristellae",0.165643786577701,0.279305113350834,0.155326083315909,0.239618763865143,0.342972160535618,0.212011489123417,1,0.20226265224364,0.211867755184902,0.139474960645229,0.189043342197014,0.163615601968727,0.172424359083594,0.326915369051811,0.282767409138557,0.226123101938093,0.317274312375584,0.411474311543698,0.171540044413969,0.334534599025041,0.255963090072078,0.248909056805071,0.254926073110939,0.284539201981099,0.286715513808196,0.118780947873423,0.158272077360548,0.129199797684849,0.185946822575417,0.164962664600449,0.24697387986752,0.208440326371492,0.322208993139542,0.349893685022538,0.244573699149229,0.190283213936962,0.255859882990633,0.156845306608448,0.133483029880917,0.162717088734823,0.186646024582381,0.343303588733945,0.265220481167803,0.330509670143429,0.321779592036427,0.360993715698205,0.183715502546868,0.278579697389199,0.289518793007906,0.230727600360283,0.191924122695331,0.138794436375137,0.189085455424233,0.253367993324624,0.142197802497608,0.154136804406207,0.347177304329964,0.162470485880109,0.137264697016518,0.212582708444722,0.375646031925388,0.332018230964673,0.255443767133679,0.195649505974719,0.298634144532696,0.25575285837652,0.191961278230279,0.339620481600542,0.278335924716596,0.23691087996591,0.11752439762716,0.179509727964166,0.257554977357173,0.181691047077261,0.255853171904541,0.241096461148254,0.248476166389209,0.109618979834226,0.215848174543591,0.176398851458242,0.217787133611243,0.304586794631866,0.153406750356191,0.273508769517831,0.158054776981946,0.129796045644827,0.358630959397463,0.165003782103129,0.24406145602616,0.181442452381904,0.137857565213076,0.247259872377994,0.138899280784522,0.360582693220056,0.228780986118007,0.0787616704999899,0.157046148384152,0.317831814172117
"bourgonii",0.122509403972335,0.168782199434724,0.155071074293326,0.159370920244625,0.168858742228412,0.248132225390932,0.20226265224364,1,0.206565006419171,0.133432590877518,0.100414572457977,0.162130845881129,0.104342796555192,0.237055417764118,0.242317724413168,0.221699056299604,0.167190382340269,0.189880574439441,0.141058018189535,0.202150544589873,0.226782740888793,0.122736493967999,0.17856214459598,0.189602901469796,0.142283295089402,0.0793076298120679,0.139646912115254,0.107391694604624,0.123909015000409,0.13413801535342,0.161048775409015,0.171270966180696,0.188675798477052,0.185928908213579,0.143349960500662,0.132320998157603,0.14000050698759,0.120129882008045,0.0812084628546664,0.152966135618538,0.146733414640488,0.229599055673674,0.153887697894626,0.196025456154009,0.225977319007036,0.192190825004364,0.144010873233277,0.14059121170027,0.150239335366535,0.139135640857719,0.121316536935421,0.0939371318396491,0.126499627230521,0.157115645166528,0.0915203904962154,0.124230077580586,0.197220495750751,0.117417356135069,0.0910582480275274,0.187571094581892,0.206647227131913,0.175854464220695,0.17835958952062,0.154250350474727,0.200480841425836,0.156500364375786,0.145661196581002,0.167537961231997,0.13944907026169,0.158716386567069,0.0851376425428467,0.0828049786081451,0.164953974730072,0.171682811106789,0.200440064990129,0.108063200516735,0.159412485213857,0.0715136866166979,0.157662064468397,0.0992412244021884,0.14108531829322,0.166591384348809,0.149474762151999,0.238844626518112,0.12471711529171,0.0801761038762458,0.171474391652742,0.110900195575889,0.141497217426189,0.116875021967737,0.109924354439285,0.150396085491015,0.099266956077475,0.172018270007669,0.178196082829812,0.0470927500253686,0.13302260749789,0.209483080511313
"brachyrhachis.aff",0.171842312532591,0.188577911923318,0.201880358999437,0.404856116460339,0.248778214357726,0.17810765932165,0.211867755184902,0.206565006419171,1,0.185216398247882,0.128753551875826,0.150485998525272,0.131190103299885,0.278716239341838,0.379725999955909,0.262256360313959,0.166922801358082,0.218103739202141,0.139549188219449,0.201095360109219,0.327669449669133,0.154936306765053,0.212430458771908,0.241926625477904,0.148494242907176,0.0859301084353911,0.181859473535334,0.169505964361657,0.135593292713958,0.138247700022578,0.158497948967976,0.236504578283421,0.373708531463621,0.272827728215056,0.182900831520073,0.121745890695794,0.177536585654562,0.130485400743617,0.108476074627601,0.123884708379314,0.216388652381696,0.220691292360681,0.143440394599031,0.165878322400111,0.200650482377428,0.22140018229495,0.140539618893039,0.149292221064056,0.165219954935377,0.199875424282972,0.245153998418588,0.132599442939215,0.177873446298028,0.204918586812278,0.170742529911502,0.249138515943299,0.179238201520514,0.172481853797855,0.339080763321024,0.180178412469824,0.249063206725463,0.184464334693831,0.175755229429148,0.189217949002504,0.228307628291916,0.31482934776507,0.134265231193327,0.205430358896525,0.186268348445742,0.331202477844643,0.304545461674714,0.181124663190759,0.18499996627941,0.156835474421142,0.189474611607487,0.22075107986672,0.122723811754672,0.100008962543044,0.154026356907162,0.342402099594032,0.164625376639528,0.239546158867355,0.12631250509591,0.136988653877535,0.116134233450807,0.197370712594557,0.236161056509559,0.133179788758287,0.123496484194746,0.185291981183133,0.0998399099528315,0.20688506847265,0.159105775956391,0.226206384036717,0.198726324820628,0.0662681788048396,0.122290927500719,0.194835709736328
"brachystachys",0.107376443648079,0.140364530200439,0.163816910169285,0.152797117359674,0.270254349449417,0.132419339238938,0.139474960645229,0.133432590877518,0.185216398247882,1,0.286622588410447,0.273886668830218,0.190905237666919,0.143551411248246,0.140301899850282,0.143515738499003,0.0993993847406695,0.133191903595063,0.123171478883073,0.157625652582747,0.14768668761986,0.123211768789272,0.175154561104656,0.161710244256098,0.11646551032468,0.243545835453801,0.100724846398873,0.148728992098514,0.10406831377735,0.120399815564899,0.127560611405038,0.346941141742419,0.177140222370177,0.130113289344717,0.314071389480345,0.131466344844552,0.108346839520236,0.108246806446143,0.0921105962229189,0.103462694550084,0.333006591192901,0.14725794347839,0.0830784128148526,0.122397568692001,0.149502834199811,0.125434023016808,0.350224703785891,0.128463543870777,0.261140165863439,0.273659926446953,0.0986742004803901,0.115293042377604,0.117071521313597,0.14926299238953,0.0978604376217536,0.16657462038932,0.114575129040089,0.114388046897705,0.248460151288672,0.128517894383632,0.159124599665179,0.142658322939362,0.15756718651137,0.133748151456682,0.147164498598618,0.133639239185053,0.0996427258682667,0.130410633912582,0.130868785464025,0.136261030270548,0.268414369929162,0.109273763410059,0.16512644150337,0.157109408412751,0.137325423896883,0.142195320960441,0.117435387122457,0.100315401262815,0.124120774298622,0.101987238763512,0.150410499570618,0.186088842051906,0.0977203823468076,0.114773981875028,0.100671832909021,0.0850440209178562,0.137444431485076,0.131904885315485,0.0718768457101639,0.254295773702866,0.0870255038650026,0.333600981835905,0.0800430661798689,0.141717267383763,0.118526041369454,0.284316503414842,0.139019581874007,0.126017666702737
"brachystachys.aff",0.112190953766871,0.123628790598038,0.0998967596445393,0.161260449088261,0.292229711344703,0.101753573292595,0.189043342197014,0.100414572457977,0.128753551875826,0.286622588410447,1,0.256231663136402,0.243586398716069,0.164140202051616,0.153078868623743,0.141056814959695,0.195653858784815,0.146749226692569,0.0745539757359462,0.173505000251116,0.15282963727571,0.106296570184579,0.131105689660327,0.161578631838271,0.143650270790246,0.209326987536581,0.123883586305107,0.0928199624449784,0.097853276268013,0.0836828772048079,0.116087569680766,0.346562603181625,0.193211878551945,0.173295410002732,0.381922066682143,0.107564730448945,0.149402079762303,0.0780534487645102,0.300387277023697,0.0730447827134596,0.339436780239848,0.172666465823349,0.172265232320786,0.169444575233911,0.158034077299224,0.171710749175989,0.341225988240091,0.148906902446658,0.31892403161748,0.275934851815202,0.131706303652814,0.0754906382878692,0.133614979244304,0.144810617621512,0.0927657472701646,0.103058670396642,0.193732889714977,0.262307191078286,0.213831105432871,0.103109363912663,0.228792122473189,0.149410579521773,0.122761822599529,0.118865621151361,0.124735739804136,0.175927278522076,0.107892352187254,0.146415464476684,0.176956729387373,0.126186817520969,0.269746255688679,0.108467221094482,0.157923825169916,0.126952778154764,0.119215274532172,0.156924088874915,0.131429769740236,0.0614692808612196,0.127244585850449,0.125728196636449,0.11118700194578,0.301220020003233,0.0868446838182108,0.181927574567715,0.0758951583602545,0.101910568009382,0.215727590619215,0.106828220545937,0.101585894708811,0.341715850955639,0.0609712057014983,0.370402409720877,0.0742282233156236,0.201451887977978,0.1508481349896,0.262680467281347,0.088919766989541,0.144396657767651
"brevialata",0.0985916703335248,0.144347892927216,0.162262850368797,0.148068940745254,0.264852798595834,0.133467403582435,0.163615601968727,0.162130845881129,0.150485998525272,0.273886668830218,0.256231663136402,1,0.191962909304373,0.140222436331706,0.153206805326643,0.135316867436154,0.121015351097848,0.141985961478434,0.107907894431721,0.139733753079959,0.156299763918391,0.0970765697277649,0.172860103406122,0.142902424257255,0.101933565359216,0.234069017128349,0.122812712273239,0.0872577827186445,0.154989419678618,0.109694228443294,0.138189136973392,0.280168979070744,0.165843366363536,0.149947903274327,0.271308118431802,0.0967929107564382,0.11155137724774,0.0863421890323296,0.103674084273135,0.114980648044697,0.262061581890552,0.197326344398349,0.127514697893389,0.135608937984569,0.162336961977482,0.141001135277719,0.259672530990475,0.122238619612224,0.260260219884645,0.286764883167604,0.122313549680764,0.113204723934182,0.102306488734663,0.136486785153405,0.0921626639425794,0.142470260330323,0.132076517132098,0.104368854264253,0.200601197412892,0.11525620570524,0.158861729064398,0.198529169007193,0.13201279716852,0.127939106320889,0.143354812100696,0.117809641443145,0.108246766570772,0.140914302944643,0.130966088628649,0.180838010750582,0.218984775756223,0.0777656034958242,0.124079284237863,0.124345157154816,0.132936835052608,0.104107494547617,0.109954845465644,0.0683445615480192,0.138695686079683,0.0823175994907344,0.130634878410733,0.162134938743251,0.109624338333922,0.110504062107618,0.0928619981778488,0.0645358010702841,0.136646381844953,0.120367858913863,0.0989155704293222,0.226882956535638,0.0639617857524683,0.316309391245086,0.0833401443417755,0.138526309657525,0.136242428609258,0.205600993721764,0.102437489546976,0.14303155871951
"brevipes",0.116602563904302,0.168266688108248,0.097039261061482,0.176175515919166,0.311899999747735,0.104230578578842,0.172424359083594,0.104342796555192,0.131190103299885,0.190905237666919,0.243586398716069,0.191962909304373,1,0.156136001769004,0.158487858899158,0.1627826201623,0.123001769869902,0.16131170760135,0.103853304865976,0.161128239393407,0.159692326309461,0.120540446636018,0.148017005981354,0.169580114637182,0.156030245849935,0.179027446831097,0.114581260239773,0.0912170573831206,0.12507188300812,0.114219301038623,0.137102854788198,0.224047360159176,0.184639569118942,0.241590344938996,0.274883121953482,0.115437004055372,0.183857888428095,0.095710695934686,0.0794016227478472,0.118022941003823,0.20695365098402,0.178587065290197,0.110465783722807,0.169507723264217,0.171138737175125,0.155920281992783,0.201426959066018,0.183647936030684,0.224302298331992,0.236682135808083,0.115348261370291,0.109742639109621,0.147618476281379,0.154074930763321,0.122049639090034,0.120145679784089,0.165775901128436,0.0992250508340049,0.190788267568324,0.108108514110598,0.163187496327878,0.14923431809611,0.148287511258274,0.200438358680859,0.139690644596949,0.183444575521515,0.112997490033974,0.173047283694447,0.144341974948412,0.138558759787726,0.194255504758293,0.118425943768723,0.151673235437822,0.135817045961073,0.149209685274411,0.153572576760215,0.125880543376503,0.101419113598682,0.241545484402456,0.14511120947274,0.123234449137762,0.192262378522894,0.114633656784097,0.137574530211536,0.0710440111245581,0.0902915246212313,0.180318669992434,0.126022964939437,0.094994140221247,0.224577597384715,0.0815700566631562,0.238763144330775,0.116989200458913,0.173836043275641,0.16031366070092,0.184375526554252,0.137852690114199,0.137470802535379
"capitata12",0.154782088729605,0.232963849762446,0.206567960864036,0.24209504895147,0.276240223176122,0.203050448518221,0.326915369051811,0.237055417764118,0.278716239341838,0.143551411248246,0.164140202051616,0.140222436331706,0.156136001769004,1,0.423176697036154,0.454187509366425,0.242071610012486,0.290684168171437,0.154265613001111,0.293540319255747,0.310400827328151,0.193093809859615,0.256320165913172,0.268581632349242,0.255845189572865,0.102741836954453,0.146734974839475,0.13220819738708,0.200257661884965,0.157917363513899,0.21021354535764,0.253214347828104,0.303655682998241,0.379294287533123,0.235033724591215,0.198268523539744,0.197719446185663,0.158387329171644,0.132244535502173,0.161433728302542,0.190724645241385,0.315642845739452,0.213897536554885,0.273731020831707,0.29012087133808,0.29823188827874,0.165695752282507,0.254091134132678,0.24014459927847,0.225612852389775,0.230585830146203,0.116731383916883,0.154206975694077,0.223059263787555,0.158256856095089,0.150817724073449,0.306682820249654,0.142547305858215,0.125715126144681,0.224852837287726,0.369574484703423,0.296946622257807,0.229573331017508,0.203672051700404,0.247098725425116,0.214116175408354,0.165625738906811,0.280280158492701,0.246472598118151,0.280986429835238,0.112388937904513,0.141286846416815,0.271532545678399,0.185956235654592,0.249820070838353,0.287745592591149,0.241850017176229,0.092867312550191,0.202906134308116,0.150874026936274,0.191079047308427,0.30677829788495,0.158350881774816,0.277331722197108,0.171271092192216,0.134399405995626,0.30708120113694,0.156548681262884,0.189769062838773,0.176528874730274,0.125159715272527,0.231640458629886,0.136357895337493,0.330664237992428,0.264533684744997,0.0632651615261534,0.153067800080924,0.271137456527061
"capitata33",0.155316203204203,0.235395131517428,0.200464937281159,0.247129557197528,0.259689145580195,0.165365564177018,0.282767409138557,0.242317724413168,0.379725999955909,0.140301899850282,0.153078868623743,0.153206805326643,0.158487858899158,0.423176697036154,1,0.385144058360098,0.219508870024518,0.277393372180663,0.164510863974993,0.253303575214612,0.349651941260505,0.172188888990742,0.255925288886663,0.27665474547793,0.222938544854652,0.125855910159052,0.161795713335541,0.123630634973105,0.184572933402026,0.192662063044675,0.220152564882412,0.252921817754989,0.294540059035319,0.353196756164701,0.221643697125231,0.172003445231592,0.171342063425842,0.177562592747152,0.112790193978623,0.158013132741377,0.17016479840849,0.294895487523348,0.191946364849575,0.228674291398959,0.235813739960822,0.252859833805432,0.154648299514236,0.222592028179777,0.200477725709376,0.206942877311883,0.237558137504293,0.125481739179951,0.154474270895045,0.224170883100321,0.178072499495706,0.153110222583094,0.258715380819067,0.16054259688074,0.12682595179852,0.282942433569155,0.325329669984983,0.248585376989369,0.220717724251572,0.191603048049969,0.268866792060048,0.236802889886065,0.1829960433573,0.232041118091909,0.221490179245019,0.215490851477113,0.103391674585479,0.14636463663691,0.2908296873896,0.189835409877139,0.215307489925439,0.203829363592915,0.196186259312752,0.108870327947827,0.209325521958465,0.156911615405015,0.169988404885622,0.263559519301505,0.159309853279366,0.214623103042491,0.163332529508978,0.125360536026111,0.261826690031955,0.140807116405396,0.186157552975102,0.171314921919318,0.153386863922496,0.190852732484066,0.147001967492274,0.267411673962524,0.266609591037051,0.0793125164752338,0.163665554875547,0.259337661562897
"capitata35",0.13747089137143,0.200524035722582,0.166441654815458,0.224995874796088,0.223812695337954,0.169003525154484,0.226123101938093,0.221699056299604,0.262256360313959,0.143515738499003,0.141056814959695,0.135316867436154,0.1627826201623,0.454187509366425,0.385144058360098,1,0.172350970113741,0.217197108470841,0.161600785013681,0.247623938711427,0.29591058169417,0.191672502834848,0.244105936892845,0.240176650754259,0.166780199885811,0.117822301199485,0.151664219989489,0.164197317119464,0.157030208164642,0.152703566475638,0.2268086209608,0.209811185207854,0.262692788782431,0.277627056691238,0.191098910200337,0.147298355288798,0.160930336742319,0.134675139562521,0.105011831634926,0.133339215200788,0.159945211140335,0.2608444638528,0.15078723627553,0.207569539137782,0.259803534424387,0.201082077721364,0.12666348364971,0.22835593624524,0.186492260861481,0.151178242857396,0.125148066624614,0.140992052950218,0.134737136164438,0.194141603200073,0.157021372446501,0.149201116941384,0.198791146424046,0.135252583406376,0.105393071358401,0.204901550289766,0.286632986050423,0.254442147001623,0.224031963601923,0.250430858759025,0.262682109938685,0.203122472967219,0.180349464435871,0.204305900113087,0.156522229965752,0.216972813697374,0.0983261580434418,0.0958111739987666,0.222158929961103,0.202453873258822,0.29555253199332,0.201244786871491,0.149054020216094,0.106699268081111,0.217055349492139,0.144323347722295,0.215577314570533,0.202265559620923,0.143663952944529,0.170606641836169,0.153865075921222,0.0995209434007536,0.197373594849774,0.157320472549978,0.14941437947016,0.178190085148001,0.111449708282057,0.162599920215996,0.135381990520494,0.216716489568908,0.274858889748287,0.0785454900466918,0.17213403470296,0.217093359078324
"cayennensis",0.116322786273292,0.232548561298852,0.168517587585142,0.173041037167165,0.236426424476737,0.16684437681177,0.317274312375584,0.167190382340269,0.166922801358082,0.0993993847406695,0.195653858784815,0.121015351097848,0.123001769869902,0.242071610012486,0.219508870024518,0.172350970113741,1,0.206098689011465,0.123944966568834,0.277241973476162,0.183324589224185,0.158829570763373,0.216528659421042,0.208093714724256,0.214418395917507,0.118695121037947,0.1501955806734,0.11476223547943,0.132280543618174,0.165482023552483,0.212454746451505,0.164442024165747,0.265684586330172,0.241761809405511,0.177708209632498,0.155450844471212,0.167392405013546,0.122236451286565,0.0945193864333844,0.13149299016094,0.135362376009104,0.246712590184047,0.260638869473522,0.322533581800759,0.21851158330401,0.280792034050966,0.193087076970145,0.177863856950601,0.261220191806601,0.154418913249381,0.128220564609909,0.103350591091752,0.130596694686759,0.205232581104519,0.0936333889778,0.113668984985004,0.328256377938444,0.122709541269348,0.0951561062561963,0.214576384733742,0.342150972294025,0.238535857677267,0.180819150943142,0.165412026639839,0.195639514716885,0.177822368249808,0.215971335729043,0.193972351752943,0.197141881931781,0.164975153677906,0.0984073769783091,0.114626024276046,0.256972257660917,0.137204833971703,0.154037622105306,0.171261629097052,0.199162735072977,0.0815292100756883,0.174362244582263,0.127886029637541,0.161619230788379,0.246421242454715,0.127766280978065,0.21855840819394,0.108808834983652,0.0947758438017802,0.253821114143311,0.124397058888176,0.166282157498763,0.104516547741776,0.131592684698151,0.23596585206604,0.124485266126537,0.254785029158591,0.20829655486012,0.0497557136151776,0.129064472032836,0.23570315385158
"chartacea",0.147324644984456,0.329055303932778,0.162016490823634,0.219407463185893,0.290787382093302,0.1772844217583,0.411474311543698,0.189880574439441,0.218103739202141,0.133191903595063,0.146749226692569,0.141985961478434,0.16131170760135,0.290684168171437,0.277393372180663,0.217197108470841,0.206098689011465,1,0.137839636849129,0.301821406342487,0.241565914691881,0.237782040634851,0.244165809893716,0.267387508103314,0.274338437994857,0.109163347176948,0.165672004624563,0.133944191382296,0.163243574509188,0.150875417816802,0.219166418551885,0.19074143248137,0.303818744678604,0.329963063957718,0.230763550234774,0.150676642655805,0.224811098814218,0.133125195716316,0.130453707297265,0.144044749188169,0.171636548746392,0.275627777852743,0.183792796110469,0.233623542427519,0.297661470860069,0.320704548148531,0.15296875798905,0.237054096982411,0.26036622912037,0.184894590086036,0.163731651191921,0.126786453612725,0.166926998265101,0.233725758550182,0.159317263207654,0.17466928563945,0.267354822329409,0.170730478287583,0.127118724573774,0.21571023727475,0.315146486940831,0.312272418774556,0.215777462564493,0.190283871866295,0.238143916607191,0.239485116094719,0.15590459926988,0.335314925928975,0.255491040113956,0.235204391967397,0.134825895707381,0.176913628227528,0.217170114276769,0.185635942286436,0.208467035162935,0.206336978012559,0.217871383182986,0.1061033486221,0.175992570173615,0.144702025691232,0.223864770519438,0.272493042205049,0.146646086658279,0.250183427650163,0.126167622651229,0.13817558803064,0.298220996138793,0.177298179484902,0.286150747555386,0.150903362507369,0.10583766176799,0.181701132925377,0.141723679664097,0.280072838145764,0.205550770387603,0.0829775617373517,0.130259731671268,0.283225446090784
"cinnamomea",0.0956150673494952,0.188920905089484,0.123249952070965,0.15499431883468,0.142783291098929,0.127462094135842,0.171540044413969,0.141058018189535,0.139549188219449,0.123171478883073,0.0745539757359462,0.107907894431721,0.103853304865976,0.154265613001111,0.164510863974993,0.161600785013681,0.123944966568834,0.137839636849129,1,0.128575804230024,0.170499636655522,0.124202172479445,0.163177085964891,0.145876072201042,0.136068763010073,0.0839762383850258,0.155808498589736,0.0995544202949432,0.127270560064463,0.134476261017849,0.17044257356868,0.0892181672571648,0.176429839365576,0.132858684224219,0.127189084176867,0.13368062259471,0.130271715054396,0.123540799148721,0.0677340827456778,0.134113619368012,0.137997056891964,0.148026450793147,0.0964539832492593,0.126515532876099,0.152709075302675,0.119933679719491,0.094054702685083,0.138049946047808,0.105204746661924,0.170048975629344,0.119438123194587,0.125395137028267,0.104843767553665,0.130250383465934,0.149863446250345,0.137799043278565,0.110509992035785,0.0808959996187496,0.0914558661770236,0.176347025870999,0.173544470764334,0.15373755005308,0.156567480162889,0.129779592747188,0.158803060750945,0.134294935351611,0.102281577237911,0.147129486002119,0.0966992775385414,0.160045763790937,0.0959723691635799,0.0967279037090001,0.134065658354471,0.141342838895131,0.124152554665148,0.121622689887116,0.11475560765198,0.0985303467294231,0.120675734254566,0.129737809214128,0.118280024113819,0.134221027380978,0.104055446082752,0.104241826125429,0.0920750593187447,0.0995132211982096,0.149751595704233,0.115498106218397,0.171622771875151,0.114508351767657,0.101525611628099,0.098355593064469,0.124090389536286,0.153858192120348,0.143439559649481,0.0613572438075913,0.127419890153258,0.173011250919161
"cocleensis",0.141547808468018,0.210108211009095,0.149785064259204,0.184447432607508,0.264720542268088,0.212656441950729,0.334534599025041,0.202150544589873,0.201095360109219,0.157625652582747,0.173505000251116,0.139733753079959,0.161128239393407,0.293540319255747,0.253303575214612,0.247623938711427,0.277241973476162,0.301821406342487,0.128575804230024,1,0.204007122752833,0.18140951016362,0.254847671923044,0.266095249614778,0.328307437766746,0.093308682198538,0.122482428704316,0.12918969859113,0.165472251277161,0.165135791867471,0.222581417090027,0.176589345461422,0.314702555766351,0.308549745069235,0.237195182814861,0.20897927581143,0.19078365293929,0.152757759439771,0.12994990645658,0.162789051547081,0.188277549191856,0.322543131664931,0.28602355577548,0.308514190367738,0.297589082173656,0.422825717769388,0.208781026959273,0.243989839532668,0.322872553337491,0.176553253100984,0.17445522725376,0.139822822939756,0.147451976717343,0.209263685193393,0.126076594291104,0.148206667146073,0.393333864341841,0.158299398711498,0.14562004508359,0.178985119598883,0.383611213420562,0.270458186823383,0.199639340485002,0.183640722624204,0.249052491879456,0.212475217822043,0.15780171371794,0.26239408557146,0.232748420014548,0.180348155934428,0.11378700299226,0.14111244514507,0.277152786718118,0.19609169115817,0.223657652171181,0.188551576994616,0.225437206432191,0.101983928085349,0.209609352824878,0.139489323029845,0.217301272539386,0.273167604267947,0.139908996042795,0.258886119543072,0.125877069693643,0.130298497546206,0.306621633929691,0.143391270185426,0.31530734756488,0.131092807382313,0.109163720089006,0.237487180940836,0.178231449377668,0.320484070987666,0.21515666104469,0.0644784245803099,0.170818290155145,0.310016406560348
"cordatoalata",0.234116585906903,0.215907072314466,0.258506974418898,0.299140722669618,0.270259828522712,0.205994701461498,0.255963090072078,0.226782740888793,0.327669449669133,0.14768668761986,0.15282963727571,0.156299763918391,0.159692326309461,0.310400827328151,0.349651941260505,0.29591058169417,0.183324589224185,0.241565914691881,0.170499636655522,0.204007122752833,1,0.195078532651523,0.245712377681409,0.28889418763815,0.182731680791594,0.128918190218999,0.172532682405533,0.138574080149945,0.16348641822821,0.148462382841936,0.20976198667891,0.234931881275761,0.292638720019335,0.321042890729456,0.217126725376761,0.136954790720109,0.185244778663004,0.160150328066338,0.104817216076222,0.128629847897757,0.213249452103885,0.238605839031762,0.144495597005677,0.182825269242456,0.211889238786786,0.205287722705517,0.15106032155696,0.212271270117004,0.187147145644132,0.195102299481968,0.191769449545479,0.139042478549559,0.198059300169261,0.237110971890171,0.160660189525146,0.224417728569992,0.197465452154069,0.154072775735841,0.148211643538259,0.180091803118034,0.289904811188038,0.212960975255199,0.235373030527542,0.209628213315297,0.218745295054898,0.285996523403205,0.139564323038734,0.218461982008101,0.198464924281068,0.277843716818898,0.145938550752627,0.202502554659599,0.213662970756093,0.195248271419971,0.216593161824451,0.236271722151076,0.144660584514512,0.0961496591436096,0.197822715605537,0.203518769515663,0.178332879394745,0.203510257502539,0.14925838241782,0.170809753479428,0.187823412825129,0.185872383162642,0.268073921859925,0.167090022019064,0.159573729461978,0.206595669082478,0.102452249260965,0.222517165797153,0.132128295311391,0.217924968296756,0.21866675392859,0.0739549052622613,0.165254485477611,0.228433756939364
"coruscans",0.134038524491397,0.182873395067716,0.146577697403621,0.182211615666392,0.202634180319036,0.137930817580652,0.248909056805071,0.122736493967999,0.154936306765053,0.123211768789272,0.106296570184579,0.0970765697277649,0.120540446636018,0.193093809859615,0.172188888990742,0.191672502834848,0.158829570763373,0.237782040634851,0.124202172479445,0.18140951016362,0.195078532651523,1,0.240413788325082,0.172749107181181,0.193565132671175,0.0951872181550952,0.112371523801891,0.128526289982496,0.142198094235167,0.137423945315438,0.169533528845206,0.12023095069231,0.220719388820995,0.190160935520624,0.15279850221037,0.128192868220924,0.146405063345517,0.134411824313458,0.100601057467759,0.120987699852239,0.140308777612474,0.185300279358051,0.105952059709501,0.174854453596459,0.225588149627358,0.205378919098874,0.120793982690278,0.215564000468392,0.181155796728342,0.155925548628377,0.113376933515225,0.150873867170459,0.122275892378043,0.157046008617979,0.123409125130274,0.131097665748802,0.140680330569722,0.123097871498379,0.132757578775354,0.165366037480009,0.199462058836951,0.207465338073363,0.19706159709323,0.162684304452926,0.177982626515521,0.16451750387769,0.123673705646662,0.268274022229747,0.143656300722731,0.176115276549028,0.111109403544761,0.131682444183053,0.185551226262557,0.143828552260069,0.17735047663962,0.185130400365237,0.145107599827522,0.109977469458237,0.155978481614966,0.149340219011143,0.357991021388038,0.160699729004118,0.153630408997944,0.149544601660432,0.107426982296378,0.116920968836897,0.202004174750114,0.138386700184539,0.107602801831386,0.13951498320514,0.107438322005887,0.125064259260511,0.112606656034486,0.188511404466679,0.162888848418133,0.0577801557656679,0.134491594666692,0.215670884673879
