"","acreana","acrocephala","acuminata","alata","alba","aria","auristellae","bourgonii","brachyrhachis.aff","brachystachys","brachystachys.aff","brevialata","brevipes","capitata12","capitata33","capitata35","cayennensis","chartacea","cinnamomea","cocleensis","cordatoalata","coruscans","cylindrica","edulis","fastuosa","flagelliformis","fosteriana","glomeriflora","goldmanii","gracilifolia","grandiflora","heterophylla","huberi","ingoides","jenmanii","kursarii","LA17","LA41","LA48","lateriflora","laurina","leiocalycina","leiocalycina.aff","lomatophylla","longiflora","longipedunculata","loubryana","M18","M25","M27b","M30","M71","marginata","melinonis","microcoma","multinervis","nobilis","nouragensis","obidensis","oerstediana","paraensis","pezizifera","pezizifera.aff","pitmanii","poeppigiana","punctata","retinocarpa","rubiginosa","ruiziana","sapindoides","sertulifera","setosa","spectabilis","splendens","stipularis","striata","suaveolens","subcapitata","T18","T21","T29","T50","T51","T82","T85","tenuistipula","thibaudiana","tomentosa","ulei","umbellifera","umbellifera.aff","umbratica","velutina","venusta","vera","virgultosa","vismiifolia","Zygia mediana"
"acreana",1,0.292920788927105,0.255577586820939,0.242308063649443,0.229068456675781,0.147969112319632,0.203740221242707,0.245714826928435,0.224075572782919,0.140095862139017,0.178606625997011,0.248878102135042,0.228824910440642,0.27463967431882,0.243575776364718,0.188453166633115,0.231348725566616,0.23830864834123,0.172605951152704,0.192262158205099,0.263685602511131,0.257441330258764,0.215226719008902,0.224740668916481,0.158439353633876,0.0974139757254082,0.15528869950252,0.295884203784723,0.178836257412345,0.236711459353766,0.306151488315192,0.172214028988753,0.299899775832449,0.248246730539371,0.143587005505762,0.140743561233833,0.222571068917535,0.129447301570535,0.157196468198358,0.269799683590021,0.198749077617096,0.251112306082598,0.165819280689074,0.234170692088971,0.232421554354669,0.223544775795002,0.106482250037558,0.199937882896848,0.198947242081366,0.213892522778795,0.273570812678747,0.181640342882352,0.268372797317587,0.280552720134095,0.144233237046175,0.215666306792041,0.119516970365283,0.0969465156507677,0.110587219710304,0.298429473278375,0.291056745476952,0.260403967510926,0.164050699054534,0.318245372882697,0.292434040017446,0.242792071128289,0.14146265323478,0.307648240298552,0.249753762487875,0.259998509005263,0.244087082933883,0.162100256280182,0.202275276821413,0.224798938256377,0.143609518811917,0.250753333917442,0.255946506623935,0.230213165093819,0.187493304682771,0.192945762542338,0.221611172384213,0.243618415032808,0.171556729379735,0.233976656695019,0.181173398123887,0.232710954141408,0.22805454026647,0.195211337719725,0.134938450289304,0.202523848510978,0.0747126486084259,0.208774421341116,0.162567742912305,0.195192381187511,0.240109179427458,0.116295436033876,0.232898193990225,0.285396983742518
"acrocephala",0.292920788927105,1,0.316831648929117,0.354396514723934,0.232824535437694,0.157422941413131,0.190950210556576,0.215306866225268,0.210708036233316,0.135827986864561,0.145722214105059,0.232622727023816,0.181476364822455,0.225618808940355,0.243162113685828,0.213507749476467,0.262961535838639,0.287344642320223,0.175353754722323,0.192098219861615,0.261812020122711,0.253836194903906,0.223046961137985,0.240421097854091,0.110890221702815,0.0950999182783427,0.124416636786914,0.253418161685266,0.214491685818772,0.262070863024906,0.326018443637478,0.147390227704155,0.298877289629671,0.279618140486547,0.168540691614248,0.105682178006625,0.217994038834648,0.100747930984252,0.15452150123147,0.217427172249464,0.167233135972109,0.239083953358799,0.1634638730277,0.32710735215784,0.377385724376887,0.292355828895378,0.107072843894732,0.221704484600685,0.180903800260695,0.218869656111135,0.247733971348095,0.180683303304991,0.273067614927753,0.327077423254045,0.153458396549131,0.234612474086708,0.101041595392868,0.0909405295725095,0.0904215189771367,0.298876797162827,0.426350328242544,0.374460904870613,0.179537300657418,0.235327390025251,0.267394407372467,0.220952952993242,0.164150673750008,0.275799100606823,0.248645600447346,0.324829902759961,0.288491185701332,0.160005553471374,0.235901175973966,0.215206033744442,0.114295228153984,0.330440677273873,0.247730773242807,0.172282736178719,0.199644958789538,0.181417058256411,0.175125340214945,0.214224460523853,0.141202265592842,0.306975335812879,0.172774900250832,0.259971893059481,0.259913843100635,0.194696110131502,0.0996789357731659,0.205826752758715,0.0616015034758527,0.145054794639657,0.14192523453636,0.163863557297512,0.345941844434577,0.126624682187723,0.235650186086075,0.227985141490136
"acuminata",0.255577586820939,0.316831648929117,1,0.404829215296895,0.209724681474206,0.141217746624346,0.181409320209861,0.252031172284234,0.258341836619563,0.170717868399294,0.143971976215687,0.260829856676223,0.178690121644789,0.20869379626265,0.20932386639615,0.16772756080475,0.297740974934975,0.284470424429744,0.140546515513937,0.181751962786229,0.259118572560651,0.273464169296628,0.224390089497572,0.268582345657331,0.119768574612011,0.0934069166132526,0.118248864685258,0.296644953372194,0.260323347022284,0.245026789013855,0.276977880968944,0.120330231894505,0.275993423885811,0.279837135567814,0.200807897260663,0.129716866172204,0.205368695307507,0.0981797582796189,0.147461816999551,0.244306389714547,0.181189764892479,0.291158801359368,0.242787241074151,0.383279552761616,0.408810661365306,0.233789049349369,0.117151361619446,0.261541173756738,0.244098487663816,0.208100666518329,0.233414658365312,0.216619914983169,0.246135880730017,0.298377586280406,0.164564186157559,0.201562578170176,0.13257907803855,0.122200561306564,0.121162084645272,0.250562783859951,0.320021613446781,0.470581927172323,0.148378241287325,0.247326126869231,0.233502183423323,0.218444954382773,0.147830533408783,0.249261451902911,0.208085534568396,0.274400700906137,0.298079916140041,0.126588784944826,0.220831681544139,0.178463761203913,0.124448921728166,0.269241267037355,0.287405956935416,0.180916883978624,0.243765914140141,0.206188662444304,0.162348945910772,0.26527720800066,0.138776935749676,0.394779431073784,0.189487018737483,0.293824669593003,0.222899000893195,0.210084373874408,0.132252369297499,0.185929894288064,0.0868028364972853,0.128519558158456,0.149179233720424,0.171821641883068,0.375759610385441,0.121926757450536,0.269326761688549,0.28691900275021
"alata",0.242308063649443,0.354396514723934,0.404829215296895,1,0.247056851574906,0.157617273480673,0.2178273456271,0.2521410896539,0.226910684620948,0.140854791219837,0.156713096840614,0.24616070106545,0.200376102054495,0.231935672043629,0.229379837233992,0.198613023418465,0.22874378008376,0.313289011346721,0.177513012470937,0.214536187147514,0.294262366905834,0.289706980485836,0.263511196391631,0.321229091961648,0.143205340625051,0.102700218650861,0.114451839863358,0.294517269519225,0.244113450416563,0.278018271213019,0.297237142232554,0.146030597750127,0.348182035369172,0.289402864159152,0.207034619087908,0.129282162633099,0.224195259966222,0.113330812398309,0.178672715896636,0.267256272303628,0.20477127864937,0.297996315652138,0.191007136478958,0.405033674647978,0.451665257749132,0.242476341504843,0.112654968795227,0.232511337789144,0.222212372511097,0.222757996199805,0.224392847918458,0.267596930078321,0.283595430561653,0.322743466118719,0.186992155396977,0.22727735732094,0.133901280570588,0.105116868458218,0.112595449551145,0.324708664325617,0.358167751733632,0.499625191818371,0.225735375801441,0.278956271866472,0.25317140684531,0.242511788572208,0.173243279375564,0.273525880672849,0.236971532401651,0.335443170005483,0.279606003843083,0.131201367035122,0.194676249946424,0.219845990906267,0.125358909507758,0.317128039719647,0.268507669546189,0.18552508462482,0.229478818310369,0.207658274035429,0.196471308615913,0.21741363830223,0.148286175962537,0.352558222921161,0.191958234096748,0.309045135318883,0.28923492303368,0.173869386835735,0.162665695009588,0.228790395204649,0.073856064819673,0.15040161406634,0.160106197405114,0.190133968687518,0.376539777913007,0.170500589097062,0.266595113794817,0.331337417243006
"alba",0.229068456675781,0.232824535437694,0.209724681474206,0.247056851574906,1,0.160860339502946,0.20736234355826,0.191021137508466,0.27539448301187,0.301391938109927,0.233340154073674,0.280300712725033,0.250958941680218,0.224097100131915,0.216902810980103,0.282678331984593,0.203545032437813,0.216066234731679,0.170613813624553,0.15767950216915,0.260098294146775,0.274586551016095,0.210592458651293,0.237078443841999,0.151191739479122,0.20022280612588,0.0990331119493585,0.180915449263507,0.189491314119228,0.15529956129267,0.206140056676439,0.223926163209432,0.265017897677337,0.20623208454055,0.247657879857605,0.130014898017079,0.148647349012253,0.11012838281333,0.177513482648011,0.165578785672541,0.288453427078627,0.218871400971354,0.155054693676611,0.176114846230319,0.190668337080638,0.198898179579994,0.21122318019781,0.205665187802814,0.302888727435375,0.304162849374875,0.246921300432428,0.182056570499585,0.275280052276329,0.293740191159866,0.134296416881631,0.295125109441431,0.170041062472532,0.131825131091521,0.267203192489985,0.310154827539006,0.208353949674097,0.250084771883664,0.296745627349944,0.178771481007621,0.262496588438317,0.261088210692237,0.259676762030411,0.233002862601596,0.280937166994805,0.324034098202727,0.291970527047161,0.137435838704922,0.218683009652875,0.208380405110218,0.116943815671749,0.232931021275056,0.199903735826729,0.147839341155118,0.195912630873846,0.200502735145721,0.213468157927126,0.239123359594227,0.131724027178692,0.209596745821757,0.192325887167372,0.201979120045817,0.293889054176968,0.164790164971921,0.118552985337927,0.416563210868113,0.0744771058192193,0.262712828590733,0.143507329960416,0.163157175892058,0.201635952732226,0.216489533885251,0.183775074249259,0.238747397105838
"aria",0.147969112319632,0.157422941413131,0.141217746624346,0.157617273480673,0.160860339502946,1,0.156996813849648,0.164359455537958,0.146122104621295,0.103122402466592,0.115305900113228,0.133441070897873,0.133769770870353,0.166280566237103,0.135756233399544,0.102379230916213,0.143983144727573,0.172140974205038,0.148340272594668,0.145713707791196,0.151228083416701,0.124495705396458,0.155008251171071,0.185266912442127,0.117476890067933,0.0937054433551039,0.0871705126899865,0.149298225799189,0.14229057378314,0.146315910664872,0.137804929795333,0.098699592410465,0.200630623200548,0.14582044350827,0.116809357104299,0.117897621974168,0.113197719115096,0.160214158045735,0.131461505905684,0.144192024777297,0.144698749441768,0.175436055208727,0.129301406331504,0.135260294252138,0.123813978554658,0.147147680677138,0.0977168911346207,0.136016423955367,0.114155596153978,0.167053132265008,0.159668103780443,0.210065661342478,0.144673087094173,0.127133036345779,0.129421464556482,0.134194373364844,0.102969300188262,0.0837911432197212,0.0946140164856302,0.139121272587692,0.154026078589929,0.169481276036097,0.126866258086209,0.14645257560836,0.169371020297067,0.169792939748276,0.106601436225119,0.154860531702729,0.128147193653554,0.157153345888754,0.134887363900552,0.101115915443489,0.124070800277168,0.119058215390567,0.100060638537359,0.158559991545529,0.152786404154767,0.133021696443989,0.157439820978917,0.163687458132681,0.193486649367148,0.135951196381739,0.114313278121096,0.140179932414071,0.182305877386898,0.14073170104416,0.173208572139559,0.161639456955949,0.144635274674795,0.143998267016907,0.0655153931392145,0.140050182940307,0.131381014075406,0.122639078883726,0.147905866540047,0.109763829316967,0.142176066589606,0.172920854385158
"auristellae",0.203740221242707,0.190950210556576,0.181409320209861,0.2178273456271,0.20736234355826,0.156996813849648,1,0.226014918156692,0.229179752743182,0.193027593863015,0.165814833219032,0.160762832327774,0.196702020620129,0.385492766232455,0.190133228520844,0.141614247126858,0.167188277798972,0.345459957595909,0.191013730013637,0.191185612239334,0.230797279925035,0.242523037945292,0.319737995581377,0.232984523675989,0.350936771816279,0.316932527170949,0.0959405451486613,0.181195521850702,0.370167601455898,0.176977306415427,0.229585949256653,0.183826750121742,0.266733678691356,0.191937900753177,0.133806081057,0.254930157442375,0.150320237596665,0.108479131979677,0.297816323205202,0.16646320542678,0.227158387298469,0.188029774790605,0.242364287051588,0.164932212087786,0.174464988102708,0.180805712054658,0.245633291048976,0.19264287990815,0.211669510605313,0.152151542057397,0.199018009079169,0.19108633323803,0.23290841130355,0.186061750883564,0.113167807066793,0.16193132742095,0.181385344403696,0.146377842415283,0.331134688737585,0.181292283138415,0.201894304761939,0.225990584583104,0.175586958424485,0.170346012542345,0.182205759285814,0.370063388111894,0.373416194292566,0.211978958121273,0.173321315639157,0.264373388417789,0.152276387008035,0.132832291244293,0.1672286156396,0.180644207126763,0.110069004464463,0.337419870034723,0.153656230592226,0.164571139337801,0.18453820386684,0.314721507863737,0.177949783985098,0.230299159706402,0.147285663313514,0.173340006023689,0.145538357919674,0.16430520962,0.167789526895895,0.155480523657956,0.136885305024005,0.217274207240531,0.299116347683378,0.162906632560986,0.220134056570711,0.170845057563156,0.187016987005081,0.103603720684161,0.158544502019813,0.374348192676961
"bourgonii",0.245714826928435,0.215306866225268,0.252031172284234,0.2521410896539,0.191021137508466,0.164359455537958,0.226014918156692,1,0.188652262032878,0.104308643343085,0.140980808636524,0.199903107544005,0.178531193563264,0.202811299724505,0.170887490579528,0.157607211205285,0.178314296608466,0.250734265148542,0.127447014195822,0.169331881712212,0.272476209535473,0.214995653670376,0.33048283806002,0.243867482246493,0.117516021345332,0.0948893607417787,0.1039868546887,0.226674436463494,0.172515702090396,0.285691938686283,0.236709557064059,0.109669041632913,0.255564751884184,0.215429800165818,0.168740419849859,0.117135165347829,0.201912099779861,0.110640576521348,0.15405621993782,0.245764861749905,0.154831928246549,0.258446663198024,0.139130329332099,0.241706789930125,0.222517736539907,0.198536319300775,0.101961068673566,0.185404273078008,0.233184352031685,0.184043146430231,0.205297806268576,0.185523454482941,0.262261052823705,0.242704794402188,0.140825955441237,0.1657634214972,0.0968380240288963,0.0886207683928768,0.0955679171114169,0.190157863945309,0.288124303990643,0.282090473556711,0.144508871028996,0.182565463930289,0.225845199649557,0.219770899758842,0.128806842357747,0.209391393976605,0.169108936253347,0.215079379798021,0.193145257627366,0.125566768205552,0.171402205581307,0.167501082840365,0.135589876816327,0.265414648388176,0.192138806936251,0.146613958021309,0.217452331647739,0.190616680959504,0.19639294303033,0.194204774902421,0.135527938092384,0.232197592565655,0.193153305497872,0.210669948867288,0.188124757270069,0.177611321697819,0.118991860600364,0.182604747485993,0.0613690359475382,0.141733143841776,0.10816657718142,0.192455526867772,0.224007073274816,0.110750811558189,0.197294059115059,0.235693466194533
"brachyrhachis.aff",0.224075572782919,0.210708036233316,0.258341836619563,0.226910684620948,0.27539448301187,0.146122104621295,0.229179752743182,0.188652262032878,1,0.274932023020114,0.157737234343933,0.161929603345803,0.179834731133611,0.217369984647718,0.253231170711314,0.156185762891221,0.209186142415891,0.257192892304954,0.15100461278345,0.202299120976311,0.278836089975026,0.2302211311753,0.225925837580237,0.234644046356741,0.179652904584244,0.130474250838112,0.11020809826471,0.216182797526116,0.211106947826504,0.164472986231989,0.221021410099073,0.118897797007453,0.290415529967252,0.191552047640086,0.153738953727507,0.176803731209808,0.178275963187486,0.13615275566284,0.166982567119042,0.208291181151304,0.178536528115754,0.251519745486969,0.181875759933759,0.197130996340645,0.20191132652113,0.179959824773634,0.141052467642112,0.187549561208084,0.210272206948888,0.213528456048019,0.18269843809136,0.213584130918718,0.19759420559258,0.207795595257688,0.163011479014689,0.156193839438464,0.215752372017675,0.170608963669927,0.195380291480557,0.20754411705986,0.211918667415564,0.252954526889095,0.170783123382996,0.199538807048544,0.217252827109266,0.240639169695783,0.160069886871412,0.269077569880926,0.221273961696237,0.249281170173872,0.190022561259754,0.150897085172899,0.189675167570849,0.197400429745509,0.157059714208901,0.221446468017772,0.205957719302366,0.169493090913189,0.236882696544796,0.225103278944162,0.186599508608455,0.264374620684423,0.177110109277361,0.219530882457955,0.162248718388065,0.199778700636725,0.188202806284886,0.155124269363768,0.133645241529799,0.207751881048163,0.107150109723175,0.145776593745411,0.155380837783038,0.225951652694369,0.242044651992201,0.124783284646705,0.219181480616116,0.26003398589556
"brachystachys",0.140095862139017,0.135827986864561,0.170717868399294,0.140854791219837,0.301391938109927,0.103122402466592,0.193027593863015,0.104308643343085,0.274932023020114,1,0.312710588970194,0.285073462904391,0.27000080327049,0.179229448116697,0.130793609529947,0.109657518059524,0.179893808833707,0.171547884108048,0.156790745834471,0.129318010162645,0.164969247341235,0.260338746215618,0.149500358937351,0.139039216839695,0.178017654139686,0.287931392348907,0.0651927313741382,0.116042558408632,0.160980889581068,0.123257392944563,0.149251422379127,0.366833018410477,0.163067920678566,0.150997562080518,0.279792714675328,0.15881926729058,0.0981904309278194,0.090848383270771,0.13999113087436,0.108107652294016,0.354796871720876,0.133903548980192,0.164336945052585,0.10633176249888,0.111852379436968,0.124310609804265,0.382163708724401,0.114458082711141,0.313061086513527,0.296110655525232,0.150182095529458,0.128711793101649,0.133968165698074,0.144346282404626,0.0826023905400177,0.117863319660873,0.244214624602506,0.218744919055305,0.319488037137264,0.138702569636302,0.126817432665159,0.144075688411927,0.128040867296651,0.110091929428031,0.155351507968966,0.170990254953508,0.164203471599858,0.156526168970068,0.138810426602106,0.182851837084968,0.291531686733211,0.105285888002063,0.152735986856437,0.147180335633528,0.0853154892711202,0.161552689943804,0.130304061649959,0.164896773703485,0.137017361787446,0.190897372450235,0.122666712113921,0.270613122076108,0.133196821602408,0.138382272832649,0.105641141804765,0.116432821543032,0.126617587343166,0.112641114066493,0.101872989801912,0.290679947031772,0.105780872071535,0.288617701834013,0.151754961796025,0.132382743347034,0.129823162034364,0.359485824416887,0.140718923571515,0.17659727912679
"brachystachys.aff",0.178606625997011,0.145722214105059,0.143971976215687,0.156713096840614,0.233340154073674,0.115305900113228,0.165814833219032,0.140980808636524,0.157737234343933,0.312710588970194,1,0.320581552360753,0.230612826920036,0.183805250719589,0.129528097972727,0.106456040147523,0.127393768434606,0.16788953357293,0.152772017196894,0.142490788567403,0.145029594263627,0.172581874657986,0.145886028804037,0.155201119331618,0.108933859205442,0.249421543997334,0.0687135431373009,0.162393376683463,0.156611701961542,0.121991429421055,0.172681620713264,0.306277891408337,0.195718328251493,0.14754775134397,0.319094874639915,0.112424929669931,0.14738739199508,0.0936359532752698,0.129784264203939,0.155113985782486,0.334697290349678,0.146072804335565,0.143876270364021,0.150523963907099,0.128207857888977,0.111224836743329,0.310597035657141,0.135098963968757,0.28671265548618,0.256120168963122,0.172208001665015,0.132771979521455,0.161867217128895,0.13952452187344,0.0932789300521692,0.104036391995753,0.113637844236962,0.0940791527528635,0.226795940482067,0.150010252826415,0.172979544030563,0.17087725371419,0.115913070627295,0.136794992661363,0.127438617526199,0.17733413035558,0.133027922891077,0.17182030441734,0.117841999010016,0.177608664571999,0.354803411722419,0.0865854130885623,0.117876910528736,0.107433720145637,0.098439644533452,0.17199546041091,0.106381428008596,0.11685100486115,0.148424746161076,0.21944147540932,0.124407948842526,0.229085723987632,0.219705365692742,0.140928526881478,0.103407846969531,0.112137962792541,0.120050953672679,0.0878051340526625,0.0786396659033912,0.314108663942361,0.0657893611435672,0.295068470962205,0.111294431100204,0.117425885874859,0.142734731621386,0.288041880817946,0.121048689612396,0.161813656934141
"brevialata",0.248878102135042,0.232622727023816,0.260829856676223,0.24616070106545,0.280300712725033,0.133441070897873,0.160762832327774,0.199903107544005,0.161929603345803,0.285073462904391,0.320581552360753,1,0.303782288980082,0.2203042305905,0.191634637726356,0.137766474138711,0.217143345359485,0.217518365726453,0.152966984608438,0.146217628696945,0.199306491122356,0.280953547257005,0.196199650708874,0.210582714396232,0.0956386591353484,0.219853225128105,0.0925862845194663,0.227763376513404,0.147913426361902,0.235376476871045,0.261200935984908,0.308450211469571,0.237403700950738,0.271574549564481,0.30251264326217,0.0856439169145664,0.236417307100298,0.0975939044574127,0.125597432169052,0.225193139835479,0.334606994829923,0.185935820971447,0.161207776951753,0.22919345313427,0.227635077492178,0.174777225120598,0.249492674938271,0.164165774764852,0.323997821227047,0.360256715839506,0.275916022777787,0.149325126996683,0.207152604624761,0.217012712442612,0.139177743739546,0.156304835320175,0.0846387450922911,0.0736535878667705,0.19729844573114,0.246841609795505,0.262130409833827,0.241757545464569,0.154372021504013,0.222336142939967,0.226111352998182,0.189004311112106,0.10796761831666,0.231729553429496,0.192881842757909,0.208762670861375,0.409420504977234,0.115978138338591,0.198654834074145,0.163163716386141,0.106927428674621,0.225640826607501,0.189551943360425,0.231676647703882,0.189275944724452,0.181592652440114,0.15556127530872,0.249080285134534,0.124527871221133,0.226783707141808,0.144369853428493,0.18149226410048,0.181476220067684,0.211961269811086,0.0856197231231191,0.299724796355434,0.042730459111571,0.275370302367685,0.120476899199338,0.124905770995904,0.23259276675024,0.278891984900342,0.158436098427919,0.205203247984756
"brevipes",0.228824910440642,0.181476364822455,0.178690121644789,0.200376102054495,0.250958941680218,0.133769770870353,0.196702020620129,0.178531193563264,0.179834731133611,0.27000080327049,0.230612826920036,0.303782288980082,1,0.209963283687283,0.181466347993246,0.169347675316467,0.251472882157909,0.215760800789186,0.163491916178449,0.181983774058145,0.187441294265863,0.185293453116514,0.201791309541156,0.16862029061158,0.138868922182753,0.214626022887432,0.118298229715594,0.226465906814254,0.176423474951037,0.219704452394398,0.271085661302172,0.269227426823609,0.228293765319564,0.276339668875857,0.22864929520266,0.12005055036068,0.149339913440156,0.120689224063049,0.159168564313014,0.176952748866538,0.321333163556424,0.174769387726555,0.153324449707576,0.170332787675319,0.17802713642781,0.187687207630166,0.23026059961361,0.161573622769734,0.254202800282462,0.309852657641605,0.248760988999645,0.169640506075304,0.17191875537265,0.194292495929283,0.110363046954015,0.187122487509931,0.0985735473012504,0.0832423284774508,0.234205841844299,0.209254172542214,0.199813164883838,0.227324111066671,0.134916151691009,0.18473325132694,0.220042323882477,0.211681617697008,0.153458459638884,0.21153042170399,0.176215248864678,0.246335351569262,0.270881193069149,0.119975622604685,0.251281217428888,0.24395302289076,0.122375426849232,0.219605662637196,0.188602013967796,0.247832003127198,0.176762685630466,0.184545558059878,0.172178154012316,0.208215704671796,0.202905506223698,0.204893863626582,0.15066711429867,0.159726109216337,0.180769912196686,0.183069598303255,0.100186427435912,0.298444949942553,0.0729852794879961,0.235735169687644,0.147817726668471,0.147528785049785,0.186802333472668,0.246805999690034,0.171186115660834,0.219080089611531
"capitata12",0.27463967431882,0.225618808940355,0.20869379626265,0.231935672043629,0.224097100131915,0.166280566237103,0.385492766232455,0.202811299724505,0.217369984647718,0.179229448116697,0.183805250719589,0.2203042305905,0.209963283687283,1,0.202821458849172,0.174842979418574,0.226089340263185,0.376058312272344,0.200591256796338,0.225552256817006,0.22605999702568,0.311674543415136,0.318207153814838,0.240792504681849,0.343383674795113,0.284193920429132,0.109964478292242,0.229213606023109,0.376165175919892,0.197812475974325,0.287034251341761,0.185014012500902,0.300441291070815,0.195047510889995,0.147103175794934,0.219044884519581,0.169938300682694,0.118559798897434,0.324014660217636,0.183807611511632,0.2263593280563,0.204362832679027,0.247342444223184,0.17761102771204,0.203003607332349,0.194424115831261,0.245930689625975,0.162426114572583,0.204231462448631,0.183556882965936,0.249377371352781,0.170343745322468,0.283390468794246,0.232466922417355,0.12003513443368,0.198932763732949,0.159661335583473,0.126461302444713,0.312029828224968,0.271258039722935,0.21123025883551,0.25635993883538,0.201643255690064,0.189553504379408,0.231072509020584,0.43202488875134,0.371196642492268,0.22300022345855,0.192874906873474,0.273542772007704,0.215892160771435,0.119226612348559,0.174477021261836,0.183354272608503,0.115135550704827,0.381952769330259,0.205980101166881,0.182950825775144,0.203677764677212,0.256002466756729,0.167281822251982,0.273734274637945,0.157822510471049,0.198031713699351,0.192226855104783,0.169236712537215,0.195851961983344,0.198162988130645,0.146021510482654,0.252710432781524,0.15805984536516,0.175652529035504,0.218596324980756,0.1723535447064,0.218589132869023,0.119298417217175,0.175065903613401,0.420311537728798
"capitata33",0.243575776364718,0.243162113685828,0.20932386639615,0.229379837233992,0.216902810980103,0.135756233399544,0.190133228520844,0.170887490579528,0.253231170711314,0.130793609529947,0.129528097972727,0.191634637726356,0.181466347993246,0.202821458849172,1,0.15953239678441,0.215905555032882,0.315513311349941,0.152772694924979,0.174512777236413,0.245948641418846,0.200391156081126,0.199086344297259,0.235924549089596,0.131095991425446,0.0818878948587545,0.23114891175472,0.218686829917869,0.160983676226657,0.177676054465304,0.276962792573605,0.123611128698736,0.262822559489508,0.197463887707048,0.134724049659214,0.111846443061338,0.165855204243956,0.104587462268858,0.151567313341326,0.188646123556819,0.180351901387678,0.200540643832029,0.198137886282026,0.193989129975629,0.191914257890305,0.293622166759386,0.101726966124507,0.188459839944193,0.164368198437396,0.216526636313748,0.222564428242261,0.189252742558407,0.223316123939343,0.214257835722758,0.139188665829449,0.163138025276451,0.118477377522719,0.0941545246841444,0.115998487911227,0.21404809310234,0.234075079364958,0.232785386921224,0.163420605362577,0.227874869428584,0.271390947431097,0.201865099106324,0.147100435531675,0.305062071488533,0.187126156643194,0.306243276073674,0.174535613256232,0.241774309437426,0.176273132324554,0.177698464635988,0.113066156888977,0.210363199719825,0.192023322247871,0.226373997406926,0.253576123023432,0.159628647032035,0.180288174460846,0.186271353664105,0.140960068182391,0.207075995435858,0.156538174335286,0.23294489737548,0.188682701424676,0.196945555665981,0.131137730651757,0.224927230335245,0.0646004619248723,0.147718753104741,0.154927884474344,0.178818191058276,0.199899924603692,0.136539852090462,0.187149952014955,0.244165021501428
"capitata35",0.188453166633115,0.213507749476467,0.16772756080475,0.198613023418465,0.282678331984593,0.102379230916213,0.141614247126858,0.157607211205285,0.156185762891221,0.109657518059524,0.106456040147523,0.137766474138711,0.169347675316467,0.174842979418574,0.15953239678441,1,0.191261486375657,0.150827517902052,0.127457207523694,0.148429814635081,0.205842415807083,0.213418454585781,0.284129345976491,0.152299644229786,0.114565243725589,0.0733354777552855,0.126649574644376,0.212389290208584,0.14535827154839,0.173390706789188,0.208929856999196,0.103698247398457,0.195356918290339,0.169133427259314,0.115153880890254,0.085364083388347,0.126499332843212,0.107458438776007,0.206436035949727,0.14076363314053,0.163282898101037,0.199486511282354,0.137122600676649,0.158631414274931,0.197711486812974,0.196700959570025,0.0831546699650197,0.186512016190706,0.12939791435163,0.161242613160609,0.212900291667526,0.144319495610588,0.25147406566389,0.296775480799577,0.0954799418032083,0.292245459195723,0.104597621131324,0.0936464410568942,0.125696276297945,0.26625848629727,0.190061424311496,0.209799726664259,0.216622422127074,0.35933205983291,0.265077065989437,0.163917187337361,0.19135884503374,0.182590638003987,0.26771247816812,0.264281011302622,0.155005497739086,0.167071974512857,0.227035667979347,0.183148738572926,0.10489818831955,0.170435962579602,0.169618142488634,0.120058895582123,0.176546009604123,0.137091162608498,0.1772962400785,0.131840567222926,0.143437610625531,0.180387400177735,0.185446516469534,0.166716449241469,0.286740675253455,0.165570346483411,0.0852951064096445,0.244095692860278,0.0469789914128068,0.122723698391544,0.124224047834183,0.144882510901544,0.189340392324695,0.107783265272643,0.163561556799309,0.178524694001953
"cayennensis",0.231348725566616,0.262961535838639,0.297740974934975,0.22874378008376,0.203545032437813,0.143983144727573,0.167188277798972,0.178314296608466,0.209186142415891,0.179893808833707,0.127393768434606,0.217143345359485,0.251472882157909,0.226089340263185,0.215905555032882,0.191261486375657,1,0.218694989452527,0.185570014586069,0.152296385924626,0.215360025837343,0.226419583766102,0.182498816496705,0.204130349217138,0.118221999120803,0.0877554545902664,0.130238625359147,0.225803527467033,0.213463468446212,0.265378484138735,0.25200110924546,0.131245340670175,0.230427428051889,0.215075473294999,0.121702635538971,0.118062798197472,0.187175707800124,0.121401513338232,0.158887049549714,0.186981161876083,0.202357068253507,0.223442967042142,0.210116422739125,0.212802924919933,0.223197460871358,0.205882761041907,0.128312227409597,0.165498101943321,0.204604151975311,0.237717467226355,0.222270937936894,0.162710858600953,0.216001907122809,0.229855080460275,0.126145176154225,0.216189140175928,0.127966611161112,0.107288223790804,0.110477923955114,0.206389210740215,0.243231050808074,0.246559832580275,0.147458544141863,0.215053968152837,0.303830421304906,0.202374290464759,0.15262678510377,0.208305355065076,0.213539315719352,0.267851325473781,0.195433440363754,0.128131809088812,0.206025828598901,0.193973505493375,0.116496522713958,0.224039705543492,0.230123922466558,0.24271033766267,0.20947911653297,0.17105442712953,0.170394643815299,0.182439219504585,0.140452228199858,0.236160069230066,0.157059281526442,0.197232357369198,0.225922652323746,0.223481243322791,0.115920154618507,0.183193770874503,0.063737838967769,0.156364103927335,0.18023353519033,0.171086828839273,0.227174672912366,0.168243439938878,0.17088299824357,0.233899392989901
"chartacea",0.23830864834123,0.287344642320223,0.284470424429744,0.313289011346721,0.216066234731679,0.172140974205038,0.345459957595909,0.250734265148542,0.257192892304954,0.171547884108048,0.16788953357293,0.217518365726453,0.215760800789186,0.376058312272344,0.315513311349941,0.150827517902052,0.218694989452527,1,0.174097169652998,0.246376279633157,0.261456664101056,0.245609716032627,0.37931236946412,0.315471482904047,0.273713911070721,0.236575243711302,0.174229702562225,0.27458266276623,0.374479067158706,0.240786086431309,0.267329825742078,0.146182204615607,0.319788781307346,0.224810036350218,0.1963686894332,0.260247352022049,0.199010376569444,0.122758182073571,0.276089347924171,0.226060334772929,0.21424048531774,0.261224367728409,0.22704006398287,0.274678554482197,0.290840094696375,0.245249110579966,0.255038272162366,0.232206122693743,0.228537616180702,0.219361471430868,0.201470501580908,0.233359547315733,0.251918122010072,0.249824885123492,0.183308352005175,0.161551414227834,0.138621073978767,0.119485983243246,0.261280992406894,0.217879354194985,0.305870173038318,0.362401507674252,0.166057347046506,0.216155118389829,0.237246872812335,0.387410552840801,0.28759718969431,0.239334483044008,0.180234917506604,0.358506270898688,0.24064004696108,0.18235889382545,0.169550974445584,0.169731539515922,0.125662975689228,0.454466354238171,0.221291289940532,0.213410587862237,0.227781969672222,0.327757043383784,0.191195037450441,0.271288417307138,0.153846783120725,0.270415153382246,0.152990009158007,0.258950004545682,0.183182768275348,0.183746393637863,0.151412039573394,0.257105473172847,0.138305016456578,0.170213347189774,0.176739587217466,0.201683445049152,0.290001437822795,0.150075902639229,0.21434858957735,0.425157064702693
"cinnamomea",0.172605951152704,0.175353754722323,0.140546515513937,0.177513012470937,0.170613813624553,0.148340272594668,0.191013730013637,0.127447014195822,0.15100461278345,0.156790745834471,0.152772017196894,0.152966984608438,0.163491916178449,0.200591256796338,0.152772694924979,0.127457207523694,0.185570014586069,0.174097169652998,1,0.146785541031607,0.17988527845696,0.161707416080717,0.151244640257646,0.157806060484728,0.139645151577159,0.102437413915279,0.0736764514000469,0.153303441489187,0.177998420166966,0.162972095863182,0.173247245148901,0.149818912744298,0.186195697500213,0.161303626562353,0.101903684352882,0.121578075185678,0.119049185829698,0.100320960200944,0.134569649691237,0.124467163724641,0.167079301018712,0.144734892479557,0.156444204445139,0.146230901857914,0.1498045502628,0.153007407831999,0.118641437962082,0.137271001639676,0.137163416495162,0.153055792165158,0.202839551024542,0.134254848161787,0.169753823301306,0.157950508845252,0.117504499780305,0.16242092404623,0.132290319737432,0.111190080599968,0.112810493120595,0.1501921980697,0.152872027040921,0.173593041953374,0.145874674632194,0.136568638434603,0.175912502876283,0.158362771846921,0.191379426344548,0.181088366785979,0.155341992815805,0.182692406244239,0.171200911125664,0.115603801218401,0.155427195107978,0.179606958132349,0.124173652483256,0.186425874417958,0.154664308301945,0.143795476155601,0.168409499868669,0.131979817617591,0.135425463622823,0.16879680674003,0.164228654992907,0.150508212222625,0.135500445760623,0.142530428117689,0.145708709677959,0.144093620925406,0.0676212616742877,0.165669530288936,0.0733280985978095,0.222664075081971,0.18246371676782,0.13194836165104,0.144776389718993,0.104536493079643,0.141026683730013,0.180302111656368
"cocleensis",0.192262158205099,0.192098219861615,0.181751962786229,0.214536187147514,0.15767950216915,0.145713707791196,0.191185612239334,0.169331881712212,0.202299120976311,0.129318010162645,0.142490788567403,0.146217628696945,0.181983774058145,0.225552256817006,0.174512777236413,0.148429814635081,0.152296385924626,0.246376279633157,0.146785541031607,1,0.188998754939147,0.149269163817827,0.22556496433324,0.22826704897697,0.169681698875307,0.140018989856718,0.102648183945436,0.206430387953588,0.223289247510699,0.141989928502101,0.185806377344544,0.117005850244234,0.241858416216221,0.149505119842143,0.14847409615642,0.151985610689488,0.152790255385328,0.127729584831006,0.225629871682526,0.160983329607673,0.156198578671314,0.219215028126714,0.184192411781375,0.162869923979392,0.160974949486078,0.185257972265705,0.145463049831914,0.166367909761384,0.155525375682278,0.173818327211401,0.143089149392797,0.192990727641744,0.152099219184978,0.204787669550308,0.139482982831858,0.128973291007288,0.131678544603828,0.102529267432304,0.152947594681714,0.154882975525163,0.187896209974106,0.205795148524306,0.152109224476717,0.187141993825493,0.176559056755933,0.229718967311637,0.165806185522589,0.207788869557795,0.150699443300499,0.220675268291557,0.154719856824825,0.134556695043441,0.135068269667605,0.15666661727921,0.143293757173413,0.232897818450184,0.15551563287072,0.186453968014953,0.201423743535403,0.182355523951457,0.162340882827589,0.168804774347698,0.137403401152676,0.169331559438721,0.141204380848502,0.182136072298075,0.144141360572864,0.127210206888927,0.100077972549203,0.204503837130764,0.0884757542801405,0.138471168627331,0.155176689157753,0.163175778075261,0.159453857791866,0.114003650282541,0.148906743042205,0.253749081153872
"cordatoalata",0.263685602511131,0.261812020122711,0.259118572560651,0.294262366905834,0.260098294146775,0.151228083416701,0.230797279925035,0.272476209535473,0.278836089975026,0.164969247341235,0.145029594263627,0.199306491122356,0.187441294265863,0.22605999702568,0.245948641418846,0.205842415807083,0.215360025837343,0.261456664101056,0.17988527845696,0.188998754939147,1,0.215774552939835,0.228005563060671,0.273894445888967,0.151916030496405,0.099762905552259,0.129827318847782,0.262354701315747,0.207164083426757,0.22392767981528,0.267264568479868,0.135617758575666,0.313243399935564,0.259016592506077,0.181686196713221,0.122437382601047,0.201021366409469,0.112220517724044,0.161247030407178,0.24275010800872,0.182895898196904,0.295344330091868,0.167999350500144,0.253789938784542,0.24766872872498,0.238297735679606,0.106022562696903,0.232693295254038,0.19536826160193,0.222201860258108,0.25627319345491,0.232000740035605,0.328198309928032,0.297189263619523,0.175268029421119,0.212493180235918,0.147350310590412,0.105188608970308,0.118372459656586,0.257571376608017,0.253422843535592,0.293571571816231,0.194972103403967,0.249646830674501,0.254488130162978,0.217334485723123,0.162910043981657,0.274876979676449,0.257367667771833,0.305816366551791,0.216087441391884,0.170105472639757,0.22251483650364,0.234859881601093,0.14576875972378,0.242518952828512,0.239751605404464,0.169551023998856,0.213386942112121,0.209313352021813,0.194654126385413,0.201429335165593,0.157795252926878,0.281506936327065,0.171106667186894,0.251072754499643,0.244483241121944,0.17566823362836,0.119576311562182,0.230638486862595,0.0618121157631193,0.161534659777221,0.138073283645045,0.211919554407899,0.291063534048603,0.127514315723351,0.248424830079904,0.247835573524293
"coruscans",0.257441330258764,0.253836194903906,0.273464169296628,0.289706980485836,0.274586551016095,0.124495705396458,0.242523037945292,0.214995653670376,0.2302211311753,0.260338746215618,0.172581874657986,0.280953547257005,0.185293453116514,0.311674543415136,0.200391156081126,0.213418454585781,0.226419583766102,0.245609716032627,0.161707416080717,0.149269163817827,0.215774552939835,1,0.240701338597162,0.223187846768236,0.187723719423005,0.123409131054395,0.0949755378976972,0.223456629391958,0.2190848792508,0.251186087866333,0.274681809028009,0.149974517980162,0.250172365818789,0.243350134730866,0.170435537496018,0.152439288324593,0.182094801055162,0.095236910191248,0.192087286839656,0.173795478860222,0.197512248432835,0.182087202608893,0.210393350241666,0.221315957844218,0.306022424189099,0.164068961231492,0.125873752487084,0.167234784398505,0.245565071211712,0.17696597341947,0.264232255871878,0.169685581072789,0.251196444456081,0.30666876572619,0.119738197895955,0.241885256152839,0.382124930249074,0.393098497552748,0.164332767637047,0.339135967059167,0.259721592202279,0.315149447340676,0.22733893606646,0.177504661858464,0.298338178246111,0.230815147596732,0.253653513857186,0.197333066016679,0.241623145888695,0.283198894298269,0.260969513633653,0.1166235301079,0.168179425858049,0.196675539772203,0.0958882475084554,0.28474625719096,0.200604787985864,0.207116674659768,0.150431877504685,0.241633452087497,0.126258460886199,0.518970482126868,0.127880981807388,0.232059007957428,0.15036478079614,0.175574295975873,0.247567386415559,0.14594961027983,0.111773308856283,0.252720554460196,0.0968941756484342,0.141233611806379,0.175902677125075,0.129225212645184,0.254799368344484,0.124657150314502,0.188684098543484,0.27852144529383
