"","acreana","acrocephala","acuminata","alata","alba","aria","auristellae","bourgonii","brachyrhachis.aff","brachystachys","brachystachys.aff","brevialata","brevipes","capitata12","capitata33","capitata35","cayennensis","chartacea","cinnamomea","cocleensis","cordatoalata","coruscans","cylindrica","edulis","fastuosa","flagelliformis","fosteriana","glomeriflora","goldmanii","gracilifolia","grandiflora","heterophylla","huberi","ingoides","jenmanii","kursarii","LA17","LA41","LA48","lateriflora","laurina","leiocalycina","leiocalycina.aff","lomatophylla","longiflora","longipedunculata","loubryana","M18","M25","M27b","M30","M71","marginata","melinonis","microcoma","multinervis","nobilis","nouragensis","obidensis","oerstediana","paraensis","pezizifera","pezizifera.aff","pitmanii","poeppigiana","punctata","retinocarpa","rubiginosa","ruiziana","sapindoides","sertulifera","setosa","spectabilis","splendens","stipularis","striata","suaveolens","subcapitata","T18","T21","T29","T50","T51","T82","T85","tenuistipula","thibaudiana","tomentosa","ulei","umbellifera","umbellifera.aff","umbratica","velutina","venusta","vera","virgultosa","vismiifolia","Zygia mediana"
"acreana",1,0.200101336457404,0.15409531727533,0.222138928488682,0.285388382409271,0.195507729960896,0.21037919639471,0.299432578105718,0.210258711281148,0.121564941438275,0.138402536377689,0.120320223296515,0.144997911819047,0.135280522040962,0.201782849100895,0.134387707770206,0.130916915485726,0.213722958640731,0.221359483154219,0.223036148450283,0.197163753768385,0.161846187288206,0.171445972781348,0.22384549174971,0.166933990845917,0.141038364729224,0.0996865482660827,0.146705995954604,0.124139625722319,0.171426125284339,0.141668773631051,0.134904542204675,0.213442071656316,0.181364460160393,0.173388991738278,0.119992361260181,0.0948585743930827,0.0808150452893771,0.13263984839039,0.178150149519544,0.223408554981647,0.202746935993252,0.122145099150917,0.183268862187338,0.181493646679358,0.232162230376935,0.155013141337674,0.20633946881174,0.160539337065069,0.17877152769366,0.159665162612327,0.15398127630812,0.173793439809163,0.178548325338609,0.149198986176523,0.193803270265907,0.140818751380297,0.197406370197912,0.152803368024581,0.165636250974519,0.170281668496608,0.216162877933706,0.171220296363945,0.23114329947729,0.142800293895687,0.235157864735196,0.112612931937182,0.229090527574131,0.160726908264013,0.195616704549612,0.200877581755213,0.119981522533938,0.199540189749393,0.150075731834848,0.154676408084318,0.243473095510397,0.153039596515015,0.188701808885909,0.182004832601049,0.178626125836287,0.17841190372579,0.199834705372635,0.152638725795084,0.128118260720391,0.154767924637378,0.154282510891372,0.240093702747811,0.0696766813697981,0.121112705714442,0.173917368814187,0.129183718587493,0.124350004099255,0.130553052489977,0.178542308958064,0.130757250130034,0.152410951416018,0.169323267039501,0.207693119747942
"acrocephala",0.200101336457404,1,0.197226277184103,0.331089310854331,0.339112719282027,0.130104793159045,0.293070279893428,0.208285052727541,0.258439000118411,0.120509217804096,0.216662620548498,0.195655729900277,0.168997405990769,0.197588194028993,0.231958206880976,0.264917402887991,0.184279669049133,0.305214876288611,0.15755695812156,0.229534580440701,0.300383789139738,0.240041767992532,0.218842444930474,0.372920312858114,0.201675213001479,0.161461259482859,0.120067718898363,0.199576235202653,0.137995225209769,0.207104678561205,0.184987559992438,0.147993868839824,0.287190701802073,0.308435883369164,0.272651062569785,0.171293780094787,0.142037467711696,0.19361159847414,0.168174560005342,0.182848998979755,0.205804712815152,0.241865850057952,0.141030629932315,0.2055403246122,0.292436259078326,0.217791247514971,0.216694990246677,0.23134332773266,0.249122726188501,0.241519365859069,0.193092560904436,0.170550509298461,0.241826251742865,0.212816877758005,0.192275191979721,0.331727920061741,0.194013507405882,0.2799167714288,0.264289702019763,0.231933460604757,0.336248904771544,0.340775524302895,0.213719086677177,0.213514831549428,0.21926821936111,0.247773005117953,0.128444571226846,0.303597940131166,0.245888193853098,0.230245418900645,0.228499553754079,0.151279283780437,0.222634568434446,0.216134859568182,0.214825582666511,0.186392056856798,0.199392734601853,0.263287515800612,0.287346777457209,0.226755320828919,0.314492481208007,0.245322064829046,0.337351532363281,0.137471849372483,0.174629757314796,0.247642546723646,0.229093984560008,0.113556582336436,0.15255230264515,0.214814307128516,0.197903717345648,0.179244231444745,0.183127810028454,0.289977633009171,0.198035749175309,0.156451670391025,0.272161891133138,0.262712157795449
"acuminata",0.15409531727533,0.197226277184103,1,0.208142592027661,0.212916424120597,0.105304922267142,0.192391505773313,0.185788324211104,0.233071383895949,0.118930810143902,0.166287378688879,0.128545938841147,0.160751530462107,0.132610112482412,0.172265272600312,0.150730562355171,0.138862393559778,0.201616960968075,0.10563932157207,0.165461691349957,0.188719879182335,0.154428246529331,0.13818287135516,0.213959385950278,0.149685284640087,0.117802194398455,0.0893666165844147,0.255653767618759,0.156760374297204,0.16125119116874,0.135870668128017,0.14406288581381,0.216134990783731,0.192608088574365,0.185355551672384,0.130441404761888,0.100273342580452,0.0785369654835932,0.12160803298192,0.143867263523146,0.151194891245244,0.250980746525884,0.13077127365463,0.166895871943114,0.16117878264489,0.183808732604919,0.158202024326747,0.170882378672103,0.181160103607142,0.169877971931073,0.137074822657335,0.114336361295824,0.170627905285626,0.149296259886677,0.141849566251951,0.209691951934728,0.115323877897629,0.245750760043526,0.182333889274134,0.248422046917801,0.199695763289828,0.195759885770538,0.198063702580148,0.16207962256233,0.132733738194258,0.157009521434085,0.0906192913856266,0.260304548764051,0.204283872847787,0.173960940966896,0.207451530340994,0.127200580814226,0.201210034524142,0.215753529469772,0.16806830352309,0.151718418768352,0.151203554486381,0.202503612102961,0.182165587564679,0.162209090155063,0.209419228606671,0.171118835982128,0.174267567602586,0.135788501472779,0.153586357249623,0.161019692345223,0.159505469446091,0.0916798541614267,0.130145137327361,0.165304395054706,0.115500246405217,0.125531072122597,0.114684629211591,0.227343475916842,0.146377470864785,0.112235577330031,0.185025165219113,0.195032999695828
"alata",0.222138928488682,0.331089310854331,0.208142592027661,1,0.270363241441172,0.155877537740776,0.309275857027202,0.213983842205055,0.218166493693698,0.145877011481361,0.172427355498549,0.192414577769017,0.169295410454213,0.188885818483535,0.261576316395019,0.311947612806024,0.173567474542537,0.300176308136978,0.156172107585132,0.198567341104878,0.284792898389124,0.252267152343429,0.276142064933706,0.288761001534362,0.237107248889975,0.161417681641425,0.130849543678416,0.223445781024679,0.160781926438947,0.24337651317688,0.207354607705803,0.151499855450079,0.327113495349986,0.227008185008666,0.246176550145931,0.182207096781854,0.163556687320205,0.243924214862253,0.176906707545143,0.20425424474154,0.21292146207558,0.290485130247601,0.178786488966193,0.209676665937608,0.275144077886357,0.219836255850737,0.194593501391707,0.226726493221481,0.206920245344302,0.213728419719199,0.193784322599583,0.162822192039578,0.256831454775561,0.205831619463445,0.189823995553703,0.246613985218047,0.21637381284963,0.250104145035586,0.221298220422327,0.220093005170839,0.250181760750119,0.406373890721483,0.323324140675447,0.238531245470082,0.245378278584933,0.263929654198238,0.168778564708153,0.266387658435047,0.237649644814362,0.279545279382359,0.241454960892206,0.163980032278265,0.23468587628601,0.189567965566786,0.206181693346762,0.218198787670141,0.206691246083593,0.222749238496851,0.248766384679319,0.28459523443833,0.236635659724376,0.28959208950689,0.269843167719995,0.163954895354572,0.17641889835911,0.268513732610029,0.24830168272227,0.11690109377883,0.148532159280155,0.269331527966695,0.181553902289327,0.215612745470888,0.148603723998185,0.244507785241729,0.261565853247323,0.200124851836509,0.20049668041207,0.253220552369944
"alba",0.285388382409271,0.339112719282027,0.212916424120597,0.270363241441172,1,0.204233764028066,0.290872187714758,0.217338856267135,0.347987737612995,0.242269401240758,0.294693698633608,0.254324713861566,0.262425697875429,0.126572698672887,0.294582560321573,0.184859465853972,0.156109295235642,0.335318320691498,0.134050840122332,0.204902881581428,0.24633347174551,0.262401390718596,0.174747520644279,0.267227326026797,0.193954660240057,0.26906724056492,0.0940225029097766,0.17827931584964,0.136757722892213,0.220109329432335,0.138918237528853,0.249442283947713,0.297260602591813,0.344325803624131,0.380242395486025,0.142803441950841,0.11619800419647,0.0926435659711358,0.16700564346678,0.218931529579173,0.291670409878092,0.28655744869919,0.126545674570374,0.226537754063877,0.315467635782571,0.298136133620912,0.340813722860814,0.194769475949308,0.42255107334977,0.321379315721806,0.199311901487983,0.177577424480669,0.210699298494363,0.213451512418787,0.207310016894208,0.364172316212398,0.188269757542795,0.340067525126394,0.360396123602893,0.256032417208608,0.301514950353958,0.319171500904747,0.169077232784308,0.251274869363601,0.161707017451155,0.257112088776855,0.130912657191249,0.341921631546347,0.33006216649043,0.255569171580331,0.408850319547559,0.138592606870449,0.196662379743875,0.291623941485539,0.231733001678661,0.173462217141905,0.176193622644363,0.25830379229422,0.28118957783101,0.220492791725412,0.447149200420377,0.184665149577962,0.325926474941095,0.145141735496794,0.161755854527653,0.189898873137217,0.252213821648004,0.0772525955224407,0.180736931944416,0.32319749382348,0.181610330127459,0.250710434416331,0.169948188712648,0.369529780496573,0.154704549625817,0.268540824561476,0.306630801648099,0.301879376082255
"aria",0.195507729960896,0.130104793159045,0.105304922267142,0.155877537740776,0.204233764028066,1,0.132356139682318,0.146688573784933,0.130081126824862,0.104524941241268,0.091247076576503,0.127789189988516,0.16197050946798,0.0913085495602448,0.182075428086456,0.121349028570545,0.150989587693569,0.155543596376776,0.120824574995959,0.116094950834273,0.180945604848152,0.099822152586869,0.153077690101416,0.142581105153097,0.120697331985383,0.127058717334438,0.119629616257052,0.134638328568805,0.110695070420372,0.205205145256046,0.121038363412627,0.0918597432156766,0.139502452494394,0.124823750341436,0.116698744130317,0.137423899425266,0.0852194480308298,0.0575775246390551,0.124611756112243,0.199043974027865,0.120292639021393,0.12731381064275,0.100665975660203,0.178909620305607,0.161787738561915,0.195043997988183,0.0956224916814523,0.175298786221105,0.130327753002846,0.14395914816466,0.149751425360996,0.172007526328361,0.129326899728292,0.134138464711163,0.109084322623935,0.143896696336421,0.110942258239436,0.131006952897788,0.123393199881601,0.159573422319968,0.128030241037052,0.144806808029202,0.0972780609659308,0.19256014505642,0.129175886247686,0.169445725107371,0.102411305644099,0.124540902826286,0.137510629496211,0.145448353752054,0.137329913093852,0.110142228787699,0.139793146907168,0.115157600347729,0.150432322377475,0.17472255327852,0.150939930578622,0.131126058646271,0.137076907181623,0.149741439022826,0.135151528971328,0.0983426391374617,0.122447973006651,0.140714218189905,0.123032001046421,0.0955340165207969,0.140740109061561,0.0588536807407241,0.0963052265813159,0.152445920803181,0.155817667432118,0.0965022508508127,0.128072042530353,0.130888082965983,0.107050485567925,0.125823328401665,0.163340263763485,0.141280733060718
"auristellae",0.21037919639471,0.293070279893428,0.192391505773313,0.309275857027202,0.290872187714758,0.132356139682318,1,0.205434957678641,0.24636384915813,0.121009504386485,0.181701094266979,0.151248895115055,0.16914089750604,0.163544110932819,0.276161327357475,0.230634845273222,0.147942707044141,0.3028913485648,0.149195764771263,0.196310307800936,0.241006689020723,0.264112504988843,0.200376361947909,0.262449725121614,0.200551231408714,0.163025878630756,0.11294008893593,0.17935414074673,0.155700191389769,0.210001587316516,0.158926777320855,0.158036711944552,0.285065133992889,0.243694783167338,0.248643054520386,0.203133111763374,0.131133114712672,0.127445725044002,0.149386872621118,0.203774481710881,0.197778886271249,0.271766019776426,0.16819585961554,0.189404633414892,0.26897998278441,0.217477162122093,0.183650669261429,0.198103936448386,0.194933353190453,0.198612987852174,0.176529406984386,0.16748990749776,0.192837424388354,0.192840515066032,0.194188426128114,0.296389277442956,0.196503983773032,0.286395098182751,0.184173750252371,0.241189202992651,0.231592778944234,0.281739680425069,0.256993861943908,0.222572252745912,0.204203708675182,0.244293958286759,0.16303817295193,0.270343307419765,0.220302334670944,0.227257469135368,0.259988411259249,0.17725504746788,0.19506970488191,0.200685677333762,0.188095156699971,0.176778786301441,0.176093155386086,0.20361833600206,0.221203466438099,0.242536489417053,0.256051539454893,0.34914116741001,0.315477653786221,0.127556999457017,0.13632811595109,0.233864034474148,0.230520739339998,0.0782749310153984,0.146301861731063,0.194627998904915,0.152812647360637,0.179578625045354,0.158175804414248,0.269879656251599,0.222028053011754,0.179197855439703,0.220507480590425,0.269195754565134
"bourgonii",0.299432578105718,0.208285052727541,0.185788324211104,0.213983842205055,0.217338856267135,0.146688573784933,0.205434957678641,1,0.242982986143128,0.113516505312802,0.12914645150408,0.142448645139605,0.179847193673028,0.166608297635223,0.213551636086986,0.140568179290269,0.212239084745597,0.253965790214631,0.102943640699637,0.145273545534778,0.192220075060033,0.136716589169502,0.166958286222678,0.231310883074792,0.178101957030126,0.136171339934994,0.0857520346979905,0.172155300108093,0.14916668575639,0.197930343563204,0.129474908810539,0.138200461760353,0.241920025462842,0.190389019491318,0.183359281867079,0.132161503110948,0.137539568582278,0.105327578815533,0.175892313456858,0.216041509199483,0.176628046302695,0.176121108997303,0.142137993535031,0.180704951301662,0.195077553017591,0.187459820127293,0.16917072122272,0.237014189021967,0.155245827800438,0.187267406424572,0.158549384235701,0.201943929615264,0.254385123053923,0.186852077773054,0.169959987005645,0.181751285418035,0.120608982262787,0.215853851153806,0.159359906146096,0.234975611552808,0.190947681568599,0.203348501739579,0.197011218967317,0.245817053025761,0.1398164866049,0.220392642406599,0.142856443192903,0.231665724046717,0.210799803734534,0.207109878498442,0.151680099920061,0.116921400454041,0.187281853385417,0.268687001954806,0.182315950418583,0.137021145925426,0.152763408154259,0.172191658081668,0.220524703230612,0.206510508436322,0.209767016603827,0.22822649908591,0.162808671955537,0.163103653944365,0.158338604118538,0.154603634656574,0.155873260955009,0.0659071457849391,0.100673147933189,0.179475163499585,0.162887016515922,0.120133133282188,0.221837384332919,0.227560708316742,0.141726760417807,0.146133981135687,0.195379101895052,0.221479461678164
"brachyrhachis.aff",0.210258711281148,0.258439000118411,0.233071383895949,0.218166493693698,0.347987737612995,0.130081126824862,0.24636384915813,0.242982986143128,1,0.12211381783952,0.211036361958388,0.165062526548101,0.174608246271261,0.161913691025061,0.215625513898008,0.185825335054046,0.16273014480451,0.309968890543346,0.122177141530659,0.179591646384265,0.254187567433329,0.197960001723469,0.184856404451851,0.261763668380226,0.17022259690838,0.155884847905921,0.0929643603537766,0.166422903830829,0.131772217834928,0.188033788441128,0.145672046894445,0.183759739795948,0.258172783566093,0.257009783347311,0.229596362862537,0.168050015626809,0.120573364653455,0.105658414290534,0.141132770239005,0.165933173283573,0.192304219003341,0.222249316980583,0.134039528138369,0.195578691354881,0.234554670653267,0.259025083460498,0.234477821357554,0.255936115081727,0.368714140372348,0.190044694648212,0.162316210148943,0.250715577060261,0.194353122919471,0.203407377066399,0.181214470496203,0.292460399748242,0.157566380665738,0.280155629478882,0.281443018901935,0.259621583065026,0.234314164003615,0.284171057883061,0.229442027265569,0.250061830496778,0.154799015847103,0.205814885802185,0.119209850461484,0.271443404665201,0.404221417264946,0.216962025545095,0.206994903357879,0.137934985197482,0.260013757344226,0.190373689977719,0.232167188746326,0.164517766775286,0.183549691817306,0.234352501008757,0.228720221955221,0.225394876026454,0.331985508013397,0.164044275649828,0.217646204488505,0.156430701923074,0.145071665057108,0.171459904310669,0.170670710335308,0.0799839213677275,0.169194822223436,0.206543137472987,0.160484302392816,0.12453335757226,0.182705362271377,0.260041749356069,0.153722797737522,0.170610295980804,0.316140949008964,0.253704512148542
"brachystachys",0.121564941438275,0.120509217804096,0.118930810143902,0.145877011481361,0.242269401240758,0.104524941241268,0.121009504386485,0.113516505312802,0.12211381783952,1,0.286980460203466,0.279808202972748,0.189761609999859,0.0942754328706447,0.13634002879944,0.0964447667548533,0.114911666922805,0.119693062604184,0.0809257928991975,0.112692665588164,0.139775098768258,0.117186638250498,0.130657351963597,0.141713296345522,0.11238214478726,0.261665752680291,0.094631574222005,0.0984164226498912,0.101753671628039,0.137314265561195,0.134591875747186,0.352418592594091,0.124995880358716,0.0940708147394212,0.339438317174812,0.114902067477484,0.0909566732536837,0.0743869376576338,0.0949322896858638,0.111135410730435,0.32322882563616,0.119234213773582,0.0857770335302412,0.105948185709873,0.105169423201316,0.105533957695201,0.338504884048078,0.125416359380719,0.265231173975798,0.265704212808614,0.111490716100331,0.130515358075226,0.13388505803394,0.113244802269046,0.137508485019611,0.113653884411648,0.106754863056645,0.109038668179736,0.232711195095799,0.104330650669046,0.197557625930487,0.115740369188995,0.109336895656657,0.130603815334931,0.133919471571082,0.158930764651235,0.141195914472189,0.134124377758111,0.0984713176268294,0.142522832134344,0.297614192979717,0.101743655975958,0.136469228477721,0.102704654653453,0.12581372177953,0.131151113756023,0.121583043000539,0.10011858872025,0.106518504029894,0.13438049951273,0.0932988510805652,0.124736157223345,0.0882623281038772,0.129172698896451,0.121144676830812,0.121096337876818,0.113572948759713,0.0668543881151883,0.0762644730013609,0.276983929423881,0.12063742053101,0.265771726969806,0.107596382613766,0.0976743101532487,0.110380480405038,0.344780314477068,0.110548976285663,0.104955934520769
"brachystachys.aff",0.138402536377689,0.216662620548498,0.166287378688879,0.172427355498549,0.294693698633608,0.091247076576503,0.181701094266979,0.12914645150408,0.211036361958388,0.286980460203466,1,0.268195452754491,0.194073516462258,0.131721317007399,0.151757858885083,0.240710082189346,0.118330537128996,0.174185293724079,0.134678739521591,0.148917559694327,0.190033011093872,0.149464392761552,0.151522051195107,0.146750352226988,0.121776114720488,0.297043245852474,0.0744289160838793,0.112626943127544,0.10058118947131,0.163766105928185,0.107179809454585,0.361926689876993,0.169959961729524,0.183062449262439,0.390657441057508,0.112660899967807,0.0884824978954097,0.116744838756755,0.117275369907068,0.132908073019635,0.349708104929222,0.146601056859839,0.113865113731055,0.130694131954727,0.201415121637845,0.193856289231388,0.482202769230762,0.142334136433996,0.351644271417022,0.306609979525029,0.14980760471968,0.136328222809772,0.171332620368118,0.114136545041579,0.159842397824118,0.253378754917601,0.136733019393873,0.175936866733818,0.389236912521983,0.148021558405306,0.192972619256967,0.204913078001756,0.159074375237985,0.118958162363442,0.131869390638132,0.135339236180047,0.091537145291008,0.157693239034439,0.228475159605499,0.155330207411874,0.332483477394215,0.132410849702101,0.132465003303286,0.128546795621407,0.196905610438724,0.136992494630399,0.133747787451651,0.239310640288888,0.164579536153709,0.145900502677775,0.183786789236642,0.177389523319476,0.20420487326024,0.0936485412523581,0.149135039809285,0.166939197727223,0.132432781691751,0.056248213838975,0.195672119033353,0.252898176901954,0.140815327023184,0.303684578317851,0.114304691578846,0.165752914185703,0.163257730459081,0.339838826707618,0.239861838133412,0.152367857215296
"brevialata",0.120320223296515,0.195655729900277,0.128545938841147,0.192414577769017,0.254324713861566,0.127789189988516,0.151248895115055,0.142448645139605,0.165062526548101,0.279808202972748,0.268195452754491,1,0.213673327984073,0.155957745444919,0.126858889708842,0.144288218427624,0.144920916943381,0.156839719965046,0.100751678553685,0.120405474050965,0.150447055958168,0.116669894640126,0.154922290342076,0.1908417627134,0.121068307557684,0.251910753394319,0.104314532483945,0.140648957391681,0.126945661706174,0.160275892559414,0.138701321973256,0.288915121397499,0.177057658720212,0.1180673142501,0.286973074960798,0.135518417001611,0.125832084253845,0.121468199610005,0.121027978956914,0.127023245861117,0.296903830667551,0.144704439322245,0.120889414848933,0.142449601438991,0.131787675840306,0.159564617205191,0.277611948514318,0.15562234043192,0.261414751928225,0.287387376334061,0.114250107156214,0.124947899887141,0.17004576233311,0.132807989856471,0.10598171608358,0.126078852504856,0.132230644879885,0.144351690271491,0.269980646898503,0.172866588723581,0.15243647766758,0.164682781239383,0.158084461190814,0.13248317049392,0.16682827597191,0.136385696788696,0.109783572187738,0.155468476809656,0.150283109068881,0.149625733275605,0.269118313641787,0.12694964502382,0.169409753590401,0.0854090119975879,0.139965268417534,0.13963297509505,0.162036936008984,0.162763614333899,0.119297127650903,0.173273065995278,0.121123203386668,0.164737252937384,0.127408947782059,0.146065714502283,0.105650848510783,0.169815142817857,0.132918593416331,0.078514785711661,0.0976924523607715,0.285148853236445,0.127953788213115,0.28911108960902,0.0959440285058236,0.126019625059223,0.146245077919784,0.2652249755051,0.135699425747093,0.141929795647665
"brevipes",0.144997911819047,0.168997405990769,0.160751530462107,0.169295410454213,0.262425697875429,0.16197050946798,0.16914089750604,0.179847193673028,0.174608246271261,0.189761609999859,0.194073516462258,0.213673327984073,1,0.0908330499362059,0.188011610859095,0.117193619245487,0.143974898532234,0.198696793477491,0.077577761048151,0.163851560654233,0.151121547671326,0.110065379405119,0.149870034001252,0.16800229889568,0.180758036283439,0.214568628946999,0.139011618134212,0.189769467888178,0.115752777216254,0.159700595129309,0.128042587790053,0.196065363558627,0.183585218165228,0.169852519002878,0.251010628500305,0.11707046646118,0.106601448852292,0.0624471313245451,0.130091078970192,0.13423285453398,0.257565715094086,0.150928156991765,0.114354868362663,0.137716288710484,0.185101998229988,0.136948556324251,0.230059744299039,0.17322457942828,0.228067464435318,0.257778507654126,0.17556164125086,0.136329542022934,0.168956196936933,0.166060806752997,0.126306920189269,0.186640543714895,0.0944057789738488,0.189458973431868,0.216366686013375,0.186451757024019,0.200726937038879,0.158154676493422,0.127584820042697,0.169323008096512,0.113412043493801,0.188819271073987,0.107465623117106,0.186797856688491,0.176742457292361,0.152199827261516,0.235507600339268,0.114296982046294,0.188279437262555,0.152752157387218,0.160651300109921,0.13121853812209,0.132468805387438,0.138997461254878,0.208309236488842,0.171350740127309,0.167576699277145,0.149127076246488,0.146411156886731,0.187923516163454,0.121805008602305,0.0963187288782191,0.147463587302829,0.097747643486686,0.0912383074163014,0.234736393958433,0.124367293892021,0.203383822886566,0.149303769335569,0.18644530621456,0.10454024579971,0.213750972966901,0.173248456464085,0.168948497605382
"capitata12",0.135280522040962,0.197588194028993,0.132610112482412,0.188885818483535,0.126572698672887,0.0913085495602448,0.163544110932819,0.166608297635223,0.161913691025061,0.0942754328706447,0.131721317007399,0.155957745444919,0.0908330499362059,1,0.152253019543239,0.23454804113396,0.191769317506328,0.152326382619279,0.196170385116043,0.121070307973198,0.192434269237637,0.119958275543936,0.183210855896466,0.178065448389459,0.11864269314806,0.106449096725091,0.0709999932084361,0.0994612602891828,0.124394366334521,0.162647320421707,0.130310535265903,0.155228370298472,0.164754330451362,0.114012188692011,0.146818064000391,0.122100155195674,0.12392235113002,0.221949059038908,0.118448418970847,0.118320646158728,0.154566984599565,0.124723952152007,0.167260585276271,0.127640511912726,0.138067045872918,0.135933391462407,0.130420059776137,0.184594451103794,0.118880336452229,0.131630765711462,0.10415111932705,0.120623133917764,0.166478443129893,0.11779525828997,0.140536555331146,0.125874083664849,0.181423936685694,0.105548548190187,0.110072070500224,0.120300012946981,0.138406634397052,0.157288414146188,0.273443661559804,0.136502513279429,0.160713393438916,0.14294149869213,0.0997378758511175,0.153196371453095,0.144574467600588,0.134625334716631,0.110627938695971,0.148113954172953,0.156636640612879,0.112691055090843,0.12106289244025,0.133347204950415,0.12765003501712,0.107784394641441,0.123938825169596,0.158708606098882,0.113988857073384,0.243728173606957,0.183355196514703,0.119089396221616,0.103634778951975,0.229897519959385,0.139304036780744,0.0742527644503056,0.149935854189017,0.145518138374714,0.118227021731153,0.134221576706316,0.116939369264685,0.103148672054085,0.235461247438799,0.11409131473277,0.155018091364541,0.127566188516499
"capitata33",0.201782849100895,0.231958206880976,0.172265272600312,0.261576316395019,0.294582560321573,0.182075428086456,0.276161327357475,0.213551636086986,0.215625513898008,0.13634002879944,0.151757858885083,0.126858889708842,0.188011610859095,0.152253019543239,1,0.167122141137872,0.179855482612679,0.339658200819508,0.125773218535366,0.17190944173116,0.246063724158509,0.256187791199981,0.201363075167643,0.238749747579307,0.292385711577545,0.171999875905268,0.123630868969491,0.210314560621842,0.123357670006273,0.271525074535865,0.148576282458446,0.132576055933042,0.273870654286485,0.242139793541483,0.216098514380388,0.1699583289834,0.108415154223611,0.0852801717242989,0.172836735105051,0.231193311572227,0.177984863150713,0.298101618164973,0.129699795706951,0.233001184430371,0.281708098202519,0.206496258414319,0.179893444848221,0.21408236540806,0.200970859979769,0.211872056284992,0.213750075840167,0.210124452349321,0.236404391315225,0.198938730126509,0.203258468524187,0.279230217457875,0.170495458729324,0.28123848878459,0.184487204849009,0.24108321235068,0.230129769224477,0.26631357200418,0.157965596210895,0.263594491805338,0.155274445818471,0.288111509044762,0.160521433928269,0.314103093708952,0.224407767874403,0.220870620734838,0.263178981376626,0.149860311559903,0.178781421766124,0.246833289993071,0.220415978383193,0.189104556015185,0.178109576442279,0.204513927720209,0.239739019400663,0.232906239153819,0.265257626638403,0.155651606164122,0.241539883050729,0.175575240123137,0.162255481435515,0.162156293789513,0.219218931225539,0.105485450459537,0.121411457197008,0.19363544275654,0.21704411221875,0.124179769679815,0.167000377460628,0.292062170260335,0.15182514455477,0.174397656101611,0.268883037659373,0.283791255927252
"capitata35",0.134387707770206,0.264917402887991,0.150730562355171,0.311947612806024,0.184859465853972,0.121349028570545,0.230634845273222,0.140568179290269,0.185825335054046,0.0964447667548533,0.240710082189346,0.144288218427624,0.117193619245487,0.23454804113396,0.167122141137872,1,0.135709637635312,0.179673751985297,0.152810591599246,0.152321685952915,0.265033762271831,0.179436270006392,0.23494806564397,0.166228721630752,0.138350742648163,0.12251980630517,0.0796975741376344,0.110907810669205,0.105813779003838,0.160347618720587,0.14820252990232,0.152222770561689,0.169935742014852,0.181636226271778,0.187594675895805,0.151883073543306,0.134865620247193,0.415424797609504,0.107464642921171,0.1634412257084,0.168266483111555,0.155743394206704,0.162430425340193,0.137182633298384,0.199538075722769,0.157080719436365,0.241920506058135,0.159018960555046,0.176128802442425,0.149163844296646,0.131200342316311,0.143045474324711,0.184641575313365,0.131034380975842,0.126797121489897,0.233980849165427,0.260904754009372,0.163474163144387,0.229101362126077,0.147105849673572,0.216408769846814,0.327530527180181,0.400980728808927,0.133794054262545,0.13995253210808,0.15762007561126,0.10212112169788,0.182176567546651,0.19988964922754,0.157814939209166,0.147775963250199,0.141215943774964,0.165460223399804,0.118435827710866,0.14232626333493,0.142646141777197,0.141000805569023,0.169754911191385,0.193715672351399,0.239610121201326,0.175363736629225,0.345550487503323,0.284589099030016,0.115576422758161,0.136872498354346,0.295415920956245,0.165842102627133,0.0997336529225258,0.152255461531281,0.165687128480293,0.134008667882299,0.144593207110772,0.102132671165238,0.159482166709284,0.255806528678818,0.119502696563239,0.250318002291067,0.178089831613208
"cayennensis",0.130916915485726,0.184279669049133,0.138862393559778,0.173567474542537,0.156109295235642,0.150989587693569,0.147942707044141,0.212239084745597,0.16273014480451,0.114911666922805,0.118330537128996,0.144920916943381,0.143974898532234,0.191769317506328,0.179855482612679,0.135709637635312,1,0.189743260981288,0.114676806274686,0.13630116856946,0.185033184041499,0.125996397939773,0.175977283194215,0.167977205108805,0.16892783733754,0.139090033989092,0.116868489657763,0.141813936553831,0.140477528659679,0.19412461325087,0.131431416625355,0.125199836755874,0.190813714434106,0.151145051969922,0.159598966839888,0.130187245051247,0.118785769917841,0.112168234085229,0.18245350490696,0.145609798614116,0.122362654607779,0.140075468875081,0.158102600351128,0.176021626582712,0.159832568804108,0.157802199745429,0.110615530852302,0.195404307134702,0.150857246958859,0.163719101756049,0.137297363332911,0.131919469087479,0.284617351505477,0.151568100522171,0.129371426353499,0.159220867559786,0.138164279058164,0.140599179359617,0.140855056558551,0.158012478047329,0.184931886841034,0.15791036936694,0.147685351755203,0.134226180431341,0.172478710638214,0.179134410284393,0.153802764609932,0.172961502374603,0.180208868823857,0.162044344883312,0.143238699409064,0.14614145956767,0.156090293423283,0.192508655262005,0.17408847949252,0.143693293967039,0.172423648274213,0.137772275182039,0.152506146415724,0.181797814923411,0.139295568552196,0.13500513652121,0.12735119065545,0.140113012149485,0.151079214829474,0.163903959398102,0.147433050941111,0.103320083460268,0.109584437317295,0.15394290439815,0.159439246439496,0.12506241947909,0.154159478511954,0.141041573750919,0.164578825565111,0.125933401435088,0.141157274190287,0.156740173402085
"chartacea",0.213722958640731,0.305214876288611,0.201616960968075,0.300176308136978,0.335318320691498,0.155543596376776,0.3028913485648,0.253965790214631,0.309968890543346,0.119693062604184,0.174185293724079,0.156839719965046,0.198696793477491,0.152326382619279,0.339658200819508,0.179673751985297,0.189743260981288,1,0.148009636240971,0.230061884174536,0.269056283802734,0.256008025345524,0.227894697537583,0.328793560095455,0.283899713992551,0.184402008922541,0.113842344245862,0.210787891853978,0.155948652223269,0.264390913936452,0.175025041876697,0.160487114833439,0.333014634745961,0.296992818998068,0.310531747383731,0.160279362534569,0.132546167444517,0.0996494311108464,0.194997748391937,0.24323097059006,0.208396995820807,0.28415623478257,0.152146204608897,0.234642584307249,0.309519218756969,0.241430207763279,0.208789907419496,0.285461867838127,0.233526426488651,0.26078969158624,0.199125522925395,0.221665052851666,0.269105839989216,0.222665516024488,0.201300270240097,0.313141069995279,0.171646437761889,0.347728997739198,0.236282875479232,0.305608294774907,0.280392676481086,0.296820270366174,0.201694258496752,0.262451677400314,0.166236581864273,0.285990349600891,0.153909900226737,0.325004772631447,0.263345607388707,0.266389460263872,0.288186572663451,0.17818473851919,0.211088469142886,0.263708173483708,0.241272832290057,0.178585758492404,0.208205060041222,0.260358863012089,0.314106369727731,0.297869965556601,0.342535716453086,0.184371974188247,0.266118201551312,0.166150421689319,0.200375636021518,0.201821632412574,0.221466562373535,0.122595004822346,0.163691591329526,0.212182109453237,0.203480717062904,0.154666815135693,0.172212147333773,0.335485955140449,0.188941707810405,0.1492181972015,0.277100704185052,0.339374368710125
"cinnamomea",0.221359483154219,0.15755695812156,0.10563932157207,0.156172107585132,0.134050840122332,0.120824574995959,0.149195764771263,0.102943640699637,0.122177141530659,0.0809257928991975,0.134678739521591,0.100751678553685,0.077577761048151,0.196170385116043,0.125773218535366,0.152810591599246,0.114676806274686,0.148009636240971,1,0.116097740799271,0.135867068314721,0.119883595617262,0.127553509998863,0.132392116683245,0.130834253246648,0.147017957501148,0.0772623747029038,0.104271702408917,0.130544399884317,0.152159725697059,0.118218688103143,0.128128680904148,0.150683920075706,0.113027754287443,0.145297134888856,0.144336728830405,0.120716461999646,0.126839099185524,0.101821461383163,0.116248260843461,0.208274552037001,0.115322992639797,0.115510717848795,0.191632873962613,0.135093949238173,0.150829971786823,0.108289795939914,0.144518339029183,0.116174073604707,0.125219347007914,0.0979203232664312,0.0987859433723177,0.13066989643465,0.111165312061799,0.102699563351741,0.121868497978073,0.176856821203999,0.113401677019408,0.108911362633842,0.124041188540589,0.141628259027099,0.163568709864372,0.168541342698869,0.136779343681069,0.140370867148077,0.162823747575455,0.0979441440234666,0.133766428580251,0.138574452126865,0.150295883751018,0.127253539643083,0.155717393400641,0.120691782176397,0.104648063408144,0.134651214140958,0.274535872990056,0.158041298431377,0.114678076324527,0.124367813539146,0.155932716945,0.105396060917877,0.167017447173364,0.150062512128806,0.103767529712256,0.0973092143362169,0.197978054835465,0.187346172506685,0.0524659536159473,0.150420662339057,0.133032954092111,0.116463887262801,0.129870924172326,0.081111878653629,0.11324140809793,0.18045845599035,0.0995476136672567,0.0997378766032203,0.110965692026633
"cocleensis",0.223036148450283,0.229534580440701,0.165461691349957,0.198567341104878,0.204902881581428,0.116094950834273,0.196310307800936,0.145273545534778,0.179591646384265,0.112692665588164,0.148917559694327,0.120405474050965,0.163851560654233,0.121070307973198,0.17190944173116,0.152321685952915,0.13630116856946,0.230061884174536,0.116097740799271,1,0.220304457963495,0.152956601085122,0.154987765698532,0.192237217038286,0.145613646113438,0.121015681346066,0.115948019510575,0.144152950351952,0.121977301269152,0.175329092125111,0.148156132285058,0.112515235758836,0.231579549835471,0.232643366539292,0.229314836444956,0.121838116357373,0.0961381176143892,0.0864720963930918,0.137432139778947,0.159350921559911,0.180347070802407,0.155812899208666,0.112198109324475,0.171604371439972,0.200326299877631,0.185340168675447,0.137439364957501,0.187014696522186,0.166804444114606,0.215083861073444,0.146087321376874,0.11452960880195,0.203453692950394,0.210906551868995,0.154108467271346,0.225944350291582,0.123904569187693,0.214124400621834,0.172357115924157,0.208123641837415,0.230213486290971,0.201879157545227,0.149979878486496,0.1504122526942,0.166690931286273,0.237857541812088,0.124463528712413,0.204703995991906,0.173581590671139,0.183035580276292,0.183720350701141,0.162444282797552,0.182837548349899,0.150618273869096,0.171072404711951,0.173883241994529,0.14648908545777,0.19606948604645,0.209204699644521,0.204684729218388,0.187539872186503,0.123805536383873,0.177573957124384,0.135148194889931,0.149371978717898,0.15112803335094,0.234939381114117,0.0808351761855367,0.1372186122628,0.175461032182337,0.140151867379178,0.130915863477808,0.101236502283498,0.200163526044037,0.146186800165421,0.0991211966891108,0.174008060924314,0.208713098826153
"cordatoalata",0.197163753768385,0.300383789139738,0.188719879182335,0.284792898389124,0.24633347174551,0.180945604848152,0.241006689020723,0.192220075060033,0.254187567433329,0.139775098768258,0.190033011093872,0.150447055958168,0.151121547671326,0.192434269237637,0.246063724158509,0.265033762271831,0.185033184041499,0.269056283802734,0.135867068314721,0.220304457963495,1,0.20413342205647,0.247186503081857,0.237025023724274,0.186283908932177,0.211976910411835,0.111747402503638,0.182054590639826,0.158317453175096,0.209343245462908,0.194722017817769,0.157317629499779,0.250379075162762,0.224889753449538,0.236545849292204,0.172872770946855,0.172293324699632,0.186510367554917,0.150541730122258,0.201458590037436,0.192330134729795,0.213422312949597,0.207608482129587,0.189703066581129,0.284374602482777,0.229674705254,0.195662538828345,0.237988847389679,0.218252232952266,0.199458253895651,0.18295543210936,0.167418784052202,0.245321854622358,0.198947097803612,0.187553986657391,0.262465457277799,0.183170649400177,0.223594426973313,0.227189303971523,0.206209497626464,0.282591969172441,0.339717249680357,0.23314994681306,0.194977007744435,0.206999751423253,0.260200220624795,0.129504881586312,0.23296916776756,0.229079950643271,0.219915152100574,0.18500083624731,0.149164593792664,0.21648833999648,0.154642600313841,0.196056980917286,0.204016423422729,0.204431965568337,0.208170015230149,0.290362536234822,0.236878534239061,0.22207564501935,0.228803083795423,0.225632366750866,0.167686738192986,0.172317868946714,0.258452450154172,0.211256568137385,0.0950921996738057,0.143943696101432,0.232272695060872,0.159473836800994,0.145394060121942,0.128200925865667,0.200876973944657,0.244302226467769,0.147622276554117,0.313391796785448,0.22039151032527
"coruscans",0.161846187288206,0.240041767992532,0.154428246529331,0.252267152343429,0.262401390718596,0.099822152586869,0.264112504988843,0.136716589169502,0.197960001723469,0.117186638250498,0.149464392761552,0.116669894640126,0.110065379405119,0.119958275543936,0.256187791199981,0.179436270006392,0.125996397939773,0.256008025345524,0.119883595617262,0.152956601085122,0.20413342205647,1,0.155766329662657,0.189541045090097,0.187018630815975,0.138248421049876,0.0886777792452695,0.172666971443549,0.108948951881852,0.172849010404112,0.172882213700596,0.114711502759843,0.215238159207426,0.234715789395356,0.231603895484995,0.146748135900051,0.100911217811849,0.101510534000974,0.122960782034004,0.174503574699664,0.160702301136696,0.326147557378849,0.253035419202602,0.150266185333409,0.214203542929531,0.195162234244851,0.158155659610654,0.141053885031952,0.193221865960033,0.159655054610042,0.178452764906458,0.138567328904618,0.172249105490877,0.146015670248737,0.177575401908579,0.249751900647953,0.178472248882053,0.239203677865585,0.178404757641316,0.177372013146382,0.186101196192604,0.261617419413269,0.163854206873878,0.185618063970127,0.143735366909199,0.180008367287758,0.115883962255104,0.279496616602752,0.202813941477958,0.194503327438246,0.315589527804597,0.139910360290032,0.186185277742767,0.244998920910134,0.160686831522539,0.137999129550631,0.156509888508086,0.185785923522356,0.179820531278728,0.180507810698787,0.254387815142739,0.167063478262819,0.319717212420928,0.103742393859603,0.118733527929529,0.224482511779029,0.18569202981505,0.0809632518691257,0.129496890685797,0.165204977355955,0.140972933573574,0.131702814035785,0.109473990124105,0.301007386327819,0.163209347887497,0.139921994830117,0.16548234673793,0.214319933119016
