"","acreana","acrocephala","acuminata","alata","alba","aria","auristellae","bourgonii","brachyrhachis.aff","brachystachys","brachystachys.aff","brevialata","brevipes","capitata12","capitata33","capitata35","cayennensis","chartacea","cinnamomea","cocleensis","cordatoalata","coruscans","cylindrica","edulis","fastuosa","flagelliformis","fosteriana","glomeriflora","goldmanii","gracilifolia","grandiflora","heterophylla","huberi","ingoides","jenmanii","kursarii","LA17","LA41","LA48","lateriflora","laurina","leiocalycina","leiocalycina.aff","lomatophylla","longiflora","longipedunculata","loubryana","M18","M25","M27b","M30","M71","marginata","melinonis","microcoma","multinervis","nobilis","nouragensis","obidensis","oerstediana","paraensis","pezizifera","pezizifera.aff","pitmanii","poeppigiana","punctata","retinocarpa","rubiginosa","ruiziana","sapindoides","sertulifera","setosa","spectabilis","splendens","stipularis","striata","suaveolens","subcapitata","T18","T21","T29","T50","T51","T82","T85","tenuistipula","thibaudiana","tomentosa","ulei","umbellifera","umbellifera.aff","umbratica","velutina","venusta","vera","virgultosa","vismiifolia","Zygia mediana"
"acreana",1,0.279521345075251,0.169361753664579,0.321853345285224,0.228473033522451,0.127304207445703,0.23447960703897,0.20684172658973,0.263334419631087,0.132945661413822,0.218573898596094,0.217148670475382,0.202371114172661,0.299696255372325,0.254828713354521,0.286812503996538,0.219633524208325,0.307604469266281,0.329089253855718,0.173500345679764,0.248921268285642,0.269053201462521,0.275774885795115,0.227805958619911,0.259560209965277,0.1682533968636,0.209341991497632,0.121324869758553,0.334890251149747,0.260594423571377,0.286408896216902,0.186133520849006,0.231302733241522,0.150268706660515,0.206092461688114,0.200205323948036,0.236244174530914,0.182281691157746,0.202369046516072,0.250442096997053,0.276847215235446,0.307528711296423,0.244265808689629,0.23653220707498,0.273147093683452,0.215917764584058,0.157502022007084,0.238542416679637,0.241540946528416,0.173709097256423,0.250316975007901,0.308854125813028,0.232920682837009,0.30939150573276,0.144323414925967,0.205772784293008,0.265570157278795,0.254724986281988,0.176970665729782,0.281946344307386,0.313230823225701,0.327570794217893,0.217650006144972,0.186548258569012,0.30176210670476,0.153828474805846,0.275607352689151,0.273880933067311,0.321810823278723,0.290424327578107,0.193025375839107,0.167315234173668,0.24631993763224,0.241560263829494,0.163884945436725,0.236751594693151,0.301772351063013,0.255444693965477,0.325218699791448,0.181492035818828,0.184799370325116,0.277376035365257,0.132178893252904,0.287689978470615,0.237068074141906,0.210748896600708,0.256595728214927,0.29663265962317,0.143538993900754,0.19980702962823,0.229858579953468,0.115381589181217,0.173758210272956,0.234809133289753,0.350813645457593,0.275747520408174,0.110112348259341,0.217964403570778
"acrocephala",0.279521345075251,1,0.143798032087058,0.233358654322165,0.145783630940076,0.089264949486548,0.183266457145577,0.16676773377378,0.230802615234932,0.0765612536766663,0.207969684635471,0.122915369115947,0.155936291909209,0.275508142405213,0.231197525167598,0.232117750315158,0.158326377122737,0.266911878009856,0.298237722067204,0.154688890183863,0.16644787650362,0.205460283892272,0.220896646697381,0.173023333011701,0.167645396049566,0.15529765359369,0.155659071542933,0.0808692067000333,0.237736313406937,0.155327854671784,0.226612517713547,0.155024204057405,0.233300180316491,0.126420269171833,0.179403154128686,0.148575320480093,0.214029541860997,0.124896772139985,0.138543886169232,0.282074746828069,0.214112842554834,0.222099575608081,0.190656220956871,0.20655603797158,0.244918884224353,0.144554920067121,0.111823526446561,0.187497870396887,0.176874007198598,0.146783395838143,0.294039036942131,0.233751908634047,0.170172773038942,0.207800687572449,0.115098054576186,0.177385531661914,0.178006968602231,0.197100779011102,0.131003994145662,0.198601882711604,0.274001364942957,0.286304667868357,0.226211652191423,0.12727822767876,0.222697131024876,0.106933761398361,0.177988671403693,0.225620352318187,0.246721025939538,0.240209208591359,0.171203809956527,0.14407313785916,0.158552743080044,0.178785982913458,0.22070131082701,0.17967106705948,0.222331830832819,0.203956502666517,0.252540821301528,0.185003554777685,0.164766952778645,0.248431793559604,0.0925074923482837,0.23114677525652,0.172889859827049,0.213811426292364,0.255624990191617,0.215970935935971,0.107280249084134,0.14917310216288,0.166953419903795,0.0842024723342583,0.162084279721006,0.193894065915628,0.250755912545941,0.201884355703499,0.0878556106612315,0.155581966002918
"acuminata",0.169361753664579,0.143798032087058,1,0.259714355736447,0.152684719173412,0.0689399774581132,0.20387312091037,0.103844060132283,0.137514360852113,0.0870085193593168,0.131858789717582,0.105366109024249,0.204977183181565,0.148665820631631,0.168740236659924,0.148786875003446,0.175414961221575,0.136458916671184,0.149017328714214,0.0796912489853748,0.149103287534297,0.1603623569837,0.149904349159884,0.13152836312387,0.148439479034221,0.0957813284813618,0.124288518829264,0.0792628465251032,0.15530471168711,0.110733447774843,0.151917647253402,0.119192489677153,0.179605193874161,0.133842656802506,0.141457486353123,0.212621009707911,0.179667021979194,0.0892490880874599,0.390391640692235,0.104263877775605,0.186460975621584,0.142559660947992,0.140174007668337,0.115650527430727,0.144800993272274,0.267884207741996,0.237852049776847,0.146699290599285,0.112857303464527,0.154229734410876,0.151999249781653,0.146774033763685,0.141894394489242,0.140160477079385,0.127172576053858,0.0935988245042133,0.276855697491411,0.161235683275333,0.105497112262188,0.139546233213536,0.154874582851384,0.161766574008639,0.103350313507103,0.0968469686787506,0.147522031267847,0.288523794617583,0.127905075978677,0.132257263050182,0.139178234675754,0.150298426918168,0.134074975792274,0.0884234338427453,0.124349092382985,0.118244531744029,0.231642166762785,0.186846538142052,0.135930965608744,0.147176223204674,0.144866399966431,0.0879552161923354,0.185229612088803,0.163864102645071,0.0709240667463329,0.136331749262768,0.154310373897165,0.131385484831878,0.12514883358315,0.12498151277499,0.0787708496083938,0.109342828734425,0.108574042473366,0.123421043639789,0.0939163540876534,0.13116675821796,0.168684849763427,0.179546418916724,0.0568988323793975,0.136376900975632
"alata",0.321853345285224,0.233358654322165,0.259714355736447,1,0.235612105054346,0.0952381098172769,0.323035426692262,0.181012085129948,0.253797263426214,0.113343158353723,0.19482939528357,0.174438443123524,0.194954310479182,0.317028661637638,0.252112141076593,0.26166820619003,0.234948797528626,0.273655653124454,0.28134833831699,0.203117561392141,0.334804777845792,0.236205870891108,0.228537369116754,0.210160987318599,0.233045691042648,0.16026124861293,0.229214291843577,0.113206279307995,0.284347848145321,0.206041656884072,0.273478291634587,0.183006087249766,0.272852792774582,0.190103924669726,0.207521330142095,0.252186456172251,0.242535328696779,0.136278817655969,0.299229792518669,0.189747565048866,0.245471266888724,0.264115932191923,0.24059931307747,0.196505977165327,0.232795028781911,0.2598307816766,0.179068588078531,0.241291449098406,0.258974848003974,0.198766132376354,0.206370746091303,0.249941338600365,0.269796692960086,0.234461132212549,0.187316858821511,0.18482925091947,0.334087292806445,0.266357406849968,0.236545944437566,0.252648138185594,0.260892988324132,0.315323295980512,0.240560347051895,0.187107248983945,0.282263257290257,0.167044609079099,0.253142932256921,0.287411918478619,0.261138388807123,0.283741576437967,0.195254786829877,0.167661304203518,0.205244802275952,0.227359553554909,0.24514528522837,0.310522109330254,0.266892552432459,0.244682468472146,0.277764994814158,0.243347471419082,0.202229847769322,0.285036288308765,0.122314220772627,0.253495554098413,0.266309489871931,0.247765907383747,0.237352418542247,0.240467962358111,0.140754254958255,0.175867549477658,0.233431053149315,0.157666155733001,0.150490686609359,0.228268972512864,0.285394524603616,0.229707732883444,0.105977782524459,0.200182785604778
"alba",0.228473033522451,0.145783630940076,0.152684719173412,0.235612105054346,1,0.114602758697498,0.233317206949219,0.12852850466334,0.162066820155246,0.199196223705913,0.236020535707602,0.248843107612035,0.263892731255769,0.237476216262406,0.225917923383602,0.18382163910578,0.201206738136366,0.19198246742325,0.187054923534841,0.133905779014753,0.203175633839043,0.142710121688951,0.221922844481638,0.192219444094348,0.165837787647244,0.236149305504063,0.157021633640531,0.114246636060708,0.189397378545337,0.14398661461617,0.204770694761536,0.247846758455052,0.287572174662857,0.169180407042507,0.287919407982343,0.219934035129429,0.163187444443648,0.120817719310434,0.169911428656568,0.140152576474548,0.309461390826277,0.195087554170179,0.168293191959658,0.16429997371461,0.209815607671711,0.137669561819512,0.228593530329417,0.22607515675693,0.256099696044874,0.294053336278803,0.12056115073112,0.17704007148808,0.213930929048068,0.139472844075801,0.12059875052317,0.139113310387193,0.193738240283697,0.189232801383834,0.258736380838544,0.223621100840192,0.159003069322477,0.23143679747271,0.134377726936353,0.150476124401603,0.227626904273324,0.18039712714088,0.162553497460384,0.184613046829358,0.176892863791734,0.256272196169798,0.26879293428482,0.124524242188531,0.160099944677635,0.197517394117271,0.139936142083192,0.220977780467023,0.166516916256015,0.177110599385352,0.169015956715409,0.140226084104318,0.192272113982332,0.197098159730622,0.0927661314857769,0.176188461066346,0.158107536577609,0.180355834171627,0.171651224850233,0.160650167076456,0.113560451907198,0.292460638133144,0.151454390648828,0.248509060736844,0.104814030689168,0.19773095470769,0.183638054376145,0.308112934196644,0.080558399473933,0.206721036270999
"aria",0.127304207445703,0.089264949486548,0.0689399774581132,0.0952381098172769,0.114602758697498,1,0.102415940919643,0.0747796747495508,0.0854377485271607,0.0679309066500274,0.0644692735445402,0.149339334338527,0.0729574752538281,0.0923513505727886,0.104480409037749,0.0838937545032551,0.0686545682730811,0.0943025936733075,0.0799128461027925,0.087884675572528,0.0949172154783411,0.0726980310226965,0.0935029450981319,0.0974881796340968,0.0882149262133173,0.0675359794536788,0.0810593744651358,0.0646447470565551,0.0915960115474236,0.0777668510996907,0.0939751333942895,0.0840178868301347,0.120235786690614,0.0839504272076781,0.0926090251688461,0.0869422150073801,0.0793640387015187,0.0902396032578216,0.0784727145102591,0.0936677499238609,0.0873682416173958,0.0939258526814788,0.0961557167898715,0.0878265621322929,0.0806321675186396,0.0831215607822655,0.0649577784113228,0.0801185244563658,0.0690349896494438,0.12751337876768,0.0785071776477939,0.069959985243496,0.0965017738538907,0.0695685719117856,0.0729985019273998,0.0759623024754978,0.0812408299881146,0.0824984803818854,0.0812110041937039,0.087156800189862,0.0709044926626249,0.106937505996199,0.068155977253389,0.0751389595892639,0.101772313408312,0.0781078608847207,0.100860522934049,0.100929554638027,0.0841598669458634,0.110582039505027,0.0942076585164915,0.0786396159332172,0.138554251757995,0.0987293065219617,0.0716673104525873,0.0945335060865061,0.147522122507611,0.0744819032252689,0.0854374793392041,0.0750368496847302,0.0889777808003642,0.0800864955215917,0.0641342341690348,0.0825529218959779,0.0792968496984123,0.0727736410634434,0.0995689602661362,0.0751230367135731,0.0583437143244264,0.0967551809122751,0.0679825594017585,0.0565722763311777,0.104671638645013,0.0890658710487129,0.0844970884235778,0.0833528189507953,0.0513644228773371,0.0977880063313395
"auristellae",0.23447960703897,0.183266457145577,0.20387312091037,0.323035426692262,0.233317206949219,0.102415940919643,1,0.142007347342896,0.232676889024349,0.0978054436171674,0.173431009759932,0.168817486224221,0.225891835304233,0.287475406231151,0.314674468830143,0.227028380864657,0.3083290190028,0.223293998416525,0.220376788855944,0.146047863764581,0.239569872087016,0.215633819797782,0.245535832082377,0.219260195860159,0.163189997712901,0.14975160835794,0.173876159572996,0.122525925932873,0.202885584405865,0.175883432276734,0.241851189959985,0.206461173098124,0.342600403517984,0.191806118679447,0.226122180498125,0.225949147375863,0.215971027842502,0.150287827727348,0.172164893745716,0.164415780553475,0.242952365910942,0.224437111177732,0.176763504356741,0.181693483734917,0.225793849801677,0.125161176225371,0.132002524755049,0.193008928945091,0.176111516341394,0.219211142673383,0.15666386428542,0.180734261572048,0.240578112071915,0.204743988774482,0.137617866008297,0.193492858868896,0.194710010313942,0.242697931625841,0.141421137783653,0.264736478726643,0.185543019062483,0.31130299647106,0.16683650086356,0.186854076968336,0.243397784312236,0.222715709379236,0.203732460097994,0.243180323531545,0.190603069501163,0.236557048271036,0.193325155912563,0.129692154721116,0.173247684026076,0.160371648543007,0.137493780504123,0.413009843778106,0.184796099952938,0.183785109887491,0.200761288782013,0.136579358007184,0.238987158995334,0.231933353204863,0.0997966683146279,0.22156034277961,0.236797114089451,0.261001938389683,0.200733475601662,0.165334334929818,0.145738327293555,0.180796630352183,0.161231374609688,0.22156046287148,0.155939494145136,0.205536794483141,0.206059561095431,0.206413495119877,0.0920261592465562,0.235171109800555
"bourgonii",0.20684172658973,0.16676773377378,0.103844060132283,0.181012085129948,0.12852850466334,0.0747796747495508,0.142007347342896,1,0.18646169290306,0.104567473551301,0.10090449682672,0.117205135990502,0.144337945728009,0.166453757437531,0.162005576953372,0.155582519165429,0.109057895980904,0.206633589654378,0.159747102094249,0.192162499810691,0.193392296106181,0.138692528301238,0.143964943425283,0.149664258815404,0.218418937744049,0.175685641721102,0.134455468606911,0.0879883051472511,0.176228063135748,0.133142856623547,0.157644317789808,0.115332337284438,0.157328200783574,0.0916886343790422,0.126139415272871,0.118449720299954,0.147246430418019,0.0957978219267444,0.202697748377321,0.117767926562005,0.19348833369092,0.15448019697583,0.126534687093204,0.141281478090463,0.173005893398551,0.166347134236527,0.106926696630207,0.164852154219344,0.13513240665408,0.110717193067056,0.151342698298344,0.15000739597608,0.168189405324965,0.128826654690394,0.12307161237484,0.134447877214349,0.190781183007391,0.130865001679124,0.116193029318687,0.159190545859929,0.157163877996845,0.18955700574454,0.130284760526249,0.134125030676488,0.20202008378136,0.102798533258988,0.14463817088554,0.205144635205925,0.15008395558034,0.159593073269359,0.122410692229318,0.132965429423067,0.171498941920745,0.163029577166521,0.134589560318427,0.170826728071589,0.216539214553297,0.170226383053777,0.193494786123318,0.132190441451904,0.132984542626352,0.162012936464257,0.108855170354667,0.189608302619334,0.126345516781316,0.160765051456996,0.144893786700323,0.162660954555826,0.0970823044459347,0.158570175674568,0.161149579281496,0.0725788484912678,0.122387046259645,0.160846500295506,0.192376845667145,0.136735813639747,0.115525267769446,0.140514488417273
"brachyrhachis.aff",0.263334419631087,0.230802615234932,0.137514360852113,0.253797263426214,0.162066820155246,0.0854377485271607,0.232676889024349,0.18646169290306,1,0.118856672524616,0.235567726304673,0.155933241228568,0.161957542522657,0.263523269775935,0.201028007713176,0.24575246013283,0.197989233344594,0.283440674112746,0.25996483086965,0.160910661048135,0.207020835304673,0.265033882626274,0.201908866588104,0.172106885612276,0.179029672520607,0.198583041463789,0.196897670194016,0.0872425258198636,0.278884780086533,0.180491281747207,0.295041855772641,0.167404931003717,0.216489699228378,0.130253635424466,0.189165841899531,0.154033776406404,0.231544407105309,0.134193632650114,0.171256480615098,0.17824245311941,0.244477485596888,0.220959755508925,0.186652098449623,0.234995185485432,0.202741557491624,0.164665667223005,0.118231576340154,0.219007342727315,0.159097831277915,0.166336819025902,0.188774051956721,0.218261195557731,0.221429199583244,0.246353185222113,0.132673915107003,0.221483553988037,0.191607856496915,0.275308769306354,0.16967375316549,0.193396112218697,0.242120818595399,0.225145530825457,0.191035768840481,0.175502853812406,0.257302390985151,0.132818093194488,0.255383388061712,0.243491627052733,0.229247135639924,0.239475332843014,0.165597277972531,0.162655865231203,0.191888899942902,0.242590037936211,0.159625489244755,0.240053493726735,0.225120647517815,0.21281918982774,0.243243859407913,0.177799636814166,0.194918713813659,0.299850413300188,0.12110817564962,0.332797499417829,0.185613681616393,0.227327881706092,0.214325825107603,0.216427763997232,0.110300929541908,0.234058960518443,0.176761862114555,0.0988758171553656,0.174791532477902,0.221053804198695,0.256907132500151,0.186828675193447,0.0983249670675659,0.173203395054496
"brachystachys",0.132945661413822,0.0765612536766663,0.0870085193593168,0.113343158353723,0.199196223705913,0.0679309066500274,0.0978054436171674,0.104567473551301,0.118856672524616,1,0.309995483408155,0.259789601946405,0.191949180761904,0.108847549358279,0.0861111107953914,0.0909105989185571,0.0763905027572178,0.0987581059118156,0.0915091634381541,0.0858733732777671,0.122311759799038,0.0891266082832083,0.0969690692069257,0.117169801541106,0.109638338516019,0.250101366692823,0.110625762352646,0.103845918586053,0.0935875235730115,0.0837905723644859,0.0897882110789629,0.342879551051093,0.10599479980738,0.078988437455141,0.274588740435484,0.0930565046335533,0.102438486147771,0.0756897932421711,0.106849481043734,0.0867686012418142,0.296973130222813,0.0952137004353107,0.119914174735578,0.103590722428777,0.102899461761122,0.0895490229224026,0.332347168052816,0.0961594384596378,0.236351458900524,0.224971492088578,0.0771167135735818,0.0901275716609583,0.102350538976613,0.0893611909530381,0.0813223760046489,0.131954904884839,0.106642980085344,0.106740863755926,0.213676661789815,0.108932023945119,0.0782925828769443,0.0967862388825767,0.0967347461340507,0.0959567998974872,0.124895873181888,0.0727876163190642,0.0914880868090133,0.116422622066119,0.158143947220652,0.152922549179682,0.276121932367593,0.0831983846703767,0.12857544439963,0.0804656808827677,0.0924320379477159,0.0894175018418985,0.0995913990543932,0.0741021363292954,0.0989445829882545,0.0989000160189706,0.0807943306421436,0.126273644255313,0.0671948676095379,0.099546030991909,0.0918641027726254,0.104770033741026,0.0913433455879376,0.120029188606023,0.0819979623015517,0.227923491250882,0.0786710450788941,0.230584081014631,0.0784441445656068,0.122668668575308,0.0893259151994546,0.345038556087059,0.050178273756437,0.100986339049019
"brachystachys.aff",0.218573898596094,0.207969684635471,0.131858789717582,0.19482939528357,0.236020535707602,0.0644692735445402,0.173431009759932,0.10090449682672,0.235567726304673,0.309995483408155,1,0.259611823334281,0.225372265851667,0.207816430980843,0.135147794238973,0.195679409032187,0.156756744811297,0.221023991812684,0.264974322551163,0.107327839857728,0.163811892557172,0.178346504367095,0.17625748176638,0.159583787879854,0.125935259514623,0.365763405498664,0.153337261116067,0.0701324895708448,0.324252197438199,0.131606435684052,0.181398289908462,0.40191641469452,0.171811894533642,0.109287614962467,0.350011386876035,0.151024137250114,0.207382931509312,0.117009576230311,0.134039097507813,0.143131847465892,0.399669074775259,0.193827771208203,0.177253732452117,0.198617824672644,0.204770381885419,0.108839697114516,0.318938639086386,0.154814053657431,0.289713059255247,0.277786985821777,0.177454047338049,0.217997076581508,0.147259726225433,0.395008755413234,0.108764695402312,0.16015180125176,0.155852146251485,0.287380962874363,0.247916811504177,0.163652518081267,0.257973044989101,0.182520032360606,0.228531515475003,0.129154021555217,0.206656805734041,0.0918790625833326,0.207922775088721,0.161211134856623,0.214419549014358,0.193392826580233,0.336632251020396,0.12658352752825,0.127501302930213,0.155621443624016,0.139679242600222,0.214114803993461,0.17282867594304,0.177230800251568,0.233401437639227,0.219553612051029,0.129678361997485,0.256096590750839,0.0725519352263929,0.262940225042929,0.177109405945103,0.166440183721382,0.260999058764273,0.151999862809843,0.0746151530330353,0.26059088308696,0.123111747675008,0.241729173585958,0.157221631099866,0.19299506442547,0.251286419778244,0.460608542036501,0.0673675387587091,0.15991730003266
"brevialata",0.217148670475382,0.122915369115947,0.105366109024249,0.174438443123524,0.248843107612035,0.149339334338527,0.168817486224221,0.117205135990502,0.155933241228568,0.259789601946405,0.259611823334281,1,0.219414600242646,0.171302549586615,0.144636004008094,0.169089650291768,0.124150262595614,0.142526439387416,0.135508087887959,0.114666947233568,0.170091178811981,0.144360198366657,0.166591828675975,0.1804840250204,0.137648482270314,0.298511858362476,0.165794432111364,0.0961635449029449,0.175963157406571,0.144134624608335,0.150671279429405,0.306280959200384,0.162638205532121,0.12399354296255,0.298969590158549,0.132466942862365,0.144715037542493,0.139613006057741,0.121803087867316,0.165673715746618,0.307903312021078,0.166785168826638,0.126348939439067,0.172624208064524,0.158176591370398,0.095296918439748,0.26579964365703,0.152190455600627,0.28998483248986,0.296357799211666,0.107654995980853,0.143575107788118,0.191642844750324,0.141833020551758,0.143333145408879,0.118248310372802,0.139881694102662,0.160484674235687,0.252920354803475,0.182076257054319,0.125253822290917,0.166162291229095,0.129696385363034,0.153595617974907,0.173755865363628,0.116283681171155,0.170475268430055,0.148236510675127,0.127787363590486,0.167547808332471,0.313579363843608,0.112724925638397,0.162564553039293,0.169542524210678,0.117937799642179,0.14615840952915,0.152347680437704,0.130102317849432,0.141662599926889,0.120087988303619,0.13703334458317,0.194897912706249,0.097058418010727,0.133663084477707,0.163082071247425,0.132640069505624,0.167873337342469,0.126007473295307,0.139684413539335,0.305449378463168,0.128760959153782,0.256669764593096,0.122281162560463,0.147144212645786,0.155260954119768,0.298271438761927,0.101188469578306,0.164728928378837
"brevipes",0.202371114172661,0.155936291909209,0.204977183181565,0.194954310479182,0.263892731255769,0.0729574752538281,0.225891835304233,0.144337945728009,0.161957542522657,0.191949180761904,0.225372265851667,0.219414600242646,1,0.20867634426065,0.233578153220475,0.184117328729851,0.184377077352755,0.179625619838376,0.233613763875819,0.0980045168391482,0.198953710765893,0.175116403250888,0.159662340352124,0.136634571142046,0.1497458684306,0.225080478194142,0.135187198986432,0.0893869915293569,0.182103180175143,0.122844066710375,0.174540807135429,0.223067892481474,0.187696402171993,0.133623994838671,0.271413248988593,0.219406371916562,0.251060660670057,0.135364919132201,0.178020900869592,0.117952099109993,0.318869886209148,0.196018448006111,0.168909037092117,0.13242365030452,0.189586137159326,0.152846056418333,0.195966772978209,0.164308122789191,0.219239028455113,0.286154425032428,0.140640963847483,0.210489925240437,0.176311569487708,0.149226418977445,0.092781825404722,0.11789146160308,0.151588097081035,0.169633757523072,0.199006917080543,0.159971959675432,0.179633200135311,0.237883694178762,0.141310370616353,0.138138029985874,0.168341942122337,0.141317457532106,0.143807749596692,0.143475732331084,0.162540074763242,0.178285834420328,0.23987579809941,0.107928034379249,0.156539402348567,0.13492039090817,0.106556203245778,0.203772454915071,0.193700865602155,0.164238907957517,0.187147344457918,0.0988659285079578,0.222847036554775,0.27332133159536,0.0807760206327125,0.176421814879621,0.14899620672011,0.172439678192815,0.140154255566452,0.156785684305913,0.100977883422797,0.257871339287254,0.149471042849627,0.207087847028861,0.0892181645264747,0.155946818788414,0.199289617767395,0.286169203341725,0.104378976873188,0.155992522494798
"capitata12",0.299696255372325,0.275508142405213,0.148665820631631,0.317028661637638,0.237476216262406,0.0923513505727886,0.287475406231151,0.166453757437531,0.263523269775935,0.108847549358279,0.207816430980843,0.171302549586615,0.20867634426065,1,0.210827012654134,0.256373223147026,0.196024863802496,0.319926166213742,0.305282010598889,0.139594867605485,0.220559961198974,0.231727465883859,0.265050660931969,0.21688267253605,0.221685770642871,0.192429881843806,0.197589745828964,0.106877786299174,0.262752345633999,0.244005737096647,0.330299942463566,0.228615731196439,0.282973876520344,0.16620543192749,0.245002661428056,0.213920781518675,0.253812010458927,0.164397400132733,0.182642467610525,0.20825232762629,0.250904305830562,0.287310928623325,0.254052446508653,0.276811343564557,0.250991114227531,0.176406962866814,0.123671232390395,0.273029821439908,0.188626563832975,0.214705227323965,0.200731304755204,0.247311504865496,0.265163825106525,0.227951279613556,0.164704758876273,0.237783591356681,0.254293149373758,0.254570115615933,0.186992660091618,0.234139883284032,0.234080876984541,0.317806498249119,0.255218964867661,0.26542495656148,0.288041656044168,0.163532609298591,0.235168902543227,0.29918958826775,0.251140589012481,0.298304672336119,0.248251843622977,0.151605372932522,0.2187799016397,0.245982708391201,0.206527138293849,0.244674514814383,0.246271954212926,0.249288934908961,0.25567593881929,0.228700461389079,0.22233144158165,0.271736177392659,0.139047586457298,0.239887849858897,0.228934448156516,0.284045231153178,0.275517771520458,0.240849888310237,0.12393493794132,0.222473286812741,0.205773586163586,0.111474260187089,0.170306553528816,0.229328071399571,0.241637971153229,0.236948417971524,0.0950993778034635,0.228909284649897
"capitata33",0.254828713354521,0.231197525167598,0.168740236659924,0.252112141076593,0.225917923383602,0.104480409037749,0.314674468830143,0.162005576953372,0.201028007713176,0.0861111107953914,0.135147794238973,0.144636004008094,0.233578153220475,0.210827012654134,1,0.208645812874461,0.357213580161533,0.196018905488587,0.190375588631283,0.0947209567118938,0.254198468290676,0.168716150262336,0.192957198005674,0.179037553566698,0.160010441484672,0.164359098360689,0.154078098475175,0.116223250493575,0.202559939882266,0.130087442418334,0.197500386298621,0.158675545006413,0.383474830620703,0.163298996856513,0.232804745660299,0.198296725014478,0.210519523892271,0.126634099020278,0.15612949510087,0.149104213728709,0.22930623700011,0.208619803521496,0.158374560575441,0.170922465832663,0.277415420576286,0.132089682960167,0.123135082807484,0.204143942260247,0.1633360051579,0.222721508530047,0.179812795316835,0.176022177296072,0.213882609706231,0.178013068382409,0.132438594817239,0.135825855916091,0.231761804924302,0.195723985900641,0.153873813003394,0.274165024147825,0.199390537016427,0.355914016768297,0.142437888996279,0.193444941756297,0.22658817782009,0.268567501103122,0.195165964117893,0.203048310104208,0.192181962760052,0.189501116502358,0.178172376371161,0.134277072612898,0.137168334103535,0.1453024008265,0.122567686218192,0.281441224256581,0.228257346421881,0.185325774785105,0.199653910631406,0.127628993837201,0.213999349211827,0.243682195876635,0.0966092237755627,0.198800149803895,0.210234221592204,0.268551489207587,0.186224773975791,0.173602547622018,0.121856681478901,0.159563455285524,0.194618559270261,0.301918584809476,0.109453917043629,0.207157998719777,0.196238215255823,0.219764751873292,0.108690556184016,0.211229762524171
"capitata35",0.286812503996538,0.232117750315158,0.148786875003446,0.26166820619003,0.18382163910578,0.0838937545032551,0.227028380864657,0.155582519165429,0.24575246013283,0.0909105989185571,0.195679409032187,0.169089650291768,0.184117328729851,0.256373223147026,0.208645812874461,1,0.201556942810314,0.30397537715475,0.298107133883014,0.123739745322282,0.200901222029065,0.230045774216286,0.238221115740116,0.18394877894568,0.17042761533076,0.138048010645325,0.188021163422334,0.0986200762501218,0.251822901492734,0.17513481483246,0.374103295648887,0.290778702207692,0.216288164414578,0.170263257277835,0.211382894774739,0.185472996808235,0.224066315060857,0.149221170305808,0.168051216830641,0.230761212145503,0.232685967529803,0.242812049777799,0.218068805157287,0.186710270428717,0.241972448439414,0.161363132730266,0.138780145629909,0.192642528705584,0.17325789566663,0.164554254273612,0.210891304938284,0.293437873138636,0.208904001617932,0.256301713144816,0.138262618159783,0.161743953986814,0.20340356704794,0.285669235837939,0.144457237354367,0.230311869758247,0.303166828398128,0.223388233649831,0.190008198367471,0.151858677694856,0.252014842255184,0.136122468537219,0.224685960981423,0.205164657296549,0.398650287365436,0.278725312356222,0.171029789823418,0.162475567435717,0.175650040478375,0.182544444627762,0.15121509998427,0.244518423759428,0.186586207902866,0.213980326951724,0.25606877571546,0.143589667830506,0.164984629710418,0.242424122018962,0.0918962194286332,0.285781922379321,0.186604469167782,0.177320986935697,0.227940391305099,0.198418569140435,0.135411066247335,0.193967038036814,0.170212004076231,0.0987813823961386,0.149949303736315,0.204577896690549,0.300911440828025,0.227244954262045,0.0967575282550602,0.187682244475524
"cayennensis",0.219633524208325,0.158326377122737,0.175414961221575,0.234948797528626,0.201206738136366,0.0686545682730811,0.3083290190028,0.109057895980904,0.197989233344594,0.0763905027572178,0.156756744811297,0.124150262595614,0.184377077352755,0.196024863802496,0.357213580161533,0.201556942810314,1,0.192994259111278,0.212753817121844,0.0822939607615602,0.187672638493314,0.142422526599238,0.163234058173202,0.156516012331092,0.116442668959129,0.118504738636869,0.137122359835712,0.0706713732988879,0.195213736855125,0.119179583790989,0.195749986414724,0.135619773526557,0.337771184811781,0.14602151221331,0.191910881759405,0.204269124420256,0.160651623340322,0.107080418021824,0.148918039896611,0.11997258113037,0.241632193138611,0.204422484128178,0.16549602954964,0.205959123136374,0.183953739749387,0.114276279141886,0.0935931244840462,0.164132666478274,0.143960791888128,0.190058333481,0.154781418584783,0.154726391820625,0.179201369561225,0.172108104926394,0.0939526791050145,0.133769541872968,0.15745099451075,0.235219178618045,0.110342699727151,0.234377030430228,0.194737512747633,0.258815751306946,0.135162025972284,0.123358527305376,0.211067258291816,0.287648023007126,0.154750618133385,0.150748752048793,0.196471688130416,0.169468727297264,0.182319229735725,0.107247404656377,0.119439226929356,0.165258387293888,0.0985453013606375,0.298762861117681,0.171326038204547,0.173336914006333,0.19560801678054,0.101123543426611,0.214353779978618,0.252069728114955,0.0705627770771017,0.169493575891936,0.168176635095419,0.278885745680318,0.140881063011615,0.154708593172233,0.0907409771555694,0.138643339009237,0.126323164286652,0.416565489934042,0.0943218051700233,0.147297507479211,0.221593371489813,0.206113487477273,0.0663023400460147,0.157773475524058
"chartacea",0.307604469266281,0.266911878009856,0.136458916671184,0.273655653124454,0.19198246742325,0.0943025936733075,0.223293998416525,0.206633589654378,0.283440674112746,0.0987581059118156,0.221023991812684,0.142526439387416,0.179625619838376,0.319926166213742,0.196018905488587,0.30397537715475,0.192994259111278,1,0.340609263000891,0.151367955576121,0.20824470073226,0.245582808292974,0.226313972746574,0.206077889669372,0.191771609687485,0.183851527876776,0.195172396452494,0.0937116433556383,0.354517138299083,0.190429625747627,0.332435097254653,0.179686271205758,0.227563745364108,0.14179306379966,0.219176111627739,0.179610868234494,0.240664253194485,0.157270115402609,0.182552581994719,0.198199639316776,0.252699691284844,0.289893308366603,0.244722608761193,0.213662058378115,0.276836673615659,0.187253472221297,0.125741942566597,0.220523332144233,0.200914990872007,0.176842632143139,0.217117758249153,0.242216273971138,0.227618054018399,0.238307381352609,0.15025807369035,0.20750847301158,0.224835308053729,0.254727921649671,0.16816765355632,0.215355830158434,0.281988482374015,0.268819376531352,0.222789904130261,0.154807836107098,0.261143656825567,0.136921018783646,0.238284729486565,0.269160598104017,0.28802669511837,0.259908210699567,0.178498098989531,0.159664583273407,0.203270911502388,0.249245396919339,0.160170376672816,0.254010477984993,0.240014014832715,0.258252516853267,0.298234454078796,0.236068024790173,0.195365717560115,0.277824878557933,0.181274015059543,0.309161977641264,0.179941037606044,0.270138786646498,0.26574776598707,0.264358885621402,0.110531756205656,0.18890569277074,0.213545830085661,0.0887424527294735,0.167415557200491,0.235995015595161,0.29631670437533,0.232058175033739,0.0815974098809992,0.192530504427605
"cinnamomea",0.329089253855718,0.298237722067204,0.149017328714214,0.28134833831699,0.187054923534841,0.0799128461027925,0.220376788855944,0.159747102094249,0.25996483086965,0.0915091634381541,0.264974322551163,0.135508087887959,0.233613763875819,0.305282010598889,0.190375588631283,0.298107133883014,0.212753817121844,0.340609263000891,1,0.1211773704383,0.168161503980507,0.244160820337849,0.220932990111571,0.195923243643703,0.193413671342902,0.159748315590948,0.206780754037465,0.0802294133975911,0.359285301226792,0.191378251282424,0.322332763874202,0.193230293041694,0.205088377220492,0.147585420651316,0.208773667860712,0.201240922187957,0.264198738099597,0.158743554957271,0.164861197387599,0.174236375640854,0.297233902525312,0.276952723064448,0.245167969720961,0.204211200704403,0.275726673241298,0.178568690100443,0.126000774120207,0.275823286730023,0.183186451576713,0.160992398452981,0.298805528909429,0.268386433600883,0.195822726816089,0.316243942957681,0.125165734288276,0.212042902172438,0.219715112700231,0.299040475954626,0.155895045753839,0.183807650935524,0.403007885274758,0.275757215897891,0.233818796855744,0.163055270456643,0.287534006216352,0.116418210369919,0.251876260429155,0.218962376520352,0.326690622952877,0.233363628832031,0.189925115050273,0.132125785815549,0.197420137529071,0.233903326007354,0.157753018776508,0.251045623798817,0.259827833637415,0.287473714349945,0.390637039765974,0.182868402179168,0.181075151190226,0.318377988403786,0.116712434648231,0.338261505865579,0.227323690270573,0.195547069296551,0.255665832630871,0.289523432901716,0.106633257367455,0.173657568569975,0.228419031734423,0.0872297741376675,0.186968294926562,0.23064163495695,0.41718086050476,0.307184863491249,0.0874350405872527,0.165859366765073
"cocleensis",0.173500345679764,0.154688890183863,0.0796912489853748,0.203117561392141,0.133905779014753,0.087884675572528,0.146047863764581,0.192162499810691,0.160910661048135,0.0858733732777671,0.107327839857728,0.114666947233568,0.0980045168391482,0.139594867605485,0.0947209567118938,0.123739745322282,0.0822939607615602,0.151367955576121,0.1211773704383,1,0.24803711716857,0.164500165069764,0.1350215817691,0.116265374630867,0.122805549763572,0.133198238902158,0.119118721455889,0.0917313860091216,0.131508106525489,0.130947450006408,0.143187794468921,0.124522072607108,0.158522464006956,0.0819757783699753,0.0922296953916031,0.0902133894375275,0.128449877298793,0.103901772394638,0.10670985396104,0.178919432645818,0.117738439110893,0.117981785446284,0.120007622778656,0.129786289129874,0.140256496760679,0.104535145224282,0.0877298063191617,0.146901972460272,0.248839724309563,0.0962010856120764,0.114678412520098,0.11498443043031,0.13996862865142,0.129761702672899,0.10232202516682,0.130032710036859,0.12645564692089,0.112754980046519,0.292606123244164,0.122348334586376,0.118002573462617,0.13360108290109,0.239570174469978,0.105127734950124,0.164325241116815,0.106973402977686,0.137667054679604,0.168324365142638,0.138562113905456,0.178068714251096,0.112811719788981,0.110824056691861,0.15661740172299,0.11258233934129,0.0928314794636519,0.101331196896115,0.113155243602553,0.105914770447757,0.141765370746943,0.266211482758834,0.0851454426301487,0.122751140842769,0.0868560431123912,0.152034652285688,0.0999537058583584,0.155364102275561,0.126577948458025,0.105555606140495,0.136920153417139,0.119775069455803,0.152716301953453,0.0725266772847373,0.128436913446619,0.184294777181954,0.139368244819934,0.119660738896465,0.0734978984128274,0.13316048542659
"cordatoalata",0.248921268285642,0.16644787650362,0.149103287534297,0.334804777845792,0.203175633839043,0.0949172154783411,0.239569872087016,0.193392296106181,0.207020835304673,0.122311759799038,0.163811892557172,0.170091178811981,0.198953710765893,0.220559961198974,0.254198468290676,0.200901222029065,0.187672638493314,0.20824470073226,0.168161503980507,0.24803711716857,1,0.174773254492191,0.193781293494187,0.20752304014033,0.214292781774205,0.169571198388304,0.184529854957869,0.123613174462688,0.186602766523305,0.187243097954807,0.188406704313408,0.174611257159328,0.25546607868282,0.217476580510172,0.217380215159429,0.26189830893975,0.180114918361661,0.144476105740591,0.195086188864794,0.15899035687712,0.159818743480608,0.185110230144197,0.163332790240727,0.197542583781675,0.209542552546514,0.150611613112453,0.117871094012868,0.18570320167909,0.315006791779756,0.207428275190645,0.132380938784527,0.171982235633442,0.245215462399765,0.193895517428656,0.159183874794842,0.149034269384608,0.186844020478877,0.201544755254156,0.279127423497034,0.249023947371808,0.152138836836632,0.254519116113646,0.276956112836235,0.196664246119048,0.241216642260531,0.175953218534597,0.183064679849989,0.226294245124211,0.160270581588423,0.22601779782346,0.17333058412185,0.166287501724329,0.180675799036125,0.174972917391143,0.139833867779217,0.217896294724075,0.227385563606844,0.1444530925997,0.17404084146668,0.258301091027597,0.225240734297775,0.164284305682084,0.118664533242666,0.174750804375441,0.190150594592747,0.217436742623567,0.185406858565853,0.160577333016664,0.132864199964191,0.191372418421094,0.148663860490096,0.164803870046681,0.116700696621976,0.190050090856402,0.167575049903345,0.159177338911582,0.109828787380212,0.198568317615022
"coruscans",0.269053201462521,0.205460283892272,0.1603623569837,0.236205870891108,0.142710121688951,0.0726980310226965,0.215633819797782,0.138692528301238,0.265033882626274,0.0891266082832083,0.178346504367095,0.144360198366657,0.175116403250888,0.231727465883859,0.168716150262336,0.230045774216286,0.142422526599238,0.245582808292974,0.244160820337849,0.164500165069764,0.174773254492191,1,0.358994562276662,0.159001668131964,0.151677247016514,0.149451279570618,0.183144691307637,0.0944529894260957,0.225856705323361,0.259860109117229,0.265408485640399,0.161271173708002,0.18231648486864,0.124979797794365,0.180148433757083,0.161432476774103,0.250407536066513,0.154986496688613,0.158249629768826,0.216439277908081,0.210120101801495,0.173219565746195,0.224166536404574,0.202905031034098,0.223359747526329,0.15929082652333,0.21140040794915,0.16462514393866,0.339369143922619,0.15087414559276,0.194622210297609,0.398703771210433,0.203711435071307,0.343107040156989,0.119102510640186,0.211345823138052,0.216192327532029,0.196632331203292,0.114758012780614,0.217008620837724,0.245542480089679,0.232601371390261,0.246845155592421,0.143192832039467,0.227243861152922,0.118878307748588,0.166961306351647,0.186341440680758,0.221887469902934,0.180775392982689,0.160893079044863,0.131122147646917,0.159721302414954,0.172009507743532,0.157397807302189,0.18300714980742,0.237489438582614,0.240948559939631,0.194193750204814,0.163719318876799,0.177192478767619,0.22872588168538,0.0879916941973348,0.229482219344882,0.168051802762586,0.19862667576786,0.267774445693494,0.159067334370262,0.150510338769377,0.159987029541772,0.180225006265612,0.100406801401728,0.289342201798841,0.192058609537052,0.28381865998353,0.19147650194835,0.100969599694296,0.171391867848531
