"","acreana","acrocephala","acuminata","alata","alba","aria","auristellae","bourgonii","brachyrhachis.aff","brachystachys","brachystachys.aff","brevialata","brevipes","capitata12","capitata33","capitata35","cayennensis","chartacea","cinnamomea","cocleensis","cordatoalata","coruscans","cylindrica","edulis","fastuosa","flagelliformis","fosteriana","glomeriflora","goldmanii","gracilifolia","grandiflora","heterophylla","huberi","ingoides","jenmanii","kursarii","LA17","LA41","LA48","lateriflora","laurina","leiocalycina","leiocalycina.aff","lomatophylla","longiflora","longipedunculata","loubryana","M18","M25","M27","M30","M71","marginata","melinonis","microcoma","multinervis","nobilis","nouragensis","obidensis","oerstediana","paraensis","pezizifera","pezizifera.aff","pitmanii","poeppigiana","punctata","retinocarpa","rubiginosa","ruiziana","sapindoides","sertulifera","setosa","spectabilis","splendens","stipularis","striata","suaveolens","subcapitata","T18","T21","T29","T50","T51","T82","T85","tenuistipula","thibaudiana","tomentosa","ulei","umbellifera","umbellifera.aff","umbratica","velutina","venusta","vera","virgultosa","vismiifolia","Zygia.mediana"
"acreana",1,0.200190394471823,0.119639552720562,0.273935123682791,0.194251189731007,0.096105791428936,0.225463494320861,0.225423968459452,0.213016830795115,0.168141325721535,0.146575133895924,0.104644241418318,0.192380245009371,0.185179683932698,0.265057273542254,0.195567658289063,0.191259029545563,0.211040155031284,0.178612002532615,0.206727224120983,0.260541418190634,0.255148918283659,0.228619690632542,0.262514482126608,0.216230752450225,0.170394510345616,0.161645525167417,0.203765424733788,0.19043146252245,0.198150305650831,0.291875761353261,0.13382013753543,0.232469378910744,0.134027048852636,0.161999800762714,0.213027543070616,0.15274206509626,0.108188618207744,0.104152562081521,0.109634769289396,0.189002337603067,0.1734333492257,0.156688442497789,0.165429421144964,0.180375973823062,0.156953504086135,0.148143704204647,0.172326543854931,0.144016678053574,0.226385791908736,0.144781574673562,0.165141945536038,0.227018090198612,0.215701373471814,0.191833784655796,0.219891023011629,0.160410953255181,0.1860073026025,0.179790951938312,0.118780884014143,0.136485522739094,0.182386471599449,0.17747807903706,0.208011776457529,0.18432480723056,0.198987882352325,0.181108671214278,0.238399771888291,0.1692901356249,0.220204229031205,0.159858631427556,0.145185762025865,0.186538742518804,0.233898084067035,0.217609671032995,0.235502486406111,0.17509263047829,0.215683788507905,0.102357840638062,0.185471440602624,0.153900174321398,0.24271586583965,0.179507821630189,0.173924644882251,0.117964171633527,0.220012630808035,0.190057941992866,0.202617135427378,0.201673479451899,0.184846728298448,0.1840682886947,0.14171489774923,0.0779286134355561,0.168513254372515,0.230092227899807,0.168555928426702,0.23185351568985,0.220349841018315
"acrocephala",0.200190394471823,1,0.120935766223997,0.323934089608866,0.239790668078485,0.156565812540754,0.229481117142129,0.175946344294295,0.30460442985921,0.185763907055796,0.113326914328097,0.0872880635452654,0.145253247063177,0.229958583965402,0.215834846783249,0.219703951299834,0.267403914621655,0.413060842887325,0.229453008267307,0.221923565244502,0.218768954577576,0.281208281040757,0.194300354569916,0.261275394121653,0.143335744805828,0.162455038497245,0.115414650709421,0.201730758069613,0.23404336168298,0.179711382640218,0.190861752546022,0.136688467846083,0.29771854186691,0.123008283356943,0.161418439358884,0.199226374131278,0.266314704022231,0.176632485957998,0.105974691609728,0.109974834423806,0.206379591907075,0.291245575027966,0.111892047501127,0.188438322042561,0.240547930694681,0.166882099969184,0.197243587621944,0.153334029197979,0.0920857466743622,0.176370221419564,0.268433303395885,0.138264428536292,0.182468848972939,0.286156848486756,0.226663417204821,0.256405047767769,0.116350409116596,0.162823796966008,0.243665678282933,0.141541852046522,0.108827872662844,0.180077993681235,0.184359486654923,0.294400338183151,0.199880423377174,0.296277123896818,0.246725056619261,0.361024652215547,0.108123251481198,0.210008595377488,0.144838382635063,0.182157602092335,0.235995103540531,0.181825710182318,0.186776927674998,0.385791486292466,0.237849668003394,0.203845612374819,0.136751636224886,0.240890541526848,0.155738926086709,0.32040790668712,0.253573258389107,0.275670954658335,0.160372817939921,0.153453189724134,0.167725526181449,0.247714587594114,0.17315911517062,0.234245335142927,0.188532894879943,0.149023828691646,0.0773445358020337,0.353315820897502,0.216250988997986,0.143655857726443,0.146968842243424,0.279638568682185
"acuminata",0.119639552720562,0.120935766223997,1,0.124213005255055,0.123071379916854,0.060838944498378,0.135544818609129,0.152387438296304,0.129422834462226,0.100169027850536,0.113413158732828,0.0848875835866224,0.112577296165897,0.158499797178028,0.107659370422577,0.172545755177793,0.100286772400545,0.108370470774759,0.117550776924194,0.112311788714224,0.140025719572838,0.148800941893812,0.159041094190406,0.140239227736235,0.111616282031582,0.0989131694400072,0.0830811416233751,0.134890192633475,0.116702689778439,0.0882536550264119,0.112196644683609,0.0850786011018004,0.138142489113872,0.106432770811688,0.123690725671072,0.131825269820391,0.0888257974619886,0.0732858330182147,0.0853988563297282,0.0755939895787675,0.0946610494588589,0.130695945244935,0.0977160570324207,0.098355213760169,0.141236392602522,0.094396202554123,0.0780612909794094,0.125689856275105,0.0903241411975862,0.0881444062201397,0.116704212055896,0.0988888329194656,0.135449128751483,0.146056892083931,0.0958859019354266,0.0888535419651009,0.11252149783783,0.149087463397638,0.0842942426600026,0.0798164179645915,0.0869944084259092,0.140343595987004,0.143132296282143,0.127800519240261,0.148648350223269,0.107421424709846,0.0969998432526803,0.14630237313418,0.125443019313006,0.120835684898418,0.0951157115920516,0.108608862429944,0.0904320608915815,0.0967754320740576,0.155219261512491,0.118523533968825,0.128198450393501,0.158381092352857,0.0928518633193247,0.12209092989285,0.121236709784591,0.13742298777117,0.109135541909637,0.135676091974417,0.056573805914354,0.115966859681249,0.117611349587928,0.089406378276713,0.0854631498552804,0.12347661463316,0.102617405487858,0.113322676368436,0.0946048624797869,0.0930297771412727,0.0900800933284914,0.0981378973255905,0.114692914730394,0.144122196928112
"alata",0.273935123682791,0.323934089608866,0.124213005255055,1,0.258996514900259,0.0957721585000323,0.278461012208059,0.187077748057742,0.294157264131078,0.197786509282188,0.144052987428928,0.106539070293144,0.171043562357298,0.218259594931104,0.29767952430593,0.20700407327382,0.245811965924686,0.272017838421868,0.245876616056045,0.241746688822175,0.305414650534027,0.317723843672082,0.236668218587482,0.34194216992173,0.233887312001202,0.189309947743471,0.168570761747131,0.22769637020605,0.238759924504835,0.206576969039588,0.238850494882553,0.132810921960559,0.323119726834173,0.119227531087938,0.18327550753382,0.247736775610769,0.21535252146241,0.153669814069974,0.109942354435293,0.129569917887472,0.229635944700197,0.218816262792384,0.129206792129599,0.188114932877225,0.224352992454061,0.187150965034357,0.187562577480032,0.17876278986163,0.164474694645533,0.2121456688577,0.241557539227026,0.157754108389735,0.199503544926804,0.272401812424025,0.227749164254829,0.27198522726801,0.139887024855539,0.209206918480674,0.276061268485164,0.179239128056014,0.108371560819036,0.23621852347739,0.240682149937877,0.325054437440603,0.236554137704635,0.335800558463462,0.270171935146088,0.34602207535488,0.149880405680472,0.247812446649781,0.155177353555019,0.188533353250387,0.294543775909501,0.219305972627106,0.230111979612073,0.372552645443284,0.203523904871444,0.257599344017783,0.119117091663225,0.278461567332261,0.161532798152045,0.297804908741881,0.267339154402381,0.303970277715494,0.143170617692226,0.195759337404864,0.239807935304256,0.231888854167272,0.221302036920822,0.200606446788236,0.203641073237303,0.142948520398554,0.0865719941463937,0.283460217021427,0.288462182628835,0.203727454095982,0.170693439177815,0.264585023187557
"alba",0.194251189731007,0.239790668078485,0.123071379916854,0.258996514900259,1,0.0832423954821061,0.232345543675395,0.148600891204013,0.206402120944567,0.25710198338433,0.250017233974962,0.188853574362572,0.272549895360995,0.186693979443298,0.191284338386501,0.199513792407671,0.173996955267682,0.198427299744505,0.184114187781766,0.193533829870433,0.225404755068955,0.198526822974033,0.20936015561126,0.232216503327224,0.147034862862361,0.285875850468787,0.108605190510382,0.196116068996429,0.240512540198868,0.133290470334294,0.178736284623271,0.215290166675187,0.263290415575551,0.133608810167474,0.28102829452459,0.177707601911148,0.153952512436214,0.113472812514796,0.119293269213384,0.129021221505201,0.266729578861684,0.179112760038889,0.12515955158835,0.150454301249295,0.185493884689997,0.153148129832943,0.266380487351415,0.174972824737484,0.208385408191356,0.284461325273728,0.130634872184502,0.12324684325548,0.179999440830174,0.191485094570453,0.260502453347285,0.162949759767634,0.128324819070791,0.155894636666791,0.308825730736846,0.13336694429607,0.149451208712798,0.221036622156503,0.164809436449538,0.19688946302884,0.175057810946428,0.218820776548682,0.186641420650481,0.221764562421676,0.130777932586067,0.202018999665698,0.224343945453758,0.153851628047231,0.177219255089493,0.153252980061041,0.181858376022878,0.247921700942826,0.155303241766896,0.188155483773124,0.161083705550129,0.212248337578863,0.172309603682408,0.279624366178393,0.171353607709013,0.230195022877444,0.11528073702307,0.166667731448355,0.183640944724013,0.204654638844232,0.147730093577258,0.277091500732093,0.174971199143166,0.227194318220033,0.0684706711641184,0.238368069936723,0.163373522814069,0.267902862558917,0.146616784322182,0.193650263244379
"aria",0.096105791428936,0.156565812540754,0.060838944498378,0.0957721585000323,0.0832423954821061,1,0.0735869725912842,0.0770336149631971,0.0775778302492299,0.0571558176482995,0.0700819386875051,0.0389689644756488,0.0686933989430512,0.0820567525764556,0.065962224852437,0.0705403881650901,0.0670582531308964,0.0906278509005932,0.0757374561805777,0.0761183151454177,0.0884652595056939,0.0815475995781328,0.0755791550363834,0.0766640840538313,0.0970311460466359,0.0667024095972847,0.09412645749461,0.0738539515146202,0.056947419783022,0.0635422164111383,0.0886766913620904,0.0517907744870249,0.0869032549086742,0.0526477275127033,0.0788483702143498,0.0684733198047885,0.0552667434274268,0.0362021352483759,0.0592723091571626,0.0526793482536393,0.0514223444787872,0.104156513178692,0.0595248743921072,0.103894920870108,0.0630981525189314,0.0628853602318414,0.0572661131255697,0.0828225548515531,0.075853818112289,0.069341899992295,0.205862023657932,0.0537903026127888,0.0911732910623313,0.0634619535404989,0.0790854644771067,0.0573948734054196,0.0729053161916279,0.0932909291478093,0.0508948856200963,0.0529682987901934,0.075106208263402,0.0840205861631149,0.0729557706776615,0.0874384768084728,0.0669789664522879,0.0772236302328595,0.077200566079615,0.0694802859430934,0.0725431192109591,0.0809395379507943,0.0497431799170972,0.0697779543587522,0.0702956662638026,0.0785653547293921,0.0888614159972846,0.0963692339865503,0.0671093317837969,0.0697258563875569,0.0587557448850479,0.082221499329296,0.0584004906766097,0.0836914553389132,0.0796229242316348,0.0661991068360094,0.0453023070452769,0.0816613124639149,0.0915890924379863,0.0580178128275809,0.0810879358244021,0.0954259804797312,0.0602954856913626,0.0558882546029601,0.030454231453827,0.0623188285882024,0.0896311816259587,0.082127649196377,0.0614530747242109,0.0805151317382802
"auristellae",0.225463494320861,0.229481117142129,0.135544818609129,0.278461012208059,0.232345543675395,0.0735869725912842,1,0.199515489268396,0.238449554329818,0.187082862364915,0.212699567409955,0.109628422881825,0.149682195056317,0.212568323993203,0.209307645974585,0.183781185816921,0.200627113399479,0.205367883380424,0.196408764973588,0.199509553632709,0.262304512886766,0.229635178261233,0.256059442644738,0.251756667290132,0.18408549937598,0.151209463160314,0.155554744829508,0.281336760065621,0.205787929620505,0.201386568047164,0.250270060687953,0.123057939958468,0.39021588312574,0.157899193873405,0.192006752701623,0.154195049606305,0.150898183790349,0.12038631192673,0.226940417070573,0.185949797667554,0.195186429011195,0.249283822903956,0.120164399755217,0.21352218183532,0.20376371238772,0.164399568878105,0.141377033863966,0.162197471401537,0.103987700185456,0.215101052019399,0.171896796429375,0.150054018907697,0.328951267213153,0.191124722620668,0.224574324589076,0.183565552017657,0.202180318698239,0.155975582580373,0.236600160196747,0.217063503292159,0.193596063786016,0.184971851286941,0.182800393876182,0.279495696447124,0.283320290396089,0.210994613729323,0.177165366187715,0.295334038641239,0.15064436310156,0.31450034553085,0.170581318120711,0.151700515466698,0.271007709154504,0.158216214934201,0.255410745898195,0.231343268402508,0.204137290808561,0.167526288265692,0.107132437089817,0.301356961520228,0.144048293820354,0.256819899483166,0.170906010353885,0.199422622860487,0.160287877053081,0.217296558022922,0.302420772642155,0.148038833656256,0.132148587466401,0.187233220556178,0.132196037590484,0.152805202297828,0.0703541577914429,0.18258253977767,0.234640363415678,0.158508125009699,0.155633874430749,0.222580276949031
"bourgonii",0.225423968459452,0.175946344294295,0.152387438296304,0.187077748057742,0.148600891204013,0.0770336149631971,0.199515489268396,1,0.154869444727043,0.11859654377859,0.179464939676708,0.0909794092166352,0.156160476179484,0.165380720609619,0.220462064736678,0.173539359704288,0.151598457676273,0.156785376562108,0.122028108167595,0.163497359435819,0.209500563754765,0.272248928986522,0.19420723064273,0.177900492209354,0.170286226513458,0.119077844734413,0.139616421791078,0.201486769898808,0.168327484372282,0.117842719208575,0.231067006324382,0.108411553652803,0.179562997211658,0.133812375563491,0.150958885444517,0.158056409992547,0.0984266166255562,0.0834127031022137,0.105479741105373,0.0891297453750874,0.124327762844808,0.197501159206812,0.130233618349957,0.125891120039303,0.163024419375682,0.140297997156493,0.10305411674389,0.145279067673201,0.115174067483585,0.195392920730981,0.110843179512544,0.135204976801943,0.255293256082706,0.152700444609156,0.155031195964261,0.132701704249631,0.199040790200019,0.143741563471753,0.11556458771767,0.117306748907172,0.151824852083457,0.164244543608802,0.16273048392945,0.168831088352437,0.169655060501412,0.163735593460845,0.140173870181415,0.173847333716586,0.185540287772724,0.20686703550984,0.138576865195093,0.123392199694626,0.117147650052609,0.145723934795505,0.206646145912053,0.180063183769727,0.135335617904314,0.177641372319326,0.0882284343773756,0.174410553717059,0.138944906096353,0.194559678291555,0.113353061156202,0.162739044603533,0.10583368505622,0.197156923950886,0.202334015130499,0.122919932358388,0.159365807297437,0.150961057193502,0.166054161192583,0.118075767314891,0.103261417446056,0.113850284019635,0.187486645202504,0.119648207654944,0.163412812856531,0.183174772327599
"brachyrhachis.aff",0.213016830795115,0.30460442985921,0.129422834462226,0.294157264131078,0.206402120944567,0.0775778302492299,0.238449554329818,0.154869444727043,1,0.182881952991603,0.122522556698559,0.0929174712113552,0.149849587734074,0.337879310528678,0.475754105073023,0.280092527773456,0.301437237475572,0.265737255730088,0.224073371038001,0.19354596666044,0.253506677719406,0.273057125322706,0.229506824473477,0.265322531042488,0.161205828507305,0.167923761565229,0.1686186811958,0.217771593598995,0.224298767794369,0.169210670423847,0.215087852501008,0.188935163341476,0.291742944367136,0.122268870141549,0.176732536978417,0.196967288877185,0.276012331264046,0.208338778144474,0.0985655722956415,0.127380261284998,0.21275386623651,0.270557649442466,0.130062631117371,0.174462656850977,0.247626055843008,0.181756209116545,0.179810255867675,0.259639724784572,0.115299528680134,0.174137899162024,0.178463563493738,0.142119246103506,0.193731624669084,0.307093434921612,0.200023613260632,0.188669158752529,0.14051158339193,0.166415718598022,0.202402584437096,0.161231368648124,0.114250032807963,0.189797295381229,0.189988311978851,0.276553407228906,0.192933788003921,0.274006921051518,0.287385539160014,0.339465808899424,0.158717900849172,0.257243671966724,0.157115408569392,0.184936726769408,0.302929080460019,0.230904360654992,0.205528860446927,0.332105322487044,0.220229189473387,0.194018672972245,0.133495691847786,0.223658188663532,0.153900164181362,0.301004834434635,0.236753595653983,0.235717590114897,0.152060369578515,0.164997393528936,0.193018389614243,0.150696700641406,0.16263453515197,0.263200394923089,0.172215463022843,0.1316401429108,0.0968305554771059,0.288076769447763,0.293519328321798,0.141570612078385,0.171060110849328,0.255730895641134
"brachystachys",0.168141325721535,0.185763907055796,0.100169027850536,0.197786509282188,0.25710198338433,0.0571558176482995,0.187082862364915,0.11859654377859,0.182881952991603,1,0.314303501246223,0.250134340017678,0.264247509400344,0.141464347039775,0.173355784281699,0.16082595589298,0.195984877883697,0.184998312184211,0.170723117795685,0.330435218437926,0.163654660582145,0.224071293165621,0.257020367657981,0.201662561193825,0.136440314598006,0.37579683788842,0.0935747907423095,0.169503522566384,0.169813182074283,0.140823407990178,0.163099346933723,0.361514477580178,0.283933984377124,0.101215039802372,0.335335226526512,0.149301544590789,0.167124451952814,0.145843158999437,0.0706846256489823,0.0854932849949413,0.40356727743234,0.195620279339654,0.0904734614490399,0.152771724250209,0.159710558864124,0.144268534934297,0.382631131627747,0.101786133990678,0.231236173333639,0.336161999242121,0.107948088885334,0.136990639609256,0.148570198848625,0.171058350094269,0.171713881124068,0.212715024500903,0.107713929841779,0.150331655538159,0.403960585084941,0.121809655124708,0.104863087675972,0.129171561983231,0.130117017667464,0.160147627087516,0.219257199029055,0.207854829545257,0.150843372027563,0.185418465431024,0.0977773343647415,0.177572232397738,0.305648454604272,0.129158885963681,0.219025594367578,0.131544863333449,0.157083524919827,0.202436195445428,0.149202732520423,0.181792566232836,0.0925113660337568,0.148817547633379,0.113725714907105,0.254963926319164,0.181516334418644,0.171641726158877,0.109465946070427,0.138185215943118,0.150128730090766,0.168941871312045,0.145052919993896,0.279124050816989,0.148363358971718,0.286832903916728,0.070826342420936,0.219524284041942,0.208783795628102,0.401540384156325,0.139283686397155,0.160410366123946
"brachystachys.aff",0.146575133895924,0.113326914328097,0.113413158732828,0.144052987428928,0.250017233974962,0.0700819386875051,0.212699567409955,0.179464939676708,0.122522556698559,0.314303501246223,1,0.335159390691578,0.229703134497349,0.111053701714478,0.121136781107451,0.119945941827413,0.130945369523,0.115286970690912,0.122812418803397,0.117552523211687,0.171412745358868,0.155098277155939,0.178456112968901,0.157730567187195,0.151499512080175,0.26619034747502,0.107548293523591,0.221027421703167,0.122364383442104,0.08931191904898,0.211403746851572,0.302535701001171,0.206968953950405,0.14820987876355,0.353476884694888,0.121547846124132,0.0886193754695399,0.0724928661472662,0.103847353639618,0.089279329592492,0.300219910424653,0.190096130094867,0.110476592805371,0.115235889715599,0.156254831575956,0.103385965785187,0.31169786580603,0.0993813268941359,0.266568143564532,0.273379544805852,0.111992757346261,0.14576089368375,0.221926847570684,0.13858270946763,0.125656714344084,0.110968577751687,0.18710966811343,0.135788222617282,0.214947822577792,0.178505814556333,0.176788300404449,0.141337719280903,0.145783620145507,0.146240804759376,0.104935128673882,0.119262164559354,0.121801348828485,0.134629934067214,0.121414347506566,0.225852729035689,0.304988822038601,0.11629111366594,0.0975979637014992,0.116993113058396,0.173842064846927,0.139748719870868,0.148380474961669,0.116146752802403,0.0970841180234595,0.137480590591414,0.126193199808153,0.210052548331268,0.122065736009502,0.152565172261768,0.122514216619406,0.155788986264103,0.20478119535416,0.0963738469974755,0.0883656136382963,0.237441032056545,0.0899650082543082,0.386802367139248,0.0733114047196311,0.0890716993818574,0.16155467909992,0.365952808321608,0.136489298478007,0.11813410674072
"brevialata",0.104644241418318,0.0872880635452654,0.0848875835866224,0.106539070293144,0.188853574362572,0.0389689644756488,0.109628422881825,0.0909794092166352,0.0929174712113552,0.250134340017678,0.335159390691578,1,0.165663172797077,0.0937854190166662,0.0871661142010216,0.091603276073044,0.0906349108246159,0.102169014957277,0.0848642871442683,0.0984501477076829,0.101024850838537,0.0837932714003099,0.12370416276556,0.107208065320525,0.0835392793374802,0.236029738750065,0.0960293862304785,0.0902398446114449,0.0865498451190276,0.075907896515257,0.100383837504104,0.243349462668278,0.112672716618434,0.10913143222719,0.234700471091318,0.0895306165550206,0.0623943098859437,0.0678451708705293,0.0663957555305789,0.0644620845930442,0.255335143382929,0.100727568693905,0.0621443801651145,0.0937423661403372,0.0866390034074837,0.067216557651141,0.23171232058708,0.0827115924924987,0.23634112020169,0.241523993177691,0.068790793326644,0.0754631991312423,0.0992395744284085,0.089328067467403,0.0822067877750621,0.0981444991350239,0.0850751777185223,0.0841334580918602,0.215555983762959,0.0961051234917322,0.0724198604004186,0.0933724347830788,0.101874112908095,0.0948228767734329,0.104856588833104,0.0929059408940541,0.0728174996363325,0.106262665768944,0.0839394259362187,0.0996364815420017,0.246950404137594,0.0686184104980145,0.123560243249929,0.0854730216722052,0.0993144117075221,0.095750068939265,0.087137017312169,0.0885036946748031,0.0894122667245971,0.0943932653967235,0.0872226647983932,0.119296395115447,0.0781624215324531,0.0911650785927023,0.0548726485894194,0.0846943223705932,0.0852422286915095,0.082993806828552,0.0732484409859669,0.22052126136086,0.0684533586361019,0.280257771736522,0.0726586056340879,0.0698745885326404,0.0995393606575723,0.245355167122054,0.0697469641232299,0.0890232743818619
"brevipes",0.192380245009371,0.145253247063177,0.112577296165897,0.171043562357298,0.272549895360995,0.0686933989430512,0.149682195056317,0.156160476179484,0.149849587734074,0.264247509400344,0.229703134497349,0.165663172797077,1,0.146806967126206,0.148554907484194,0.173262425404755,0.159447562901608,0.15289842242913,0.137315370121528,0.192616209823728,0.178515502610796,0.166265347375736,0.173633595354101,0.169799426137562,0.185314822509489,0.490596091073554,0.0890562489274638,0.162246655269899,0.227012506694367,0.103883460360222,0.162919254000199,0.205741834653743,0.199273928953709,0.15688801222707,0.240622020412449,0.152650358183073,0.160866801826486,0.0771104661206299,0.0851573861064273,0.0977309373995804,0.227665909989088,0.132793710691371,0.114749476804708,0.111395653608551,0.143563241260024,0.130755492850276,0.210808090262872,0.147682059103047,0.173872143503959,0.230787823585415,0.105571854731974,0.132334057082271,0.139102510355003,0.137878728414674,0.194816420701702,0.138114409129027,0.131478693109975,0.127290787712354,0.231460327991532,0.104677417546238,0.0975897303955071,0.167365550609627,0.109409272292925,0.144852546286674,0.177828114888061,0.165114184410726,0.129738134474885,0.148033237802157,0.120618427366501,0.156194192753404,0.22092486120357,0.109265685900883,0.151111464184025,0.112290686665792,0.19913439836254,0.165234237424712,0.145636767719721,0.138599896979436,0.0890298906984063,0.146608915959156,0.156718716864899,0.204854253417079,0.157530099906332,0.134312848771207,0.0997280169696096,0.181673375508602,0.138044339908546,0.27401174102763,0.140750526270439,0.22095341362517,0.234173514392465,0.237468406775803,0.0495708567005183,0.162135602618706,0.163235238631659,0.315714122674518,0.137304688450728,0.140315475253753
"capitata12",0.185179683932698,0.229958583965402,0.158499797178028,0.218259594931104,0.186693979443298,0.0820567525764556,0.212568323993203,0.165380720609619,0.337879310528678,0.141464347039775,0.111053701714478,0.0937854190166662,0.146806967126206,1,0.256911054516091,0.366587241199091,0.168975691475503,0.187664570271046,0.25526056672345,0.15259145306427,0.204810411530428,0.238066488968208,0.16069387049997,0.246878935781457,0.140992946927501,0.124552260150279,0.111139740740853,0.157346913822861,0.226595640756206,0.162924876945435,0.138264434603297,0.218267743685017,0.187428171213204,0.120787022534391,0.148355556136816,0.154911613111051,0.126528325242229,0.130211577621653,0.105185614549533,0.102547960444723,0.128845934859054,0.210106417069393,0.112395858037803,0.152578960580446,0.192920698338876,0.146198805823668,0.109799444729987,0.253973864100737,0.108877281523062,0.133220205910268,0.165229136396013,0.111293891479136,0.156489730157615,0.161874835449039,0.158335587473043,0.165930439956522,0.133231420233459,0.149834487589925,0.160713568680617,0.121026760493333,0.121538908571672,0.19213389532571,0.170639182290884,0.206792653962181,0.171189125592747,0.216116966418551,0.151333280138962,0.22223583879689,0.120977202643792,0.20824908808339,0.137631184017275,0.139004887546091,0.170878534851765,0.166932279794838,0.182314090508926,0.251327321899229,0.159656199662369,0.17787778387493,0.125786528367691,0.207548580571156,0.145408658964023,0.224209217731599,0.180983517064746,0.255770324786943,0.107639412715514,0.137661420361973,0.146342652224158,0.127313157346893,0.129558009013649,0.165773713172602,0.149382072933117,0.112813029849087,0.0721808247727506,0.170121239347235,0.16297942783307,0.123464595499968,0.138998300971772,0.245275656089533
"capitata33",0.265057273542254,0.215834846783249,0.107659370422577,0.29767952430593,0.191284338386501,0.065962224852437,0.209307645974585,0.220462064736678,0.475754105073023,0.173355784281699,0.121136781107451,0.0871661142010216,0.148554907484194,0.256911054516091,1,0.226504177150907,0.211552054746093,0.233944283622777,0.159362906947784,0.212771957974756,0.252439690968675,0.269253112705757,0.192965785015247,0.296040809937836,0.166625759551808,0.177403161755725,0.154690111359046,0.191313224633648,0.188042944093157,0.18826118490094,0.243756825559965,0.160900853591164,0.24325131875778,0.103498173088264,0.147270084780743,0.24744993848398,0.213626296812481,0.22362718837719,0.0858197398119636,0.129805744681793,0.212942522976027,0.181327563327614,0.135780978942748,0.166843418240217,0.21022753338706,0.153323585763465,0.158681157710666,0.218490012265237,0.133673591788819,0.218959641136628,0.129701260984615,0.133790185104947,0.196101148903025,0.221636661994453,0.155753684068226,0.195123688153751,0.117718486960688,0.15217031644236,0.179602169770152,0.130039634685861,0.106082921084405,0.188533827753128,0.17700481428962,0.223625781539829,0.251063152723411,0.239950877293672,0.214022118307736,0.24346368288516,0.14745873912171,0.213861073925183,0.128764652003701,0.15748227092813,0.193744042327902,0.189089569042642,0.194545986275091,0.281020906651242,0.15059714524366,0.242133144957311,0.0952846648967355,0.167423642510231,0.127974048819586,0.230979537689128,0.206761942882185,0.187170482362756,0.0966710077036006,0.158707976544131,0.198452445189581,0.176382517946254,0.205706799952946,0.214032863831338,0.180937880138953,0.106959963572123,0.0775229841499247,0.211444336356353,0.22704294034162,0.133034205066965,0.170564373970153,0.239772427279277
"capitata35",0.195567658289063,0.219703951299834,0.172545755177793,0.20700407327382,0.199513792407671,0.0705403881650901,0.183781185816921,0.173539359704288,0.280092527773456,0.16082595589298,0.119945941827413,0.091603276073044,0.173262425404755,0.366587241199091,0.226504177150907,1,0.20950637179492,0.229985516039933,0.177737657873732,0.166688629538036,0.20930728888265,0.239615522504334,0.181714620615664,0.216154974155592,0.164047775491953,0.150889144772531,0.121475440601305,0.168985087197528,0.214459191219834,0.153148369682347,0.160975367079645,0.137553987215071,0.237180723227683,0.135490255317184,0.162822747960124,0.170306552505918,0.194227475739631,0.141453358306665,0.11136788738715,0.126554719254527,0.181180864701557,0.19242122804822,0.11557303193229,0.175668014015598,0.215008041608837,0.140350577439371,0.135054147312505,0.157905500140903,0.111639256953507,0.136654451318379,0.138639338601076,0.120467884428861,0.192068006177187,0.253779687110074,0.176151133525174,0.234185113067749,0.135056063531185,0.149186306730154,0.140103950158791,0.112395500931306,0.126771484908488,0.183111226613891,0.190292717450387,0.18023273533086,0.194667434648579,0.256600125618847,0.224101283100288,0.220031616274003,0.142715865660029,0.203055076142729,0.153603101466952,0.149453550132332,0.178026962456671,0.194477385010724,0.208307938165151,0.251842343245029,0.170805559701645,0.179589982191459,0.124664419528526,0.187579288784875,0.166738434618821,0.242849729991828,0.178563632022577,0.182808106089624,0.106247615026399,0.151480355834261,0.169827664485686,0.122633868656665,0.132683997309619,0.223353804523588,0.175370724721531,0.119734564864877,0.0731294952057885,0.170545012058193,0.184137192755369,0.135175971072867,0.137287669686956,0.242087328591
"cayennensis",0.191259029545563,0.267403914621655,0.100286772400545,0.245811965924686,0.173996955267682,0.0670582531308964,0.200627113399479,0.151598457676273,0.301437237475572,0.195984877883697,0.130945369523,0.0906349108246159,0.159447562901608,0.168975691475503,0.211552054746093,0.20950637179492,1,0.2303384685908,0.197589309810814,0.192602774230932,0.221274385780959,0.235772813790021,0.193706117535535,0.24245104110159,0.146794549215403,0.16094593719191,0.123990393521124,0.217438990962097,0.195716923248707,0.139254005712349,0.195798653065138,0.204066285059516,0.311979881593419,0.116149893442679,0.17552739027981,0.181168241812537,0.258826849098614,0.177358318656485,0.0862026094388117,0.237084246111825,0.181063039426155,0.259361635931455,0.123712220018152,0.172894258224281,0.180392952809711,0.162661595246944,0.161452158466107,0.169587886228315,0.117821516672218,0.155409546361789,0.153358028069879,0.155982263729386,0.184341666048295,0.315213276753505,0.20761584727294,0.163500253240524,0.139446911592576,0.135391466752845,0.170937563806433,0.158765396246839,0.121806270681294,0.153716776421301,0.151485460061151,0.232024237779958,0.164770861550097,0.204802420945156,0.286187091056082,0.241580454348655,0.124087161795401,0.258817545238503,0.148313654156456,0.180572824087597,0.204679407319465,0.175393740739882,0.184084547599079,0.284278927969498,0.230118053020225,0.201083711792748,0.13242674845998,0.19892977394472,0.128787271938525,0.243749239164496,0.210303207035806,0.204440943463786,0.170436439153339,0.208535009826117,0.216168783230126,0.14289438079033,0.14773409356032,0.217794997368888,0.169212799494845,0.139227591281256,0.101891514466463,0.260328321894002,0.258019318209928,0.144068557983284,0.145369158786105,0.206686316493173
"chartacea",0.211040155031284,0.413060842887325,0.108370470774759,0.272017838421868,0.198427299744505,0.0906278509005932,0.205367883380424,0.156785376562108,0.265737255730088,0.184998312184211,0.115286970690912,0.102169014957277,0.15289842242913,0.187664570271046,0.233944283622777,0.229985516039933,0.2303384685908,1,0.188576462204847,0.224336796245696,0.197791501431625,0.259031078884337,0.222412912325933,0.252777343066712,0.164250629606077,0.158287553941397,0.137212694820951,0.188449590091372,0.197955081268428,0.178134161044331,0.207289452320164,0.147423333208657,0.2676925800276,0.116482972354754,0.172191108991714,0.19543865337833,0.309638034083658,0.14419365494301,0.0998641318290618,0.116114652893292,0.198159718355869,0.209419958490123,0.106188551224661,0.155202078430983,0.235148358070235,0.147970745730789,0.190219571241618,0.157713388808782,0.103212193724947,0.173563451936009,0.14474896790113,0.142549368125451,0.20125794125066,0.249117021420453,0.182656819474988,0.190409459287016,0.126275566618951,0.185465641939845,0.192913830533251,0.116541228627693,0.11670144386462,0.217985247375303,0.164923089606719,0.206984238321477,0.215472773406183,0.285881145960374,0.263644427904169,0.290617252332893,0.126031637766908,0.218693717655796,0.138586324210996,0.165088123430076,0.202456254878086,0.164521636965466,0.188258506898328,0.350372109441483,0.185121500038717,0.21407147375317,0.124263883588882,0.207379913577873,0.157384916242056,0.264567269744978,0.254757851203315,0.231829817688174,0.107832670273709,0.18122030955186,0.156589137607074,0.151018541776038,0.159702435568568,0.191722841062956,0.181273014850105,0.129267671981522,0.0781189568333245,0.258335537050851,0.204431617010171,0.140236700856277,0.161186943516679,0.280613918813374
"cinnamomea",0.178612002532615,0.229453008267307,0.117550776924194,0.245876616056045,0.184114187781766,0.0757374561805777,0.196408764973588,0.122028108167595,0.224073371038001,0.170723117795685,0.122812418803397,0.0848642871442683,0.137315370121528,0.25526056672345,0.159362906947784,0.177737657873732,0.197589309810814,0.188576462204847,1,0.155612934591879,0.198693114759006,0.245822022043397,0.177540285456321,0.212856735297747,0.151009770362985,0.123385145120496,0.123907461768632,0.1891047604545,0.231666133551307,0.144097905904326,0.139299593232843,0.116217414652877,0.216332614103293,0.0925983884448855,0.157105222680738,0.207187518455307,0.167205763766621,0.165931885091016,0.110812349102255,0.100942059300975,0.13288627801387,0.225264086178887,0.110815293240948,0.157166421757683,0.168654688342522,0.166559142493421,0.135510819252563,0.179035327200277,0.101651116877929,0.120116420702113,0.182686548701874,0.143345384643617,0.145567437989815,0.181845352207902,0.204202378875284,0.152445453367984,0.144811506909512,0.162848621446826,0.188547516368667,0.155977483258152,0.111185283631558,0.16222670627004,0.150148236153441,0.24840190972135,0.169096110934868,0.239107869350206,0.160904673071636,0.232377116730103,0.122348105751865,0.165446884968686,0.133418157756231,0.153830439948782,0.209789869011948,0.178154214039681,0.153198572702541,0.239424258470488,0.163174644992764,0.185984666750291,0.169876858892261,0.178260923148487,0.146902453232889,0.244704537181203,0.213375172636601,0.27739203153984,0.115156425636571,0.138762557350663,0.136696667970302,0.132637581522429,0.189446608114734,0.156163632282353,0.151856001707557,0.10986029364854,0.0741953520511177,0.21157851862769,0.195166841355514,0.137305411868169,0.162257143152689,0.257235699127445
"cocleensis",0.206727224120983,0.221923565244502,0.112311788714224,0.241746688822175,0.193533829870433,0.0761183151454177,0.199509553632709,0.163497359435819,0.19354596666044,0.330435218437926,0.117552523211687,0.0984501477076829,0.192616209823728,0.15259145306427,0.212771957974756,0.166688629538036,0.192602774230932,0.224336796245696,0.155612934591879,1,0.192726214567346,0.228036695625655,0.287954893677756,0.215128385419765,0.193531634799718,0.228036404705525,0.111248944549372,0.154518744860989,0.196934416960706,0.214143610478734,0.169288732840388,0.105973460983691,0.28092443769139,0.0960611966058472,0.143247504315892,0.206962514339021,0.23395462066853,0.111689167972238,0.0880907921446231,0.104528275252508,0.251888759711157,0.146855283025699,0.111171773700007,0.136057895961717,0.180407300179996,0.123783989882272,0.143072387865295,0.119393807042126,0.0981096983173002,0.22493474495131,0.108259354963184,0.125106970255775,0.168208085462826,0.19626389960971,0.19008821719283,0.262994621230908,0.0987424678116114,0.160813766912943,0.260389760478756,0.105427312294558,0.130700821145593,0.158590780790529,0.138617712558301,0.215733867906769,0.264403157515165,0.205568499990812,0.220161618385037,0.236491887362941,0.107535462873373,0.170395049099252,0.106733433419677,0.151603309456203,0.230486298884792,0.157105939818725,0.160464833749913,0.309562053419244,0.159212704050869,0.188142615782799,0.112075276173932,0.159963657910692,0.150183081633135,0.242813454238614,0.24792280274933,0.187061111270847,0.1060325448156,0.149342519589959,0.141665175261001,0.254898961274941,0.226967472080013,0.147379402114731,0.192468085183061,0.0925851445853924,0.0762557394194439,0.334831321482137,0.219334712759387,0.173403242004156,0.146497061317992,0.215316774739399
"cordatoalata",0.260541418190634,0.218768954577576,0.140025719572838,0.305414650534027,0.225404755068955,0.0884652595056939,0.262304512886766,0.209500563754765,0.253506677719406,0.163654660582145,0.171412745358868,0.101024850838537,0.178515502610796,0.204810411530428,0.252439690968675,0.20930728888265,0.221274385780959,0.197791501431625,0.198693114759006,0.192726214567346,1,0.271144703021411,0.277697443573717,0.268860641448892,0.215120053767377,0.158008621319067,0.168361692604658,0.2428150522033,0.214974073155882,0.168878963498526,0.232854571397288,0.146862159613241,0.262963877991768,0.135326518997404,0.186599245227227,0.264883505520202,0.205740307065543,0.12117101521473,0.126992202954583,0.12881346657097,0.19552112134267,0.216001528430917,0.146415966591652,0.194563351727722,0.237421750145596,0.219559995401754,0.146641576006457,0.19851654929054,0.141223880664037,0.20532363125702,0.19699923511776,0.143876219556443,0.245749606059178,0.22053206117838,0.189838653393299,0.209020002516533,0.169297909126738,0.189603332890687,0.195375815852184,0.182965464300414,0.148066857296287,0.200735471487125,0.224001446552422,0.279657356845391,0.201443391819911,0.284367293123051,0.189058179741404,0.239600528568168,0.16064225707162,0.235105153740832,0.196455761064951,0.19068199572963,0.207560562873459,0.169313238994988,0.240178363036644,0.237869554943458,0.171095132695568,0.21009879567961,0.156705279017178,0.224946858408483,0.199068090090271,0.276646590374071,0.228055918757341,0.217193600990996,0.121698831032938,0.230295860733444,0.214861074548277,0.179701484391013,0.187549954997429,0.199963303948786,0.168823365917731,0.175651005222373,0.121920857472805,0.193626487881694,0.219898474559715,0.165806415272606,0.188140596990298,0.22428675752827
"coruscans",0.255148918283659,0.281208281040757,0.148800941893812,0.317723843672082,0.198526822974033,0.0815475995781328,0.229635178261233,0.272248928986522,0.273057125322706,0.224071293165621,0.155098277155939,0.0837932714003099,0.166265347375736,0.238066488968208,0.269253112705757,0.239615522504334,0.235772813790021,0.259031078884337,0.245822022043397,0.228036695625655,0.271144703021411,1,0.2633233184945,0.250872343796346,0.184508369274055,0.150348531936829,0.134329170507753,0.240755616106365,0.229666510933852,0.182184681782864,0.22157883774591,0.134550200190522,0.270504540994556,0.127546901247586,0.160793646015398,0.21624453756729,0.22239529416361,0.226934694860511,0.107882178798173,0.100988550460874,0.195588324682552,0.292589663515456,0.114152016859293,0.170589237870339,0.206929471673678,0.160199780104484,0.178908408566303,0.145782260333859,0.104614065329284,0.229620345615072,0.190394865944778,0.143605601627303,0.248911142897622,0.253318697637599,0.203854433139529,0.207548089261496,0.200976963647061,0.187612606033047,0.198650427177368,0.14206853164704,0.133692316390777,0.173579828561068,0.174909612723854,0.243340966148707,0.232214353265977,0.276505843449319,0.236135475510522,0.276059808054905,0.132602588533676,0.242692864818604,0.16232760074346,0.160593812520834,0.198325801664286,0.180679439239718,0.191160781817248,0.304381770536045,0.170836474068222,0.296185961109732,0.126119996435239,0.196129404667881,0.182938824026548,0.333985122500275,0.249884125194623,0.260445810994367,0.122906248904653,0.166811268354883,0.226457594266395,0.177086207775644,0.219852902703113,0.196097576820968,0.222318754326754,0.119558747769445,0.0869652344130702,0.260713392066437,0.261570019261065,0.136527326166779,0.16764069835523,0.265539061704163
