"","acreana","acrocephala","acuminata","alata","alba","aria","auristellae","bourgonii","brachyrhachis.aff","brachystachys","brachystachys.aff","brevialata","brevipes","capitata12","capitata33","capitata35","cayennensis","chartacea","cinnamomea","cocleensis","cordatoalata","coruscans","cylindrica","edulis","fastuosa","flagelliformis","fosteriana","glomeriflora","goldmanii","gracilifolia","grandiflora","heterophylla","huberi","ingoides","jenmanii","kursarii","LA17","LA41","LA48","lateriflora","laurina","leiocalycina","leiocalycina.aff","lomatophylla","longiflora","longipedunculata","loubryana","M18","M25","M27b","M30","M71","marginata","melinonis","microcoma","multinervis","nobilis","nouragensis","obidensis","oerstediana","paraensis","pezizifera","pezizifera.aff","pitmanii","poeppigiana","punctata","retinocarpa","rubiginosa","ruiziana","sapindoides","sertulifera","setosa","spectabilis","splendens","stipularis","striata","suaveolens","subcapitata","T18","T21","T29","T50","T51","T82","T85","tenuistipula","thibaudiana","tomentosa","ulei","umbellifera","umbellifera.aff","umbratica","velutina","venusta","vera","virgultosa","vismiifolia","Zygia mediana"
"acreana",1,0.216096290596042,0.0683200836722687,0.225969414002101,0.30755155266935,0.205143538266451,0.23834426313087,0.14787412087304,0.206186501920191,0.16136750528534,0.2135449415945,0.144021793275168,0.29443637061941,0.217061099487607,0.267136001061162,0.165179253341169,0.16626245518042,0.230148306679267,0.192090831897124,0.0998301134873554,0.215479307870869,0.139090501476759,0.193615451906332,0.171908798372401,0.196661773156019,0.145135386169458,0.143160489858673,0.151869520562806,0.165770669212442,0.150351918193537,0.264789434923713,0.140167967636435,0.267570952183859,0.223390999992061,0.146493556100224,0.171623612994695,0.202867559539732,0.196532933542727,0.123607076454402,0.158025358518972,0.246974092656393,0.158054479069485,0.158194603262287,0.252483541706915,0.235744260121828,0.21993515532504,0.155844657371077,0.139621001270259,0.15675096834351,0.223604360481877,0.161047282402457,0.170316084491033,0.215929388803617,0.205255724796151,0.416458783498144,0.172489493201458,0.229119836098888,0.169263681523618,0.16207079491156,0.146548228278046,0.211897915014119,0.27359890169989,0.140756428043952,0.185276778805282,0.170167210297268,0.242910454984964,0.149709382892439,0.206903925912641,0.22024565630424,0.192822871520466,0.174201876114008,0.15169234484141,0.181899192348405,0.142090239833007,0.211954551492125,0.405066980814703,0.184415627958921,0.116907620697121,0.242014059990816,0.19635975148514,0.163194448625912,0.202988564265846,0.194714037791978,0.168840242561763,0.148057015033314,0.15364664851353,0.222969931143845,0.23572806602633,0.186825338954516,0.204209335507225,0.115422481427405,0.169274258382201,0.269452412023278,0.236231121943123,0.186921525088655,0.0974105714563521,0.188623852494456,0.154614912694602
"acrocephala",0.216096290596042,1,0.102701809542552,0.278360162796698,0.227469917129733,0.176577685810221,0.241780601729876,0.162631672603219,0.257428395917672,0.141057446631414,0.168604588717587,0.139544857947888,0.16296275629317,0.22526165361021,0.217055758321183,0.2185628282239,0.158430412680346,0.221204509187619,0.191213208457581,0.142456510710412,0.228050524133753,0.204785467167174,0.191128137009274,0.191563944307466,0.255791728702438,0.1886213741366,0.16220820658278,0.18651690197438,0.201915657057809,0.10764697499553,0.240887998317055,0.127586559925269,0.217740864830805,0.199839515124388,0.212475426924714,0.197286502696525,0.191234245416146,0.204374121892176,0.132521877273397,0.168604583479431,0.174533846957606,0.173263981240229,0.161306858524777,0.242735420748602,0.232227912243767,0.168395281308639,0.127247889485226,0.183909933664999,0.188424489978284,0.203987947428662,0.156500742933584,0.177533172591481,0.218302031280655,0.198409068670932,0.183006889532508,0.145431963149127,0.209398006445292,0.167410704109756,0.151833046346769,0.184277116963798,0.170131852292047,0.219988322547248,0.191584673936245,0.182455940416794,0.223089004826133,0.221554841630039,0.156493606172052,0.232033513792842,0.195772830114253,0.192076479230934,0.152743032590525,0.175802409768739,0.203148079707517,0.150995096955141,0.199979814040596,0.21484967108118,0.182631228536974,0.160276466502084,0.178489020913463,0.218226715620105,0.194711229524251,0.253538578276971,0.174530085346824,0.172337032329571,0.17264424331475,0.150695208834469,0.219861351118916,0.266496509115372,0.152470502958335,0.233141544111698,0.102226722870781,0.174018509574743,0.14730076730318,0.253846613758566,0.130756750815597,0.112707350714127,0.188128194239318,0.224683246096833
"acuminata",0.0683200836722687,0.102701809542552,1,0.0838586939082843,0.0795655606557802,0.0636068473772932,0.0851720587768385,0.0943167909811901,0.100718628122781,0.0541968702288553,0.0592213791096287,0.0664552139305727,0.0578909518908413,0.0913416557211054,0.0606790396482375,0.073638194160551,0.0708453791860428,0.0857230899843,0.0682349569555274,0.0755318493083918,0.0990252619296305,0.0793650776268474,0.0834817459379151,0.0895829269438494,0.0636748111721775,0.082176210458014,0.0726964356361519,0.0771939133531703,0.0741205738469781,0.0520356214820905,0.0803288085520175,0.116944172281241,0.083640891789014,0.0743038521785342,0.0696539911431935,0.0769166435481783,0.0786055170742358,0.0868725483623235,0.0600392377111004,0.0932500119183508,0.0663588339787347,0.0647991189734428,0.0883605793985029,0.0747398421309795,0.0708079051817724,0.0701909491071508,0.0483941390817472,0.0845516218839526,0.0751046168590691,0.067087074702591,0.109311130661243,0.076946282323611,0.0838298527721189,0.0764661063327984,0.0561714492063205,0.0684293195797391,0.0924977921644701,0.0804905631398517,0.0621454745693268,0.0897463009133915,0.0697486284561535,0.0723794477819041,0.066352563835446,0.0784018492103476,0.0831000321936699,0.164245245561114,0.085504859108309,0.0999496463218671,0.0787015620265678,0.0890130986285334,0.0576067752484594,0.0761065951595762,0.126494085052965,0.0639812152292831,0.0772099903192571,0.0757507112780919,0.0713008240653602,0.0536528287110134,0.0670299107202283,0.0957939135251676,0.084648945113718,0.0937741554323854,0.0706684077787987,0.0779796474166911,0.0578812971569963,0.0951841427002032,0.1061315829693,0.0709461388221097,0.0529075018158101,0.0724938758358817,0.0634784750414595,0.0579412348816832,0.0382806263282336,0.0785384682360219,0.0572013565040019,0.0526332511969869,0.0890471941796056,0.0847478264684709
"alata",0.225969414002101,0.278360162796698,0.0838586939082843,1,0.217556269158161,0.176364090017749,0.294089800232867,0.201189131014388,0.279537583019089,0.172206456573771,0.205193783469022,0.144682455935148,0.164827450897071,0.295131481876772,0.249128728773481,0.292640362315564,0.222187829637975,0.323958731902382,0.221235884555107,0.179756989776826,0.246006599291209,0.226974243787311,0.239540290858614,0.201099531726277,0.305759686394092,0.185051161554273,0.212795211498514,0.216397727042812,0.247654299222707,0.0974125110721674,0.290189884325063,0.161535743856513,0.263187585523332,0.308802329852139,0.177291451561424,0.22201054364431,0.237729317280127,0.271049934255326,0.171667853163442,0.216826861454426,0.187159209238982,0.197126739152114,0.197271615698374,0.299713817658773,0.234527941256855,0.211851182627166,0.161659777609752,0.241085261894457,0.205208428185418,0.23937484000912,0.210977372044182,0.263518898362414,0.275961973855686,0.221933925549538,0.173323280074146,0.143980979114076,0.259581883300544,0.227514238830461,0.157114357020959,0.253167807176063,0.292716780068152,0.291064158064023,0.237616052723489,0.295330953554953,0.250895726691357,0.299450518225421,0.165687727244457,0.332951455079123,0.26036297972348,0.239614946972848,0.215135659004764,0.260996991019387,0.204028440624609,0.181682082344619,0.239806212492208,0.214474513450721,0.179197911346347,0.160031376137716,0.175410895359917,0.269273610195638,0.249699887857806,0.242927637273262,0.246174293036849,0.214834925144249,0.214132466450556,0.17907840986645,0.315181431581545,0.259189329020724,0.226335171598327,0.27217132469688,0.122594590081099,0.239043145973628,0.139829386432975,0.32957832637785,0.167602015417021,0.152524727647993,0.222643255086093,0.239853821217024
"alba",0.30755155266935,0.227469917129733,0.0795655606557802,0.217556269158161,1,0.179705336416812,0.236764771678634,0.185139380115045,0.199374074990857,0.311516156235841,0.316006291411462,0.242440031627754,0.417291999434006,0.209311549860205,0.277063555300553,0.190765035256497,0.174997238466451,0.224493119452116,0.21236681319394,0.109750559004376,0.205905499221449,0.16672065860656,0.196152117436157,0.178585478804239,0.173133301849985,0.262375361673497,0.164377618235157,0.155595707080779,0.177553657027345,0.134639408703532,0.224979893460504,0.263126217766529,0.307926399263988,0.227495594171487,0.266936616714327,0.163746096640581,0.174460663175072,0.188245074623394,0.135555628111339,0.160343957456348,0.275185521153901,0.148530039312894,0.17090224166679,0.260392826684784,0.29447093821553,0.200350344887469,0.303173078776918,0.175159667084455,0.293604305864942,0.322251077809364,0.163868333090102,0.189227670316932,0.214615238177302,0.2101594275223,0.252914211881519,0.145014165084369,0.225590950324512,0.175487209801699,0.229802456476084,0.167162717981313,0.201834981849215,0.257622755210005,0.173505120649225,0.185691147608647,0.175186943902952,0.2665787089537,0.161822590057834,0.24334715524092,0.18895430143048,0.23724474233121,0.295975470433763,0.158441176938505,0.1850494023511,0.149519465296952,0.223988767044765,0.266447875489528,0.174948771338941,0.145261266254495,0.265986156098149,0.224901411407337,0.163705277661585,0.266978808431082,0.199121021245782,0.18216157617151,0.159141784929048,0.146763628551729,0.225928769124661,0.219679576825442,0.182300374820638,0.306666859412639,0.205448037685107,0.272683969168977,0.312315313792938,0.225760191513714,0.182125164379898,0.2191966582268,0.182370043664652,0.138996886800227
"aria",0.205143538266451,0.176577685810221,0.0636068473772932,0.176364090017749,0.179705336416812,1,0.173166787630463,0.133780490773975,0.138076522597596,0.114775066316118,0.161143632573735,0.119010872856554,0.158043286771327,0.144915796037409,0.166828997770613,0.12543304320146,0.13576170020286,0.144605709905639,0.12099994365176,0.072306498832859,0.149896062640941,0.124937979146157,0.119928299467962,0.142007284533149,0.11173660691702,0.176018469565973,0.113017829072208,0.133237613107673,0.118108206601559,0.109588353480141,0.139620255067666,0.139614999516524,0.205844570480524,0.147077927501521,0.113891721774108,0.112333770115996,0.187886671756579,0.164613368804761,0.109845291242116,0.128548209962913,0.126159136808912,0.0982923751817499,0.12813802360681,0.147966539292976,0.163975293977358,0.18835045520053,0.114588912429191,0.129653405445238,0.138123123466048,0.123978581477504,0.108097220157286,0.122973562296039,0.163368111596071,0.122195345012354,0.150177079767353,0.100266638058108,0.163577920171485,0.121169451229013,0.101021900788816,0.133281731073626,0.121571401646854,0.153531709202258,0.108892249471039,0.140145414193394,0.134043424219616,0.134036352471546,0.119592404728393,0.167341186997793,0.161908777702458,0.148077259261721,0.119506769684393,0.126411233911857,0.128121983765268,0.115978274576165,0.175614547296624,0.186310086572887,0.117639958447812,0.124099468854462,0.235480758233049,0.159497500444552,0.112895185836834,0.176620541603664,0.137491668301353,0.10408733958666,0.101179342503924,0.126013987982725,0.156839898415806,0.153848736464812,0.108484085600063,0.149177814515336,0.0965039574626522,0.113527651121512,0.142370610090373,0.135954385057437,0.165667600330143,0.142981957628601,0.143815022853713,0.104849748304111
"auristellae",0.23834426313087,0.241780601729876,0.0851720587768385,0.294089800232867,0.236764771678634,0.173166787630463,1,0.203911087479203,0.279880470692981,0.175293602442186,0.207078683872981,0.143354412155815,0.18950890075757,0.328742904402085,0.257243413952141,0.263230029060037,0.236158676424402,0.349507300710235,0.279011452839417,0.140066777029399,0.259311173099435,0.206331157456736,0.345573188939138,0.155643919149034,0.261048550137674,0.18481091849793,0.279942004675241,0.183032781749676,0.223255543846654,0.0964212219673645,0.276444350034824,0.151877392116439,0.225140175944296,0.300787469434711,0.192618901167624,0.256094156560317,0.220309208835165,0.293352969422782,0.17645957896376,0.193339886487697,0.204541902854084,0.185742511847334,0.183297428742932,0.331728333996625,0.214115086107512,0.201497688642704,0.172347122337498,0.201632362969232,0.240564741292959,0.307119096199065,0.210529128897418,0.220415888200572,0.289481787563956,0.307817016727492,0.215592870417203,0.149152503067029,0.251707387545166,0.234434764182566,0.145754355835426,0.193106020574514,0.271050394355267,0.373176683349475,0.215142475022207,0.275885421237424,0.246727845483393,0.375207684417914,0.179655861351726,0.311407387747544,0.268312308700912,0.232042100232795,0.22928792442526,0.231137910421199,0.205278803333414,0.191869150090594,0.243671804638339,0.283876710842017,0.182437784287576,0.15269882730803,0.174418123713122,0.327988058920448,0.220068345213497,0.293765568272406,0.311683218266768,0.24574182763494,0.196218729698723,0.279112740544463,0.342082076086523,0.240312336612313,0.29665724153882,0.337823734927875,0.121288525335146,0.268576875448405,0.186873410531158,0.304890025374517,0.187207218696952,0.11592863308614,0.236906426453585,0.182034640341756
"bourgonii",0.14787412087304,0.162631672603219,0.0943167909811901,0.201189131014388,0.185139380115045,0.133780490773975,0.203911087479203,1,0.174814525223893,0.128633645606588,0.173317796479843,0.117406395250214,0.105195371774802,0.206136971762439,0.175574102410898,0.171709756837137,0.191017762425673,0.194646419585042,0.175115582448938,0.110622800234333,0.178549548919527,0.156271348612432,0.154817769184528,0.197187983538105,0.153148322319044,0.152626274066005,0.138335835538531,0.191253977274349,0.150265617129008,0.0928320458157462,0.17891257388682,0.13351493723637,0.161969976881582,0.146989571971937,0.15399228599833,0.141592436366334,0.185505164301913,0.154653212806565,0.186122491911756,0.153171203000178,0.176515513919423,0.129071476947035,0.191693085970729,0.184327675313694,0.178742699676247,0.154518015959425,0.140489477096281,0.233915477863371,0.149378970870813,0.173614404738618,0.155070403103837,0.165269680699732,0.256018758872101,0.173638128913864,0.113196179983441,0.130229252581305,0.253634708074131,0.168724975045338,0.137674710641876,0.182934267977842,0.153501962730357,0.186439792296109,0.135490027716067,0.16781676209148,0.179843343936742,0.193289872328958,0.179712711683318,0.207885032212533,0.150994212183893,0.167892750888681,0.176180045007823,0.191922183062888,0.160124987419609,0.202748648148832,0.194944070494175,0.175968954217808,0.128080249126145,0.125093995478731,0.181968201251187,0.225728054196642,0.158275208850045,0.184890470774077,0.136553468808839,0.140013977188399,0.140477300323844,0.143931895869167,0.210019849789163,0.165300454196824,0.140519304622731,0.193929263176421,0.143472903752782,0.123854174881984,0.114281524842243,0.195827639414308,0.207824077212073,0.093266059696082,0.176627503149415,0.155597298644346
"brachyrhachis.aff",0.206186501920191,0.257428395917672,0.100718628122781,0.279537583019089,0.199374074990857,0.138076522597596,0.279880470692981,0.174814525223893,1,0.177355836830099,0.157007481628431,0.115676173053092,0.130958207072946,0.264467241434885,0.239799702069965,0.255255345544797,0.236459006863251,0.272937727377882,0.200880539856667,0.159278019063509,0.277270373583018,0.199714437444443,0.227833364864322,0.171063359004165,0.230017740363599,0.161574797226404,0.20993544237636,0.163544719278408,0.217311191267202,0.0890775583616942,0.228846640567634,0.139830233171393,0.208694749243607,0.251187274659191,0.229931488082692,0.258288058335897,0.197632632812656,0.231667061803314,0.160031594853226,0.191106386383632,0.202309906563978,0.178440971181604,0.175558138702858,0.274396534570083,0.216896482152789,0.173837726859535,0.140447605408439,0.210028083072601,0.220829917040128,0.246141641520794,0.190025165144834,0.226853377218008,0.229332747652989,0.212456722409581,0.194870997666144,0.145662018151586,0.196434772708126,0.190524281009295,0.14662901080156,0.251133788297792,0.274250146176347,0.258890504583319,0.263109835669406,0.2516132638418,0.230628492949451,0.258281085202395,0.169134382828869,0.287027773531114,0.252436062049985,0.204012969717471,0.163283982877604,0.204643849535565,0.201024158176843,0.165728463397575,0.219843200979081,0.18902025136385,0.158404046048118,0.166342357296619,0.161488421932611,0.238306312493237,0.269224127646316,0.249421062262618,0.217567100582624,0.217862356090915,0.220483711475321,0.197429125392091,0.264264584050171,0.184288195846923,0.208275835444523,0.260090123765634,0.126885845724306,0.205033529756853,0.117303883891731,0.228940411380425,0.154097271409236,0.109625827942086,0.193862894187655,0.190367890002597
"brachystachys",0.16136750528534,0.141057446631414,0.0541968702288553,0.172206456573771,0.311516156235841,0.114775066316118,0.175293602442186,0.128633645606588,0.177355836830099,1,0.35004032073848,0.267667283040668,0.197241045602066,0.145428429041558,0.167134860609977,0.170825273802216,0.171405825044668,0.183495297504819,0.144088969516668,0.0946587525727337,0.16237266123775,0.125543399152123,0.160902110548148,0.133680031552965,0.149938768828053,0.277554254187716,0.115301510206567,0.116800834021894,0.132600703747253,0.0741318369170523,0.145838811288832,0.397172492864602,0.160842713642856,0.160182272140001,0.315679939514302,0.155266432434191,0.145354375727801,0.151358346698436,0.136043102497633,0.143250252766606,0.335148111680772,0.107013995831532,0.1273332384604,0.154830650534623,0.108797821893313,0.164191416033391,0.367420145372489,0.125105971716097,0.281895244240512,0.284122532288456,0.130065945239579,0.143873739449177,0.157826205885661,0.174492053561421,0.139370131781987,0.107864235342932,0.143480177215317,0.128671902113087,0.228333612538967,0.144693745998202,0.13348224837764,0.151946627655252,0.146387480455468,0.148604789051069,0.12837170192889,0.168009734268249,0.142732640400126,0.171738417786328,0.156327945837066,0.141198387932008,0.330418921438313,0.154655593481307,0.138513583132415,0.129518517920105,0.153847165661113,0.129307875648992,0.112910100739529,0.127513390058407,0.140279285750637,0.157486677161247,0.146854877071349,0.192115686413109,0.195801843090598,0.125174456916523,0.151466522862513,0.120701625467911,0.170340383536942,0.134613184342989,0.137532306191593,0.273124099357184,0.128537406136807,0.296289548102228,0.100581773796117,0.16580862470469,0.143330834781926,0.334234148367254,0.138195356567277,0.113040800440146
"brachystachys.aff",0.2135449415945,0.168604588717587,0.0592213791096287,0.205193783469022,0.316006291411462,0.161143632573735,0.207078683872981,0.173317796479843,0.157007481628431,0.35004032073848,1,0.246490566398794,0.295749137954449,0.171315358410531,0.291956074155251,0.142593029894368,0.144710885631868,0.206768321739074,0.338251824412294,0.123169072663769,0.211902769372308,0.136603941425924,0.185384097340369,0.143095179319305,0.160206626504678,0.330252349633548,0.251900820047707,0.134585628319351,0.145393978382797,0.0915959167011452,0.31751114952335,0.353869496667016,0.185291363257411,0.181698933847327,0.316270488139169,0.140980450477809,0.166790507357078,0.183292997453101,0.119017436706095,0.155073076916114,0.352656505530453,0.111096496590877,0.140116932034895,0.268445918273063,0.178791448331563,0.208196244468894,0.359803815650053,0.152378472274236,0.315487614011479,0.382655988454079,0.163780993145479,0.216266315185284,0.24669111285744,0.193467878993741,0.185000879021797,0.106120849196331,0.276727114842092,0.124877596584392,0.221822615246767,0.123627668902419,0.222512021971767,0.253329424810712,0.143673670894276,0.21773556299857,0.137194541179345,0.212704394182205,0.144592337819764,0.188102219916769,0.15533235602357,0.187010585555834,0.328683539290475,0.175687963316863,0.134074068173095,0.119948906560502,0.181227423703224,0.240601922400961,0.147874248235692,0.13121353153669,0.178419885778129,0.206263869713696,0.193501148903105,0.191321091626208,0.184339217215546,0.118366286150143,0.144834107144852,0.117344006867838,0.23009521069671,0.349069755974567,0.21691142636092,0.33674992735124,0.117020741154043,0.333320173350007,0.244997930622755,0.22638457750721,0.149432264444499,0.307898956573974,0.142077972490811,0.103985472359932
"brevialata",0.144021793275168,0.139544857947888,0.0664552139305727,0.144682455935148,0.242440031627754,0.119010872856554,0.143354412155815,0.117406395250214,0.115676173053092,0.267667283040668,0.246490566398794,1,0.21062237357126,0.126148736001397,0.127549160719385,0.148188086081846,0.11002306262497,0.126840167698749,0.100517095919203,0.0945561589355835,0.130664092763911,0.140372536609268,0.1048524034733,0.16096779057801,0.11369199286434,0.271025148434062,0.0895861582365522,0.110792892171388,0.137298634901386,0.0605843173303972,0.130826235681151,0.296337289581343,0.116752072197666,0.13204950983421,0.270147360068973,0.0955012828949144,0.094001213836837,0.110998878030851,0.137840166163546,0.0913751571299563,0.259440561239223,0.120552403980904,0.10226974325458,0.111187178046975,0.0787242323887074,0.129933029681227,0.246376117717993,0.105065625119036,0.259977653594961,0.258232104421226,0.10184049118909,0.106908000902886,0.127584951398466,0.101274759360403,0.0889485323974489,0.0982999150260097,0.124813955299605,0.115917493383437,0.239702017895317,0.115065535712087,0.114177032775592,0.118859410759424,0.107457421887238,0.123504018399569,0.130107569341016,0.114552343600078,0.0886338066670329,0.147816705481009,0.109437563704656,0.154596326425177,0.270127812582048,0.098358992937541,0.154200033957502,0.110214728368279,0.140010557631402,0.10482093379208,0.0974865979192989,0.112699035856665,0.108555562132712,0.124632881245348,0.116486516520403,0.17022111531346,0.111119513413341,0.0873585529831361,0.0813024233124026,0.0856958643196764,0.144779699484201,0.100412491119927,0.105447969994433,0.241208995196355,0.08040860282523,0.25628897620975,0.0742161836673811,0.121188362683534,0.120132775395931,0.243451158043911,0.14354422719919,0.134827412452947
"brevipes",0.29443637061941,0.16296275629317,0.0578909518908413,0.164827450897071,0.417291999434006,0.158043286771327,0.18950890075757,0.105195371774802,0.130958207072946,0.197241045602066,0.295749137954449,0.21062237357126,1,0.165954955699522,0.236362963004057,0.137890013257442,0.122034268986003,0.161216788450815,0.171713264915681,0.0748934584574298,0.139224123589103,0.100296663797,0.140793651627462,0.119206370749096,0.151162824355932,0.218635118120183,0.135848869045858,0.128658625112187,0.158408206021866,0.13036927530103,0.198415108429967,0.194303050000029,0.276094764240311,0.19229558657421,0.186285564177937,0.105465831077247,0.155385761998085,0.151265378910817,0.0970851798969335,0.122379366994014,0.195847901804969,0.141104025751371,0.146730602520106,0.257522492956403,0.318316867123177,0.157520896340943,0.257234927756234,0.110340640108404,0.263006385474437,0.285498877641095,0.114087011632668,0.139092797855953,0.160905431871776,0.167400460288866,0.279327083232194,0.0911809620129657,0.201250816199803,0.129427176570323,0.184918809056176,0.104197345507047,0.226315606602829,0.310781073857777,0.104659609125594,0.144797909814976,0.116696500406918,0.236157480515369,0.115973176463632,0.162926268701373,0.150834647997279,0.144340841467276,0.243028127528163,0.121466678693918,0.131150085768512,0.0978468736155447,0.168282434465432,0.226388920501185,0.142671134442958,0.106568882735951,0.326941714549703,0.151538077372631,0.132177709435637,0.19836118343455,0.180945423931678,0.120720330915075,0.0975631581376171,0.103970494451399,0.159484492049897,0.317001937499951,0.163047476524538,0.251040785530211,0.101310849614809,0.234978932697184,0.496428201543692,0.194415541849186,0.109743148849311,0.233022747089468,0.12269839449354,0.077931445114559
"capitata12",0.217061099487607,0.22526165361021,0.0913416557211054,0.295131481876772,0.209311549860205,0.144915796037409,0.328742904402085,0.206136971762439,0.264467241434885,0.145428429041558,0.171315358410531,0.126148736001397,0.165954955699522,1,0.248864432027652,0.246022593628346,0.204672719140327,0.326858962566124,0.235646451212715,0.129413241058478,0.257858687058274,0.187532372009445,0.246196777097404,0.184620048881327,0.27327153535783,0.136011989885291,0.229901172295897,0.165776528229064,0.236964279196694,0.0936063214857878,0.250126868875224,0.133606051517725,0.197692286925569,0.293409155484482,0.176031149417281,0.236214426407414,0.204675156992725,0.271871338827032,0.163121678310289,0.182685181167618,0.205127689411928,0.192418991048526,0.202137374544651,0.321465912366299,0.170562380672485,0.201712628995865,0.146504479500127,0.206277033439831,0.194244943216606,0.282835896815949,0.172100173058607,0.211798167882042,0.271570058851116,0.251957149025794,0.182334864588089,0.142157921784851,0.262793712164395,0.260450663107146,0.149110746135317,0.229505245679121,0.269340090012866,0.297425069620637,0.260973535214427,0.309775713518393,0.257110331967627,0.310843787905059,0.155930575092071,0.311202791994911,0.257213323749141,0.19801841256604,0.215495641916817,0.217260152205906,0.216209341377122,0.154904876509046,0.225548941503078,0.201604613931817,0.186789442715175,0.131605957466329,0.152205308463752,0.299853925954499,0.252681331448492,0.212495162627467,0.248847891664956,0.296802150211733,0.178794705462211,0.203727685891536,0.332303049231361,0.267118240977423,0.264970298713424,0.244993813087414,0.108905395337724,0.230182560464558,0.147750173515898,0.303706229843803,0.149771421610089,0.100411519444,0.190547773769002,0.223164951322957
"capitata33",0.267136001061162,0.217055758321183,0.0606790396482375,0.249128728773481,0.277063555300553,0.166828997770613,0.257243413952141,0.175574102410898,0.239799702069965,0.167134860609977,0.291956074155251,0.127549160719385,0.236362963004057,0.248864432027652,1,0.192831262590463,0.173916289918433,0.228584692972242,0.28662814586233,0.113173609058961,0.194692148755429,0.146331378636713,0.204635479378953,0.18042879067483,0.202556659815293,0.136249140048671,0.224844078258041,0.162018877284976,0.20566773231903,0.268930926192462,0.286527172465411,0.129015595258179,0.258884843258709,0.247479343902302,0.186432732244729,0.186902555535582,0.178700134723484,0.23184269971822,0.148427050959897,0.170310607070183,0.162203378375011,0.151216878384623,0.182028123272902,0.321981921978305,0.233438671553362,0.235187125861147,0.167490038096913,0.182585104762667,0.197596638171878,0.319508114637567,0.159515614721236,0.207903997612116,0.26876420579239,0.294413928909704,0.27197371640287,0.139662794399562,0.282445462068855,0.168228095625544,0.127211991228376,0.166516569299494,0.260579028607201,0.308574183625723,0.248798834078825,0.233005787194549,0.181460222718017,0.257550326266542,0.158933913997768,0.240182145188301,0.192793579779765,0.204662741563891,0.190813509377686,0.179905888386535,0.186329568611506,0.137845802686675,0.203511700825803,0.269707383436622,0.155001301122583,0.171811908665818,0.214916717961035,0.235516666924813,0.176844912118128,0.246354789220312,0.216872218478103,0.175577817178229,0.159839791437028,0.151252276249277,0.253739417405903,0.275133754713331,0.267169239425146,0.292163768401268,0.179668792708533,0.190716058754846,0.221274780712512,0.258707783461789,0.178286686553221,0.0997986526564046,0.165489379577592,0.141433151137334
"capitata35",0.165179253341169,0.2185628282239,0.073638194160551,0.292640362315564,0.190765035256497,0.12543304320146,0.263230029060037,0.171709756837137,0.255255345544797,0.170825273802216,0.142593029894368,0.148188086081846,0.137890013257442,0.246022593628346,0.192831262590463,1,0.246756129738967,0.246883043206489,0.211453657497729,0.169496373017956,0.210166036153438,0.209817486371108,0.234980204593378,0.151480466656834,0.262939341646122,0.178549962439039,0.216946262742991,0.170867359082503,0.221435284338988,0.0895671662615622,0.231939010156419,0.18261902683313,0.187483516148164,0.309650706169214,0.180776527990642,0.270582773909816,0.185376250200116,0.266236364568126,0.16056714741898,0.2078838049548,0.180093815575044,0.186964100966089,0.183037848339463,0.238362975881037,0.174867846608492,0.191356122305235,0.137416115056534,0.263869268803587,0.25270315811365,0.207442432298315,0.212784829689162,0.216660686492909,0.204879407555379,0.220764193610707,0.19207872938418,0.137812517112526,0.217214020971111,0.221664529524845,0.163320192786962,0.228724465124274,0.241375366886535,0.224574476419856,0.242488385095763,0.255983230047677,0.260586064214623,0.241207107733613,0.1804173634463,0.320445850516323,0.224255420153716,0.167415713986557,0.187321470136551,0.26002269458888,0.201689564530526,0.180981374228155,0.254204419519598,0.155512736543583,0.168401787469902,0.168740342206232,0.130545596131081,0.259701531319045,0.256907677841128,0.210221183172747,0.20818334610158,0.273002055491748,0.210754769576426,0.182570315908731,0.242864386951762,0.182867649775307,0.22562056949235,0.216595695331564,0.128633593101763,0.247090617028354,0.106935425035449,0.231475388262211,0.182013083727605,0.130123453246663,0.236513493752948,0.185262484783069
"cayennensis",0.16626245518042,0.158430412680346,0.0708453791860428,0.222187829637975,0.174997238466451,0.13576170020286,0.236158676424402,0.191017762425673,0.236459006863251,0.171405825044668,0.144710885631868,0.11002306262497,0.122034268986003,0.204672719140327,0.173916289918433,0.246756129738967,1,0.238185615351485,0.172948020697867,0.116738158139794,0.195946943930675,0.165866799088976,0.21199824442779,0.124794117730654,0.196316130840994,0.122883059660529,0.237480185636589,0.17141667376819,0.214130297843251,0.0677045084863164,0.209258412232724,0.129193545374447,0.166476878692081,0.227564014357943,0.177735191800076,0.258981271959109,0.208025175694141,0.250102572476032,0.186821181487825,0.179187947790988,0.152421065907729,0.171666888103961,0.173002594671429,0.223092293057815,0.171064800828747,0.189352716500125,0.105888652948308,0.203784762302083,0.228821752737496,0.230268659063043,0.159902761108216,0.202553455787604,0.194128231410778,0.206930077276776,0.13860934229468,0.129615511104776,0.200846582754937,0.227567982113345,0.136295577076364,0.245220091492828,0.233659204283171,0.220930307816371,0.228264475877372,0.246641625924413,0.189146457180393,0.203903083899473,0.168667991485168,0.254955440044957,0.230558617927459,0.16033865893905,0.201376477832488,0.192116686634163,0.183506849051646,0.215985853117928,0.224510662530559,0.15243773640253,0.160649909301632,0.132514542189121,0.163794704729593,0.276334299778844,0.245508605780037,0.220991647934235,0.188860707078784,0.235401823325931,0.208302169663912,0.173066024506861,0.224308670858182,0.183209173371949,0.190018438973912,0.221944172507478,0.118362634145175,0.208293882679062,0.0915848193881814,0.194202359552068,0.141753160926441,0.0857724985369898,0.185726554610432,0.165810103357359
"chartacea",0.230148306679267,0.221204509187619,0.0857230899843,0.323958731902382,0.224493119452116,0.144605709905639,0.349507300710235,0.194646419585042,0.272937727377882,0.183495297504819,0.206768321739074,0.126840167698749,0.161216788450815,0.326858962566124,0.228584692972242,0.246883043206489,0.238185615351485,1,0.232714613221763,0.16846198984772,0.245143443063518,0.193664294787956,0.373152376515542,0.164919372030071,0.28646916230862,0.162827136251077,0.236521303245795,0.172558718701119,0.234225535923759,0.0945181849957336,0.285820181217331,0.156928357284397,0.217335466382612,0.294297091403765,0.16930297576177,0.267467294117371,0.247290436472191,0.311269298964554,0.188073656749373,0.195232210582967,0.178358117092191,0.198534220091365,0.184476445097688,0.383570348775767,0.177248000891898,0.210922527311985,0.148237046507781,0.217251367711013,0.219839982007833,0.314122802944668,0.209826094668556,0.241732312529406,0.29823702339662,0.30976437415463,0.224701395179375,0.139246080226953,0.263818449682105,0.213327694606893,0.149247622869572,0.21870089644994,0.284377607912928,0.35762901150997,0.240734459537269,0.255609627621281,0.234253834368724,0.385034933448756,0.168743192213929,0.311142755478172,0.285565510978527,0.223257042460667,0.209914442593551,0.230080665093309,0.215974658860078,0.165469428813746,0.220919426027162,0.240361554227677,0.185903843292475,0.160224270919388,0.156646278038834,0.263240798448173,0.226671860298302,0.227006423059529,0.277321546667625,0.241006730176948,0.212912316781481,0.217711138094506,0.305241914337301,0.238572045457988,0.346591705784553,0.381039379911108,0.137772425454276,0.247046213954061,0.176157585232217,0.289587732324998,0.171740867577258,0.103767638276774,0.20296569896386,0.171438859041161
"cinnamomea",0.192090831897124,0.191213208457581,0.0682349569555274,0.221235884555107,0.21236681319394,0.12099994365176,0.279011452839417,0.175115582448938,0.200880539856667,0.144088969516668,0.338251824412294,0.100517095919203,0.171713264915681,0.235646451212715,0.28662814586233,0.211453657497729,0.172948020697867,0.232714613221763,1,0.143869827212742,0.216348586979006,0.177095323794267,0.218123856521728,0.132834920031152,0.194579150634457,0.141771961820911,0.320807046507712,0.15185705543076,0.198096791853425,0.100931636214135,0.377661566635706,0.118386212691596,0.195386897503498,0.234226843650615,0.151921097638209,0.179120102045387,0.181486305291161,0.198828434908997,0.160507866083738,0.183705275533676,0.151591076497702,0.166524194964725,0.170849680236423,0.298430688561864,0.185649338419305,0.202257255133989,0.136881960048119,0.181037307239606,0.206672097846091,0.269677946258089,0.207366150483264,0.23908424006104,0.314604497421267,0.263685517314101,0.15837642559566,0.128372622235168,0.33491377088121,0.187084131612155,0.148164274178302,0.156297800149271,0.290557781032197,0.275965366126207,0.197200193986283,0.29655408952767,0.176155859344204,0.2689590828399,0.172111020394108,0.215005689793573,0.178841907850523,0.174610418268022,0.20718699756756,0.20699403395801,0.179323207094278,0.177564141814215,0.21360508051428,0.22403888357786,0.187349944884099,0.156351246153795,0.148775871326573,0.258610239643145,0.185256341980614,0.191895641461939,0.234876184128508,0.184992965532967,0.169447727228097,0.158479113105413,0.270080410746067,0.403478502634732,0.291405055131865,0.237870506532642,0.126429620406232,0.219535495675573,0.198345981419055,0.335835863784282,0.143801437237773,0.0834206732098831,0.183382937994644,0.135806887344513
"cocleensis",0.0998301134873554,0.142456510710412,0.0755318493083918,0.179756989776826,0.109750559004376,0.072306498832859,0.140066777029399,0.110622800234333,0.159278019063509,0.0946587525727337,0.123169072663769,0.0945561589355835,0.0748934584574298,0.129413241058478,0.113173609058961,0.169496373017956,0.116738158139794,0.16846198984772,0.143869827212742,1,0.144654011046257,0.165172019385509,0.12634648402679,0.129865426640852,0.157765564579751,0.113505580510784,0.155814305737965,0.102996759334342,0.140178198708646,0.0429209930790823,0.159108906178152,0.105577331716012,0.123014416491319,0.159785898533933,0.127118404843687,0.14043610291829,0.114087246855417,0.164506087086431,0.110070864011714,0.110619956194127,0.111472812246303,0.12629355523047,0.101180625190615,0.166109276388884,0.103997627831643,0.0925203984819754,0.0829548759124526,0.138404647810104,0.135126489218075,0.140777749119579,0.148577783593847,0.227722505706745,0.142367372733553,0.126680966510066,0.0864306182628026,0.0908634566758234,0.128574911955375,0.118286471829952,0.102150532262718,0.166735984139327,0.164223526492204,0.145124535509915,0.171776263067111,0.147789405256091,0.127627713371919,0.132961561375676,0.112114824170039,0.174965303079601,0.178603471260888,0.108284308199198,0.1116944048144,0.242231216115335,0.139392847641128,0.179739096707883,0.162499849875604,0.125019755071653,0.120287262553288,0.160057491992473,0.0852560027482258,0.196497098316106,0.151922321630121,0.133885310537235,0.108381054774748,0.100578244062121,0.203245992529134,0.0983824508667529,0.137004913542732,0.127286169464261,0.172676035636654,0.130918136142187,0.0897218905739392,0.130371599234587,0.0706811043805277,0.152430232344884,0.104418600120208,0.0778344587041671,0.143265538502357,0.104352953159796
"cordatoalata",0.215479307870869,0.228050524133753,0.0990252619296305,0.246006599291209,0.205905499221449,0.149896062640941,0.259311173099435,0.178549548919527,0.277270373583018,0.16237266123775,0.211902769372308,0.130664092763911,0.139224123589103,0.257858687058274,0.194692148755429,0.210166036153438,0.195946943930675,0.245143443063518,0.216348586979006,0.144654011046257,1,0.209263013985643,0.20633782172322,0.187664172659064,0.216320784858521,0.176983316941431,0.218633951370737,0.141400452118719,0.206995343825308,0.0949211548170122,0.241332597359611,0.120205631307536,0.192133351026102,0.229442394005017,0.196188583123771,0.204390506916999,0.198988872196652,0.22026421921331,0.182697860364671,0.178219976279262,0.219691641416717,0.178559850674734,0.158307231546716,0.242833700067627,0.168663467174238,0.18049186673092,0.1355741824333,0.19103014075717,0.17972623665308,0.209828132699289,0.18047254023345,0.203155233807565,0.215253900904201,0.202908663511664,0.142431374036378,0.138291930070434,0.225299804028294,0.207800335452842,0.128858313936028,0.198915714468775,0.261578603102783,0.250619108035095,0.18889686367775,0.241348690273838,0.21637010270582,0.266220822148585,0.163354511381081,0.300734197694823,0.241704077068537,0.194380343541912,0.163468303183397,0.212380499529099,0.230529962173314,0.168407743146462,0.239457711323407,0.184535479508516,0.200437535269335,0.151098280077054,0.13528485950955,0.263755368718515,0.299733234740332,0.202422601766902,0.217156958574034,0.197077456985158,0.184021049972111,0.191179078882497,0.260193171684453,0.216635046421816,0.213120808274381,0.215114781820059,0.10426550774927,0.197557426072644,0.140662040446884,0.238391119725837,0.129983424969452,0.103135013961598,0.195495007540867,0.211035019482498
"coruscans",0.139090501476759,0.204785467167174,0.0793650776268474,0.226974243787311,0.16672065860656,0.124937979146157,0.206331157456736,0.156271348612432,0.199714437444443,0.125543399152123,0.136603941425924,0.140372536609268,0.100296663797,0.187532372009445,0.146331378636713,0.209817486371108,0.165866799088976,0.193664294787956,0.177095323794267,0.165172019385509,0.209263013985643,1,0.19737307766175,0.17543032388034,0.156396942696505,0.151453533046061,0.165986158447819,0.131830027445845,0.153448378541378,0.0824898908469138,0.179781911286991,0.148833671579071,0.153605159611233,0.233937410729482,0.181947873259652,0.173144578415911,0.167647282291418,0.217614976126808,0.172346272303501,0.198550961609999,0.162567703512989,0.141278712756886,0.159584623908227,0.166356564506898,0.146588372857581,0.168415412711723,0.125471333207065,0.269149825659388,0.198698716909705,0.146699048615807,0.15811301726634,0.230171737233571,0.170735342646254,0.147714226112256,0.10710480930622,0.163992931476061,0.18858255673479,0.168555023753368,0.18510844075068,0.188755920277709,0.186807364020822,0.192115001154738,0.162293037452858,0.201691131469296,0.170559309065533,0.201796341448144,0.164808824440259,0.225298065036212,0.206999431965855,0.184381091762328,0.15035401413488,0.199482687877948,0.157913765651143,0.193174158093317,0.211800104662839,0.149309561371716,0.236148809199396,0.196424239736799,0.137249078661127,0.268336895678996,0.177091731731459,0.210332969358624,0.150781195440313,0.13738927714739,0.130070081084185,0.147648221921931,0.196906095652746,0.167621885724805,0.164405505600653,0.150054398850108,0.0986443133288182,0.175001040364772,0.0910776462590133,0.202725824707419,0.141249520195439,0.111163151255969,0.243507557092998,0.163599194335134
