"","acreana","acrocephala","acuminata","alata","alba","aria","auristellae","bourgonii","brachyrhachis.aff","brachystachys","brachystachys.aff","brevialata","brevipes","capitata12","capitata33","capitata35","cayennensis","chartacea","cinnamomea","cocleensis","cordatoalata","coruscans","cylindrica","edulis","fastuosa","flagelliformis","fosteriana","glomeriflora","goldmanii","gracilifolia","grandiflora","heterophylla","huberi","ingoides","jenmanii","kursarii","LA17","LA41","LA48","lateriflora","laurina","leiocalycina","leiocalycina.aff","lomatophylla","longiflora","longipedunculata","loubryana","M18","M25","M27","M30","M71","marginata","melinonis","microcoma","multinervis","nobilis","nouragensis","obidensis","oerstediana","paraensis","pezizifera","pezizifera.aff","pitmanii","poeppigiana","punctata","retinocarpa","rubiginosa","ruiziana","sapindoides","sertulifera","setosa","spectabilis","splendens","stipularis","striata","suaveolens","subcapitata","T18","T21","T29","T50","T51","T82","T85","tenuistipula","thibaudiana","tomentosa","ulei","umbellifera","umbellifera.aff","umbratica","velutina","venusta","vera","virgultosa","vismiifolia","Zygia.mediana"
"acreana",1,0.181789295235384,0.140870941024812,0.221897086867866,0.309513147797929,0.230873384162577,0.40437099054156,0.151048932130985,0.348132997974694,0.109420491416181,0.227971180875276,0.146533574700797,0.135285860377975,0.165050498314241,0.354149627967815,0.156992312124586,0.185845807710979,0.2165742923852,0.186902755890279,0.145727034430507,0.2060871925769,0.220106899507448,0.19320981746035,0.176064997887938,0.224924265393952,0.131912479841499,0.163126410021648,0.196852299672374,0.233588737042602,0.179186345983866,0.128680991491145,0.177218957155953,0.228382908401968,0.122563109072189,0.147749262188761,0.121622243220068,0.152803739898354,0.134673026876983,0.171939153308061,0.208116335911268,0.173383359277249,0.235182840709985,0.142855998964645,0.190101124261116,0.205927148123938,0.118618419089284,0.0925535866864056,0.221934175031917,0.119711408119045,0.163827133487982,0.17078257810974,0.134927601132252,0.161301389124148,0.128690182190347,0.0987743228966036,0.13116708273921,0.129019561967524,0.181543413325814,0.163439699948189,0.149840164750274,0.186423257663499,0.193056926842479,0.189893803167282,0.213539365640001,0.134393345713582,0.212819384985955,0.158973858272549,0.256071363467612,0.132248351701688,0.20156712517022,0.152037463162789,0.181742839277416,0.187382343030409,0.137743877449658,0.179369254801825,0.20716810430746,0.236604216137542,0.0556408061161858,0.206774028127181,0.261527003062487,0.14795372405691,0.174151968029258,0.142634278942053,0.163434035981758,0.1453197703693,0.154372969987542,0.209137674163523,0.240562157794263,0.122507550610578,0.251631996782627,0.128112360454033,0.222091874456221,0.0876188603630565,0.176383086589687,0.197044448425485,0.111963733598667,0.119729565156303,0.221649296680406
"acrocephala",0.181789295235384,1,0.103239354136506,0.179058035731508,0.123812024084366,0.117554704089542,0.169284036980034,0.173436998968715,0.163657825588121,0.103838702410835,0.104293862746016,0.134457675071991,0.0824526009048016,0.18821941680945,0.159766323147366,0.124834918378183,0.130411766338006,0.328658413860176,0.122033945482839,0.125139340861629,0.133777389384554,0.132874436303902,0.129230067323618,0.130260768730119,0.154030212701694,0.0901098798106142,0.117321067131226,0.158749650993292,0.154992074298106,0.127005818267343,0.120898116958851,0.136065819169376,0.174492215843055,0.133667703553992,0.114661314921423,0.101597249102141,0.143712104405575,0.103916474595557,0.111746102579432,0.141264497974434,0.11807008408133,0.166352157551005,0.125077730577784,0.154426116111861,0.117618440056657,0.127274294334294,0.0799101549727532,0.120205805280984,0.142546656906901,0.155149286520758,0.13053590787407,0.116440759498982,0.133034884528283,0.144168596075424,0.130218420755594,0.125803045900953,0.13758521730162,0.136602905975398,0.126127120419344,0.127806688640577,0.142073139409703,0.161561740868106,0.158942058559066,0.150154903097241,0.155178727443952,0.136812718690852,0.122935609173332,0.145052166348213,0.174288350116191,0.187497105132562,0.108336758820113,0.152358956298003,0.132852481409435,0.112696226673287,0.135272229116257,0.12879718196058,0.14368632613107,0.059147762417622,0.131967442848968,0.144256606112369,0.126949387564438,0.166307381814972,0.129128731454832,0.130664486944991,0.129942228504024,0.0935492177175896,0.130441998672618,0.137888946806739,0.0847548986116691,0.149104941313034,0.109761316380166,0.126038948650016,0.0621117648744415,0.134195926558209,0.108852360723216,0.0945960034918331,0.144288708336696,0.168481476569103
"acuminata",0.140870941024812,0.103239354136506,1,0.14926949148907,0.0682477813575848,0.245001325239169,0.157081985097657,0.116156063296388,0.132474690521908,0.0691721858782771,0.179173187082864,0.196298658795379,0.0738193728493926,0.119360041399102,0.1246634643345,0.25009809449037,0.0954849713240355,0.157144802158046,0.196971525928377,0.210710811948277,0.154554917765857,0.445082949713791,0.228466430563689,0.30567734100323,0.124136677437266,0.0713146857504057,0.20295525173825,0.159784177829182,0.15896196081259,0.168859548215653,0.109084840183959,0.0458953199799436,0.111645163359321,0.145483842523948,0.0622735510483112,0.121749572565571,0.200518810270806,0.198237646630822,0.146695746511329,0.143101017272267,0.149011954289225,0.133951006094908,0.182162433038649,0.173129719785756,0.0856080504326226,0.0864308045054381,0.0588779729369026,0.0684040920072255,0.12913783233531,0.146495989568414,0.169566046175498,0.107484306032519,0.1363990652958,0.11685193233381,0.0931139098627464,0.135164483576854,0.16379681016544,0.129003580845108,0.126237527264351,0.16150210193388,0.161145944976165,0.155958921573527,0.184665078613817,0.131013142736369,0.178977995990729,0.213984931755257,0.0899430352191742,0.370696273307399,0.105103174581457,0.237250612036293,0.0936936370011393,0.127461542925237,0.134179733791144,0.14983134994626,0.172624696536745,0.186999206030379,0.309701331944641,0.104017476084409,0.139465559965866,0.133418856423404,0.138449180152404,0.161016256932622,0.269163241253204,0.18901862103092,0.234036398145245,0.138893098784095,0.162462541665602,0.179129018897834,0.407762803610697,0.163161843692132,0.0530012796700333,0.189049601399655,0.0926395504271106,0.21016339395479,0.12242846316369,0.0671837441992507,0.156463877096286,0.188682110284088
"alata",0.221897086867866,0.179058035731508,0.14926949148907,1,0.165197789815421,0.289627508977451,0.266904002708034,0.183718104255348,0.295533023190855,0.102252586180838,0.167625957889258,0.239653079310117,0.113734147327354,0.243727926143617,0.274951740716,0.311034814369286,0.152483969933476,0.163198601504272,0.215197393082378,0.265146211848667,0.256306734043225,0.227848310805669,0.339061183407258,0.205339608853982,0.24566024969177,0.0839311878631619,0.222171407742527,0.220993300100823,0.286464321350735,0.230222887196296,0.181989689521497,0.0852705476524966,0.228915092419233,0.167080798608943,0.133523101687847,0.183040590551967,0.260197036226079,0.168097177713144,0.234408753961204,0.209925214735557,0.309685841418579,0.250484209184934,0.182141628425176,0.336421845045854,0.164366010752494,0.116905346016448,0.0820351420878825,0.135760699535977,0.154119167216353,0.247633452774265,0.288514190117821,0.171837651930984,0.249363879023315,0.158858751130089,0.133801428139945,0.166561896584514,0.238833060273569,0.187911421814835,0.174886346176245,0.167030636220596,0.207014211609375,0.379991748299726,0.298096286396477,0.214185676021194,0.191406636170551,0.251116030510608,0.168110662263535,0.245222348199831,0.172727823940174,0.326779822758298,0.113413359616432,0.183019911106471,0.191929999934877,0.29154094466406,0.234180670704625,0.284651884371318,0.15380741254834,0.0673076971504395,0.221916793697044,0.214606090971437,0.180320406150302,0.272134800310462,0.18938732163599,0.253504462762554,0.182096306059637,0.210940562106603,0.246705168248099,0.139283896627911,0.153081442668385,0.259632504732518,0.087516530630973,0.224869375019855,0.102852935106383,0.274720935537601,0.152458477692272,0.139071701529138,0.157426090203803,0.257279981442468
"alba",0.309513147797929,0.123812024084366,0.0682477813575848,0.165197789815421,1,0.113718002768215,0.310863531724647,0.125537312894821,0.262272512949408,0.187282928051753,0.195597004475203,0.199570050503883,0.178741695445112,0.160563155222053,0.307618103047278,0.10917507202681,0.189767025061967,0.139513991687936,0.113614467914594,0.113706284395726,0.145590830709665,0.153148089674365,0.136152250034165,0.153991770152163,0.184532155546033,0.221746868396444,0.123827206576572,0.138183003800557,0.172048723683687,0.124338821073149,0.120786745940748,0.266463417551132,0.257299937689937,0.0945426525160679,0.281817519407827,0.117445355528014,0.110154760077496,0.0818659220269446,0.095638079413193,0.137018840603247,0.258813516243953,0.188364322174538,0.128775626609152,0.159112194947914,0.273166013696694,0.116377894006286,0.171516624871961,0.262990932593666,0.217859516386385,0.226959249766248,0.135296350009205,0.11144466562398,0.144602134928411,0.0958806273688899,0.0964160935746358,0.103764489853514,0.0974321968463421,0.124958757958822,0.22345352266298,0.104303378029331,0.142918745567285,0.165119987635702,0.173601662711836,0.152026063826441,0.132001648207411,0.137843421588319,0.19453932939582,0.161642451154141,0.137744188053955,0.148359611024047,0.299819403900311,0.175059479599907,0.155404838523602,0.105034015252189,0.136398944137873,0.136140212505737,0.203728031471199,0.0554625135212852,0.176392207964688,0.229483109087777,0.121117231433084,0.159479186603433,0.0700383942224087,0.100649512298013,0.0861712100976919,0.0969491029931722,0.171207196658907,0.21384086670313,0.0782769709673517,0.318010019451321,0.127726531045241,0.206802001887012,0.0763457985881813,0.124833301799218,0.113453005652665,0.214548971646707,0.0936801786029521,0.217115435572785
"aria",0.230873384162577,0.117554704089542,0.245001325239169,0.289627508977451,0.113718002768215,1,0.245249890929586,0.171141535500899,0.205090265750244,0.075595852241617,0.283927394557816,0.35338695756577,0.120860086677809,0.229266850456268,0.198819847695526,0.353369465839838,0.126515782321978,0.145805041101586,0.214188383051277,0.398611357317796,0.215967132085371,0.29906753929016,0.435245853319981,0.190500949974123,0.239794782735366,0.0856341950599019,0.298472938136197,0.196739008462025,0.337782888482704,0.308388189402723,0.171962575612247,0.0595420348089205,0.204984946708116,0.153748445404863,0.0903876014234758,0.25842451196315,0.345120700688864,0.227254454547122,0.249080243930588,0.212081124007472,0.300893598115845,0.211531243460237,0.213092930128253,0.302062476710871,0.0858811191430225,0.0801792082493431,0.0640905201498598,0.0849179634039776,0.12263792896751,0.345236290408637,0.427632606600677,0.163030469003469,0.200073838748724,0.153881521098862,0.115907203648189,0.176698435234763,0.295631634169701,0.157290381781587,0.140334507121048,0.172142175931508,0.170831045488374,0.334075827365257,0.280992400913687,0.214257349147451,0.149222579640581,0.313745089214027,0.144428612123442,0.362660948679801,0.177487831427178,0.317167686168018,0.108351904150966,0.165646520389936,0.172679869998602,0.309366432693084,0.305160043103204,0.411712841165111,0.178848697931699,0.0472110043167935,0.154380635649269,0.271572223654935,0.162612214202738,0.280625780304929,0.271562906630308,0.217479725118229,0.212399645706106,0.20348329295363,0.263514556681599,0.128721737560289,0.21235990068442,0.283470142918593,0.0525491647720016,0.401730775349649,0.101741438653973,0.437693687771575,0.186624980412806,0.148512836536993,0.163033156093479,0.269266777493131
"auristellae",0.40437099054156,0.169284036980034,0.157081985097657,0.266904002708034,0.310863531724647,0.245249890929586,1,0.211724831817904,0.372923590642528,0.130380791965421,0.164756342570536,0.260742411604222,0.0971738352362124,0.261906591300668,0.406681083134269,0.256912007751421,0.198372321329157,0.238551777616703,0.19522805118962,0.262224445849401,0.253516457814732,0.275551330456139,0.338414346242343,0.200124788387792,0.265429897867258,0.128037557248271,0.237488521466535,0.272188224704417,0.319552542894591,0.26236065987811,0.194056435946646,0.166996163446894,0.292318250505636,0.170183566342184,0.164032235005838,0.203730398399222,0.235954738845888,0.133465949464605,0.168691105751912,0.219637165550772,0.260683675245621,0.263682490254232,0.16651354469121,0.267391707899523,0.230734278730546,0.147350121750334,0.0921053636284894,0.198696371155483,0.153994786283461,0.233532841054725,0.238468959417726,0.17742374317143,0.229903073101969,0.201094745772531,0.14663732552545,0.17037535586281,0.21228650961883,0.2052090748209,0.185103827055119,0.16909448144145,0.199389698044661,0.26354227480489,0.319090760124368,0.24310713562116,0.195356583841309,0.239192364821236,0.202668072694379,0.283578821287611,0.191871399701222,0.310264031039764,0.185284590905067,0.207295639887172,0.21778648579397,0.192930179320511,0.2587283479356,0.275268715159367,0.269944034576118,0.0600243939996501,0.204923403041379,0.247778785863195,0.187142392764261,0.255137435956539,0.208310984992967,0.181776555157973,0.169993770955155,0.170177152640918,0.231897442434871,0.261658098492962,0.174118758911732,0.298902039775431,0.111094324457972,0.240266859956928,0.0859448418797959,0.269579502945031,0.181712310461126,0.155889489402217,0.136389931849432,0.346775062137231
"bourgonii",0.151048932130985,0.173436998968715,0.116156063296388,0.183718104255348,0.125537312894821,0.171141535500899,0.211724831817904,1,0.147219604303705,0.102928513675459,0.145713241789095,0.161724098380245,0.0726133300925001,0.187637421832738,0.153261916705412,0.172528634712425,0.121060839370127,0.152054092238031,0.164821406727381,0.156646879484981,0.152715727881596,0.156640833247283,0.190760823338892,0.172115757917277,0.158851917576724,0.0767814131476381,0.162711752602192,0.169348711470052,0.189787473866679,0.157880173061467,0.14323594708404,0.157853255313588,0.131428419304979,0.295218792474544,0.100901481218655,0.123515489149581,0.243962962553228,0.142269220270035,0.150246530884376,0.154916683789232,0.138962565497916,0.144008520930037,0.154253306316431,0.22594292243462,0.114929434338509,0.117012762662002,0.0722890387917062,0.101522310914545,0.139532703029148,0.14076329660753,0.187542761146965,0.138284402470763,0.185299172774655,0.137376099616466,0.193786810048432,0.136413339851153,0.164444921277898,0.24050339454548,0.146986936294878,0.140076861849593,0.224815587253525,0.188126003864644,0.139842611038918,0.197153293976927,0.129583180534884,0.174191820382093,0.128855616586497,0.182290573767688,0.23111193220317,0.175807721083108,0.121540091155183,0.168348255802162,0.12639401119603,0.145460179408389,0.150994866895506,0.160100681546341,0.125572668661812,0.0703314322974182,0.156281190287116,0.130092561276546,0.15458385694356,0.173926519911941,0.133901275448337,0.231104680101077,0.178145773766036,0.13438326654005,0.169556810268979,0.149774573947059,0.121934652509067,0.196793088842703,0.0693789862339355,0.164007460961344,0.0921734333082906,0.152110290947506,0.117332990548975,0.113244604784835,0.179342840246739,0.147792336596688
"brachyrhachis.aff",0.348132997974694,0.163657825588121,0.132474690521908,0.295533023190855,0.262272512949408,0.205090265750244,0.372923590642528,0.147219604303705,1,0.100822243082414,0.145262776369016,0.189753700765476,0.113568045912057,0.268074043375986,0.670330099323972,0.335266438670124,0.157907326574401,0.196589987231009,0.16592078841274,0.220379187503502,0.200188426204953,0.22397819435462,0.29542471213472,0.16828504829564,0.205951299316899,0.132283816482956,0.160688689297915,0.173108696576989,0.284712759002871,0.185301339352881,0.153315809789859,0.165298920412132,0.219647392582044,0.128974971441189,0.139056808292809,0.143873071972524,0.189158672064254,0.115182065686964,0.11445671436408,0.227524902934979,0.250213734477228,0.196489725652219,0.129182619067152,0.296107398227859,0.254709785677236,0.116218804979675,0.0754418034722245,0.176486652695862,0.128680181905831,0.218870589725984,0.255283394284263,0.141261532178517,0.160473906693275,0.145409154967952,0.134647808196794,0.136412360717404,0.160236156200829,0.152422677725499,0.155436890037003,0.136870972400449,0.16508079773664,0.278946926126366,0.252843116753833,0.200429927447861,0.154645882584033,0.191162511399198,0.176913201964405,0.207729878791982,0.152151525525881,0.308537532973044,0.141227212509878,0.179503751424034,0.18682943332791,0.28556723143855,0.208833822855077,0.23323854387155,0.207602330306671,0.0555371384109254,0.19202031045099,0.179857182657818,0.147970123994607,0.212044100796565,0.152264537662264,0.132585606924193,0.1515869314662,0.173109975026572,0.173898194189058,0.231776774994001,0.13104857454009,0.239882706875322,0.100864908616123,0.180276502051276,0.0817922428551385,0.212620814403934,0.139130301813881,0.130725181474477,0.129952150250807,0.24839191953251
"brachystachys",0.109420491416181,0.103838702410835,0.0691721858782771,0.102252586180838,0.187282928051753,0.075595852241617,0.130380791965421,0.102928513675459,0.100822243082414,1,0.288372929181077,0.249377110703194,0.152223677897188,0.114233594152925,0.114872103759259,0.110718412536167,0.0848029082311217,0.0954033159735125,0.125802421016068,0.0924150767754608,0.100416453044264,0.109913495902407,0.1250355822267,0.0970108193410756,0.130350309120713,0.214319127280066,0.0991034799732468,0.106879224257452,0.110451880904099,0.144392770872114,0.0885410749430576,0.287694544882913,0.0950490629703334,0.103538155186626,0.281459560841912,0.0850528125923999,0.101022534014825,0.0768112678500681,0.119167785506496,0.0939185847212311,0.300756586579944,0.100609491744685,0.093942853740017,0.097992839610063,0.077788698848136,0.0932854046847139,0.28797728513304,0.0795215105651028,0.274441373667942,0.24926630794025,0.0869001475744785,0.084688361821452,0.116806816961878,0.10430350031076,0.0820519611338739,0.0789395054422096,0.0797432098478114,0.128675206482803,0.3060366449622,0.0959140022842516,0.127628970783809,0.110345954818956,0.10145578405008,0.144131323447432,0.0946162454386353,0.103727902117563,0.13893975578173,0.102518853883386,0.0920345550974929,0.111981585865913,0.271591746107083,0.10915495203937,0.102228491380646,0.0867140695259723,0.0889874182689082,0.103262640228176,0.101730559018274,0.0518736985219924,0.0882742943781178,0.088484353705294,0.096899038874727,0.126658517079613,0.0697399354155903,0.10573335459583,0.086618745156526,0.0875940399849803,0.1092154248193,0.074577364011592,0.0712806410708516,0.260050666429085,0.061766092787572,0.279313931129522,0.0674755617770333,0.088414283851666,0.0808134462489172,0.322187821343498,0.151972286030294,0.105865331212174
"brachystachys.aff",0.227971180875276,0.104293862746016,0.179173187082864,0.167625957889258,0.195597004475203,0.283927394557816,0.164756342570536,0.145713241789095,0.145262776369016,0.288372929181077,1,0.320340431027232,0.206502018354244,0.149169465911816,0.126078872472442,0.183340716762846,0.105927156020652,0.140968851230061,0.139680134902572,0.141906327545299,0.138548380838735,0.192970418454251,0.173205903699478,0.159062933952353,0.143749163802334,0.260009628337849,0.153953851690526,0.149702010012779,0.138455661566288,0.129356463646401,0.0991312064632303,0.264582582421071,0.127589207092883,0.119945282360815,0.26387180568556,0.0993600109901707,0.147171812756588,0.12331992301215,0.155726333907985,0.166008503192374,0.375291808040769,0.166281231283468,0.1191024212665,0.177314181306674,0.119196435480629,0.0912736345501285,0.27864043846308,0.0925426611837812,0.25206044194921,0.297715371773813,0.156519011861271,0.129669324333241,0.139136780648442,0.0967385460232229,0.0924794628546649,0.180575463483081,0.151460587046845,0.115051476305216,0.244232000337413,0.124685669993533,0.180336232261741,0.170031952915964,0.156977829916338,0.127314101179092,0.142772196526953,0.201831747380655,0.103964449007732,0.256970698170441,0.0998769381149515,0.173294362362225,0.291089253874696,0.14862066269862,0.159259605428346,0.138931446167534,0.191892222710209,0.170922499166683,0.182250065605802,0.0483832918661996,0.124565910709679,0.237252084380998,0.154996480067841,0.188190845571935,0.13726518940193,0.176345485975011,0.153424797883295,0.11427847176928,0.126419444636827,0.140259765029623,0.136799302974184,0.310901659402064,0.055829577287441,0.524870248695998,0.0744782422551275,0.193628044591599,0.215456541558888,0.282728579188635,0.141724531277212,0.172062585404845
"brevialata",0.146533574700797,0.134457675071991,0.196298658795379,0.239653079310117,0.199570050503883,0.35338695756577,0.260742411604222,0.161724098380245,0.189753700765476,0.249377110703194,0.320340431027232,1,0.167099939883809,0.212065599553507,0.18667286012969,0.289928219627965,0.146363024976837,0.168197392965826,0.171285792063636,0.371184337388462,0.220568367098454,0.248195468749261,0.367240931162174,0.16115108241792,0.178309106251401,0.248340523910466,0.290642739443327,0.220917013238488,0.265002880778057,0.29909109620173,0.189768579384904,0.205187554265295,0.194393535790489,0.175787680540985,0.246379067934504,0.253619663969311,0.373210564098497,0.188058060081398,0.175507878817494,0.174661465501475,0.436303273444594,0.21064109422953,0.210867744684204,0.349559499444848,0.102747765182218,0.101404243090755,0.236415156360138,0.0802803764287976,0.293931267429425,0.402188463566271,0.292219040391439,0.179055534103294,0.231635694511869,0.168565154726469,0.128554308903558,0.158907467643209,0.294603158740805,0.181533626394983,0.263697595951643,0.19121540188021,0.235291035406047,0.293034353165994,0.351935820561762,0.173238207167888,0.173764865732648,0.240566196871462,0.143198529596194,0.256507459559004,0.180452669799975,0.289533140418337,0.239166570454671,0.163132463540204,0.177407227719924,0.252827981997516,0.335621020545966,0.404770885360973,0.163629026637499,0.057392196382979,0.123478366104988,0.177193776092243,0.174441325252545,0.319243657873396,0.265824679197717,0.189317868180077,0.154945623304783,0.195511743824106,0.207868742170658,0.127385099888107,0.162265100848912,0.376980941081525,0.0531353781689499,0.465000455547923,0.0897483313742788,0.414174228332704,0.103495525905642,0.237404052567185,0.167184667991131,0.285423100338406
"brevipes",0.135285860377975,0.0824526009048016,0.0738193728493926,0.113734147327354,0.178741695445112,0.120860086677809,0.0971738352362124,0.0726133300925001,0.113568045912057,0.152223677897188,0.206502018354244,0.167099939883809,1,0.100088393165697,0.112145331187343,0.0739608946456215,0.122490483544762,0.157908785441779,0.109842963253172,0.0793815465380804,0.112395098281459,0.0886782204123754,0.0776933054117025,0.0896462949152589,0.124158376584176,0.164937255542967,0.071453955667371,0.0853055352119169,0.0864818027080739,0.101905238452473,0.0875713292702482,0.19333003671022,0.131040705751534,0.0835267488491048,0.184221945421217,0.0647562318794827,0.0742662457559911,0.0850460296570884,0.0763260878959986,0.175737508834286,0.179418015570417,0.0909868639502067,0.0628209358813529,0.0759990313839777,0.0611980196051105,0.0944901117663197,0.161451330165083,0.0750769055483468,0.178981426141847,0.178415062617274,0.099702080059553,0.0683381540927356,0.102370235950753,0.0645373809433335,0.0518306726709708,0.0856206504870995,0.0892335794532379,0.0786065845572233,0.163162114704026,0.0727936160566573,0.0970289911378775,0.0901480966861961,0.0748324830674823,0.128270642175334,0.220028450782698,0.113519790828564,0.0676410455007303,0.1297653346738,0.0563965333187532,0.0842743366485621,0.167501011023635,0.0923495746942552,0.112903532020682,0.0734750624578067,0.0800691362023091,0.0992632037948001,0.110835020271719,0.0332867116607314,0.135597862415304,0.150333708053587,0.0708509786077948,0.119776816811744,0.07103037006574,0.0982701243357367,0.105839815432021,0.0826807595836942,0.0992282444076821,0.08697489869458,0.0995343502917707,0.205338762164468,0.0564885170332052,0.197597574798151,0.0382924772007381,0.0760237151466061,0.111111054148154,0.204362861106458,0.0762152638604796,0.0930503605902735
"capitata12",0.165050498314241,0.18821941680945,0.119360041399102,0.243727926143617,0.160563155222053,0.229266850456268,0.261906591300668,0.187637421832738,0.268074043375986,0.114233594152925,0.149169465911816,0.212065599553507,0.100088393165697,1,0.262740424192078,0.352312584019509,0.177960239140978,0.173482212871055,0.169201776658096,0.230202018186478,0.221933470486259,0.209830001454571,0.278465914122291,0.203334742923609,0.230469798241792,0.0863291762517385,0.216070631238658,0.234174352926305,0.283336454024148,0.225521186273824,0.192271862302673,0.106852412968148,0.22486669211727,0.176672256752938,0.159359948513281,0.192618086370248,0.224671729255036,0.116567130454996,0.16476850489519,0.205066898922686,0.206294401166987,0.221304693539106,0.154225327018265,0.224519876584967,0.13196977766509,0.183830830237063,0.0800430822529132,0.134021713250887,0.187644310239212,0.215025202425643,0.2361390679329,0.184706819141198,0.239955772410601,0.175398677989723,0.185667766879184,0.145765297363284,0.218030928814966,0.182894834446298,0.160680140666929,0.169462615541695,0.211186811796432,0.248050027039078,0.249987077534259,0.265684171728501,0.204864877243569,0.206807953084394,0.169212127436005,0.214974386623468,0.242921865628682,0.244073521719134,0.133100704052195,0.220396700456049,0.209744440996553,0.201438800366854,0.238263487276418,0.260732344769737,0.196190517832224,0.0939860586515272,0.187679316732564,0.170867511504544,0.172906007993783,0.250326827848869,0.163897003186189,0.167419355962892,0.178138994906813,0.186935429366501,0.22711630017969,0.16089974428563,0.125746208417793,0.243346315648285,0.0951022411109338,0.252619818765174,0.104192219445736,0.260786532822891,0.150527056829807,0.131270918153626,0.183084504630517,0.237275936437351
"capitata33",0.354149627967815,0.159766323147366,0.1246634643345,0.274951740716,0.307618103047278,0.198819847695526,0.406681083134269,0.153261916705412,0.670330099323972,0.114872103759259,0.126078872472442,0.18667286012969,0.112145331187343,0.262740424192078,1,0.312565615267333,0.190474053462571,0.20727476373213,0.157286023290127,0.184571578744068,0.195983413828894,0.211161587112014,0.301969318955045,0.191488780167019,0.208624797106478,0.107507825796536,0.174426037692858,0.168319498663911,0.286738442411218,0.183358351232492,0.155452096924889,0.182428490727677,0.254893096137992,0.134351224560701,0.128149893969136,0.134932153794236,0.186412097038537,0.106288733266153,0.118731897733645,0.218987420725817,0.237558803032954,0.212447426330867,0.128745847123586,0.274106067941552,0.314589928518281,0.124279711727918,0.0838510153150778,0.194917703436932,0.142766223032311,0.219086817468604,0.22313219600403,0.146763498926721,0.15949074218132,0.151133506839013,0.113145073994179,0.122948137429191,0.146297948927185,0.18177768152945,0.148741271840947,0.123949175737804,0.168625604274042,0.278485297489155,0.243548017958995,0.199443390337657,0.140374312689148,0.197816123421492,0.181820480060433,0.206588681040828,0.157655435273786,0.304687499474604,0.16341156622356,0.174134817556655,0.198263119512739,0.27297403685844,0.198443391439037,0.231662575957248,0.240519721651296,0.0689433612536002,0.218858485131475,0.185091570278358,0.157744221254223,0.191939026415924,0.143379138612345,0.142626921024362,0.148655062496904,0.169373526674255,0.157787916432786,0.277246850325045,0.14696923395173,0.240596289895565,0.11222269163916,0.16944464522991,0.0815546353058919,0.202121209679213,0.134612504194005,0.128708961256167,0.135310426522459,0.284628121046506
"capitata35",0.156992312124586,0.124834918378183,0.25009809449037,0.311034814369286,0.10917507202681,0.353369465839838,0.256912007751421,0.172528634712425,0.335266438670124,0.110718412536167,0.183340716762846,0.289928219627965,0.0739608946456215,0.352312584019509,0.312565615267333,1,0.124537837124434,0.191627357302398,0.205145209068494,0.298030929007522,0.208051984781675,0.309592250179951,0.494126608459997,0.229465836220942,0.189658344679215,0.0824017050371446,0.258175271869558,0.205904592430087,0.28757910935486,0.28881395975927,0.199063351432109,0.0591612227244552,0.178534603882483,0.178324931144369,0.102625795929384,0.199566278095587,0.314435682106176,0.158126157490762,0.169945423374522,0.180541893246914,0.314815921808168,0.178351149670347,0.175375068973781,0.364950074477924,0.0923988864695666,0.111076686467842,0.0651458431690069,0.0840021157413811,0.125523410395725,0.268824879690897,0.369337573669151,0.173746554927141,0.183317350268758,0.150448206362148,0.130224832022861,0.157342605402333,0.261975387340825,0.179942139358371,0.161488330111453,0.185685452936888,0.194905823551863,0.368872198134424,0.266090031223347,0.190778209040371,0.168902724224247,0.240476448934442,0.15793305847929,0.329206282772228,0.175768170434693,0.400197215481295,0.108879616732109,0.157735458593733,0.174504974552492,0.358382174722933,0.258555934738664,0.33380402768866,0.208140887574094,0.0607209900341174,0.174157833884803,0.175102628739207,0.178828001456696,0.245269901621755,0.264069519843056,0.199204768147303,0.21715604229278,0.217687973123092,0.238279469471365,0.194709249383308,0.212698874336583,0.228141906596855,0.0572478009782732,0.269421112735837,0.105145392758431,0.378652178491942,0.113531675150841,0.10761543405481,0.148010515069005,0.280209062635359
"cayennensis",0.185845807710979,0.130411766338006,0.0954849713240355,0.152483969933476,0.189767025061967,0.126515782321978,0.198372321329157,0.121060839370127,0.157907326574401,0.0848029082311217,0.105927156020652,0.146363024976837,0.122490483544762,0.177960239140978,0.190474053462571,0.124537837124434,1,0.162296373304738,0.121713925525792,0.136803971951059,0.15069498714798,0.12570832323816,0.151493003064584,0.133111661442332,0.156322678386579,0.11708841009591,0.128817027632347,0.153297720226772,0.149702935867768,0.130332930856859,0.131305867236228,0.153080591178684,0.219708203388593,0.118900556587244,0.174488493228207,0.111412052377706,0.14566845610004,0.119926569761625,0.0908410915933034,0.196103567641956,0.13182310878388,0.191679051519188,0.148183331769656,0.135333887930233,0.151497919934211,0.0972006004746404,0.1006538610273,0.174054775705469,0.130931176772806,0.129850498323447,0.195634493314862,0.117103867496662,0.167479564894316,0.110307909796306,0.105858776643821,0.101962014680662,0.123957010798294,0.137358584750662,0.125769987975756,0.135327313848287,0.141187439427405,0.151704424043458,0.177353785486733,0.193938718366096,0.145632973493542,0.146560953183096,0.192655249051966,0.165866905306564,0.147830836860145,0.153503206049844,0.094642672613304,0.123896817162621,0.150391701784125,0.10713267674476,0.139219334774104,0.160323240144692,0.173271916711536,0.0559728308739401,0.203860235348204,0.186837761756527,0.124436881340303,0.156534156950195,0.120985293178244,0.127444338804926,0.124378740356055,0.104683446491097,0.143684724369353,0.17083322613068,0.097377525064041,0.166599410238148,0.126056591463272,0.112108031131833,0.089662864530707,0.141611023622585,0.120458199106729,0.124652525593815,0.123142312716667,0.216576876376142
"chartacea",0.2165742923852,0.328658413860176,0.157144802158046,0.163198601504272,0.139513991687936,0.145805041101586,0.238551777616703,0.152054092238031,0.196589987231009,0.0954033159735125,0.140968851230061,0.168197392965826,0.157908785441779,0.173482212871055,0.20727476373213,0.191627357302398,0.162296373304738,1,0.14588902524599,0.143282677193201,0.165141070573533,0.209449110074255,0.180585061070106,0.211945283397898,0.174389466123315,0.101016825552499,0.137579071228631,0.176192526879353,0.165023655885268,0.159045223802154,0.133644687710364,0.133686387647414,0.248264867406744,0.144250419863605,0.124533539513287,0.112530761058764,0.150001153694892,0.115292471252428,0.117859843544348,0.151648669021874,0.173727908539393,0.148817667457071,0.118775028389602,0.176055323998411,0.113094548196019,0.107248077834381,0.146173739252026,0.115470508130589,0.128024163299332,0.169467995272543,0.148722829898048,0.12829043262359,0.172978333019981,0.16283600243393,0.10504000595489,0.141900123770678,0.145928220848347,0.145634242503258,0.133350480127097,0.127198906273004,0.173095012242351,0.185676571331102,0.175822972795802,0.16871027478681,0.19672111895101,0.16898151748786,0.151761287584801,0.242800307290895,0.120964488497765,0.256348504352706,0.105815838797107,0.150973847009842,0.172344063851076,0.159027790325856,0.152547399966675,0.164814650903521,0.200205448513722,0.0509649951078931,0.161131060187661,0.166507743501499,0.140437741134555,0.162797842777583,0.171523610420008,0.135152430289081,0.141265833380837,0.131966162014163,0.164915067238231,0.227536834603433,0.135455096937574,0.193733067329882,0.113139354962099,0.151058901908207,0.0712528181093559,0.179549532451106,0.113815003647705,0.113705158293016,0.116409150556615,0.217928962206261
"cinnamomea",0.186902755890279,0.122033945482839,0.196971525928377,0.215197393082378,0.113614467914594,0.214188383051277,0.19522805118962,0.164821406727381,0.16592078841274,0.125802421016068,0.139680134902572,0.171285792063636,0.109842963253172,0.169201776658096,0.157286023290127,0.205145209068494,0.121713925525792,0.14588902524599,1,0.17869843511187,0.200158891072843,0.24130937117845,0.232554271491177,0.171810229241667,0.206732240511382,0.0825919905475663,0.190985606338277,0.20380866557942,0.225280232923541,0.252533358222183,0.171250050116059,0.0605181228708615,0.139644370963739,0.240898626294541,0.0921170113411924,0.120713696184175,0.174383324057335,0.174976171054346,0.161339723789682,0.174474481619113,0.171392711885349,0.162308674219411,0.190630808152297,0.207038674543673,0.101793530290275,0.135900828189568,0.0868354442510607,0.100834643672006,0.155923707870102,0.195997376663494,0.217810939536674,0.159229548515665,0.163287527418056,0.12539024251708,0.102356018906506,0.15664932872859,0.171137152947002,0.202083676290859,0.171864227522352,0.199564865500999,0.203630200871655,0.251558931351708,0.192339424556027,0.215683941807384,0.128654742235291,0.203805098372951,0.14382342887517,0.2434628280121,0.14219171492148,0.239231835794659,0.0918583206839079,0.149668545649869,0.149536884801592,0.198365897407759,0.178837510895055,0.202866530944429,0.169018309847839,0.0658870327771198,0.159320298858902,0.147421387587788,0.150225488725339,0.179103335467542,0.189769788652368,0.189878638206959,0.174688724415388,0.1616792364312,0.220368197196761,0.128073523275552,0.187448855375904,0.191235631632492,0.0798522597268292,0.14532317743776,0.107868273445216,0.200911565281073,0.122028127914427,0.110995521962768,0.171431457403424,0.173087757929058
"cocleensis",0.145727034430507,0.125139340861629,0.210710811948277,0.265146211848667,0.113706284395726,0.398611357317796,0.262224445849401,0.156646879484981,0.220379187503502,0.0924150767754608,0.141906327545299,0.371184337388462,0.0793815465380804,0.230202018186478,0.184571578744068,0.298030929007522,0.136803971951059,0.143282677193201,0.17869843511187,1,0.200635296272608,0.262531554448322,0.405165890083908,0.157568423321047,0.212303712659963,0.0809690531448652,0.324531390387607,0.222396779153168,0.325548664111665,0.289248964474468,0.191587474550761,0.0619832353780406,0.209522967668466,0.166478417177351,0.0952531753623087,0.242744440963568,0.362914602058626,0.172962555411071,0.19988121816071,0.168997257868511,0.253492145204594,0.203875030192344,0.209533470680417,0.283686832628492,0.100374894299472,0.0961886994616665,0.0683471874533093,0.0759915756735274,0.132705431530336,0.300827304461438,0.415700818149467,0.175059795782133,0.225272967927882,0.15939054521105,0.139836653345454,0.147832217596675,0.306478043598605,0.158838844350898,0.137389703716092,0.14632957921479,0.176573399447771,0.262770732881731,0.295937769508372,0.173232515573639,0.150090650999616,0.222144876588754,0.141260226514053,0.263665328158697,0.19912568081926,0.330336696331907,0.123055555225404,0.171104847970319,0.169574989345604,0.298510552698979,0.275425421096575,0.421153871090693,0.171867452906539,0.0634819934712484,0.130245185098169,0.191036108293002,0.162654872422747,0.321703579785533,0.247048419250125,0.178868834575947,0.173733024199253,0.262943969330107,0.286277709453218,0.11977727361034,0.204395324589617,0.298877167488457,0.054614081805071,0.298505738585127,0.103677222605573,0.399752900257859,0.102503074037353,0.109001569104088,0.176726935827337,0.250917872252067
"cordatoalata",0.2060871925769,0.133777389384554,0.154554917765857,0.256306734043225,0.145590830709665,0.215967132085371,0.253516457814732,0.152715727881596,0.200188426204953,0.100416453044264,0.138548380838735,0.220568367098454,0.112395098281459,0.221933470486259,0.195983413828894,0.208051984781675,0.15069498714798,0.165141070573533,0.200158891072843,0.200635296272608,1,0.222370787705011,0.246552410212932,0.18393691306736,0.219970272829511,0.0779703290388924,0.266618611328321,0.226406631389579,0.297086142122447,0.338883525568331,0.207248101064335,0.0725496685740716,0.203908555513402,0.161824044904608,0.166806281832066,0.270904965416991,0.211783544387495,0.151755914874339,0.181953051468151,0.175829648132532,0.223915317042908,0.21861859225303,0.17032545070272,0.227519169541749,0.126299364514154,0.138911383525123,0.0842303677384903,0.185852699106978,0.158227966005049,0.21030158109917,0.219921825136835,0.168320558377816,0.212443608231839,0.229368008776854,0.124048688876396,0.206546108326797,0.246645510489397,0.184244397904006,0.170123797503793,0.179311082328283,0.185124968136199,0.255864480358584,0.215326583593141,0.224599374378994,0.181589284243015,0.311963262371501,0.135441801665062,0.248371089870535,0.167202443343139,0.252330817975545,0.109838970629722,0.258508986986009,0.175142044941975,0.193787051215592,0.223330846618064,0.270108507118655,0.166014439448802,0.0617838037092741,0.168302085711695,0.17018349481191,0.214229916388236,0.223225976938435,0.203259039667931,0.186531560094432,0.16648415726001,0.190555739329876,0.330730365934213,0.159381892714045,0.151753634555013,0.246979557941069,0.102910793607587,0.184626730943113,0.101127354192567,0.230464070358436,0.125812709490165,0.124059465207161,0.161315381853519,0.233692592436518
"coruscans",0.220106899507448,0.132874436303902,0.445082949713791,0.227848310805669,0.153148089674365,0.29906753929016,0.275551330456139,0.156640833247283,0.22397819435462,0.109913495902407,0.192970418454251,0.248195468749261,0.0886782204123754,0.209830001454571,0.211161587112014,0.309592250179951,0.12570832323816,0.209449110074255,0.24130937117845,0.262531554448322,0.222370787705011,1,0.355139404342927,0.329348928275559,0.16639196764659,0.0987818367025622,0.210290023450593,0.206676070694053,0.317458817217739,0.210794015014462,0.15524918358586,0.0861712083505604,0.201096901847665,0.196804634295771,0.101076749048527,0.168115131391705,0.211361945382788,0.157759224773893,0.161629634255932,0.16750768413839,0.211916694663441,0.180279402538547,0.169285924965212,0.241226234353981,0.137828200879736,0.10581856970317,0.079345844404779,0.140468496912668,0.145325874467435,0.238564111957327,0.265958313655707,0.144937958424388,0.181552512148522,0.148638157479576,0.120113792811014,0.161882949355122,0.184004338943148,0.192025517635991,0.149762326340202,0.17393991175109,0.197483471051435,0.225070777611457,0.233474727400786,0.176731759773637,0.132805197999977,0.235555709319133,0.1331227017306,0.403877746814478,0.148290478488903,0.322758654418768,0.12852495616235,0.182408404975608,0.18359003227399,0.188036387807833,0.209618231030695,0.267300995997463,0.351495203723094,0.0529519304781756,0.181267781281111,0.185445140095629,0.184255060470482,0.225254409675527,0.292036610760092,0.175377180390989,0.245721468862112,0.216271717634327,0.181720909630283,0.229416579405501,0.333762350272967,0.265571400281873,0.0812884883692327,0.243045771134259,0.0857274350385932,0.263972555910215,0.170210159472556,0.110976871291104,0.152881559460693,0.267157194866324
