"","acreana","acrocephala","acuminata","alata","alba","aria","auristellae","bourgonii","brachyrhachis.aff","brachystachys","brachystachys.aff","brevialata","brevipes","capitata12","capitata33","capitata35","cayennensis","chartacea","cinnamomea","cocleensis","cordatoalata","coruscans","cylindrica","edulis","fastuosa","flagelliformis","fosteriana","glomeriflora","goldmanii","gracilifolia","grandiflora","heterophylla","huberi","ingoides","jenmanii","kursarii","LA17","LA41","LA48","lateriflora","laurina","leiocalycina","leiocalycina.aff","lomatophylla","longiflora","longipedunculata","loubryana","M18","M25","M27b","M30","M71","marginata","melinonis","microcoma","multinervis","nobilis","nouragensis","obidensis","oerstediana","paraensis","pezizifera","pezizifera.aff","pitmanii","poeppigiana","punctata","retinocarpa","rubiginosa","ruiziana","sapindoides","sertulifera","setosa","spectabilis","splendens","stipularis","striata","suaveolens","subcapitata","T18","T21","T29","T50","T51","T82","T85","tenuistipula","thibaudiana","tomentosa","ulei","umbellifera","umbellifera.aff","umbratica","velutina","venusta","vera","virgultosa","vismiifolia","Zygia mediana"
"acreana",1,0.218139596187808,0.185005401701322,0.272044434171407,0.184761690996147,0.162151312472154,0.241122945357357,0.161789438783316,0.251228297742613,0.207318416111271,0.317720506356477,0.310287319576598,0.175293963909519,0.20264468114992,0.188989732875765,0.203489460528333,0.16456178099261,0.231450046730191,0.180633919299358,0.268758063098589,0.223976455592916,0.249669790304425,0.266256292275667,0.299773682157263,0.258918190142044,0.179372823397893,0.197661998709417,0.199446366491603,0.156081748282577,0.288199817244649,0.153853030900018,0.201385346005938,0.261013441365602,0.363971269410555,0.241965638546243,0.197581683026619,0.208976072684285,0.146000846232969,0.211808524792755,0.336508732412444,0.176034673084211,0.17864772759386,0.181843344171437,0.211779107952269,0.192527860944657,0.11921542049714,0.132695522143217,0.19647538266481,0.288160094486657,0.210372769192392,0.289610450610032,0.183034788599405,0.169441922376859,0.130480384854186,0.0976148743940352,0.20651472868644,0.259148828208971,0.189719397185139,0.20431449530325,0.159868573808726,0.189760968480282,0.277249668034118,0.244077373723111,0.171373165768516,0.224397413443043,0.255335062023473,0.246913120952314,0.353946727548665,0.192664408686483,0.372889449118736,0.178390304645527,0.200011167708992,0.163437810662223,0.164052697306726,0.129264608707933,0.227982543758382,0.195025150127794,0.124849050079994,0.266184648590786,0.176282148898504,0.208400752648488,0.175755012807341,0.195442019825281,0.276232866407075,0.262134106543097,0.331852765407864,0.26473697142617,0.11544866615954,0.10704411688798,0.177843695857143,0.286083949265778,0.156155926848136,0.0819587194774138,0.175751083767791,0.186427841684513,0.170191914247335,0.168255388663885,0.263326964299669
"acrocephala",0.218139596187808,1,0.166040225429615,0.246679661174064,0.187861843754772,0.147273002114935,0.256775857757622,0.144076837274339,0.168391155509783,0.180081578637898,0.153692519131369,0.13374020909484,0.143357761682052,0.160940844730918,0.201971931318711,0.203681792387435,0.178693749353315,0.246194836979105,0.182880651606576,0.139968161554203,0.191158463592444,0.167545397371957,0.17635134260898,0.25439241224177,0.161437422073097,0.175762165931056,0.148261854123264,0.168072583928514,0.145046022019798,0.175912740784776,0.153662257202664,0.152078964893,0.217913257488553,0.253193757661634,0.175517818412388,0.151383716623588,0.153044205912032,0.157823166661593,0.165160021969043,0.166044272114021,0.14203404641108,0.169881462506391,0.161528355329888,0.163585027132595,0.183833955067185,0.136066563630641,0.142198682139069,0.206921727289496,0.146234011963732,0.203827383449076,0.159684227183923,0.209158136922505,0.178607197982827,0.146683553562209,0.0996927082572125,0.15342323023272,0.151969953676152,0.166670965895963,0.20402951315077,0.134443554011764,0.217045236604168,0.166082630347936,0.210309845386285,0.170779098291798,0.198251803443295,0.200120941839321,0.161763777584972,0.220380883503597,0.162150619823821,0.23239329852189,0.178042895781003,0.171839150706083,0.162479552175867,0.166868572297433,0.157636300859491,0.286049641133746,0.190947533443245,0.130003919998302,0.176296699409105,0.185606469352218,0.205794751047548,0.191459629898403,0.203222101796882,0.175308734209718,0.134968725416067,0.173861808286231,0.229120250925007,0.115030681745827,0.106619967494261,0.236706195822743,0.115571633396437,0.148457943981647,0.107676386790615,0.166970758865585,0.191869622414845,0.159353127870309,0.129601175140557,0.205886918766425
"acuminata",0.185005401701322,0.166040225429615,1,0.164924701201532,0.138359685305693,0.1041719394057,0.176493453449423,0.117575103965453,0.175537586617284,0.125940302366788,0.126343051996016,0.102032692114995,0.130693053884354,0.155295094717323,0.158707614611387,0.182140352170336,0.190367401027556,0.209474670039474,0.330254735931184,0.115886721926176,0.161749414353838,0.175227236374517,0.188841690279031,0.197523587180014,0.130206462790346,0.14782654316833,0.111029996481721,0.159320088200869,0.162193121730376,0.103483871013548,0.161767888439906,0.138655003691329,0.202507258051953,0.198349532507561,0.15843502969495,0.128741695425949,0.144075935119056,0.0851321797405896,0.162002693666293,0.122523694091528,0.163473889885234,0.174335962191546,0.139352683395042,0.166289068050171,0.102710481267392,0.167174839215035,0.108554489106675,0.185114619283177,0.112604206982629,0.133562571883682,0.134557759425413,0.168217511185208,0.140443082133541,0.150431641620995,0.100519333783365,0.145558799397002,0.14208986313124,0.162672431610973,0.170996560143031,0.154000504715262,0.201323301930616,0.147992232204375,0.183453078762704,0.156849257736713,0.141840424696355,0.226690658517691,0.162166868382492,0.181316221949469,0.184729210951417,0.210754002705013,0.130707661596339,0.129629407044378,0.15041695332863,0.151666053937599,0.127490628813094,0.195710704599268,0.131070359184532,0.148111527094668,0.134786404714864,0.151579864096115,0.16410613978839,0.16734407036985,0.154666217442208,0.202188041644706,0.13185372151726,0.155734639440637,0.148888308821912,0.116686262083302,0.0951009516615369,0.178306816763033,0.0850796386979982,0.200116780084951,0.0685615113857471,0.132314780196072,0.14231741893242,0.118735401025523,0.131665798796427,0.182159619266887
"alata",0.272044434171407,0.246679661174064,0.164924701201532,1,0.192587032581703,0.127127686684392,0.268271797453369,0.140122809450259,0.306266522414565,0.202765161692274,0.231534143060629,0.117613477051583,0.176637242626103,0.225067271851967,0.249444228854717,0.286782822985342,0.19680036305039,0.266308307835635,0.21468587959289,0.197558198855733,0.240608778183123,0.269526136646197,0.283897113711924,0.269078997787065,0.247362075683638,0.223764783022953,0.169695167336514,0.250741677925773,0.208317441081906,0.13085934718785,0.202109683500666,0.230284676691342,0.311679017134221,0.192699661994084,0.244554697263826,0.211494667575197,0.264223017539275,0.123546094548011,0.256885373892504,0.13888150521063,0.159937880365572,0.214105091392404,0.178140462078554,0.239983127031468,0.124401915712073,0.153009460761564,0.143767553137297,0.192478574487636,0.0989492403010389,0.174564125967305,0.31683366826837,0.224611255919486,0.208515433202214,0.178351541574336,0.115654720055282,0.272178293069699,0.288740940982384,0.245891751737753,0.218643591248492,0.193253571134974,0.230943765300044,0.318143716845806,0.265696141860353,0.199555276422912,0.278820484035406,0.274376805184729,0.28249562497616,0.281013298835023,0.212120102986144,0.331627544638678,0.139735450297397,0.17180168904121,0.189154872873537,0.213296975460087,0.168152094489398,0.203698656254981,0.217067478442734,0.14421314638252,0.241704678475776,0.19950274231309,0.214104243621128,0.245305207652465,0.171226679599264,0.170952131124349,0.269341130827808,0.140719580148384,0.240702395916775,0.132948422409698,0.120340351503108,0.254061580591821,0.0782988408495959,0.1190167221277,0.0958284764165217,0.155830597159901,0.217046167525215,0.181354723491829,0.205010743753977,0.319619914838604
"alba",0.184761690996147,0.187861843754772,0.138359685305693,0.192587032581703,1,0.0965799401327345,0.232343685516675,0.149756362899218,0.14293193576611,0.269729736750323,0.228638246033223,0.219090130458601,0.234889293314122,0.160293327651111,0.198599800269299,0.19043790491943,0.156436759103778,0.263931238197233,0.159003178241925,0.129124727033423,0.153021974254905,0.145308219578502,0.146788262410521,0.2188863605646,0.128967922050418,0.24608776514196,0.107210944004261,0.144951624468594,0.149172839080753,0.1400927162071,0.124363431545758,0.222439113852495,0.187937739342518,0.142410489580513,0.250720809919639,0.136973710993803,0.108725345159977,0.121018535370958,0.136432088070866,0.116120292877124,0.245454560000637,0.149519845899939,0.138320256900292,0.180515769253982,0.0971494213657632,0.109232078150054,0.219132093791788,0.144896034436973,0.227607725321093,0.285382329932383,0.128367621379994,0.130295833772617,0.169110354185923,0.123883779404827,0.106385743031036,0.129106286589087,0.133368466042379,0.144819071717419,0.271591920134424,0.135913969457959,0.173044521871048,0.151722083071371,0.199107989100863,0.137796436567257,0.205713307256078,0.198536911770128,0.130397919382724,0.184290008701342,0.134624222768161,0.194630298202685,0.261637635369325,0.114638699798387,0.157442099649025,0.139588219394738,0.121395971144869,0.195132762210611,0.140744198073266,0.153186282710945,0.177127685184879,0.163572258854273,0.185859049649483,0.194310007306506,0.171566015133561,0.143172631005778,0.109456095989882,0.130248440706838,0.161865382402265,0.102495581446109,0.0829351765639144,0.270430446664536,0.0918669827436356,0.216711600239691,0.0857003801055586,0.148118206005369,0.15928695336184,0.226621149901839,0.157933536223026,0.184652844573732
"aria",0.162151312472154,0.147273002114935,0.1041719394057,0.127127686684392,0.0965799401327345,1,0.138685354132265,0.0954293616278619,0.146321483751236,0.172748068472077,0.136860156805716,0.114780518900559,0.0911872093616482,0.111040338361363,0.109859288275518,0.128727699156366,0.105980116726923,0.132778210844692,0.105686090241175,0.106771058436772,0.11740222842126,0.154588564431318,0.130313556433317,0.16321985236329,0.114866645196292,0.10186261163907,0.454637725769905,0.106859165471373,0.0874783260420483,0.127729002862334,0.0926337551469843,0.107063201028295,0.138947146348248,0.155983399283157,0.126587611641897,0.134550092616046,0.119570983355605,0.118417597535919,0.197457787349064,0.143879980749444,0.0923039020468692,0.110759266819893,0.131947364625645,0.127941466448244,0.15631767343906,0.100176653796583,0.272347430812746,0.145263008047776,0.118487975589345,0.13715798731377,0.117703662210908,0.120280554224652,0.0871912481532424,0.0888624734967524,0.0706968239162423,0.140055709650345,0.12499199112365,0.110808665931896,0.11728618538708,0.217271944504055,0.110145777778513,0.123243821777247,0.123656560635925,0.0992577107626745,0.122854127148974,0.29962981545743,0.119397306535319,0.165430701734157,0.103304806813016,0.168952506289765,0.0915319807232969,0.111736632719195,0.0848744096601898,0.136876861248355,0.111399246474273,0.153354909072955,0.105132691822706,0.1007117126918,0.134385598646897,0.100373349009205,0.120222370964565,0.125166271854111,0.103440924531824,0.116560613026052,0.132250933518865,0.173896127027198,0.388423930987244,0.0790279557133504,0.0646470439584734,0.167192443986252,0.111585340132616,0.0896632932597108,0.0742836237627382,0.461000354892494,0.106200983381414,0.111994379570023,0.0920515225935905,0.154828177088374
"auristellae",0.241122945357357,0.256775857757622,0.176493453449423,0.268271797453369,0.232343685516675,0.138685354132265,1,0.168502388374036,0.211227767070981,0.189336800024746,0.165782709378756,0.136210557203567,0.170412770740071,0.203131011109559,0.237016324608328,0.212564690925984,0.204118163570106,0.237665014821349,0.18758443358759,0.15986073305813,0.207221141413932,0.206254430418927,0.225174354464135,0.263223883895504,0.186006381968556,0.200320931526486,0.143894180927927,0.18919177865308,0.162929135325796,0.19482724718032,0.154682965508842,0.160674330000644,0.276083742643962,0.217302030994268,0.192481078032845,0.180108493895234,0.189046727170312,0.113214851903826,0.174558301173405,0.142506129079197,0.180419754330684,0.233301083219585,0.203887976070489,0.197080678509806,0.156839158537051,0.132723628110902,0.159708980340142,0.219924719080909,0.116405530828761,0.225012726024168,0.196453927071632,0.189534888622866,0.201605542201686,0.154746779007319,0.118944364490323,0.177285931188012,0.161836300741757,0.208408065898036,0.196683449943589,0.155799348359093,0.214439439887812,0.210605471428532,0.22613223347861,0.19119740960841,0.243753376107173,0.253345536931176,0.179530554646273,0.249218944634205,0.182629909820962,0.276795484273513,0.16280915606214,0.187753972642685,0.194556233238891,0.163317974797187,0.173000704367459,0.252885582453985,0.181288842408787,0.141237972868426,0.244391248868788,0.185759901267998,0.222401883460291,0.204648977401125,0.196930924331118,0.185550518700811,0.143901514831627,0.178713096817594,0.201810968805192,0.149867683286615,0.103397303242229,0.227742008303658,0.107089131478576,0.134731140074929,0.116554163063856,0.155989382723808,0.20818777017677,0.168641457925628,0.16524070181762,0.246277443895536
"bourgonii",0.161789438783316,0.144076837274339,0.117575103965453,0.140122809450259,0.149756362899218,0.0954293616278619,0.168502388374036,1,0.145086656029945,0.103973199193801,0.198842368187541,0.123802636920963,0.124285476353949,0.242592676037784,0.168324546190991,0.183341946291508,0.111138992046708,0.236559142794202,0.141423581917476,0.145291449206855,0.158753151275018,0.214086514421957,0.137298888298604,0.197908147556025,0.107862820742821,0.124717225563564,0.204159220956945,0.153254381292987,0.173067162242578,0.142715839678663,0.130271585127258,0.126373500026602,0.189220084660662,0.167875539479095,0.125517828959094,0.121782552421863,0.134269266902774,0.109072233663057,0.134581987770233,0.114321872472282,0.133489131035163,0.153550407801661,0.112500077926809,0.144652359757988,0.122700395241746,0.123157236421544,0.111512437717376,0.171085340935558,0.128936374570063,0.13173285164583,0.0944450234882817,0.176730477668279,0.161218210547923,0.104285694841542,0.109855044802122,0.128173232725717,0.107932413854358,0.149384934045032,0.148414628835085,0.119885979032946,0.176410028406644,0.146225719493081,0.144934742739341,0.145668603442089,0.166346355445694,0.141821335710439,0.105076251758854,0.20604138744838,0.14388261839838,0.166657267766473,0.152733882242896,0.161133167555284,0.146104571387175,0.151841559533658,0.152736597751526,0.178692410231238,0.158873040481521,0.124254131339159,0.190804770384312,0.198985376377385,0.167185740749009,0.142504567500921,0.138171146807103,0.183511702865562,0.0993058599691226,0.120752838429246,0.122389897805051,0.0992404648239694,0.103827214164005,0.144517311255406,0.121129785599674,0.104472558244408,0.0677639606345172,0.11226497031183,0.163728256671103,0.0977508247911417,0.118232987352217,0.151226420092745
"brachyrhachis.aff",0.251228297742613,0.168391155509783,0.175537586617284,0.306266522414565,0.14293193576611,0.146321483751236,0.211227767070981,0.145086656029945,1,0.224549815660618,0.242479017746439,0.113380163130501,0.129012680856821,0.315529916544551,0.206391755583188,0.333377385364571,0.18119218733153,0.233085609651216,0.210491918733085,0.108415961215276,0.229441363701889,0.282048321423635,0.368779687141004,0.225602212739238,0.220254180731422,0.213303448316192,0.144595528875474,0.227331674170205,0.250646150296441,0.100517326064357,0.250574866302289,0.190779798734261,0.278669229039511,0.199860093395975,0.259757577011808,0.178377231482453,0.306898296273297,0.082342346704816,0.401586539867704,0.16695448674222,0.165300232701162,0.269566785928891,0.133576075384458,0.268932179439479,0.108357342497274,0.293793721593179,0.160121205705791,0.150660048653562,0.071717805519953,0.139777274294307,0.26951416906545,0.2425491027247,0.172586969910746,0.194547610509559,0.0904474587968235,0.356639929277131,0.368642618858084,0.23466369132132,0.190780104581633,0.254154965054717,0.210879852314509,0.332829398084617,0.215649692268532,0.352041092344216,0.254670387911726,0.237439534397556,0.423446656913141,0.270817200409633,0.218802436465831,0.368121446343965,0.120976651776719,0.162644761708322,0.223891016622646,0.353676157134117,0.203642473614685,0.257641758538031,0.218209853068213,0.15909125415027,0.20094756586873,0.234509228448733,0.191678576297954,0.32436713656748,0.157731441262445,0.144699611470975,0.335918054134015,0.14837129882632,0.213462118497528,0.171033162395558,0.163092607943732,0.276871496122146,0.0675886402694634,0.095666989105223,0.0706759208429783,0.201921005520108,0.217167232274798,0.201133861477317,0.166035639430645,0.342479603573585
"brachystachys",0.207318416111271,0.180081578637898,0.125940302366788,0.202765161692274,0.269729736750323,0.172748068472077,0.189336800024746,0.103973199193801,0.224549815660618,1,0.424994564936623,0.251396302340491,0.220408446668077,0.168570133168443,0.177947126235837,0.258043860255119,0.180091239120304,0.173359655383482,0.163610075611827,0.108456024273915,0.199639586135792,0.203996944248668,0.232156530796742,0.197147537818756,0.218693233400332,0.320063952447794,0.132444938587189,0.231289975654685,0.155028644004897,0.117056620505912,0.134034487269222,0.389397782749368,0.211461553485411,0.16092963291703,0.37643169338303,0.135952995834115,0.197010175317869,0.117635527608242,0.227693860066543,0.129369302430246,0.366724257546815,0.193289685157741,0.175186206888272,0.212547194549859,0.102535409411108,0.138538836158545,0.374700341373236,0.135204200152303,0.251569019816185,0.295930868943564,0.209499309329452,0.173117674826611,0.128108502352954,0.130269535772016,0.0808855786794686,0.202757670186325,0.181346175380549,0.151293883665036,0.378599935285881,0.14853494168582,0.166884397202525,0.207719661047854,0.180142398221022,0.150426888380284,0.215640018274842,0.188236873091092,0.177677653869767,0.219143505105978,0.206592866524983,0.201314086561892,0.302507924765609,0.18494712545156,0.126089014055765,0.149374199987746,0.160674820934522,0.159421705324923,0.179600180886191,0.137907509159645,0.196957519873491,0.134447501185789,0.184920846315573,0.210020627248121,0.139565520457439,0.125585806706457,0.170977721059257,0.194261490957102,0.204383601532747,0.124788846140472,0.0974017004416133,0.336411821588395,0.0738730784264154,0.268340685789698,0.0810809578343779,0.138212386523213,0.155565001803377,0.409339581141642,0.156938506435783,0.201698563735451
"brachystachys.aff",0.317720506356477,0.153692519131369,0.126343051996016,0.231534143060629,0.228638246033223,0.136860156805716,0.165782709378756,0.198842368187541,0.242479017746439,0.424994564936623,1,0.335137013093409,0.204847088830449,0.192574147093074,0.170250135377679,0.214525834568142,0.161895311551879,0.186387487296432,0.151284788319271,0.12443005311515,0.174888007248832,0.255552130687171,0.324979183039856,0.172326799336844,0.209034258686492,0.326882841069364,0.190468982692713,0.157309401505364,0.130569111298093,0.128285823053031,0.123448377367406,0.374188379750747,0.189103647287666,0.196054998594611,0.369272578507562,0.138938770944899,0.304430460898201,0.0938221503414368,0.23601363515775,0.202530200082011,0.332105370827151,0.154437581681971,0.130463684114316,0.179997669715341,0.138437592201853,0.106345310294544,0.342401335428906,0.140831937454767,0.293247862345075,0.282317536597699,0.232127032919865,0.152189415401512,0.127041046072339,0.110467903454726,0.0923042353694149,0.28374845413037,0.292533803484464,0.169357227006438,0.284292862088826,0.119541978278861,0.145092757253809,0.282827667534438,0.18711951582044,0.140142600418476,0.188151916482195,0.176358665905648,0.219775236998726,0.259849365439353,0.152654005775705,0.238129684362002,0.309584974056408,0.224879010460277,0.118301709763687,0.15205401135974,0.120413801315627,0.146859139389433,0.197732116155056,0.104378115928206,0.195893222820096,0.119727125020896,0.184649955303664,0.20360191540936,0.131757630839528,0.200459848920847,0.289420789943197,0.171759124722938,0.224756528865691,0.0960493279647827,0.0925305790281512,0.2806387873538,0.157278579789756,0.284410747980445,0.0670153970175885,0.150398947489811,0.143728048663244,0.366356803368886,0.141170223842318,0.219712024485463
"brevialata",0.310287319576598,0.13374020909484,0.102032692114995,0.117613477051583,0.219090130458601,0.114780518900559,0.136210557203567,0.123802636920963,0.113380163130501,0.251396302340491,0.335137013093409,1,0.191474995569872,0.116598089669082,0.109930247890692,0.118612160534223,0.0759300000480972,0.138543278066403,0.0953496808408427,0.245887914331427,0.0918437736152708,0.14304285837955,0.110954839820104,0.172877412624667,0.0960435802722,0.282295342597183,0.134468465633042,0.104654448702886,0.104882436186693,0.349773945925232,0.0855652505950394,0.243422926645727,0.125850047982896,0.339996433921137,0.247400353962123,0.0968574171144321,0.0867531471386551,0.109120942264771,0.0861865976141311,0.428976963165457,0.230610814758538,0.100589830973799,0.0974493588413355,0.0997602244116511,0.228101174981419,0.069919058525672,0.232576283617504,0.107969773793054,0.538261543702372,0.230598235868924,0.0768434226788436,0.105228348260445,0.10546238605407,0.0809576473166979,0.0817574350106509,0.101173818161899,0.0798793052780527,0.112565382512515,0.225783835144369,0.0745877898613026,0.109910432667898,0.0934585327937739,0.13437927744148,0.100218701161104,0.108187110414163,0.139891181352589,0.122643749901194,0.240014044984153,0.0738215500243309,0.251871224164903,0.276852792213312,0.151046829455377,0.117366253365876,0.0951052615158675,0.0854468693898167,0.150850708616018,0.143498984974084,0.0723782212907837,0.171467026556046,0.126740629080778,0.140024186666038,0.142131288451051,0.15796483916519,0.209271796750647,0.0799451999436787,0.418316440995126,0.168507819914752,0.0705144854705938,0.0511869468147664,0.214661926138412,0.478851091454665,0.273978736580896,0.090850268044774,0.171700699039373,0.118600009707454,0.236864905879056,0.0707270896060583,0.130821040438096
"brevipes",0.175293963909519,0.143357761682052,0.130693053884354,0.176637242626103,0.234889293314122,0.0911872093616482,0.170412770740071,0.124285476353949,0.129012680856821,0.220408446668077,0.204847088830449,0.191474995569872,1,0.149575193718111,0.145454350510697,0.158625395911484,0.130482389820268,0.182398869313982,0.206425877523111,0.126906852326525,0.188132249870618,0.14517296072042,0.126550102261919,0.164559011238993,0.136808299888989,0.249586677512032,0.115471021387673,0.153848995715964,0.135249027253174,0.107712559341996,0.123101928922862,0.203327105413038,0.171331671250704,0.136444074122773,0.237711861052199,0.140227713909105,0.128170280086194,0.0943591688141837,0.137961981406429,0.0986851534851358,0.221599668195183,0.152667596863786,0.133850736339334,0.149390628983236,0.0829459175331275,0.137534127894066,0.190255271745102,0.133009942135526,0.175017485070871,0.224429801882971,0.146684985288433,0.175145351305431,0.141568396893395,0.127051054153596,0.0887589570161979,0.122964893666028,0.142942041229681,0.164229419423881,0.236874078058476,0.12905707146291,0.168401415213847,0.16051420653558,0.149268220817933,0.121654229006705,0.171305213885539,0.138812777475305,0.142240804270617,0.168079141164692,0.135618065013427,0.15968251141976,0.225773917480782,0.129473817366645,0.154114922524552,0.128915540546348,0.129919166097574,0.17273862780856,0.142406436732304,0.179840695552502,0.162157392412833,0.142030236778954,0.147030598990331,0.184652224278217,0.138889864949974,0.140389973731634,0.14071886337819,0.133688588192031,0.121215260460211,0.103390983569138,0.117888367510245,0.228673804787355,0.0732260839973255,0.199814887437402,0.0689259385194905,0.100163156111603,0.163727872202777,0.228091190744967,0.156172806356833,0.181512698281193
"capitata12",0.20264468114992,0.160940844730918,0.155295094717323,0.225067271851967,0.160293327651111,0.111040338361363,0.203131011109559,0.242592676037784,0.315529916544551,0.168570133168443,0.192574147093074,0.116598089669082,0.149575193718111,1,0.189303908421324,0.266399977872385,0.174903197336327,0.215678949516714,0.173519520326209,0.116359350271413,0.249776146890594,0.221498183036566,0.206860922052093,0.206541793587058,0.155727672301933,0.166233943059597,0.161023863263169,0.190629204957622,0.286403019949482,0.105125665721618,0.274329223383152,0.139184449422389,0.305221747082015,0.174025791665962,0.195494389335292,0.19949184984898,0.190996252895302,0.107800618563202,0.240181768610176,0.157230989722167,0.171561421117494,0.22956105821356,0.157437486826746,0.215246242165356,0.123225186063584,0.220123014356689,0.10958650093638,0.183689858728531,0.0730074060691746,0.148828067466303,0.167092277463926,0.212280395920728,0.176580473611677,0.195943997018873,0.0967934698133874,0.208654503727261,0.221772948264728,0.193075349526423,0.196699595880735,0.19461104522932,0.20871089602138,0.300811429468613,0.18257756388477,0.297108080139008,0.222576701079581,0.212155580393433,0.321254458034126,0.215537300417762,0.192194232269515,0.286249702804041,0.134082885732371,0.137356599157709,0.192868235849291,0.270675674957022,0.246902067490951,0.210426122258004,0.22595803176224,0.159291385498592,0.182771547597552,0.221352488132717,0.207460799896273,0.307967198432616,0.165946717853282,0.214881503936792,0.210809385090866,0.142015481798598,0.152426378999683,0.148080886240358,0.121097958314065,0.239920248880453,0.0852239581285503,0.114704442021041,0.0736588730729421,0.181154605400997,0.202243534554138,0.146369323956575,0.161902028459956,0.284689523994156
"capitata33",0.188989732875765,0.201971931318711,0.158707614611387,0.249444228854717,0.198599800269299,0.109859288275518,0.237016324608328,0.168324546190991,0.206391755583188,0.177947126235837,0.170250135377679,0.109930247890692,0.145454350510697,0.189303908421324,1,0.265831740130805,0.161710762479519,0.275484926664321,0.232057110096431,0.127279231199063,0.228701640622114,0.211464924618179,0.218958336814745,0.23700431872163,0.181843275619618,0.161413687616314,0.115111401094598,0.184024996219893,0.163876310345544,0.13053950904941,0.178624379866633,0.145742782313434,0.262301894428795,0.194532370230119,0.218931900949657,0.177676828904627,0.196195123092722,0.119831258287258,0.200292765996831,0.1221677596506,0.189362322362393,0.231996641690157,0.155725987622903,0.238991109532629,0.108506284214037,0.164912371198462,0.167005415084449,0.192130164718685,0.0905862075619099,0.181183287334373,0.18333526374534,0.193561460005287,0.186063643003593,0.161482720654645,0.114665134107093,0.205735979127107,0.163339126688888,0.189318446976033,0.208803306551963,0.182081737322493,0.237513951702707,0.190888121720253,0.217880808827804,0.189383202214354,0.236462860103408,0.20184564998987,0.179688951674782,0.206799805204724,0.233405038035484,0.221190915305415,0.170562956073301,0.155395385750874,0.187639048131028,0.177204039049021,0.206671465205708,0.197728104431414,0.194960272021264,0.172044794840604,0.202792002894344,0.207741570619446,0.205135081948088,0.266848313780412,0.159964095709385,0.147824652417217,0.143697247977016,0.127655927442377,0.176681639147408,0.159570578633412,0.113914287997238,0.211208592359827,0.0720649284178791,0.109722584115586,0.080744236125048,0.152637273437401,0.2178071831387,0.148727921254923,0.187277618091477,0.246106603699692
"capitata35",0.203489460528333,0.203681792387435,0.182140352170336,0.286782822985342,0.19043790491943,0.128727699156366,0.212564690925984,0.183341946291508,0.333377385364571,0.258043860255119,0.214525834568142,0.118612160534223,0.158625395911484,0.266399977872385,0.265831740130805,1,0.179699856102397,0.251564697208283,0.246849160053068,0.136832365165083,0.26690360966434,0.256420983424349,0.274511563882918,0.269780176491056,0.204508109551115,0.186319082529361,0.161100824453807,0.250013094537653,0.24771736688372,0.141252909157948,0.247863378018171,0.199065052538124,0.315829599615877,0.230764904427661,0.249373040884009,0.208790402982031,0.280380170286459,0.128814364883475,0.277172984637497,0.17601425673222,0.183358833025797,0.284636320572144,0.161467081955815,0.263997146168342,0.129879127711448,0.21937552925703,0.155510718419455,0.216989730192387,0.095499586170597,0.184049747055883,0.228171309600188,0.224081449959386,0.192976090637818,0.236831927114447,0.136917040011662,0.265536703420786,0.234564012826417,0.219606998596624,0.265332584244824,0.202552747902099,0.245112888486491,0.270072359151574,0.232423021070814,0.252889118368539,0.261674747209694,0.258630823939165,0.269192872572133,0.25151654864353,0.244805236290436,0.284153729688442,0.156924644910008,0.180197682530583,0.210919519828184,0.259808762543597,0.20935686173087,0.226921725266274,0.230799614377058,0.176217572822459,0.263936040047463,0.225147280029783,0.244723046943916,0.312797220208903,0.194278565501154,0.185469028910294,0.220980019801588,0.158470552092741,0.202319923635554,0.167548594711891,0.143761453869063,0.227923372623324,0.0936423689429196,0.119092481473029,0.0732603847784252,0.177272043335084,0.228376455266616,0.183281219539018,0.18015239228163,0.340151682150964
"cayennensis",0.16456178099261,0.178693749353315,0.190367401027556,0.19680036305039,0.156436759103778,0.105980116726923,0.204118163570106,0.111138992046708,0.18119218733153,0.180091239120304,0.161895311551879,0.0759300000480972,0.130482389820268,0.174903197336327,0.161710762479519,0.179699856102397,1,0.208668438367293,0.191647061088504,0.0936302975231885,0.195831449388948,0.187004627928155,0.201123218030751,0.200360336696024,0.169523027764929,0.162969753626126,0.112996080416625,0.187455126942148,0.147501497338714,0.0986157911176697,0.146633905798749,0.142750634799886,0.211432384825003,0.172085538341387,0.15667209402514,0.161954545485836,0.186084131669301,0.0826648281970641,0.194808927847295,0.108114117132547,0.21326844622506,0.206727792885804,0.165061187802368,0.172988289102061,0.0980959337885579,0.139536570662264,0.130858088047865,0.141136693342471,0.0634836544850581,0.147710709642306,0.18447471380647,0.169941932554362,0.15279755539162,0.116960274530436,0.103069015555674,0.161586946017704,0.172143606258556,0.198462284825651,0.24260891468463,0.141452426719715,0.19827008930079,0.185951906584332,0.164193254321086,0.147613330493502,0.216974839487521,0.178394717941249,0.166877108180957,0.189779187686932,0.243913460756004,0.178771846739878,0.104852160355119,0.150059345064345,0.14340123089716,0.161820282693634,0.192046744851506,0.169618907339934,0.168494511610889,0.167937599458778,0.159560867677143,0.138650832746422,0.188123706071078,0.18454760208797,0.159432507388355,0.143291593500439,0.159516803669894,0.165122924372269,0.166021128323529,0.12480045648469,0.0915928975365903,0.202325469480398,0.0587912008963461,0.11377130690866,0.0939068534611017,0.135576976414759,0.150278322077859,0.140268073277113,0.141129758321827,0.198257926682015
"chartacea",0.231450046730191,0.246194836979105,0.209474670039474,0.266308307835635,0.263931238197233,0.132778210844692,0.237665014821349,0.236559142794202,0.233085609651216,0.173359655383482,0.186387487296432,0.138543278066403,0.182398869313982,0.215678949516714,0.275484926664321,0.251564697208283,0.208668438367293,1,0.200496875490569,0.138444265349287,0.233352143666771,0.266169802723057,0.231624721916244,0.334464197582874,0.187129156667611,0.187854923274421,0.140974118890465,0.227698950421951,0.197864640887915,0.147257413740034,0.202462773915202,0.176224549461546,0.298991065141586,0.267658668042055,0.228845458713422,0.193121089014938,0.213754240319965,0.127419615363229,0.248247533369805,0.162755621942573,0.195275584034149,0.235161433132676,0.177376143092879,0.226239266275514,0.146284091782139,0.183939420629619,0.160326610695253,0.179601867077846,0.118678466013446,0.195945114466784,0.20024083887296,0.265308192699965,0.228061079068265,0.187427846460544,0.12394535320284,0.208185970863231,0.224216532037669,0.228197769695882,0.233227798369051,0.205158654181252,0.266277714816176,0.274064043478119,0.230809914089124,0.220979673716513,0.264248449344011,0.23277008554676,0.233156709480928,0.270697545919928,0.241677143758322,0.255412652560623,0.180343823761051,0.188507244220229,0.208154403754197,0.225852116534783,0.194845399885321,0.251091448749366,0.258951385651694,0.211921789506631,0.238487154940885,0.229595400348842,0.282892320347298,0.260814762021312,0.189614397921712,0.180747615538733,0.187249548948769,0.175417553797852,0.193787592511165,0.153441207755818,0.139048456797044,0.226557052565958,0.104792831811434,0.158968185490185,0.088957649745084,0.167519672277766,0.248343635511553,0.161552052251493,0.174351250807478,0.27556789907495
"cinnamomea",0.180633919299358,0.182880651606576,0.330254735931184,0.21468587959289,0.159003178241925,0.105686090241175,0.18758443358759,0.141423581917476,0.210491918733085,0.163610075611827,0.151284788319271,0.0953496808408427,0.206425877523111,0.173519520326209,0.232057110096431,0.246849160053068,0.191647061088504,0.200496875490569,1,0.137527002669832,0.186733217735632,0.199715673921392,0.231460288736291,0.208505018804622,0.151655101807899,0.158405334908527,0.106029352742505,0.170520556383016,0.188391574738621,0.131442719615947,0.16781484499266,0.154394785680054,0.22153540044251,0.179103508803982,0.182561985596589,0.16643588077577,0.179130947103019,0.12622347442316,0.17779827944517,0.111477466936061,0.147295623167964,0.214259247425763,0.134142195621866,0.183671384236122,0.132769896606188,0.158679492616851,0.122773911888143,0.188348832140331,0.0989118899012903,0.146293958508449,0.249861932006448,0.187258631233049,0.187576357641757,0.157931623062626,0.116801569570156,0.168089386577431,0.167920285265093,0.165964418887329,0.225808335556296,0.15335203418148,0.21166004734086,0.195590405325793,0.230653522208981,0.176777645331174,0.208880959449682,0.228409198034662,0.185531152653883,0.178449222499438,0.170109355107455,0.218084256616072,0.142921547414594,0.139912215410028,0.163756636660038,0.192608013031851,0.17768908730456,0.201637491710274,0.155729452885598,0.130721036656857,0.182899084732337,0.15881558885044,0.181704527049999,0.196031571949509,0.150261388515633,0.146578794881157,0.152272531202626,0.123585519946311,0.177559920427286,0.133251044199903,0.124297338311145,0.19383456072234,0.0882980184782396,0.121689050820164,0.073750473794973,0.149284399411257,0.180324413416827,0.141946937229092,0.154497009794613,0.244105677483327
"cocleensis",0.268758063098589,0.139968161554203,0.115886721926176,0.197558198855733,0.129124727033423,0.106771058436772,0.15986073305813,0.145291449206855,0.108415961215276,0.108456024273915,0.12443005311515,0.245887914331427,0.126906852326525,0.116359350271413,0.127279231199063,0.136832365165083,0.0936302975231885,0.138444265349287,0.137527002669832,1,0.117645821913724,0.144898895325132,0.139523402733362,0.165480821631758,0.101923172805193,0.111457948146718,0.109523207682206,0.118117999347942,0.093755223617707,0.244663437290056,0.100558842216617,0.0792924112170465,0.131225256084773,0.191190419849094,0.103944822345687,0.10585955915299,0.0935432802280652,0.113666369044507,0.0931180669810137,0.232538361259928,0.101646667885794,0.108400519616952,0.110204834374026,0.107640585965632,0.132381853573605,0.0778317550686349,0.0684637212550291,0.147720927274899,0.224039110672758,0.0997839437353005,0.0864345321896397,0.0987625104230404,0.113313581608556,0.0997020034244666,0.0944112729576694,0.0832408492559789,0.0791258484663486,0.125744512571388,0.130882790739687,0.0932169891868596,0.131354177258499,0.0955265751170291,0.148067322307201,0.114055674773197,0.123302587042465,0.129330315734424,0.0880198802079026,0.27035236929298,0.0940763152571911,0.18754139563208,0.112351926866603,0.187507671378317,0.19806194471996,0.113396202008034,0.102121056359041,0.164096658514531,0.124844785379889,0.0856468798451851,0.173453099392088,0.136076683142627,0.152864469552657,0.106837045521722,0.153544034139097,0.233026162187991,0.0755542017265216,0.171141587962124,0.122787118093846,0.0715642861111882,0.0745655838316678,0.101888120793942,0.242710985846588,0.127029099278544,0.0676510823887282,0.102438506660485,0.130311672519121,0.0843760038302308,0.116291417211975,0.126811967111737
"cordatoalata",0.223976455592916,0.191158463592444,0.161749414353838,0.240608778183123,0.153021974254905,0.11740222842126,0.207221141413932,0.158753151275018,0.229441363701889,0.199639586135792,0.174888007248832,0.0918437736152708,0.188132249870618,0.249776146890594,0.228701640622114,0.26690360966434,0.195831449388948,0.233352143666771,0.186733217735632,0.117645821913724,1,0.264429190250868,0.272664379860446,0.24095241709749,0.199720770979202,0.161543281436278,0.165038024459907,0.233971345902808,0.170780278868988,0.123455950712968,0.21105285631091,0.186166031833554,0.323718668544864,0.207670019437519,0.206596246273283,0.235560662797875,0.237534274326802,0.0977375023924085,0.226042008826867,0.110915579913928,0.179117533531312,0.277330982152163,0.157015695406726,0.198786957582136,0.111995550997333,0.204962773538876,0.125060855326636,0.164320337058316,0.080955711876265,0.163089780169521,0.220933022144468,0.217841651490447,0.195357139335133,0.172046661226161,0.0888717141950307,0.210826558847006,0.262393206593941,0.239603513574328,0.248925754540201,0.182189275066985,0.233760790785486,0.343131597038411,0.256436754340906,0.204311695746651,0.249397202694217,0.199090534006453,0.260315036539778,0.227938542013937,0.269416858675781,0.226003292635343,0.134398750676316,0.157997499164752,0.206602116561246,0.240581081255411,0.19243581786078,0.205659637431318,0.196496374361736,0.182369441519413,0.174150431701076,0.19139856082731,0.205826854166559,0.259153266081236,0.141363960813504,0.150615540495119,0.236438289592551,0.146171569084823,0.190120364993852,0.217374914956648,0.119787828906801,0.203153352330979,0.0705852523239921,0.134588745416502,0.0832931666690548,0.127558571783,0.195466078603185,0.146064236884126,0.17047803206374,0.359738279773799
"coruscans",0.249669790304425,0.167545397371957,0.175227236374517,0.269526136646197,0.145308219578502,0.154588564431318,0.206254430418927,0.214086514421957,0.282048321423635,0.203996944248668,0.255552130687171,0.14304285837955,0.14517296072042,0.221498183036566,0.211464924618179,0.256420983424349,0.187004627928155,0.266169802723057,0.199715673921392,0.144898895325132,0.264429190250868,1,0.260712632754258,0.242165232231151,0.215739554061196,0.16678925052502,0.159561220156052,0.246979232780022,0.192009527426884,0.133462134917505,0.195236660830759,0.207734831573612,0.287931286915775,0.224528374203546,0.237088316907587,0.224951014589439,0.246906379906316,0.102233577103883,0.274015046301493,0.165332920486584,0.247854852045532,0.360015055872037,0.148642855905258,0.287552483441747,0.193384951973506,0.193926582437893,0.13570717069517,0.21341199763777,0.101304018553922,0.160264696847336,0.273615871919306,0.224476580574387,0.182769145047812,0.193972032869614,0.108871122809981,0.248643218141508,0.265136854213182,0.222923094348712,0.245351073388505,0.182919980693324,0.213797767162358,0.294885584249207,0.215107798593697,0.221057805409038,0.263988398498435,0.258831266587335,0.275081440665585,0.27807726130142,0.234605253158261,0.294700770876743,0.13553320109398,0.189673777042022,0.208056056549732,0.27685957093854,0.191266950144267,0.201688972206562,0.274882219167104,0.155675229534816,0.233166862598361,0.184188930672811,0.210138111522296,0.241648780649387,0.159521495217194,0.181062249210526,0.249378255246614,0.199428174065881,0.231028619786907,0.184634106910477,0.130754959034899,0.227011027500943,0.101257362962363,0.111655446441095,0.0767498667688921,0.170185030926529,0.189780284525242,0.173513286586458,0.172565799466609,0.345415600161539
