"","acreana","acrocephala","acuminata","alata","alba","aria","auristellae","bourgonii","brachyrhachis.aff","brachystachys","brachystachys.aff","brevialata","brevipes","capitata12","capitata33","capitata35","cayennensis","chartacea","cinnamomea","cocleensis","cordatoalata","coruscans","cylindrica","edulis","fastuosa","flagelliformis","fosteriana","glomeriflora","goldmanii","gracilifolia","grandiflora","heterophylla","huberi","ingoides","jenmanii","kursarii","LA17","LA41","LA48","lateriflora","laurina","leiocalycina","leiocalycina.aff","lomatophylla","longiflora","longipedunculata","loubryana","M18","M25","M27","M30","M71","marginata","melinonis","microcoma","multinervis","nobilis","nouragensis","obidensis","oerstediana","paraensis","pezizifera","pezizifera.aff","pitmanii","poeppigiana","punctata","retinocarpa","rubiginosa","ruiziana","sapindoides","sertulifera","setosa","spectabilis","splendens","stipularis","striata","suaveolens","subcapitata","T18","T21","T29","T50","T51","T82","T85","tenuistipula","thibaudiana","tomentosa","ulei","umbellifera","umbellifera.aff","umbratica","velutina","venusta","vera","virgultosa","vismiifolia","Zygia.mediana"
"acreana",1,0.199640335454197,0.150307859048547,0.188611438348772,0.33761490002828,0.231724945131014,0.330843183255189,0.230144800808302,0.226814664558583,0.149659837586239,0.17418077625532,0.14273387921025,0.153047427869597,0.163668004561468,0.207732583319972,0.209779834099315,0.273441264498761,0.218197764895731,0.161960055920193,0.126510114019293,0.237075680685333,0.175915627423182,0.207681726729865,0.206012657748145,0.193159107555635,0.143910472161797,0.0772742618283827,0.147917663309395,0.148259352187438,0.154574804911418,0.178814058801682,0.144653078307068,0.193100240234197,0.158439636209669,0.155693105191546,0.163473441682492,0.152241874897423,0.143090613817336,0.150330845074884,0.150871224787751,0.177332825049108,0.17181626382763,0.145101603572444,0.176526978509637,0.188171828610679,0.181986187719031,0.213001529452233,0.198670370697411,0.148499738987792,0.331960798784343,0.159272152470901,0.145306035852255,0.239538784354074,0.139974841312853,0.152511014831469,0.183671824940964,0.148221491355407,0.172706715452342,0.151898389027878,0.194619360873711,0.186238289025676,0.174481206074373,0.180219282016246,0.163797673449164,0.17464283164806,0.228456892714193,0.160622944418068,0.2116076469321,0.164874909511459,0.274967489821171,0.174530362076083,0.13655388107943,0.257033307815507,0.167941953858854,0.177260143585422,0.230137214618269,0.141946941992589,0.150963685315668,0.158567637910906,0.1922439603065,0.213662077148195,0.210982520276015,0.130149224447963,0.150852452163168,0.0747523571690299,0.13466473371876,0.198093217412589,0.114349230186197,0.137704335254893,0.203343950345565,0.160443467188751,0.16408239937189,0.115620246141743,0.180334378717202,0.167438849526531,0.117207022016886,0.132942521918667,0.204603055176123
"acrocephala",0.199640335454197,1,0.198339783865587,0.238668352719858,0.192829243621737,0.174289867183677,0.197557863833066,0.165423823482657,0.226786388642618,0.211020508263649,0.148493314527463,0.186971720802565,0.155764823679073,0.206723598365731,0.218308278381095,0.18884317530464,0.133886900371594,0.27099993661954,0.168687285190187,0.18656878372467,0.261680724903029,0.172680054338434,0.188338026431085,0.215052972363564,0.232279662739889,0.173606445898025,0.10632921415651,0.157685489547315,0.177005097254618,0.195970564155199,0.223670832683709,0.170424067076072,0.233267168097121,0.198533979950874,0.183763120030193,0.186075463889751,0.195593736243556,0.120292111446179,0.221614799097896,0.208188254922667,0.233660014420077,0.225257832868804,0.206169293915529,0.19216919055751,0.149982553253971,0.215125009632876,0.199328481017177,0.204634748794932,0.161417529255973,0.135261144348232,0.181885998415845,0.169408653290015,0.203629562777876,0.177699772151816,0.189090200753903,0.214359579405496,0.207625914044621,0.18104948782931,0.179621484709326,0.223385476074432,0.195496937071512,0.202761184689172,0.222139747183692,0.198327662715871,0.195714099518007,0.234586123632555,0.188790032009124,0.222370482177081,0.167793025194201,0.246258358098977,0.230608403586704,0.154259687723468,0.224534845125203,0.166014890208868,0.242915626231102,0.243035205332024,0.142373184789552,0.146723383430015,0.171244964949954,0.18640952684357,0.178360455808616,0.243034811685082,0.147665098185435,0.171808740696084,0.0967191696606358,0.143875484336185,0.221923119019947,0.434487131716549,0.204470273333685,0.229641658215983,0.176325314252817,0.170636750781085,0.106911943684842,0.211651994194857,0.203158165075475,0.118642369584365,0.146839772758202,0.234164030258976
"acuminata",0.150307859048547,0.198339783865587,1,0.304706457709011,0.209723728650511,0.233902095350484,0.2716227509155,0.178139629089386,0.32981753743172,0.259954242491649,0.181947035076889,0.24875247987224,0.217196357044097,0.530292233865932,0.262610545684951,0.203016912133376,0.183712260277693,0.332777182665269,0.199234823074806,0.559965770390654,0.288069760777318,0.258673561652361,0.210814662452882,0.286394587507888,0.210847352322497,0.397905545015617,0.0807148183971126,0.24505534844365,0.203863761728186,0.160653350402557,0.22132069167664,0.230876321726584,0.389043082374552,0.347879609339574,0.211951126751076,0.318295619479105,0.243520553325681,0.16629777395411,0.245432448257832,0.492049208736158,0.227968327135269,0.2956834407029,0.253068743182199,0.300946090624315,0.293778046855094,0.254002823462835,0.199982981327582,0.242291154887878,0.249228952270421,0.142077047346173,0.23819559247168,0.299154255738131,0.223309691432208,0.175463702368551,0.197025514160771,0.219639171448352,0.31819168633247,0.191755322927517,0.174247368203161,0.249708799722198,0.301034294005042,0.256217843899735,0.344510396275262,0.299154971305944,0.208095508632507,0.301223556020136,0.188906239246238,0.22378793591209,0.20756079635519,0.358659602667809,0.282214291322119,0.108774884098852,0.272576160569917,0.257932019436185,0.259675494638294,0.334558081333607,0.176216867035769,0.252641049551292,0.211231097186217,0.292259542039742,0.269283621123891,0.311651470141239,0.19512787050158,0.413837653210642,0.0673277142058849,0.124506704115876,0.325133518097317,0.197322180973341,0.171330946152152,0.193147770035885,0.202845570185982,0.215186437610447,0.142061587276406,0.308030278000157,0.399329482133373,0.136062094673986,0.433937673760716,0.392453428434546
"alata",0.188611438348772,0.238668352719858,0.304706457709011,1,0.248052744825256,0.308975017631544,0.297342619490742,0.220189052380748,0.313592987861939,0.267800852331312,0.29461492281191,0.522711382623321,0.15858127645658,0.470925215108856,0.292759337878671,0.25598627046472,0.200424498826886,0.283766500932827,0.206160237072524,0.31211665238803,0.498166712372298,0.26051917397321,0.243659643943558,0.295684886334359,0.188158231870309,0.299229744942013,0.0837547461912876,0.252111871744301,0.158301815200869,0.1621647078736,0.316979727604779,0.240706752897539,0.407411202909434,0.297271862359937,0.235989720699753,0.321060548148564,0.198221419684337,0.133799578918737,0.359309866631571,0.294405984236045,0.327425389689827,0.307456718940432,0.273197551028585,0.214893487437573,0.191600051492403,0.475102504000632,0.22850272154462,0.21243852332059,0.289717102483768,0.159175829135125,0.380089067171481,0.23337026658101,0.255376386975055,0.162259715211654,0.209427957335084,0.273325483651821,0.254573210654051,0.199955093212774,0.176229251031414,0.491730237742147,0.28464855039706,0.406476504248085,0.466025205163082,0.311256111380874,0.215446709767298,0.404530937326321,0.252562214886447,0.295910345724882,0.216498906141427,0.35477073648476,0.265381073766961,0.11957262236161,0.291456716413028,0.324610288480936,0.247112501690913,0.343343708845192,0.343940788786523,0.194350598753007,0.219581786393373,0.303209933635558,0.296990264361611,0.315855982353229,0.155618558692614,0.330899619370575,0.0807579176916825,0.131651532933411,0.285597931123765,0.207542147626395,0.178739840537877,0.210141448370177,0.214862165345251,0.285309178597126,0.119556807450007,0.495702025662778,0.56375984601525,0.13654342133246,0.219928086264397,0.362254261498717
"alba",0.33761490002828,0.192829243621737,0.209723728650511,0.248052744825256,1,0.182811999655658,0.382231172946621,0.184349002477924,0.230099232593123,0.246159358034073,0.178397091147854,0.171735063686831,0.159717621293079,0.20689124919619,0.278919491580823,0.189653667818386,0.326909056766968,0.342374548386657,0.179748694739201,0.184588152385184,0.276907937146518,0.228956855155032,0.216059488095464,0.295422131209501,0.179877251640375,0.21851934667862,0.106200868675461,0.199356598339068,0.209607331965645,0.181760426584448,0.237886172007326,0.215396525735957,0.297242881584496,0.207049345909356,0.194562642166406,0.159601027271826,0.173020264346758,0.172676951035801,0.168191829511514,0.224984083533702,0.236969433245518,0.226064044238558,0.174536287512644,0.212534451004044,0.194464071251192,0.181401745022295,0.217602623063498,0.209881267444415,0.202298427112842,0.350424443018724,0.171133253865967,0.200147601061688,0.260210854460832,0.180693778787573,0.180295148289767,0.225519178035509,0.199898111588509,0.181665408832655,0.184296529842306,0.184601734115694,0.225880280156729,0.259011380528867,0.189171356896165,0.20973147367509,0.245315136489217,0.261225974270726,0.198033167993522,0.288105403424488,0.188236898374225,0.276468190356415,0.238694228374136,0.122785068755177,0.236076254928249,0.193019799010857,0.216230772243016,0.25203760162212,0.241681182088213,0.176230483429708,0.1947541412676,0.281892307556964,0.212732335426826,0.260017258548498,0.187055413015528,0.230267780814646,0.145778654780376,0.133054726544498,0.246059006811666,0.176067435973837,0.143595981359912,0.239933450925347,0.185538002344121,0.262700029040511,0.102637397086402,0.188575351135541,0.213734604767295,0.134585204988772,0.155808808862894,0.279238147783311
"aria",0.231724945131014,0.174289867183677,0.233902095350484,0.308975017631544,0.182811999655658,1,0.226417238189151,0.315827400295379,0.330252779583742,0.234711493459047,0.242156009424239,0.32589842588388,0.140626423269607,0.298567731371412,0.271238874827455,0.268071101791886,0.127130660939237,0.252314552259765,0.221357307319432,0.24988526915018,0.292788109181971,0.183372309888079,0.295041772863406,0.17601129294042,0.162103236505963,0.194778348765226,0.0727277603637077,0.19021460157943,0.15942391640611,0.18199469009304,0.248468814895088,0.187426316888948,0.249691849526828,0.203523017245787,0.179104685564885,0.297646994580735,0.193470975840853,0.137304920020536,0.267228478074452,0.23729199890461,0.266794576163693,0.205701402919666,0.296447145117217,0.202419352877511,0.172690219754267,0.3138208190507,0.271047523633896,0.204170788581684,0.204586197113299,0.182268217378372,0.286244696963881,0.179090170628152,0.267747651455541,0.152185219201845,0.174718375584453,0.214873327813885,0.178349469148082,0.144264683312341,0.170948131269856,0.338732969113236,0.226029903298586,0.220996838411246,0.264325708088484,0.232199693186077,0.184351920815277,0.343906859084218,0.196064929340491,0.217312369005725,0.216735332989013,0.402784921290322,0.228320901206993,0.125575144252147,0.246543078988496,0.279786785452235,0.226234362996924,0.22493761766895,0.171327146625335,0.177122457915829,0.164279278094624,0.22728617339414,0.250284105924609,0.248268314015914,0.115107657158136,0.238438309038886,0.0729028920567079,0.160020924481163,0.260879381080681,0.177778702958572,0.181639223266188,0.193155031909713,0.206720416848361,0.198420549884158,0.146067348490674,0.271048516451495,0.32298503804561,0.113685033051675,0.178981102613248,0.255097085034606
"auristellae",0.330843183255189,0.197557863833066,0.2716227509155,0.297342619490742,0.382231172946621,0.226417238189151,1,0.219520610481113,0.291940674248119,0.242136629824352,0.237114384178129,0.245640676003123,0.196636728948019,0.30674923736327,0.269386851575139,0.208318076348683,0.304693362635604,0.337358778384235,0.208153060355293,0.247755384133638,0.283628928970723,0.218088462005667,0.24855500414303,0.272569977859797,0.284213714980054,0.244738203295126,0.0920685727096034,0.23648689541277,0.195706000946199,0.165971031686863,0.282568043245173,0.228737307406883,0.41170170408537,0.30010666851792,0.265992735426587,0.202351221320161,0.196552497943471,0.16418582669798,0.220461438496625,0.288745011416922,0.249265069839864,0.241376078665486,0.209260089989006,0.258871187508098,0.230639449534711,0.223095876226936,0.211681180242579,0.256486066565412,0.225658966327464,0.280839393653766,0.24158066327215,0.23472941921325,0.248900867088414,0.184431887339108,0.198346079404048,0.237014281528566,0.286053083774287,0.205956440307663,0.245660578589991,0.224699482637554,0.264698668723702,0.300637818057635,0.267201231981531,0.271447983754117,0.219814050521954,0.310015562378015,0.223085646690517,0.291803215613342,0.287973905262572,0.37175230712491,0.328306048914937,0.132076612947874,0.344915229626095,0.242073112699506,0.216022507180303,0.339820356270568,0.179021897895423,0.218671945783521,0.221068209523084,0.265685780453092,0.284855883637382,0.297076323640468,0.219267865004893,0.285479796065361,0.0797785751512979,0.148034323386812,0.299518407133296,0.164332189577304,0.15837322965173,0.237461398387866,0.227154036445297,0.271047142865359,0.111070239364037,0.26143148502615,0.267603750283769,0.173710545800745,0.216681303511494,0.309511131278909
"bourgonii",0.230144800808302,0.165423823482657,0.178139629089386,0.220189052380748,0.184349002477924,0.315827400295379,0.219520610481113,1,0.251899757625151,0.189360663462457,0.210095749814109,0.228388703283012,0.150643001268564,0.208917870052335,0.239503778711815,0.228042520722946,0.127520468688754,0.236985761651834,0.18440144598141,0.176332835987743,0.257060851579015,0.171386178566655,0.240924072533772,0.191522934982383,0.176462442534215,0.165000376639785,0.0761310828864922,0.162569368550954,0.214038216805037,0.168129632369267,0.191733414890914,0.187178855269725,0.229821576430488,0.204709798029428,0.16105987106855,0.199204432722745,0.182925806265061,0.124705846790334,0.212454009027016,0.157315389487231,0.233526625397164,0.187983896513402,0.176503862109908,0.210108512435314,0.167588270476782,0.223944170389823,0.297912649990823,0.193299353834735,0.164671060609968,0.205707967754575,0.206232691382791,0.164849745891755,0.298492514332452,0.195029411548964,0.179815022934618,0.195300980702404,0.166220540523899,0.215381662304924,0.196084218336222,0.224455421778808,0.188484089950089,0.195006058912963,0.235034367644638,0.17638541758409,0.182565210932505,0.246764200831495,0.177348001327737,0.251068317194842,0.235149633132257,0.301477641289902,0.207861801875975,0.0922901186239493,0.265066138781741,0.193374650511105,0.177786932644697,0.200223814854596,0.170220347103992,0.186560779335615,0.145480840549145,0.207872696402385,0.231585911758228,0.224908132569082,0.149784709669345,0.172127478951579,0.0702247884493171,0.157174452432071,0.214508838843326,0.120780210378616,0.144018590161614,0.229686850972421,0.166128949882364,0.192591458144267,0.117031048840338,0.203836736621025,0.239422402975466,0.157391872446987,0.151847218631428,0.268354055625193
"brachyrhachis.aff",0.226814664558583,0.226786388642618,0.32981753743172,0.313592987861939,0.230099232593123,0.330252779583742,0.291940674248119,0.251899757625151,1,0.354663621438815,0.22828878721302,0.233311541819757,0.19437189759749,0.377891831736203,0.425569299671299,0.340089156533806,0.169322773492593,0.277725405305698,0.338095991375179,0.239667051724871,0.342462373679761,0.210122890490593,0.30810184348519,0.287552933069884,0.228588836452817,0.230175930012786,0.101118902552217,0.198929734991934,0.173923351359418,0.236917629060325,0.275132566518132,0.230973240400827,0.292821503069574,0.240053497419801,0.211093590558577,0.283581547685367,0.229690171551293,0.250689037507709,0.255209326045862,0.267808592282585,0.277158620818056,0.252763676123185,0.237572023447448,0.22915008602809,0.178701560462922,0.292520711856218,0.271526315170764,0.273980025483787,0.275067411116591,0.206325845935173,0.260365052008009,0.250781610683585,0.327006426612862,0.189272008944105,0.234946152601634,0.277273517260063,0.213678399791142,0.202001815928937,0.206568148160228,0.301577736584848,0.33486508330349,0.32803324460317,0.273637953161391,0.273536923469266,0.229286965177867,0.36400462801953,0.246410127225771,0.309509387812006,0.242338813975092,0.358848370449802,0.237897321166046,0.14244685328791,0.289277333348425,0.249301160731951,0.260534703442251,0.338123824645331,0.198715232457371,0.200327251107026,0.232824004995258,0.240836806356733,0.301934124969755,0.27712348430206,0.205111769230713,0.30418125395215,0.0823780347177556,0.153665301608173,0.306217618284668,0.169920640228015,0.230809879403483,0.253848421192165,0.240781499034537,0.235614179717197,0.127445767961777,0.318087225199536,0.296977738718941,0.153105500033245,0.179314895540761,0.315891110795669
"brachystachys",0.149659837586239,0.211020508263649,0.259954242491649,0.267800852331312,0.246159358034073,0.234711493459047,0.242136629824352,0.189360663462457,0.354663621438815,1,0.207301357950848,0.239490952217566,0.170745969630496,0.305538759369879,0.264482706304603,0.198511483658414,0.186999855909914,0.239960601769427,0.431139815167956,0.234965780587905,0.263737269752187,0.186348514186836,0.186246707165996,0.208470992309711,0.185165549245672,0.231730283239525,0.0737451658035734,0.199922267675477,0.187438013001665,0.153871565946151,0.258042799179547,0.25725714369214,0.272035639380702,0.237360250856958,0.171227705150947,0.179678835742881,0.196518004943434,0.176420031763554,0.228249962086945,0.253804237698881,0.193745186205797,0.23398117554318,0.214889754312199,0.179140848929823,0.182865628529778,0.215326443627824,0.201627459288466,0.197083931556908,0.169508338616123,0.164799724682112,0.195330505383574,0.205273140451263,0.249650857921326,0.18364406198152,0.200920302341654,0.241474031474977,0.228566119288047,0.16677494215794,0.285184336361131,0.200220860899694,0.270471608297992,0.255368534315538,0.203397817032011,0.229316047832777,0.185361499747813,0.239869045057794,0.254931942878338,0.22206142752293,0.177038984067223,0.267674325567592,0.286897155460438,0.120254505819786,0.218126511557853,0.239211426109069,0.223984931483569,0.224898150408975,0.142664418674768,0.20522179654088,0.205419907874541,0.267608792349006,0.261242311644078,0.337536602461595,0.148906993494203,0.250134763206728,0.0720397793938408,0.13928984627031,0.262591096850725,0.192055179042018,0.165727521794503,0.228982125074198,0.205626942013321,0.205731186487593,0.114777889259001,0.216915392715084,0.248057653162575,0.122654934472391,0.190019036818643,0.241870628793772
"brachystachys.aff",0.17418077625532,0.148493314527463,0.181947035076889,0.29461492281191,0.178397091147854,0.242156009424239,0.237114384178129,0.210095749814109,0.22828878721302,0.207301357950848,1,0.306508400702078,0.145109049338293,0.261537681878986,0.232403712533891,0.264746613519045,0.106066430110977,0.223443911343401,0.187770388508109,0.174226662045349,0.282894150086464,0.168617960363756,0.196869558547646,0.18243861112726,0.16155933097285,0.205049968743712,0.132076676423446,0.185811865417984,0.159312047328084,0.152056274701459,0.284850800133925,0.223223604293654,0.271974145501417,0.209433324129026,0.208792095189401,0.214272786004089,0.193128160366522,0.143219041166269,0.230909567327307,0.167806506276782,0.274401265088018,0.207086747725359,0.170783587099794,0.182600651233489,0.146398278507161,0.244226506379353,0.248366506719938,0.221577471776275,0.238302651116022,0.173326811823304,0.245466757030383,0.171087629606189,0.234564834137736,0.139826678047359,0.171240772870339,0.230540963729356,0.170615436512045,0.137013098475294,0.150671407469649,0.268345863593635,0.217125280133239,0.253600077849988,0.229831985654929,0.228008712618879,0.169025777450016,0.276923906519709,0.214496755635046,0.292927400484758,0.174223770217939,0.248850895075336,0.222864808750181,0.118012447255853,0.235006814100334,0.216222891260839,0.192162144441414,0.26886244658862,0.212792835668566,0.166801263164612,0.188528719338226,0.206295505523448,0.275068696664927,0.255776446915538,0.142286259057249,0.227031497387804,0.0719382434039637,0.133079820155017,0.334822640940559,0.146608164056714,0.156594776225986,0.172498827474762,0.199168382730064,0.408225405025781,0.121660934603822,0.237193132176983,0.248917663059219,0.148561074023035,0.141293438405425,0.226205682859274
"brevialata",0.14273387921025,0.186971720802565,0.24875247987224,0.522711382623321,0.171735063686831,0.32589842588388,0.245640676003123,0.228388703283012,0.233311541819757,0.239490952217566,0.306508400702078,1,0.196451989454023,0.44030610432144,0.226889713923729,0.196786554319115,0.128584454549906,0.257137269009303,0.200336458025993,0.314850060811735,0.451916836104115,0.174639133144023,0.194612094031504,0.200225446509589,0.192392786045993,0.250235782894619,0.0743389534422444,0.229255830436072,0.195979799758996,0.129723143395882,0.34237898458329,0.21234719194616,0.316712815012855,0.262943324163045,0.199807125566137,0.343251732929013,0.182760061122023,0.142522509108224,0.368970091456757,0.23276518964613,0.281255295860468,0.213811363335759,0.234350901614919,0.220315473616011,0.157412540918426,0.563427144046202,0.206436077425614,0.190486862638882,0.189550214469211,0.138807537232661,0.394240711066868,0.176209452269145,0.219467243000564,0.136687752105518,0.187039145823018,0.237264091403344,0.208671577431181,0.161410550712413,0.145532401188355,0.449315009360776,0.250453223467863,0.281512091225135,0.430074980337082,0.269309830948018,0.205049712832059,0.309028518160542,0.20393078783999,0.232046697792664,0.185694957231115,0.307884430623433,0.239049646100566,0.103699756302097,0.282486302843113,0.260500718410625,0.205004819238417,0.279057705786059,0.305982061760619,0.169242618332258,0.190735534337242,0.196649180030159,0.289328853158135,0.251548097042651,0.127900373239605,0.299104944841438,0.0729931960676007,0.131419191915467,0.274720821531621,0.225969481771524,0.141186206062179,0.180323773883906,0.18915810596532,0.32007917055184,0.122006136224169,0.447249135315978,0.580774506363983,0.125349186121781,0.18872442283575,0.243328736986573
"brevipes",0.153047427869597,0.155764823679073,0.217196357044097,0.15858127645658,0.159717621293079,0.140626423269607,0.196636728948019,0.150643001268564,0.19437189759749,0.170745969630496,0.145109049338293,0.196451989454023,1,0.182348296220975,0.209181571223398,0.157018199042941,0.120592198592127,0.184590679664564,0.15012782467071,0.185009485193466,0.167562569382456,0.165686490983957,0.170557886266271,0.196460959640906,0.205417436755987,0.182307516630085,0.0766119095152092,0.156602781070461,0.256428750055026,0.208001279030825,0.210773003373097,0.139552910800247,0.208895081434333,0.192593749481709,0.149786568707793,0.117325624538245,0.246814978177942,0.118615653924853,0.184501126460663,0.205955131367317,0.149134941298007,0.211093718505141,0.130707338101936,0.213587243356587,0.171229809421032,0.163090434466579,0.177420341920003,0.226901764493446,0.201388667856517,0.116921187201185,0.239098061909162,0.216136194826155,0.192654724043982,0.187550066070084,0.207693325478489,0.25753684965957,0.18581912943786,0.223711295511976,0.156790201714525,0.161614303743418,0.205591646776902,0.170019548008418,0.170249302192057,0.165152966340393,0.22386996999199,0.212561868135856,0.167464114764736,0.219689075015155,0.174158151326352,0.2174345768679,0.225312944201065,0.132275355423475,0.227371696784781,0.140512274832224,0.205588342732697,0.159826109668994,0.145566379244079,0.185714629902486,0.180608287389433,0.156526102881053,0.151779481067319,0.2309872836083,0.218218076126413,0.151182085498842,0.0579794912738983,0.127658436779652,0.245667720425802,0.13327311429629,0.203440338894517,0.223798617305697,0.171945736729192,0.191405717491297,0.14343114554802,0.187343079720468,0.176798363713245,0.107372782417583,0.184461132381122,0.224340510108813
"capitata12",0.163668004561468,0.206723598365731,0.530292233865932,0.470925215108856,0.20689124919619,0.298567731371412,0.30674923736327,0.208917870052335,0.377891831736203,0.305538759369879,0.261537681878986,0.44030610432144,0.182348296220975,1,0.326450400888338,0.288499160137985,0.183120837203325,0.323608323064785,0.272066848038871,0.57333143354043,0.40739887115887,0.206251735737022,0.234724122582718,0.261346217318495,0.213141769096321,0.39903546338525,0.0831830461227688,0.261127860572349,0.175935448533357,0.154329485140616,0.293151472053523,0.243508952311774,0.418552795962723,0.335875460226387,0.208777445771728,0.273977527533717,0.221425923139286,0.19021521167689,0.303915034997673,0.448848885741846,0.344140360541189,0.309631486291341,0.276343259742709,0.267861472965609,0.258447495944755,0.404972778335374,0.209997031962212,0.226887662398814,0.218032836245148,0.153222948270308,0.33345257574345,0.280052120624328,0.250156583815282,0.173440177333814,0.206643533843611,0.282072571871458,0.308858333552197,0.175011485886633,0.164020113505044,0.412415606201972,0.280022560255737,0.34037416114085,0.533630020496515,0.341573926494395,0.213258931950173,0.391709097544935,0.234196823122597,0.261793952483225,0.210714227770584,0.39949397147615,0.280163640158279,0.124693792886344,0.265036999799926,0.300797166187744,0.276035815181086,0.2959726412402,0.292842860442551,0.250880407198842,0.207605863796691,0.271396098381947,0.284892776796491,0.295289729138066,0.172939144923149,0.350721140037888,0.0668250442477237,0.123461468245323,0.321737939729538,0.209024797686231,0.165289989747304,0.188166968130314,0.219286974163713,0.233198910311432,0.119696090587137,0.484765817078068,0.542849116798911,0.132124501790446,0.381005329926499,0.382219567445584
"capitata33",0.207732583319972,0.218308278381095,0.262610545684951,0.292759337878671,0.278919491580823,0.271238874827455,0.269386851575139,0.239503778711815,0.425569299671299,0.264482706304603,0.232403712533891,0.226889713923729,0.209181571223398,0.326450400888338,1,0.36763698832077,0.188657534415109,0.293007186548028,0.207896616130427,0.230549869973297,0.301742778625556,0.23474188816588,0.269294243143956,0.295216619450223,0.255648340311346,0.236448462300847,0.0928439085769941,0.242682183589674,0.192500259769153,0.247889006186279,0.267733889940056,0.284071224178889,0.296880459057751,0.23568271985462,0.230195824198506,0.21821030723001,0.220223296231736,0.160842090158014,0.272328273426665,0.243133939428683,0.293884921004521,0.27364337303851,0.237333972051227,0.277424620617102,0.254772134115054,0.246904691203268,0.290764981589953,0.250372712639394,0.211975270067358,0.190601246035087,0.226644027604296,0.221404244255123,0.334038456996889,0.245907794487293,0.224904348931165,0.293581381623167,0.234251027541493,0.223444511298752,0.17914539916663,0.286666643046867,0.26453905665459,0.314232712875449,0.25868194491117,0.279780992322203,0.278472042013665,0.332673329013331,0.2325850471158,0.29202906132984,0.254002608352702,0.365602723774707,0.32763897778648,0.156255104847086,0.294931244525836,0.243491632101035,0.291758767645976,0.278359424532546,0.203819648844818,0.196744620001492,0.248162174010527,0.282582280166041,0.265698617412103,0.306745391025826,0.193800547007891,0.225255208286304,0.0774292010498067,0.166042816658614,0.287940713803992,0.17385320103224,0.190894085483543,0.275623831521318,0.208399800825535,0.24519357370918,0.142594492685061,0.276655485667873,0.29965211751366,0.178279243149267,0.207883497086036,0.313205133804918
"capitata35",0.209779834099315,0.18884317530464,0.203016912133376,0.25598627046472,0.189653667818386,0.268071101791886,0.208318076348683,0.228042520722946,0.340089156533806,0.198511483658414,0.264746613519045,0.196786554319115,0.157018199042941,0.288499160137985,0.36763698832077,1,0.130153746066493,0.235076100082725,0.198743885987514,0.192687912806825,0.251157623086488,0.200485226102977,0.274276702681246,0.205981313749142,0.237060112306592,0.192353273417265,0.0947202302228233,0.183315458087961,0.181011451843569,0.179824696983712,0.285286131886635,0.219804363218365,0.223489769480491,0.194620726793411,0.172646908883554,0.201424362477605,0.231701576125707,0.141866264595535,0.203830601185876,0.207962174991435,0.269265520931342,0.219589172836534,0.197584750505934,0.194188613215013,0.152623372796091,0.225242840375799,0.258001508175373,0.199617334219573,0.250081726366674,0.188845265466044,0.199408713383102,0.171075054248973,0.290960807994771,0.161561376975589,0.206993415653037,0.217947344243069,0.192118187941607,0.157536925068318,0.15504985875132,0.256133864475317,0.220677372986299,0.241889668092002,0.21444295116014,0.257232673999969,0.237757411750529,0.280468178372641,0.214320218984308,0.26893872971135,0.209154427922735,0.298876440211442,0.219103576703101,0.154303574728547,0.255760952936595,0.223218512653216,0.235122852818659,0.254179225881191,0.180286612470389,0.177512159584073,0.173431790488558,0.206161040329819,0.290775239764961,0.267432462725009,0.149498057592731,0.195309909586619,0.0926013805472018,0.151533775169834,0.246071661623138,0.150603806510604,0.201694146016955,0.231758417860606,0.301038636194086,0.1972923907287,0.115405141113771,0.229959116260786,0.234369164709451,0.187108039136883,0.16868654912515,0.245213934202402
"cayennensis",0.273441264498761,0.133886900371594,0.183712260277693,0.200424498826886,0.326909056766968,0.127130660939237,0.304693362635604,0.127520468688754,0.169322773492593,0.186999855909914,0.106066430110977,0.128584454549906,0.120592198592127,0.183120837203325,0.188657534415109,0.130153746066493,1,0.162787700561843,0.12005082917103,0.164860495600017,0.173452499758979,0.160866875624574,0.14098316665728,0.184107921073597,0.141268363370742,0.190439229279931,0.0859916084752348,0.20187156999389,0.133063555609688,0.12048159381707,0.160165906074372,0.181022411234515,0.239507540795291,0.18906265537276,0.158221037807083,0.0876014845263785,0.161876053689532,0.200727275368104,0.123162389055234,0.190349199006476,0.1922025672904,0.229400491597042,0.160684429385327,0.157243729652872,0.196766136167524,0.118173975887999,0.122784336427618,0.155798430282531,0.126320789183725,0.473027020695539,0.125278783094018,0.188831650873032,0.180823993431683,0.160415163601145,0.11437518272739,0.152929975082183,0.223807186677383,0.140510758989405,0.130640105246593,0.144800810130436,0.16022449425242,0.170974230694381,0.130623135893297,0.223270393387222,0.134112635334439,0.175781636657055,0.155909312267599,0.171040643102004,0.145044018043461,0.183863665902438,0.166667707457818,0.10832097171676,0.186361873761397,0.157168328334604,0.152369574213258,0.186275074964432,0.104702203700359,0.13696484181191,0.147094437639658,0.201725950334606,0.163212672243145,0.229862346727476,0.140140679945714,0.163107393635539,0.0573167226245517,0.103022190370471,0.200504087129434,0.111733800799639,0.114593232593424,0.183024745736726,0.144196821289663,0.146016521247497,0.0786432560837658,0.150419259659127,0.183359907653431,0.0975669662618871,0.194262445284569,0.205205790428713
"chartacea",0.218197764895731,0.27099993661954,0.332777182665269,0.283766500932827,0.342374548386657,0.252314552259765,0.337358778384235,0.236985761651834,0.277725405305698,0.239960601769427,0.223443911343401,0.257137269009303,0.184590679664564,0.323608323064785,0.293007186548028,0.235076100082725,0.162787700561843,1,0.212727037777511,0.282874471519705,0.314907848605277,0.230623742111965,0.24506804159316,0.301150949015326,0.263340446322819,0.236562002667643,0.0772285841056622,0.219958079110561,0.203877531470803,0.19538975258004,0.277291930423014,0.244857225098728,0.372174678548278,0.295909555112926,0.248248180413386,0.233797761142944,0.228971760757761,0.186530549145453,0.239499446985169,0.320480905120383,0.286472735372676,0.318967728352773,0.209040620403337,0.392328772798823,0.28280014471543,0.232933393132166,0.250141476033655,0.26828441741247,0.197264749940695,0.1782129250462,0.235499637942759,0.257493027868139,0.289487632946669,0.234716250332213,0.229868137520683,0.248297895718864,0.279143453307336,0.216164686844259,0.222259467780389,0.250076140006228,0.267096846313102,0.356417213554333,0.269751273995269,0.261982556452445,0.282231251170689,0.354793704034906,0.22564442043835,0.274113488721989,0.295404271817635,0.346600213425099,0.310536166448727,0.134604396919722,0.284834809830299,0.242748600023681,0.24849525210965,0.315047921836796,0.245776466473469,0.210952111567275,0.210031642153145,0.302354920674118,0.267304602432402,0.337562820041604,0.180097563645969,0.266636240681954,0.16965732565602,0.169379331340238,0.306612061398378,0.173878303536235,0.191953720876893,0.266591077869687,0.221471450679346,0.265487974150203,0.128327347332244,0.258953463710852,0.31764483830095,0.144327487056786,0.277838857861298,0.353864755152698
"cinnamomea",0.161960055920193,0.168687285190187,0.199234823074806,0.206160237072524,0.179748694739201,0.221357307319432,0.208153060355293,0.18440144598141,0.338095991375179,0.431139815167956,0.187770388508109,0.200336458025993,0.15012782467071,0.272066848038871,0.207896616130427,0.198743885987514,0.12005082917103,0.212727037777511,1,0.185320103895039,0.247879416889942,0.148695433134501,0.179418035701694,0.185428557396351,0.168492807753654,0.184951736251157,0.0844128651937201,0.148563632077876,0.14867599213497,0.157794193760398,0.202048460763871,0.156255863276762,0.223316179807113,0.169390194334962,0.145687113519756,0.211495401519201,0.154836395984098,0.121557777486701,0.245882534434139,0.319347247134521,0.223764561914894,0.210052948768335,0.170493700363906,0.182177237322366,0.155215049184106,0.204922594126072,0.190714547042106,0.178352017772396,0.185865162898142,0.158069312215049,0.18365273444535,0.151134145098948,0.197319090134942,0.1442482985427,0.184426578837029,0.240903370520568,0.159990504433638,0.147701359604419,0.202419123682417,0.216343586361809,0.320908317994991,0.233395682566479,0.202323640615624,0.195415147258379,0.171657575536108,0.237552067232007,0.188209466120197,0.208834989268518,0.158249366268439,0.242991083836193,0.187413979533926,0.114111720101599,0.225921143237513,0.173455013486934,0.201796550995003,0.212565150482236,0.146624451451826,0.161192819820031,0.186280745826877,0.184750985959051,0.207386139735371,0.208479557760419,0.118142472439191,0.198693271678988,0.0792408962163847,0.159647474231869,0.221312582130264,0.144803632910154,0.167822443478759,0.169307862309182,0.189333137254548,0.195241913144051,0.0964377589909034,0.20772806078802,0.223148639176139,0.123495871363579,0.142246120088325,0.200023154773004
"cocleensis",0.126510114019293,0.18656878372467,0.559965770390654,0.31211665238803,0.184588152385184,0.24988526915018,0.247755384133638,0.176332835987743,0.239667051724871,0.234965780587905,0.174226662045349,0.314850060811735,0.185009485193466,0.57333143354043,0.230549869973297,0.192687912806825,0.164860495600017,0.282874471519705,0.185320103895039,1,0.266898714654439,0.182865632401823,0.188930585785913,0.23292911281363,0.196669144219845,0.39501040635903,0.074113111832446,0.244497566395302,0.15420519443281,0.117848298417144,0.224338119360744,0.220579048006455,0.368457550301076,0.329340392756743,0.193148852016171,0.200139747721397,0.212190912544219,0.153632996241181,0.236011713093335,0.481120030065716,0.223815083979579,0.27409026852456,0.253465856370309,0.250421628213613,0.247392528044486,0.284776342078112,0.172098707806846,0.205015291024452,0.167003762518232,0.112080908493174,0.257126399910353,0.276723322699168,0.219071519652651,0.160697471905834,0.180663440120567,0.190525050865556,0.301959444901153,0.161899586969249,0.168039919146505,0.281059006018743,0.239772471618857,0.241712138146683,0.395045303373856,0.316625373047,0.184067943571797,0.292529896966232,0.183173446107188,0.204034009143728,0.181062962157597,0.35353726580638,0.271048701044716,0.113908605043753,0.244228008426445,0.27735252108786,0.260234130489261,0.251087237059745,0.179908737246137,0.236271999139605,0.17676375266407,0.230995785071652,0.249764156601027,0.276762628135241,0.166845379593977,0.304252435334309,0.0543838264585767,0.110160204616662,0.275908757787214,0.187715309872329,0.151104602994872,0.167191368134163,0.207639897462683,0.206280669236859,0.105515548651445,0.344974441696839,0.424183727874636,0.104288375128368,0.389627970017056,0.352988058036851
"cordatoalata",0.237075680685333,0.261680724903029,0.288069760777318,0.498166712372298,0.276907937146518,0.292788109181971,0.283628928970723,0.257060851579015,0.342462373679761,0.263737269752187,0.282894150086464,0.451916836104115,0.167562569382456,0.40739887115887,0.301742778625556,0.251157623086488,0.173452499758979,0.314907848605277,0.247879416889942,0.266898714654439,1,0.214324947699542,0.240945229395679,0.303218783519438,0.219044366550037,0.248966231132237,0.11857249316107,0.211466633925441,0.184820023523657,0.18749645468417,0.293833209958096,0.237192534239762,0.363163285532572,0.244584709984778,0.229112197259152,0.36180779616472,0.20986997760617,0.156297393157956,0.355139853010834,0.264323337080222,0.33376882032426,0.274456085077828,0.278765733114219,0.230407791561329,0.175779027381462,0.464144638194368,0.273283586885207,0.24333617499633,0.241788054933907,0.162338653219315,0.355063194832525,0.221406287225983,0.289614811589969,0.174713702058323,0.227404651100355,0.272879552835071,0.226611144624717,0.232355638621389,0.198352296538922,0.413238970895682,0.368074332662295,0.377656459368327,0.463560490356724,0.251583919205433,0.225855810871917,0.374211063951999,0.273407331673386,0.313727387084891,0.240901171878778,0.348478756001324,0.25655444390694,0.153884422020352,0.297352222934428,0.274533726975259,0.268580865576572,0.315592919447461,0.331372134294181,0.197358121790538,0.208550876740373,0.280646689907311,0.270365497927962,0.309531089658528,0.17371483011321,0.322155212378179,0.0908824149008091,0.171074152242129,0.288347464566285,0.21763999658658,0.212729727460392,0.248582513503015,0.225490548837955,0.27385612294518,0.119126765166296,0.444742294561735,0.485166113458285,0.142214913979115,0.197455089200673,0.327720126921914
"coruscans",0.175915627423182,0.172680054338434,0.258673561652361,0.26051917397321,0.228956855155032,0.183372309888079,0.218088462005667,0.171386178566655,0.210122890490593,0.186348514186836,0.168617960363756,0.174639133144023,0.165686490983957,0.206251735737022,0.23474188816588,0.200485226102977,0.160866875624574,0.230623742111965,0.148695433134501,0.182865632401823,0.214324947699542,1,0.256587627939694,0.262867902384541,0.194032401158401,0.318093406904472,0.0808890549592545,0.256985839974116,0.185809813302457,0.208038019738257,0.241298791889764,0.225171328915322,0.287562011561928,0.219743504705162,0.185507253205841,0.156309326602875,0.173298850391887,0.13575045035328,0.178025653860935,0.236506250291944,0.190023252990948,0.172967342929761,0.156991517721642,0.225952904988899,0.207969631305073,0.222319432679728,0.193674905111089,0.169107043907355,0.272314058020353,0.13846899582484,0.160356005297698,0.214061127562932,0.19751057320942,0.168783186192298,0.164166699002593,0.183328095339331,0.198398764446425,0.160524740341287,0.159455564693084,0.189069297519606,0.179844456749636,0.213699920689199,0.200082871383007,0.22794488465661,0.155511444685798,0.226635795319851,0.156305829708632,0.211492238244539,0.179127945245455,0.24182888071395,0.229851215832442,0.114375405750015,0.241033337095499,0.202533703466217,0.224602681059068,0.285493035747438,0.153678100852191,0.196749500497622,0.207228080275612,0.300943854650646,0.218469696614514,0.242095240892209,0.185976585777019,0.298150723854665,0.102731559199931,0.149171202171774,0.240525305468538,0.149972321936924,0.143047596232782,0.218476510929386,0.176441771601294,0.252611426211394,0.103936862906177,0.180615169206664,0.246361553795759,0.143485003529965,0.189758409231062,0.293526632628438
