"","acreana","acrocephala","acuminata","alata","alba","aria","auristellae","bourgonii","brachyrhachis.aff","brachystachys","brachystachys.aff","brevialata","brevipes","capitata12","capitata33","capitata35","cayennensis","chartacea","cinnamomea","cocleensis","cordatoalata","coruscans","cylindrica","edulis","fastuosa","flagelliformis","fosteriana","glomeriflora","goldmanii","gracilifolia","grandiflora","heterophylla","huberi","ingoides","jenmanii","kursarii","LA17","LA41","LA48","lateriflora","laurina","leiocalycina","leiocalycina.aff","lomatophylla","longiflora","longipedunculata","loubryana","M18","M25","M27","M30","M71","marginata","melinonis","microcoma","multinervis","nobilis","nouragensis","obidensis","oerstediana","paraensis","pezizifera","pezizifera.aff","pitmanii","poeppigiana","punctata","retinocarpa","rubiginosa","ruiziana","sapindoides","sertulifera","setosa","spectabilis","splendens","stipularis","striata","suaveolens","subcapitata","T18","T21","T29","T50","T51","T82","T85","tenuistipula","thibaudiana","tomentosa","ulei","umbellifera","umbellifera.aff","umbratica","velutina","venusta","vera","virgultosa","vismiifolia","Zygia.mediana"
"acreana",1,0.198024432655193,0.137577550709403,0.175052435781823,0.230683148568038,0.203924605293039,0.275447417010207,0.202321803911706,0.158244691506565,0.106885080421022,0.132117200356896,0.120521934757567,0.124140234064234,0.149840873700378,0.183753488243725,0.0878286326194479,0.243116675979139,0.1980156022298,0.159693394263469,0.121784402801294,0.213845831425619,0.117154214141006,0.181830278912041,0.198834430334901,0.17001965255947,0.108239480573861,0.0826174863971808,0.116612145437887,0.0992230047671143,0.0846495355081947,0.171290703361854,0.10995542135643,0.169294830374925,0.135164436828506,0.120320126906402,0.148823369412134,0.141252302441351,0.133364429018677,0.122403434495001,0.138055653685594,0.124538738040318,0.152573820381288,0.138787380026589,0.147679632607097,0.149192899344494,0.142808248284637,0.10449678887458,0.178722021242549,0.114349412494552,0.224333795424198,0.143691389095,0.139173060797215,0.146355876185096,0.121916234197785,0.13963035121365,0.186039501735739,0.14721902708368,0.149308415337549,0.124633494400319,0.177859582743323,0.167052098580986,0.168770764037494,0.168452073950533,0.129378000749484,0.140520796491015,0.198845488758767,0.123030050755624,0.151972060273808,0.154945516755299,0.244662353628533,0.133963523637345,0.0867547287278761,0.17879042561191,0.153152270212366,0.137915765203495,0.183226323333625,0.140804484534928,0.110774214415177,0.119074201100652,0.151568362628986,0.158714308722918,0.107409957636583,0.062226289317689,0.129261136854876,0.0700591549409854,0.110388070674561,0.200687605719313,0.116240080558633,0.0748968708248615,0.159406164744353,0.145163636249728,0.120426742396795,0.107245014956332,0.166670653078087,0.146269710226434,0.0842686891837108,0.131045614693805,0.181317979947974
"acrocephala",0.198024432655193,1,0.178915598035985,0.237717849957366,0.153065761465058,0.171725973701012,0.182042500195561,0.171231263879307,0.163001375709324,0.148990296028926,0.114452965046985,0.153805291784621,0.127535270184562,0.174945025816669,0.199552670454604,0.0859268944959387,0.139965806887137,0.29583251624383,0.160035384687693,0.166839049592322,0.240745805975039,0.130046718518854,0.173923630502715,0.212400310093925,0.204358482846918,0.140165353889519,0.116481254512652,0.135363946824305,0.123221306758644,0.113058902671982,0.202532214683749,0.129778450489495,0.216038128051339,0.1655284615001,0.153159138488351,0.157925983466716,0.169429579007471,0.103170671149785,0.179193155496952,0.18391961688163,0.164123513540791,0.204940474580738,0.181085887789167,0.167150933263187,0.136392440220757,0.1797301393512,0.103233153092281,0.171980136498228,0.136685027945989,0.113702219446839,0.176295814584005,0.157168500455522,0.137896895367559,0.184805177999905,0.17764709119911,0.199884904556759,0.200651815285491,0.164803761041597,0.146592041094115,0.18948458455714,0.180856890643235,0.199215721690522,0.192967414450187,0.163043457410019,0.160127551755569,0.205141477331454,0.147505632919843,0.163864826867304,0.173396895904384,0.23451242629509,0.175235995636322,0.120982151037714,0.175035132481236,0.159445290301028,0.19586167950024,0.205239403461499,0.158561476200026,0.114164405170163,0.137936770110936,0.152762174186112,0.141282424430237,0.127278218387563,0.073126833725595,0.164242122135928,0.0837476754192792,0.126282892782046,0.233621461839673,0.382932756123735,0.111261607687678,0.185246173735465,0.168205780962378,0.126020396668307,0.0929270241879456,0.181672589655905,0.182339895923567,0.0849536499392401,0.144088522528115,0.220043573721583
"acuminata",0.137577550709403,0.178915598035985,1,0.262075779160741,0.140373337519923,0.197115479970583,0.221104794425591,0.157890479190073,0.221747513181174,0.179775153068238,0.13580083911496,0.192946377750026,0.173766685043043,0.460804490095307,0.220380617423841,0.0817537692086707,0.158731956666819,0.276671263629173,0.167312767793593,0.487750035156905,0.252495159920207,0.152093952097182,0.174631860275891,0.256954240805868,0.188324742131486,0.274244636641714,0.0732813219423867,0.165753174564763,0.128161324640981,0.0792393029751353,0.199273652847116,0.158429088700451,0.306976587987528,0.270749969872376,0.151549796317537,0.276723667542177,0.216703153092982,0.146722393301845,0.193645358653222,0.433002401882313,0.147742021310349,0.245916347066101,0.221436401034525,0.240437530200564,0.225362086387691,0.183372623581083,0.0988225519161762,0.21080331774897,0.17621228730111,0.0963485943098908,0.199804761302907,0.262612640148504,0.124159236916942,0.137081986834469,0.171983737736207,0.198792770853611,0.281682642470681,0.156495898532223,0.138955466823905,0.217400547035523,0.239781804583774,0.224300115482932,0.300982157682222,0.221051992323031,0.166231938202124,0.260778214645543,0.132224015773414,0.153788504264008,0.182061023497283,0.306418704843891,0.213207495572892,0.0644422183513433,0.18564615011962,0.226034028548772,0.192790163529414,0.255753875543452,0.15650545806263,0.184758688101328,0.1441810236513,0.223834633728615,0.192180108501581,0.147452271699618,0.0869219467383368,0.327515765918035,0.0611178782898117,0.093128674214996,0.28501041722957,0.17774721408845,0.0917758439258694,0.147610203819106,0.170557148312178,0.154237099635229,0.124900462004213,0.270163566691927,0.331506112525466,0.0916122844485207,0.366781902844543,0.318830389387562
"alata",0.175052435781823,0.237717849957366,0.262075779160741,1,0.215521753129439,0.2834671908769,0.257455755924206,0.21805810427926,0.22412950723371,0.190171503189161,0.219577206253754,0.398980346691836,0.132299546874167,0.394955043518152,0.258840007986682,0.113855094015622,0.186727492386548,0.283434185847531,0.191358477880761,0.268965767754985,0.429620773075837,0.183183639910804,0.229029183337834,0.293899673842385,0.174459737676095,0.218383210807916,0.0944489328225832,0.197391096618806,0.114510343837515,0.104492988901104,0.278866062431708,0.176199576865618,0.372812812650418,0.240073894731218,0.184586841526434,0.270093436874296,0.170502539711799,0.114901431360429,0.284532937791209,0.257606331670393,0.216460142112816,0.272270702886637,0.234792687829287,0.184490664116573,0.157163145739109,0.360583732470035,0.124746327541078,0.18279470514722,0.224106038147938,0.123593226819259,0.331509878321976,0.204578399836849,0.188142207449845,0.16927175868235,0.196209392005021,0.247816476631921,0.233841580879144,0.183401276830166,0.151533067047281,0.414319606826547,0.241933948478078,0.411721158708694,0.395791260581708,0.247277979994388,0.216561311423438,0.350053772680301,0.199368894142725,0.220720974598257,0.212975600572414,0.329947882841747,0.201755083645256,0.128569911164939,0.212617925446195,0.292304821941646,0.19447431932489,0.29233123792736,0.326941831902144,0.137902461610166,0.174440707835234,0.235779992104107,0.228542793184192,0.185477747925732,0.0759943244307496,0.282102770349855,0.0722179470901974,0.118935080123599,0.264060302969666,0.190879477138802,0.129188661625452,0.184404650436538,0.227861186230811,0.212702814071728,0.105041906456399,0.418361264743812,0.476871001466447,0.0961133747021948,0.200391828480665,0.31993200380183
"alba",0.230683148568038,0.153065761465058,0.140373337519923,0.215521753129439,1,0.25578336635147,0.275582354290454,0.173989590416522,0.187817309166982,0.262081643098147,0.225908804407779,0.22319276917104,0.207600121868112,0.135419828540548,0.200423229701673,0.110110190114635,0.254036186186478,0.279763034013907,0.156883552957194,0.132989964232251,0.192550329594122,0.265195643475522,0.190307201365001,0.239798918267809,0.127160981360901,0.264638731033325,0.118186376813678,0.306456312493644,0.170497578998905,0.276862714608765,0.173912666897578,0.273886392271161,0.327906082014555,0.162897073919148,0.252403037092863,0.104328535393393,0.116891601878,0.112437116903584,0.138650990918288,0.160517740005054,0.264567831047099,0.184630737345945,0.118248241857209,0.157177345106421,0.153792661849641,0.294450956871674,0.214851666414669,0.135172494641367,0.257297796033758,0.370014378731094,0.147161810615474,0.136801939752143,0.299353235536207,0.205486028606757,0.138330481506657,0.168871492699172,0.148946870988658,0.192020903545102,0.229076928441478,0.124275477396315,0.175171628069411,0.189662468614784,0.126865612686155,0.190280477574433,0.173674800054268,0.199936841800659,0.189868739444471,0.244978633210645,0.165376293542724,0.210816708304751,0.260242205880247,0.194157803691102,0.191702333033343,0.155173254886495,0.169038701869048,0.22576532468021,0.197671884135305,0.140406901144082,0.308485480633372,0.200952663051347,0.169292039884531,0.196567565262301,0.0937838183524915,0.16986960922485,0.0975385913957448,0.137911826795818,0.200552675007054,0.146279820618629,0.0833354758603613,0.280883941786083,0.175301637268371,0.277032596228336,0.0749681996133387,0.127907124515383,0.168806468510698,0.2007723093188,0.116657633258941,0.237329439532358
"aria",0.203924605293039,0.171725973701012,0.197115479970583,0.2834671908769,0.25578336635147,1,0.204744669814341,0.304106208140928,0.246525874905308,0.162543821159813,0.181909611119164,0.255410826487552,0.114656652477376,0.245739806630448,0.240610647459678,0.132090707673516,0.143115349034545,0.251622398213898,0.20996155056457,0.219907792731877,0.256318598600853,0.196518424760249,0.263999979917231,0.195023370155138,0.143776485524718,0.149847903893279,0.0895013307534931,0.196788677995236,0.125413364679505,0.162812639528155,0.219592016844435,0.153326273262985,0.292380475562255,0.170362516490127,0.142650089933378,0.244718113624539,0.162045305310638,0.114191351002502,0.216577040816149,0.209360141510761,0.174093816255322,0.195054747378102,0.248570202649768,0.178291119948437,0.145057129428564,0.295848835414233,0.132057918333332,0.167184823443584,0.167714555815689,0.146695468926483,0.262643294448835,0.158097977879462,0.250115058096954,0.180508584165646,0.16393192293914,0.191540290206741,0.167475481604482,0.150430527176893,0.138322843926279,0.282038046712227,0.201626794260253,0.204220866543523,0.220958893916219,0.198503295316732,0.151172183037631,0.296297068358346,0.164598557353704,0.178227430360906,0.221389970115504,0.355548156265694,0.173315433271851,0.118517434620625,0.182283433756144,0.256929161139322,0.183657555520891,0.208994121771652,0.184492873013127,0.12475312056383,0.176722275129275,0.179048289052245,0.190153869785883,0.14579006456158,0.0582261492813907,0.206329249185914,0.0642138444088289,0.150388921992062,0.25543864063888,0.169186348503534,0.0978302015083785,0.156961922438881,0.219082194833855,0.145906839679877,0.127991267285241,0.228489925048036,0.295362559671393,0.0838709921850648,0.159476857227751,0.256908732180113
"auristellae",0.275447417010207,0.182042500195561,0.221104794425591,0.257455755924206,0.275582354290454,0.204744669814341,1,0.200118291500741,0.217781747646645,0.168816411689548,0.174361617429072,0.201123010796408,0.158607853905225,0.245455399948442,0.23794040553232,0.102389608558524,0.287787758994225,0.303194355896285,0.189658085943836,0.209025993490429,0.244742471845299,0.162341817162664,0.24128182483999,0.243795757532452,0.244452389965253,0.186093845791863,0.1001264010315,0.185339131079584,0.141839484748795,0.100248165656005,0.254118596614166,0.163173141419049,0.357061554314911,0.252303517907224,0.20055861912228,0.162436046067945,0.161753312674255,0.132710598164941,0.180954839180232,0.23830488351114,0.168031051097419,0.218789974131236,0.171300090857534,0.22501952256071,0.199154460805357,0.189837706448665,0.104811894118524,0.203750087218125,0.177790031336366,0.217690867218754,0.22615264678412,0.198013194039756,0.17034958568109,0.170015404233453,0.187060692870278,0.206217330527657,0.248048252575398,0.216430948009616,0.19757650989791,0.179808702653224,0.235680591298095,0.269042603086005,0.216579008581673,0.220119483512911,0.182613344783934,0.282758562535847,0.169464716953836,0.217110602717675,0.25933041509267,0.32669270353816,0.250669782881584,0.10468790638873,0.255650959108068,0.217502622319151,0.179257774112507,0.28460569758497,0.160301192171801,0.151222492735381,0.181564767266708,0.213467414321782,0.228582495115189,0.160058230588561,0.107448416775817,0.252018480687709,0.0674750403788679,0.138811773715149,0.267308062011923,0.155686570085375,0.0863470252160442,0.182021470923354,0.210114608129177,0.196657400312939,0.0911800991853515,0.214182493059916,0.227826122147402,0.117942723308943,0.188495208875819,0.281613091144211
"bourgonii",0.202321803911706,0.171231263879307,0.157890479190073,0.21805810427926,0.173989590416522,0.304106208140928,0.200118291500741,1,0.187401163670701,0.133824219934762,0.159788418742353,0.179925562561492,0.125532068711098,0.173764955969749,0.217694925096699,0.105503953753851,0.139344531461523,0.261398457013633,0.186980669720277,0.155715637540219,0.223155354721012,0.152649960036487,0.223662182868429,0.205224535024704,0.156960493726051,0.135868944636784,0.0985567444667563,0.149265828704494,0.156126919324345,0.123029585320597,0.178615438356723,0.142068342532439,0.235964596923482,0.178473081804293,0.136774776852874,0.163895587266318,0.166024686166624,0.104057600794482,0.179702828343544,0.145815503054162,0.153567170239316,0.197143074748343,0.150071197141712,0.183574494764589,0.148279986793755,0.19958970666637,0.157915004492792,0.157916886244922,0.136553117698787,0.154115772832833,0.198641871625568,0.14323870511691,0.209719441141024,0.207792054953908,0.1682283098123,0.177354140236559,0.154949658208366,0.209930924972206,0.160008845202466,0.186179907850846,0.16983176471406,0.183958710903629,0.196002136525088,0.164067072142336,0.153667556432236,0.222203339800168,0.154020535502562,0.197818469564515,0.238683971863447,0.271769761111785,0.160929753164358,0.0964941947874552,0.198824863548866,0.18379392402652,0.155275843280771,0.192652322667106,0.169889568668477,0.136295878230079,0.140963750174226,0.176678493550562,0.178214801491202,0.131422349780005,0.0736569084283883,0.156346983289708,0.0616710561920858,0.139389596250035,0.213369949327719,0.118839121545163,0.0805155229190646,0.201938786822781,0.206086079271972,0.142208080370519,0.101464843059146,0.172232202551862,0.227488943062941,0.112246714356206,0.141989210036774,0.254887528869461
"brachyrhachis.aff",0.158244691506565,0.163001375709324,0.221747513181174,0.22412950723371,0.187817309166982,0.246525874905308,0.217781747646645,0.187401163670701,1,0.234561849004201,0.152927380811263,0.161720370005423,0.136661144582513,0.253744176708916,0.313527581993142,0.432711989780559,0.138325184298352,0.205953346825227,0.246972227130082,0.16588816659418,0.234014402462955,0.158814876088143,0.220942763441381,0.208231975933933,0.161369291520768,0.165366854225031,0.0915909477184847,0.180001046250364,0.132353097866433,0.160813576420345,0.196458042998914,0.159764718873333,0.231054038887691,0.176909783761811,0.15027727193299,0.18759094249245,0.156288325128152,0.167447097064104,0.179783184825823,0.190541149317786,0.179095852106054,0.187523650788641,0.159238475987924,0.168813341568556,0.136147919245271,0.240503289544276,0.13055910618449,0.181195095553732,0.196281350452654,0.14888650019503,0.189714440353783,0.171037533411403,0.224293233892702,0.161287853726163,0.17295037213426,0.19251482467319,0.151309280140114,0.172523670808466,0.142146997554982,0.199837651421988,0.240734125124936,0.229739416227317,0.183349895384101,0.214964003801735,0.161974277869307,0.25842673249976,0.196092811240241,0.419769683084842,0.184751777727478,0.259025780267532,0.161011037413316,0.123251575355615,0.215478687174286,0.201122944636463,0.1945655583114,0.251398924782613,0.150794132892229,0.14973604663587,0.199792271544425,0.175515041393273,0.22137480055376,0.366934242899025,0.101173533515305,0.221123124107617,0.0596969611528278,0.164115752169047,0.219288050027126,0.126979767766215,0.126433027580989,0.180404013769572,0.183830291099888,0.161629806583886,0.0866778332886586,0.219530584467972,0.214283887360244,0.104754751571065,0.127604100603938,0.23488368497173
"brachystachys",0.106885080421022,0.148990296028926,0.179775153068238,0.190171503189161,0.262081643098147,0.162543821159813,0.168816411689548,0.133824219934762,0.234561849004201,1,0.348083399977721,0.31796541141489,0.21642825948681,0.210497743045723,0.183504336633712,0.077301264331571,0.131853049878815,0.168626706999142,0.297353587196088,0.162676913129751,0.184281307395751,0.107045281846899,0.147103811421184,0.148510720764726,0.12909407988485,0.318517459344969,0.0538615030432302,0.130169469240952,0.114178631779729,0.0712261394172955,0.18095361786778,0.407102161552793,0.192206529148378,0.163898030778488,0.304594626452627,0.12370131349457,0.138328411999281,0.121721504468349,0.158934614502544,0.17597378434137,0.326713150101264,0.164395175664974,0.149073653663693,0.12470780594951,0.128501149424126,0.150767416462221,0.355214448382202,0.13741380256585,0.265649164261834,0.255379609407893,0.140637003781777,0.142178121804173,0.1316751505908,0.128732068171531,0.141601607949047,0.16862562609636,0.183275101111148,0.118522588960197,0.355806860294031,0.137675579991025,0.187335120982074,0.181127448791336,0.141824473942525,0.160066459966398,0.133726518216569,0.170832931803462,0.161286935115752,0.147159177485269,0.124601352000536,0.18939407078538,0.381044482863772,0.0666568333492797,0.144785907246923,0.166467079465216,0.154194361718421,0.159652379901235,0.0999012920912542,0.125944827176575,0.136854514790988,0.185631613006523,0.183200454588829,0.183672329928707,0.0648180458881584,0.17607640134697,0.0500085901042332,0.0982626998227142,0.183261598043364,0.136203832798174,0.0877549498927916,0.286944236538362,0.143809430422586,0.312942688293133,0.07952688007272,0.150315255411994,0.17117218108676,0.31672410972435,0.132651489257937,0.168976976197996
"brachystachys.aff",0.132117200356896,0.114452965046985,0.13580083911496,0.219577206253754,0.225908804407779,0.181909611119164,0.174361617429072,0.159788418742353,0.152927380811263,0.348083399977721,1,0.376459982223083,0.203903323333065,0.189238734745513,0.171755299453769,0.103334783935768,0.0818685400211507,0.168915686983662,0.142235498261186,0.130663459863161,0.20901905079483,0.103026871250516,0.149433873624626,0.142503503988397,0.120816605785358,0.299724979834968,0.0992415061947167,0.124849836480754,0.0991775602395358,0.0731467828425532,0.209323646311452,0.357699805386994,0.205276709323353,0.153677247057025,0.334586184647896,0.155593600595143,0.142533263724846,0.104988270938239,0.171719084383305,0.124786030026593,0.378121670347466,0.156774502489571,0.128071622754355,0.13428555470893,0.116821583305255,0.174953954651391,0.321311199560779,0.160423026991461,0.311828124615129,0.26105520307427,0.184076980086475,0.125475839328789,0.130727666761226,0.11004609045455,0.127222006829739,0.172397646560854,0.128157084571366,0.106739325932924,0.231845359786844,0.196193223465913,0.159376003100441,0.188121443268723,0.168934697330469,0.166214731025193,0.125781673243913,0.206137681463228,0.143986397974517,0.197812435717868,0.131488516147622,0.183588197186327,0.346599861801429,0.0687714694290289,0.154955210760261,0.159534617672556,0.140635926144135,0.199265100327314,0.158385301811022,0.103681730501271,0.128340890722913,0.152263706224178,0.191347080382145,0.150053565383777,0.0629262137626838,0.167458444837815,0.0532237387173341,0.0977835344582169,0.250344479061036,0.111563041820952,0.082862635914909,0.253716073464492,0.148500899188967,0.486485338924196,0.089635685556358,0.173579868926214,0.181687274206003,0.299962946574536,0.106206663710448,0.169076815126374
"brevialata",0.120521934757567,0.153805291784621,0.192946377750026,0.398980346691836,0.22319276917104,0.255410826487552,0.201123010796408,0.179925562561492,0.161720370005423,0.31796541141489,0.376459982223083,1,0.249077863245698,0.328378585111629,0.18380471089852,0.0819316377153692,0.104382695581029,0.201529426375381,0.163457184598203,0.24585267581931,0.352053679786425,0.108279256117243,0.156130177942734,0.173960447816944,0.158217228358201,0.326925719848816,0.0639730781600681,0.160253040724945,0.126671518872154,0.0704821032692318,0.262753548807737,0.30157105817848,0.245192481351691,0.210963912228449,0.300791318594105,0.256417446509834,0.139545833241242,0.112639970624127,0.284664394886981,0.185868275124331,0.335468306894031,0.170107494065927,0.179377198942604,0.171601689110187,0.129230307307683,0.399777193017764,0.252495701651887,0.143788600305518,0.294434449615775,0.252600960872635,0.305705679709635,0.147344500616839,0.129756771867325,0.1199709961856,0.150614784534603,0.18834592972863,0.171399140750582,0.1323817498058,0.2324317550413,0.334222326757886,0.203043157134538,0.232176931841174,0.325456392534337,0.201005572078877,0.156302711902525,0.255199038752391,0.145516574235728,0.161686157719693,0.156146115873584,0.243653876533407,0.333495616425936,0.0654318682660199,0.192782900088051,0.207175437523276,0.167547284966048,0.217202317463046,0.242910456403026,0.125036238772031,0.132604742479208,0.150798816880455,0.20855282155126,0.149425042045914,0.0594100464638574,0.237493300384541,0.0614385345616638,0.109162951280895,0.219527290956802,0.179200945167873,0.0750820963601234,0.260038219476245,0.148500281428503,0.388653675778418,0.0933889061018036,0.337563275254007,0.435928533129189,0.245043148375286,0.15750797738888,0.197328729942363
"brevipes",0.124140234064234,0.127535270184562,0.173766685043043,0.132299546874167,0.207600121868112,0.114656652477376,0.158607853905225,0.125532068711098,0.136661144582513,0.21642825948681,0.203903323333065,0.249077863245698,1,0.148450114060123,0.180515735020431,0.0671708884924066,0.101190023434251,0.149552523726014,0.138769605610969,0.146808929695982,0.137409189795735,0.0991156139887299,0.138163173042206,0.162078754227622,0.163898672128368,0.227418260849554,0.0657535740129723,0.106468510814849,0.158061553585343,0.0983782809372961,0.169518220544258,0.194487571874143,0.168788211954289,0.155886385144883,0.20442138064244,0.0916769920697237,0.19442618697338,0.093462692352138,0.143648009997382,0.164572126708596,0.19731837293159,0.1710991519668,0.103891901212547,0.168987114792175,0.134340537397148,0.119531388898186,0.183014726492061,0.175553074704941,0.244859866982833,0.179224181001437,0.192424468118812,0.17219622967959,0.107466464559733,0.146455636072088,0.169889208495507,0.218526684399513,0.150568994000931,0.178392960112022,0.222329159820039,0.125457371932025,0.170368994253696,0.140700411665631,0.134714516605918,0.123649065212211,0.178459857928494,0.174768401626264,0.112473824404414,0.148824304636215,0.143555958646867,0.177310644321517,0.267045160257255,0.078939205906937,0.154719494706825,0.117734167105499,0.156944512651358,0.124983046404803,0.118882853168454,0.11765534000192,0.124280728425029,0.122216153675221,0.110384182199364,0.138262250664562,0.09795848995385,0.127033314448489,0.0471895986920458,0.0948745294967391,0.197346309916743,0.112335649368474,0.10743425796291,0.259833873378567,0.140812610800876,0.235106109151203,0.1119053705033,0.14704300664155,0.141626515278919,0.168564875459854,0.148369895932672,0.183400152893081
"capitata12",0.149840873700378,0.174945025816669,0.460804490095307,0.394955043518152,0.135419828540548,0.245739806630448,0.245455399948442,0.173764955969749,0.253744176708916,0.210497743045723,0.189238734745513,0.328378585111629,0.148450114060123,1,0.274790500551516,0.11554420546768,0.154761876148489,0.264716527298524,0.221028100054477,0.526752593743408,0.346551477148313,0.118501010503572,0.186708879398986,0.225927984452392,0.17814137767534,0.268689497262226,0.0709051954162547,0.169383355171432,0.107601599638033,0.0725446170204252,0.26053971880085,0.160454242523545,0.324834013642738,0.253528442551404,0.143023504379116,0.26736325766195,0.194457323013939,0.17800034805553,0.229274373083253,0.386843076786739,0.217328530047429,0.250274085146891,0.260887600148063,0.211644033510613,0.190245101407369,0.284626079308929,0.0976438347513465,0.210521358295023,0.152521414855275,0.0990910008148373,0.269184952080015,0.253086448043002,0.133353868853426,0.130005332069878,0.178210897595741,0.252524321797438,0.270688467085785,0.138532984981573,0.128941988491679,0.401230778266633,0.221475941338853,0.289170456477411,0.50680590214081,0.24391830925609,0.164343046743378,0.311230303482552,0.148723238757511,0.175049590789275,0.179152944182665,0.33507996751365,0.208632524474374,0.0693206406664977,0.174223993255849,0.25561158504767,0.200961504905265,0.221807252068469,0.251507138792168,0.152613862515363,0.139415857463111,0.201179701259708,0.196879193187474,0.137927214370615,0.0743445989758281,0.274893752766532,0.0634575874943786,0.0892421349934891,0.277462729229338,0.182712517611328,0.0863552900438173,0.133939035257248,0.180664924561296,0.164412944672858,0.116547174894708,0.460202688493609,0.444386890340328,0.0846123667206641,0.319128253556404,0.308822247513333
"capitata33",0.183753488243725,0.199552670454604,0.220380617423841,0.258840007986682,0.200423229701673,0.240610647459678,0.23794040553232,0.217694925096699,0.313527581993142,0.183504336633712,0.171755299453769,0.18380471089852,0.180515735020431,0.274790500551516,1,0.163351233650766,0.17356544304761,0.259993787670907,0.202647030294239,0.199906424707356,0.263056655705052,0.152735993927171,0.231889435884543,0.266491778754408,0.222909790163491,0.173237017099714,0.0989638411751686,0.178556106607023,0.132514008354163,0.12932983532825,0.230592913705482,0.199402654132084,0.259417315588762,0.204475775054876,0.170187713644748,0.179754576138967,0.186018436065365,0.13469728635001,0.220471408226679,0.209663524033489,0.191416543345103,0.266307288459402,0.20105211950662,0.235194529159556,0.209392784848941,0.195275704555451,0.144216577570393,0.206423202399713,0.175470966428915,0.149222924946809,0.213035102870907,0.193867688678367,0.208386250016115,0.20830691200766,0.20775965604521,0.256490702596189,0.20777519849204,0.195311659728148,0.147721815899493,0.235606845878645,0.23351007895612,0.282741159482225,0.21668892190823,0.222485708040376,0.222839728974491,0.287638760179027,0.174504733303654,0.217974839199323,0.233582771774029,0.330759520946837,0.246754992916559,0.111022413126429,0.226658759464505,0.223733950358355,0.242471471308422,0.228228780621012,0.18455748953655,0.139797913256921,0.184225569668738,0.223885080002247,0.235283345584228,0.160054158549254,0.0928602384765329,0.196418627050785,0.0736753622600339,0.15067894240656,0.260298375969272,0.162749398495891,0.105270053707645,0.208486283429906,0.187650405843381,0.179603361081037,0.119383942604729,0.231452240172598,0.258318848348831,0.123029767132791,0.189702009973263,0.2809436315462
"capitata35",0.0878286326194479,0.0859268944959387,0.0817537692086707,0.113855094015622,0.110110190114635,0.132090707673516,0.102389608558524,0.105503953753851,0.432711989780559,0.077301264331571,0.103334783935768,0.0819316377153692,0.0671708884924066,0.11554420546768,0.163351233650766,1,0.0746294537096923,0.109523496371456,0.0978782658201315,0.0814768260540431,0.104503477469567,0.127386918127531,0.119203217373999,0.0955812813862269,0.0984183969862991,0.0858856721025451,0.0563157866968114,0.126299498504718,0.0990086969781732,0.153393726065764,0.122493472408643,0.091994604649676,0.121855160820269,0.0904075503451797,0.0754873672197837,0.0780924746373484,0.0918037408805419,0.0562558633281666,0.0875089624776391,0.0928502640659729,0.105946709772356,0.100706729759448,0.0779909422955362,0.0927676167226325,0.0794060426141282,0.132084553888237,0.10370074899292,0.0771317873317706,0.110721483367249,0.0917762012482081,0.0917127173443294,0.0720427064225485,0.183824117421627,0.0984803251613809,0.0935463717456007,0.0899474175260683,0.0841738458106445,0.0935866480779468,0.0639319341520945,0.0993065675055261,0.103368315951167,0.104397408374224,0.0850030701637081,0.12852978800896,0.0990404830422804,0.123242714817286,0.121714749517535,0.322993189065343,0.103209801534608,0.130860863254831,0.0874808222214766,0.12475213053937,0.125148993658053,0.12044321577596,0.113151441818532,0.121596898028478,0.089077728287247,0.0948907824686535,0.114534248402949,0.0909288189291058,0.128233311015869,0.460816993959417,0.0766270001358136,0.0940738328253251,0.0406708126171133,0.117012168119252,0.110302695669685,0.0716734108485905,0.0829038773428095,0.0989747465375104,0.144172664637246,0.0814813542121793,0.0468340985869893,0.097580223719099,0.108321332591156,0.080488151261625,0.0713802864760502,0.119401662624822
"cayennensis",0.243116675979139,0.139965806887137,0.158731956666819,0.186727492386548,0.254036186186478,0.143115349034545,0.287787758994225,0.139344531461523,0.138325184298352,0.131853049878815,0.0818685400211507,0.104382695581029,0.101190023434251,0.154761876148489,0.17356544304761,0.0746294537096923,1,0.167028048769779,0.12441470850194,0.170298314689519,0.158024090599996,0.133513819221058,0.138685063500918,0.183659849496357,0.129521645079271,0.153325891091605,0.124355278272551,0.200284906377864,0.143620395632576,0.0950920313010469,0.175779712239712,0.133129834154396,0.239888094441812,0.15677247421457,0.123471201927179,0.0743301382883048,0.139415369744688,0.166360213952449,0.105151444810584,0.174232971299969,0.12673827355761,0.208787139000989,0.135765414987556,0.143081803480873,0.16066384434776,0.156278362079631,0.0671801493700173,0.128235048039086,0.104685801771942,0.318527661867435,0.129681453791358,0.162847622969876,0.140127371451776,0.151339157663864,0.122188667092495,0.141231904406511,0.212015595661502,0.175195272827645,0.115518410124024,0.122457487259381,0.15231889415497,0.168479523198848,0.113019793251857,0.196374333352342,0.120733446570747,0.161512064015878,0.125192763109108,0.149451934375216,0.172908919672952,0.182721128229645,0.130917465753861,0.0914574296225352,0.1429357569927,0.15850171969073,0.124413722296188,0.174633673677036,0.124182390516389,0.121422738369372,0.169899272924793,0.167900022404313,0.140351304583639,0.133463617996115,0.0670841989931314,0.144742531199306,0.052821354766333,0.103895445240859,0.2037928785111,0.118520502849987,0.0633364586679801,0.150304842591259,0.156533739427255,0.110064308967231,0.0689862908863903,0.132067733475306,0.184228665327146,0.07278808892101,0.185398269676131,0.20146326213874
"chartacea",0.1980156022298,0.29583251624383,0.276671263629173,0.283434185847531,0.279763034013907,0.251622398213898,0.303194355896285,0.261398457013633,0.205953346825227,0.168626706999142,0.168915686983662,0.201529426375381,0.149552523726014,0.264716527298524,0.259993787670907,0.109523496371456,0.167028048769779,1,0.209127101672207,0.240039242974921,0.27312288410199,0.180019195236045,0.242860595479606,0.287155092526743,0.226717316188101,0.181043594505063,0.0971740841305591,0.196554938762806,0.149958222108668,0.138084195152036,0.252851142555921,0.179728174909493,0.348867006082059,0.242159622261943,0.196392150880005,0.191546526869427,0.191426421301102,0.153282223421253,0.203231034113708,0.272197944757418,0.195165553369518,0.292434873088458,0.175953984419447,0.327658928908863,0.226304315790546,0.211162530922327,0.128678331066173,0.217706619626919,0.162797935256682,0.158254996538502,0.221598574523811,0.217480812770751,0.21646053692297,0.252877955722252,0.209634775089844,0.22579025535335,0.250824372147648,0.21420615119589,0.178770454706151,0.206812231344393,0.234407503610677,0.314395540899337,0.22434247104353,0.219063974789453,0.226398962558852,0.310022136793977,0.18964209362878,0.212769309482081,0.277669765826063,0.308275766142155,0.234365981431356,0.140304224340074,0.212128351392132,0.219340377013618,0.198806058759698,0.279416369498843,0.24531741787572,0.153641325199441,0.186839957684967,0.241997320789451,0.203007261999231,0.184882591739224,0.0976886932658665,0.231243424076651,0.140980098392558,0.154020974967615,0.301445362604769,0.164280118826842,0.105985519001157,0.212433274351907,0.222070404353137,0.192770920275167,0.109025192027983,0.216017602223024,0.28041744576395,0.102613492092366,0.241610234408191,0.325455024507972
"cinnamomea",0.159693394263469,0.160035384687693,0.167312767793593,0.191358477880761,0.156883552957194,0.20996155056457,0.189658085943836,0.186980669720277,0.246972227130082,0.297353587196088,0.142235498261186,0.163457184598203,0.138769605610969,0.221028100054477,0.202647030294239,0.0978782658201315,0.12441470850194,0.209127101672207,1,0.156327912871124,0.210561623925288,0.125116160852863,0.187973801744156,0.181405720119677,0.149192952980714,0.148660118520169,0.100214669135023,0.137528659465602,0.136585286204805,0.110691822508999,0.176393581903287,0.122702079120505,0.21752803551126,0.14835345147317,0.122209343038777,0.170155248582173,0.130379430821396,0.10122795372717,0.214710826690369,0.272014204017015,0.148071753501874,0.201036987072636,0.140416405390608,0.161045696660993,0.137390062323353,0.187784223559481,0.097913614993429,0.142179847393524,0.147482523522156,0.136046434141376,0.175751392630845,0.128356770353478,0.164891783344206,0.144181919673732,0.16721999573746,0.212534519406596,0.143890394023059,0.164736133477724,0.163959238307258,0.174777924776217,0.272937746943111,0.211507611178041,0.165130609692446,0.170474591306125,0.144124045523314,0.218637158682783,0.176830681328559,0.16210556022535,0.152849966201438,0.213486042784326,0.144082527465867,0.0999916539656912,0.175254101792966,0.158261742347347,0.170468780149798,0.232905397221906,0.13891903816442,0.124361714993402,0.159695512947673,0.150909368718156,0.173941665674697,0.119045481967023,0.0603231070407864,0.175052846873212,0.070175551334993,0.150956433508212,0.199074347501892,0.132237899591728,0.091401418406741,0.144684497302232,0.183074637868986,0.15172601945183,0.0813339054320758,0.172877780342135,0.19603286946154,0.0909429703607753,0.130319776748512,0.19609918974248
"cocleensis",0.121784402801294,0.166839049592322,0.487750035156905,0.268965767754985,0.132989964232251,0.219907792731877,0.209025993490429,0.155715637540219,0.16588816659418,0.162676913129751,0.130663459863161,0.24585267581931,0.146808929695982,0.526752593743408,0.199906424707356,0.0814768260540431,0.170298314689519,0.240039242974921,0.156327912871124,1,0.238766947551763,0.116679510299988,0.157501922269605,0.215207655885981,0.168836785160589,0.268854446704724,0.0696352674009032,0.169913799760048,0.117569886488062,0.0673905726554565,0.204376910237627,0.153643165729374,0.29545429507919,0.259147000975194,0.140235413120971,0.186201176678133,0.188077971691566,0.143718678517826,0.183164198269274,0.421648773584038,0.146720722409747,0.229474279303754,0.241719270604638,0.203177581558651,0.189250925868598,0.212945587357802,0.0824689042308043,0.189698648593914,0.134814699939969,0.100636055285936,0.240143621190818,0.268894250454383,0.131786707467586,0.145015681642665,0.159733259484169,0.178629007375356,0.276451319635,0.135843025549467,0.134480248921286,0.260160973014254,0.19959652407071,0.21428250530952,0.369372917844337,0.234353318143881,0.145093070121738,0.241108480970032,0.127551068598122,0.147734663521184,0.168624078529949,0.3051715047038,0.204464111052776,0.0768131626386271,0.176754436131823,0.243677848505597,0.204538397595926,0.197520109450927,0.166169248758862,0.150641548104167,0.130920557380729,0.176954231622677,0.178217639712357,0.134457227223438,0.0757366090694358,0.248015100214593,0.0553898336662863,0.0912572514909637,0.264477500058305,0.177928517204771,0.0802817545835036,0.122736787145645,0.1762795639494,0.152016571101365,0.100527638634511,0.322408531410136,0.354286604489134,0.0744370429020392,0.329830369166146,0.298658269730241
"cordatoalata",0.213845831425619,0.240745805975039,0.252495159920207,0.429620773075837,0.192550329594122,0.256318598600853,0.244742471845299,0.223155354721012,0.234014402462955,0.184281307395751,0.20901905079483,0.352053679786425,0.137409189795735,0.346551477148313,0.263056655705052,0.104503477469567,0.158024090599996,0.27312288410199,0.210561623925288,0.238766947551763,1,0.138019678633698,0.204196520810708,0.284966229710105,0.19149725766717,0.181106485796321,0.107718566742874,0.154323910546791,0.121072356251444,0.0953884901306635,0.259847107210359,0.168762617489003,0.296179086235393,0.201515139206413,0.171200330485969,0.308490489220225,0.184024078309711,0.135596697300259,0.277963373336669,0.233725016945471,0.220391583466524,0.237198532485449,0.243710606448865,0.193416717279894,0.148708851668967,0.338049846455227,0.136431275630381,0.208466099905818,0.189800900119711,0.121895955571457,0.307492744987489,0.202493222303416,0.171213022757401,0.15454460731568,0.205968548764314,0.243252890808829,0.221597346861863,0.193632346193807,0.161848791330737,0.351938962848442,0.307750251262213,0.338047261013474,0.399493477564987,0.193731722297208,0.18061835777789,0.31340355991576,0.187276593933387,0.217738491059121,0.226533917537919,0.312598440244107,0.194722723725822,0.105102937742204,0.209138336265402,0.246553542756,0.215958267986383,0.249611778613054,0.300515402016522,0.131094659501935,0.151811120450569,0.218723373137936,0.200248561536843,0.152590631136355,0.0823617953185468,0.271821087209877,0.0802182702825676,0.135442609162652,0.268679803490254,0.209669251081334,0.113414073831179,0.188222792789876,0.194465122306392,0.197513180358046,0.10361428049103,0.380619994743253,0.404102224529852,0.106828994594942,0.17818776587284,0.283809700962205
"coruscans",0.117154214141006,0.130046718518854,0.152093952097182,0.183183639910804,0.265195643475522,0.196518424760249,0.162341817162664,0.152649960036487,0.158814876088143,0.107045281846899,0.103026871250516,0.108279256117243,0.0991156139887299,0.118501010503572,0.152735993927171,0.127386918127531,0.133513819221058,0.180019195236045,0.125116160852863,0.116679510299988,0.138019678633698,1,0.208556859320456,0.200581171879484,0.123517342058799,0.19725147872247,0.0902019926221478,0.260778424629389,0.178387299369105,0.22268106681218,0.152746961228562,0.157251588236198,0.292625479415841,0.149015257809003,0.129272180250449,0.0893727055435321,0.102590635096281,0.0786894582705932,0.11930704442458,0.148335052910243,0.115589796698846,0.131090101160515,0.0946000605071788,0.144682829928378,0.142478308072023,0.221157855153035,0.105341900638214,0.096422598588399,0.184623069206322,0.113775940901993,0.128005703750912,0.128454533428471,0.338424337452333,0.17703809742672,0.124453235422784,0.125351285611077,0.133953791653506,0.141338358423899,0.0974637334898827,0.111676493482993,0.133664458822644,0.148893610298412,0.118153308427126,0.196303182322634,0.107196710080534,0.157158521497291,0.172812345653525,0.184185585905891,0.150875191166505,0.165932338547408,0.132716010901719,0.184586645068872,0.184058498649453,0.140510434512933,0.152333622589986,0.231224466427892,0.123533444682743,0.169441764464354,0.229829463528558,0.194110560222591,0.219453150294209,0.188521056062667,0.101383240473338,0.189664849528491,0.0620058360817616,0.138267188837295,0.180137256079379,0.109661837293268,0.0828528482175399,0.147563843105337,0.149153594338906,0.148506071318683,0.0664627834999724,0.107973081349598,0.167992533650213,0.0928778284454523,0.128186256870136,0.220489690089844
