"","acreana","acrocephala","acuminata","alata","alba","aria","auristellae","bourgonii","brachyrhachis.aff","brachystachys","brachystachys.aff","brevialata","brevipes","capitata12","capitata33","capitata35","cayennensis","chartacea","cinnamomea","cocleensis","cordatoalata","coruscans","cylindrica","edulis","fastuosa","flagelliformis","fosteriana","glomeriflora","goldmanii","gracilifolia","grandiflora","heterophylla","huberi","ingoides","jenmanii","kursarii","LA17","LA41","LA48","lateriflora","laurina","leiocalycina","leiocalycina.aff","lomatophylla","longiflora","longipedunculata","loubryana","M18","M25","M27b","M30","M71","marginata","melinonis","microcoma","multinervis","nobilis","nouragensis","obidensis","oerstediana","paraensis","pezizifera","pezizifera.aff","pitmanii","poeppigiana","punctata","retinocarpa","rubiginosa","ruiziana","sapindoides","sertulifera","setosa","spectabilis","splendens","stipularis","striata","suaveolens","subcapitata","T18","T21","T29","T50","T51","T82","T85","tenuistipula","thibaudiana","tomentosa","ulei","umbellifera","umbellifera.aff","umbratica","velutina","venusta","vera","virgultosa","vismiifolia","Zygia mediana"
"acreana",1,0.181205113506211,0.136627544735848,0.283051751431672,0.170492042596864,0.162898452563009,0.185462256527243,0.148618661572725,0.172509580172343,0.155855501343338,0.14450088480134,0.11703153465582,0.141481484778131,0.333061023934341,0.187947046950443,0.126199193697393,0.113406331032042,0.203162246249064,0.195020297353773,0.134054955386087,0.206184144973885,0.160661219168899,0.209634454933991,0.253208949118821,0.18085074820258,0.12195699270214,0.158342010590879,0.164904209143389,0.183698910161084,0.158957522875373,0.210471836478039,0.18267150487589,0.23393205918101,0.123748435343064,0.145118919326789,0.151663319560589,0.168128065114593,0.162432361483018,0.184807426201386,0.163129685847839,0.136386250263925,0.184491263277758,0.162203740131882,0.0962588448162976,0.171612329391074,0.155342422491525,0.126784735001138,0.317994173402738,0.191714809179706,0.140375326855261,0.218969760269582,0.157668795407818,0.1895886196904,0.145477867473947,0.150066440438979,0.15483314383248,0.173576156268729,0.178500827549158,0.164491176780081,0.193836687469459,0.151504785372676,0.215708208247972,0.179130500522173,0.217056263004873,0.164481731925505,0.27275024730626,0.158709599161878,0.211168735118497,0.288833173725669,0.215188742979645,0.103962604355242,0.197841484257803,0.165898026591453,0.178778146956167,0.185282535028373,0.202351571956379,0.182623517222686,0.124324627809981,0.291537865780387,0.206438938317191,0.157184096658536,0.207469504434049,0.19308842133713,0.121783849351793,0.140228746985675,0.201102849795211,0.198748652414968,0.170731972405923,0.154615329437609,0.201040862843216,0.129127475784229,0.120769483043358,0.0961164968110874,0.165179529267987,0.22022388892938,0.097442714571081,0.142255757357634,0.210270432962362
"acrocephala",0.181205113506211,1,0.136416415030787,0.188842170967316,0.16100060207429,0.148830114301583,0.191204618362762,0.149449101880662,0.177223910015216,0.117561703230016,0.130945611236528,0.107972920411888,0.131048008749018,0.224120781138865,0.205583892225463,0.127156815945593,0.150707683578575,0.220808386087349,0.186085714115428,0.108351181527601,0.199288501003631,0.178003192957411,0.217590256698691,0.249516024710132,0.179462811839921,0.130365645220146,0.164195303433114,0.193819719601032,0.192543185886222,0.173395839910874,0.218626107704725,0.173166874527634,0.194578356256239,0.129083451578155,0.154533491503198,0.190461280414601,0.172957926213816,0.146735749185058,0.215667151416538,0.161594911311986,0.143780896627926,0.193603558981269,0.174032393522528,0.113599475825633,0.208006609860193,0.169008484022015,0.140631528661101,0.172053655903227,0.172843285130581,0.136709543628821,0.191886921965859,0.201018107073551,0.184397801355518,0.219402751180179,0.149724440499385,0.173966937210585,0.162279120548151,0.182088778055932,0.175550208565849,0.188257163525035,0.18801386859575,0.22373816900484,0.206873110763221,0.158681956918831,0.164022972489004,0.234804320479091,0.165704003685234,0.203346805522762,0.181493422545835,0.250154339739551,0.0964180778980473,0.183694486747951,0.177019259327217,0.240862037082549,0.152765788351515,0.190776231616053,0.182742846752928,0.127971145715157,0.15505051035426,0.15451518992141,0.170126440107657,0.189925836338633,0.166384218013821,0.132006686251129,0.129146686843223,0.174059595689335,0.208445481104398,0.175267441898579,0.14228475754137,0.203289330332186,0.139849767423908,0.114470420619529,0.102424859165819,0.184431181921102,0.173892300011131,0.093055719279349,0.138358078583074,0.23725721884837
"acuminata",0.136627544735848,0.136416415030787,1,0.149128496863387,0.1231698535495,0.145774588979038,0.16889231727205,0.143744502500908,0.216676360048528,0.123704835307177,0.110539559867303,0.09876697925486,0.146452326385368,0.183091424731739,0.133718551586753,0.112425891317655,0.151425664508901,0.196899224182304,0.166107534631589,0.0828751664286982,0.183602203912049,0.154220189938043,0.176899704090251,0.186063627839002,0.201807421788241,0.117782778381868,0.184927236023883,0.166193315343951,0.198815232812783,0.177409202772564,0.16808651720445,0.15760757072694,0.168696056673406,0.118995179221876,0.142940736125781,0.139345441660207,0.152217114036439,0.167478721697149,0.170352029942933,0.149159329989871,0.175375226019417,0.195297947028855,0.191722111109616,0.0939096787083612,0.177270638596819,0.137385559442803,0.114668003649044,0.154133158649239,0.160143787509726,0.162999166031032,0.173226274442248,0.194017623987897,0.163817433657244,0.193839098401815,0.143599764119815,0.163480371603135,0.17710463402745,0.138570254598294,0.151769943559292,0.192068353112876,0.152859352091619,0.182919420367718,0.127957195372041,0.163350474941213,0.155445656592649,0.195429340774007,0.14151729428491,0.165149876476817,0.143074228907294,0.185890786024899,0.0812448288282838,0.175208379703024,0.22264794188739,0.188357441889959,0.164205291921736,0.201193383360905,0.174789659568113,0.153125745321159,0.164643917346127,0.142119490470935,0.161940857680115,0.168826531996603,0.134347832933984,0.0788554840188315,0.156189978699489,0.160416929745549,0.197139610955285,0.181916003305667,0.129891564835461,0.115237284860039,0.0988116114119961,0.126722517726846,0.194772843389047,0.18324189610609,0.182320152705786,0.0918867322886443,0.143661975084766,0.185108880426822
"alata",0.283051751431672,0.188842170967316,0.149128496863387,1,0.187028887803685,0.169379886261363,0.207535140228905,0.378804255404478,0.188744639665011,0.148948790797385,0.197133127426664,0.307829727457837,0.138103964141024,0.275040420266966,0.184941998343725,0.326601450765369,0.1426268896395,0.223665797371288,0.270387574950502,0.169518845805583,0.318532589683404,0.182360891433102,0.278539184931546,0.340376624140811,0.197257394125976,0.144865333397125,0.218497271626779,0.21915573461033,0.181351704024039,0.182864334303017,0.267121131855948,0.216432515173773,0.308917802975786,0.302691981562428,0.277694564175783,0.159619315814786,0.161224718434702,0.178826803535522,0.176893402650422,0.219403476509279,0.171881500684262,0.250730955093126,0.185444532858545,0.1928649780976,0.312308986597709,0.235942448371054,0.161620338675319,0.235404231312663,0.227163931522419,0.152024245699456,0.277746237827579,0.192250937562246,0.347335614257634,0.204471669526701,0.151247609094728,0.178260648352797,0.17496701835191,0.16268007957181,0.171207965878486,0.197378234126031,0.17996988902513,0.276267666058786,0.207448037312898,0.258103175270799,0.200302141670098,0.25780969479696,0.208656585729672,0.251844034406706,0.229097696553051,0.241080372195878,0.16554042303212,0.197294884119137,0.205325992605367,0.187587666820342,0.176181081545352,0.231690573828812,0.224150781632774,0.171835861544169,0.275405597263758,0.237992870976705,0.193064594634774,0.204984680223414,0.298058589839375,0.178860669611859,0.137350176036137,0.218230712830271,0.195386875465535,0.200857491801767,0.208865990591887,0.211536243353156,0.144254959718492,0.140450842304117,0.121558573993871,0.203095310721,0.197942019344241,0.108910889229368,0.195834705446851,0.24512268346852
"alba",0.170492042596864,0.16100060207429,0.1231698535495,0.187028887803685,1,0.0927127816286188,0.161113864708879,0.146852917592138,0.118622496549257,0.234450697646182,0.198814423389562,0.194199173518603,0.210430516103905,0.154389257572048,0.181737963725373,0.104355660120256,0.146881859162196,0.19464688990992,0.146402177346378,0.109277643647993,0.20700100278211,0.123907192970204,0.164288525692443,0.162343512992816,0.11465673619237,0.192059959488358,0.107119854706881,0.159410714135891,0.167131719552371,0.12271940342461,0.164141641991098,0.238496407041386,0.168183863920114,0.112567743427564,0.21546990712511,0.112454295854293,0.103397686850535,0.117952249263476,0.129444158577308,0.137862364724894,0.234834974730366,0.160078912232128,0.114974187722633,0.108626166386855,0.14524095473173,0.12813456391343,0.206349795596292,0.154072791603215,0.251089487385019,0.231582212313321,0.148964436076103,0.132341932417977,0.160643148865805,0.122642191587795,0.146950836941066,0.129369752482764,0.141085309593179,0.153035144715513,0.229038080288915,0.145398773824327,0.140844442765468,0.163634334017771,0.140563282974316,0.131344532516388,0.166811196526767,0.192066707413677,0.131167157027131,0.167248787938173,0.141574907338427,0.196846744547973,0.190180239692309,0.114321438541839,0.136986015770011,0.134561752420638,0.108510527855712,0.175131301373322,0.149047187554762,0.136904871535987,0.133676284987481,0.152959540323279,0.140316981103982,0.218977944152887,0.118371539808626,0.122454978709993,0.116933670431551,0.156635517859155,0.147526980559582,0.126397443598228,0.0974876987543514,0.246122727735631,0.100842523586694,0.209186733405521,0.0911874639753021,0.14184050857283,0.137255576091428,0.215585130410805,0.113326613994635,0.192159693240283
"aria",0.162898452563009,0.148830114301583,0.145774588979038,0.169379886261363,0.0927127816286188,1,0.159552637216418,0.146250143119213,0.253634332707478,0.196630093270086,0.152734897197564,0.110700885004849,0.137297034388329,0.16308467996539,0.152256893411977,0.15155347516359,0.0894636004348763,0.17204146926863,0.175209265369979,0.106968090236675,0.216134080001098,0.260788953012925,0.189815658708353,0.212166260913287,0.271347992746767,0.167470797303557,0.296448821951237,0.186608583105482,0.191533116816213,0.178355790532269,0.273078959094356,0.157701615731242,0.225234110910139,0.114925744835029,0.253701544604724,0.141445665092339,0.224165274811269,0.273219175436889,0.133383241894967,0.225008574373903,0.168170414623263,0.177815370837896,0.203555492790909,0.0727968568479454,0.173905996110181,0.198063350129969,0.174147327265567,0.148612356806193,0.22769217299296,0.105139739324121,0.249233588998566,0.157353978621293,0.183150068519931,0.145461277430213,0.121248713102616,0.141347743275308,0.142928038600464,0.130531060503247,0.232525950292732,0.172449000715677,0.123843100072666,0.247370201541139,0.124434692139911,0.317357944207824,0.119511969370122,0.18447932607155,0.181912734675573,0.209931374342968,0.114393612949586,0.208073831101667,0.0973490669278588,0.304307698766389,0.162490474001097,0.157888394268481,0.274261279605307,0.166013443302521,0.168140201490306,0.11874564938331,0.124998331772668,0.121911925274554,0.127212693163877,0.20627044149069,0.291321206743193,0.104674892187874,0.114893093606354,0.306657748417553,0.285597686865981,0.312665069570526,0.14984380831368,0.137106880457031,0.0910527948911353,0.119938608329122,0.1098909553615,0.255801468436489,0.185999733270367,0.0827681330697191,0.173568708295681,0.203939066744567
"auristellae",0.185462256527243,0.191204618362762,0.16889231727205,0.207535140228905,0.161113864708879,0.159552637216418,1,0.148185164262108,0.209408384980659,0.132884152382903,0.134908825695166,0.119438514007198,0.147557250500266,0.18695626005267,0.186086536591251,0.124505713945684,0.12150491412948,0.256501419313458,0.181773820333402,0.0957495019239641,0.207063020960154,0.235121120204091,0.178487800935771,0.217754653543234,0.223071835700492,0.14478295387687,0.208994917186414,0.204220918370483,0.221963065104458,0.160906186241346,0.229149065808978,0.172791755156215,0.254627339730557,0.134607752076811,0.149128713695927,0.152916597475857,0.168635019932756,0.180964754300991,0.169313131425382,0.18501593666029,0.150853978536756,0.250998194651485,0.190166775727452,0.0992624411784143,0.186973963732301,0.170378031227626,0.147415669956295,0.163077242912154,0.230877979947891,0.148996688035149,0.199206108679215,0.21529240672123,0.201019237897554,0.155778877081095,0.147021960031305,0.162200813925847,0.171923132853371,0.183694116093522,0.147246802832626,0.217401719262999,0.162128219201521,0.278422313383276,0.163900131812224,0.200681523027896,0.128488728514765,0.244883898266749,0.176270635137462,0.222744638488903,0.160535098864758,0.28629571174626,0.0901106465279158,0.205630911978229,0.200059508635981,0.181910821274282,0.180731215398468,0.208535858670801,0.178068280680001,0.206553467571653,0.206161898514381,0.198419626679328,0.169684592488633,0.215781496594569,0.172204337186984,0.113078920237833,0.18809036374888,0.197439269172974,0.204327008067863,0.239545869627018,0.139827129890501,0.157734630650722,0.154491302956172,0.109833405391353,0.118684758489158,0.226889406538929,0.208812660445037,0.13341432352891,0.167208426910856,0.32328381917634
"bourgonii",0.148618661572725,0.149449101880662,0.143744502500908,0.378804255404478,0.146852917592138,0.146250143119213,0.148185164262108,1,0.165797404169166,0.150563601265811,0.18410076062636,0.363597709292674,0.116415352988801,0.169433379545704,0.161608830376378,0.381090371616724,0.11394260043439,0.194360214179351,0.257734193677109,0.16408173306873,0.28462002733444,0.158243168971665,0.291298125618869,0.28735086634015,0.184274189766884,0.139550188039264,0.212578466441001,0.202282934167589,0.154319050104229,0.145995389450067,0.255114873013468,0.183199297611962,0.265343742892327,0.338742631063824,0.265737997299154,0.119218353830705,0.131361077426971,0.168367424269208,0.149480567457021,0.174232668240767,0.197433509427134,0.252708292402277,0.181827808904768,0.197177584060376,0.376736197903501,0.210300552929112,0.149668456595574,0.141393093200515,0.18654754586002,0.138396040844602,0.245164045185802,0.211222151653093,0.391457432636649,0.164956160089142,0.182669650338043,0.211191993056062,0.1668762722452,0.140987507655379,0.174110215413571,0.194730297049749,0.179014454203008,0.196026951655482,0.146639125978087,0.19869859236176,0.184831485820212,0.23937014813691,0.270993292100552,0.234993541655593,0.126104702135812,0.211742876449209,0.179894865023087,0.1617271235376,0.15837548240406,0.141181740534012,0.14828533586346,0.214949665447211,0.188638611772919,0.214645655291324,0.176825231429813,0.199673513168685,0.202212037750238,0.198709921958552,0.338503686521564,0.169992810427759,0.101487986082756,0.180276388376323,0.192013272930107,0.187572038062279,0.17773797202278,0.168637166067145,0.107935832910332,0.207973950355729,0.149177760511081,0.148189044579452,0.176315151344325,0.0931513432672675,0.185379572691447,0.186156046967826
"brachyrhachis.aff",0.172509580172343,0.177223910015216,0.216676360048528,0.188744639665011,0.118622496549257,0.253634332707478,0.209408384980659,0.165797404169166,1,0.196854004106787,0.153315518661907,0.102737076321599,0.169672175350731,0.177672045358864,0.159778364387446,0.154310969582871,0.105623414050204,0.21989515645475,0.197166645893308,0.104187136846636,0.256418260316249,0.335349508031366,0.223377567494726,0.23173954818556,0.363752871532052,0.143561718389071,0.355056803427502,0.203991983096073,0.254443229879996,0.206562855857533,0.295180670574142,0.192712444050272,0.253412631535218,0.136551993157679,0.217400758334981,0.165956333923916,0.208214653740764,0.293734282047022,0.20300218812163,0.157001576607666,0.22463956045981,0.26093976267988,0.196594858133225,0.0789482869238268,0.211699397909169,0.186584447265395,0.211390124400509,0.163583503108319,0.243404600838306,0.121315737301919,0.27009153792206,0.204271792245626,0.202050470940784,0.221306341763348,0.155163551121486,0.175875813886045,0.214285511591827,0.154369829148766,0.237711308115639,0.196805553757345,0.154902405873275,0.276814526328856,0.156608513618108,0.365868939534226,0.11591364943705,0.24578171337403,0.223145670952015,0.23768394728255,0.129953196359674,0.301444901851369,0.117458749251056,0.348104884762547,0.230033142385251,0.208192251426939,0.253653962896249,0.207970083602716,0.170149870008859,0.179177658260828,0.162715891671176,0.150170616728198,0.13812676908315,0.309925614692859,0.293365702729399,0.0893960998297354,0.164207775792206,0.302137584094762,0.307878766335072,0.309002161365371,0.188492338498829,0.135289971859393,0.155806704730258,0.117168421463152,0.219297194830167,0.339913007097947,0.19436415280732,0.109914914172455,0.172857620835777,0.203127315255249
"brachystachys",0.155855501343338,0.117561703230016,0.123704835307177,0.148948790797385,0.234450697646182,0.196630093270086,0.132884152382903,0.150563601265811,0.196854004106787,1,0.339576253993729,0.259332522840825,0.202495857111818,0.146845833564065,0.120303169549124,0.143596668181278,0.0754392922287406,0.156046038686381,0.145182899822271,0.0776288204570814,0.170549344575646,0.220056120923216,0.198676667819681,0.165104151451784,0.223893879075714,0.285921844023327,0.234192105470435,0.150905154874811,0.147117941516092,0.118939588101698,0.220392712997826,0.407703046309061,0.243966190297629,0.125648246211019,0.379135927455947,0.135811339768133,0.210133940475004,0.290255681158195,0.146480147435727,0.143429547067993,0.345275391701954,0.193279790227468,0.185826135626709,0.0674463304681374,0.159327371466235,0.141373674482179,0.41015644151065,0.11180475208471,0.351746061851184,0.242711322285087,0.193848748818314,0.144101824499561,0.146881983329397,0.0922610412554857,0.134024176116323,0.136437566243692,0.158189778374976,0.144525466857077,0.415654791206908,0.163662611105064,0.102882134758856,0.182233704198637,0.106430581426623,0.327491192176209,0.11573092417198,0.164752368885658,0.189082517120971,0.177087913952585,0.0926140512203538,0.182663134596754,0.289271832618485,0.23090971946813,0.132715868393169,0.139342149658496,0.262268637054196,0.158166476822014,0.145106427979242,0.119049320721497,0.112043296437739,0.121259772263794,0.12569803791874,0.305135540641575,0.269350955655277,0.0951408660169494,0.109891988962331,0.264768190379671,0.302350882682766,0.254653056316721,0.13319620608316,0.244792536156956,0.0862153840827034,0.267957222468111,0.103893463285356,0.198600216004218,0.170622476252254,0.31818775616123,0.121401709493503,0.158616544507125
"brachystachys.aff",0.14450088480134,0.130945611236528,0.110539559867303,0.197133127426664,0.198814423389562,0.152734897197564,0.134908825695166,0.18410076062636,0.153315518661907,0.339576253993729,1,0.310429106361096,0.23886192101624,0.148089791555389,0.116763434661385,0.205041688969145,0.0975204814345721,0.141702179589553,0.173657657723333,0.186153416832087,0.21362926268974,0.148975698412448,0.196121892633187,0.206253829021319,0.161223011348817,0.284211827308061,0.141405811522036,0.144244661169172,0.147275434874963,0.123522613305849,0.196586093114981,0.374139412067328,0.222229817090272,0.193615216466146,0.387973983865539,0.100547636665157,0.139616965051459,0.136488200034755,0.130347622883255,0.147434677431717,0.333361991822838,0.174661862632057,0.148654591648411,0.15315674597875,0.178258599929662,0.227198716910134,0.363929920128854,0.113450241072441,0.305878574138884,0.268366024412049,0.201227374198901,0.129783930279811,0.177417385453623,0.148062592105438,0.133278691910091,0.120344479911001,0.1337880164672,0.123434182579076,0.279409196473512,0.19341858396563,0.138735795689043,0.185226026889104,0.110251424274962,0.152061821899762,0.112189816275711,0.190386443826553,0.153546542963641,0.181089695952889,0.111402567377669,0.174930113249802,0.317597848584013,0.178036234838762,0.155639048566793,0.136568516421655,0.118432236587349,0.167956543995096,0.150222270765432,0.112765246241727,0.13709145401098,0.163249926335335,0.133747463174639,0.183762526741324,0.189264934696726,0.105250434518446,0.105539582542074,0.166301695541218,0.156732797011775,0.163429063980036,0.145707743385128,0.268095179858061,0.101083479302201,0.296710422905606,0.0812264411529702,0.161026932396123,0.154987289605703,0.295795804723604,0.142998747869135,0.146808517481922
"brevialata",0.11703153465582,0.107972920411888,0.09876697925486,0.307829727457837,0.194199173518603,0.110700885004849,0.119438514007198,0.363597709292674,0.102737076321599,0.259332522840825,0.310429106361096,1,0.170910712581531,0.14049257909451,0.105474552282364,0.433014250711742,0.087814901250062,0.117354028697961,0.193844760613689,0.132437979072355,0.242639476858863,0.114540970468295,0.181339830108969,0.275052283394961,0.149403232091475,0.255554779613178,0.13884087020608,0.132924364626267,0.101950940933902,0.114970307016021,0.172840863342186,0.289211830247675,0.192943459310953,0.448974567272494,0.420847917782055,0.0999369509499611,0.0939851858902585,0.115150954323518,0.121388142399093,0.137270617723757,0.281782097118857,0.206786038735441,0.136772557705263,0.223679840516185,0.341356762357045,0.140968042386876,0.280321689800029,0.116111131572493,0.280476038705091,0.232060056811349,0.171970362623181,0.144811646825442,0.236900397789369,0.121874390982485,0.153507002838789,0.127846415032692,0.12418276778109,0.150573841135995,0.245142721025234,0.112315379675041,0.136865915452876,0.150584195571186,0.103501595692049,0.126595118864222,0.129907326597805,0.157994770107789,0.145346732292132,0.189166584108926,0.106317562104161,0.133600162826182,0.353745203394991,0.123697639728303,0.125945588589686,0.126022003843325,0.110271159149174,0.14634025748344,0.158982230035756,0.121070190454898,0.133318043995236,0.175204203041592,0.109363320152836,0.159580145361827,0.288279404024012,0.150340723758397,0.0778628751574762,0.154008306922325,0.130154213662388,0.139127153690671,0.121080580196992,0.246611476615668,0.0826006483678577,0.282895321711406,0.0884694757965513,0.105125630592934,0.115388926474178,0.225743587221937,0.136810646787626,0.157292696238453
"brevipes",0.141481484778131,0.131048008749018,0.146452326385368,0.138103964141024,0.210430516103905,0.137297034388329,0.147557250500266,0.116415352988801,0.169672175350731,0.202495857111818,0.23886192101624,0.170910712581531,1,0.172970330426538,0.124390448088128,0.101440896456118,0.102783278868843,0.154959474110522,0.148985109043888,0.0972776301295298,0.201554705361864,0.138864018056836,0.145405127664178,0.164283935723607,0.162709611502299,0.20316371224453,0.140512719660676,0.146788196589487,0.177104816816601,0.14917495162562,0.206445455493785,0.245743473031836,0.190571254344203,0.115603967828386,0.224956990239727,0.110163500517879,0.143133538774492,0.129631881162173,0.145228506789244,0.127114038777803,0.232058710919073,0.173571620241266,0.15642750016635,0.0930151045325664,0.143225314852445,0.146632804691853,0.21236635399536,0.116520062351741,0.254935384735942,0.257824205858026,0.164633967404688,0.180627833604625,0.129609420195354,0.0996454208288879,0.119238150766105,0.12484308925619,0.137765798732599,0.133404408472694,0.262308783995668,0.22704621693349,0.117761596207707,0.159651935151343,0.109785115331982,0.132836602560617,0.13093966165745,0.184654172530465,0.127397045863447,0.174074873089089,0.101093053365186,0.176140413207241,0.170511164189089,0.148524266053837,0.14615645778239,0.163106952494872,0.108311316412628,0.168624421376494,0.146190537280819,0.110577556875008,0.119715311340835,0.125945852585543,0.138378604082771,0.230308666478092,0.144062126035358,0.0839609281537747,0.115267620644946,0.163996342750164,0.168576764345299,0.170205300684071,0.154638015292847,0.217440338991493,0.105377495200649,0.207265427044011,0.0883002123173324,0.169459051593815,0.151222527493608,0.19088170375024,0.142749715744449,0.151765355854495
"capitata12",0.333061023934341,0.224120781138865,0.183091424731739,0.275040420266966,0.154389257572048,0.16308467996539,0.18695626005267,0.169433379545704,0.177672045358864,0.146845833564065,0.148089791555389,0.14049257909451,0.172970330426538,1,0.174254000845311,0.166322010052454,0.145413150558668,0.21191143723196,0.195654443225244,0.111430932771198,0.253846684485223,0.173941055558773,0.243860423117557,0.229613718465837,0.191300081210734,0.130212824919691,0.167320048653671,0.205436176885987,0.189251069069793,0.232609731379738,0.241764425357133,0.193063444744081,0.221133801428732,0.15934137022892,0.186893803279956,0.171469274880689,0.187311278139927,0.174881505931484,0.210521203438362,0.17615020095184,0.155275082216895,0.189461151572694,0.223050006014438,0.141290222528152,0.194196131301006,0.211361148980763,0.144069703630853,0.348723697228847,0.168576600279085,0.148586823864293,0.209719871078258,0.181483049291591,0.186014152390931,0.170563474814925,0.167463985201083,0.163199074495764,0.211739176336609,0.181502668256389,0.180407703471074,0.245998320215845,0.166776710401723,0.217378976005831,0.190693784294088,0.247601259320932,0.162874719863094,0.260119562392138,0.17193398437812,0.225667340399224,0.337423717090493,0.211230457525797,0.116073430571662,0.192448883841876,0.210880901071291,0.217312255237891,0.176619722314824,0.248222782318448,0.227294470697049,0.167248475672993,0.377384716084225,0.20645932325086,0.176722910455976,0.203015817199814,0.189580210202263,0.125013624902796,0.149108227794217,0.227599706403005,0.219716871822272,0.199348162463361,0.141603836000084,0.187470245665999,0.140326133013122,0.120047986235716,0.117471572546074,0.188060083135625,0.182611602219996,0.102218802998095,0.141905116835598,0.226541768296856
"capitata33",0.187947046950443,0.205583892225463,0.133718551586753,0.184941998343725,0.181737963725373,0.152256893411977,0.186086536591251,0.161608830376378,0.159778364387446,0.120303169549124,0.116763434661385,0.105474552282364,0.124390448088128,0.174254000845311,1,0.112135647136495,0.136228631137541,0.178426630911481,0.172055571928885,0.150844577299842,0.212205569012026,0.13817099123638,0.174901361945164,0.190315182032218,0.166036803807206,0.111819461571791,0.134443030824585,0.218146749966014,0.157554821546861,0.16977119954188,0.197670619058737,0.148213058067983,0.196476062719093,0.127005247972603,0.15945101592948,0.146416773305297,0.117143704235726,0.132724431569185,0.160439659409783,0.166774526662786,0.153520193085685,0.1786247460347,0.161295398721162,0.118256179476022,0.205758499092163,0.156217687493394,0.147862399307083,0.151995011439446,0.166524802797097,0.144067557865806,0.18379087546522,0.173824560238537,0.175124660009122,0.153047200757596,0.15157986043518,0.147100421071351,0.158390668288776,0.197832953214704,0.140139485705522,0.174632694795942,0.166707886174512,0.184805641062681,0.223077718150693,0.142082674813,0.160140350887783,0.212097287873765,0.143377931301025,0.169990520839537,0.157836091388453,0.206761123185129,0.0972330225152579,0.15170575678138,0.188317232493459,0.286748834811975,0.125175515459967,0.201030686855692,0.141954140943722,0.119903038417745,0.151933158570644,0.150270961345787,0.140994063923747,0.175897482557858,0.149786040661359,0.129095430156552,0.121506183946076,0.182140301653361,0.173115882788812,0.151558609759542,0.136271863223819,0.168695514501153,0.123514628160879,0.113105682859665,0.102689015381106,0.162073046804145,0.160062498203956,0.107063019837153,0.145382804624166,0.178949917243804
"capitata35",0.126199193697393,0.127156815945593,0.112425891317655,0.326601450765369,0.104355660120256,0.15155347516359,0.124505713945684,0.381090371616724,0.154310969582871,0.143596668181278,0.205041688969145,0.433014250711742,0.101440896456118,0.166322010052454,0.112135647136495,1,0.0974832455317749,0.159813686031444,0.211839370190106,0.136339246046379,0.261486685795284,0.136448077509318,0.214246430965595,0.261666486914972,0.175965708111896,0.129812638129925,0.177726188025384,0.166607384005486,0.128058903192045,0.134478323541031,0.201477437940323,0.170529217970794,0.225005972651059,0.474611963559391,0.277238503473186,0.109669916108811,0.124851264862858,0.167213058041956,0.12789183062971,0.146452309560116,0.201055812321053,0.207638206587264,0.156489217842376,0.268017872323286,0.301120225110462,0.170609801937622,0.162127590884144,0.14973887453249,0.177655798472106,0.102762990514923,0.200064976689594,0.153959781473071,0.297948772062736,0.143889314260519,0.147470349023486,0.15745627311234,0.141326842638516,0.115910148793077,0.165776277408264,0.136651604532716,0.118295580978287,0.177229913156224,0.111616032196145,0.190485349062774,0.153522049948503,0.198120307215748,0.194285782992588,0.220690969061969,0.110962450857362,0.177025643964428,0.24974968385323,0.166830236575667,0.146622772673221,0.135782748473281,0.145866298082773,0.173425055311001,0.217575308638908,0.153064886739055,0.158096665194284,0.18953469884542,0.126226926843557,0.162780741986425,0.313897147747698,0.163904051941255,0.0941129535380618,0.184688539278623,0.157139323462572,0.177846986619277,0.154708741365399,0.142038640107362,0.102085453028597,0.159620483719343,0.113047822330263,0.136806819873845,0.15838384067329,0.0925992740968211,0.148633942336465,0.17562954948378
"cayennensis",0.113406331032042,0.150707683578575,0.151425664508901,0.1426268896395,0.146881859162196,0.0894636004348763,0.12150491412948,0.11394260043439,0.105623414050204,0.0754392922287406,0.0975204814345721,0.087814901250062,0.102783278868843,0.145413150558668,0.136228631137541,0.0974832455317749,1,0.156224765949987,0.138057055840683,0.105917862572476,0.148868423152581,0.102631519755988,0.144855632152013,0.130755991347987,0.127501334247847,0.078809536850425,0.106369788654788,0.125086249408708,0.134382129978799,0.203960012663416,0.135710237360954,0.111226687738192,0.119162628432245,0.126094085198327,0.159861383506936,0.110551368114269,0.112530295106209,0.0989657725664911,0.120394034952909,0.121433350217817,0.112237562903555,0.130807570014025,0.154370263205595,0.117307806216156,0.140850928106772,0.0983016825657055,0.0999584603884243,0.143375195334371,0.131813736841043,0.135847429693441,0.120233636817112,0.126193624168084,0.128269611899445,0.15021604247795,0.0891339455768769,0.0991590972691671,0.133814463147347,0.150913719510586,0.106659045151004,0.129566523458922,0.118636415985803,0.150621213123842,0.126863235003959,0.12085617185759,0.142089937064492,0.149565630250958,0.0896076400638975,0.115801278776126,0.116504144690795,0.144041829198725,0.0821894278256858,0.1282929768033,0.145952428478699,0.126777231014318,0.121921246684438,0.135124151477925,0.14313310214809,0.100068505762343,0.118761116941487,0.166880128804674,0.110315555220546,0.143074222787653,0.113717235879599,0.0852879698156826,0.106362080818232,0.119449726333297,0.117188991206102,0.112383355485125,0.13530178022466,0.107440454453696,0.0982448854940003,0.0744061296685168,0.102522507464837,0.115592281954384,0.151456900096089,0.0873332503168938,0.121672152960659,0.133449473810309
"chartacea",0.203162246249064,0.220808386087349,0.196899224182304,0.223665797371288,0.19464688990992,0.17204146926863,0.256501419313458,0.194360214179351,0.21989515645475,0.156046038686381,0.141702179589553,0.117354028697961,0.154959474110522,0.21191143723196,0.178426630911481,0.159813686031444,0.156224765949987,1,0.263146702519075,0.127927919017081,0.221906890881643,0.234624650606492,0.23998556918861,0.222365889155883,0.23388949117896,0.129431680688745,0.207796083978962,0.210892126224613,0.215887869618885,0.184621990338232,0.29116922433779,0.181558157512714,0.265880665768703,0.14145759066899,0.158624914780797,0.191039659083563,0.213519856311078,0.217256956802789,0.215308040771228,0.185772412431758,0.168588605370837,0.242734055188683,0.196046904755919,0.108299073517459,0.24030236981533,0.192998779407813,0.163070589372411,0.191197263027619,0.22755342434407,0.163171888472742,0.236704025272931,0.225228893155152,0.236782276885626,0.23010824070444,0.173129861324296,0.205779815049466,0.223879231845284,0.190829166238561,0.200400495313973,0.262152307248133,0.206766032198055,0.29048181340307,0.174686581402692,0.221094414988371,0.150130758216455,0.297327217920925,0.228607714875291,0.269274246627034,0.169198431677937,0.314374555794502,0.107971106956608,0.209463229469215,0.21967823303416,0.218275689621374,0.257259928868685,0.272646846300851,0.188892817377281,0.208568683067545,0.228024473049836,0.194096496486218,0.152423272350245,0.248021978900256,0.184326424281704,0.118242852828621,0.177470540539717,0.20075141357697,0.237204671771826,0.267368010262928,0.179843080286,0.204408564094606,0.137067403272237,0.133085767986236,0.145722422227121,0.223685673118304,0.236955063819783,0.129031792163688,0.170174121031218,0.276084103094839
"cinnamomea",0.195020297353773,0.186085714115428,0.166107534631589,0.270387574950502,0.146402177346378,0.175209265369979,0.181773820333402,0.257734193677109,0.197166645893308,0.145182899822271,0.173657657723333,0.193844760613689,0.148985109043888,0.195654443225244,0.172055571928885,0.211839370190106,0.138057055840683,0.263146702519075,1,0.132376948299079,0.209234825958222,0.158683654731734,0.28386664182591,0.22374050631884,0.195026340774174,0.122936804503344,0.20938173092206,0.208774123199653,0.174013517427911,0.214376341716488,0.286426894248444,0.224406234451366,0.218571637287757,0.180634116412803,0.158510020006644,0.175193781294941,0.147601355544467,0.199126007654769,0.201628125423911,0.157356030978374,0.163327028635439,0.372466359275623,0.156892464045334,0.1204563142071,0.198380722073797,0.165417598786145,0.150381919609436,0.188201945866103,0.189084300049787,0.167552366720866,0.240805421303175,0.227512926942599,0.286894267097611,0.171524209206851,0.192984310546228,0.147258761750921,0.205033405415549,0.199018503632195,0.19576862456423,0.221115278014012,0.195397684705341,0.228182463031993,0.149584369081375,0.206041494481697,0.148097081851886,0.265868570715435,0.259555960558768,0.197220814150884,0.141997749234803,0.251247488940781,0.109426943472779,0.196267681984163,0.196974152558728,0.213873097772672,0.15071476590149,0.253262433729595,0.222781028297977,0.178270724950808,0.187974747166562,0.158258406450533,0.185353816943542,0.245073044195911,0.19183424021628,0.120987866560855,0.125553359482646,0.19359651977595,0.214819176198385,0.199913501054215,0.255705084428969,0.18318507382084,0.13169617441658,0.138624530333244,0.145756082046911,0.168836283052113,0.208731030665769,0.100537018964209,0.176522989067329,0.270795529194309
"cocleensis",0.134054955386087,0.108351181527601,0.0828751664286982,0.169518845805583,0.109277643647993,0.106968090236675,0.0957495019239641,0.16408173306873,0.104187136846636,0.0776288204570814,0.186153416832087,0.132437979072355,0.0972776301295298,0.111430932771198,0.150844577299842,0.136339246046379,0.105917862572476,0.127927919017081,0.132376948299079,1,0.15905201402002,0.0823202068239102,0.144668872705328,0.169522585837438,0.100487377426702,0.0784366789127934,0.0949482580292537,0.187881260211236,0.0944327239245343,0.107190635013074,0.143743879836304,0.134706464828839,0.15263299582016,0.122873861931787,0.152941860344588,0.0807543757779424,0.082923846538048,0.0970444239601776,0.10685268924142,0.113908864774267,0.105016275396561,0.119381528327255,0.106063721664895,0.190882249423122,0.179019592109411,0.139319618168984,0.0847730758516817,0.105315302803615,0.114213544195442,0.135544114791022,0.139338682097229,0.0903707667331973,0.221654177008186,0.120256784896871,0.137173536478696,0.110474134629183,0.106852118065119,0.142980769411109,0.0755629404695295,0.174402200471152,0.18277298141989,0.115365921393634,0.110945044445212,0.0905042887842375,0.121380387633202,0.135101953765709,0.0911572916706678,0.226734566500474,0.0984507496117018,0.130100016096291,0.167596007309724,0.115445307605659,0.115712324811679,0.0983940154701394,0.101980936237033,0.12734202949591,0.101959063272445,0.140524480553196,0.118942172396768,0.158071724209273,0.15461523330558,0.115529927251279,0.139408534917179,0.12337100748165,0.0819877457688527,0.127537185167636,0.0972621614311346,0.0922561641891935,0.145234652346958,0.225817349346848,0.101808389912846,0.10303920093846,0.0817326608290338,0.0954543462721944,0.0991077650450495,0.102116030440295,0.156046901038892,0.118400388002657
"cordatoalata",0.206184144973885,0.199288501003631,0.183602203912049,0.318532589683404,0.20700100278211,0.216134080001098,0.207063020960154,0.28462002733444,0.256418260316249,0.170549344575646,0.21362926268974,0.242639476858863,0.201554705361864,0.253846684485223,0.212205569012026,0.261486685795284,0.148868423152581,0.221906890881643,0.209234825958222,0.15905201402002,1,0.200885924927541,0.233011519139075,0.372018786238443,0.271675068625616,0.163718524670561,0.214075807278662,0.237527262500899,0.210851197400085,0.185260359692437,0.278474726706594,0.226717695344542,0.351367936785433,0.224601964563723,0.290623775540118,0.227622361187467,0.176402603130006,0.189934131494551,0.199089132598748,0.225690963131266,0.218152803793021,0.23143795731535,0.213567892390134,0.157997685165971,0.386827172514948,0.239707357296965,0.210947985808664,0.169228249728251,0.253315608815528,0.167220893569976,0.247800926587799,0.191179512966733,0.276297876346353,0.22203687651672,0.233236324674245,0.170698723276363,0.203608130378699,0.205238869900667,0.203786792539657,0.25312931798528,0.171332186446029,0.265693884991578,0.189026038077554,0.234425316378382,0.190842172259881,0.301412979743806,0.232951265682248,0.310981938025577,0.157098095883712,0.275931855431554,0.151141785768692,0.239244455433214,0.218631310725154,0.245698789937937,0.18920218615483,0.233726574574132,0.230246737064527,0.202502055398969,0.183322023020692,0.220342176496725,0.155853774373892,0.24429101539037,0.290303391183748,0.150580540644857,0.166145755433028,0.262178331055216,0.246943111348097,0.244989096711645,0.156695921261669,0.216265499970884,0.159949430706992,0.136581762154724,0.157135320209674,0.249508426353723,0.192591304332893,0.122210371599347,0.208827228991947,0.23745653079864
"coruscans",0.160661219168899,0.178003192957411,0.154220189938043,0.182360891433102,0.123907192970204,0.260788953012925,0.235121120204091,0.158243168971665,0.335349508031366,0.220056120923216,0.148975698412448,0.114540970468295,0.138864018056836,0.173941055558773,0.13817099123638,0.136448077509318,0.102631519755988,0.234624650606492,0.158683654731734,0.0823202068239102,0.200885924927541,1,0.211367734075821,0.239900641071103,0.304301658882661,0.136962017256398,0.349961060886716,0.202045372971246,0.224460190135741,0.172166415640435,0.286770763734779,0.165532439923914,0.241294299487504,0.125794810231731,0.203592177482053,0.174410505532481,0.24690953800161,0.324351710468067,0.209180635862749,0.199361637458638,0.19415818794079,0.243745089513282,0.22971825225812,0.0656120676176495,0.203122608223791,0.190681353037494,0.178461721961016,0.128128936835214,0.214504676916129,0.11833612238987,0.275274265222743,0.20056051043167,0.185038099057656,0.137689398078732,0.133738947731798,0.156949676819298,0.240924815892841,0.142299206282525,0.303667754337123,0.177039093149873,0.156805981467651,0.302849606934604,0.14443271317439,0.399882619354014,0.109033296319014,0.19433304137069,0.211428505060958,0.218277721151912,0.12609327872871,0.28215391144109,0.109395702506328,0.359873844453572,0.164432458922167,0.180097448910792,0.303475844625012,0.182008632572135,0.168197153743103,0.158969234486755,0.156674327467075,0.136917325688738,0.138560410711561,0.300024961192875,0.286145130502553,0.0890161243802925,0.144945262907123,0.304196883790702,0.314167534598219,0.345104426616952,0.162598493630482,0.124461656749639,0.156615273022997,0.104473100779795,0.147902990701442,0.288277280068284,0.202087107611625,0.0874833257957643,0.159014506466913,0.244384142509395
