"","acreana","acrocephala","acuminata","alata","alba","aria","auristellae","bourgonii","brachyrhachis.aff","brachystachys","brachystachys.aff","brevialata","brevipes","capitata12","capitata33","capitata35","cayennensis","chartacea","cinnamomea","cocleensis","cordatoalata","coruscans","cylindrica","edulis","fastuosa","flagelliformis","fosteriana","glomeriflora","goldmanii","gracilifolia","grandiflora","heterophylla","huberi","ingoides","jenmanii","kursarii","LA17","LA41","LA48","lateriflora","laurina","leiocalycina","leiocalycina.aff","lomatophylla","longiflora","longipedunculata","loubryana","M18","M25","M27b","M30","M71","marginata","melinonis","microcoma","multinervis","nobilis","nouragensis","obidensis","oerstediana","paraensis","pezizifera","pezizifera.aff","pitmanii","poeppigiana","punctata","retinocarpa","rubiginosa","ruiziana","sapindoides","sertulifera","setosa","spectabilis","splendens","stipularis","striata","suaveolens","subcapitata","T18","T21","T29","T50","T51","T82","T85","tenuistipula","thibaudiana","tomentosa","ulei","umbellifera","umbellifera.aff","umbratica","velutina","venusta","vera","virgultosa","vismiifolia","Zygia mediana"
"acreana",1,0.271702260057595,0.12739359906881,0.26737346731911,0.218857964279009,0.205223907389048,0.230016413831176,0.164864141574062,0.218868605991043,0.168279957833633,0.133230968244554,0.237165386464909,0.165921848306459,0.197328624795762,0.250662298147275,0.235028257782143,0.217966620074969,0.246849809207891,0.23897074444268,0.201765836710816,0.201097347077726,0.179410937775821,0.205472503619963,0.248623174056861,0.251792021707746,0.319815325318052,0.20313713593864,0.252532276341807,0.225220173615114,0.205729801366886,0.391344431810331,0.297162830605997,0.264854975990564,0.126790078912963,0.1696893236664,0.102652956754692,0.148634004018856,0.230448358214686,0.215958865170095,0.189352803722478,0.128477565120043,0.19238432881065,0.157606072313295,0.232128318880714,0.193804306690762,0.211710345858617,0.149030548488781,0.264672023591497,0.223609079127494,0.167767001113538,0.137251151376144,0.210886004963559,0.225417350092704,0.135334702936379,0.185471725821474,0.227527246516761,0.163566669292474,0.228131972987042,0.205192403563773,0.282561079016246,0.231703522585373,0.273313618676516,0.198085175657784,0.237813821343147,0.218784769797353,0.323697997350779,0.165148817720118,0.297455429978221,0.209797053680553,0.218339805183186,0.174230431407607,0.201176485692594,0.12914224437773,0.163119804599456,0.202237746935713,0.249843874405675,0.207823846007853,0.23497964419671,0.202091086900193,0.286173452466043,0.148320513052982,0.219790218662965,0.237159197892067,0.208000675113887,0.113507057966845,0.142936393146259,0.182257035060309,0.197505613335336,0.164203177262937,0.216866221800242,0.174262038047521,0.210792272629245,0.160937643542206,0.211736462485436,0.290967720058186,0.178209650681567,0.0930276921297547,0.244036651029387
"acrocephala",0.271702260057595,1,0.369878315784556,0.208325057187349,0.233263755186818,0.163763295737118,0.209459261080049,0.207220759726266,0.182420375545487,0.20038894595878,0.141663435265008,0.178678056286097,0.102427745454528,0.217624025251342,0.23268745662973,0.188081569890776,0.183628319825705,0.238026286924707,0.223623325057128,0.450547699059212,0.178561085424093,0.190427870599487,0.170643920037173,0.232098871542677,0.217243237615462,0.319608834345145,0.168411963341998,0.179042034655694,0.154872531336786,0.169688134934177,0.19145839541596,0.150612775168551,0.242907405076895,0.156834521970385,0.126529911474733,0.0823469673602927,0.159972476174042,0.211682558437138,0.170443005691693,0.175729137232264,0.138102120034805,0.154329859435164,0.125913179228632,0.245890933781475,0.177717349393048,0.202853101279842,0.134508689682182,0.211253831738781,0.190030079513199,0.176358458455258,0.12059558023761,0.245293506183207,0.203916192693382,0.174028863717741,0.180427542359766,0.215148443918709,0.167548421046564,0.209555363992948,0.179336240114668,0.3119357898332,0.333746609244497,0.287196827817015,0.171472106757824,0.222578161118281,0.196167470314456,0.16367166109432,0.121938334816779,0.252870579009017,0.149650465193577,0.303235442569026,0.153823181525922,0.200197464716814,0.126291863767036,0.13877199986986,0.289565159806074,0.165732605981694,0.161989122084844,0.124572408007136,0.212220009712111,0.191696762996436,0.143393556982459,0.183088049119999,0.163778489169671,0.168773798451985,0.101416281510258,0.116931782793782,0.295672650261264,0.388429711973061,0.141823594441924,0.240931686957956,0.156458131286009,0.126080514189487,0.158509205652446,0.191149286313675,0.205120525387506,0.183144589270914,0.115276336816766,0.230442855031873
"acuminata",0.12739359906881,0.369878315784556,1,0.138371379414917,0.1697312365527,0.0965942350095193,0.127965160734085,0.1663992828262,0.117153027562247,0.0889683302149275,0.106648185727783,0.0818917538954827,0.0646651384637539,0.136150146019092,0.13603769996076,0.146848918579481,0.0842160441312673,0.145040985036971,0.196465823471535,0.444453948379535,0.111401472769642,0.12966763877653,0.113738358377483,0.139154128116937,0.0829630645048764,0.170790209484711,0.0783079306436236,0.0950829164712375,0.108013829332111,0.109491854590699,0.075313435988867,0.0864872195882221,0.138634287713579,0.17064253105858,0.103073982564384,0.0477962428835315,0.12845054296666,0.124263919716102,0.0701342158312865,0.0743650518854839,0.0953435290194054,0.09992889959812,0.0712644961196662,0.147337262186916,0.121690541515159,0.121751794125847,0.0919381920871137,0.124589217786704,0.10091792421941,0.106015214233654,0.0959442136830158,0.203147318721575,0.122602988168347,0.123789950260059,0.0792473707381862,0.123398092067458,0.115701774639119,0.0790363498020911,0.102109489340871,0.210085642017483,0.193371292182941,0.156064074536252,0.0826735568084752,0.117309156297929,0.0761581160689542,0.0959935339931068,0.0620995128887875,0.135693843700976,0.105063705720245,0.230605235610186,0.124378208100725,0.109109200177385,0.124501546620885,0.11338860500427,0.28989084766137,0.0980189833491946,0.0985863419987939,0.0789586823460647,0.133214934099828,0.102358733815001,0.0970083567578885,0.122102505991437,0.105353365888681,0.0935096142950166,0.0537605648620822,0.106905553334387,0.259173126771,0.200782785579859,0.0935025508051869,0.115408103700823,0.137881127249161,0.0963433804803904,0.0587070157101666,0.128584106762667,0.104562501758942,0.0796109582999539,0.11889254255675,0.156111521963529
"alata",0.26737346731911,0.208325057187349,0.138371379414917,1,0.24247687583444,0.224258190536041,0.273482085232883,0.140071888240525,0.263363562320604,0.189674210814139,0.154252308092669,0.224658287729338,0.166264879228603,0.220716192800531,0.28706098473961,0.228826063175171,0.231243389163191,0.253536919310478,0.264032404125485,0.172331807328798,0.250322845919719,0.209636320225372,0.242692474933871,0.246621320945217,0.262953681163744,0.203722727656972,0.221257023213953,0.277714834320257,0.211961370494274,0.208824654864418,0.230028239057557,0.181788770071648,0.323864571249159,0.119116500605387,0.214687265750449,0.17386494821122,0.150731860772836,0.255686601021484,0.239710412895419,0.245762723674173,0.170309241739151,0.174057764646088,0.146266158260376,0.24978053274199,0.20432568466635,0.231381039073507,0.160071201309992,0.274794739515278,0.21707891751417,0.182316402454548,0.140722318706078,0.191756389159558,0.264665893808849,0.216895511787874,0.21850286851296,0.259910514644354,0.182110334322616,0.256415938281322,0.224751565854302,0.245028147520173,0.190478866907788,0.30136935751337,0.283930975678411,0.277611276251379,0.230786313173933,0.219894056294879,0.257976092005921,0.317921450323395,0.23183879246225,0.227511604426496,0.2049550540941,0.222199719960238,0.196354674520268,0.185232190395815,0.189483594857759,0.299807018461872,0.254908387604671,0.190061285120234,0.160225033441219,0.265878954508489,0.186857717220368,0.268059551068784,0.221686441289128,0.221373672162994,0.134662830394304,0.168846842946984,0.183907989608395,0.142694159867302,0.183132181685841,0.230703626948303,0.150411461923394,0.168669349862946,0.145302171870597,0.240060011871695,0.29597138625641,0.179509521388431,0.0895232155588595,0.225065966719156
"alba",0.218857964279009,0.233263755186818,0.1697312365527,0.24247687583444,1,0.194879904432827,0.236133040597898,0.140624391460541,0.209683748587555,0.257317235619594,0.250103877474049,0.279488625828904,0.226793848649999,0.176351015016714,0.226950198574393,0.235389665445813,0.186126100732158,0.26469217848952,0.258947282239768,0.227038947210137,0.205853877527212,0.20705718036263,0.19030340255754,0.22100246614659,0.168184664100431,0.31696388116109,0.149811125225286,0.204668527087344,0.187182091580131,0.179605511613154,0.174142769099065,0.236654818046067,0.25370271732509,0.108468705215033,0.280874860866781,0.0858035564527303,0.199766520989224,0.190005679543996,0.147757387331798,0.152907938041415,0.293929228148819,0.196203551994951,0.148544852495236,0.247961401200964,0.222881154474384,0.205532219164659,0.252810180755676,0.21314102808917,0.316798377974646,0.255060291198198,0.137515772274781,0.166011477368181,0.256794483154931,0.128575701729384,0.161705901049775,0.242565542940604,0.215844692391468,0.175488167433672,0.304698144024486,0.217493287903006,0.223426094626128,0.30270121959666,0.161724884208329,0.235029922408808,0.183499097921092,0.215155291304925,0.139489054677342,0.228162713609044,0.244338755476478,0.232130874532143,0.318983416144353,0.186549867845844,0.150973494284482,0.165186614094043,0.155357019563848,0.219168060141726,0.199264838450657,0.13874122322168,0.153083351976113,0.194591785232978,0.229093365106283,0.238295802378704,0.16682222756231,0.197497260909446,0.124049508439645,0.138024880510321,0.17643715118839,0.163003457253277,0.148250781151187,0.334346870220009,0.161423587519778,0.254007119528722,0.128089122543993,0.230000490568942,0.222482441451791,0.249802935419567,0.115393569689599,0.19856559088361
"aria",0.205223907389048,0.163763295737118,0.0965942350095193,0.224258190536041,0.194879904432827,1,0.233538861857209,0.102276096725075,0.214877371527789,0.192817856194339,0.101198372674842,0.201520395042318,0.129298432882076,0.178324170697832,0.211632033486127,0.181534935797315,0.201233444904278,0.184804469876723,0.206599145810814,0.161755696228143,0.194803178562806,0.206546552464669,0.252570123658861,0.18868529367329,0.228288222115061,0.179135729984957,0.233920471604118,0.289739553923776,0.198984610241384,0.233540399524041,0.250828741402641,0.131508197796609,0.19248217599953,0.10435158085475,0.198538678165421,0.0764054583621901,0.160239192624185,0.200739731035037,0.289629336304866,0.204334591553825,0.134601327898007,0.129121646257746,0.122921424091676,0.20718390807029,0.170897687514547,0.19122393963726,0.144383189907828,0.219304223156801,0.227158341118998,0.132124309346045,0.12326164150931,0.170189162887643,0.34039060705515,0.122516270405301,0.225944362089435,0.247262381567385,0.144968155769484,0.263114987804075,0.198006647557333,0.195867999720874,0.132450337466471,0.251243706979744,0.225731478571614,0.290595383184214,0.240742930061088,0.192989666315422,0.150205287684441,0.223846769116897,0.256690651387547,0.138767955976654,0.161860400765443,0.196585517951939,0.152063247685785,0.174024487197757,0.148309203361825,0.275820282971318,0.193307788966955,0.191458043996108,0.138012935133942,0.272325482465434,0.135032560156255,0.146459249482678,0.171113513181224,0.202838240341891,0.140120816617725,0.234059163950652,0.131093313938993,0.116601202092346,0.165329467870841,0.19976003027292,0.154414659140539,0.163077725949551,0.200792844512034,0.208695335592276,0.248149990326555,0.143506827057463,0.0958158307617413,0.171575825406849
"auristellae",0.230016413831176,0.209459261080049,0.127965160734085,0.273482085232883,0.236133040597898,0.233538861857209,1,0.155778781643063,0.237593936104192,0.176544359397691,0.140868439077223,0.208613857663388,0.155547157082999,0.168498281922448,0.244323255801022,0.222584452265878,0.190371655198896,0.250574337307123,0.236685241115879,0.2375348425826,0.185332048593018,0.242581214841483,0.289681539552185,0.224140074760632,0.252510267920451,0.195682897101571,0.219079499787618,0.250031419647313,0.314327679396515,0.214678737161271,0.35367513005493,0.171334951439448,0.276655264866835,0.122172118773405,0.209191746575183,0.110888430137188,0.177069360280921,0.206357780376416,0.254541702016639,0.202140234620379,0.17875582412987,0.170592561077617,0.155646532888383,0.28607484302069,0.2280247131026,0.258968380198994,0.145709991915243,0.253792888033816,0.218497275620205,0.160226320768634,0.173645722928586,0.19738809971086,0.329090401265763,0.153642913954365,0.230459751394468,0.240076350512415,0.277180541860393,0.211006470330748,0.198368429832885,0.235039428637637,0.199740621332124,0.281170619203994,0.217803465415686,0.350746812714098,0.341415064736443,0.233550706359084,0.164046991174041,0.287755681520741,0.223946437549009,0.221353390270528,0.272420950300796,0.212345534495413,0.180902370396123,0.185687152900316,0.173804446742217,0.286502235040943,0.244201475657266,0.202936062280019,0.142111707526405,0.259542931276537,0.18035025620544,0.279396134039496,0.222343515963388,0.211207148942372,0.171325014207262,0.181950519670273,0.208592915126544,0.129693494909611,0.273191315140389,0.224834418472968,0.1667587027112,0.156768997308632,0.169555087230985,0.373568064709623,0.260066556681423,0.157854367443345,0.0931213143046423,0.241761508833474
"bourgonii",0.164864141574062,0.207220759726266,0.1663992828262,0.140071888240525,0.140624391460541,0.102276096725075,0.155778781643063,1,0.139069224071602,0.123087094743593,0.161980043838984,0.11627697199054,0.105523782867936,0.257213518422028,0.166557772222441,0.14630039419938,0.131611148413882,0.167591246586209,0.191178563735871,0.170387818254982,0.15587687883108,0.12520293749012,0.110432953038978,0.184762842614505,0.119348768411053,0.198847081773662,0.0890391617114664,0.127313029209447,0.103239807931169,0.132665453174572,0.112957899739362,0.129833466915994,0.174021841634575,0.238821232252451,0.0828754342810535,0.0706249389498348,0.129849991569321,0.170499745862185,0.120551596646736,0.114227274620732,0.0919187829786575,0.124874758452403,0.11754084511388,0.178614695855842,0.145300425307538,0.126702299906926,0.114078397670229,0.150212952632661,0.13820629044635,0.146168359067018,0.11612377210663,0.275477463848645,0.123269559357617,0.121301300397483,0.10224319901164,0.129687988404349,0.146331116371728,0.109230317525349,0.123675301398668,0.196168684051574,0.184815559567686,0.167666102891057,0.121893006509878,0.124958365157589,0.112703081932335,0.16195622839044,0.107507864990302,0.169225028583032,0.128934132353646,0.222829270013367,0.118551465691417,0.129024378725124,0.119433938079052,0.141183355469691,0.203727597514928,0.120397235848254,0.12812549372656,0.118671863098281,0.229021293521645,0.111599443060513,0.11387132791959,0.132198078835583,0.154103555808388,0.124249688656468,0.0759870999278808,0.130200997444611,0.228122866240527,0.183614105941793,0.10182782354849,0.122613238055462,0.100723099268916,0.0895721513209035,0.0843741356344519,0.143927769164618,0.144858736596263,0.108829902791303,0.12389796520934,0.270949163859816
"brachyrhachis.aff",0.218868605991043,0.182420375545487,0.117153027562247,0.263363562320604,0.209683748587555,0.214877371527789,0.237593936104192,0.139069224071602,1,0.165460413231396,0.154141575817141,0.174342698593841,0.142429727287763,0.163009062040594,0.249949704954393,0.204847925357641,0.1704063495462,0.264112318057952,0.209256159060712,0.150337545845708,0.205361231630205,0.226293592065116,0.212187373398948,0.214699448245203,0.205011713553474,0.201870295901383,0.162198827015243,0.191283201873431,0.24391726123214,0.232744092023213,0.190098681360885,0.140346013764507,0.232415516282074,0.101452241796875,0.187244563628293,0.112369676892315,0.170014613859202,0.231119829438907,0.193870792456506,0.171948113971256,0.165500539958587,0.187084555857623,0.142996885330197,0.248746250270047,0.186512009026292,0.195861734041976,0.147709989961546,0.232170386283134,0.210496963852965,0.164226460591915,0.156753684796472,0.182762178429799,0.209039355674947,0.144401330973127,0.1711799733006,0.214878929963549,0.210947125147444,0.218480940789747,0.205507907230652,0.205281057759808,0.183401909185078,0.246513519655255,0.185811691639452,0.255053036992638,0.185392120139034,0.215971445575332,0.140116038983636,0.252199556305055,0.248793526810179,0.199652891891763,0.198622144399121,0.170433550687568,0.159250396456219,0.177324511722862,0.1547689212861,0.259955324325616,0.189423979765009,0.180860352088169,0.134375967561443,0.216288238200286,0.171630581447307,0.174593478725564,0.178132660682092,0.206317002820451,0.12456142292476,0.17154111199515,0.168269851571102,0.140530537555585,0.193271631637672,0.216578868748817,0.172454911169221,0.15945728824288,0.133594962594968,0.222307202805796,0.235137301482023,0.146345290385523,0.092557072006377,0.205820483748141
"brachystachys",0.168279957833633,0.20038894595878,0.0889683302149275,0.189674210814139,0.257317235619594,0.192817856194339,0.176544359397691,0.123087094743593,0.165460413231396,1,0.294250417912429,0.331532634237703,0.193389300887081,0.148784887787861,0.163869905291561,0.16314236095546,0.145507724458765,0.159167051972976,0.179780859720554,0.170539458623072,0.165267873040958,0.157796352722343,0.171696501119714,0.173767400719035,0.197357694011964,0.326415927648043,0.171253568147277,0.186322912931335,0.148110160472639,0.171277098691879,0.170449050991253,0.374909500197108,0.148766908948901,0.0997678586211156,0.31255357074466,0.0707436385223362,0.145875506751028,0.174820546874436,0.17473276641219,0.209232474182523,0.325370432980434,0.111237439509206,0.0905009457082971,0.16856712662559,0.142711315086278,0.165150217755459,0.381449349797838,0.18760613113098,0.319926783328116,0.282174114562774,0.0889835373147435,0.161173890001917,0.191390327084781,0.103606848073364,0.172437430355444,0.187302259998492,0.114181949426679,0.193532999966856,0.271799646086162,0.181579980510654,0.14993122859898,0.166714426008984,0.152657650675714,0.199079690966857,0.152909134297857,0.140999368475917,0.105832232265755,0.186591788123968,0.151015215322579,0.15176479840268,0.319552806750963,0.17854744923022,0.104421191402028,0.123275716280124,0.139453645085085,0.167078935043207,0.154522756883135,0.137623957787609,0.143304184357518,0.182776591480312,0.100898337158592,0.162311132240488,0.15400678835017,0.158267579916991,0.0970905679298412,0.12170838461464,0.135049893221211,0.120381674312047,0.132743231077796,0.286983688350163,0.100044452581308,0.274425624255971,0.148469918342816,0.164160714267951,0.224173006392252,0.417377691756854,0.0790994895195965,0.158058413029053
"brachystachys.aff",0.133230968244554,0.141663435265008,0.106648185727783,0.154252308092669,0.250103877474049,0.101198372674842,0.140868439077223,0.161980043838984,0.154141575817141,0.294250417912429,1,0.26281794664023,0.192109327571529,0.135786887495445,0.150197533779975,0.154346380505631,0.10811364487855,0.159969851445171,0.135842513933552,0.118188246277354,0.124652100945463,0.108038074725281,0.118147369835646,0.150250513916432,0.105744285351646,0.288575740539254,0.0837260810467599,0.141767192107035,0.108135247727871,0.129411595103871,0.105775799030295,0.305166574855393,0.17018795828824,0.0898478408331252,0.289487209930602,0.0660979461059613,0.107337061387274,0.14226942341057,0.113124099651648,0.0971684741854675,0.304261425767189,0.154587898819688,0.093009753428283,0.162304149962148,0.14202455774622,0.117399407685376,0.307926284704213,0.143714558205926,0.272023969830401,0.309539108294224,0.120903518904779,0.134583492478258,0.10955882891823,0.135840762677495,0.116910202636688,0.118337552154714,0.122516251358675,0.101136907831784,0.236664000103372,0.142470022064896,0.163968163968593,0.171570009451839,0.105910915410025,0.136805297075772,0.107540552446421,0.112965972588121,0.0935377512293605,0.14100886674744,0.118440550156259,0.146312452222904,0.296834297248943,0.117036691108634,0.112820640790415,0.156636082412927,0.155317995768598,0.126187641035822,0.12308167364747,0.0989302677325366,0.101016878055477,0.117191497710422,0.122386114089507,0.171158192480477,0.134634507686489,0.108605277615458,0.0682546991903054,0.129346369599415,0.141312703628102,0.112507498862595,0.102264720715761,0.237585405335469,0.132329024257259,0.29491125699213,0.0645431570824731,0.133879399054827,0.125543767211843,0.314029156161256,0.0854122133450665,0.136579239804266
"brevialata",0.237165386464909,0.178678056286097,0.0818917538954827,0.224658287729338,0.279488625828904,0.201520395042318,0.208613857663388,0.11627697199054,0.174342698593841,0.331532634237703,0.26281794664023,1,0.214921826945115,0.188642409547951,0.197828458349264,0.171195201110125,0.216714541718362,0.168841983376212,0.208697924354063,0.20252600968583,0.186975129152002,0.174601025081575,0.236816582705277,0.170147872200947,0.301906838812106,0.385787991847273,0.248514981296144,0.229740827131841,0.157403835273014,0.187845837950225,0.20854760372078,0.318566020273799,0.191661429844868,0.128371367703579,0.327458995284108,0.110266298171441,0.133909534956431,0.205119500864189,0.311335755320927,0.190943623228446,0.27387198855651,0.123980173322065,0.0998444734813506,0.207325411653979,0.149319188967874,0.223344049024059,0.294717363040331,0.286351403950306,0.318580121194242,0.280301877631655,0.0990190112492572,0.156774825536789,0.237632308349664,0.106606760057228,0.251748610048209,0.228476808066176,0.124194176830099,0.213284417781618,0.302664109325764,0.24934209106985,0.135507881233643,0.228217036653732,0.243840365972996,0.214153554087624,0.226419506290126,0.163165826663574,0.169131544695752,0.248205574568571,0.193762082914648,0.141350261132426,0.314824647555144,0.177762764187637,0.10544942334926,0.137055270389847,0.217041218867705,0.222877663561678,0.159091210379118,0.147900964114862,0.16116716579332,0.251443432161363,0.104061832607701,0.177646403045107,0.175386031584873,0.257465385728288,0.106760200221204,0.123137867695635,0.150331283762086,0.111954422372716,0.155978272959351,0.305648605974841,0.105084114762487,0.277322428376355,0.188591312519962,0.19953750865713,0.271575252296994,0.338522673880816,0.0662973257987062,0.179519198483169
"brevipes",0.165921848306459,0.102427745454528,0.0646651384637539,0.166264879228603,0.226793848649999,0.129298432882076,0.155547157082999,0.105523782867936,0.142429727287763,0.193389300887081,0.192109327571529,0.214921826945115,1,0.154470795128127,0.169927325519524,0.172560318811809,0.117338731978794,0.154165362226861,0.13787536866295,0.0887200258078516,0.127932481780467,0.146123777808637,0.130572935261062,0.16251518145603,0.102055590505698,0.218693357976262,0.0982954117871471,0.133862009384025,0.130528134959412,0.124108808420492,0.142191004065341,0.225366560582515,0.123096963239832,0.0731129789947101,0.203386215365629,0.0963815027796762,0.158582818783858,0.106817134024904,0.153469744860504,0.155653259817194,0.228240598235835,0.136364308661105,0.106699963301309,0.136067038498501,0.15270695506509,0.14417198110027,0.194395332577172,0.123863704866981,0.229536606939194,0.215236530087659,0.0931124428741514,0.116960045358249,0.119986401976147,0.0958928380798749,0.113445650758953,0.122310154176973,0.110669046491824,0.121478910981404,0.226019597441345,0.115895515018428,0.125449293963505,0.157750623191732,0.115157395386813,0.171897724094182,0.117590508756909,0.150203316348999,0.0904064360578654,0.130840225923505,0.122077331946072,0.135877932595924,0.218917336242333,0.127730969034308,0.0981705471790693,0.135967764419722,0.0954943654839733,0.150690432020822,0.147043785499927,0.153627847571186,0.0854823042144052,0.136435032115141,0.115089467159635,0.146457896024856,0.162121323611692,0.132576785203844,0.0881565751397829,0.144783704467625,0.120027045851242,0.0831618211039557,0.132065860177764,0.246670927140576,0.131714758828741,0.210433582824456,0.0910498330663444,0.136793788881416,0.117178785624034,0.201921286193326,0.0552557968845619,0.14525978781735
"capitata12",0.197328624795762,0.217624025251342,0.136150146019092,0.220716192800531,0.176351015016714,0.178324170697832,0.168498281922448,0.257213518422028,0.163009062040594,0.148784887787861,0.135786887495445,0.188642409547951,0.154470795128127,1,0.20193892713396,0.187453361630726,0.182480424413524,0.203457536282251,0.233506142861163,0.202573788570376,0.169818634120941,0.154971923219949,0.168820799895125,0.225371542381381,0.173127989923723,0.213853178766276,0.196219814352751,0.189471232362276,0.154230715304845,0.166965133546959,0.155290065910069,0.17760959620768,0.210235854956605,0.418474493351858,0.118715575225014,0.0701669873920761,0.139359525608124,0.195106539698965,0.190407435821085,0.172752068621956,0.141182751192281,0.133508997434862,0.09035025693106,0.20506086320252,0.146397952511671,0.192767839326344,0.148652533297015,0.208296519535939,0.174081794693461,0.17542880061046,0.118901670362358,0.236974757580445,0.1716363268727,0.12840634204863,0.150012905793365,0.179328114515794,0.138985171969814,0.16073983316787,0.162182544422203,0.230832253895334,0.191648952617624,0.212049160444815,0.168563924661624,0.18065861258831,0.156533507342462,0.200473396954358,0.144788345106399,0.244186829148373,0.184494132307819,0.201261580056918,0.140499858615026,0.159050791039445,0.0969641444405754,0.152443987261572,0.22626672057107,0.18538544156124,0.174093014948647,0.153885751709405,0.438803574995525,0.198990739751314,0.107415081484184,0.207618480907929,0.178106239513161,0.18784926315163,0.0883311304753664,0.153666019571432,0.218239067620799,0.156053320681274,0.175168314285053,0.162621639059957,0.125571697505975,0.112999783933354,0.116745973404362,0.169729208402723,0.189761148364904,0.141763434564995,0.110906579540851,0.434959215796765
"capitata33",0.250662298147275,0.23268745662973,0.13603769996076,0.28706098473961,0.226950198574393,0.211632033486127,0.244323255801022,0.166557772222441,0.249949704954393,0.163869905291561,0.150197533779975,0.197828458349264,0.169927325519524,0.20193892713396,1,0.182854361713788,0.201943895140568,0.254441064574556,0.261520762807253,0.20055303036384,0.223420708406001,0.236033959490647,0.249284589716172,0.249899671246959,0.213918014787479,0.256209812764386,0.192220984216568,0.248327799930737,0.216488863679023,0.202179646259418,0.205758179197313,0.158790343145693,0.254094895159999,0.129253628218611,0.172307877293875,0.0934366580878697,0.149642968201065,0.229407572917573,0.20391982596907,0.240626030415644,0.164934753533163,0.224023524364364,0.120179419607374,0.258688905808181,0.195172062664031,0.223759279123431,0.153251472005172,0.26535351278877,0.242964742399686,0.169622426034556,0.162303292494541,0.19379699827333,0.244355286292752,0.137628495512589,0.211651350178663,0.227393582577867,0.192243382372288,0.189813744981731,0.197969909949944,0.262757042971055,0.216085878315458,0.252760757621971,0.220190378467479,0.254489961219136,0.242304114989072,0.224069105968103,0.138363429417331,0.296632907340635,0.223420851310697,0.203409741997258,0.173256956278066,0.201941751854559,0.151684795868537,0.17295801068685,0.167716665423867,0.249395046356137,0.193357981678565,0.1698153856937,0.143327035608335,0.262869439249576,0.184138238212294,0.195153384427125,0.18866333451275,0.208677348087497,0.119986254907631,0.182742208173364,0.183464227010729,0.170389116925024,0.190195697695493,0.216080681380578,0.181572239935163,0.16193191586158,0.133046469737815,0.259113666430767,0.226900737268491,0.161747575177375,0.115949559775641,0.233047331849959
"capitata35",0.235028257782143,0.188081569890776,0.146848918579481,0.228826063175171,0.235389665445813,0.181534935797315,0.222584452265878,0.14630039419938,0.204847925357641,0.16314236095546,0.154346380505631,0.171195201110125,0.172560318811809,0.187453361630726,0.182854361713788,1,0.167711986847825,0.20549536748136,0.252138751708794,0.179253002011936,0.173469432157664,0.215377307759337,0.183334075122032,0.234045906231091,0.180039098578614,0.186955693208014,0.150164052886347,0.209420017425564,0.171521087042567,0.167465051511004,0.170471898218091,0.137386654892844,0.214695909692796,0.100266429213547,0.191803339329409,0.0947082314527977,0.195530141859182,0.159125262401844,0.191677830804444,0.148809272214729,0.145219671950224,0.173265368012539,0.122296999560045,0.260520173613318,0.18811918387479,0.195271686690004,0.113158492608115,0.214844768841464,0.173094533169078,0.133853313036391,0.119258103290943,0.195156980104157,0.205976880056445,0.124384363223836,0.155633770110781,0.166055829323432,0.168655156866517,0.139638766450593,0.204661055664565,0.224996480756772,0.214132703444969,0.219192885996279,0.154092297186578,0.217578690020985,0.173261764390251,0.176783015406782,0.14314528706143,0.187968022306861,0.180729272531924,0.203474062097692,0.170011982941156,0.204501028580207,0.139807417222934,0.155835563948498,0.16786824436322,0.186383132134294,0.203225187047713,0.153552859893118,0.123964597191128,0.181839681447466,0.135764230289612,0.214591708170458,0.156599751969383,0.176533523326196,0.139560211151783,0.142430979101026,0.186669761737169,0.132852490876204,0.173970985733034,0.197448878974111,0.152177259299793,0.141180577087677,0.165284030961026,0.211634213426171,0.210816981389113,0.125283274762992,0.0886973046471679,0.205508711274568
"cayennensis",0.217966620074969,0.183628319825705,0.0842160441312673,0.231243389163191,0.186126100732158,0.201233444904278,0.190371655198896,0.131611148413882,0.1704063495462,0.145507724458765,0.10811364487855,0.216714541718362,0.117338731978794,0.182480424413524,0.201943895140568,0.167711986847825,1,0.185274109128135,0.208809240921949,0.124059279130542,0.196718841694369,0.147413108499208,0.228627889908629,0.170577482521467,0.212135479360513,0.199497655374165,0.205494214171953,0.201580767526951,0.156555486537708,0.271909348692104,0.174567781428619,0.148206737313229,0.212073380325955,0.106430474145243,0.128835753484112,0.0868650116851273,0.206856475919903,0.183361352117546,0.229962796682943,0.1708471746595,0.138355525334024,0.144696251753328,0.100261213565737,0.161679627024999,0.150933651270683,0.181847517581658,0.152081880139802,0.248943256586019,0.202808250000428,0.170790767804337,0.100702202275127,0.145751769381213,0.180131796991288,0.110491606955232,0.169078962299103,0.186682265203559,0.14345304735773,0.201944538155087,0.182889588577028,0.260573307379807,0.146909417007069,0.211202775936582,0.176515325919765,0.191580276550009,0.18164300175085,0.140777009903879,0.144974404163663,0.228016931323706,0.175919158508781,0.165260455016603,0.140506980849169,0.16386515472968,0.0942893098246533,0.137421629090347,0.174760928012099,0.196721081656795,0.189442824614065,0.144230363246806,0.152489894179557,0.186684279589643,0.11744296434821,0.170449578024935,0.178203066908691,0.249522402074065,0.104287326345162,0.116679604170185,0.148207042756175,0.114897455248912,0.126679402008967,0.16366287855188,0.154607900774235,0.139176606136001,0.126076107750907,0.18572431371933,0.234162629479357,0.144031540130963,0.0586226199340334,0.163165721838976
"chartacea",0.246849809207891,0.238026286924707,0.145040985036971,0.253536919310478,0.26469217848952,0.184804469876723,0.250574337307123,0.167591246586209,0.264112318057952,0.159167051972976,0.159969851445171,0.168841983376212,0.154165362226861,0.203457536282251,0.254441064574556,0.20549536748136,0.185274109128135,1,0.303117352898831,0.167031832130369,0.227391383021721,0.205266378696721,0.22038753730622,0.259093706463393,0.204569219779457,0.201307742287249,0.190109615036071,0.222544576142794,0.202444097546962,0.208079115717316,0.20811139776971,0.152534508067591,0.280977417866259,0.120858688542323,0.167191724717439,0.107066065128272,0.203754932960276,0.198288447326831,0.17914165474505,0.180986758664857,0.159231429277112,0.19964013895936,0.138454340061179,0.232272883418685,0.237485048895285,0.232656052130105,0.155091347735821,0.280771705050846,0.23785004398815,0.191006024330923,0.16776807021662,0.181181929035408,0.222564737848066,0.152249429910299,0.166331153823062,0.209851063989865,0.206656899053405,0.195746932488745,0.194087356241806,0.267332009896348,0.206199767304873,0.282057490225252,0.172083738152614,0.244371941950054,0.193901788079543,0.221571859588033,0.152533272630265,0.265920987894256,0.19721800178905,0.287712710787719,0.172061237980673,0.183511000885629,0.146083088314762,0.199697373608236,0.164888448954158,0.202183322534748,0.210186420934495,0.16060129294497,0.147218161457917,0.208581265634969,0.220678534994221,0.210497339310829,0.177092437147229,0.212245930224067,0.139650749268416,0.157227890478622,0.183443346338929,0.16888400501841,0.155332379154748,0.280520793140505,0.165482971229119,0.166725222041105,0.135589708610228,0.230865160241041,0.218080953460958,0.174121209362206,0.104942043990273,0.216297393971409
"cinnamomea",0.23897074444268,0.223623325057128,0.196465823471535,0.264032404125485,0.258947282239768,0.206599145810814,0.236685241115879,0.191178563735871,0.209256159060712,0.179780859720554,0.135842513933552,0.208697924354063,0.13787536866295,0.233506142861163,0.261520762807253,0.252138751708794,0.208809240921949,0.303117352898831,1,0.243150258792695,0.224522500679896,0.243989785002228,0.221512158860703,0.231573660004915,0.227797014017633,0.293168089723223,0.195261371530551,0.243296615148426,0.198301917201624,0.206337173085535,0.201822650336574,0.143044117727379,0.247475536428376,0.164084074824033,0.162715612285,0.0774066787518841,0.286184869771347,0.285123245849763,0.215633406984468,0.178263132633269,0.156583792664727,0.175561298544767,0.127152534017043,0.276530215882697,0.210540521383693,0.237079140903183,0.216418969185762,0.291832780513441,0.216918537420417,0.172494357642783,0.148266420261427,0.245154285615931,0.262784480109732,0.155667121415167,0.170709414247418,0.249924406161558,0.212255757257225,0.175933347248111,0.196715745556491,0.275791659985566,0.191476080409803,0.268958333302143,0.170918899773256,0.242892104665555,0.207809894911007,0.20785896872982,0.199988413482569,0.24207103960309,0.232518893735068,0.234563121925864,0.25480744952517,0.177650956027202,0.136050219638951,0.184835046401445,0.199774909813501,0.221773375642439,0.186486909555816,0.152044490846191,0.17732652368321,0.281192765930827,0.161339509943429,0.21627997757104,0.20136983343755,0.207945995556021,0.114455608658879,0.168808141114839,0.197806497331952,0.211726750016055,0.181795977256617,0.210912225283842,0.182459535834968,0.153618033141557,0.14148909144133,0.292302105414227,0.224360646408581,0.183623705281788,0.101943392134668,0.233039958141282
"cocleensis",0.201765836710816,0.450547699059212,0.444453948379535,0.172331807328798,0.227038947210137,0.161755696228143,0.2375348425826,0.170387818254982,0.150337545845708,0.170539458623072,0.118188246277354,0.20252600968583,0.0887200258078516,0.202573788570376,0.20055303036384,0.179253002011936,0.124059279130542,0.167031832130369,0.243150258792695,1,0.176685906920993,0.20914251391983,0.155868874026225,0.158663342458617,0.205325314414559,0.238214335054543,0.173596719884215,0.194992472593178,0.203694348752389,0.155743652653677,0.226374860376474,0.128087782515866,0.189974050326666,0.159180480773115,0.146848878715777,0.0697556792724242,0.155545914256089,0.224223888908086,0.167651749133091,0.150037849679617,0.138911480665068,0.122636526557021,0.0864867630339897,0.224822323783869,0.163255351114009,0.244111949217136,0.154447106296243,0.198183302080046,0.135639004294219,0.148257814582582,0.0985971604452763,0.234227668362512,0.239063411724928,0.134055233281728,0.200264820837057,0.245341311831216,0.209453640494345,0.115211446541817,0.160400555689528,0.261427576128754,0.224203014819042,0.190165151629023,0.14632742148933,0.232007346273086,0.22714980485869,0.132371663272884,0.0853905557353411,0.211171394921158,0.169258932088856,0.244968119815901,0.230886059594205,0.232639450972147,0.107422935361891,0.119467063506107,0.291135717350095,0.159221542132752,0.161238518101389,0.102426181991343,0.197304540792439,0.198943496405324,0.107667052259622,0.222405918473883,0.137613199399594,0.151228176842485,0.0854601989761345,0.116443465465223,0.286988329294749,0.234517140961423,0.195229310722983,0.192770781466021,0.153759965834444,0.1090736350827,0.175810787535231,0.244943660750528,0.162100428028192,0.184900549337073,0.0946812754807899,0.216921698624536
"cordatoalata",0.201097347077726,0.178561085424093,0.111401472769642,0.250322845919719,0.205853877527212,0.194803178562806,0.185332048593018,0.15587687883108,0.205361231630205,0.165267873040958,0.124652100945463,0.186975129152002,0.127932481780467,0.169818634120941,0.223420708406001,0.173469432157664,0.196718841694369,0.227391383021721,0.224522500679896,0.176685906920993,1,0.195420088025527,0.209206528371135,0.219736843228664,0.18581709562549,0.201822046958295,0.16918274581002,0.254802335395668,0.159252048805784,0.228690890052046,0.197864897954555,0.171462811125661,0.209118686558978,0.0959188389108367,0.140050210069253,0.0926340801747952,0.146452478273567,0.188270371351026,0.19520828412384,0.189837166543578,0.185561730873738,0.202221765297244,0.12844846026968,0.225162679652593,0.174681465815474,0.171235380730463,0.159961376016419,0.222634104494305,0.211612027540837,0.176935130293722,0.134808285348189,0.175039830315302,0.220247087024064,0.110783179052674,0.197381529137828,0.242841786099304,0.162577325940097,0.19463482035952,0.159844684035244,0.199545792357328,0.177542713417064,0.22887715965916,0.190762388260711,0.231908809195744,0.18888111140412,0.181386720651346,0.15510007612024,0.245356440320138,0.227343430264255,0.195728574514285,0.180096162430646,0.174167891211021,0.148794666797984,0.179874701121318,0.151868855951686,0.212366702534267,0.20758022881138,0.179345177861123,0.132450436718128,0.213480270669873,0.152331559675407,0.152843841071542,0.197005539212855,0.193613903821482,0.125027738115397,0.153179311950245,0.16829484180482,0.149856746667228,0.150019312855033,0.208854716194971,0.13967206141608,0.141554193719883,0.139643891852866,0.171216592385362,0.223121960998886,0.147497941341444,0.0901558285254017,0.17079914982105
"coruscans",0.179410937775821,0.190427870599487,0.12966763877653,0.209636320225372,0.20705718036263,0.206546552464669,0.242581214841483,0.12520293749012,0.226293592065116,0.157796352722343,0.108038074725281,0.174601025081575,0.146123777808637,0.154971923219949,0.236033959490647,0.215377307759337,0.147413108499208,0.205266378696721,0.243989785002228,0.20914251391983,0.195420088025527,1,0.18525482117562,0.189169517080373,0.174459125558087,0.174740170993049,0.153447480229326,0.204243150758628,0.267646775548038,0.240602476817611,0.222956771835266,0.139538800155525,0.265779549157266,0.0935227384083778,0.169675681860317,0.112980224385602,0.211483008802725,0.160382140793806,0.17314967286862,0.161658687340644,0.18772906088427,0.185570137571209,0.129227794905955,0.225269600198695,0.16355950791794,0.178366860741534,0.133932618875099,0.222073391185882,0.186684065587403,0.142686032644787,0.142651822862441,0.152530665935608,0.259300567910484,0.132830811950649,0.248857400545367,0.198755336606767,0.197664663373414,0.15618374877806,0.161819843286175,0.197124132560908,0.157404953089825,0.214660646602808,0.153098166150295,0.240507894937553,0.207132713531458,0.177355447729123,0.174017437314978,0.205313259472344,0.206522436287356,0.166238627776291,0.248354264768992,0.166187671109491,0.172312697581243,0.167463906645273,0.130411841077565,0.216836358031092,0.167915115934069,0.153902844187377,0.126402356375109,0.212808572092419,0.135732064968857,0.1816752462288,0.173854573593974,0.208025270716077,0.116760040602032,0.167418535365393,0.148878289862143,0.120911639913354,0.247344588333661,0.21355636541402,0.169791550160078,0.15569310549947,0.134274130104746,0.27610176103699,0.182925064651632,0.137381503500466,0.0877740845050623,0.201232587189552
