"","acreana","acrocephala","acuminata","alata","alba","aria","auristellae","bourgonii","brachyrhachis.aff","brachystachys","brachystachys.aff","brevialata","brevipes","capitata12","capitata33","capitata35","cayennensis","chartacea","cinnamomea","cocleensis","cordatoalata","coruscans","cylindrica","edulis","fastuosa","flagelliformis","fosteriana","glomeriflora","goldmanii","gracilifolia","grandiflora","heterophylla","huberi","ingoides","jenmanii","kursarii","LA17","LA41","LA48","lateriflora","laurina","leiocalycina","leiocalycina.aff","lomatophylla","longiflora","longipedunculata","loubryana","M18","M25","M27b","M30","M71","marginata","melinonis","microcoma","multinervis","nobilis","nouragensis","obidensis","oerstediana","paraensis","pezizifera","pezizifera.aff","pitmanii","poeppigiana","punctata","retinocarpa","rubiginosa","ruiziana","sapindoides","sertulifera","setosa","spectabilis","splendens","stipularis","striata","suaveolens","subcapitata","T18","T21","T29","T50","T51","T82","T85","tenuistipula","thibaudiana","tomentosa","ulei","umbellifera","umbellifera.aff","umbratica","velutina","venusta","vera","virgultosa","vismiifolia","Zygia mediana"
"acreana",1,0.33144884870867,0.148004419352946,0.215667283265909,0.219048101650847,0.132490716884173,0.265512183508028,0.125973910246067,0.226003765679666,0.148458343487942,0.148054520099799,0.11181744426851,0.0918660940475289,0.170391963943926,0.235667704364997,0.196676966071814,0.144837558250085,0.194873386881544,0.161213634072624,0.144314934904325,0.230227695175509,0.136928877085299,0.252899737820807,0.271979393202789,0.19762263537774,0.131689820753784,0.178044853667191,0.205093760870429,0.225104467004409,0.136192368592129,0.216300563826332,0.150185712743875,0.235317944563186,0.163136445481387,0.161566898228332,0.143696511365835,0.210514851286646,0.173649479818803,0.147001746558726,0.152529197966347,0.190636794354819,0.18712857884536,0.180499630299778,0.165243928613532,0.221687184745673,0.195626655267126,0.135095755286322,0.233972718899819,0.178064461243446,0.163418957438101,0.129367327641925,0.200843574234006,0.245483460555767,0.135208129180711,0.116965649485957,0.180390657497525,0.184173999508109,0.225046506205422,0.220965453344473,0.170019509480894,0.158971857678206,0.209034354481566,0.187922833240466,0.249508731293789,0.179347399678663,0.220807348372622,0.164043675596257,0.368703980861878,0.201254050634891,0.214722322191075,0.180380020068759,0.151276953706257,0.156911394012654,0.1341489312391,0.163030764422864,0.202965348503466,0.219124427879652,0.139644479047605,0.267706306804856,0.180361272772174,0.199566350126252,0.147743820008079,0.143341456560733,0.175240740910035,0.158821846494864,0.189732879375827,0.215949973685544,0.199908769202915,0.0972438650499375,0.190707061464516,0.133125104862555,0.172248363756005,0.130955677544609,0.195037688036825,0.187213250414257,0.148544564151846,0.181267357626991,0.193497916373931
"acrocephala",0.33144884870867,1,0.14133991066802,0.206885211822675,0.193681514094586,0.139103728396501,0.290830161050076,0.130347702411306,0.23115831163115,0.128823599913901,0.127410009058403,0.107916966723083,0.0882793416975043,0.176840823641107,0.174144085238244,0.209193259344477,0.143794408194236,0.190899668398019,0.157669246576259,0.143878505864754,0.199278416592967,0.121657027495223,0.266606118842747,0.300671595860959,0.22374818159721,0.119998171985533,0.185542582271173,0.181549134531871,0.244292661488224,0.127718991254182,0.196583734338003,0.140763922648065,0.249222096530129,0.182565664013512,0.149017118110271,0.129397831952696,0.152816799497659,0.164217830872614,0.149647427450911,0.141404810907945,0.170515226960768,0.229193050428468,0.189561499088245,0.161053120962598,0.24053337370735,0.207036523688773,0.138038826568208,0.220116577244105,0.177013510683769,0.182529704057482,0.13016998786283,0.16534864892882,0.26455551439609,0.114174973345857,0.147134423886463,0.175861316477414,0.159798996686327,0.217692672343247,0.232428991564973,0.157497267588934,0.174524555424825,0.247571205982217,0.173763999803922,0.304512618516947,0.169972635660158,0.218679353714401,0.171557181637093,0.291834353060771,0.263664688370431,0.209669748366002,0.190770509993348,0.125412651849371,0.143894788359634,0.124143730436951,0.148344266318632,0.213814408485681,0.237620098569749,0.152489840425154,0.306858569354182,0.183020199045149,0.159815550144956,0.131933398120877,0.152482222118519,0.187014028842033,0.15990757471027,0.145240413245791,0.260077964019489,0.184763440946706,0.110847805139871,0.178065202605645,0.143420015405591,0.156096558819173,0.12756624874858,0.206578758376828,0.199871312833402,0.154172259027085,0.222941359443715,0.216451331958552
"acuminata",0.148004419352946,0.14133991066802,1,0.187552919904124,0.165048651598697,0.241254727426661,0.139202119703571,0.157428381265202,0.0985761874503442,0.123710086031943,0.149898065533639,0.146298754957947,0.100701816672586,0.179603116015067,0.189839308947196,0.199235607642176,0.157319971379672,0.219142561142561,0.191469795718107,0.177862131465596,0.25556939813896,0.101919422489188,0.138000870369929,0.18256883565974,0.202406033869175,0.112023422517462,0.110222689858074,0.148972213280945,0.225694643133411,0.139486290277344,0.194719680388072,0.131761796397716,0.183919049683862,0.155279456579718,0.136076133128138,0.166829288018372,0.151517619973281,0.169096163359072,0.212400542813178,0.192783978716223,0.13440097219853,0.17535415231855,0.142778374628811,0.198582556234251,0.16749112385297,0.175965866370357,0.132309835991394,0.219584574694653,0.133077869856712,0.150845052361431,0.164080515221735,0.176985458347046,0.149890916882889,0.143071158591243,0.107840376291257,0.169165072819948,0.22398812184935,0.163818160773463,0.0985643910738,0.0703431087132453,0.186826738858297,0.133148963446432,0.155336342057401,0.148998799548394,0.133635652731124,0.193214713862968,0.175892678427953,0.167298397299609,0.10449962484535,0.183043247018036,0.146258243943613,0.102989761996181,0.161879211229045,0.134163011265092,0.153454643810401,0.181533372546996,0.150049751567079,0.0809930420537687,0.153639252040333,0.163723197919771,0.198130022469603,0.189035036129688,0.145543320797901,0.16997994389393,0.195108047998619,0.185701529703363,0.163936612594643,0.202023826739189,0.122172610475176,0.152689698110378,0.182347114153133,0.124113434803756,0.131863001618678,0.171516830388869,0.16735956991608,0.112484920784164,0.106248763367975,0.169931754081621
"alata",0.215667283265909,0.206885211822675,0.187552919904124,1,0.221269543250933,0.175564255572497,0.226750698163884,0.169062065083914,0.151391290698704,0.204179512543246,0.18864819011863,0.145319365178988,0.110865642553575,0.26719022993708,0.323113080649728,0.240417851432377,0.186298824019365,0.232728345388087,0.212281990804782,0.285924799705348,0.254057552128344,0.184150347821307,0.276265730379073,0.245845617843914,0.270452594484386,0.0905623111209284,0.139620145641553,0.257126800204594,0.213392047172141,0.22859462343237,0.200977347905802,0.14984560475874,0.273996323817941,0.269126816763754,0.197106535906148,0.209364166171145,0.195311002074859,0.257384385875984,0.193170545684101,0.215570712484201,0.185332542249005,0.261234877072374,0.245253984595113,0.207741822153067,0.258805497007542,0.2288631521942,0.169575816011244,0.256215928645182,0.19567089767904,0.234802469224079,0.17393507943248,0.158387928077811,0.214804593568827,0.193097060959487,0.147635146552869,0.223228230940681,0.224254130207427,0.180169842851146,0.126617171402274,0.109812781210531,0.281850908048297,0.290933832620794,0.242068876439409,0.22012640131423,0.192615605866752,0.268504346321042,0.245674500008755,0.280837975898676,0.160861655575857,0.378338074553903,0.19682693370508,0.159936352392366,0.199873744279695,0.150825885768435,0.226794934019492,0.325700466717706,0.197908481407469,0.148675216557829,0.20354344802259,0.273076135455471,0.243857827411157,0.221645662764655,0.216438006441619,0.259679096021226,0.157258603637508,0.193675548798895,0.324440552465344,0.242269685687178,0.135578032207171,0.225279321111055,0.213468951534813,0.184967336342893,0.209492131999167,0.308233999493781,0.276327554268716,0.192025323381628,0.119600524093467,0.288003659995474
"alba",0.219048101650847,0.193681514094586,0.165048651598697,0.221269543250933,1,0.133664220174113,0.198456246074084,0.153884157651842,0.129237842758346,0.251835746571082,0.260003152611335,0.236480187120276,0.192070880853506,0.172749818880732,0.189819720370115,0.197010973324905,0.25028440488493,0.194047256484945,0.259310422120562,0.185643505458474,0.21295407008707,0.145997320692718,0.187753829671966,0.24309764336327,0.191206210141514,0.19082481273965,0.176605437474435,0.21377698745972,0.186856828408331,0.143874574139415,0.22983058581878,0.245016697213329,0.232459103417535,0.164070623592862,0.260309781218169,0.182423716628929,0.156898165438015,0.177275129025759,0.144702885442186,0.159244749376911,0.242977114777143,0.192371784296848,0.160014814750736,0.177582305304295,0.20904074357073,0.162152008985898,0.239255670856867,0.186111449283115,0.291752373960999,0.273723926154572,0.2065310846004,0.149281922424245,0.175080079972484,0.153488461748121,0.139265746984178,0.204615407454753,0.194426690956677,0.175441351298825,0.231196048945925,0.0805345008038623,0.248927020409439,0.155758026868435,0.183141528329281,0.206101257038262,0.148547609491375,0.225639867259192,0.172629783820424,0.274917807102119,0.12796777756512,0.234480588455381,0.290790119752932,0.161375343774553,0.247205395729759,0.127524714972248,0.147488434148292,0.221664461778853,0.219129003303336,0.0901434254085074,0.208034708420993,0.206623769926331,0.183804256131713,0.185990939863532,0.148555303736809,0.22379468963969,0.181671982466911,0.213293707989388,0.203495560850256,0.185859329284426,0.122932379343793,0.306136489868771,0.197549107447609,0.27728468223501,0.129627543688353,0.209937765184556,0.177856714669014,0.247680418752459,0.0982771576060465,0.204127706031147
"aria",0.132490716884173,0.139103728396501,0.241254727426661,0.175564255572497,0.133664220174113,1,0.121741802323321,0.135701198043345,0.0851918008134835,0.123043679857797,0.132118641784907,0.163387503928657,0.0758615316254083,0.155708200538329,0.193526379737423,0.184356403245931,0.134382684873152,0.170814303566581,0.160466571262084,0.157860913178075,0.215423137812809,0.136352783892979,0.161733542912525,0.171710784572931,0.191646586253848,0.0694750787267509,0.103828011326151,0.149639792725322,0.189086110823372,0.149844932227632,0.156643964937636,0.109171314334825,0.163000880709383,0.154491366955985,0.13382336234017,0.146514832905021,0.132154947916082,0.148902717397172,0.169514036871896,0.152358260298891,0.126187500851965,0.169346098504645,0.174543101818939,0.145985678640924,0.146227251330279,0.176713600738636,0.122021047723656,0.153713152933513,0.135934302142479,0.154270416769014,0.15818520410248,0.140318160068112,0.132562690120223,0.109963948108651,0.108925806966152,0.165855772979086,0.162930791874864,0.139208859453191,0.0742498916960604,0.0644322791030769,0.176840203591946,0.122132848544415,0.177909666347604,0.144278361483413,0.11063645983057,0.167201013242649,0.177901009408017,0.162066661949704,0.092066493335457,0.205022189401894,0.122492487126888,0.112417251351086,0.126478289287579,0.115584122827019,0.148601975106205,0.185641247958785,0.139600364150479,0.0964866340295018,0.136169287964111,0.201550842969326,0.21037542840758,0.151809826688282,0.162355955368497,0.15993575868029,0.176274722608064,0.158090847217944,0.187280123014013,0.147295005031561,0.123805878277731,0.143784723894084,0.152766503177007,0.117059857964586,0.122812336454806,0.16879912385418,0.135848172040227,0.103513587366216,0.0842830011075732,0.159847570753166
"auristellae",0.265512183508028,0.290830161050076,0.139202119703571,0.226750698163884,0.198456246074084,0.121741802323321,1,0.128323106868598,0.186802003921022,0.14380438260948,0.18600955554888,0.111773847388902,0.0967361836972235,0.208336334754516,0.207699651470862,0.178276337973691,0.178650295094463,0.215380668479586,0.160171454176064,0.163587850694271,0.206154548983383,0.144675432499726,0.240026140540884,0.263745678456879,0.213717588834192,0.272556761770607,0.143110318408587,0.200524667286693,0.218401323014923,0.190477009715493,0.171850717452598,0.149846773977597,0.292323167549206,0.159928637838441,0.144950391695149,0.130734890135198,0.170711904455319,0.184205592280803,0.163621660283269,0.154405920564449,0.311121563503844,0.239294738030785,0.225053411343353,0.165614858153743,0.183686103786772,0.184733259244333,0.128611049552783,0.231575435350171,0.172677407179215,0.197355015104292,0.137674600568508,0.165675806312525,0.237178791014058,0.129761543530225,0.130720955749255,0.17959455872186,0.170061413061967,0.193033805496088,0.188791657047816,0.288991167227775,0.178975478254206,0.352192253819398,0.256920831588382,0.237328529581071,0.180104976452061,0.246890788939273,0.193049136419782,0.233017025602612,0.186089127154794,0.236180476307166,0.239705644736991,0.143017980752345,0.166316585107504,0.144344915514727,0.151636483469081,0.265965563665648,0.140992560229263,0.309713658944242,0.17420223713841,0.252236367735844,0.191553033721861,0.153627513751514,0.171673726792938,0.19558834794855,0.128463680719657,0.175415183077993,0.266338433102868,0.173915168879013,0.0924269623246508,0.174838837615722,0.136751414687346,0.214990129967894,0.134047143625725,0.176117259097922,0.184638312111209,0.164785082068781,0.181785974002211,0.322783019340113
"bourgonii",0.125973910246067,0.130347702411306,0.157428381265202,0.169062065083914,0.153884157651842,0.135701198043345,0.128323106868598,1,0.109692245045902,0.114734051807278,0.13154409570457,0.117872942684353,0.103490672237397,0.150588168669202,0.143159577001791,0.183040403044225,0.136846143071144,0.15254110513826,0.162806791297719,0.156323817358886,0.162189513223051,0.112251915699346,0.141859688264092,0.138002503686134,0.153791426226105,0.0535431829573489,0.103584123879231,0.131122457415375,0.161018332249158,0.13328747424949,0.157363408417371,0.127279879222457,0.154765709376351,0.136297198410716,0.143285251737778,0.12098763163967,0.129726841634113,0.172620196984729,0.263964448581036,0.15086215200571,0.0985308758373286,0.139671633272893,0.116958416133698,0.145547114426392,0.150902376237471,0.124303264330399,0.106501855842429,0.150947732397518,0.135740935698866,0.110729868723448,0.144146077885356,0.11787913241035,0.141971482342642,0.128921173582419,0.101904709255573,0.1216237852238,0.155517512681707,0.110888629323365,0.0989145997102673,0.0834430847030884,0.161803745518259,0.107900837753808,0.149878548915241,0.128932291727681,0.134851843361243,0.154277544468152,0.126358358831211,0.144086490702348,0.0880052648628427,0.162439212224181,0.121555653871647,0.123282859734451,0.142968731646304,0.148388272654778,0.129248938437262,0.146963313449616,0.138476390765306,0.0617504189964075,0.150304976495325,0.178011029435374,0.190722016976265,0.164286414986879,0.112453005052774,0.139861592142135,0.136610839931898,0.164312467337046,0.144163631884922,0.189687806527279,0.107724912743993,0.146754047874008,0.116363204923054,0.105270238243751,0.111659204895617,0.155264288519888,0.14084107790406,0.11245003976647,0.094019951554487,0.140849679001229
"brachyrhachis.aff",0.226003765679666,0.23115831163115,0.0985761874503442,0.151391290698704,0.129237842758346,0.0851918008134835,0.186802003921022,0.109692245045902,1,0.0805611224154299,0.0875900816029044,0.0781785104533505,0.196714336023194,0.110132211573753,0.134224991157408,0.140200740114135,0.112400124644057,0.134095837874361,0.105043065482712,0.111770549757389,0.131639815375934,0.102157817499208,0.212643754928031,0.189735227222146,0.166951479621156,0.0972473055602626,0.111850718845356,0.180450528053222,0.165037880352871,0.0936079648729429,0.110828006124602,0.110882677679945,0.167179752743769,0.120671456003952,0.142891690753678,0.104267481405418,0.129205653951895,0.13862697447955,0.14023829795158,0.104315916669144,0.140017407803204,0.150326650487909,0.147609611628336,0.101213676689798,0.144322664325247,0.167299035025441,0.0879405936418862,0.165357979110268,0.134645378301288,0.110244219343832,0.112214199218317,0.120092618058188,0.338126397399635,0.103156604013958,0.086723507371654,0.0992437029797751,0.120000566409328,0.162723916292876,0.185786977925749,0.161286731513189,0.133249937348489,0.153298336006762,0.118694793154365,0.203361350716967,0.133815178924254,0.173511469412452,0.113357639283751,0.199043410641322,0.19810115890508,0.143718488534882,0.112364888615957,0.107602867158977,0.100963283635882,0.107756447335202,0.130975818545308,0.146725121467337,0.118341919732078,0.114947293715942,0.127872037359038,0.127695359256888,0.107370297181977,0.112395027006045,0.0749879380675436,0.124959712686259,0.0864306516309092,0.124387081488041,0.15465297123476,0.122407484428744,0.075144649145697,0.134011351807382,0.0993828537464025,0.0976446413189321,0.0971921075689339,0.106188464439113,0.170596194695649,0.114477161322414,0.187767736712545,0.14197359257227
"brachystachys",0.148458343487942,0.128823599913901,0.123710086031943,0.204179512543246,0.251835746571082,0.123043679857797,0.14380438260948,0.114734051807278,0.0805611224154299,1,0.368647330296272,0.249909670362754,0.168023361461914,0.146865737140448,0.221350011172392,0.165936833488068,0.134600462361792,0.149967140766675,0.16062566754589,0.229728106698161,0.171745588441027,0.157955119976891,0.188762604094702,0.170611921042352,0.176810307717858,0.219055734133192,0.0894240454464798,0.163573761877818,0.151605100331907,0.133765124949864,0.121037514347989,0.376070295074292,0.165963381020027,0.167888192891089,0.327001224307391,0.113168829939146,0.131638315065216,0.157633053793577,0.136414726097449,0.179005760298014,0.336140849827516,0.158017918097086,0.168366076468251,0.12379564394141,0.139065840084212,0.133616102786613,0.376256750155701,0.178078911298773,0.289004588842711,0.326364743783944,0.116924030086825,0.119444610786293,0.167845243029841,0.108643775265233,0.0974048608628584,0.183555535419335,0.148471483904523,0.134799316700781,0.207426407336407,0.0526516584405111,0.205528384135836,0.155331450034214,0.167272504255871,0.162274069858801,0.133151621792696,0.225536667353645,0.168108300165436,0.137151960772088,0.105933592500658,0.194668309006393,0.431092743841363,0.114632277606397,0.152755520649891,0.102583316297362,0.147782079163784,0.183663583546327,0.128475447172354,0.0980344442384099,0.149019587761629,0.157999547649486,0.186394344175448,0.134092069287595,0.156446624041497,0.162713682265406,0.144044202948373,0.144108437146697,0.181835095649705,0.151824017443116,0.122410511220913,0.298296589326407,0.210008551465669,0.303820442234837,0.17130093508404,0.201965355381189,0.222355691312311,0.36280087974692,0.0863457611698477,0.15291236232851
"brachystachys.aff",0.148054520099799,0.127410009058403,0.149898065533639,0.18864819011863,0.260003152611335,0.132118641784907,0.18600955554888,0.13154409570457,0.0875900816029044,0.368647330296272,1,0.271913167343725,0.20448235367238,0.263951918869604,0.23309528821867,0.180624509697016,0.171229418317236,0.225877756312378,0.178592981883712,0.192991587396358,0.195160463368672,0.161794243388092,0.156413463156078,0.182847593013769,0.245967253548766,0.231251357968037,0.113792235643461,0.1857445621758,0.17503979766042,0.295277749171695,0.15514662139921,0.32546277228418,0.209547666665335,0.167610052682569,0.336334125235537,0.120854617419223,0.148684029359559,0.204016255161667,0.147295539749206,0.299577718317089,0.398965927613746,0.267574564908206,0.199403103888189,0.145459034086897,0.152606474479517,0.197332009406827,0.324867803617544,0.229493851307109,0.281680614834073,0.366318784511518,0.115899271935211,0.14625244117757,0.142558302038307,0.13960850833059,0.113336958532194,0.190033875737466,0.149920911616391,0.138672314122857,0.214145308379389,0.0567585211644905,0.170321610619658,0.14830608724588,0.304787600545714,0.153064751143385,0.130845681137789,0.193822820999662,0.235225561891396,0.173778835690938,0.0963925629178203,0.216415032829958,0.405839317121737,0.112744587564023,0.167899455593837,0.171109651080117,0.172344745310621,0.204647747340902,0.121946577050351,0.122715868841352,0.176403316210769,0.204318431987117,0.224444013749517,0.169869018016074,0.217743473234653,0.271950888956866,0.160222197956713,0.192190981769368,0.31800425113402,0.151346731593451,0.105230248087751,0.277865090217347,0.131361942620439,0.428994048682621,0.168415111169357,0.177536712945017,0.203295402594759,0.336456878646314,0.0814271382880826,0.242275583949657
"brevialata",0.11181744426851,0.107916966723083,0.146298754957947,0.145319365178988,0.236480187120276,0.163387503928657,0.111773847388902,0.117872942684353,0.0781785104533505,0.249909670362754,0.271913167343725,1,0.157423304623703,0.153329813165045,0.125575325098066,0.127967940656596,0.164659962104428,0.171838003298174,0.139211701079977,0.109632220767743,0.175501229169913,0.108220663268729,0.231673969137031,0.136933471076911,0.139156930938898,0.226187740685469,0.11279214323445,0.132317638737682,0.166419615629663,0.209188743560371,0.152530593034729,0.2792243846083,0.148727938761243,0.104497318179863,0.262301318494121,0.116091087279961,0.10802509095742,0.125348622649449,0.13535347410816,0.12335544197943,0.25926343917437,0.127419999021227,0.103155595046923,0.103726345574883,0.142527864379278,0.140117584497699,0.243730126015937,0.161207209725089,0.264743784758354,0.300055776873543,0.112216829564495,0.139389225743152,0.117286198429676,0.107864500852839,0.110680916240543,0.105167309362023,0.130037454913661,0.0989978228775842,0.186053472301259,0.0638179866113588,0.121095280535025,0.0947780281414246,0.116284040204228,0.121681667462447,0.102922535417682,0.151202068963954,0.104515115700477,0.152491810786674,0.0969812665730919,0.13539715619255,0.252572373335911,0.266450523765302,0.131297929898762,0.10766319198146,0.123238727616582,0.146326548317649,0.107815613820715,0.0594312982153742,0.108431847176364,0.135255304201959,0.129792304373687,0.263628942068244,0.0961474098331125,0.126122401059323,0.130192836187903,0.13778813840264,0.129729331858101,0.118270387641139,0.0998613196688332,0.266558872403669,0.125639330443147,0.260208111837423,0.0880690251552133,0.128122226334302,0.123760108952206,0.254319041133248,0.0740234765102496,0.129603693530688
"brevipes",0.0918660940475289,0.0882793416975043,0.100701816672586,0.110865642553575,0.192070880853506,0.0758615316254083,0.0967361836972235,0.103490672237397,0.196714336023194,0.168023361461914,0.20448235367238,0.157423304623703,1,0.120485769041269,0.113324180061206,0.101947330626534,0.0964289868033364,0.101909535466573,0.0922211625365263,0.0776781821413055,0.127068045779148,0.0916213952090932,0.0937287624486271,0.104395511856758,0.132581272991494,0.140539430996453,0.0682986766653879,0.116205052887825,0.103187651320512,0.103666843998323,0.0863240371851654,0.185267954084035,0.113752029451653,0.082323693368148,0.200875333982138,0.0863538881814998,0.108515285870973,0.106370703021373,0.10343892744667,0.13050722857546,0.179926575069865,0.110673209827102,0.0953093439650014,0.104838846555186,0.0887869263952965,0.109230680930853,0.162688064236646,0.105041109760316,0.221970361943431,0.175150490558638,0.0914071736741315,0.0950998939438243,0.0936397273707778,0.102067287902461,0.0919208698821538,0.101796713204801,0.100760972010691,0.114964012340483,0.19071395488607,0.0516880872766467,0.104961556494587,0.0871485193126047,0.101344370130971,0.0863243409033093,0.0987410697744698,0.114380248405151,0.104749853197099,0.0936824648869876,0.0509046243441842,0.104420028168415,0.19359251715387,0.0965650849203678,0.101493211734073,0.119203387016888,0.092924202750248,0.130834147442908,0.086145554290845,0.0507767983854532,0.112181844117815,0.0980577446789796,0.116876045719662,0.122326545379773,0.0769979311764275,0.105254132343005,0.0850466004285473,0.0969044479302949,0.108051634506665,0.0928080158086461,0.0593585151177016,0.186015982773124,0.0829211488844553,0.182866956780762,0.0885341730344652,0.0877145359280058,0.104568087004923,0.173566685135218,0.0734483346607096,0.128160015662557
"capitata12",0.170391963943926,0.176840823641107,0.179603116015067,0.26719022993708,0.172749818880732,0.155708200538329,0.208336334754516,0.150588168669202,0.110132211573753,0.146865737140448,0.263951918869604,0.153329813165045,0.120485769041269,1,0.273017192930943,0.233816489595333,0.207070604077894,0.216090533036441,0.179804327530794,0.216231425946978,0.233091380710997,0.169486798079629,0.207301713756772,0.188425199079442,0.244333776710636,0.0880582028556473,0.108092117267466,0.192912447271073,0.202338745012526,0.272501866294422,0.178131899428361,0.13251530762427,0.240877150528298,0.208904987535155,0.291870985848643,0.201865286219681,0.175971782491153,0.198333800770683,0.181024677434889,0.268847824648874,0.191748784871202,0.412653049828234,0.201926568905767,0.189138090871716,0.199209603349828,0.206168732151636,0.144415835767783,0.259848963539276,0.173638680359523,0.208589210088879,0.141453748776184,0.152252521170457,0.161278436814534,0.182924588346552,0.191340786782665,0.217747294946597,0.216521349694311,0.152684177912324,0.125267368697638,0.144675727257319,0.214912827881546,0.19065297585485,0.261046628769564,0.184489240734156,0.159462367127177,0.20369135126182,0.253387283646993,0.212199039210776,0.135104601223492,0.271545851016627,0.216983915499246,0.148222020963652,0.164444873460029,0.178942872209116,0.212681262770599,0.233644936237712,0.182813537431585,0.131250461399334,0.220778128270342,0.270676058386849,0.257073057481478,0.149967120205482,0.25583569084908,0.236463632532833,0.171281673689624,0.197443782355834,0.276943207337709,0.221660278384768,0.123768249143589,0.190373571828095,0.19290284628521,0.239852936565455,0.177468329866203,0.392651648639749,0.236150214167141,0.149785036849891,0.0989495629060237,0.332438503110111
"capitata33",0.235667704364997,0.174144085238244,0.189839308947196,0.323113080649728,0.189819720370115,0.193526379737423,0.207699651470862,0.143159577001791,0.134224991157408,0.221350011172392,0.23309528821867,0.125575325098066,0.113324180061206,0.273017192930943,1,0.239004839026312,0.243281439720151,0.231224795113343,0.219251371164338,0.312269814113255,0.224505975453209,0.182396146152382,0.228133803758087,0.217172850568726,0.230321129592713,0.077204043993687,0.124114301864625,0.203881178021144,0.202826513489574,0.270069362762328,0.192007209753506,0.136278720851094,0.28483502292322,0.274152113249132,0.185978929214363,0.182034282727164,0.177523871056395,0.221714424390911,0.184233088181482,0.252600641495488,0.225766699095654,0.291038937905392,0.280481923478855,0.220736338736453,0.234867225926462,0.22877474886538,0.16194981454562,0.253201884530697,0.178430649499486,0.30932092487765,0.166791457966128,0.146215507191412,0.218840360359704,0.180338112960895,0.153445890483712,0.298757231424461,0.235041887403829,0.168494708510387,0.125931933801742,0.0873009806899903,0.274753774805277,0.233521449008791,0.341569948776908,0.211346936029361,0.165313169290072,0.262191912989052,0.372782296810919,0.236202909361498,0.159883438052817,0.342029323345707,0.24109687885159,0.124966140863607,0.168846675417377,0.155704588235546,0.248774538055173,0.259197707420537,0.196776505623136,0.185706846882359,0.21421198727801,0.287733126242319,0.309805193266487,0.15093202377134,0.329538590052134,0.268783957066701,0.187281081768915,0.175698022419658,0.295873381892442,0.262350475482159,0.129284710376471,0.197145832439353,0.300815897053491,0.236297032220861,0.273448016853833,0.318792145197622,0.267525820287989,0.165743557561292,0.10243478939985,0.244898606215056
"capitata35",0.196676966071814,0.209193259344477,0.199235607642176,0.240417851432377,0.197010973324905,0.184356403245931,0.178276337973691,0.183040403044225,0.140200740114135,0.165936833488068,0.180624509697016,0.127967940656596,0.101947330626534,0.233816489595333,0.239004839026312,1,0.207963570297439,0.218483231117546,0.258143852271933,0.249738823018555,0.23615047241199,0.141109341812944,0.181937534166631,0.224855323662592,0.25209592528502,0.0787426885906796,0.115557786250663,0.213532620760929,0.212218663809375,0.203941424888774,0.206235177328284,0.157421892891721,0.219584108484301,0.193565788777891,0.20782337890744,0.207984060687557,0.158731983900684,0.241511956010075,0.166089253058619,0.219096844402582,0.148561214557122,0.215457836307574,0.178198995026582,0.229346474398845,0.231118795890391,0.215846342523198,0.177182096131424,0.231213089346122,0.179904153324348,0.198150221438123,0.161024573785604,0.178566920233334,0.197541250156304,0.15339780431051,0.162028272945272,0.265048741847688,0.219707514716428,0.166326159788992,0.114523473270604,0.0723645722817599,0.240565962776484,0.156850168519376,0.252312327450782,0.221694463680003,0.159660327871268,0.208097880630101,0.234564507428961,0.26703256545664,0.114878738686377,0.223357607459971,0.205706656963797,0.112242488950705,0.1890615340426,0.180240958874251,0.229474663907753,0.220756433537638,0.248712467729623,0.114323726690512,0.319759609350568,0.229517696599866,0.25304225907322,0.169104243137177,0.206912148205927,0.209066856454237,0.237346098377895,0.183764580121787,0.249136313513696,0.184054883746866,0.160298781878672,0.181821441507041,0.21575786044555,0.159260740228836,0.213340304362125,0.322764854660698,0.233200337602966,0.164003947581024,0.146512620347472,0.205294109878873
"cayennensis",0.144837558250085,0.143794408194236,0.157319971379672,0.186298824019365,0.25028440488493,0.134382684873152,0.178650295094463,0.136846143071144,0.112400124644057,0.134600462361792,0.171229418317236,0.164659962104428,0.0964289868033364,0.207070604077894,0.243281439720151,0.207963570297439,1,0.147179878793478,0.323126289859985,0.18858963608468,0.21734029997217,0.148847437353886,0.158086566112939,0.18845215626021,0.205550720600993,0.0805469784457174,0.110255490968762,0.199025749055033,0.198050691985878,0.202968375119896,0.158244657914899,0.141269387738826,0.186002886712289,0.17267633431753,0.16807583379619,0.163271027590144,0.135557316812436,0.175865613635454,0.18009017194624,0.210919591376087,0.164785219852246,0.204005182270021,0.14358975967888,0.185592168601732,0.222281242104972,0.147525638564744,0.109196052019276,0.195140777144928,0.155392644514206,0.181812448735432,0.305510250483548,0.115049709203979,0.164036733324531,0.190999969669536,0.16581731267228,0.238790942524139,0.237632129604066,0.138116511997622,0.118359621654362,0.073536617725959,0.197454784258816,0.156761881372176,0.228268741057732,0.167345729777192,0.127350732214825,0.191034029554033,0.212842506346738,0.198238629522339,0.105819532124303,0.197226180767355,0.194847960690643,0.122133401295082,0.279962411603016,0.150366218667498,0.202409172149846,0.178566897129225,0.180001593792732,0.119517918755324,0.199372949992029,0.211505678975447,0.236672757959294,0.141776029261591,0.214125876897872,0.194998102963066,0.192613617416694,0.194723310367778,0.228835426670172,0.177240484282583,0.173688060033507,0.161099715329962,0.277776700376905,0.18132856099745,0.163093550197043,0.178468685606356,0.15982941332691,0.12803584846049,0.0879877085850366,0.189820860027617
"chartacea",0.194873386881544,0.190899668398019,0.219142561142561,0.232728345388087,0.194047256484945,0.170814303566581,0.215380668479586,0.15254110513826,0.134095837874361,0.149967140766675,0.225877756312378,0.171838003298174,0.101909535466573,0.216090533036441,0.231224795113343,0.218483231117546,0.147179878793478,1,0.177819960014627,0.194040951341713,0.221017567515753,0.192931390155695,0.208659507942287,0.212105487388352,0.253975274984315,0.123779843802391,0.13048474416351,0.210926818634174,0.290585026019975,0.15523374427074,0.191061028679333,0.153358824160642,0.258833393676004,0.160355212058298,0.156606241865507,0.141958404211521,0.188353327936919,0.188011415599214,0.179398592326344,0.244031036278896,0.178242480864927,0.256440939995556,0.185309690857192,0.167883009083604,0.191250449471552,0.224338031360944,0.164382371035046,0.24667320711875,0.156753023438084,0.186832496722385,0.144242555274674,0.221416355448945,0.187859918700874,0.135002571898668,0.131331232459954,0.187829625519264,0.164919491310709,0.15699371819575,0.143288864058388,0.103668771884788,0.232068705149607,0.169657590220964,0.187190649487802,0.208890397046584,0.198996850495204,0.26245744687701,0.178282098326559,0.265743496711768,0.140210451804972,0.273677245920787,0.177179070501005,0.1244817324656,0.180266560604754,0.188141613298109,0.192378194166806,0.237344217104767,0.147340371337359,0.109930708775728,0.173634577473715,0.215386502679431,0.197920837448886,0.167836632730557,0.169409910417232,0.193776788316783,0.199320521540043,0.207414947063681,0.225890766216,0.190584954332509,0.117687456630973,0.229591753234841,0.133802570020267,0.17723121663085,0.148762761924165,0.195315247766155,0.216123565994568,0.150630544804983,0.12479108298124,0.208430940656935
"cinnamomea",0.161213634072624,0.157669246576259,0.191469795718107,0.212281990804782,0.259310422120562,0.160466571262084,0.160171454176064,0.162806791297719,0.105043065482712,0.16062566754589,0.178592981883712,0.139211701079977,0.0922211625365263,0.179804327530794,0.219251371164338,0.258143852271933,0.323126289859985,0.177819960014627,1,0.190291538492194,0.25254976950321,0.155786091580339,0.160823312892793,0.270296152056528,0.200785330675159,0.0738820343790173,0.146722962571429,0.221820501664032,0.187209762859166,0.15851562128538,0.187493428759623,0.174638286433285,0.220112418057488,0.218274131994014,0.213537180524524,0.198431839305494,0.142192573290862,0.253556016525259,0.1773684731462,0.212099342353006,0.164479624206461,0.191300996498371,0.198367172619193,0.271368875846367,0.247000759920282,0.204071187524542,0.132671295724855,0.294818484746218,0.166149583872416,0.194263187317191,0.268271096357902,0.138744643933787,0.189666305899949,0.183899245697607,0.121687187646368,0.282399692224598,0.228420500015513,0.141772260456533,0.105348007127558,0.0698502966664963,0.209735428759347,0.166137941038297,0.24670185852732,0.208750721212799,0.171007312974148,0.262911447165908,0.235185158992228,0.203807367743011,0.110689406131043,0.201066661730352,0.181020280949221,0.157738754906842,0.35115807100795,0.148017419567161,0.234636174403523,0.204439132539982,0.221856980174817,0.104441712171176,0.195182453460087,0.230438059653436,0.241707493673432,0.177598722913365,0.192563488530208,0.192074744565377,0.235711338630313,0.235969233816917,0.2626552901293,0.171806304189309,0.156013140137658,0.185413443284371,0.222460930302607,0.15354579238034,0.204036848213988,0.261091872022296,0.164071364661735,0.172201263903911,0.113404905831556,0.203168929139161
"cocleensis",0.144314934904325,0.143878505864754,0.177862131465596,0.285924799705348,0.185643505458474,0.157860913178075,0.163587850694271,0.156323817358886,0.111770549757389,0.229728106698161,0.192991587396358,0.109632220767743,0.0776781821413055,0.216231425946978,0.312269814113255,0.249738823018555,0.18858963608468,0.194040951341713,0.190291538492194,1,0.218130541153605,0.145736931707047,0.166977617551815,0.167405795613042,0.232147959295057,0.0712945956825033,0.120891578201928,0.200644709066701,0.167353340011161,0.217331573607731,0.17828860276682,0.131715338573029,0.191027008366532,0.285575277633101,0.161713906930515,0.171855648991288,0.137027680011366,0.218107319766491,0.177540102820882,0.196502391295211,0.161292995228083,0.212784050134575,0.180532912711493,0.170259766622435,0.182542732434645,0.158950207375687,0.13383312356828,0.19189638652438,0.15173160129588,0.231983088953263,0.139838133553275,0.11784123093486,0.181472071230801,0.149166343996548,0.132291417487829,0.223789286775379,0.194216515046795,0.139347582001678,0.102894703268521,0.0719948390223564,0.276657614790463,0.204507446873545,0.258099146068158,0.184840184290496,0.133596690345529,0.244861579083885,0.259165571816687,0.181626045548841,0.152381058027426,0.272210273433577,0.216916739767106,0.107385209465392,0.173880060975241,0.135668890849454,0.204907978970085,0.224717472575007,0.170883919344637,0.165596642816147,0.210788055803589,0.206600767437459,0.236915241728131,0.158064547411129,0.241583275844679,0.312639682584195,0.178121504725374,0.170614307882258,0.222692929135217,0.200578016482929,0.138927360101862,0.160696645598733,0.288101356789321,0.182937171413107,0.247809536752337,0.247364299027186,0.329149114014105,0.143069712776389,0.101236725854483,0.190529248983657
"cordatoalata",0.230227695175509,0.199278416592967,0.25556939813896,0.254057552128344,0.21295407008707,0.215423137812809,0.206154548983383,0.162189513223051,0.131639815375934,0.171745588441027,0.195160463368672,0.175501229169913,0.127068045779148,0.233091380710997,0.224505975453209,0.23615047241199,0.21734029997217,0.221017567515753,0.25254976950321,0.218130541153605,1,0.172637311459912,0.213918074569856,0.256675617551261,0.237855213045862,0.130090063114346,0.144271959220155,0.243683801111978,0.226260353785809,0.209986004985869,0.215399979730403,0.169002393808862,0.250214888535488,0.191096396626077,0.164323941136613,0.202332904395027,0.236475145961265,0.264920328953517,0.203402575077545,0.229699273418538,0.203893254139629,0.217830716403478,0.19646705596539,0.240658115847565,0.256754656282646,0.225665826743484,0.147165673478949,0.24601810468273,0.200695085254233,0.182066837280313,0.211302133886736,0.186515762639733,0.204022680580016,0.173494939851611,0.148115576413241,0.207602920306009,0.25148224281107,0.191787976208855,0.134877914219332,0.110108154258366,0.207838872262865,0.191896891547882,0.244449060568984,0.259657169427216,0.193296997500009,0.275626889405967,0.207768822558087,0.25035356506423,0.153434310778715,0.247868515511283,0.201828427894989,0.161104190482274,0.208391369762527,0.164408402178585,0.206956878850221,0.281323661526995,0.191592710482449,0.122559771427904,0.255929193815539,0.255821958537187,0.291252160139116,0.190609408961884,0.181939256676368,0.266292236978062,0.232299984209372,0.212947774808664,0.269909959019139,0.25317850769286,0.154709262020085,0.235134598191735,0.185602569746352,0.176987559030206,0.172001725445393,0.205331173657353,0.196716759771551,0.148923212971637,0.155159298896762,0.226220432488769
"coruscans",0.136928877085299,0.121657027495223,0.101919422489188,0.184150347821307,0.145997320692718,0.136352783892979,0.144675432499726,0.112251915699346,0.102157817499208,0.157955119976891,0.161794243388092,0.108220663268729,0.0916213952090932,0.169486798079629,0.182396146152382,0.141109341812944,0.148847437353886,0.192931390155695,0.155786091580339,0.145736931707047,0.172637311459912,1,0.19589297473115,0.166835064940644,0.156897645755727,0.051286077165047,0.111542999408249,0.199810508202118,0.151883746015203,0.236254364966965,0.12927663933201,0.120741793001364,0.219410352530836,0.126609243102806,0.158090363664487,0.155666436523181,0.143452321524483,0.184028700306988,0.144315413125167,0.163351920954576,0.164699066999523,0.19646201928547,0.168554896851486,0.125024613285215,0.170172851749982,0.171355213320564,0.101872972424813,0.192724235539717,0.134452334909464,0.170551025085841,0.107479844936832,0.12721373076328,0.139607022516801,0.133707257094827,0.12420908943384,0.167288900772688,0.142940572575221,0.129705777780059,0.0896650387867845,0.0670128150853577,0.180021959935948,0.150807565520551,0.167908275888362,0.150638767014072,0.126934301382169,0.168993534973155,0.173125356495484,0.159788152601072,0.112899962843139,0.194050138591965,0.143961509055457,0.140395298544537,0.165984580588879,0.111226216252275,0.15325355433623,0.188693621641606,0.12384429867068,0.107826659354412,0.199332931795106,0.23772308001747,0.176429646732032,0.121898458360504,0.154037179097533,0.189542076488138,0.133481124662223,0.148269050745942,0.195452438903533,0.163507752660625,0.0886847560565732,0.214587522929105,0.139978263418098,0.157919944036001,0.122582977358547,0.152371642307148,0.152797215313168,0.14085357429095,0.0893706517461604,0.188740655608541
