"","acreana","acrocephala","acuminata","alata","alba","aria","auristellae","bourgonii","brachyrhachis.aff","brachystachys","brachystachys.aff","brevialata","brevipes","capitata12","capitata33","capitata35","cayennensis","chartacea","cinnamomea","cocleensis","cordatoalata","coruscans","cylindrica","edulis","fastuosa","flagelliformis","fosteriana","glomeriflora","goldmanii","gracilifolia","grandiflora","heterophylla","huberi","ingoides","jenmanii","kursarii","LA17","LA41","LA48","lateriflora","laurina","leiocalycina","leiocalycina.aff","lomatophylla","longiflora","longipedunculata","loubryana","M18","M25","M27b","M30","M71","marginata","melinonis","microcoma","multinervis","nobilis","nouragensis","obidensis","oerstediana","paraensis","pezizifera","pezizifera.aff","pitmanii","poeppigiana","punctata","retinocarpa","rubiginosa","ruiziana","sapindoides","sertulifera","setosa","spectabilis","splendens","stipularis","striata","suaveolens","subcapitata","T18","T21","T29","T50","T51","T82","T85","tenuistipula","thibaudiana","tomentosa","ulei","umbellifera","umbellifera.aff","umbratica","velutina","venusta","vera","virgultosa","vismiifolia","Zygia mediana"
"acreana",1,0.149177021787196,0.479258667317822,0.273524297132424,0.199263537280893,0.156548478397018,0.273993722958473,0.207134808688089,0.279816860571788,0.191416330641869,0.152954683712138,0.121071507810582,0.169653482412175,0.186121888533279,0.281528948727053,0.264811803091802,0.380760592409049,0.23710926996,0.219586905970301,0.34385723433698,0.305871758879838,0.277790487048283,0.262146200924446,0.281960285135372,0.232057396694188,0.0767815640442946,0.130755604896095,0.237235957651971,0.194289437334286,0.435748616438901,0.225455397640969,0.194957911695248,0.235875317037815,0.175141592522423,0.154482564271578,0.20741326513502,0.331160874836591,0.158148598948783,0.132466436030029,0.193773513108703,0.192810452745246,0.24746742493625,0.129331505235297,0.263116762770924,0.468171715523442,0.159320958999635,0.24693767154384,0.380860623299357,0.125683437757197,0.135198576543442,0.0912226693715467,0.174775736761231,0.206835475911127,0.119450893475415,0.220814442240248,0.295234486407619,0.190136249776724,0.202639863082176,0.257999484687554,0.19391994663832,0.219174992444376,0.235040101528137,0.142816989430344,0.307238760558298,0.383217359562349,0.21293879962158,0.351225363755558,0.309935090035751,0.247162393912136,0.299683062413064,0.254090485502357,0.273104835024466,0.386108523184366,0.186321990777738,0.164352147491237,0.154788494594826,0.199994867484441,0.167505689786941,0.477327608764098,0.221994656020121,0.411213268355761,0.229091214499008,0.24429791067996,0.0709722435423593,0.148681829867669,0.364881962847548,0.383951491158602,0.184558808741417,0.0969052725935349,0.332978404876784,0.234879014921084,0.161510236360834,0.386876533950292,0.222408908379026,0.165277163262552,0.285414739605439,0.357516041797818,0.214172741066246
"acrocephala",0.149177021787196,1,0.145783942264207,0.178781383744586,0.153954794515604,0.134688834631772,0.168395515930969,0.0956622144391168,0.136061766080515,0.115858870886911,0.105103395191412,0.115528790230615,0.108348240615892,0.157350874101576,0.165232074444489,0.150513061424653,0.139049494355378,0.183641642037323,0.140480638270032,0.157212535048537,0.187590006005148,0.131209409659075,0.148193980177807,0.139785475852434,0.146178824712321,0.0841087743042717,0.120793289336027,0.135383844382959,0.141600136656791,0.135777454494317,0.1308540363781,0.111619833237183,0.182000583822712,0.175291269100609,0.146660040858536,0.153656019410659,0.139362517815131,0.0995961630261816,0.0929335114605824,0.135477584513262,0.106347384007345,0.175981378379248,0.125138618523987,0.18324949114995,0.148952553869275,0.143592251984011,0.0974921316150701,0.151742708310583,0.0946692854166432,0.122762517889518,0.117105823092167,0.150905772763802,0.207927363142195,0.11179469651386,0.151807520764753,0.149997519423715,0.123751260482827,0.139928293144349,0.124402494492638,0.150715081693632,0.131156041424426,0.169944489375342,0.174127312510236,0.169873554690947,0.149320803183983,0.168601178918872,0.15220896433767,0.161887821525554,0.172474242784982,0.176622740157686,0.143946589481501,0.125303580367305,0.192310683095385,0.157254379570651,0.135800214110437,0.129562211169344,0.14599382790766,0.143719235228197,0.140580056085716,0.166453684952049,0.141189051816659,0.121718081143802,0.136516477663449,0.0644888779942326,0.131979915516735,0.129382994622097,0.18637389028796,0.116508642990072,0.0973158249133078,0.154150194706376,0.18170628210019,0.107406241105203,0.110480172022936,0.174831208493053,0.12716118992858,0.0986839404435768,0.124232691617831,0.173496811914609
"acuminata",0.479258667317822,0.145783942264207,1,0.250868924903412,0.194596010840933,0.169320722756459,0.255026520097331,0.195883658230909,0.264469865416367,0.199849022451949,0.141031499554495,0.153484012945323,0.175121438401517,0.185361335961917,0.263469776659574,0.273356388858251,0.356581160125712,0.200118556985054,0.222151302081767,0.349558257012802,0.323483224249912,0.274303083539289,0.214585894695757,0.242006026329587,0.237620684617923,0.0712995133475662,0.120443288485635,0.23198176193096,0.192275902853806,0.386082803943883,0.197470318958581,0.181869066605981,0.22817233130904,0.222346170935933,0.140489170705499,0.212986313544951,0.315534304653732,0.235688549938366,0.1305255684222,0.173861951209846,0.196649890180099,0.251891614777509,0.11966133778855,0.213002606556445,0.373441468497587,0.157050571215632,0.233269506838436,0.364045033080971,0.119190544652312,0.149808759562143,0.110133434760254,0.170427961805915,0.200576399176439,0.0949420128565191,0.209074314526315,0.264661759835303,0.16517337582547,0.223329420265599,0.243301929437123,0.195491333479999,0.201847560599797,0.204651047816949,0.150823111232206,0.301836557013623,0.404875037346054,0.208039271543734,0.367931433448599,0.27316881820062,0.27349016120124,0.260162615143402,0.23236259401646,0.278096386962671,0.358512940537787,0.184603560109204,0.146496711973161,0.155239163773664,0.197613579626904,0.162637053073733,0.373255848248423,0.216782992738171,0.394854266405382,0.211991246620183,0.240091223829707,0.0648516358970034,0.164107175092283,0.403991112701501,0.339045136863381,0.188265228193357,0.0833162661846091,0.275472520365317,0.228675058659976,0.168142142103288,0.388971312766547,0.214673293384921,0.17352511566166,0.234536565279165,0.329469091082374,0.188791155678101
"alata",0.273524297132424,0.178781383744586,0.250868924903412,1,0.237288510605156,0.156325673958428,0.306532733725274,0.194490071680848,0.226608292954989,0.183013371195275,0.153013427341995,0.15846424435588,0.164671403432102,0.217479894999619,0.285720315229223,0.278692011279094,0.2380029236041,0.242690015807511,0.226384413375674,0.252622208149294,0.2907715076205,0.236370359797955,0.225769902260409,0.365184422344944,0.193823566544349,0.0930651376293489,0.136046119379545,0.24860231284872,0.191904912982777,0.244252576241315,0.208583352245731,0.184322323313426,0.237031801148521,0.195037202596328,0.172545898686912,0.171410440133226,0.250134294518877,0.202004014924996,0.153253032478094,0.291849506712209,0.19475060754919,0.276101446731719,0.160900045368446,0.221428465178282,0.267052986771908,0.172634378336265,0.185984471950168,0.28022276523952,0.136144484940125,0.150938641155175,0.120174676655187,0.169660909448127,0.289482714482349,0.138162660646306,0.177431767235947,0.240379139527373,0.208364429952599,0.214919927714568,0.238726882671929,0.22244893176031,0.185890667820743,0.297837487085052,0.177774705936044,0.322394327205131,0.275681081019745,0.252944001991935,0.268671459844166,0.323655256760688,0.272045540923833,0.304440004386165,0.224991024886846,0.263939015026533,0.281202515918554,0.185922618498585,0.204928249276008,0.173493150721706,0.211793870303519,0.204656147765067,0.252938051111642,0.239093215526604,0.252806043997075,0.171186932360897,0.243074532456969,0.0697771201072071,0.182399491282363,0.230737480549867,0.286656327786709,0.186440579322987,0.108212384036558,0.242344206315081,0.219283086181617,0.153861892720005,0.200446923049956,0.209827510957258,0.15578760573406,0.155022796729037,0.217022035753261,0.254742609424347
"alba",0.199263537280893,0.153954794515604,0.194596010840933,0.237288510605156,1,0.202970987701365,0.222413119030301,0.205733561258335,0.205731645899712,0.255564005323565,0.268256751804849,0.257694888989569,0.261893404855018,0.194860401003261,0.211863799661306,0.23705307208932,0.191173364781298,0.22510153083482,0.174593141999388,0.201080554696089,0.188896116239157,0.203814267188681,0.195802540021265,0.252917645630146,0.203030745269477,0.240231586354637,0.17135698112757,0.211852524575985,0.190984779348908,0.174099141147427,0.145791976936922,0.293891714072807,0.264624123782805,0.20318258265179,0.295223461788754,0.146009810320038,0.199101478748142,0.136630279910137,0.130270564833042,0.136901011681315,0.298063952774264,0.196702438635613,0.136300136610683,0.175391102067116,0.22167669955641,0.143082209111015,0.279672954414503,0.195728234673674,0.270093533931448,0.271443411067055,0.120851642085508,0.183712787720781,0.209988333983701,0.130133274209734,0.224607178151205,0.2245810101499,0.182457294319869,0.184614094636711,0.317799428050194,0.193508154702424,0.225967540641928,0.206594392354207,0.162842121416,0.235934032743121,0.213077838000906,0.247401610528082,0.210254099877707,0.259125760714136,0.183822654568164,0.207943077490507,0.284488335209058,0.187736833975851,0.201376000941052,0.216863474449444,0.142950900238336,0.18449875908161,0.159494942146259,0.211867829860701,0.161153612699021,0.211866440466459,0.217331221479345,0.241999480015532,0.212560238071057,0.11637580748542,0.156397711722919,0.176529809239038,0.195278091295856,0.156367299067012,0.123176956780768,0.316063026868873,0.18549156154798,0.234221677812165,0.126573632750764,0.180020292260152,0.143093812854994,0.257810133997258,0.145047274132472,0.208805032504655
"aria",0.156548478397018,0.134688834631772,0.169320722756459,0.156325673958428,0.202970987701365,1,0.162877894256437,0.375619977247148,0.162653820199249,0.11844247003276,0.295634713593184,0.130267309921097,0.139682465819644,0.134439168962483,0.151969413044153,0.163706414931305,0.163102655852782,0.160279662555574,0.141676751258758,0.173708774900193,0.175832543987836,0.16816387088298,0.146363769899008,0.258719832957955,0.199512615353686,0.316416445906104,0.262934628740941,0.138501888444628,0.133290411012316,0.143093412521687,0.11448724381471,0.174967117189796,0.209011662378007,0.173802431683577,0.134355959430533,0.112053083468099,0.160153423774533,0.139844580689387,0.103087617959477,0.123121017289105,0.194871505509254,0.134241222792225,0.103013068859602,0.157923030499549,0.14534310381163,0.118999967566905,0.149475454903892,0.171906582839477,0.128387751793785,0.152260299128,0.0915862543441325,0.205260227856855,0.133942118244315,0.0812956243035312,0.203341298156072,0.163789065585213,0.147767506455261,0.15769146902205,0.148126463132077,0.159025600499132,0.239347788800717,0.142590195959715,0.129342157863843,0.17059193229564,0.173211775823866,0.203593090657046,0.166360491987164,0.196117738995105,0.187552376165121,0.220564680857058,0.148665471351651,0.1230165908473,0.171734926977559,0.184696714365379,0.100016574417409,0.189741876890261,0.141345430189329,0.162009114292532,0.117014904420998,0.166743290160736,0.160059427837499,0.374715469887075,0.189025610037827,0.173544058617818,0.147381038001991,0.151811776648994,0.149151350463615,0.166978910635299,0.093498039132969,0.188654506319808,0.155497826994349,0.114248188582748,0.118210053608315,0.16358835699368,0.108496055597668,0.147068430674028,0.148364590056381,0.170486076041798
"auristellae",0.273993722958473,0.168395515930969,0.255026520097331,0.306532733725274,0.222413119030301,0.162877894256437,1,0.154595001531902,0.238230775271468,0.19257865224468,0.160796141574483,0.148857701218662,0.178263650668447,0.214182451629318,0.317969979064956,0.259109851913207,0.239144402595497,0.250935926255115,0.229316774983266,0.27634637090143,0.304074743368352,0.250916421262668,0.214052363391999,0.257673390575349,0.200985000882472,0.0756500939281754,0.131896429780261,0.292846638341043,0.237813016259857,0.261710665835505,0.234489223219751,0.172106078549603,0.260969406995039,0.177490948632559,0.162479478882206,0.204679726994691,0.286773205001225,0.177072480928492,0.155236555319071,0.16931755234547,0.200038089562954,0.256557442216459,0.161499334960236,0.229534934006807,0.286720062392405,0.167224181437745,0.191413403849483,0.308689708608187,0.149133708364648,0.154246351990776,0.121823518893131,0.164047102881288,0.265078008739326,0.157011284854051,0.201636140792522,0.252678684171722,0.196057829551322,0.217526876351246,0.246833914176605,0.278491358165747,0.213621944476441,0.298309780124963,0.16305947684003,0.357017816354143,0.300823239658418,0.224273875048939,0.292880309410417,0.393588200094848,0.266099012020144,0.302718551842969,0.230542520853199,0.247117208113986,0.259296241697822,0.221726265093189,0.192325241881964,0.183998494144507,0.181403983544627,0.182670246698137,0.23607258592836,0.261979639766639,0.304710797230133,0.19713811242913,0.269201642278761,0.0620988505112138,0.156384458076342,0.232584346644328,0.286350590960213,0.207761881125657,0.115990206195818,0.25958383643629,0.236334878699763,0.15655011074224,0.233433175976013,0.222628545761757,0.168124934297249,0.166131817231734,0.222552595326286,0.236712908107452
"bourgonii",0.207134808688089,0.0956622144391168,0.195883658230909,0.194490071680848,0.205733561258335,0.375619977247148,0.154595001531902,1,0.183196174615762,0.10501935218485,0.285728612315397,0.119002090841287,0.156220314500742,0.150581506470677,0.181902636312046,0.200504061864121,0.148694730038561,0.168959477917109,0.12619492524433,0.230500144213038,0.157134818712456,0.189334038342414,0.185422730986387,0.301431112655753,0.222981293916973,0.372952365256094,0.359874871020138,0.144014087362968,0.14444294984794,0.178148875485822,0.0983917639769148,0.179661734194932,0.251699069517763,0.189051427507412,0.139237201218285,0.110673024040333,0.193685881835347,0.120673563360853,0.093932934061906,0.136004883944629,0.229169472679573,0.171071021127799,0.112765967567298,0.21344687943979,0.206281102497853,0.114336463119331,0.181993749841184,0.180557306024516,0.127077367126017,0.12276629253181,0.107089120493769,0.256246945642814,0.137766504956205,0.084661832477404,0.213857485908526,0.168206229922782,0.15455334411272,0.133690703736662,0.193372275119168,0.137376435386893,0.410019926416155,0.159033241025035,0.115968878471842,0.196527320739188,0.199784383588325,0.26191201861178,0.207378618026076,0.216778924762061,0.170083776860292,0.211221155172647,0.163712623282976,0.147081233323265,0.156349944658764,0.136605104136632,0.118664307240697,0.171981276457124,0.12583673811223,0.147679885770587,0.169148576684334,0.134460208857977,0.193427958898644,0.432908651514248,0.177674123102893,0.263054057528679,0.123189729384602,0.164269700799761,0.188371557150379,0.134403698070304,0.0799168646322007,0.229071364805192,0.165858364119993,0.0961594914798192,0.161366529105331,0.124275728387967,0.0932630646973067,0.157440287477018,0.168570961065975,0.184853870931996
"brachyrhachis.aff",0.279816860571788,0.136061766080515,0.264469865416367,0.226608292954989,0.205731645899712,0.162653820199249,0.238230775271468,0.183196174615762,1,0.166055180842833,0.182460435597425,0.17385781018452,0.160230337601407,0.183392454568442,0.232533427231208,0.29501115581604,0.217260615816703,0.193519036937142,0.19494691603542,0.273667351437932,0.283607631916429,0.373731121402458,0.226177975774476,0.245037973124473,0.226610610768672,0.0860892214784184,0.149459645774791,0.249914742087887,0.247536286927418,0.266699424367222,0.163381952593684,0.18741045074974,0.221651130907333,0.210686403330177,0.174078852276256,0.174593297006635,0.26889975133463,0.162452110178145,0.145822516946455,0.152997571863366,0.250284628481622,0.223740816969912,0.162609942168292,0.161214778171963,0.270737568858162,0.158378482962098,0.204111649961208,0.282821098871256,0.271060524869607,0.143497378300376,0.12142910447865,0.18485284088121,0.167610067768262,0.251544093797734,0.226911859789478,0.254936838104035,0.197995242766429,0.175723077946528,0.247066593706382,0.207822448441499,0.221183136934443,0.207536585929145,0.160981686898975,0.243651808909388,0.285343166869222,0.222520148024227,0.259708560695848,0.310798502922329,0.313142451980055,0.257804907154943,0.218455652765175,0.272502933206991,0.281534812759668,0.185907640088035,0.192461021544164,0.229775780405337,0.205702057736539,0.174326096470054,0.269893367789605,0.256527921569045,0.291354112506403,0.222097707071567,0.296622298673321,0.081212405938828,0.1696170953174,0.232540591909531,0.293912296657936,0.199594578824212,0.0861667231459112,0.312201164027027,0.212269054954928,0.14850323524279,0.244861918866417,0.21979446026057,0.140143353231587,0.179079822920834,0.208448160237125,0.240824701747007
"brachystachys",0.191416330641869,0.115858870886911,0.199849022451949,0.183013371195275,0.255564005323565,0.11844247003276,0.19257865224468,0.10501935218485,0.166055180842833,1,0.316455221235651,0.31312851097005,0.262079556843415,0.136142211403517,0.166960167951289,0.17610052657194,0.179685212416756,0.136563628800315,0.189181747082322,0.188387979564239,0.294121815106706,0.174593881982916,0.172487231892286,0.158756477583106,0.169852910032443,0.208743326416232,0.113421002349672,0.161026012016548,0.130602047239906,0.182934007352919,0.322040551975889,0.397783337240717,0.172927935576156,0.147706642765996,0.313410034460366,0.137290629209237,0.201736586228594,0.188103046849405,0.13625100389182,0.128431897922169,0.34076084855011,0.188755478864562,0.113098275527336,0.166658038329995,0.18270413752262,0.104349182901842,0.380214259423186,0.194223919928526,0.262689589352364,0.274878936470636,0.0941091067717109,0.148631404854643,0.158251433870086,0.11906091516309,0.140307024527981,0.179410900550415,0.212023919693594,0.158947206455404,0.31525257789855,0.175564540764865,0.125778377856199,0.180499205397668,0.130804464235654,0.218555503605205,0.190224809212337,0.195867937721797,0.198304740729011,0.208715463712361,0.164460862775929,0.281718780659735,0.346533354062355,0.166914962661568,0.192306449836128,0.184771764412173,0.123041159079843,0.132832477236412,0.161246774516218,0.136086013495129,0.145565347498631,0.153943858378664,0.178599930716816,0.178533233655102,0.170719772170068,0.0652987162912264,0.120094893995417,0.178765432030607,0.164042221275652,0.144575309743723,0.0822043841123113,0.292925809813479,0.127133867518649,0.315902662052826,0.139699211307277,0.23168639438202,0.178212450576742,0.371931308677223,0.146197584601828,0.150062919716682
"brachystachys.aff",0.152954683712138,0.105103395191412,0.141031499554495,0.153013427341995,0.268256751804849,0.295634713593184,0.160796141574483,0.285728612315397,0.182460435597425,0.316455221235651,1,0.305863199154124,0.219416811745153,0.137888033400381,0.237392775593568,0.197507600746793,0.121101810327607,0.123962921883775,0.12695207151091,0.170128663335223,0.132597439308889,0.147695149431321,0.204654502439662,0.282321804923354,0.207531378522163,0.381683769367095,0.28937723506606,0.151814461629381,0.139834338142554,0.168304433000948,0.119437686537216,0.440516139212542,0.198002216409357,0.153078227667415,0.33752564285908,0.106675860415142,0.15266899525989,0.114796887874141,0.164565892094981,0.120210595217477,0.404337439415594,0.165153947203536,0.117953831862973,0.190638292433696,0.154078931136306,0.0994301502287496,0.334347670008758,0.166634715259876,0.24880635469111,0.313121487423349,0.0975981601056875,0.227457251678163,0.125003489065908,0.088755528463049,0.182787635553096,0.153505389591964,0.145554772599126,0.20781352756759,0.334755848276597,0.168281945515815,0.296256456235228,0.193709589307769,0.0970218598454561,0.164549627883039,0.151581078650631,0.246394074141665,0.149732194741015,0.185832946344514,0.209003876670425,0.238634403367176,0.370513004370946,0.163227903762085,0.182234184275176,0.158205598320752,0.131148065093969,0.143597269352658,0.11408725219817,0.169081838369636,0.139938918862739,0.232182816091082,0.186084492099608,0.341277781118567,0.173949479720331,0.164625949603529,0.129254723319153,0.121769152825065,0.172728464252689,0.17266500516741,0.0851504223886562,0.357944763720985,0.138307092259397,0.388703752065182,0.135107685100097,0.120042161219325,0.104374917725228,0.324791954604911,0.193161383879407,0.164875011512564
"brevialata",0.121071507810582,0.115528790230615,0.153484012945323,0.15846424435588,0.257694888989569,0.130267309921097,0.148857701218662,0.119002090841287,0.17385781018452,0.31312851097005,0.305863199154124,1,0.274736752759367,0.161956421274825,0.175762776334012,0.205385091083445,0.136157579787324,0.135356041835195,0.164452344432534,0.164736365598134,0.154969449646594,0.140949023847974,0.188236048257332,0.144870376652606,0.182601910925389,0.244954868389814,0.138899890582405,0.182192514876056,0.126951129214201,0.135140964128448,0.134605421257616,0.294486558357667,0.153340470815196,0.195988634900042,0.29688634747239,0.11068039195327,0.147670573022053,0.136266585723393,0.131664325813896,0.12713257489386,0.302720530767237,0.189668826020597,0.159205178275923,0.113458041921124,0.137927882151988,0.150698063443901,0.292236375963369,0.13748854063855,0.251819751472052,0.295495787576882,0.125219860151125,0.168431410854708,0.134694382967551,0.113998371349801,0.140889064139738,0.154777896081184,0.151391677527362,0.197120533167742,0.297293804171739,0.218619846870227,0.133095650736502,0.177588274817349,0.120298401481789,0.19891286251879,0.153448257112898,0.188197017257397,0.155714919798021,0.153540088895742,0.209254993969936,0.177560222873068,0.299831255632697,0.143067749803653,0.168495781575833,0.157881721201915,0.113943219880796,0.122067612144616,0.143678825233117,0.153346432427465,0.111827566687119,0.157824258160501,0.148421134505987,0.162234259476109,0.163463013157503,0.064732531762485,0.162136140436401,0.142470425854593,0.180249587744746,0.182629972599528,0.0799471032358622,0.290808325031774,0.120791333030163,0.303722411097387,0.117832197114648,0.144953286016061,0.123086591640687,0.264678849499046,0.114647511947847,0.169600136241329
"brevipes",0.169653482412175,0.108348240615892,0.175121438401517,0.164671403432102,0.261893404855018,0.139682465819644,0.178263650668447,0.156220314500742,0.160230337601407,0.262079556843415,0.219416811745153,0.274736752759367,1,0.143547852973557,0.160184594229669,0.156640110801727,0.185191816913282,0.135541074793402,0.139046557967717,0.157794441352443,0.184770114690895,0.173210475712423,0.158580879483782,0.153403008077432,0.129285633113795,0.177657101113597,0.16219995510429,0.146443667468132,0.174495461992249,0.162813483570606,0.101932167052572,0.215337320545109,0.153588207279401,0.130762508909796,0.224135327519069,0.156061898048988,0.137538324659415,0.136568374265754,0.0958196191349567,0.113258786252298,0.256385512200774,0.204812407610879,0.103033377871317,0.128523962935763,0.150478424803798,0.128353688431303,0.23551004935987,0.148279617872321,0.19521292620151,0.192999408306831,0.0918222871863523,0.207099026251688,0.165287264781554,0.114374734947286,0.164102746731605,0.160261603595479,0.125988361860463,0.17064980389542,0.262929563458511,0.15315387519261,0.145136207548448,0.158447637252172,0.143288256025441,0.215430004485438,0.184418307729348,0.18311835708575,0.179879133395887,0.197431610630829,0.165169163635805,0.16015226168258,0.262627957640428,0.126851523982041,0.134443373547867,0.189804111132318,0.132314211381856,0.134191952259909,0.138893065069143,0.11637014765406,0.151161517630577,0.170478095575719,0.171991216052938,0.164115222797484,0.15585058552883,0.0640186017008318,0.113141709042098,0.200127354553091,0.155523246411603,0.138972025077579,0.118112553316107,0.263941128501485,0.15352995437925,0.20626364559829,0.136268856174095,0.164778994166242,0.107876032567353,0.197965599761565,0.138756871049614,0.146766174095412
"capitata12",0.186121888533279,0.157350874101576,0.185361335961917,0.217479894999619,0.194860401003261,0.134439168962483,0.214182451629318,0.150581506470677,0.183392454568442,0.136142211403517,0.137888033400381,0.161956421274825,0.143547852973557,1,0.193044108252301,0.196375507556195,0.158498068616033,0.197895070642253,0.201335119555009,0.187240553946335,0.168566381438404,0.164198002687727,0.224075851690356,0.179531997727278,0.169165852513902,0.122420288388873,0.15213069007156,0.180075088442661,0.181287238866571,0.159319394223314,0.173119066359898,0.158255435623519,0.181381826440146,0.168638726534149,0.1527200549315,0.145931214402371,0.188269141099151,0.17325941924711,0.141373395322115,0.14537743841427,0.164168208208363,0.16494993964476,0.159639259452314,0.15721030000407,0.211743665812978,0.175273885527181,0.132419593875172,0.179143130448206,0.111790157368786,0.216506824966154,0.139614526288958,0.173409141653323,0.194286633645843,0.132940638722819,0.156285874923767,0.180940662975988,0.22569255890476,0.175132574622897,0.166499695474381,0.176776120632821,0.145313941814337,0.236164365923108,0.17728397860978,0.213854615896716,0.182797054793371,0.231689417430391,0.182772850677999,0.223123519108312,0.217942435631438,0.206436329340285,0.150442488490376,0.183805790808681,0.180432948693331,0.242075499433505,0.145200329111682,0.159297450303615,0.172948822766583,0.182942818240034,0.154747005915947,0.196728297187114,0.19661900699296,0.151237085336821,0.183702094889204,0.0727406793421412,0.156371574783823,0.153495418586828,0.224641502964304,0.189623328163901,0.112865702949876,0.190749054813231,0.161183722321371,0.137453716600817,0.132085215237763,0.205934296345349,0.13679648510599,0.128226778314461,0.140575535256928,0.226666388043583
"capitata33",0.281528948727053,0.165232074444489,0.263469776659574,0.285720315229223,0.211863799661306,0.151969413044153,0.317969979064956,0.181902636312046,0.232533427231208,0.166960167951289,0.237392775593568,0.175762776334012,0.160184594229669,0.193044108252301,1,0.29063343058644,0.248636998144206,0.318892068888385,0.214010739457225,0.276835638823421,0.251772638408627,0.215001945224079,0.227428391179616,0.299766349693699,0.247243301724929,0.1120736155511,0.144449321210626,0.260653921785245,0.196882064360779,0.276105774279242,0.18921285152183,0.195403791114313,0.287001580046789,0.169619379199694,0.194540424681995,0.162746387254064,0.281254285849355,0.17169053517224,0.174224049247484,0.211965725717503,0.189024490998521,0.259679691636221,0.18234225807977,0.222704500189699,0.273808027408141,0.166649041364072,0.204606055555706,0.295568679288818,0.138797584650217,0.149960717285698,0.133335196796495,0.195650160315957,0.253482462108339,0.152231675158247,0.197452389070661,0.270228450537597,0.180144233131807,0.25796673371953,0.252858448996263,0.222319995013736,0.196727421373329,0.281771903642752,0.18166972099852,0.330331175168936,0.356828972635972,0.233988016159188,0.285281581240131,0.289120807293266,0.252229564564041,0.270429894708567,0.222895388440935,0.22072818083362,0.292584539187817,0.17327593013094,0.169098127489684,0.159709996370249,0.205625706877568,0.237077912030875,0.220042524225136,0.319121126578653,0.252720449647326,0.238166103042085,0.22184574278354,0.0743457667938674,0.203512230580932,0.245447328224942,0.27195741781429,0.243902079471697,0.113064667382694,0.262776357403025,0.245951269793164,0.176069774567844,0.19906751285687,0.222313859187757,0.163852525606417,0.158790134773134,0.318322197104298,0.235808889262478
"capitata35",0.264811803091802,0.150513061424653,0.273356388858251,0.278692011279094,0.23705307208932,0.163706414931305,0.259109851913207,0.200504061864121,0.29501115581604,0.17610052657194,0.197507600746793,0.205385091083445,0.156640110801727,0.196375507556195,0.29063343058644,1,0.243781654278212,0.249338242713686,0.211417608909678,0.305876613113203,0.263379446760891,0.249021561138532,0.269941633906228,0.269748642440022,0.240862530149022,0.111952514689725,0.183234150057731,0.264808462708623,0.202313206203454,0.299507316914308,0.182884836972583,0.240646763262741,0.264951466586944,0.216214284080553,0.208706058379211,0.177598731263122,0.296466509533752,0.164374248063562,0.188705186742421,0.184215577379261,0.245426465210815,0.307654088698891,0.169092377206239,0.20229034088476,0.277163950673784,0.161958194526926,0.185889665165781,0.283513559757644,0.135959288211288,0.180105707011841,0.128913667850698,0.201838460692552,0.21451745347734,0.165353144628954,0.227849621620721,0.259656767031646,0.204127860421104,0.264966766103641,0.29234944960728,0.230790948460639,0.229046396190024,0.260097928005098,0.162982811907261,0.268196681060347,0.304370808925384,0.246148566678658,0.288964707765135,0.306732953157187,0.318401117212261,0.302388109891079,0.227945958349378,0.238804752358794,0.257039999935546,0.20623899079749,0.183564996769916,0.183088461876981,0.221103249302142,0.209790184355686,0.314490080300725,0.219022197315307,0.30361171888939,0.203241318448589,0.241045516342896,0.0969947561653838,0.196565530200808,0.220226032163269,0.322234858194999,0.239329636887613,0.0999349844068503,0.272141465638515,0.2560670702414,0.217057715636405,0.263305911517187,0.220186187632867,0.182478013833175,0.156580302433897,0.22637844390592,0.24476765149749
"cayennensis",0.380760592409049,0.139049494355378,0.356581160125712,0.2380029236041,0.191173364781298,0.163102655852782,0.239144402595497,0.148694730038561,0.217260615816703,0.179685212416756,0.121101810327607,0.136157579787324,0.185191816913282,0.158498068616033,0.248636998144206,0.243781654278212,1,0.209173842615532,0.190640321821132,0.268438899354621,0.296973590503781,0.22867931378027,0.206331170803676,0.252440135241577,0.279323387971385,0.059624683318471,0.102027766581209,0.174429859269609,0.165672905376328,0.283196157538688,0.189693890058798,0.165200133536641,0.196337072892982,0.179663969861135,0.112769630749541,0.176662968642673,0.228756759784177,0.153121232389149,0.136795116825056,0.158583110577644,0.1526913743346,0.208444848762009,0.126332546043331,0.233805702440892,0.37076861994736,0.141079728140909,0.27357466118119,0.351297328796571,0.113916551161044,0.127162741246035,0.0982499346799601,0.148048732316748,0.203945804632309,0.128996945909111,0.153642908906271,0.269695993649832,0.165967378799788,0.20836173945589,0.213426647103668,0.191819813618483,0.142747040398666,0.206392232977,0.143527028923358,0.269594775825561,0.338551060243502,0.195721199364582,0.287259537130051,0.251475514179108,0.220514548335978,0.216818110045136,0.163451928428698,0.240677936432568,0.394948852383478,0.181260193462448,0.141470356804778,0.132215509394728,0.208458981887324,0.19334892362656,0.32686066737273,0.198251556321783,0.243899809629024,0.187151655228921,0.254302808038809,0.0556061464647091,0.137011906295403,0.406585434432916,0.318790902740165,0.173841842747066,0.0768176839801249,0.223124924430611,0.192989471204019,0.152308546170057,0.23534949895662,0.18982681528359,0.175050221857717,0.27920667344922,0.489472037056926,0.212703210265769
"chartacea",0.23710926996,0.183641642037323,0.200118556985054,0.242690015807511,0.22510153083482,0.160279662555574,0.250935926255115,0.168959477917109,0.193519036937142,0.136563628800315,0.123962921883775,0.135356041835195,0.135541074793402,0.197895070642253,0.318892068888385,0.249338242713686,0.209173842615532,1,0.187307024144659,0.227998834706121,0.20581982137633,0.175370924323764,0.198359512328533,0.248610218983031,0.238939710526823,0.0988700834818281,0.133705949757443,0.198419275058465,0.190607879807875,0.187145389648812,0.140638552934025,0.152080825537856,0.266984021912363,0.163840553625504,0.164316371028777,0.178133737742009,0.220461734549672,0.163807745599388,0.128790356124432,0.141337828556495,0.177090753636193,0.205430678393279,0.185019666247989,0.227309186925323,0.23307511692522,0.149014615831043,0.209343202380281,0.233829828278308,0.150724234204122,0.145753820175427,0.12848585652491,0.180861103258857,0.216088328994392,0.128165537606797,0.171080831183559,0.246825101316024,0.179131405838094,0.172070547614342,0.210986596084137,0.171388074850985,0.181178338917866,0.232666848821803,0.19817040923579,0.258297877472071,0.252595602746092,0.22265916688598,0.219837229730699,0.246218914265007,0.212753944585574,0.221420737050801,0.167711394376291,0.187629264781718,0.230323556820015,0.173756000606528,0.218409850291633,0.149805149318742,0.202708002316278,0.203980191990895,0.191048048312206,0.213688748845693,0.20117255338903,0.201294029691262,0.198744075588415,0.0694391228008796,0.16852865463201,0.196023873524886,0.229408484357457,0.204566845220208,0.110540621901711,0.214065052817765,0.19665728530734,0.156491506354381,0.151398560937208,0.200034653977622,0.143908116085294,0.142407802654857,0.188790018864066,0.234858573325052
"cinnamomea",0.219586905970301,0.140480638270032,0.222151302081767,0.226384413375674,0.174593141999388,0.141676751258758,0.229316774983266,0.12619492524433,0.19494691603542,0.189181747082322,0.12695207151091,0.164452344432534,0.139046557967717,0.201335119555009,0.214010739457225,0.211417608909678,0.190640321821132,0.187307024144659,1,0.228701458123191,0.202862300738138,0.196919831150313,0.222845118091763,0.183525832216053,0.213843783583776,0.0825897306516764,0.133207872341887,0.222210679453596,0.151226290326589,0.167346084105165,0.193140181040722,0.170990517806731,0.176487756884291,0.16241193310879,0.152547667877239,0.164482271223901,0.221053132913827,0.16758735028461,0.128471642490294,0.164296194823199,0.157593415072471,0.180803423522437,0.184133895318636,0.171254120510199,0.223759373414082,0.159643537390146,0.153786339068894,0.19719317756335,0.11938743367367,0.176614910545333,0.126858333539737,0.206224114259152,0.194388272786342,0.18371019968142,0.147298477455668,0.170616620597456,0.184246452168233,0.213627795580752,0.182093648255738,0.225347636938939,0.143555467317374,0.224681244748942,0.153117257375379,0.250883626739904,0.198398541356946,0.243648150390786,0.199021819509987,0.202465572124198,0.230272883878738,0.236175020863929,0.19136867412408,0.292721748556382,0.272018321497628,0.202301975783295,0.137642444522881,0.136817044996253,0.188386287638419,0.181905024541373,0.172458517521642,0.188705913964498,0.236884779939398,0.150626383074551,0.197483750954215,0.0750107167055038,0.220840333010811,0.160396415951757,0.225779549461075,0.189655867984059,0.105425673918064,0.199543134203678,0.156926059964036,0.167058686308683,0.152336413431846,0.223224104537034,0.190704698956556,0.143730409255321,0.158517822330102,0.191053502750705
"cocleensis",0.34385723433698,0.157212535048537,0.349558257012802,0.252622208149294,0.201080554696089,0.173708774900193,0.27634637090143,0.230500144213038,0.273667351437932,0.188387979564239,0.170128663335223,0.164736365598134,0.157794441352443,0.187240553946335,0.276835638823421,0.305876613113203,0.268438899354621,0.227998834706121,0.228701458123191,1,0.277998573558707,0.239336447268515,0.238662101354886,0.269018290146993,0.261505983090165,0.0998742374577648,0.182917195455442,0.285618541264855,0.204469311910203,0.314714543662725,0.176785638329221,0.188371929987925,0.269370704397912,0.18035164935069,0.199784461008834,0.20739202375362,0.329234955204194,0.152391364840194,0.191297828327154,0.177395335964728,0.213426242361801,0.2410277235837,0.143481896095,0.241111286922302,0.37866321069718,0.160680848192793,0.224855840159308,0.293154721678731,0.156309880830866,0.15593882300525,0.0914375580953086,0.174785905749266,0.197875283777944,0.101930062037363,0.216100336463861,0.259437400325777,0.190970716666652,0.222132749344996,0.276527999956462,0.241023594056012,0.225389116711424,0.270650392156511,0.143203168008369,0.367202126724605,0.356772363032881,0.223989038870775,0.337299581812377,0.287824749223549,0.291283264392758,0.273475649092527,0.205130845025234,0.249500461019114,0.323136496898918,0.183522288870223,0.164091496893892,0.190375218607388,0.219623731364257,0.205387185766446,0.304073502145035,0.197728586611908,0.380131061810035,0.250176645598637,0.24078237571923,0.104131874149599,0.182477904791661,0.303868087918871,0.307624652460888,0.212655449176616,0.114598657696146,0.315565241626234,0.257531412983923,0.177563164438426,0.269062915891817,0.213281991986543,0.189447474283176,0.201789000961781,0.257151661432917,0.217585381728738
"cordatoalata",0.305871758879838,0.187590006005148,0.323483224249912,0.2907715076205,0.188896116239157,0.175832543987836,0.304074743368352,0.157134818712456,0.283607631916429,0.294121815106706,0.132597439308889,0.154969449646594,0.184770114690895,0.168566381438404,0.251772638408627,0.263379446760891,0.296973590503781,0.20581982137633,0.202862300738138,0.277998573558707,1,0.326838309681741,0.213846691538921,0.247436236044389,0.208734495716155,0.0588627829953328,0.125308690867243,0.234889264270767,0.237633345230474,0.276889295753583,0.298162580939155,0.18876175632909,0.231419761113965,0.166454238613594,0.171808353975756,0.181176730735372,0.288508278589536,0.19510079007981,0.143370068929686,0.168713948266061,0.22288394648781,0.253601505312027,0.134459312844181,0.22920536594604,0.279902507235397,0.146373226426706,0.211181899762056,0.331217004685452,0.121509964127492,0.14534828406149,0.112994062408406,0.161787720986501,0.218433936232033,0.137093581176313,0.173055422216562,0.252951757416832,0.241737274405941,0.192971549730584,0.245461824687309,0.188382281596146,0.194718023065396,0.245819212251034,0.174685641837846,0.30968712770396,0.319616692986903,0.206799444441208,0.298807853458164,0.321508602002517,0.323084507744221,0.35777133071326,0.234827301765364,0.277962463539761,0.295017672034125,0.175680221055241,0.197707656767724,0.206174857158777,0.211763488761357,0.176782777573822,0.278319286847383,0.280528640193065,0.276508669682324,0.180872802414125,0.274322425890635,0.0567428137182798,0.152581488677522,0.315267150622105,0.282540716500193,0.184942379790365,0.0937513629579121,0.265703474681415,0.218210433528135,0.149213071575779,0.274414372170193,0.263105845992493,0.15407369195513,0.173224213260226,0.250213025084283,0.235365199452686
"coruscans",0.277790487048283,0.131209409659075,0.274303083539289,0.236370359797955,0.203814267188681,0.16816387088298,0.250916421262668,0.189334038342414,0.373731121402458,0.174593881982916,0.147695149431321,0.140949023847974,0.173210475712423,0.164198002687727,0.215001945224079,0.249021561138532,0.22867931378027,0.175370924323764,0.196919831150313,0.239336447268515,0.326838309681741,1,0.22519294979938,0.266794635651175,0.229906981583905,0.0842536339952796,0.136115945452055,0.206422440330739,0.231000478069338,0.295876417115936,0.150290341631114,0.16902030652065,0.204587754920619,0.190830713597576,0.139675761608819,0.16361359852225,0.263907830534291,0.156105456855783,0.121152815137723,0.141155769294767,0.239286608570244,0.228066828523025,0.13607676860875,0.173264459666705,0.261697588609216,0.14687052986913,0.21191423171072,0.281311357736041,0.141248637770096,0.128375620565493,0.1243288595985,0.155531709279375,0.156992591925648,0.145872956541396,0.196814532668688,0.226081462867305,0.20212738543974,0.162654020755797,0.24486509805691,0.177830392027834,0.259997383138716,0.192598217969622,0.152423621201679,0.258387228276883,0.274816661647657,0.201806035542635,0.267074329287878,0.270062227254993,0.303461784234607,0.233960027346329,0.219061630042855,0.265158062366481,0.261226301436174,0.175210183651326,0.182911036017129,0.205482136411933,0.174353338972356,0.151566150320423,0.285039867381457,0.267076153983812,0.288193397334407,0.202521619299347,0.299156941270966,0.0599360872784283,0.136251095416416,0.247599552726775,0.268283908239674,0.169043552911526,0.116046566690282,0.274617913156073,0.20457946008581,0.133833224433059,0.263458595251058,0.202556339579153,0.131743238857703,0.177560063097805,0.212493454520846,0.235847782442097
