"","acreana","acrocephala","acuminata","alata","alba","aria","auristellae","bourgonii","brachyrhachis.aff","brachystachys","brachystachys.aff","brevialata","brevipes","capitata12","capitata33","capitata35","cayennensis","chartacea","cinnamomea","cocleensis","cordatoalata","coruscans","cylindrica","edulis","fastuosa","flagelliformis","fosteriana","glomeriflora","goldmanii","gracilifolia","grandiflora","heterophylla","huberi","ingoides","jenmanii","kursarii","LA17","LA41","LA48","lateriflora","laurina","leiocalycina","leiocalycina.aff","lomatophylla","longiflora","longipedunculata","loubryana","M18","M25","M27b","M30","M71","marginata","melinonis","microcoma","multinervis","nobilis","nouragensis","obidensis","oerstediana","paraensis","pezizifera","pezizifera.aff","pitmanii","poeppigiana","punctata","retinocarpa","rubiginosa","ruiziana","sapindoides","sertulifera","setosa","spectabilis","splendens","stipularis","striata","suaveolens","subcapitata","T18","T21","T29","T50","T51","T82","T85","tenuistipula","thibaudiana","tomentosa","ulei","umbellifera","umbellifera.aff","umbratica","velutina","venusta","vera","virgultosa","vismiifolia","Zygia mediana"
"acreana",1,0.19381766061494,0.163843451058247,0.241549497887922,0.20797944466268,0.1100677460499,0.317072797226178,0.111066567206185,0.211099733677981,0.142099274738596,0.162826635179268,0.217037277598001,0.118153056752279,0.249007353036419,0.219642449907669,0.163118538546138,0.311078171347691,0.225975322050482,0.185063766831958,0.151366775924498,0.199395305962544,0.137266582670201,0.199732090170245,0.192828739893505,0.163247206040085,0.183169301328878,0.166351415076247,0.180891872494304,0.193548059194071,0.169157876381373,0.165834350624353,0.142802347897654,0.245637346407608,0.305290639604715,0.169051878336418,0.104657965361999,0.219960172024514,0.147617614214383,0.179518765496987,0.195251216005042,0.149344104181324,0.247956588332775,0.147423615255632,0.175591318747616,0.174536877654418,0.195188592858895,0.198103558233974,0.224602881691736,0.179374042987433,0.193645318249961,0.17631253162015,0.149867290884054,0.259445248399033,0.137238888077418,0.120879072923368,0.209487960196206,0.146863350443445,0.32292068221562,0.153248720733551,0.244680750221134,0.158459815607649,0.3056351417589,0.18509026610391,0.22270171289312,0.192118031329978,0.207923450774751,0.174345575720924,0.266107213565313,0.32009550304457,0.388053677960325,0.16676271585056,0.202448951409166,0.164222764043182,0.39462816000536,0.258661943388429,0.272847947676587,0.154794835801007,0.163807463942228,0.175358838462709,0.217188117622205,0.198239434327107,0.333091255636277,0.177302173685099,0.162514609508045,0.175893215092246,0.169727341087941,0.175282002138939,0.236906406321126,0.145096212373261,0.169066230060884,0.196550998790207,0.157866822875868,0.145541331394526,0.184443422566449,0.193695342325229,0.187755248088725,0.155717855189453,0.217802545520983
"acrocephala",0.19381766061494,1,0.274533199503574,0.320972692216345,0.190684159693933,0.105466622357973,0.189323589976794,0.157663397721733,0.16035773085961,0.189159652742868,0.169493796131174,0.178322587880257,0.120388399952528,0.178124294555604,0.217595054424823,0.220930716881883,0.185070936222206,0.141844017258554,0.274137043455764,0.150545716495518,0.262190065317548,0.172158020354549,0.259468779617726,0.299501226525919,0.267686857044464,0.241073666526753,0.189502546147853,0.237457368152921,0.216194100005009,0.180127947627226,0.115506601372108,0.121207217161483,0.190927596382633,0.148855486265922,0.218975584597573,0.0894524807607974,0.203017682942166,0.142694763171251,0.18709862363047,0.193550073241085,0.127847087981127,0.208529590982247,0.181653910614887,0.141974378497775,0.205243360660788,0.138444766883228,0.145730610660738,0.275500267156719,0.211163528330734,0.174603183155707,0.250685554044146,0.174216380250217,0.170456950023776,0.206794555980918,0.0846917039241452,0.0981336936785522,0.176512004914314,0.158565896566288,0.165224709612575,0.21408125074177,0.312044932700071,0.239433684134665,0.150094806361692,0.216000365376667,0.239564638968737,0.239475318498855,0.143389919148566,0.177590647623718,0.175171265132304,0.254220087358094,0.16703254033232,0.177150394750681,0.158328149928629,0.192679552079023,0.198411478185858,0.213872124619894,0.145855978272998,0.200697359061474,0.170711907448624,0.321859530199789,0.260383969188153,0.162376572049071,0.195839451849182,0.251401395420716,0.111500818273969,0.121862347617606,0.213442457185316,0.265435883027075,0.252010852724577,0.175582921238031,0.258420847363878,0.185369224386639,0.180615346927521,0.138040274639647,0.177872026724246,0.141691596393996,0.185451906401022,0.208981173403252
"acuminata",0.163843451058247,0.274533199503574,1,0.209969909922226,0.156381993848478,0.0911300900874255,0.170622751510012,0.113491197582022,0.0977759969545951,0.212564481860953,0.147647320564922,0.154712987252798,0.141981245579358,0.154065967440541,0.161540202659389,0.218960443651558,0.147614021691623,0.116387040536866,0.329900434588946,0.140558622787084,0.209675635896839,0.119708770539686,0.213799809303277,0.325593590028301,0.289249542288677,0.28391516429622,0.137903923137007,0.16959424250808,0.167323497306912,0.184820299398205,0.0993210547259758,0.109778707773262,0.147005434532847,0.107613430858829,0.180460541475889,0.10443249518141,0.19408611601923,0.151222647749693,0.208548808037939,0.181327559381317,0.102134118984046,0.180850392485515,0.187399008798864,0.112863794450348,0.200160832397316,0.119559271360585,0.128840409180246,0.206844029002067,0.140507874065905,0.170543329586342,0.226623692776299,0.151037637107988,0.161198266279667,0.197681711961474,0.0648093339663413,0.0866915533783935,0.150197948738157,0.165398573987814,0.133837139597074,0.200262863417336,0.25930502276348,0.182099267929383,0.135274376373242,0.222589050720433,0.158700817410504,0.198722554905411,0.131034021432805,0.131800283466348,0.151722013398054,0.170794805954884,0.139803260350803,0.168330487713276,0.134663499353791,0.145633378274884,0.177875856607002,0.147929133818242,0.120357743955349,0.182179073167999,0.163973637613193,0.380378038809943,0.193572593627977,0.128644120697083,0.168771502345743,0.270033034005093,0.0853302328090626,0.10808935779158,0.175648732837544,0.222552008390237,0.222722365971123,0.153642428399907,0.222665480712474,0.18631206609433,0.194170548151382,0.107061766506498,0.148164852939318,0.136650875680293,0.170326961228594,0.192021652119943
"alata",0.241549497887922,0.320972692216345,0.209969909922226,1,0.235477398596359,0.112892230681871,0.324121267700648,0.133877735538936,0.181810988551815,0.18110345007322,0.137920253729849,0.225586772554776,0.164479345596279,0.231309363118248,0.259428795170944,0.243638735164349,0.231327130388713,0.164194594133147,0.246846255469942,0.167258116398319,0.334820894624555,0.257228207578159,0.249020846595802,0.275297832368218,0.205191522151171,0.262607990784695,0.160220322707882,0.291195361413738,0.224424358191574,0.223527444012898,0.277345622892551,0.141119366018925,0.239471214694101,0.177886258992122,0.295929203106451,0.118534696629992,0.243719899669044,0.193249321247075,0.256482615195107,0.221063962000065,0.295209641289084,0.296200026516409,0.188223529252148,0.197986908631671,0.200693428593195,0.153685529333187,0.171806979610776,0.355861759948581,0.243379984636849,0.20521013244302,0.268728137833773,0.175028056578765,0.206462012941153,0.250728037377685,0.229114451052398,0.144906133352823,0.198093095939771,0.22368918537535,0.171479485369411,0.253274652452779,0.317897589013926,0.28979939912673,0.205992358110865,0.29924201571709,0.233823181706804,0.242267398144968,0.187010804731989,0.215402769286875,0.236441309739188,0.326595654226818,0.213496441052195,0.247295604251145,0.16413784368099,0.211171472730633,0.231802080677817,0.256063877865535,0.151663330097345,0.237373986882789,0.213630687493981,0.307171255933578,0.217909634158131,0.195807262650278,0.258629557591665,0.21078641181222,0.122726951969001,0.30315464544705,0.267997751256721,0.300411076544891,0.224106385943617,0.195317591460942,0.284837416358352,0.213969446472946,0.206497141533277,0.293907874451325,0.213393980101684,0.166255381679591,0.21503804587895,0.273101100353953
"alba",0.20797944466268,0.190684159693933,0.156381993848478,0.235477398596359,1,0.102203638715831,0.203293882182326,0.136320299402643,0.117232390691985,0.234620172675684,0.216926860197078,0.265257663299992,0.246377220262342,0.235977238494005,0.188397488746538,0.166213130080522,0.163038713284218,0.127091307316889,0.203466722419989,0.184812267598936,0.22799984217498,0.145294990741925,0.224951855001545,0.236149417244073,0.145092445634619,0.229714082799571,0.147253010785553,0.167877750169678,0.198459457354505,0.17769847092173,0.131997498552898,0.246864847329404,0.194718929149912,0.135737097250096,0.265082279327575,0.0987298694469489,0.158110799696354,0.159485873401873,0.189269309176804,0.1731401574813,0.209673826347267,0.260854587981513,0.202625896848629,0.155813464269256,0.216729520001126,0.144848376237588,0.253476891317664,0.222469413984749,0.233374241109677,0.271569088557701,0.188029771122111,0.192790837808621,0.160525400118771,0.142950923842938,0.0826231882427926,0.0968950036955515,0.162578283068893,0.156584598588579,0.262746146927458,0.163774555802215,0.174838245640692,0.196264284979681,0.22636571251815,0.216023986273846,0.207786036939016,0.208205033680571,0.162269942070344,0.186062066469539,0.198101062131203,0.222619738989624,0.260317322135702,0.218370281633025,0.191632276875535,0.122892024251219,0.174046181183586,0.207386848481448,0.127332826681064,0.147659328518165,0.160924696707687,0.220360776762334,0.182607799957248,0.18205934461204,0.155358343746209,0.198866358045307,0.0880711877436988,0.13189935438673,0.176513316915173,0.170331787261763,0.16890336439649,0.265479269932213,0.176573595746038,0.25018902684906,0.157671491043738,0.119084248693265,0.17301088493145,0.276833957028519,0.184606719489483,0.197838161712221
"aria",0.1100677460499,0.105466622357973,0.0911300900874255,0.112892230681871,0.102203638715831,1,0.102087577129088,0.0844982773792338,0.0843069495335628,0.0717105723347173,0.0731943308736372,0.0839186732007077,0.104204413830218,0.110683585936137,0.104073132096035,0.0914080374070292,0.0921567619130123,0.082415692995058,0.111206756021086,0.0935181181321751,0.106143828076731,0.114594650852228,0.112910472670278,0.130228176837186,0.0652825120073718,0.0817860129272055,0.0850289340982698,0.0852196563290287,0.135685714573495,0.101312651444984,0.0729044674325874,0.0837422610448486,0.104431199440414,0.116336416565361,0.0784962673095734,0.058957584126904,0.0942723804948011,0.143525709353558,0.102872448508781,0.0961854983670604,0.0685731563001858,0.105578107820021,0.157332661171364,0.0773488880312294,0.0927404129330272,0.0817835089946204,0.0893539120080151,0.139448897128343,0.097154897120332,0.0684182487902267,0.0953687227290887,0.0882150390246154,0.0904203476896974,0.0964608915230451,0.0510512913857476,0.0625962181052683,0.110351120243637,0.103610855077198,0.119395170188312,0.106701092726613,0.137133827044251,0.11071756569051,0.0850287967405747,0.121195700688847,0.128461607807123,0.10583222193997,0.0982254724496558,0.114211421546779,0.0846564298198129,0.125272901747337,0.0794415542731019,0.109395662562176,0.101715858226254,0.0811813000182127,0.111444974197883,0.133496532323129,0.0926217100449645,0.0880804928745447,0.11396299040587,0.107837053981659,0.128546529487572,0.0869255567604672,0.101080869945896,0.0938688099832215,0.0766547643150077,0.0615461115920874,0.107682286729251,0.108588800467139,0.0963866964249305,0.0845182258246925,0.106991164092965,0.0773025515509119,0.0684483381162219,0.0727879801357674,0.101277853057904,0.0853128713181201,0.0931443736625853,0.106904447974768
"auristellae",0.317072797226178,0.189323589976794,0.170622751510012,0.324121267700648,0.203293882182326,0.102087577129088,1,0.134227838271794,0.281018809004881,0.219729894822946,0.155738265057273,0.20847283515721,0.180782907665611,0.209207711644418,0.24348439743948,0.230068611242804,0.227024347696325,0.278581945537112,0.203170483627871,0.216885166299029,0.183651327530803,0.183044000881604,0.196107955954679,0.223587819533093,0.165933896270239,0.179037821430321,0.151228399575744,0.211031489980766,0.200518104613855,0.210552685539753,0.136637617561002,0.140116501683316,0.278563405373351,0.222669789645498,0.193582922126343,0.113977591692016,0.250211357786455,0.183258760539348,0.218508838245073,0.204180852299685,0.170780693478362,0.290208361894858,0.143041725606936,0.208906236275629,0.174258965127269,0.136242446912854,0.166047175121031,0.213029838079895,0.173709620926966,0.177212581953433,0.170072922477955,0.166920540974177,0.365905454736989,0.238726260576276,0.0992687758347228,0.246161920702715,0.21266141399636,0.26626337449125,0.14724758858499,0.246758683045512,0.173158454195977,0.290946612860662,0.182957973709482,0.270859788325298,0.223051942251056,0.260740670016455,0.169922548802697,0.225530327126385,0.293910733098355,0.297874238311433,0.211165790793668,0.222034783324905,0.151020160416447,0.266545606129483,0.196614996663938,0.25865292568423,0.154995416167422,0.238325770434558,0.196337643239365,0.242505516832709,0.177175275121267,0.235421082301977,0.206578449987077,0.164128000951579,0.147045962150969,0.177578845665457,0.245141224472696,0.193739010540083,0.183432618389373,0.19679589204552,0.223998261652372,0.198023754266841,0.196010809315071,0.192637886138654,0.173224274260468,0.14704095328469,0.231004028100877,0.294736394088581
"bourgonii",0.111066567206185,0.157663397721733,0.113491197582022,0.133877735538936,0.136320299402643,0.0844982773792338,0.134227838271794,1,0.0993985688227118,0.106533324494539,0.0821874835647506,0.089062031905242,0.0942527452329209,0.116030521746535,0.140528630105397,0.133021731684075,0.106336499456537,0.0842947840559389,0.131148028537493,0.107070261801156,0.146889932773348,0.0978953780433441,0.171556905705736,0.144538011706957,0.0948701277761759,0.103180042520161,0.100489668472909,0.103937788804211,0.134066957382711,0.104028647565832,0.0818003294444753,0.104323528405739,0.146648507472434,0.0736899454073512,0.122235392769497,0.0721976607976809,0.101918095240989,0.0898658953722014,0.116027724755035,0.12714470586655,0.0612294037006918,0.1192122069518,0.11320969777615,0.0975317860275085,0.143629222199551,0.156442011006671,0.133375164911985,0.121629767506934,0.105198077984848,0.109993655977567,0.138618701787296,0.138889628129625,0.119253483858079,0.102223947568865,0.0551675082427709,0.0747188088489548,0.115842504859669,0.0990943991984171,0.0924288567920788,0.119733396392714,0.121932808010603,0.130631135356036,0.136091406992699,0.130350446188646,0.127604629785063,0.132740020738269,0.0957180794683881,0.120259392269123,0.11111238240968,0.11858556686288,0.13733425705664,0.146087890915215,0.159942777038777,0.0834562960352298,0.11389846642682,0.125069832130998,0.0874032901373183,0.10980063303435,0.150391695982338,0.141757894115833,0.123430822942544,0.0846404216143192,0.104187837232442,0.138897571873725,0.0807126665614434,0.0616301578488678,0.130314972358216,0.100549481357304,0.105200726172184,0.119925035778902,0.155490790153976,0.102581664658532,0.128927140485581,0.0727404735401746,0.139605059974096,0.0890139281984985,0.111163904534903,0.155335995524731
"brachyrhachis.aff",0.211099733677981,0.16035773085961,0.0977759969545951,0.181810988551815,0.117232390691985,0.0843069495335628,0.281018809004881,0.0993985688227118,1,0.102454865324789,0.155832695815517,0.159043639779009,0.0878936048730356,0.140436398305847,0.148093931030305,0.125746220296672,0.164332511607348,0.364871849154597,0.119317728990329,0.110861047395819,0.123958137625833,0.105705177172592,0.15695433765529,0.13676237531492,0.114802600606174,0.161320041216238,0.120213593125341,0.140195017234894,0.146726157021803,0.131107788812244,0.177990496940633,0.106060603078963,0.183422806866932,0.296828906314842,0.120729504319843,0.0757132172623254,0.169458265995175,0.136515814214327,0.109601124785214,0.130077659942575,0.177826662858417,0.202249703308839,0.107059952014289,0.200374712733464,0.130903555772317,0.113704684692763,0.150032336153782,0.164821264736269,0.138772959545228,0.112496074494294,0.113776110995685,0.110047763957665,0.437342385504506,0.120992441781527,0.138614353960922,0.410491329257711,0.129745482446691,0.204880428656947,0.136546970818749,0.153211972363813,0.0948401646541254,0.215184614538262,0.122259428047387,0.160554316315561,0.159456083735342,0.1646583165122,0.127837353216465,0.191662410708481,0.185599456696194,0.260991386187768,0.159013221439336,0.123061038449539,0.120567908202162,0.279753928029969,0.12907394955123,0.180596545074903,0.158631268397121,0.123277016926689,0.174493913748722,0.155361696271022,0.147408975282974,0.26095478110691,0.164321598481627,0.141185206853793,0.176516995600492,0.171578590569475,0.128307259489581,0.13921929400955,0.110252632456269,0.129967765939819,0.144230324176551,0.109198912452034,0.105723722356389,0.22371255659539,0.136440774667662,0.125941648396304,0.136592834739677,0.167244193106712
"brachystachys",0.142099274738596,0.189159652742868,0.212564481860953,0.18110345007322,0.234620172675684,0.0717105723347173,0.219729894822946,0.106533324494539,0.102454865324789,1,0.336968408019764,0.347260598173878,0.251545003997609,0.158491075633558,0.18908922406081,0.20375868171725,0.175097241132477,0.125958204872725,0.270124075742964,0.169542916692953,0.157942777287363,0.119371089231402,0.177230159767304,0.244442868356506,0.192052826997534,0.345369699279053,0.13195006866607,0.155880277174715,0.154891161991943,0.161469336985526,0.0932974223208103,0.368778862855257,0.208732650957609,0.129449802656457,0.374409457470638,0.0803845966650477,0.20471599787244,0.142197460471998,0.209209075934106,0.19456630079792,0.327940701746664,0.183915264195573,0.137257346631273,0.135206993840508,0.164748187149405,0.103700722277783,0.376680783485723,0.178441317562232,0.318118771770337,0.338015411881866,0.16745501521078,0.175661191907047,0.166140612452406,0.249413543418761,0.0616392545570544,0.072168729072312,0.209039600758954,0.194743818427377,0.269407036169582,0.217555097250759,0.17816932369063,0.234306485702628,0.147003279735476,0.193649448225902,0.180887444492485,0.219261481802985,0.144055813830405,0.143703413551167,0.165023749369954,0.192297545620318,0.384961663125852,0.210656048391483,0.0999225438596705,0.184524503855282,0.168071541828186,0.168420208168698,0.126599516448398,0.198951553524486,0.189079507353745,0.240192624213755,0.200436327049424,0.15969669454555,0.193476765337581,0.212750082586186,0.0809567207933339,0.147663285782534,0.207346017467772,0.148768720497037,0.141400121629174,0.291140653262454,0.231987287386354,0.359560086699858,0.209447836202877,0.120883947439452,0.146225283195097,0.369290913899445,0.253792820576105,0.247112557618908
"brachystachys.aff",0.162826635179268,0.169493796131174,0.147647320564922,0.137920253729849,0.216926860197078,0.0731943308736372,0.155738265057273,0.0821874835647506,0.155832695815517,0.336968408019764,1,0.302753196399779,0.187269121334397,0.127350907512213,0.122682261323999,0.136094391850292,0.107759776252235,0.173335956978093,0.136073427766579,0.0988749195213462,0.106795048445788,0.0904605118643924,0.123989814908058,0.167353390915031,0.188627443391395,0.3377018106695,0.143071230246781,0.117907321186898,0.123697833024493,0.103414175730231,0.126332972529342,0.31028619759256,0.144082170439207,0.15082901307869,0.275959319540801,0.0673805069025424,0.152750086958335,0.107446791485953,0.10997710080072,0.118077095080198,0.329648819549641,0.161630246644552,0.128823777959723,0.255677094151775,0.125781707435485,0.0915299497685646,0.319593212524153,0.133118367385393,0.287248831669711,0.251843178858174,0.098277412868921,0.0919937748174257,0.183177416002496,0.0904425763771277,0.108444793000045,0.140453819900079,0.0917863483228665,0.153129589277778,0.220007835410991,0.120913758956415,0.104929213874832,0.146090509472023,0.0930086821218057,0.139420635308068,0.112554098685984,0.125140319242308,0.0930787337870299,0.156091129486358,0.124641739256352,0.169637452649359,0.305867439196038,0.104924931098317,0.119298456809083,0.171932926799641,0.124156413862371,0.137810921014481,0.103922596383216,0.106487563351279,0.099674804651205,0.160731026808219,0.166764728412109,0.182450338623885,0.109447425037046,0.14779251044293,0.115085545240617,0.124254031471572,0.104108580105606,0.147074261842504,0.112466698560304,0.248449582352354,0.132204974991381,0.299178060576991,0.0997879543787132,0.131546341215958,0.10003090903907,0.339452895394449,0.113031914008918,0.135392710060613
"brevialata",0.217037277598001,0.178322587880257,0.154712987252798,0.225586772554776,0.265257663299992,0.0839186732007077,0.20847283515721,0.089062031905242,0.159043639779009,0.347260598173878,0.302753196399779,1,0.239211570222615,0.213735909475947,0.201067943061945,0.185537649990802,0.191660220946333,0.167729498733806,0.190054072609791,0.134378113249134,0.184929574161875,0.102534915456936,0.171231219561702,0.187453102049793,0.163436453571696,0.324056049076547,0.142786501444121,0.189824896210475,0.225896559417615,0.213561968207745,0.152762433142462,0.295162617611408,0.200875667040725,0.198620119297841,0.302157928045691,0.0903806739206648,0.230122843947856,0.175703522722431,0.239230516088695,0.217700204065102,0.286858415213191,0.266321977987059,0.180785326775131,0.193833477916958,0.14661833498479,0.132430485018698,0.344729224300458,0.202981516610927,0.340491469712257,0.385172011603587,0.176465302622527,0.149239088426865,0.215044299118003,0.152038302555008,0.0983888231625863,0.145209227757196,0.168050389391357,0.218482600562132,0.259364477777299,0.225692747098564,0.135100845619878,0.239595816565701,0.152413786267408,0.307145422169136,0.203974573269579,0.196853002718597,0.19127805245938,0.183041338396819,0.198306600566784,0.259984470204036,0.385692520953293,0.228001332681828,0.154061531944672,0.197467553788245,0.171218467815691,0.212590953558639,0.134879482157861,0.213794306806065,0.167379243655308,0.187253488401697,0.186148681640207,0.247930818482312,0.186475881536416,0.137840494848311,0.16063689142292,0.249207670862639,0.177951333961221,0.213404618616953,0.131328873132681,0.283666501971609,0.187173884283088,0.327733539605639,0.178017678000331,0.153478309110247,0.142153369737465,0.326830800305542,0.17335647391935,0.230704661976158
"brevipes",0.118153056752279,0.120388399952528,0.141981245579358,0.164479345596279,0.246377220262342,0.104204413830218,0.180782907665611,0.0942527452329209,0.0878936048730356,0.251545003997609,0.187269121334397,0.239211570222615,1,0.18100686805139,0.223885423284923,0.212671406979045,0.238000311726501,0.132477863939923,0.161865238120755,0.207297770580988,0.143077926837189,0.108367736676978,0.138913845856872,0.187367996685711,0.120915820912063,0.200023682287259,0.118185236983057,0.124963693008831,0.161772399529906,0.216460449729272,0.105140685020759,0.236460842465608,0.150656737180268,0.141310490909934,0.259182996997762,0.108474379016105,0.177538781699382,0.226356314759425,0.226476521326963,0.167123719047285,0.240636405338079,0.237800168202736,0.160909867592295,0.155341623523131,0.129184578293328,0.0995377396271581,0.213225668520077,0.159892298944449,0.238000998673397,0.290523855142892,0.169453159701154,0.146539444487425,0.121763126896844,0.18957332322665,0.0527149064260801,0.0687235127044834,0.246297619453794,0.201813215715295,0.206650473148829,0.243400841061075,0.12257894625312,0.239609521021989,0.134368003075239,0.152169350722949,0.210300184119824,0.180552027943213,0.161786984371284,0.139916416335847,0.152813569290719,0.157464234892676,0.275370490145375,0.258142065361212,0.130131278492129,0.137451217211922,0.147874084251493,0.217570030538893,0.120527058186211,0.163656298815594,0.16968973455157,0.153600234020845,0.162567851395805,0.12987728814761,0.231565953704756,0.152002232571913,0.0644316855031549,0.112080201294975,0.1680049107287,0.114315695946536,0.13181484113242,0.247424576439547,0.175771740637531,0.24876013490754,0.300444936146751,0.129460543765195,0.113636314969508,0.258970349325475,0.185745968338098,0.240518986488029
"capitata12",0.249007353036419,0.178124294555604,0.154065967440541,0.231309363118248,0.235977238494005,0.110683585936137,0.209207711644418,0.116030521746535,0.140436398305847,0.158491075633558,0.127350907512213,0.213735909475947,0.18100686805139,1,0.213687124531581,0.201516499107828,0.161415438475444,0.177829170431931,0.175464166223935,0.153429809329883,0.194934173990158,0.221415545998475,0.203975759634634,0.212215333225923,0.148238352509306,0.136516914709744,0.164435011079993,0.159283387185489,0.180657634389366,0.175849856338862,0.140535513252268,0.160829838511087,0.300567722009521,0.140700189818185,0.171572164560576,0.100161641078913,0.187868394983991,0.171603804970136,0.188573854847597,0.172016564459824,0.135544932959085,0.280260811099017,0.143363584950153,0.161915328955912,0.185985272891459,0.140224548118464,0.179412746306268,0.235010741661637,0.157526243853473,0.224666919471535,0.204198217190496,0.171398462356277,0.184449908896442,0.152926427806731,0.0919933111795136,0.13073848140443,0.178675941147649,0.20448453756903,0.156286484719443,0.176594363510048,0.146204508903006,0.239069150120325,0.226974425687153,0.237999417333497,0.266379029492731,0.222722412039512,0.156109808182593,0.217415836044738,0.200088137476662,0.238178998155142,0.172735071875347,0.229954220871878,0.18981572419286,0.18431287781903,0.203604638024652,0.222262953498504,0.1556048430588,0.148626505982823,0.177297080198032,0.218239508793984,0.233705714865738,0.187496668815901,0.172952573415765,0.180333476645178,0.109675821291606,0.160419562956268,0.183175000565807,0.202762672004573,0.135892959349619,0.179332483252783,0.180465945624719,0.167379094048223,0.15024669119883,0.136472447998664,0.170255541354084,0.195040754467951,0.17398111484194,0.244665986134295
"capitata33",0.219642449907669,0.217595054424823,0.161540202659389,0.259428795170944,0.188397488746538,0.104073132096035,0.24348439743948,0.140528630105397,0.148093931030305,0.18908922406081,0.122682261323999,0.201067943061945,0.223885423284923,0.213687124531581,1,0.256522015830177,0.283232926017884,0.185444320739603,0.245471164637706,0.235075334128574,0.205598639674736,0.144094667299786,0.241944507422501,0.249331913566102,0.158556213554374,0.157139280468047,0.165562613744729,0.200976999668118,0.209586723501908,0.218350016094386,0.158311780446722,0.150553159283734,0.230273070685728,0.157466285881208,0.199307857811474,0.157151360202097,0.208248937862398,0.223016183997374,0.276618242085251,0.207465178615372,0.140981338996249,0.290564535859415,0.160070027921317,0.190176144789443,0.212292709649846,0.159397917216652,0.144182717731727,0.231904209728181,0.18621579527406,0.211671466478788,0.19817810239313,0.179283612657414,0.191427266965935,0.214411476410137,0.0748494209412702,0.112397277435331,0.288141026961898,0.258251604546926,0.154128800689039,0.30552714301026,0.207089933951775,0.260393692836855,0.200105960181759,0.240577528798597,0.253234789124579,0.268058439697095,0.217104974471518,0.206530889904108,0.20454688196311,0.226697674280773,0.209599465320587,0.261968215594679,0.154455960194894,0.239122291369194,0.242670227076373,0.249035227349301,0.151142696415393,0.220597860544544,0.208556446111251,0.241619455055752,0.290152970958376,0.170940566637692,0.271591398323791,0.196358785694585,0.0950621609330653,0.148388355889535,0.243789570953658,0.167573950934312,0.191374256129413,0.228223195927029,0.229231958274714,0.2062966639585,0.23709808945586,0.157668472205488,0.187507061934095,0.15112869288706,0.240767494483923,0.299484844898259
"capitata35",0.163118538546138,0.220930716881883,0.218960443651558,0.243638735164349,0.166213130080522,0.0914080374070292,0.230068611242804,0.133021731684075,0.125746220296672,0.20375868171725,0.136094391850292,0.185537649990802,0.212671406979045,0.201516499107828,0.256522015830177,1,0.257587600659211,0.159045073433656,0.231293708541206,0.170327586523045,0.204888307880999,0.120659849393152,0.217217550238259,0.257610511968359,0.183228649403297,0.165606005317682,0.147532605707536,0.195234341706609,0.239388188763134,0.296510880096255,0.12708669540169,0.141429752857691,0.207951024705635,0.157703813891637,0.218032905635996,0.127722221234805,0.232152419382105,0.214164734877561,0.251303195909838,0.216640234214128,0.148991124703699,0.306987600901239,0.178189740016094,0.189614007498399,0.183435943992571,0.138435969673943,0.142907084850601,0.216892395054061,0.172536920343166,0.216228711170622,0.207962199980815,0.188177501647317,0.171644768193164,0.23649172045056,0.0725369699261315,0.0993181587729848,0.249566502608993,0.23955818458572,0.144760151545981,0.284677054594662,0.210106825157796,0.271924979307418,0.185864193869119,0.243125280319852,0.253822851908583,0.263029735653523,0.179930056371675,0.176112792467959,0.194681241799983,0.224947276958651,0.206977190481772,0.320225121028317,0.136175696174964,0.191936821112095,0.196405813726495,0.291636151302706,0.160147555730289,0.216349306450178,0.217874167581354,0.276705889924879,0.19087558235301,0.140839242614555,0.276864944768566,0.220603350938756,0.0906014300778479,0.158676154162815,0.21737228351776,0.203207975599017,0.19357257003623,0.331211966602174,0.204792024500661,0.217991944338571,0.266447339583579,0.14798752199001,0.166580081934505,0.139717579656608,0.239091733239858,0.301524213390177
"cayennensis",0.311078171347691,0.185070936222206,0.147614021691623,0.231327130388713,0.163038713284218,0.0921567619130123,0.227024347696325,0.106336499456537,0.164332511607348,0.175097241132477,0.107759776252235,0.191660220946333,0.238000311726501,0.161415438475444,0.283232926017884,0.257587600659211,1,0.186811583716885,0.18533312892731,0.180375634150126,0.183487651203691,0.109122586025786,0.192818830044726,0.19725395465175,0.132445904305148,0.14894384438844,0.14722929745404,0.14690894709353,0.201708912350181,0.226089812323394,0.125311363490796,0.13400710777682,0.217609191540239,0.189890882747374,0.202661372446621,0.163751263300944,0.237611826966408,0.243972378947384,0.253322790456547,0.228841782175672,0.1675934402003,0.291396934436451,0.156890272526473,0.200296187250615,0.165514466736364,0.253323233376965,0.139578813026329,0.179304585877449,0.162176221956105,0.210908215063834,0.208294004192131,0.171340224995409,0.195048566490105,0.248780883739282,0.0859304049514926,0.157506345927335,0.295960131012524,0.266115481750788,0.157605953479239,0.317089046511587,0.153750313173932,0.273048175515177,0.129425469346101,0.199613207228283,0.226396449419962,0.272718391074728,0.195359477933439,0.188008056058944,0.259394341270387,0.22180979462725,0.197334892510005,0.283731795545592,0.143136355179888,0.251850292389398,0.190255118372033,0.304884525479525,0.157986849570502,0.232957245615701,0.245284123305109,0.203545738693545,0.17166055266586,0.209426062984457,0.298039596524319,0.181851096277965,0.113445110566235,0.162966051578008,0.207553906224987,0.154261809957302,0.173674111603703,0.176739501575269,0.185966305388857,0.225701847807683,0.281146294821176,0.151410325987143,0.178898562911251,0.140462438999877,0.284835372088649,0.282479330085764
"chartacea",0.225975322050482,0.141844017258554,0.116387040536866,0.164194594133147,0.127091307316889,0.082415692995058,0.278581945537112,0.0842947840559389,0.364871849154597,0.125958204872725,0.173335956978093,0.167729498733806,0.132477863939923,0.177829170431931,0.185444320739603,0.159045073433656,0.186811583716885,1,0.144633221292944,0.129051791969493,0.109088335443863,0.140084368843948,0.136108146682368,0.156985912227838,0.122130470005048,0.165584775312401,0.120988027878304,0.144012221116352,0.164281679018527,0.161914860150787,0.189026767810637,0.127837738931157,0.271329196828074,0.320450267391009,0.153071011540472,0.0909324436275209,0.162514748393103,0.141981965971799,0.153364872252693,0.139467094473887,0.201252631430082,0.225515914634104,0.117276728404685,0.210173948863385,0.136557821884931,0.0994371497026532,0.163943227938599,0.143579590699726,0.140030331363751,0.126916266080071,0.132264861110455,0.114703345275533,0.344950474569727,0.125014496573605,0.131507560575505,0.354118508833499,0.152047636697397,0.302129784507828,0.115568822131404,0.154527768539337,0.112657785132372,0.259636211956113,0.118023768459584,0.167728411974506,0.15725233828633,0.167086380611981,0.142131892633103,0.195545512029796,0.18991019689109,0.248611773287965,0.171284569857155,0.151143626162368,0.117732657948378,0.219804450833761,0.144853749300493,0.22109344622733,0.126668472788101,0.132336281481887,0.128097456920822,0.15826791675882,0.153796705111419,0.298636048009311,0.172883371839421,0.132388097901043,0.156589760731278,0.163110325685523,0.135879434186507,0.132339520196346,0.115633063388027,0.153915767122752,0.141492732021817,0.11238961121036,0.12687918998795,0.225732932504426,0.116751201471427,0.116378342433173,0.145381187170712,0.182849678416002
"cinnamomea",0.185063766831958,0.274137043455764,0.329900434588946,0.246846255469942,0.203466722419989,0.111206756021086,0.203170483627871,0.131148028537493,0.119317728990329,0.270124075742964,0.136073427766579,0.190054072609791,0.161865238120755,0.175464166223935,0.245471164637706,0.231293708541206,0.18533312892731,0.144633221292944,1,0.17651148870158,0.222928905824138,0.129254912723254,0.247265785910567,0.33189645928766,0.240443289600443,0.248477349642921,0.159568133847024,0.179146162139213,0.223383158347141,0.22419020641672,0.110258546198669,0.130611406484277,0.220160106351808,0.158752154553226,0.219333265665203,0.112179738670335,0.232761675710787,0.221862713645172,0.221571179873203,0.200819402344271,0.112886900584212,0.202833608215448,0.250382213513571,0.136522228635434,0.255930888792436,0.130912166241838,0.155032321612484,0.225209085398802,0.164703735799746,0.206780161307219,0.265734929102288,0.203047777497818,0.196767675444718,0.27203945805167,0.0719005207187284,0.0941375813044566,0.258302568070926,0.163177648405551,0.144195072778641,0.27455241573818,0.275131752797126,0.23393119610515,0.170734398436828,0.222083090987479,0.189413253291103,0.239296376600132,0.150562442128291,0.140265948862624,0.172636413733313,0.204957175638474,0.176254829966135,0.223179600719094,0.147127401376056,0.199905620691467,0.174068138194682,0.189552365602775,0.137605894579195,0.220604646020342,0.188676563959424,0.3643996884908,0.206031116265337,0.139188461224555,0.198312296625788,0.283858130766091,0.0897467237743061,0.153138593664082,0.237249162377322,0.221741696234412,0.195126099213491,0.18805638463884,0.325762907811261,0.22863209882514,0.198595587413857,0.136397174186497,0.22072500760446,0.158792878393536,0.28602782049372,0.253782132307311
"cocleensis",0.151366775924498,0.150545716495518,0.140558622787084,0.167258116398319,0.184812267598936,0.0935181181321751,0.216885166299029,0.107070261801156,0.110861047395819,0.169542916692953,0.0988749195213462,0.134378113249134,0.207297770580988,0.153429809329883,0.235075334128574,0.170327586523045,0.180375634150126,0.129051791969493,0.17651148870158,1,0.149532989617018,0.140324297585921,0.166760905493892,0.189025601432694,0.10117550649592,0.102419370928187,0.128370447572811,0.127772217710429,0.150053562006725,0.175290808094734,0.114578894018999,0.127905977262052,0.191536661284072,0.15299208918252,0.135833375919556,0.147938756891202,0.183902455151417,0.210725355326829,0.211239816921486,0.173686673964967,0.116295994088344,0.24706469629665,0.131440965309186,0.14381410143813,0.172344906934605,0.14265700316696,0.143977078590827,0.166411610825957,0.110690172451426,0.15494794769579,0.179291963390358,0.191809709141246,0.131895115840169,0.212292738953222,0.0625495295427353,0.0741500572270187,0.225362659130282,0.183830791957068,0.136998565885488,0.193985201725489,0.153820125634055,0.184971208648018,0.140448183205677,0.196235068403265,0.206904246072148,0.225367951048429,0.170651100181113,0.148659423765083,0.170187365936443,0.179331031280286,0.151715196358153,0.197781536883474,0.11413263542698,0.167179474002687,0.177660267217955,0.202824581304392,0.122281060615406,0.17601979243922,0.161207166166042,0.166084338046812,0.157562440920705,0.153009944776349,0.183037566619015,0.159686468943623,0.102098982358527,0.111893223818269,0.200650388181143,0.138365192940789,0.14237810251331,0.161869450430286,0.203663895506977,0.151175226401702,0.20014417492759,0.127532571442563,0.178998992574278,0.148334261939519,0.211859070152587,0.199386179694905
"cordatoalata",0.199395305962544,0.262190065317548,0.209675635896839,0.334820894624555,0.22799984217498,0.106143828076731,0.183651327530803,0.146889932773348,0.123958137625833,0.157942777287363,0.106795048445788,0.184929574161875,0.143077926837189,0.194934173990158,0.205598639674736,0.204888307880999,0.183487651203691,0.109088335443863,0.222928905824138,0.149532989617018,1,0.201528786545643,0.231157317835061,0.257908877100935,0.254632258949317,0.149706879659396,0.130973468867046,0.283985436326949,0.179277595585981,0.181503013637987,0.120155203963553,0.113890041729305,0.174371621689789,0.113624403248229,0.266485201827154,0.0931991001938034,0.194514936989134,0.152982940389638,0.240534376599646,0.207565615025953,0.10101587569388,0.214501414097195,0.201936818771809,0.149330946032497,0.182054260090517,0.167047412841724,0.150616251205876,0.355497687995954,0.293769564510061,0.180430371921919,0.211680103990332,0.177241575242916,0.148346855340722,0.237243907604066,0.0718820944134207,0.104226877832227,0.198970483695166,0.16597680870678,0.126710389791085,0.218675949967017,0.328513797070615,0.229126994293472,0.254990358091128,0.278372698873149,0.17878290921625,0.212707360058101,0.131778808700403,0.141686383776233,0.160467387244643,0.246395719762459,0.17414994697086,0.235783388095387,0.142233725658574,0.160276432865035,0.2006049366433,0.179169538115639,0.124273544214949,0.182380800958438,0.201768205392811,0.239386529432468,0.169184062541155,0.130606162055379,0.245430833664045,0.214299311632749,0.0801076047635655,0.149059992213136,0.192461684569435,0.30113404264517,0.173244940258732,0.168423673746674,0.284207545470295,0.200643667701752,0.206220305170177,0.115683154045336,0.185607414126598,0.133330979702424,0.212008422878422,0.266334526757598
"coruscans",0.137266582670201,0.172158020354549,0.119708770539686,0.257228207578159,0.145294990741925,0.114594650852228,0.183044000881604,0.0978953780433441,0.105705177172592,0.119371089231402,0.0904605118643924,0.102534915456936,0.108367736676978,0.221415545998475,0.144094667299786,0.120659849393152,0.109122586025786,0.140084368843948,0.129254912723254,0.140324297585921,0.201528786545643,1,0.137173050724622,0.185560830026735,0.123397424616788,0.108446145682729,0.13431821056909,0.197574641192027,0.145533279652406,0.10917963749342,0.123859685078283,0.113720251037135,0.192601149754031,0.0967597726766902,0.159788969861883,0.0833903178942133,0.130040995791992,0.118400890416481,0.137776974042722,0.114777795479047,0.0927581078862231,0.136751158563922,0.111109994485749,0.124545113081843,0.124804256830385,0.0996995354700659,0.0870464913271881,0.229908022266748,0.157428846128387,0.103522483381091,0.128447905077974,0.118031592645516,0.12441299645576,0.12800135585176,0.0626827841352423,0.0839733003906451,0.127152473151072,0.120777618010513,0.160925248895403,0.123915128499201,0.199340605291316,0.178259999758096,0.111731093742495,0.15276130602674,0.147041015120268,0.120876557305784,0.126642460611558,0.148976386287767,0.101095992609196,0.182009463672932,0.119224177570597,0.154653359420236,0.0871608579887116,0.114030295485018,0.125106513891145,0.16789694808854,0.115092842178736,0.0968242916540386,0.114027277656269,0.16610210180652,0.1335371447154,0.129533553105922,0.126549553310955,0.173431088397032,0.0728057903537491,0.0857089288213209,0.133077436356469,0.219567569696546,0.108188698721827,0.165914968039945,0.167708475445666,0.109946624845412,0.104876218593536,0.0892902414552535,0.138639363714074,0.100795159145619,0.104524783960661,0.154274001888791
