"","acreana","acrocephala","acuminata","alata","alba","aria","auristellae","bourgonii","brachyrhachis.aff","brachystachys","brachystachys.aff","brevialata","brevipes","capitata12","capitata33","capitata35","cayennensis","chartacea","cinnamomea","cocleensis","cordatoalata","coruscans","cylindrica","edulis","fastuosa","flagelliformis","fosteriana","glomeriflora","goldmanii","gracilifolia","grandiflora","heterophylla","huberi","ingoides","jenmanii","kursarii","LA17","LA41","LA48","lateriflora","laurina","leiocalycina","leiocalycina.aff","lomatophylla","longiflora","longipedunculata","loubryana","M18","M25","M27b","M30","M71","marginata","melinonis","microcoma","multinervis","nobilis","nouragensis","obidensis","oerstediana","paraensis","pezizifera","pezizifera.aff","pitmanii","poeppigiana","punctata","retinocarpa","rubiginosa","ruiziana","sapindoides","sertulifera","setosa","spectabilis","splendens","stipularis","striata","suaveolens","subcapitata","T18","T21","T29","T50","T51","T82","T85","tenuistipula","thibaudiana","tomentosa","ulei","umbellifera","umbellifera.aff","umbratica","velutina","venusta","vera","virgultosa","vismiifolia","Zygia mediana"
"acreana",1,0.259488341765256,0.146018558762691,0.25890687266773,0.208995659931952,0.126840590895736,0.278577686161965,0.236443826128178,0.201741824507206,0.123836431517022,0.156222978716137,0.164468117181899,0.158621692462956,0.193914120441408,0.242373045275687,0.204384683102879,0.172679592328415,0.252194887675093,0.190038449481553,0.153776581531882,0.249809865531764,0.176029597429942,0.22677187109822,0.23832547850652,0.204635756608105,0.181103870679541,0.155333219029513,0.233826338379806,0.221428866278555,0.226777207844339,0.233001199638033,0.121797627607033,0.28841046479962,0.210690600888637,0.252084436546562,0.107918634663765,0.158533808700299,0.147335373686294,0.189565472164623,0.212267075674418,0.198042482967133,0.214437851835767,0.150855283670353,0.215569775596407,0.200058518679525,0.281594351515048,0.130200718956682,0.272408846281122,0.199705102083362,0.151235319773296,0.180282462661839,0.164101297067194,0.203610983039003,0.255599256961067,0.204910751463287,0.125771844921304,0.15102537868108,0.142073713257023,0.186829175760408,0.219217946845894,0.148732852623321,0.203860462909169,0.251248910282656,0.214413905948934,0.196600622939804,0.266462166954599,0.211790315563501,0.170555178908905,0.191534826049923,0.252722643869479,0.154044693319367,0.20143220725321,0.208906466655922,0.172091793732972,0.122635616062074,0.283740015531039,0.175747180413432,0.175011144929469,0.211208970486027,0.285780547878088,0.199235785950191,0.24557857995409,0.131368095727226,0.201555746270679,0.168842708712612,0.143305888083156,0.234919226927199,0.180314853228372,0.188998083072067,0.153047403551332,0.241305822458163,0.173115185613234,0.124055600720397,0.208614454810995,0.172765421111053,0.142596279713617,0.207912598903934,0.280965689506613
"acrocephala",0.259488341765256,1,0.159875290672154,0.32602079302754,0.239742858217989,0.123486731702814,0.385083502634533,0.244203133105227,0.269561380463153,0.157543404136371,0.176411179959297,0.202542687867257,0.158151727910079,0.271570019965493,0.307494393441401,0.204476737481127,0.230978212253669,0.327230368714734,0.247339550732081,0.214475210023113,0.293742847846966,0.26335158780988,0.313212213959654,0.275650608117323,0.260860945522934,0.201786313802185,0.129121212120347,0.285842840923504,0.234747489288446,0.215064183043936,0.356677134376644,0.143786851182672,0.327809089861661,0.25566655211875,0.243107605875231,0.141549682163743,0.165916110317177,0.169326488581813,0.200616845578394,0.320143181664952,0.238296481447593,0.237462772856541,0.243831415806011,0.295357493535433,0.231978396529719,0.295923716469421,0.135370080020175,0.416644541028243,0.268778978347381,0.207170767449275,0.184644184370031,0.224141446468181,0.296123461799076,0.177382824984904,0.215781860763605,0.170840117249147,0.195273175868695,0.237794567628894,0.292143735263502,0.29746519593124,0.143787152263725,0.288591079004381,0.264966085399129,0.243784601622992,0.208864023723907,0.314966154602449,0.232494757799359,0.216086260991212,0.203685809966586,0.286946174762539,0.151417707420937,0.270783196619659,0.277244232353747,0.18097971271087,0.132630682213204,0.246367695540284,0.2723977401763,0.24042681668912,0.236179963244137,0.36626636655771,0.242149851968228,0.262044659496021,0.184379439854931,0.333008906222521,0.168294233276009,0.145628715575886,0.289898450718237,0.25095950667791,0.275626298626492,0.221303290084341,0.21603858283077,0.245338677887886,0.222894468403844,0.237752135141646,0.27329876536204,0.209567144011067,0.245914392567816,0.391257155088537
"acuminata",0.146018558762691,0.159875290672154,1,0.133410909146737,0.11968565513273,0.106885530956323,0.145864266277149,0.127411675958328,0.150423618121653,0.12659562322118,0.0913172975191575,0.132583131797176,0.110269749398475,0.115028001853365,0.125060393398676,0.114210077320537,0.13737263989376,0.156783996855326,0.123065233700876,0.122223580957794,0.184546138245878,0.130872424178946,0.136083949213447,0.133246711756595,0.144628209327817,0.127041225454472,0.121740087820876,0.134760929658714,0.122211969745644,0.149974335159486,0.149413278553979,0.112110648599443,0.148744372906137,0.166437787265312,0.139158617110946,0.0985715221075626,0.104707746741069,0.111984797592084,0.193458902742079,0.127520759024099,0.102869974662781,0.138525788067278,0.106046091101038,0.133709952203049,0.120780424170553,0.132487286618764,0.0860113287660316,0.1546776377767,0.131332178709328,0.13353485613963,0.136110568251139,0.107651341758486,0.151171535804369,0.13140780924057,0.118490326912166,0.0963633596966156,0.135112311202322,0.119009959427885,0.104122761415545,0.135549030175912,0.13372701141986,0.173808736638952,0.177062935392779,0.152350020816772,0.143370993221623,0.119318516558382,0.0931549506237107,0.153441930100671,0.142306430988174,0.173826851051327,0.136844049820052,0.105238662624663,0.123901541129669,0.132714749707748,0.111042658820766,0.132425428953684,0.141839717305287,0.162822641975522,0.114244823049976,0.126122337507656,0.11444740258133,0.154495958622055,0.111921873820232,0.104492443008618,0.1087640908315,0.10122745995674,0.173495886898771,0.105969636041957,0.0938235995332785,0.139306866590147,0.0970854168879205,0.0891511188621366,0.0857303303374161,0.124058789161232,0.118017983228982,0.095602396950885,0.12615559116506,0.157627775766104
"alata",0.25890687266773,0.32602079302754,0.133410909146737,1,0.299154878773355,0.154671575164143,0.320738554483954,0.300743917728846,0.208643904887064,0.150331339709771,0.179874814983615,0.180565586983687,0.186242794609938,0.240347870225564,0.328099781989887,0.227385871818513,0.255531370088018,0.230879735213378,0.248311541975147,0.164882504538768,0.235538252390994,0.160301827972691,0.333932251573362,0.320377053702266,0.245939560323248,0.186438367338167,0.161282379280704,0.208880745300874,0.259751950650924,0.264521832136369,0.278614597505865,0.105730627001484,0.364245176554335,0.223724840504267,0.23210028444107,0.0872614833554425,0.154109062175491,0.153324297117865,0.194452127669068,0.351358556691494,0.192671570252039,0.233863209972299,0.307299224737658,0.28961903192124,0.282008806167205,0.255060402045876,0.123972617196462,0.271456946640192,0.263093667199818,0.158168472155011,0.173926983971142,0.214294342640084,0.2267278868816,0.183537422162124,0.241060062749881,0.141559567904105,0.134573551148071,0.152094257145057,0.308403229825754,0.278412309333681,0.161229287373936,0.186565241955148,0.222985444668404,0.179367365374129,0.202479107851121,0.352067695173741,0.264256532065094,0.174809079680737,0.186086527424233,0.277789489138227,0.153695561554125,0.322503901006585,0.271497125770307,0.204054182270552,0.101783535406008,0.312335222321289,0.215082112649012,0.202891659352665,0.290361013290488,0.360844346449004,0.209245839425751,0.303794341431004,0.129053043364897,0.344588021043613,0.169250456645787,0.125788426702787,0.271050612033101,0.330907383712159,0.300215934736166,0.157278060746772,0.254652341403808,0.255152709586798,0.260515470193356,0.279442332765259,0.208980575832245,0.188776878745827,0.26796355161792,0.285474355150901
"alba",0.208995659931952,0.239742858217989,0.11968565513273,0.299154878773355,1,0.167041634124806,0.232275108684447,0.271529464130531,0.156931122406165,0.243001133143814,0.254907330836964,0.253295142765765,0.247767129092229,0.177691483794784,0.313543823002959,0.173805366347901,0.177619449855983,0.216442989822164,0.157066522066231,0.163959470903652,0.183084522853055,0.14865650739984,0.210289562607535,0.254166367097425,0.164652378212919,0.256605269335902,0.123665691186958,0.170221341065909,0.2110685681035,0.186263291124176,0.263153774586325,0.20188252777629,0.289519210190786,0.17701648211817,0.287021043399236,0.0847176558512217,0.146535681500778,0.126321039096412,0.144711220263336,0.205303324878447,0.265064848383619,0.272799647681302,0.156023700250404,0.208272450047304,0.277256588405715,0.184183872351051,0.21314171006889,0.30407240070707,0.333480758639576,0.246313082126001,0.177173718674959,0.144599479184018,0.192585783200042,0.162981724039776,0.158013372495288,0.13259534525104,0.119734037144806,0.13125674236451,0.303779418722188,0.188060280279851,0.12332673886948,0.177760306322929,0.225791525349051,0.173456021580304,0.166526124975889,0.277963446528676,0.166199977449717,0.222104920144664,0.16069127118976,0.306902257315116,0.246269447909267,0.256780737064073,0.232494450993342,0.150956211511128,0.101533227550003,0.238852986208679,0.177627195302564,0.19772996562169,0.19944360955805,0.235429042156897,0.160351508760195,0.237107789569421,0.108762231695307,0.224971690797636,0.156522153384147,0.108337657695551,0.21722513767759,0.160039234255327,0.192480495891694,0.223742883829317,0.195901444784532,0.264356696306106,0.136822967018278,0.19952233966106,0.152367512598493,0.260511434137837,0.182756545129843,0.250163370163559
"aria",0.126840590895736,0.123486731702814,0.106885530956323,0.154671575164143,0.167041634124806,1,0.160999325183059,0.248404299711671,0.122190875838121,0.0704908002669273,0.15538280230514,0.0976595537134168,0.101396388613136,0.139725678549202,0.165820138182674,0.104666206625986,0.129728162250861,0.12030851670961,0.16052455618367,0.116840819093811,0.114775378072333,0.118383170532075,0.121122778236824,0.148240568885248,0.0941985277954003,0.124550799466642,0.10790656713204,0.124300668941482,0.177511831715743,0.120442689741307,0.158293510653536,0.0925064739352951,0.169269135405107,0.150467656385972,0.140325753207046,0.0763262848882884,0.0670644748436532,0.0887613309595323,0.0976701609678466,0.149721829033366,0.122349184495423,0.102927127592721,0.105710172203906,0.113604000885784,0.123554001617316,0.141228668111856,0.089157806683835,0.128840447305044,0.202124777991604,0.107758577673069,0.131400169556041,0.0863958226341682,0.100246612799437,0.0926659767084352,0.111431700686089,0.077688997447054,0.117543462669416,0.0910539180048009,0.117146863546086,0.103245727227592,0.0944872709810508,0.111380869302424,0.133372831615886,0.152018648202151,0.133522613071933,0.146163973202694,0.16671098387937,0.13761163947584,0.084712306563332,0.149133199510438,0.130738577182084,0.16965095790932,0.131941483411921,0.101946701923303,0.0657484739562532,0.12081478001641,0.108691158492234,0.105952314254142,0.116705277365997,0.146577024977879,0.114627015802643,0.112795403540616,0.116980216545551,0.125635864932953,0.106498917430236,0.131655852710618,0.153265276316089,0.12078751384663,0.11146594604972,0.117001937888628,0.118949874860087,0.0822266252900258,0.0877813552081979,0.132906218691984,0.108717513222526,0.0747316069063695,0.132479529282465,0.131364159416596
"auristellae",0.278577686161965,0.385083502634533,0.145864266277149,0.320738554483954,0.232275108684447,0.160999325183059,1,0.299643771613656,0.231059482710303,0.157773820641195,0.180545823762705,0.202872717589373,0.167458726332028,0.232916511311069,0.320374515266352,0.198024245684895,0.212254972269384,0.252231906762773,0.226892984594026,0.177918213626887,0.223763926689579,0.220279221007716,0.306889277509979,0.301187388592863,0.233669790185603,0.204506667448775,0.159829614264549,0.229311885491231,0.327137197885722,0.240549109109249,0.35172960428383,0.153712017388523,0.304066666156035,0.1996404786548,0.231733674049043,0.115250501097272,0.144499854337612,0.157010938198708,0.162037397306798,0.302908806238595,0.196343579952742,0.245524816551145,0.261110944886807,0.283245164974407,0.23596622032847,0.267116710508488,0.133833548149012,0.354971521922043,0.289799250240349,0.170009111109402,0.248172201066979,0.203852035991733,0.243617415888288,0.2029172084586,0.174144101883708,0.132278306612592,0.155283494100893,0.182753415436448,0.281192914899467,0.242807101608183,0.162245591362501,0.258977791444672,0.276460550105728,0.219826795110092,0.228014087114909,0.285521569069324,0.251979675319059,0.210602826950216,0.206640366709406,0.334511824397661,0.164684104533308,0.261874194223018,0.266437640314968,0.221375893474133,0.136582185697085,0.254662955563806,0.233769373532582,0.190885017362848,0.218541022774878,0.372600513157009,0.205057553134661,0.26934779210632,0.188007429883783,0.283191202375281,0.183829360437924,0.204953699812115,0.29073210490405,0.314824712483903,0.26945946735805,0.204613316872438,0.213926335601358,0.215113200980486,0.22729374801309,0.230805537068659,0.292737763641054,0.200925264164494,0.207713059080376,0.323810802607257
"bourgonii",0.236443826128178,0.244203133105227,0.127411675958328,0.300743917728846,0.271529464130531,0.248404299711671,0.299643771613656,1,0.183261029533356,0.135699137927364,0.188025079187865,0.172535941853597,0.185350633942697,0.213319507156748,0.303838542598486,0.211624739009067,0.226287695158674,0.239612136662678,0.227924806695405,0.209130602986983,0.21193391333522,0.174642038640413,0.263351704157703,0.37224271315876,0.191586529499462,0.193160045146179,0.161210232569049,0.198257511352693,0.41308774335507,0.33790930193495,0.320138386680619,0.128949533178674,0.37500555524062,0.205596745447056,0.215206891603698,0.0897709244707855,0.144120340059112,0.157803284642263,0.167190449836417,0.297923858419677,0.172545513901631,0.25490312065371,0.235835902200093,0.27311783782484,0.334572851559776,0.232173325501183,0.120291697886219,0.343208920518547,0.30103471740057,0.149342799117357,0.194854716823812,0.155619498130852,0.227163956877955,0.178662445720394,0.19977569444509,0.161989524969162,0.146667161121387,0.154961407502392,0.27675429464938,0.212306148625409,0.142818305259952,0.18040530495247,0.238993305892077,0.19764759447704,0.192878189158419,0.366495334902711,0.276367674559518,0.155505320325044,0.185108061944295,0.244208045886742,0.169099704072545,0.318893007223258,0.256575893634237,0.167593235352597,0.108554745228697,0.359637285115083,0.197620482877039,0.230136543761244,0.239701392437236,0.28908843038618,0.183024957354171,0.270152751899085,0.124615954651529,0.323111290469505,0.182204212235364,0.165353315610738,0.260717907223596,0.230666729490387,0.306328408776588,0.134313694112432,0.394585251695476,0.256544860642043,0.204048843483773,0.252199528330973,0.187943978275836,0.200674308054125,0.26966274372351,0.315005291930042
"brachyrhachis.aff",0.201741824507206,0.269561380463153,0.150423618121653,0.208643904887064,0.156931122406165,0.122190875838121,0.231059482710303,0.183261029533356,1,0.138656561424103,0.146628772281342,0.13381582675718,0.117940966748642,0.186995842778758,0.232079298953002,0.172418045703608,0.135080358887842,0.229179420856644,0.156519878386518,0.153481405957136,0.208454479209501,0.296449893014604,0.191128521026442,0.209728892451884,0.168793577357823,0.206509528351118,0.134252076844428,0.218987568990033,0.166362751498573,0.154470119595152,0.251444702932762,0.139597294454587,0.216804089291472,0.168371230360475,0.199478814562658,0.400442127680244,0.112159509635323,0.166913322820838,0.149883322325743,0.191064467723213,0.243559007301415,0.155970003559564,0.12973015517735,0.196419284257346,0.163418012695263,0.231791421930407,0.133791955833031,0.237980821868829,0.203137332208437,0.24260277728326,0.164222906606077,0.132931473904251,0.218971010337385,0.157665488373151,0.124638480275496,0.126029782519856,0.434925344104472,0.451262484509931,0.177605078993272,0.183872551072424,0.114679528467083,0.264137092341909,0.189507133515484,0.289438008812044,0.188765431042221,0.180049454127251,0.257593093675565,0.251600863296136,0.215795171607214,0.228075880566747,0.147632106454555,0.156789634052658,0.184310313076527,0.147048791163587,0.174373604724018,0.178757007449555,0.268733310163285,0.165636854791516,0.172118231038733,0.255028509355485,0.158235366687825,0.190480610867653,0.217943742553162,0.163673986290133,0.156101925684027,0.194187388913813,0.228597963806704,0.157826293020647,0.143039347667128,0.23751256463528,0.145157243495804,0.136577712732392,0.126969731528233,0.15747410875921,0.451587729277843,0.148897468333714,0.163756228120062,0.280489004609517
"brachystachys",0.123836431517022,0.157543404136371,0.12659562322118,0.150331339709771,0.243001133143814,0.0704908002669273,0.157773820641195,0.135699137927364,0.138656561424103,1,0.315626305704305,0.28598199098235,0.20140371917484,0.111802583748048,0.147772757383726,0.112937516435674,0.114023101276697,0.146036346887273,0.110473873967674,0.172965857705383,0.1331664943383,0.138989809106332,0.144659611072524,0.133201870197315,0.135065782678779,0.265594957538519,0.0889641795142478,0.142229456820342,0.122695413194438,0.119254199888112,0.149542650029559,0.339094398103968,0.155962989710075,0.112833675990153,0.322434569765705,0.0973027329141463,0.111533973288705,0.138148692570116,0.124595113131068,0.138733851698874,0.316888028307216,0.141550701975968,0.138310145086894,0.139007715296359,0.120413330464177,0.130635386613867,0.349209476071127,0.137108954065695,0.299459021649482,0.285932071978509,0.113085522199214,0.119396500945254,0.144654422672484,0.123557054545428,0.107282898872857,0.111431158549268,0.133900015602066,0.130184682410088,0.259978413451675,0.154947495351473,0.101097409742287,0.149706082059637,0.137176322000869,0.125628136623798,0.112837611618976,0.148140753052125,0.112861819719206,0.120863793963128,0.145022225321385,0.147073926932629,0.292885033113855,0.139209939377853,0.142021634013339,0.108058780563038,0.13373652170944,0.126624969270075,0.157139849406262,0.106005547987752,0.126286910614899,0.184456157830203,0.173735586936417,0.160354597019292,0.128635054312224,0.138754050777163,0.104760772804606,0.089175767618644,0.157579164890913,0.112813862145919,0.124808113210859,0.258624804554797,0.10297224913296,0.274201027023366,0.106177383476535,0.140703503005059,0.151138042827987,0.374993785491227,0.111284692886945,0.168412598777415
"brachystachys.aff",0.156222978716137,0.176411179959297,0.0913172975191575,0.179874814983615,0.254907330836964,0.15538280230514,0.180545823762705,0.188025079187865,0.146628772281342,0.315626305704305,1,0.294186638440149,0.232676502545511,0.145388695192764,0.173692219781782,0.122678175071487,0.112520612639079,0.158369336738181,0.125094870824611,0.172232988741097,0.140042600260163,0.123946512033591,0.167405945862513,0.165830451991404,0.120423728664386,0.286757658420944,0.0881174532964245,0.16635616848877,0.162817156870679,0.145187865121312,0.157489575830809,0.292741775779288,0.172519648064473,0.165665449951411,0.329697447225071,0.0654800433415941,0.114713933525114,0.102530448313017,0.126380159910191,0.176993028188719,0.346135871848955,0.125732257311681,0.146817042394363,0.15666419444857,0.161790652650381,0.154365365766099,0.383213026438091,0.152919059364047,0.393495717335055,0.242915951255688,0.140407455266387,0.127837155307772,0.148579574209969,0.140143687099019,0.113233757644485,0.0959202848754137,0.105454029313133,0.106321676501789,0.281004268391944,0.177585997110159,0.101071828793555,0.157428876356188,0.150474464719126,0.236807317285062,0.139520112749526,0.181818360916768,0.153221618400574,0.149476137946092,0.11656693868026,0.164959083370338,0.329175160089004,0.174328640178137,0.168774382226803,0.121461738229834,0.0734495137253277,0.140938544207431,0.135777883365456,0.121067688287676,0.143615733046512,0.169016246805135,0.127850106848597,0.175984196467454,0.0951322652943723,0.155167355903218,0.140823667365452,0.103215088124571,0.167524847160309,0.133335265313619,0.148578122901211,0.245545710165445,0.153303751379182,0.303334145729166,0.114005154023505,0.182530541062722,0.123385538502167,0.324003392079554,0.158724434302878,0.175354883820805
"brevialata",0.164468117181899,0.202542687867257,0.132583131797176,0.180565586983687,0.253295142765765,0.0976595537134168,0.202872717589373,0.172535941853597,0.13381582675718,0.28598199098235,0.294186638440149,1,0.230609280520598,0.164501724145217,0.165730672688137,0.152725154227438,0.161731942894082,0.176582020615526,0.137712147545564,0.122824392654911,0.230879322845826,0.122538592732226,0.220158067102691,0.173252735204437,0.161427710316407,0.294055311660875,0.110014255200608,0.221460868608454,0.165635412327113,0.176447954385816,0.185469385314574,0.24152185681801,0.203165077657545,0.165165629367723,0.323387487112676,0.0898600298649518,0.160261481145398,0.137518396142356,0.141268846112617,0.234691315087437,0.275585970881282,0.15134981320102,0.155351305351637,0.162634107529907,0.153351330683519,0.171104228137664,0.262164215588306,0.16640792154396,0.345060706567407,0.268861439741141,0.142659222772798,0.140546232467515,0.239285647876634,0.119559133011075,0.148612606467501,0.179631635817913,0.115618538279446,0.126984528652469,0.275674092400099,0.246381605741097,0.13596939751775,0.177050505872432,0.195229681745702,0.159074793892238,0.127976051582183,0.222970932441159,0.127654887330637,0.162159318176168,0.16784880797077,0.18050332683744,0.258858014429335,0.134534885697965,0.150447066874272,0.152715017005769,0.103607970201397,0.174566462828253,0.164823109816469,0.150719617446675,0.146406013552319,0.176558763409733,0.15151404277606,0.192598471050266,0.119379370132864,0.17947483112883,0.137801521458976,0.118979280510765,0.185043560975173,0.146397891000961,0.197130295653275,0.256271535148522,0.155463379233384,0.292766579060238,0.114862665125027,0.178102356836598,0.144208927846433,0.311103695125488,0.157018031846286,0.200837721964213
"brevipes",0.158621692462956,0.158151727910079,0.110269749398475,0.186242794609938,0.247767129092229,0.101396388613136,0.167458726332028,0.185350633942697,0.117940966748642,0.20140371917484,0.232676502545511,0.230609280520598,1,0.132541925995235,0.188796837574076,0.150622953752171,0.144409084228666,0.129631953947637,0.138867736506207,0.132719589262988,0.139065630230957,0.12296297562306,0.177524690172763,0.222473279009683,0.107336140261283,0.228477993386616,0.138896183987891,0.154358018547822,0.175035215109017,0.166076699709342,0.18152059342397,0.192087714764912,0.181131147254611,0.143625693504063,0.248805670574287,0.0719334966692176,0.128159739592765,0.14683597478677,0.134019821914046,0.155180709976817,0.198447578797522,0.15692065467619,0.119532830928914,0.162539106104703,0.159719757313066,0.168205249504167,0.202343320512502,0.155846437246846,0.253353089197212,0.272671615190239,0.151827112675696,0.134596374983917,0.173239584796328,0.122980800047665,0.136650106625082,0.107480200878087,0.102064824001462,0.094446128278766,0.260916629063025,0.130844556228683,0.17320264089818,0.125940074759484,0.170647883107991,0.135080411456254,0.150205390142743,0.173283082986044,0.151012510931468,0.123893342664028,0.139137030229661,0.17046958495718,0.263657570240213,0.134497782378348,0.15927144751937,0.15480355969589,0.0893368069128601,0.173572927660722,0.126099184501506,0.15426417116283,0.164324835596656,0.167463401594402,0.145203389460564,0.262194615132956,0.0959805200535569,0.140438506414056,0.132046037330945,0.0885010811448578,0.158545279985865,0.137602935128803,0.148838995352937,0.200857301254622,0.155942358816877,0.263601924483307,0.102628592961177,0.187832692515243,0.123659985750663,0.198141617916564,0.158889717394578,0.170674573642418
"capitata12",0.193914120441408,0.271570019965493,0.115028001853365,0.240347870225564,0.177691483794784,0.139725678549202,0.232916511311069,0.213319507156748,0.186995842778758,0.111802583748048,0.145388695192764,0.164501724145217,0.132541925995235,1,0.2370280333248,0.203689761422883,0.15975356675195,0.185050582833676,0.162449142855699,0.198187361207756,0.245091127858793,0.147373526743395,0.241729385086986,0.222206593409098,0.128196425885255,0.196010773142043,0.155102187801838,0.186133770839059,0.191885562544398,0.15858974640077,0.200679885732879,0.100301459265501,0.214377325285837,0.225227177041697,0.210744624641522,0.0852407496722822,0.135892727519063,0.144174248593171,0.144134879776092,0.205061359572238,0.185008960783155,0.177984585635843,0.172034898623371,0.177818166410951,0.17037640450824,0.184787392179692,0.0966784892724314,0.213184740414363,0.171972983338288,0.13610049923473,0.163463622902012,0.164050567713685,0.254046511280023,0.159043983752412,0.117446651998228,0.166968120283733,0.0971702963528827,0.119205003081255,0.170326119454604,0.231856030538965,0.148347607839846,0.183563225876401,0.188908771878391,0.154199603374038,0.218823454504898,0.248997207477568,0.207429420375365,0.179197810915257,0.152216057052854,0.22187678781848,0.144153566328463,0.173879232553722,0.17872862502213,0.159006801090339,0.102756891833767,0.195394440925058,0.170037166175752,0.14470281419533,0.205727072605244,0.242241410886713,0.161543507005555,0.187578506561697,0.113820516925057,0.188714344423539,0.153760988387084,0.133882641843497,0.216152457369559,0.15092747211186,0.207269506779006,0.121120033987562,0.18138660611248,0.14986881095912,0.109589884502885,0.196665045586703,0.127605595094523,0.109755283976898,0.177574958793535,0.196066315257031
"capitata33",0.242373045275687,0.307494393441401,0.125060393398676,0.328099781989887,0.313543823002959,0.165820138182674,0.320374515266352,0.303838542598486,0.232079298953002,0.147772757383726,0.173692219781782,0.165730672688137,0.188796837574076,0.2370280333248,1,0.213291916124046,0.191896356715784,0.236171950596832,0.222482920214707,0.148808224949907,0.19241635612545,0.137700897528567,0.280045955468862,0.293033756971903,0.199023881499438,0.229561068463633,0.117174101154787,0.209896818453839,0.280622556715109,0.246914217299676,0.270808072934627,0.0914164327322128,0.317877234377368,0.178039264320008,0.206765378386577,0.076171539494857,0.145142538173995,0.145532962457852,0.16056224765611,0.297689943787648,0.241665379638886,0.206814065321028,0.266254278595217,0.273935014917194,0.365250905659771,0.250269015943597,0.10203870900651,0.255640179842926,0.247252001053927,0.13821113200781,0.153718986331237,0.227007247541683,0.201405449579968,0.167673170289,0.220431144983574,0.135653751172804,0.129080410643827,0.142101248348228,0.311387678665138,0.225371306663193,0.155481479596299,0.171609799695937,0.202184325594375,0.198444487169446,0.236241063929415,0.347662965872484,0.338679002800871,0.223387652634014,0.160019058103736,0.34390587353084,0.131794569777631,0.272712121684185,0.242285831823548,0.154655537517407,0.100661059057497,0.284541754567477,0.22106478535463,0.196823629537359,0.300255949660148,0.413101134445369,0.203922218601372,0.28369194850223,0.147071066028599,0.314355631956332,0.166921138582227,0.132725210059416,0.229626221561114,0.259732300011881,0.300669802455186,0.133160992681634,0.257268168599164,0.236918071431114,0.234770625524972,0.26825932979291,0.199760394299338,0.162045935990458,0.231371428443897,0.265273989124832
"capitata35",0.204384683102879,0.204476737481127,0.114210077320537,0.227385871818513,0.173805366347901,0.104666206625986,0.198024245684895,0.211624739009067,0.172418045703608,0.112937516435674,0.122678175071487,0.152725154227438,0.150622953752171,0.203689761422883,0.213291916124046,1,0.160624422253891,0.168628515422379,0.174981749891512,0.131435742274787,0.199335763526068,0.272719682771516,0.215010650204942,0.220500439025347,0.133827707392995,0.134603844813705,0.122565246424338,0.170556004121622,0.198830971723966,0.180743913243088,0.178822934467263,0.0824146272618857,0.218221110646989,0.179324972896011,0.177036989058565,0.0856189094253884,0.148888606455854,0.142048246130963,0.144009563095221,0.199922130455784,0.143487130879342,0.180570754103623,0.164334666995802,0.177486602402841,0.191776310211777,0.161023669527818,0.106234537996753,0.203498407227155,0.173268856786126,0.139839403200633,0.145896489145516,0.15616517954948,0.197487249386732,0.152852819972276,0.145011169439553,0.15011554086474,0.124947856192342,0.130962555416053,0.198931867774552,0.20330823350172,0.121527310391865,0.13202910305116,0.173479759117947,0.152183367975902,0.152261230203615,0.243741771029155,0.198809720597,0.139356002515778,0.163950803782541,0.300298606391312,0.102262230189159,0.16799538695606,0.171117400151743,0.1483583657571,0.0929555034407496,0.250526564831564,0.192159685911428,0.139287177760242,0.198304389531954,0.228857902584448,0.147312104393987,0.173746494534246,0.0938914215306113,0.19331895774111,0.20050705274135,0.104613975380242,0.212735537678124,0.175870505888725,0.217817127370343,0.107070689885265,0.187710673212648,0.15998657985146,0.121441134463188,0.220980227957721,0.133221360472248,0.116939125791984,0.177999013005958,0.189037436826636
"cayennensis",0.172679592328415,0.230978212253669,0.13737263989376,0.255531370088018,0.177619449855983,0.129728162250861,0.212254972269384,0.226287695158674,0.135080358887842,0.114023101276697,0.112520612639079,0.161731942894082,0.144409084228666,0.15975356675195,0.191896356715784,0.160624422253891,1,0.236123331343927,0.248549362239216,0.154249815472553,0.15510202430775,0.115695944916001,0.193916387304547,0.240854468606448,0.189419752595807,0.145133051654208,0.177992491599453,0.203462461541677,0.196161856095003,0.199325225929218,0.197051561069492,0.109115408480607,0.247095841980114,0.169377341928922,0.158331996035842,0.0714256438705496,0.175810623193505,0.126899943151493,0.166748664607711,0.210637876666458,0.12057644217655,0.189378024493797,0.186300573022431,0.21245023485678,0.161041943771203,0.20905064575978,0.0936494920739683,0.171516565796669,0.20898308976651,0.126877342731446,0.146578742266678,0.193281918361104,0.171057371111937,0.124398221435941,0.176435593814999,0.126817558419702,0.122115196485145,0.107324738250331,0.187456836929068,0.15263939895943,0.116023279191137,0.166003993333965,0.210660725465953,0.145555018262514,0.156602095468916,0.231922847046788,0.152375002304895,0.151790182984031,0.186853667655465,0.214444238968075,0.116394257637105,0.198970741097899,0.217131758404338,0.172512552745679,0.0865285589826012,0.208992049318244,0.157543440051062,0.137075633104513,0.183104842449252,0.215949796710215,0.188805741332731,0.230943673143981,0.136951701687954,0.25557282288331,0.121705137954557,0.0916514074319135,0.191931215751621,0.180455423266342,0.226578926773033,0.106731161091727,0.165269498974792,0.145833985625927,0.21830775088953,0.211281799118702,0.157694470484562,0.167630528861453,0.223677167518935,0.202479314128857
"chartacea",0.252194887675093,0.327230368714734,0.156783996855326,0.230879735213378,0.216442989822164,0.12030851670961,0.252231906762773,0.239612136662678,0.229179420856644,0.146036346887273,0.158369336738181,0.176582020615526,0.129631953947637,0.185050582833676,0.236171950596832,0.168628515422379,0.236123331343927,1,0.231793283263857,0.180818237758132,0.255505197041171,0.193764360210157,0.226905070577656,0.263178466609853,0.220230794486366,0.179171182359867,0.158298065953745,0.238966380396951,0.200485347108925,0.1806901425483,0.258695500546939,0.141005713798621,0.299122223700034,0.196171434120695,0.193694591865861,0.125002235429066,0.137454082632294,0.178421310622386,0.148909294156492,0.231223442979968,0.16079628486268,0.1943321857235,0.171258231489,0.271497341996382,0.199487448691607,0.237508700204522,0.143955990040994,0.240959616560961,0.24618816864061,0.228217997952092,0.230225727855105,0.162764169010381,0.266480806179479,0.168118364440979,0.181859718541547,0.153699892544489,0.182072821372697,0.181227250729606,0.174933935397672,0.222406941451286,0.144300074183098,0.25054199003502,0.221777460230275,0.236713286475456,0.186937301933107,0.242017755481165,0.15881557073935,0.237385745645158,0.245080741693256,0.274111318723745,0.1524395651126,0.202917288955015,0.240097049723875,0.149777711157912,0.136843960427407,0.242592134015976,0.241840170413036,0.21912186396,0.206224222692572,0.222690808658216,0.222035639952062,0.251419280552452,0.204193753895987,0.239887156229773,0.180646385605453,0.133406909939451,0.261835313235782,0.165938089668792,0.226019174826643,0.229587732381228,0.174757862978229,0.164751046816125,0.200322568912152,0.232103058764371,0.213586528162968,0.207312831890518,0.188329216040849,0.286968136845794
"cinnamomea",0.190038449481553,0.247339550732081,0.123065233700876,0.248311541975147,0.157066522066231,0.16052455618367,0.226892984594026,0.227924806695405,0.156519878386518,0.110473873967674,0.125094870824611,0.137712147545564,0.138867736506207,0.162449142855699,0.222482920214707,0.174981749891512,0.248549362239216,0.231793283263857,1,0.129658951400704,0.159965481286889,0.0999918300979121,0.264260697139578,0.239300553774566,0.18402571058941,0.143103017153086,0.148573758367569,0.187125111069774,0.195598994263082,0.187930439858211,0.18802805355938,0.084875798045731,0.257284323307539,0.160691252266337,0.148205390630316,0.0730283979586151,0.129328364045119,0.128738661668905,0.205771480253847,0.334401420303801,0.148278292589102,0.167688591288621,0.269216178379188,0.240196820391606,0.208697550674779,0.183852126272671,0.0894603495070859,0.187047190585751,0.183428897058316,0.124797606971839,0.148408303653061,0.183217177071748,0.164958502202757,0.128175253059162,0.184982718928835,0.11299235250597,0.128808802538791,0.138112768292603,0.201594207062419,0.166625305749432,0.117383234376375,0.151801953292662,0.178497772403874,0.149184167238027,0.190679666804283,0.237111318287231,0.160961925186436,0.123920042444345,0.189988414650739,0.214026650342185,0.124271615026164,0.172025336591109,0.183207478298024,0.164232267824554,0.086151595599231,0.207929998113762,0.164323334440333,0.154059153888252,0.221188855819733,0.240221044922241,0.170581441256771,0.259401445793805,0.11712554736011,0.261633936822079,0.135433301061135,0.106616003735504,0.176998132446762,0.237475968594863,0.210861439576496,0.119587473250042,0.195266440281362,0.153602204694909,0.196184387787476,0.199096596913919,0.169258174407325,0.195036705727143,0.194151582761222,0.191693274579643
"cocleensis",0.153776581531882,0.214475210023113,0.122223580957794,0.164882504538768,0.163959470903652,0.116840819093811,0.177918213626887,0.209130602986983,0.153481405957136,0.172965857705383,0.172232988741097,0.122824392654911,0.132719589262988,0.198187361207756,0.148808224949907,0.131435742274787,0.154249815472553,0.180818237758132,0.129658951400704,1,0.178245935155333,0.15784565943286,0.168070509949301,0.213086539717869,0.111880207383223,0.149953137134977,0.119751318814197,0.157621429960031,0.163130096111247,0.186794332679669,0.189292626965214,0.117520567062123,0.212769546760984,0.159725623684484,0.162933821864584,0.080921273054621,0.106411428371228,0.116783028190958,0.166488789542676,0.143045158576491,0.120681593621742,0.181374976282589,0.132860962708075,0.184180989951249,0.191645103044937,0.171550427860177,0.0953810230912918,0.19287199241009,0.18235399827162,0.132719332830936,0.183175906343309,0.124414398590142,0.185484313766594,0.170517277379163,0.127170156259086,0.12905175652939,0.132154148333863,0.134226942454638,0.144419693264221,0.157601920970275,0.12774401500113,0.184852796620695,0.211599633194031,0.171185897615359,0.168739939478375,0.205303261202672,0.129871405650332,0.1456585962471,0.149625942010635,0.172445225741831,0.13475074970405,0.154750745702725,0.177272108018728,0.165497056169464,0.105151283687113,0.230578721301543,0.13827416219423,0.173821013856016,0.19238510015608,0.156916081317724,0.168034556496551,0.192553697065801,0.120824397328673,0.135602421047617,0.166998377449697,0.115503403334321,0.20387991381984,0.118989972450879,0.143017393149248,0.139455430369211,0.17756425743967,0.151706912620003,0.101625319771693,0.16841739118597,0.128142198973607,0.115899442378983,0.160685526232441,0.20160713763731
"cordatoalata",0.249809865531764,0.293742847846966,0.184546138245878,0.235538252390994,0.183084522853055,0.114775378072333,0.223763926689579,0.21193391333522,0.208454479209501,0.1331664943383,0.140042600260163,0.230879322845826,0.139065630230957,0.245091127858793,0.19241635612545,0.199335763526068,0.15510202430775,0.255505197041171,0.159965481286889,0.178245935155333,1,0.194903283660024,0.234320189797322,0.221874401740827,0.169085210809609,0.163498346963162,0.139385971638535,0.233656199030761,0.218224973786545,0.194855668236897,0.229790673000047,0.206264943954502,0.281942407809485,0.216103453241903,0.240998091949424,0.1562459075099,0.152150323693961,0.15589155780606,0.147113482504669,0.247283142970595,0.148099946553147,0.191866812497777,0.152233263734825,0.22656191032168,0.18102362712944,0.221766904297187,0.116708658261628,0.266464300589825,0.1915364630628,0.162105305907766,0.212820062779015,0.151676967343983,0.306784731929129,0.199151814279636,0.147030022331947,0.205066522005645,0.161805505169487,0.17998991800843,0.176515969878213,0.284250272532325,0.130677791691419,0.240371833635181,0.237124773270533,0.204257015966597,0.175350147531351,0.273560510691996,0.162184713964927,0.206209443996733,0.198905121669846,0.224886003551305,0.146236850861528,0.169810095515998,0.193834607381098,0.171780806048897,0.134245129512175,0.231595468733351,0.204199945268231,0.193602475948209,0.194696167780719,0.227255540679439,0.187727575443319,0.204649238970372,0.161759516228878,0.17452166474634,0.202956168015036,0.131487363918845,0.270757888808931,0.185549748219215,0.228784419360982,0.185556161947051,0.207190822364833,0.161522512036076,0.112869407220209,0.214943573453922,0.184333154350224,0.127123718981605,0.175789938918507,0.296094967477795
"coruscans",0.176029597429942,0.26335158780988,0.130872424178946,0.160301827972691,0.14865650739984,0.118383170532075,0.220279221007716,0.174642038640413,0.296449893014604,0.138989809106332,0.123946512033591,0.122538592732226,0.12296297562306,0.147373526743395,0.137700897528567,0.272719682771516,0.115695944916001,0.193764360210157,0.0999918300979121,0.15784565943286,0.194903283660024,1,0.157141309890914,0.208614162651996,0.119176458077773,0.119624967373115,0.110842026229921,0.255366159529105,0.157443340363134,0.171059460323633,0.279405132860234,0.136519145847583,0.187300739868806,0.138624620663753,0.164129838422124,0.2360786082332,0.0984680202436716,0.1487677135455,0.113076428144946,0.148504283599493,0.136470046495388,0.141903837431644,0.103231916359743,0.175605583246766,0.12819702300861,0.177254336505775,0.147207983550089,0.264062365055255,0.205816200652159,0.27046745712584,0.144749940355469,0.111019643996886,0.164641935039384,0.126160083894627,0.100787518232107,0.120948371056671,0.263083567980819,0.260894525202352,0.145822148701777,0.137875333258436,0.101691703349396,0.334885784395588,0.219779236860002,0.339691173239408,0.123658573260776,0.159275384717031,0.145200952021133,0.334310281980776,0.173396364625091,0.302018700098684,0.129111996626865,0.140833312035902,0.165340222841385,0.11652816352427,0.137543415356695,0.157008160916727,0.386513993302213,0.130567191431327,0.128103278964747,0.167810783069702,0.13430492193286,0.13396650663334,0.236051982959819,0.118782382469237,0.138747180579456,0.156296474884329,0.219689223492746,0.117135255084203,0.123020866748936,0.277135479083987,0.145532889079907,0.104186659309829,0.080291678361794,0.138364580049485,0.324372149308936,0.126635422689613,0.153481354117621,0.264468323473154
