"","acreana","acrocephala","acuminata","alata","alba","aria","auristellae","bourgonii","brachyrhachis.aff","brachystachys","brachystachys.aff","brevialata","brevipes","capitata12","capitata33","capitata35","cayennensis","chartacea","cinnamomea","cocleensis","cordatoalata","coruscans","cylindrica","edulis","fastuosa","flagelliformis","fosteriana","glomeriflora","goldmanii","gracilifolia","grandiflora","heterophylla","huberi","ingoides","jenmanii","kursarii","LA17","LA41","LA48","lateriflora","laurina","leiocalycina","leiocalycina.aff","lomatophylla","longiflora","longipedunculata","loubryana","M18","M25","M27","M30","M71","marginata","melinonis","microcoma","multinervis","nobilis","nouragensis","obidensis","oerstediana","paraensis","pezizifera","pezizifera.aff","pitmanii","poeppigiana","punctata","retinocarpa","rubiginosa","ruiziana","sapindoides","sertulifera","setosa","spectabilis","splendens","stipularis","striata","suaveolens","subcapitata","T18","T21","T29","T50","T51","T82","T85","tenuistipula","thibaudiana","tomentosa","ulei","umbellifera","umbellifera.aff","umbratica","velutina","venusta","vera","virgultosa","vismiifolia","Zygia.mediana"
"acreana",1,0.251257481323893,0.152567151028712,0.235878763352291,0.26568890134907,0.192083705710598,0.162125171934621,0.140506438042421,0.275625352956553,0.144514601379807,0.215141485624745,0.124380849185833,0.130125002964503,0.339438155318879,0.251375721234872,0.256274006252594,0.234663834457398,0.257141714087701,0.158080001461801,0.232943284100299,0.245949516774414,0.240823610349637,0.238440814815654,0.311040702776638,0.150844605346867,0.200520782164208,0.118480168675865,0.0962706111714654,0.187516746498004,0.22794285135311,0.181328039480604,0.0985345872500597,0.215571406510561,0.208396664300467,0.21094591198756,0.192070049754571,0.214038127253726,0.1934182286318,0.127384412476209,0.219038625958637,0.164024332383575,0.163330877373095,0.0611307908462498,0.213309731250568,0.252368868619135,0.126914097118151,0.15847590859608,0.152385144729366,0.134463139059434,0.155185909776468,0.181694973053401,0.321689884918998,0.228283003588021,0.129835945915083,0.187427371871489,0.155566959633808,0.22844222444542,0.161519449217411,0.159243300224728,0.148129575729238,0.220383795306158,0.159874719461774,0.16929545690469,0.286242352718495,0.233422113602665,0.165887679212284,0.216289470878202,0.286005592940661,0.0933649620797976,0.237490404993016,0.185547061052679,0.1011381040807,0.20088336818693,0.183270168314026,0.193602273920917,0.238411416850764,0.178932366979188,0.184105852912671,0.188790624763733,0.19545942844343,0.175588284431807,0.316906738930058,0.21131735101445,0.180670171934851,0.0890311580917159,0.176168945261855,0.261528758806185,0.188577108575597,0.108809380085399,0.204008389205415,0.0864850248776106,0.155345020675454,0.128475935372849,0.245486020420157,0.262542893231776,0.0834246048438757,0.228085056517908,0.275686595463985
"acrocephala",0.251257481323893,1,0.166467598370991,0.230830715739689,0.251821029991236,0.242001472959306,0.196636402493837,0.144037948827179,0.225221588202444,0.151108238953953,0.175128230244832,0.113020673447156,0.147727591461697,0.288102453916171,0.224048111772877,0.175094129887454,0.294477576888869,0.333705446730045,0.155111333079569,0.227200620359652,0.251689382512399,0.272625707077032,0.242455070191819,0.288019088641333,0.187456823247673,0.217820793196759,0.122877569935921,0.122495635992825,0.173868626519885,0.215604501523013,0.225637763700022,0.115328341710438,0.253811397266742,0.174930226358885,0.186801532828922,0.186088529160726,0.203200711082325,0.233202861040945,0.186571546922436,0.208834570744993,0.149574844785575,0.200369842355636,0.0863761002388157,0.249133269352097,0.270227734508757,0.123425439690381,0.156907741120066,0.157945722957657,0.153726766600356,0.246512421962323,0.255006943432618,0.18588313209794,0.260588258873954,0.127866316197779,0.193240155140349,0.156686804754266,0.261949593903057,0.134303122837808,0.17373998756042,0.184316315069224,0.247822852002582,0.177227338882808,0.163192564460274,0.262577205749886,0.237297013370744,0.17300223589216,0.257088485152685,0.298307119850465,0.127742140959783,0.220912307893336,0.233802947255372,0.0886148658710173,0.200904918897189,0.198018852725826,0.212633768315401,0.295615786071902,0.21385971744049,0.184310428721387,0.204095407097739,0.300046202226037,0.19040191715289,0.186242383811203,0.200394298003345,0.201857368920945,0.0890420998682898,0.161824334975004,0.266773499951572,0.189119827093724,0.133958971950175,0.184431752080887,0.101796389876925,0.185837271407507,0.0985691608238038,0.337542140220511,0.339745612011489,0.0867765257318626,0.232183181008336,0.269875753471517
"acuminata",0.152567151028712,0.166467598370991,1,0.159410862776378,0.193121595204385,0.128801869267329,0.199302602535678,0.124280729201885,0.161175978729064,0.134102716659039,0.150268806927726,0.0927456585494017,0.130355857230898,0.169209310418864,0.167985385473134,0.16555895711999,0.173922773576909,0.179407862947993,0.176525007008669,0.149128685449707,0.143449216460029,0.181305476223029,0.193491713700067,0.160266175349408,0.186296394769027,0.153669532561939,0.0724024221107535,0.114594759084528,0.160512429574429,0.148112819421718,0.167014696514535,0.11716130500988,0.244900573487596,0.131249866398951,0.17144872694127,0.115834905139111,0.186687781903188,0.189533089519681,0.138401773334171,0.134195285875095,0.133577624622462,0.118224313370106,0.0685478995125906,0.193984585856363,0.159274442113558,0.118824624476706,0.144085049014513,0.154376250743677,0.134487601374297,0.167831916500673,0.108337303551182,0.146241180846714,0.187494839360068,0.0715728868072037,0.147080142739349,0.113479505110186,0.186982143921258,0.145637033713181,0.140729604967718,0.118193272911174,0.162124716671725,0.183791442493917,0.13302446602275,0.203157390278751,0.185212381672367,0.151891458827516,0.128847948838231,0.184370778409927,0.134523325875151,0.153440913061567,0.122493495046281,0.117618341848286,0.160573980137757,0.10785710759543,0.168728186356938,0.164956218777634,0.158173684279803,0.172816329402419,0.146058376286567,0.199832751104867,0.153862941574333,0.150270567943445,0.112245624689606,0.178778204743501,0.0915862236742919,0.153865304388559,0.189692403931163,0.192842540212691,0.101344908823285,0.177971379658957,0.0906492686299345,0.145374031825645,0.0801568023259944,0.122901926698172,0.153784489194251,0.109145946825007,0.197553725846323,0.19417238227171
"alata",0.235878763352291,0.230830715739689,0.159410862776378,1,0.22725418666755,0.174427968161313,0.184566213273818,0.179526443790405,0.205406815858798,0.178914519542783,0.138090650661126,0.119738296232884,0.163763253954609,0.268952435098639,0.208256331958676,0.125750025201975,0.239342397496783,0.272914984064263,0.198623575720548,0.201854918233709,0.215255029886522,0.19335468006689,0.24424205324329,0.195055199052708,0.133747117300611,0.21924390280545,0.150840406143479,0.108304085871338,0.167047835773347,0.211861728160394,0.236123898255128,0.0995244437630978,0.236970774310306,0.167334413018626,0.148662707610675,0.202936125324427,0.160598651765734,0.259604801577384,0.115977062509603,0.212755445609156,0.1481674602122,0.188122847361588,0.0534275986224486,0.226953693226912,0.241384993849256,0.157285100387569,0.131003132830885,0.167780408228222,0.158133453487834,0.185527980410283,0.149695082120656,0.144658978686981,0.311126599588541,0.109701115314455,0.232334078116108,0.142810296891268,0.266288780877839,0.155105447776536,0.180092832918798,0.170058518477917,0.25687243630152,0.177680263052396,0.185338889276221,0.23943623999985,0.242738011689111,0.143970587286552,0.214482629364737,0.315724205223339,0.125244844714599,0.202009193791512,0.12740578941363,0.0787397129605191,0.211923155027115,0.143247807695009,0.223521493678874,0.326042165347978,0.194226552593208,0.170888708898429,0.162002506202331,0.25291232783386,0.187251337438383,0.169312930351031,0.209446445063813,0.188222521015657,0.0812546300278793,0.172987427818079,0.29834881970136,0.218841841489686,0.111265333541936,0.181543908970883,0.106593932397983,0.140063383886797,0.109934535332869,0.186581042196974,0.254648186650484,0.0933661710563995,0.221693993138712,0.30709940151529
"alba",0.26568890134907,0.251821029991236,0.193121595204385,0.22725418666755,1,0.201122368403291,0.229360391554131,0.157297274664345,0.230551937759419,0.29281917578147,0.300749048751948,0.218843344858009,0.271925696789953,0.307107981207789,0.204348636756011,0.205196583534863,0.265048108867422,0.250265255881813,0.175168084012326,0.223671430959066,0.217060226599953,0.211000545750806,0.22347843584966,0.277406650388513,0.164291113096946,0.327365532712939,0.0996262956924987,0.119620153784558,0.178443810368356,0.228908300351966,0.220276269099663,0.216006695402682,0.307705427676962,0.185892892931216,0.291691949673617,0.194960797315848,0.209222729888228,0.216019058484438,0.153025845892615,0.234004407685595,0.260832478202236,0.177704679109534,0.064160469568449,0.237150561744775,0.238378559825378,0.121651593020062,0.291627987761506,0.175223013854973,0.258786323198158,0.323209586761145,0.157509664348757,0.21137743446577,0.257296752224398,0.11414500987661,0.178751044848709,0.154883512372798,0.282580565773929,0.183022011661698,0.309206674566837,0.140349977712271,0.27383323099484,0.169073490768718,0.184407353690202,0.312222912124829,0.233671311463292,0.186584578864998,0.201072985354059,0.332203468825841,0.130350319821213,0.24800108012878,0.284039600821064,0.115164549997376,0.20992942573595,0.155995230612396,0.238089342581819,0.268420748222613,0.250315311157927,0.190237302293818,0.189589056885959,0.26378385019733,0.21071863690421,0.264744993079167,0.180490240032127,0.218393032074697,0.0894841220467614,0.149127721884639,0.234509887760354,0.219323277867553,0.138611278495147,0.338703926677558,0.106758971942947,0.3141027861254,0.0940729394305541,0.220581393945938,0.234854644028938,0.204549664846863,0.248063382676055,0.297957567287236
"aria",0.192083705710598,0.242001472959306,0.128801869267329,0.174427968161313,0.201122368403291,1,0.182997373626427,0.109927585000047,0.182252862557119,0.141910313808527,0.178113133347688,0.0878930796041516,0.166986627862436,0.300038897640296,0.189498896029825,0.180846445864674,0.220254568927645,0.21403331131899,0.159925586322926,0.253228666348625,0.165068684887254,0.179758832931841,0.167785763476838,0.209567039222332,0.147267050769638,0.17711968478126,0.104368708906036,0.114332651443428,0.153551373326906,0.206238417184323,0.176734415121245,0.121103706730822,0.211355038104706,0.146389199681907,0.160992674527236,0.14177875264607,0.199937086995013,0.176667521575102,0.131074146856898,0.192083754054757,0.106458609090932,0.129754998619921,0.0593020233081782,0.173830723742271,0.219321710188143,0.104145902441349,0.132463661271931,0.171657573180673,0.103488409783637,0.157420396319235,0.15413935918298,0.195529236560635,0.225518586619759,0.108187980681504,0.195476783415407,0.127786370420209,0.262229808293359,0.125377073750084,0.160064371476895,0.14857271353375,0.179528539948803,0.185348435361885,0.136709369822615,0.261599086827913,0.191612877685209,0.167667210569638,0.215001177953139,0.213303654497897,0.129338252159233,0.208529436135591,0.161743373589689,0.102356418357867,0.215463473845585,0.167956547365234,0.168061893010473,0.208215914961777,0.216774967041729,0.161700584855285,0.197474765678758,0.217932952649913,0.18038492594101,0.201981048197196,0.175402384883893,0.172171449709336,0.0755153712217548,0.138777178536279,0.233631346689011,0.165308798008478,0.0925301204502306,0.148324141556831,0.0662190526083837,0.12046559596352,0.0909453560543748,0.214266147768735,0.255654420528604,0.0816249367550617,0.244958711744175,0.195922245795108
"auristellae",0.162125171934621,0.196636402493837,0.199302602535678,0.184566213273818,0.229360391554131,0.182997373626427,1,0.127310474881768,0.167951029955865,0.194869873012721,0.142288880902408,0.0917720109803669,0.143772933494657,0.209884822220883,0.15765194331564,0.362308755506936,0.199952150791304,0.180578939541619,0.157166708574988,0.160946134705327,0.168875187819375,0.196256063225004,0.166397485161864,0.270640733384275,0.191624882520597,0.186044775394573,0.0736113864115759,0.154277101995338,0.149282527653594,0.183935008571678,0.188369617299368,0.181586414570357,0.318212615993466,0.150168375869229,0.160338333890901,0.153552245601678,0.203054140625583,0.196642965283438,0.221439347773829,0.174741013372753,0.145789555325039,0.188093572504271,0.118158907833106,0.192723486068017,0.184928725725921,0.110194325354545,0.147189644043131,0.180299958539008,0.12305101460608,0.232696143047976,0.102546899719792,0.14752437050805,0.252798603590809,0.1039839609466,0.164151555655728,0.121712727772193,0.251351226953389,0.109213095456431,0.152004777191135,0.130962607837748,0.161788122643919,0.409974009194315,0.130620320157555,0.320198187510715,0.168004891882081,0.200491498034141,0.15087284941254,0.212334769600294,0.366475123042327,0.172510277419365,0.121691193224157,0.277728528726996,0.195987445412333,0.16139143117009,0.187091442638643,0.170507466734831,0.29484675708872,0.124878787716328,0.156879767095549,0.379963370849922,0.184483304616908,0.200415671413331,0.157355571361746,0.25336174617625,0.14566748217419,0.154506753771235,0.178102573776504,0.151089562934523,0.132502509382375,0.225116703357461,0.106036536783033,0.155651353041199,0.0759749143265518,0.135981792121085,0.199857350057959,0.101405188414534,0.181564082414115,0.205167953472551
"bourgonii",0.140506438042421,0.144037948827179,0.124280729201885,0.179526443790405,0.157297274664345,0.109927585000047,0.127310474881768,1,0.141238846210554,0.089780362402586,0.139220648635217,0.211578260105696,0.13838697393886,0.159916861045218,0.154153864612196,0.129437938065805,0.152812440892586,0.141078294299923,0.113452409712411,0.136944420903715,0.134437301389725,0.161212195225551,0.183701719421699,0.124144718200546,0.141097961364208,0.128824018266967,0.0807584217599804,0.0899360418148075,0.122344966848247,0.128916945950093,0.201092948607333,0.122502335891558,0.152161699693964,0.122223232441541,0.161954613952142,0.122093431189697,0.128232765203689,0.1794897696572,0.129257661125268,0.114056412825365,0.107059590217407,0.162844879041199,0.0469575815887228,0.169770449310277,0.149970303912769,0.149720448637449,0.0962262894887496,0.12737003699059,0.128486862167442,0.10550168106488,0.117043712319773,0.11651931399543,0.183943015312106,0.0789349908566174,0.13714738122082,0.152692344290141,0.186089625890386,0.116857723674996,0.108470879004372,0.101525521807214,0.159695989810217,0.105397204769691,0.143854683003125,0.170399259017236,0.27719050846259,0.102610947000526,0.14437399267863,0.186976221210167,0.0722177706865274,0.1553041731515,0.122861861762097,0.0664783992428794,0.164033300516616,0.0992361030357991,0.212436336774848,0.138621214938585,0.202092810590441,0.177914047016314,0.144525504883423,0.135127841728103,0.112620777597289,0.161566710194167,0.111364738194488,0.144382249561408,0.0741786921243452,0.118849110078162,0.178024840172897,0.127174027886747,0.0781158313176573,0.121476202529149,0.0941700393997874,0.106868259620584,0.0697150540873481,0.13359629732255,0.136693071100853,0.100009472198738,0.170949951540627,0.145980252208761
"brachyrhachis.aff",0.275625352956553,0.225221588202444,0.161175978729064,0.205406815858798,0.230551937759419,0.182252862557119,0.167951029955865,0.141238846210554,1,0.145380202129124,0.21936013917402,0.107537441268239,0.145882405607932,0.283237508415733,0.554815716288735,0.207520530973664,0.225394783620333,0.230631033532257,0.12859817508545,0.209106191287442,0.220035257409452,0.238046937457887,0.216704010241795,0.241907592063534,0.140599658680803,0.14631935171671,0.119838507609754,0.118832013338908,0.166378870223531,0.203398573204019,0.205430080780716,0.159486094991768,0.207926528913394,0.163950418716806,0.186981725082059,0.152684703823303,0.181858813314364,0.173304197418335,0.124716471816207,0.170252594720588,0.169832958779387,0.163746761025218,0.0628156681594954,0.200800586625155,0.213718607754313,0.178350032903361,0.144475271288289,0.179108548946276,0.14046106649845,0.14659943067729,0.14935272624226,0.263650016695641,0.22227945259975,0.11609951320231,0.162752625478615,0.142610162937442,0.215827702405048,0.157950174643036,0.131159742529405,0.163495705496761,0.239653230837336,0.16338637600656,0.145520174844494,0.237324223867586,0.196551105749398,0.143558776461827,0.160570302944378,0.250512991073675,0.124524260352849,0.198298924535028,0.176917826146391,0.131730493412835,0.207854378015093,0.156480429024809,0.156144834504116,0.256769841278264,0.192114762110222,0.187646458298557,0.264753804953574,0.198015814670809,0.154102008266333,0.245484019940468,0.164307683587547,0.17096133525834,0.0861674477761155,0.182793331504353,0.214179376976556,0.194010183468774,0.0975599749166181,0.19665455191719,0.080566567239781,0.211560990344822,0.120405787042679,0.218687729663137,0.19961381577326,0.0726511966569937,0.251297588883216,0.255244186982494
"brachystachys",0.144514601379807,0.151108238953953,0.134102716659039,0.178914519542783,0.29281917578147,0.141910313808527,0.194869873012721,0.089780362402586,0.145380202129124,1,0.330386560370239,0.239950132133899,0.234305916212378,0.169332772967501,0.141798922106741,0.172565704835024,0.197985921619283,0.166580129609987,0.152336439765213,0.152969432832386,0.128526563423078,0.128094930854841,0.15723205127957,0.158353790323511,0.135530843240008,0.324441435742162,0.0659243348376939,0.109113326535604,0.12333916656027,0.137325823715365,0.157193108940201,0.360695402635304,0.168339663671653,0.142200089786852,0.316889499741538,0.183227561078134,0.162957718033116,0.205301482727396,0.11336307928262,0.187818680518403,0.324263521105848,0.144883342734209,0.0483283632703444,0.159755126682796,0.166068818667231,0.109598470572801,0.358387269641327,0.132288732690816,0.25991533559643,0.330959378711232,0.0907582843861535,0.131242633050008,0.227642688669049,0.0689785242295122,0.143730234248928,0.10055175751574,0.206050175216305,0.116474171346801,0.382986360337927,0.116448202136587,0.155512141704869,0.147656922471393,0.10647768154279,0.203302318274831,0.143544023027132,0.138444746694309,0.146973931664928,0.20571813480977,0.135774064802822,0.13887965377804,0.281724420465302,0.0972027218683693,0.135852631831302,0.11179768799488,0.21042144502842,0.159671270112519,0.166558288895386,0.11872533082437,0.143351056847301,0.191371022557649,0.204171226246978,0.159577014374968,0.160712241605766,0.175119480726783,0.0806046945273616,0.114663504333634,0.159723457302558,0.142013356131548,0.103656855357036,0.28370001355649,0.0948806990322351,0.322918476415694,0.062379447173666,0.108704677325985,0.17913770546964,0.326211187997313,0.162460826747038,0.162240351632796
"brachystachys.aff",0.215141485624745,0.175128230244832,0.150268806927726,0.138090650661126,0.300749048751948,0.178113133347688,0.142288880902408,0.139220648635217,0.21936013917402,0.330386560370239,1,0.350593695542598,0.212837529921199,0.264250977493155,0.189165500691877,0.19002689166673,0.181722633199427,0.192381727882156,0.124308980998392,0.218968902178404,0.16006670464063,0.176681493600524,0.176624684928858,0.204135224313096,0.184469180707878,0.312311928129966,0.12357946846962,0.100042407658039,0.159398189651589,0.157711470583749,0.155288190729759,0.303934115844366,0.189099722209547,0.14353847466914,0.396387501910692,0.123719785322074,0.185285887164258,0.162046417221496,0.123190978475772,0.166977403208025,0.322982042562371,0.11558608072448,0.0469557569836843,0.212927636740293,0.150059297503093,0.101514683676755,0.422718028555822,0.159417759735707,0.250377895547089,0.291977460474348,0.139901549012412,0.176399503384992,0.161337761932405,0.0797462543010639,0.166473158202405,0.124635595472653,0.212789866774879,0.133739715670083,0.244785608324882,0.129065217318313,0.178565916460697,0.19505971663352,0.156067755651159,0.216755839468255,0.172367889462313,0.18425099968506,0.152510384023675,0.213333148645568,0.0695496083893724,0.234561946925315,0.333236646941846,0.0954866203084036,0.159153022301308,0.13869911063923,0.128623960092277,0.183846096065902,0.151402980121587,0.140356637804376,0.166210440229657,0.148486610985714,0.161397496458879,0.22521130355868,0.166444888205384,0.158368881562821,0.0739724239130031,0.233337326855184,0.166888021030397,0.175924228137807,0.106435565673184,0.293323468662287,0.0903173606084113,0.366942610872555,0.110840759217992,0.168045740906237,0.1930194328511,0.317837231290899,0.19384970537109,0.202463855429999
"brevialata",0.124380849185833,0.113020673447156,0.0927456585494017,0.119738296232884,0.218843344858009,0.0878930796041516,0.0917720109803669,0.211578260105696,0.107537441268239,0.239950132133899,0.350593695542598,1,0.172009836425572,0.124659226066026,0.107286698481633,0.115619789568133,0.111839354015226,0.114111444584392,0.0869258911336619,0.103304835565634,0.117129272432014,0.144196611312188,0.131477700170842,0.10769805849758,0.133689324215861,0.278242676937117,0.0709780313143636,0.100082431032021,0.0902458545141999,0.102073997896838,0.126245262861383,0.235097531278081,0.115470615933668,0.0818169030688554,0.27195804527633,0.101556438012096,0.108805299685304,0.100098282256784,0.0838289307692806,0.125796482870013,0.253614602026594,0.142856275759599,0.0481254820665453,0.11695111881587,0.109709646456818,0.113978564232375,0.24511308599573,0.110479266081618,0.234866718891286,0.243315709586945,0.0949062202388884,0.11408358343441,0.109526121115451,0.0525649417371898,0.166789370624677,0.13572514992634,0.146290790800128,0.0813593067348639,0.222817626570514,0.084085576103871,0.10608706669113,0.117426009899118,0.106767521546814,0.138308517984697,0.196198186374435,0.0904298099580981,0.119231948553506,0.157703199989912,0.0538961749089408,0.117443306074384,0.24945221864207,0.0847461529703512,0.0997212678932086,0.0946541588190269,0.0961820399934392,0.111961791319496,0.130998641106623,0.144840249026927,0.113348017696199,0.108314076638804,0.0964145855943438,0.13236626087195,0.101995662106559,0.108900699425633,0.0683330780607387,0.0951309399618348,0.12792119828669,0.108894788837183,0.068916190176347,0.233076191504038,0.0731612327129106,0.27476738867305,0.0605586024069459,0.111772706757164,0.106836791907755,0.329036819150046,0.184953250526498,0.122044208382879
"brevipes",0.130125002964503,0.147727591461697,0.130355857230898,0.163763253954609,0.271925696789953,0.166986627862436,0.143772933494657,0.13838697393886,0.145882405607932,0.234305916212378,0.212837529921199,0.172009836425572,1,0.16782313999714,0.128671069539855,0.0888274557756924,0.173633395405809,0.137793372762338,0.160996820578385,0.150550221163339,0.138118128325591,0.128632927257626,0.130679428843765,0.139533021275019,0.13122728845053,0.25447069968724,0.082197196115296,0.091984283555704,0.09620565994571,0.136829972566927,0.153672000918305,0.172621507498619,0.163561179509402,0.15494187412269,0.238389011451607,0.127564093441798,0.104330906510815,0.241069595601739,0.0877166801829001,0.16523677782406,0.203689892021839,0.103428860242354,0.0449701785471997,0.173181425168237,0.176624977562182,0.118300749519449,0.183465344137862,0.102562757468714,0.205987685920211,0.226327078461089,0.10138479376732,0.130169036432648,0.195341707246824,0.084021792034107,0.199615208893953,0.0905533788776636,0.201801339867269,0.11055094642747,0.24134290150395,0.124146496202429,0.149625936616602,0.110467361474156,0.108119860771167,0.157055071259002,0.125276829928188,0.0901827485423344,0.120002155398315,0.199072974056296,0.184624765441828,0.1334776241676,0.20547115202885,0.0961097351241876,0.136017248334833,0.109220271025886,0.192703929924864,0.170797824170837,0.154232976487079,0.125167488200375,0.121870981127677,0.147313254165058,0.158415056629409,0.181899500058282,0.217571524620363,0.135525703575832,0.0702140310205225,0.085107238471134,0.148365376842167,0.134557594631576,0.0853727703475194,0.199477860240008,0.0918616858117033,0.255598408288917,0.0596813175123475,0.109813562175292,0.169834526010392,0.194704207801093,0.193002433892188,0.184929554352415
"capitata12",0.339438155318879,0.288102453916171,0.169209310418864,0.268952435098639,0.307107981207789,0.300038897640296,0.209884822220883,0.159916861045218,0.283237508415733,0.169332772967501,0.264250977493155,0.124659226066026,0.16782313999714,1,0.247196697996554,0.306626270900276,0.265426415172705,0.259785500496591,0.17456105924598,0.298576618061041,0.270795640890937,0.293701800227867,0.259532080402506,0.297382619197211,0.165098220028728,0.224606295050211,0.119333390123943,0.103745121828319,0.216683624376342,0.261689224207829,0.237574989301588,0.120766189842344,0.25876875590956,0.254232264213534,0.205575537046829,0.182313733366148,0.260499494150595,0.280576849057453,0.158222120413508,0.216320847652451,0.157805463608934,0.175079502190537,0.0822303396238542,0.236622058909604,0.255861521086655,0.161296453209938,0.16888722946362,0.199187815625293,0.149459536000756,0.204480114163809,0.173728946851525,0.250120399256017,0.313115020607894,0.125367379857245,0.246573724555382,0.184966240701819,0.286372920754472,0.148635008328885,0.177058050224345,0.173641090999698,0.307208978731717,0.20051102248465,0.207114167368361,0.310691237440485,0.26332903241167,0.246209926037282,0.269111369436879,0.320232357900761,0.126154672170461,0.330855053885899,0.179524523437752,0.128661113217786,0.22693040927183,0.196975804643012,0.208699184155003,0.274881437763758,0.226471605698874,0.179701438364485,0.213044118640232,0.250780443866498,0.215848935009102,0.295757874896768,0.241443501473734,0.26349331070251,0.0981108434828024,0.252021835785371,0.274575674889042,0.231476212020617,0.151284142768359,0.240426726076781,0.101495122340924,0.169109518251979,0.135703301923581,0.237422006586323,0.281581555882945,0.106554223746433,0.260481964011317,0.301252049787137
"capitata33",0.251375721234872,0.224048111772877,0.167985385473134,0.208256331958676,0.204348636756011,0.189498896029825,0.15765194331564,0.154153864612196,0.554815716288735,0.141798922106741,0.189165500691877,0.107286698481633,0.128671069539855,0.247196697996554,1,0.173016291546424,0.232495680562679,0.22622861104303,0.155505690710931,0.179605184882731,0.200120810124505,0.230285758589339,0.221942315070521,0.221162440199797,0.159336980136214,0.16866761127538,0.0977703102708091,0.110598701272962,0.193416802665175,0.182044680126459,0.227926336865778,0.14424265494188,0.212310906411345,0.166641574861856,0.182109469836403,0.148595667041604,0.195209500834051,0.206917033480624,0.132633346049323,0.166859934938614,0.194281530276749,0.17034070672487,0.0633449403465201,0.232910608653593,0.202673937338445,0.154957320220446,0.138813075630137,0.171943424432407,0.152998435708442,0.152231211334874,0.168436974538363,0.182153413224059,0.235091919289662,0.103375939827206,0.157144709889307,0.152098112977616,0.209267881490833,0.157370185549813,0.137548989244698,0.171952653821739,0.225074204289193,0.165132256712022,0.148219892318135,0.225032288142643,0.228871663089691,0.141447950255515,0.176591271768975,0.235386728456779,0.114430353391776,0.196543378507276,0.175678368706148,0.099256468782932,0.213180760277843,0.154362839138028,0.169165798966148,0.226360081202869,0.196616872636986,0.178523766253838,0.229897994890227,0.196038072908072,0.156099912589761,0.208361595162115,0.155300012342939,0.162972480091701,0.0782718029404024,0.203738240242278,0.229527035150668,0.196213696122513,0.104711840954006,0.19321340728271,0.0959019821795507,0.160043422890591,0.113163283191992,0.176304737107764,0.21198187227002,0.0885805853954173,0.235465624745613,0.238423498006982
"capitata35",0.256274006252594,0.175094129887454,0.16555895711999,0.125750025201975,0.205196583534863,0.180846445864674,0.362308755506936,0.129437938065805,0.207520530973664,0.172565704835024,0.19002689166673,0.115619789568133,0.0888274557756924,0.306626270900276,0.173016291546424,1,0.166221149560403,0.165082306070116,0.120602539722052,0.144749788557208,0.154921280955371,0.240939508892145,0.168327756196013,0.29054738001874,0.175346165763261,0.117942906563644,0.0800470724974225,0.139924505801944,0.165333618241851,0.167365326690944,0.181517314439733,0.164781516287029,0.229765035966859,0.117251280385265,0.15591045686885,0.110342379566086,0.204734282953686,0.123748663430908,0.189986107469959,0.145159694670678,0.131810514842131,0.152718386321553,0.124440489854241,0.183127859627737,0.139971250860799,0.116595347569217,0.165510985810762,0.160911868850035,0.116011424550655,0.163375550270293,0.104015284974126,0.235391054022373,0.168237518718634,0.0778799922865105,0.156701969396207,0.118928015993114,0.190075579335407,0.116850606824615,0.11732257146215,0.122679664330197,0.159999598078437,0.434903217442669,0.135765414254139,0.237633025086762,0.177307130541972,0.198548661079669,0.137035869628552,0.174424369288888,0.414980179771414,0.156972787681275,0.121610315081488,0.227771134109269,0.171583428294807,0.143001748194431,0.122271004878802,0.166440832271487,0.256889960445948,0.144283077372888,0.152615491511053,0.359927708006801,0.156561416352218,0.301306033668282,0.122939823783396,0.223815572826669,0.138270293687927,0.131143259658979,0.150602657543106,0.143786845703805,0.112159812935351,0.17421299711237,0.0819589051872822,0.133247287519079,0.0832986084675993,0.158343866451974,0.159242548784001,0.0842682260006141,0.179334998316539,0.169683328053146
"cayennensis",0.234663834457398,0.294477576888869,0.173922773576909,0.239342397496783,0.265048108867422,0.220254568927645,0.199952150791304,0.152812440892586,0.225394783620333,0.197985921619283,0.181722633199427,0.111839354015226,0.173633395405809,0.265426415172705,0.232495680562679,0.166221149560403,1,0.201116389526069,0.214219887731421,0.272307003454829,0.216536980513126,0.226121217510816,0.195672273059014,0.264757129077561,0.19860847836976,0.276583612630424,0.0869193661589216,0.111564399381959,0.187599627051013,0.22443509846503,0.22167499057038,0.161643579655084,0.245759644713587,0.18246398497229,0.16842940055898,0.206207864167459,0.227911878927972,0.283001892096471,0.151611843901916,0.262229506109473,0.133874629140395,0.143102873905264,0.0611389374700357,0.232168065881038,0.287614580943984,0.15691568942886,0.162405757753619,0.184051319380214,0.140613020049353,0.223788402337089,0.195614338831904,0.17146611030478,0.330793721064152,0.109472002046191,0.222288265686955,0.148792244104997,0.285620560723093,0.137762694663807,0.186909280973298,0.153751951877752,0.242333730617929,0.160891530501841,0.181252851930258,0.277965450876477,0.202595965134618,0.142884864384718,0.206844631101045,0.332879219691868,0.130773297015453,0.185244244908896,0.189620400228521,0.108300100920549,0.181955044114878,0.158859832401097,0.226912554763997,0.257172048605549,0.228661604731046,0.177978556364323,0.216829223988143,0.282720759754456,0.226075426634994,0.190715926335416,0.221284708731589,0.234460879539574,0.123452881540024,0.163210827656111,0.229938646406937,0.24785104878974,0.142227890956583,0.18754585477981,0.0997069759571224,0.21797586603335,0.0900449672441065,0.20919365089059,0.365293736785847,0.101494071197373,0.239538780485425,0.252382753292255
"chartacea",0.257141714087701,0.333705446730045,0.179407862947993,0.272914984064263,0.250265255881813,0.21403331131899,0.180578939541619,0.141078294299923,0.230631033532257,0.166580129609987,0.192381727882156,0.114111444584392,0.137793372762338,0.259785500496591,0.22622861104303,0.165082306070116,0.201116389526069,1,0.198786560145341,0.193628878318131,0.232169005018393,0.179425567777651,0.244010418428911,0.217864113119987,0.172879710439219,0.182330702096771,0.122596455088628,0.115407968569006,0.167116223284926,0.201178767024778,0.207294217326799,0.115636158336257,0.235643338858176,0.164155608820885,0.17517537653671,0.179826530331779,0.189117924860187,0.198113245050911,0.12531599767007,0.17972969669398,0.150866101603998,0.152368046035467,0.0618072765110234,0.233841746150157,0.193860132644369,0.129090035529739,0.167900929903056,0.175028822653716,0.146207768515659,0.155318905847185,0.150661734581553,0.190508695524119,0.287129700273441,0.129632788144402,0.225553659545396,0.144968172018893,0.208662832111687,0.145699379418368,0.163473580943815,0.179237474975492,0.23803905299005,0.148732253202786,0.17235101947847,0.248185632909087,0.256006284144003,0.167202718394093,0.190627718498261,0.271862767872617,0.104973909235604,0.22588610214168,0.15530096692205,0.0785285036652722,0.21703108888887,0.142929714303765,0.199900538186764,0.251646817941146,0.181813657545773,0.191605328886946,0.168727498545865,0.188726695800747,0.14902829285243,0.193696672760659,0.163283760913926,0.184890671498386,0.0811224477606207,0.194473725190088,0.306596614986144,0.189977229666898,0.108957114055253,0.179868614873608,0.0929327226127229,0.160760007591141,0.101104306809437,0.201876085126535,0.204950866992815,0.105748586913654,0.237903711726385,0.278560517018459
"cinnamomea",0.158080001461801,0.155111333079569,0.176525007008669,0.198623575720548,0.175168084012326,0.159925586322926,0.157166708574988,0.113452409712411,0.12859817508545,0.152336439765213,0.124308980998392,0.0869258911336619,0.160996820578385,0.17456105924598,0.155505690710931,0.120602539722052,0.214219887731421,0.198786560145341,1,0.140017670747081,0.126869115747082,0.156569725538686,0.173177856004961,0.170847578903284,0.125475652087711,0.175520982363343,0.0792123496843345,0.108545276681329,0.129964892465137,0.143005309972113,0.161508600895015,0.0788865363385731,0.199817701561468,0.132504087737547,0.127921216856485,0.169591305201597,0.165060668714375,0.192711217825256,0.116987637409932,0.247661639181013,0.125071555305847,0.111433611102521,0.0469891225797052,0.15480979113428,0.166796730130742,0.105378452430461,0.119596057696027,0.138542788058594,0.100853495717465,0.149970480477576,0.0984938101079078,0.121267242997415,0.245040645307487,0.0730741518081577,0.280678370570162,0.0949898691103646,0.252931343691078,0.113586443269786,0.166807423648592,0.143471650357953,0.144950615455557,0.118968351182416,0.1213939516714,0.191178647406011,0.163979756395721,0.114413421199045,0.15097775842612,0.185611316377246,0.10774271139022,0.123665588388952,0.107299718218245,0.0567381150916188,0.178392873738981,0.0964971443016548,0.199794070522451,0.155663793310318,0.161846619670749,0.127141309449102,0.125581185726655,0.165040355257141,0.179576609962944,0.121294567894317,0.178779349639287,0.157972200961465,0.0710249326146824,0.132402867227937,0.251473462959046,0.154564896950088,0.096881690683687,0.155012143572911,0.0708236593570147,0.122454637861968,0.0852495998731313,0.129679731127296,0.177755813235879,0.0807927446859627,0.155537402213878,0.164822795741113
"cocleensis",0.232943284100299,0.227200620359652,0.149128685449707,0.201854918233709,0.223671430959066,0.253228666348625,0.160946134705327,0.136944420903715,0.209106191287442,0.152969432832386,0.218968902178404,0.103304835565634,0.150550221163339,0.298576618061041,0.179605184882731,0.144749788557208,0.272307003454829,0.193628878318131,0.140017670747081,1,0.207323993411548,0.197864154342175,0.185925410728877,0.17897602461297,0.137460301783863,0.226185908711445,0.117106663147301,0.0813203319278381,0.161279444604896,0.229589772605101,0.188940234618575,0.0924598627013578,0.204103104513488,0.218249341265439,0.176617822139923,0.175710756379715,0.194060219508206,0.234593102403387,0.12999684762654,0.219039211698572,0.12284036527646,0.137120044443944,0.0489103203408518,0.190652167107225,0.382888586824187,0.105089153403137,0.180303510469806,0.197022752216984,0.108062757113419,0.196727247007251,0.147387650736267,0.181021520041909,0.25679446513592,0.101800836405587,0.190342220289762,0.150987927988011,0.252872454396089,0.121726447563458,0.16973098731317,0.137466246316268,0.222593352978292,0.169474446088428,0.153619291137337,0.285096362355834,0.190379450313887,0.16099720927913,0.184949650558424,0.29837734045102,0.0921940113502018,0.257266329114037,0.157596534795762,0.0858219637369799,0.19533125111712,0.161952874105647,0.15949133667054,0.218063385983502,0.176012852360823,0.17135493256445,0.181524674841154,0.206957028435194,0.200682801935203,0.208233967808629,0.197145609336268,0.200305047240889,0.0809293993161948,0.163439846797748,0.252960910472718,0.213896447694166,0.0942953625466428,0.177691408986286,0.0840080005425508,0.203344690542286,0.102303914922442,0.191220341935237,0.31566709279006,0.0877012936609468,0.261187204327248,0.269261796866291
"cordatoalata",0.245949516774414,0.251689382512399,0.143449216460029,0.215255029886522,0.217060226599953,0.165068684887254,0.168875187819375,0.134437301389725,0.220035257409452,0.128526563423078,0.16006670464063,0.117129272432014,0.138118128325591,0.270795640890937,0.200120810124505,0.154921280955371,0.216536980513126,0.232169005018393,0.126869115747082,0.207323993411548,1,0.180974424147378,0.239288024766773,0.18271361078348,0.159731221967077,0.190030832958848,0.149399016362452,0.101559702179881,0.157335398672024,0.220067471614463,0.192019006651288,0.101844419029817,0.23275965537526,0.172539461495463,0.17733823964584,0.157962359082444,0.195019986687951,0.218120898784153,0.113071132419655,0.169430696299589,0.130242805262628,0.351545677898903,0.0919304994705946,0.197075311707909,0.218965430578211,0.132192447434415,0.142670885875681,0.185972879257073,0.18020090089568,0.156534101668238,0.191693293119903,0.163549780979094,0.257463655097774,0.114563727410921,0.153271493379104,0.154341202333974,0.191310865204684,0.13836062878396,0.149351043049669,0.183463730607429,0.207660037048159,0.252353903816305,0.15314963379821,0.230672249004437,0.235601615539336,0.130867432749731,0.22725787230197,0.257800134015345,0.102139689026657,0.224904637629544,0.164105578985235,0.076764803351295,0.209270761169743,0.342739019593203,0.166662367854705,0.258802234500346,0.161292666678572,0.19610003799044,0.192696758555381,0.19192212465818,0.160810244086519,0.175470077618155,0.237102057269769,0.175601163133418,0.077721266974303,0.172693393018168,0.252322646783222,0.201606350895821,0.100623382630766,0.184389928794358,0.0904105640111515,0.180909972116959,0.107106119995668,0.186927667606708,0.217612006645621,0.0811687873429866,0.217026631265261,0.261852381474292
"coruscans",0.240823610349637,0.272625707077032,0.181305476223029,0.19335468006689,0.211000545750806,0.179758832931841,0.196256063225004,0.161212195225551,0.238046937457887,0.128094930854841,0.176681493600524,0.144196611312188,0.128632927257626,0.293701800227867,0.230285758589339,0.240939508892145,0.226121217510816,0.179425567777651,0.156569725538686,0.197864154342175,0.180974424147378,1,0.260167452448864,0.307409479732908,0.151239087993715,0.171952799842251,0.0877742940860582,0.112243170046012,0.18729618439105,0.19025868567617,0.220907118650288,0.114997372532894,0.225253768363561,0.179036149971301,0.186479930687648,0.140596663509944,0.195576911703063,0.205432400750612,0.193775170966629,0.179714484511908,0.146162161199997,0.185511261492273,0.0855846067347252,0.232065865568268,0.177619564999926,0.170679009961585,0.163782775425752,0.161963106755907,0.132718993175674,0.294022468173538,0.142733000616399,0.202977136947221,0.208394563089848,0.0882577677478752,0.197298429914514,0.166569295791414,0.231425959824912,0.120826215338811,0.134566711590456,0.161804532725251,0.264150026472328,0.193558213623542,0.163864381116157,0.2676476121665,0.238927800707073,0.191388669645348,0.150784267925726,0.215962238845392,0.130223917001877,0.193728268128308,0.177251216095533,0.113272881691258,0.209982398476491,0.181336142161745,0.183396077281683,0.191036174853515,0.209065301670629,0.225232503114588,0.194866730908993,0.222145415192295,0.169268292265543,0.302114174976044,0.179353555441202,0.181350263721303,0.0925089152301886,0.1892384539196,0.22157221668416,0.175123245673665,0.124516530997989,0.194935082272171,0.0977128446592353,0.133168834442522,0.124931277050365,0.194091608925726,0.186151587127365,0.0840580639499744,0.240025504349583,0.222437367868403
