"","acreana","acrocephala","acuminata","alata","alba","aria","auristellae","bourgonii","brachyrhachis.aff","brachystachys","brachystachys.aff","brevialata","brevipes","capitata12","capitata33","capitata35","cayennensis","chartacea","cinnamomea","cocleensis","cordatoalata","coruscans","cylindrica","edulis","fastuosa","flagelliformis","fosteriana","glomeriflora","goldmanii","gracilifolia","grandiflora","heterophylla","huberi","ingoides","jenmanii","kursarii","LA17","LA41","LA48","lateriflora","laurina","leiocalycina","leiocalycina.aff","lomatophylla","longiflora","longipedunculata","loubryana","M18","M25","M27b","M30","M71","marginata","melinonis","microcoma","multinervis","nobilis","nouragensis","obidensis","oerstediana","paraensis","pezizifera","pezizifera.aff","pitmanii","poeppigiana","punctata","retinocarpa","rubiginosa","ruiziana","sapindoides","sertulifera","setosa","spectabilis","splendens","stipularis","striata","suaveolens","subcapitata","T18","T21","T29","T50","T51","T82","T85","tenuistipula","thibaudiana","tomentosa","ulei","umbellifera","umbellifera.aff","umbratica","velutina","venusta","vera","virgultosa","vismiifolia","Zygia mediana"
"acreana",1,0.167979833744832,0.110172303343153,0.16428073642422,0.192508934842528,0.168545339403414,0.267869703978226,0.113901767524369,0.154735535046362,0.117975182038839,0.123616492195986,0.149530781195572,0.141621942360512,0.16506344100553,0.217038993260181,0.112534330141292,0.130768737335785,0.198322404650482,0.158565213719174,0.224190241326829,0.250018930779267,0.250680181790755,0.222588375196187,0.190742148475822,0.156360109768649,0.1577035289096,0.129420113799587,0.35280602904329,0.228305457872102,0.0886852864844418,0.150930974396844,0.13149806967075,0.238532729605975,0.17021689151268,0.15819109938148,0.129995721023934,0.10592962839393,0.255653260191437,0.183606406764916,0.139246378499784,0.167752175784563,0.129111000797675,0.150297412174425,0.223842635569586,0.206547140006292,0.216151937868678,0.133873439394567,0.163953576918644,0.219617648793229,0.0752238934027523,0.186535049393547,0.129067080929931,0.243886516519156,0.153122280110471,0.149147390739106,0.153699803444058,0.213200415027254,0.199970320699847,0.159385319154276,0.192228357632388,0.0815954205912651,0.249101626193607,0.251370058898554,0.230924568816081,0.147723862650915,0.215557105101365,0.207496420806624,0.200409254317112,0.154231127700946,0.211471046926819,0.16093606873737,0.135885215230167,0.160309102528863,0.114940179469689,0.193091256013988,0.229693155994224,0.16500839328586,0.0986188314346311,0.16730437259729,0.210679904781072,0.168778003094293,0.123124015646278,0.154469431922667,0.153504119292663,0.104998073209011,0.19849168128745,0.263391806174358,0.183198270485851,0.111776298698249,0.164756227000326,0.101943804678831,0.170118095754508,0.110848995430214,0.168055922796469,0.182397930947726,0.0680599630589888,0.176451103740655,0.212202923609518
"acrocephala",0.167979833744832,1,0.147179014449728,0.179918416254498,0.205142006114259,0.15093662650162,0.18185487049409,0.147539821168485,0.182227213487808,0.144752533849017,0.123984725150255,0.163773319087937,0.160612257330921,0.179079901350531,0.220951560030953,0.141455420120069,0.120962801641181,0.265538453198782,0.176011835269206,0.223797450104853,0.249159969656809,0.204042365935699,0.212798829161127,0.198744148967306,0.182106249203312,0.140810073963448,0.132697104502444,0.176077002382642,0.226398276865703,0.116431607014374,0.147002098684471,0.141698704746945,0.250750216802488,0.188501571853218,0.222272139814128,0.186840318955352,0.145286211557166,0.214888945129865,0.141967997509612,0.179955958023404,0.160863580932906,0.189202838142107,0.148668614762103,0.204088674054974,0.220582908050255,0.228267864560308,0.143373099360363,0.202820991411655,0.147221198649435,0.10792234699247,0.178654214816989,0.136932709447572,0.250123739993519,0.184146584573111,0.215263072551526,0.147997016003696,0.147235218684752,0.177274018339225,0.155728058139245,0.268712540699878,0.131662172609335,0.200704241198309,0.199947052126731,0.178156246276752,0.195515254248047,0.227697937453906,0.157274968750645,0.250211637542545,0.193282225447763,0.266076733740408,0.173546420655179,0.154069683809229,0.161892164807692,0.130022297869502,0.18715115341069,0.184253615882091,0.209391732294839,0.0917622266672704,0.147968710234582,0.165374939563058,0.228442949725523,0.187903021992692,0.151921069599658,0.195370202256252,0.131181587720179,0.142493512048406,0.197960172041369,0.18131364650596,0.106063756257176,0.172548332184936,0.132249556331903,0.126549538032337,0.10417969003895,0.159770745087925,0.195684261337609,0.0984005840770934,0.132538440603713,0.176398430735369
"acuminata",0.110172303343153,0.147179014449728,1,0.146863152214976,0.129799574546202,0.104934922605506,0.136688016401825,0.114632396834537,0.141934485943258,0.118301653822399,0.100316092995908,0.110073853982811,0.12458637005754,0.172928240276295,0.150336051741929,0.134131201038671,0.0683239841291811,0.13122704413228,0.127717678464888,0.134297811897001,0.128988148475793,0.143074067237597,0.126616679400665,0.129154689513967,0.107664508740984,0.123863779941009,0.114888246101794,0.166622010105307,0.114686812453537,0.117683583821632,0.130335717853188,0.102429752472958,0.14993070838283,0.201673169530014,0.164283138326947,0.109499335157961,0.112940097341705,0.10660313772936,0.103322595067225,0.104748139890568,0.136412276364322,0.130915050490669,0.0950346200100256,0.161520270008874,0.147350785746394,0.180257182113428,0.116726925367367,0.143483573608093,0.110841495220952,0.0848351802481377,0.136935009916774,0.0728711517496519,0.138245718419469,0.13488871817354,0.116243034597251,0.131318243962466,0.111953409566722,0.116404063366609,0.137421049034115,0.13960395595848,0.120600695988588,0.115593400346144,0.160422012813996,0.134586640105684,0.114929028993625,0.154529329817528,0.141268181069863,0.152224260273895,0.132183958216797,0.180596836705713,0.114311239920454,0.0935507554433866,0.109455952607261,0.119018181703479,0.119539733645016,0.139499147094804,0.126778419502107,0.0781022937758316,0.115564642452949,0.13811102166338,0.143330909323129,0.150737919769763,0.0959698319227422,0.131729572052169,0.0849176492926777,0.104403653664114,0.151674411520955,0.117510996027844,0.0715554266613936,0.133848611156354,0.066949687231225,0.0939429773713287,0.100376422755302,0.101773826521203,0.130974064488729,0.0829277810781532,0.0958893240206445,0.13162336687361
"alata",0.16428073642422,0.179918416254498,0.146863152214976,1,0.264365360332137,0.143407211936189,0.202318191187125,0.235832697872256,0.238178937779759,0.152870521692681,0.15464554783563,0.198289977340209,0.18447991748944,0.260307705969998,0.269030094058421,0.319875816321292,0.117298836333099,0.191626733147928,0.147164766311185,0.219515063761389,0.205867180518022,0.243575289910909,0.254720861984673,0.193842308190605,0.13595309753341,0.211463663176443,0.178266583773708,0.176218800249557,0.211935063433175,0.15619954912102,0.239828941897102,0.177923021893333,0.300854709877484,0.237420539748864,0.231372278537029,0.146715491415976,0.189344306485056,0.177878995201438,0.146045206138067,0.126730373035491,0.168238535863844,0.327970107963731,0.157956104010159,0.189490222689309,0.331620210949468,0.255835561498934,0.185881664841762,0.151499212459793,0.16829795016942,0.266717781287007,0.156103721254153,0.116564539815001,0.233174054560173,0.294895085728534,0.169240503899609,0.221609831124454,0.141789360658806,0.186815122957164,0.15123250739403,0.209329452382337,0.291871796738297,0.209141529178104,0.289552707112833,0.222025592290692,0.160411361970169,0.258124374373331,0.171161827625246,0.20737366265566,0.265213393882984,0.297693204512013,0.199007276890023,0.165757448430448,0.147038219392404,0.306328912036154,0.203757101239878,0.210594173910024,0.179965654714364,0.102578594849177,0.151635319063452,0.204907751648429,0.199326265529932,0.19198834269578,0.151775599273791,0.30946589438552,0.149376946781536,0.159380369864174,0.216474312663291,0.224458626822264,0.0946961268525149,0.261593568946488,0.0776525696347804,0.160993900419465,0.318374568006743,0.164140576859089,0.182223693182975,0.204241549769836,0.145223484334783,0.190047777249688
"alba",0.192508934842528,0.205142006114259,0.129799574546202,0.264365360332137,1,0.296865877957909,0.27900121895162,0.156302300841614,0.199768572261273,0.241063343023075,0.288082739360848,0.28748087123669,0.279597684552746,0.207696706641091,0.281237969811777,0.245807311273508,0.146316022429291,0.250172931076015,0.143326139075945,0.253836215567494,0.265382540744227,0.249609807451472,0.286363236287931,0.24035178487818,0.151655351796615,0.321538663002655,0.16397600165918,0.242623301399839,0.234619541996149,0.14101328357209,0.220277983782244,0.242106049933131,0.309685709828186,0.22328295912471,0.369598164442021,0.135940231882839,0.131321206130212,0.19788244289838,0.201149261580579,0.148536368971617,0.374387751413429,0.254899828312505,0.17597632871899,0.283998122793273,0.306360324658961,0.246642503847853,0.277113820377235,0.166868520213251,0.367874096627377,0.294496678860222,0.23334928421689,0.155537547006965,0.242079884945735,0.327932849324943,0.167817255203187,0.307956676093403,0.162976882929864,0.243642006182912,0.285080228599137,0.227251919784235,0.23876219425133,0.263892415240998,0.241701468033803,0.304339588865331,0.186425746614153,0.265900798854859,0.195220698572523,0.266502112283825,0.279481050700353,0.30333475757793,0.34455649623806,0.141142542124009,0.167818261491993,0.250200874772463,0.235672510317363,0.270395410570926,0.190536653869155,0.0713251443044578,0.158277267211744,0.246859520689678,0.193470802249881,0.230040201313547,0.197463538988803,0.226213125518761,0.134505691308909,0.220078806956746,0.286851983966323,0.233096826418031,0.0936373986342106,0.308814770715635,0.0906674918066437,0.29051298814377,0.173395704428747,0.156480768685727,0.172721180476767,0.290815542500478,0.140394592633059,0.218871175096845
"aria",0.168545339403414,0.15093662650162,0.104934922605506,0.143407211936189,0.296865877957909,1,0.358143065139946,0.114648373736965,0.134396458021219,0.116223867628677,0.180111996415654,0.136566611994338,0.143784021746914,0.154751338457987,0.203924037034013,0.126676746811466,0.169704299726029,0.195616221031619,0.13543262538279,0.251853616712716,0.297431475460109,0.241878598817065,0.187513007526569,0.204100987588276,0.169252815761953,0.201682351531517,0.10220682376802,0.273771225056547,0.229170544926849,0.108112458433856,0.158791531154114,0.0995938265897801,0.304224558145437,0.183148205741498,0.189319693897527,0.112984116806982,0.0905337346925204,0.185857364770124,0.241167419533854,0.151615874134222,0.291419982169008,0.105512032638496,0.151239113093917,0.393363992290446,0.156887821654639,0.202987461185161,0.13339201924138,0.130222639023414,0.242800230476157,0.0825939565024181,0.215208703209568,0.147750576454559,0.215210586770842,0.18996061215646,0.117363524823722,0.335977952433455,0.187933136671604,0.245851346621055,0.206918385284008,0.181312216214234,0.0836544812674323,0.208948841737026,0.174760699786024,0.375977899953552,0.17444511932442,0.21189481811448,0.207513904919465,0.204919175413659,0.192228102757125,0.219217773565255,0.193566411523308,0.106917449530202,0.179603039761842,0.122609846444322,0.200300293740879,0.389876470547332,0.149466056530186,0.0520401335505537,0.169247499228107,0.22155913491141,0.142273247300473,0.108133184716324,0.239174429479105,0.161405612748491,0.0902375019249653,0.445090250110278,0.232728900451763,0.235148762896229,0.106007677529281,0.143697384144997,0.0862717808928226,0.209129753437145,0.159661859464966,0.166615622313644,0.141981990264079,0.0601527720698573,0.13394878462966,0.213714019425839
"auristellae",0.267869703978226,0.18185487049409,0.136688016401825,0.202318191187125,0.27900121895162,0.358143065139946,1,0.12485112818704,0.144059290929287,0.150233207893833,0.216881966420828,0.15266336882637,0.210278166635705,0.202577704550348,0.285331776671949,0.142217420532271,0.206899778682261,0.222257039460566,0.174279011672534,0.364711537708532,0.303830091933711,0.350687661461839,0.277685256545964,0.257748413352091,0.18957995291968,0.324917405791943,0.146122303205307,0.384382979268277,0.265636328778416,0.123783640446255,0.172854028856653,0.132918604181679,0.487802874918981,0.195223027300256,0.192948091458682,0.177240131322694,0.123953591262579,0.288953554630699,0.241065582310093,0.165424764953868,0.272866666289205,0.135291135744955,0.165346304119214,0.350006763639456,0.190099843564964,0.291385037889217,0.176166460678646,0.225366580655144,0.271856471425475,0.0817616782625425,0.223524791753007,0.164619285583178,0.271425148190419,0.284318346599596,0.168862756976711,0.237573482480155,0.199480263665505,0.274282824377518,0.27290013317858,0.212954710225925,0.0993005237138438,0.303117910867754,0.208836399319237,0.353152441380508,0.218778352146588,0.23686399029439,0.27468365693034,0.283974165447157,0.23641421706653,0.311723543684062,0.307911012810972,0.140377003789592,0.261876595617358,0.171015748997722,0.22667140496274,0.535759787429292,0.195230527738553,0.0630594386242036,0.204702715295066,0.285476142524562,0.182101761536306,0.119576540115807,0.239932489695032,0.204137090422587,0.107888153945744,0.490355484679452,0.330382876300464,0.260558108446639,0.126369863659734,0.1725839404198,0.112063283664044,0.255353632279458,0.198909863371147,0.23375835235411,0.17450649767895,0.0859403814682559,0.205743336104926,0.30566084653397
"bourgonii",0.113901767524369,0.147539821168485,0.114632396834537,0.235832697872256,0.156302300841614,0.114648373736965,0.12485112818704,1,0.154697729065799,0.125947472910503,0.109163081678904,0.245847744187895,0.136056303536524,0.17748478463943,0.162933585851487,0.237925070563316,0.0971286861031781,0.158073071550381,0.119808167998336,0.140651842907041,0.142622595136878,0.159429704470068,0.150141678526311,0.125985200291651,0.114212124426002,0.144682668820983,0.134291999842422,0.120801712654172,0.189600979392281,0.131410962283212,0.15082581046805,0.129303007956734,0.163597593678779,0.156784923937604,0.158205563032269,0.18336966824682,0.152071435320164,0.110873310806083,0.0955605656756303,0.100072876738104,0.110137940973316,0.258318757564593,0.141090742574711,0.131218693802021,0.259233223975167,0.176414198491105,0.141857826503828,0.134736877457349,0.104052031665113,0.220866470501205,0.11201114835747,0.0852268822494875,0.167520947613981,0.205423766628618,0.130724653302778,0.161293602004657,0.141874311733142,0.128770842026888,0.110400474288138,0.154746555748431,0.191507061789184,0.127141140998769,0.197275978509475,0.160118533290075,0.115486730195126,0.168103929972904,0.120504247854484,0.154587745650811,0.161037094350296,0.204971008313779,0.16736596432628,0.148475372374565,0.101339636398626,0.207556438830218,0.164019243748791,0.11718262939573,0.140921070862192,0.097778297129418,0.139561787765296,0.116945360161486,0.149437990688432,0.154373270692306,0.115481683387084,0.224408180681104,0.102557231672114,0.105770850734666,0.144715319373835,0.194537674675693,0.0865870058264614,0.168640453366816,0.0707333311794297,0.0956507266650415,0.144596871027995,0.118127086973659,0.12133543334319,0.130573695809312,0.102192331320663,0.129089247109544
"brachyrhachis.aff",0.154735535046362,0.182227213487808,0.141934485943258,0.238178937779759,0.199768572261273,0.134396458021219,0.144059290929287,0.154697729065799,1,0.119628589866816,0.135918547423299,0.143304427564193,0.13888025672139,0.442406154639397,0.162827471711868,0.187764251021728,0.110756331727544,0.182097139632825,0.157874047248229,0.172143227486696,0.152965203248105,0.136621722728742,0.170080797745132,0.149387319087688,0.131232945636028,0.150130801028928,0.117326216267896,0.162182821802837,0.19007198452711,0.478697854236974,0.520474536018122,0.19997280611678,0.183235152146416,0.200099652004379,0.217205495124489,0.1078881496487,0.144719962040668,0.124812239700033,0.116928926126538,0.126949163379331,0.13221118201219,0.207452448329485,0.108309230170715,0.144480518997569,0.215463722037886,0.165588092262333,0.141526962067331,0.125979787019729,0.113332806170945,0.152603324491271,0.139260920971116,0.105065023729258,0.195438137252943,0.172066285970569,0.126541628971213,0.436744202597438,0.135166124710701,0.185434824762411,0.100593531148918,0.144840619939106,0.2899879115174,0.146181464096196,0.159100406565621,0.15060408827115,0.124087628173269,0.163599081875871,0.139964963132523,0.171781087000492,0.237530314709819,0.195383834773072,0.140274066731978,0.113411735912925,0.116237094234107,0.206806400358508,0.148806629781739,0.151918543298574,0.143388150745702,0.0985334022248545,0.115257280655403,0.161245531039233,0.158468468100467,0.364620175378769,0.160046376252092,0.145261904670601,0.0951735975386758,0.135796143504556,0.15439546419651,0.165825779358727,0.0812661765649288,0.204090214597011,0.0752188287321027,0.137649963900451,0.159554701053191,0.109331867374029,0.120601707665975,0.13042991187766,0.105629029737401,0.135285017412607
"brachystachys",0.117975182038839,0.144752533849017,0.118301653822399,0.152870521692681,0.241063343023075,0.116223867628677,0.150233207893833,0.125947472910503,0.119628589866816,1,0.325552483964357,0.261829322798222,0.211179038537996,0.132048428927865,0.155036245731339,0.123667154837746,0.0900808789447401,0.153657464193628,0.125994884684044,0.145600540951878,0.145097189817123,0.178310092949513,0.151577221891111,0.171071791177352,0.122687358765828,0.296578535993821,0.11293691385323,0.144944755408495,0.144921404021156,0.0982925026061277,0.115478937221012,0.352687418050536,0.159987335006142,0.131935807268853,0.342988929693295,0.115079544585037,0.103075652658509,0.121812299620837,0.131145235956688,0.127368818567541,0.363193241310506,0.11684677422119,0.107684891500976,0.140403940692899,0.135240829927074,0.14536906408597,0.367236552355998,0.125401008487515,0.278360341538338,0.225551564344933,0.135704013076207,0.0998891270307692,0.170459249429936,0.132251884589351,0.142632769694979,0.133596401815214,0.155847670374459,0.146491990434809,0.263332129530112,0.148095651362692,0.0952813462466688,0.166184015468246,0.150258609384384,0.147550264234605,0.129011285109644,0.163610555040648,0.149911877868541,0.158749243016229,0.16394120205375,0.173300757458377,0.32775567287117,0.110351017373972,0.122970244814607,0.0968249768511524,0.160464264545287,0.148896867687814,0.146976754170981,0.07158410786449,0.129530753595451,0.154464728637678,0.126336656577721,0.157925295842036,0.138765773960115,0.148410728311909,0.078526735772637,0.123485874082988,0.15606335830881,0.143035424422823,0.0854970872363639,0.271741431567219,0.0749346570766407,0.281473191987661,0.0800934114281363,0.153815717931067,0.127135342489599,0.314373460055101,0.124610042813429,0.158033655931288
"brachystachys.aff",0.123616492195986,0.123984725150255,0.100316092995908,0.15464554783563,0.288082739360848,0.180111996415654,0.216881966420828,0.109163081678904,0.135918547423299,0.325552483964357,1,0.258747410633568,0.198407417886657,0.138040492950621,0.204870484017666,0.108685406201083,0.129223958613466,0.149368883877319,0.118900162275667,0.202540409647388,0.159238467577483,0.176339128455332,0.15679160660681,0.14766685117848,0.108950441337732,0.377010198247807,0.199149047656108,0.217432214023192,0.169877115705823,0.0837243654986964,0.120440893560899,0.297955259005016,0.210733517030601,0.127191555205497,0.305715609921529,0.148591965909942,0.11179100358708,0.139863282877025,0.145084645348498,0.124371320948087,0.362833968879375,0.100964508667107,0.145075485302555,0.147440772300054,0.141231437618299,0.20665894352895,0.331826819577688,0.117155314033423,0.29161642873337,0.219189298614993,0.14203111137127,0.101774223331036,0.183364663411767,0.201676847721802,0.108936544892658,0.145300944550959,0.178379557319623,0.149833484272473,0.259609930958338,0.143473499698057,0.0755969468177854,0.153087731054484,0.156518133159909,0.152680078616155,0.130211789931174,0.142222069257685,0.144243289136846,0.175820180865016,0.189697999886964,0.218249739270964,0.370502236992513,0.103873736720746,0.133958802766299,0.15972692807781,0.158496189003812,0.181149803728026,0.119274223430746,0.0657128458095786,0.130615103342262,0.217018195619164,0.134076713911605,0.116722158845774,0.233571836790576,0.142610890997448,0.0853490028836266,0.204291324880305,0.175626347502937,0.170122739051687,0.0854531569371594,0.244973898577688,0.0676131442692123,0.363200557520324,0.0986217461890762,0.117328364930157,0.118015839544348,0.267117579482069,0.114342486230721,0.136452953157983
"brevialata",0.149530781195572,0.163773319087937,0.110073853982811,0.198289977340209,0.28748087123669,0.136566611994338,0.15266336882637,0.245847744187895,0.143304427564193,0.261829322798222,0.258747410633568,1,0.271254167146839,0.164369716556059,0.192463979130039,0.14811390717551,0.0804683570593088,0.132224098823852,0.105385135690693,0.161140906129715,0.189880270871559,0.18215988534184,0.160549886380028,0.123415297781243,0.0979075883547591,0.313595318778724,0.153718216058057,0.139042587339806,0.143347839815677,0.100105638720225,0.142383193764801,0.280428750362239,0.166376759508011,0.152599075460083,0.287642707525316,0.113006117786256,0.114495654825577,0.149673373798556,0.152072991385779,0.100377658028801,0.308283765683429,0.171902246232397,0.123671872816439,0.173141039932786,0.154855411372584,0.21932553052748,0.286355172354479,0.13066033332951,0.306048202794535,0.255513231311778,0.13692579560217,0.0901522369515851,0.162884226603477,0.132999054967121,0.122728757130026,0.157102291310937,0.110216370796432,0.121883803653633,0.221257276026637,0.157781193864981,0.105403979856099,0.154455324550829,0.199543052366138,0.196409157955391,0.125888003670207,0.171093291012731,0.121772019969001,0.129946800933022,0.155736630880411,0.186338040392843,0.271719856475733,0.12352052041107,0.101162228095846,0.111524452450332,0.175149999788335,0.143887861841089,0.13278162178538,0.0887704386424134,0.101097508371919,0.136129807564922,0.17289844797164,0.140241698195473,0.107508692218164,0.191314008190673,0.111326564896328,0.117917152515967,0.159785536429556,0.158116513585419,0.100096571128268,0.296501311295254,0.0676384500296794,0.270745418463474,0.116087401567036,0.122730365642628,0.146661092487005,0.252060684901836,0.124471500932307,0.143984521705116
"brevipes",0.141621942360512,0.160612257330921,0.12458637005754,0.18447991748944,0.279597684552746,0.143784021746914,0.210278166635705,0.136056303536524,0.13888025672139,0.211179038537996,0.198407417886657,0.271254167146839,1,0.183301363428933,0.25457145859277,0.152150970690611,0.145147481852555,0.12271518589193,0.111832778436667,0.217410288426962,0.161126133898658,0.201600569492508,0.190008447808386,0.126715230662392,0.121178944359243,0.27214376241074,0.116185502102994,0.167656699736018,0.146933897427111,0.0941442243440941,0.172820554202872,0.227699010708223,0.226337077730221,0.201941776694116,0.265125746058612,0.104720487389241,0.119493161600781,0.143146532615467,0.153210088236901,0.105946979410306,0.214678497198584,0.169097220009714,0.102975789913422,0.190982103545902,0.203180550959735,0.225712982182406,0.234253878394623,0.110974041898891,0.235279672408924,0.219415409270049,0.13368903190156,0.0970518892589018,0.150602401448127,0.191595771952226,0.122482609925132,0.15107278827629,0.101654597099785,0.181853211616598,0.211731519316079,0.131523660162429,0.111497370252163,0.161668001785413,0.15724898163484,0.159575617524621,0.0984321217638692,0.168701209994461,0.154104802105192,0.150297381382718,0.139220641449781,0.186138687835603,0.229807200089967,0.105673272822063,0.0914474428602518,0.137952067867203,0.153637686966598,0.225179531780561,0.150196070662868,0.0677694962447711,0.111746086398821,0.130300897201366,0.161261876972997,0.152014739659888,0.183961465166677,0.15664910881297,0.103861124924555,0.191911692952412,0.244403547772463,0.204846749900802,0.0730791522945523,0.242971813837745,0.0788031113087004,0.194471762602338,0.155287079873599,0.130423041241884,0.132342109456463,0.193861969210541,0.0990587992512566,0.141876339613839
"capitata12",0.16506344100553,0.179079901350531,0.172928240276295,0.260307705969998,0.207696706641091,0.154751338457987,0.202577704550348,0.17748478463943,0.442406154639397,0.132048428927865,0.138040492950621,0.164369716556059,0.183301363428933,1,0.246109727459627,0.206695679835155,0.108690500378495,0.222294153067601,0.141575013383042,0.230319534215125,0.217832407684792,0.21122445211298,0.208163189790535,0.148247495018121,0.145683632486414,0.197985680045598,0.151614623441558,0.178351824629807,0.171578326021497,0.430601131861181,0.479144311065235,0.164896727258051,0.23788728849832,0.230058071314751,0.230620508674514,0.129418333816283,0.155070361390607,0.169972215532644,0.153905545799197,0.114911509643488,0.175160187485257,0.219351844996207,0.14023613287734,0.206098634666747,0.203625744613907,0.249534154436998,0.182475229848442,0.141130304212212,0.167021683850538,0.167722067465803,0.14408319815437,0.11416106877535,0.205038906494459,0.208548146205869,0.141824416743738,0.407444489263104,0.126887547699735,0.162497588880722,0.139043292944516,0.159020011276569,0.32018730558719,0.196490406207996,0.20526164870006,0.197678184803174,0.138181483065842,0.206434938972075,0.158061952428662,0.186843560971903,0.274486549444986,0.249084112769382,0.169759806027637,0.12734619805424,0.124267973140666,0.205156690831394,0.18621736660411,0.213417559052505,0.138350184706589,0.0876429285812264,0.121728358658538,0.166636187137591,0.174470993446996,0.368280247872946,0.139445090065711,0.198656203713054,0.111198070717094,0.172415370166428,0.221080611723533,0.181050660222683,0.085884613745226,0.201645709345043,0.079815442734138,0.133129079597282,0.219881077091231,0.150701123784876,0.147382166052471,0.136046113002842,0.123022845090612,0.159593623286073
"capitata33",0.217038993260181,0.220951560030953,0.150336051741929,0.269030094058421,0.281237969811777,0.203924037034013,0.285331776671949,0.162933585851487,0.162827471711868,0.155036245731339,0.204870484017666,0.192463979130039,0.25457145859277,0.246109727459627,1,0.181364206070607,0.132757399604069,0.203851851283768,0.1725235951722,0.301466472500239,0.248919716964186,0.265766398329292,0.268245800684488,0.216524948389509,0.157747555518122,0.228822388952204,0.179910063943428,0.235065503816248,0.21985015937857,0.106444700272385,0.199235331077175,0.183950076285234,0.311821385312519,0.2518629346773,0.213176513184816,0.158850824893213,0.141615464564138,0.211291286785548,0.241956834811803,0.139025009621836,0.226402531426223,0.190877607817901,0.17353812439643,0.230586341688634,0.229578961637535,0.344703585838544,0.211926777536795,0.165968655536772,0.2128702456378,0.110395020017657,0.193218298857173,0.153309736043237,0.228327189829902,0.252200411742085,0.174382180746423,0.221920914225689,0.165580421615403,0.211169465365744,0.173488284251237,0.20315809715868,0.141088266258769,0.259241355131617,0.239537851425227,0.246586915363141,0.169636552651874,0.276604955886466,0.193513063136781,0.243650521215252,0.22949843146252,0.315812501512514,0.224805037931108,0.158151315578957,0.147763898762027,0.170083573388032,0.196877866835984,0.301042506456716,0.192142338342059,0.0857043400515343,0.159928157663082,0.23135991339823,0.196038351257521,0.1598565003394,0.197367098842297,0.217323143129285,0.140677289669906,0.244293471509991,0.303456686290371,0.255922528819566,0.112788127012588,0.207607623550724,0.120710523368615,0.181673718017315,0.164500459214309,0.224930917308112,0.171898336928977,0.110156739412158,0.163503549979682,0.204262714058294
"capitata35",0.112534330141292,0.141455420120069,0.134131201038671,0.319875816321292,0.245807311273508,0.126676746811466,0.142217420532271,0.237925070563316,0.187764251021728,0.123667154837746,0.108685406201083,0.14811390717551,0.152150970690611,0.206695679835155,0.181364206070607,1,0.096652788199852,0.156188743144512,0.113203255437947,0.157817972228147,0.142237749958502,0.164338237451391,0.174691946214818,0.149075980528167,0.100931411931933,0.212612633769744,0.137415936217184,0.112483362858127,0.147663919388139,0.142821693388981,0.195392086913873,0.139367369269637,0.181446992792183,0.168619269837811,0.164010708640464,0.115067350549365,0.183516168799304,0.133215578768487,0.119579583092685,0.119620764085951,0.136844446983049,0.407507897189411,0.119282414729064,0.143066439959829,0.361559183881572,0.198646042668993,0.158520020688476,0.123118931791298,0.130842269186626,0.372565171249392,0.133909962236787,0.080826472750255,0.157957590392664,0.308700557680044,0.132372853535176,0.176726873519757,0.108594456067583,0.1442181391073,0.132026456916564,0.167680597633986,0.329788363596232,0.16158600594767,0.278707048961098,0.162498129514055,0.178249123986708,0.192911154043739,0.12004101408162,0.171147206910919,0.191263925790713,0.233839255188289,0.152569711555726,0.150266202348181,0.106898053813134,0.387910386079335,0.185058169670186,0.148012007390546,0.137055813215517,0.0929314377902441,0.107172902545614,0.141249809015976,0.171944619963999,0.14671168862885,0.107204677418642,0.279828589491704,0.125609501748712,0.114558654774769,0.165153510606869,0.163797878774005,0.0833671651411692,0.183226499570219,0.0721050114946528,0.109964645768923,0.219992519256227,0.106685728300928,0.127163495337925,0.291700767490692,0.106227465889539,0.150049057710307
"cayennensis",0.130768737335785,0.120962801641181,0.0683239841291811,0.117298836333099,0.146316022429291,0.169704299726029,0.206899778682261,0.0971286861031781,0.110756331727544,0.0900808789447401,0.129223958613466,0.0804683570593088,0.145147481852555,0.108690500378495,0.132757399604069,0.096652788199852,1,0.120899203274103,0.110858046429302,0.144802612138024,0.128879130018616,0.208920542561662,0.145347720051149,0.136283402006369,0.11647456716881,0.119892476811861,0.169935983169511,0.149131954198467,0.165593956575542,0.0615420975581677,0.128897947848855,0.0861860407977769,0.216744467670566,0.12709984519566,0.110174343786105,0.0977805400342984,0.0837483420984439,0.11478701858054,0.112784492274437,0.187664248229394,0.104795153534306,0.0868413904593751,0.106480515369435,0.126716170419284,0.144252873428342,0.138907627711889,0.0959805221512519,0.334647774508843,0.128577328807854,0.0693352716039586,0.103163609617406,0.114222444382876,0.154857202556901,0.126216295982742,0.0783735750988159,0.112315355030846,0.109371719730918,0.177336396212277,0.0943764073745665,0.123048273142512,0.0516881120078612,0.17557470940362,0.120398218151762,0.124352566884226,0.109698088213433,0.142115073824139,0.170513028582397,0.131037339348246,0.110081666597646,0.156227640958314,0.110422469396821,0.0937940220865085,0.0948005050898877,0.076832481499624,0.124429741198032,0.152527020420895,0.111754549939011,0.0650062670547095,0.117588879583866,0.161763170356704,0.0934343551946094,0.0778226337388809,0.194570220346885,0.0927710796088105,0.0723002113182922,0.121111909191936,0.153383221685245,0.196227189792235,0.0880368808557502,0.0965301288151513,0.0797678702632147,0.117699867938886,0.0686700290243141,0.128822549881852,0.108119947615529,0.0433390265789139,0.115259037120402,0.144014318797375
"chartacea",0.198322404650482,0.265538453198782,0.13122704413228,0.191626733147928,0.250172931076015,0.195616221031619,0.222257039460566,0.158073071550381,0.182097139632825,0.153657464193628,0.149368883877319,0.132224098823852,0.12271518589193,0.222294153067601,0.203851851283768,0.156188743144512,0.120899203274103,1,0.339058013092167,0.212670401839916,0.327906370105415,0.215698335189335,0.226617141433688,0.28097384486496,0.186686980466684,0.144015627304872,0.14794612401065,0.202290893602754,0.250647922353164,0.179239162369361,0.199810215499823,0.153385843139202,0.241087716111515,0.165308354249294,0.289274204102706,0.197394507092203,0.162406412219424,0.17753723347761,0.163146276407237,0.178115348155668,0.169163776997847,0.161622990830201,0.186591479050598,0.2405466225071,0.165674064955861,0.217062478614332,0.168042280944589,0.194798703126232,0.191538880102044,0.100802532446076,0.198758410440038,0.140365077941023,0.289073781908334,0.21106019228608,0.189653688980252,0.202832759250289,0.192723774501489,0.234371334495104,0.231588575440689,0.20590599955191,0.157491493219982,0.237007611124653,0.21049515995132,0.231569937737004,0.21253073348087,0.253774414733446,0.200779705823477,0.235166088609947,0.255034615017726,0.260578699607096,0.18199998275971,0.168235391984547,0.207962243285442,0.121118104718261,0.224949875868093,0.217864190150093,0.184119715336615,0.0923831671233604,0.189313120166348,0.201057044159896,0.180356109795365,0.206268243011538,0.159305806905791,0.210514536602391,0.121911944787033,0.152861672208252,0.240924622350648,0.207169775711533,0.131530662877592,0.181411441147942,0.122188891844112,0.158605080285925,0.107428237430585,0.199571007432356,0.201343996924641,0.0994887680324954,0.178786857815909,0.219991516944956
"cinnamomea",0.158565213719174,0.176011835269206,0.127717678464888,0.147164766311185,0.143326139075945,0.13543262538279,0.174279011672534,0.119808167998336,0.157874047248229,0.125994884684044,0.118900162275667,0.105385135690693,0.111832778436667,0.141575013383042,0.1725235951722,0.113203255437947,0.110858046429302,0.339058013092167,1,0.160168651903867,0.191517550301631,0.174934639593045,0.147828204410302,0.206925059099615,0.136940326164598,0.120266954769557,0.113607912402837,0.188157193230222,0.17493568278709,0.0921443658641193,0.116794404503259,0.15164252884485,0.181716328060657,0.149009168258539,0.159760412662299,0.177316456071486,0.129250295358748,0.148677688138567,0.157582957616282,0.133408116608293,0.132847844382528,0.120551377063316,0.171756566885683,0.172286405829454,0.142918330823058,0.169848904861891,0.115056267614087,0.1571323529363,0.14569311634278,0.0638515866788719,0.155077823609251,0.108024386024659,0.198911713049392,0.140231424075229,0.184765076373219,0.121964377507873,0.138571785426936,0.16136185454703,0.157140233154476,0.171544007809477,0.0892836801677301,0.165356099781924,0.142391193592406,0.184732429157697,0.161665013854713,0.18627914891618,0.158831640418593,0.173528897676002,0.126126880591313,0.172893999479978,0.155305769598196,0.127328631108855,0.164683358633251,0.0823513103933639,0.166738145121935,0.166916468292896,0.152719065703231,0.0595725758797208,0.128172338281121,0.187363914712271,0.142953314600147,0.110561028104819,0.153463423099212,0.162315989290611,0.0965460655263846,0.132875044611767,0.210119506916448,0.177417957405402,0.108421884222309,0.121299414095256,0.0980491487491821,0.130533910779664,0.0886276531794752,0.14767606817131,0.137648878252901,0.0642308506797351,0.15430651330839,0.163830364893667
"cocleensis",0.224190241326829,0.223797450104853,0.134297811897001,0.219515063761389,0.253836215567494,0.251853616712716,0.364711537708532,0.140651842907041,0.172143227486696,0.145600540951878,0.202540409647388,0.161140906129715,0.217410288426962,0.230319534215125,0.301466472500239,0.157817972228147,0.144802612138024,0.212670401839916,0.160168651903867,1,0.286494961895983,0.312566167686981,0.296799447617129,0.196310262784023,0.16366840975246,0.253854574685694,0.17758769927931,0.305091602779081,0.238308936365157,0.130323286875899,0.173028807889862,0.146594478446982,0.377750830108286,0.222830598877109,0.194704614052041,0.163915392404357,0.150391117276657,0.282301131644073,0.248516343256278,0.207444914033608,0.243802227221885,0.152539939801382,0.163836770552753,0.284953915152596,0.193763558481175,0.310101152922573,0.18251740005248,0.197587193911972,0.247392875442807,0.102024048075568,0.195801684890653,0.163050507683013,0.324660151764325,0.282558417583783,0.181713264671652,0.244182026259173,0.160282655663933,0.209105830648235,0.193676987248173,0.204605911448634,0.123006393933108,0.252787044137057,0.23326476316376,0.301558612400051,0.20655153331832,0.263296202846756,0.222882790392704,0.258133920817956,0.231003619989416,0.294344673606571,0.278300878792968,0.151567291381525,0.219718016973405,0.168393850772523,0.246814666032252,0.369365225144876,0.220065444043016,0.0751326506890833,0.176000444396076,0.235510687198142,0.217911881170112,0.154247041410261,0.20123783480335,0.21902142357258,0.139863919997437,0.33603980700344,0.328835354153901,0.257515856019409,0.139815171010204,0.178469801769932,0.104697330154994,0.204108286473423,0.199520675923845,0.188873053874276,0.196635605172942,0.092580346141096,0.167420718559853,0.223075101240657
"cordatoalata",0.250018930779267,0.249159969656809,0.128988148475793,0.205867180518022,0.265382540744227,0.297431475460109,0.303830091933711,0.142622595136878,0.152965203248105,0.145097189817123,0.159238467577483,0.189880270871559,0.161126133898658,0.217832407684792,0.248919716964186,0.142237749958502,0.128879130018616,0.327906370105415,0.191517550301631,0.286494961895983,1,0.299581600324147,0.265177396228327,0.237736499110058,0.187152618078065,0.172558350841412,0.182372938573073,0.250727863458854,0.276188546065164,0.139436567435857,0.162817847880194,0.145363615216098,0.271774200466272,0.204309495498404,0.225217034934072,0.172923342395755,0.145113256899336,0.285493433933029,0.264660473187507,0.194896897131675,0.237097873483432,0.137236976549384,0.203098156562303,0.381368843709533,0.157377039837225,0.255755758036944,0.181883615191946,0.204672547725829,0.323869677994665,0.0944223296142631,0.236829913686206,0.169732767015503,0.263676113298973,0.202582404567142,0.170624787727955,0.209878133633955,0.210961885730886,0.247946952624894,0.247136708875386,0.231388438321571,0.119044381046285,0.285510007111441,0.259288119534666,0.297562382868324,0.210802336897163,0.348458945523988,0.21666323746512,0.260058272768291,0.241141917427537,0.264574653508785,0.198667749023363,0.150382212262352,0.247786029288933,0.118821157282328,0.232173020702309,0.295512120410977,0.208075024758326,0.0744478646649483,0.242362739953099,0.244817503246299,0.211309966751862,0.166679661256026,0.190304994426816,0.227228274651116,0.114015201416989,0.240494490577145,0.307334380000652,0.207935546245504,0.135275277368378,0.200761537610905,0.129942233729357,0.183600679536495,0.125805867360806,0.220001636810958,0.170715835289613,0.0731268893286759,0.192626861039806,0.255803836876309
"coruscans",0.250680181790755,0.204042365935699,0.143074067237597,0.243575289910909,0.249609807451472,0.241878598817065,0.350687661461839,0.159429704470068,0.136621722728742,0.178310092949513,0.176339128455332,0.18215988534184,0.201600569492508,0.21122445211298,0.265766398329292,0.164338237451391,0.208920542561662,0.215698335189335,0.174934639593045,0.312566167686981,0.299581600324147,1,0.271104275974975,0.320144224437575,0.197606493812136,0.213051135029425,0.158825908532211,0.286225411942617,0.243262579394831,0.13167735203087,0.188506328894811,0.137521879825888,0.324249915665097,0.21463554104935,0.198945822024226,0.175106896989991,0.143383174710964,0.298191187731766,0.215355730094346,0.176982614469905,0.213983559933638,0.150553997163528,0.175153260444147,0.275409358631962,0.20212178301336,0.306035617721657,0.178327679224054,0.204442585381367,0.342473059090462,0.099086604805835,0.219063053073915,0.149561266940342,0.274589838373333,0.232469841943034,0.231302253979363,0.195648513333117,0.192411078745003,0.249774192142196,0.21882607241886,0.250562104711494,0.119086951311008,0.278406344674088,0.258508829836171,0.326562141430101,0.226794458560384,0.265517422869813,0.245356427708061,0.265925812674867,0.248002472224562,0.287957448541517,0.233072765870348,0.154862689859766,0.227852653185404,0.145342205448253,0.265080264494753,0.368138091182742,0.205770828968184,0.127292285967471,0.193936190063438,0.301075905666741,0.202496211780409,0.145265755525107,0.204039607146855,0.257628636903369,0.14394172475901,0.293527119986349,0.323461780465315,0.272974229728113,0.143779130251767,0.189275360031167,0.0996559844596681,0.213402165418408,0.156171955557845,0.317388940051205,0.218231443999826,0.0908828744662278,0.200181381650431,0.317367537338777
