"","acreana","acrocephala","acuminata","alata","alba","aria","auristellae","bourgonii","brachyrhachis.aff","brachystachys","brachystachys.aff","brevialata","brevipes","capitata12","capitata33","capitata35","cayennensis","chartacea","cinnamomea","cocleensis","cordatoalata","coruscans","cylindrica","edulis","fastuosa","flagelliformis","fosteriana","glomeriflora","goldmanii","gracilifolia","grandiflora","heterophylla","huberi","ingoides","jenmanii","kursarii","LA17","LA41","LA48","lateriflora","laurina","leiocalycina","leiocalycina.aff","lomatophylla","longiflora","longipedunculata","loubryana","M18","M25","M27","M30","M71","marginata","melinonis","microcoma","multinervis","nobilis","nouragensis","obidensis","oerstediana","paraensis","pezizifera","pezizifera.aff","pitmanii","poeppigiana","punctata","retinocarpa","rubiginosa","ruiziana","sapindoides","sertulifera","setosa","spectabilis","splendens","stipularis","striata","suaveolens","subcapitata","T18","T21","T29","T50","T51","T82","T85","tenuistipula","thibaudiana","tomentosa","ulei","umbellifera","umbellifera.aff","umbratica","velutina","venusta","vera","virgultosa","vismiifolia","Zygia.mediana"
"acreana",1,0.25516421181538,0.138645306823982,0.311203788908784,0.209535202305064,0.202068831280332,0.286141204724979,0.189810687356911,0.241094996188492,0.246272968437244,0.198356260181024,0.106675996363617,0.19434687412093,0.274660902105607,0.294247159581212,0.185712042594961,0.161764528771694,0.308774030928115,0.282196439078445,0.176343337097979,0.209087979782639,0.201080932983763,0.301853620644988,0.324365735173586,0.217959538594328,0.175145149735573,0.19042036375652,0.178723253710277,0.307121413527716,0.194195633388503,0.151906021268915,0.17790877388596,0.297598953852902,0.304870350421768,0.240970064465534,0.157228556210315,0.093848813299571,0.209419651205772,0.110541897133401,0.278406398855832,0.190146871183487,0.292632876362355,0.227441468441206,0.330891045055624,0.148704783803067,0.185067946169782,0.111768163308889,0.223068090988777,0.158958884045691,0.249992327173675,0.110735727106004,0.18153656897965,0.264479785558427,0.26878363828661,0.154738468410659,0.130812977626964,0.182267870547608,0.132223934944615,0.273388154735384,0.14851422468021,0.211990875673068,0.224812356376392,0.31790177352618,0.247683091611713,0.285620380785859,0.302286674702553,0.23248382769277,0.280256451093456,0.173620679110958,0.268313046927388,0.260775669827163,0.214061133833139,0.197636454628807,0.114343777491894,0.266850681010695,0.185493780951627,0.152597145619977,0.10880995718723,0.10792179234458,0.199253691776529,0.223404593452881,0.180539256064604,0.136150877962885,0.236266275020759,0.186109204887603,0.159005814236088,0.334919163862141,0.113326174809402,0.136123159911469,0.300100815647332,0.174437667405756,0.178123994572674,0.133523150956332,0.208095272631127,0.208249964909016,0.104729576451723,0.147608383731498,0.2987988162553
"acrocephala",0.25516421181538,1,0.136653190425524,0.2165814323145,0.183238486345778,0.22453415187154,0.350757399352086,0.276521093193985,0.215604070533564,0.22658828804168,0.32991065168178,0.108104809858559,0.224171458024109,0.494524108977805,0.250023869593415,0.159657417512463,0.126419122746869,0.373268800185407,0.251171011215948,0.150794904118122,0.217200623812672,0.232786706621226,0.262038206202103,0.378973005435473,0.193741876073149,0.156493435089569,0.194705314688545,0.174305369007508,0.245100592076999,0.175304607710344,0.139996365176383,0.184766541023696,0.309885372651662,0.288467479385879,0.308554631494022,0.209159117919493,0.0675151356902162,0.151680657282986,0.0994927272016317,0.175685008780436,0.13936485898273,0.272094496530016,0.212866480355799,0.263925874233632,0.120374319522399,0.276286540763039,0.0941582772506849,0.368825767273835,0.108280478146795,0.280552969012594,0.0717949044756519,0.148050009300455,0.235877669311278,0.215611875199558,0.277472334272379,0.0776567623079442,0.116767912739852,0.128223326159914,0.277046046656806,0.166874159859212,0.151093419134804,0.204270154286379,0.29246788652874,0.294003805672512,0.216277127500933,0.23612286198423,0.231605428404544,0.285389297208229,0.160683935107218,0.282664763726025,0.224380283291637,0.265655550173144,0.216451665632301,0.163745440047752,0.210175473160338,0.136308597944562,0.181715928834655,0.129242866720802,0.112474708113873,0.178137624089055,0.265162007124072,0.151567262580899,0.315351334123489,0.247774959516126,0.250235619594102,0.169522760026466,0.285203064061617,0.0810151244626934,0.172863211542826,0.291811239035163,0.0876549779523682,0.210634567920903,0.0924417712849955,0.402600563888388,0.157661360837137,0.116789097807231,0.192709604393407,0.278260718191771
"acuminata",0.138645306823982,0.136653190425524,1,0.143704310203193,0.148139065993766,0.152349347692393,0.149353309991306,0.185364135167839,0.162735099874742,0.12659195884285,0.0949213009311063,0.0802010168824446,0.0912027368763507,0.116387244659959,0.149080835464016,0.130176832187716,0.0906247674697895,0.14134391172907,0.134561344785385,0.120926140170593,0.162134040853187,0.119695875973434,0.133202413003917,0.159344323223684,0.114090770974977,0.088836062338231,0.153086095458109,0.152259257484097,0.14008319004823,0.183734827139134,0.207736062153218,0.086258233388575,0.16454113568653,0.176063853714476,0.12592685989534,0.131744619960482,0.0890629900423991,0.129602482366032,0.10739114878102,0.104698073631284,0.0975545178199942,0.186885937007267,0.13760207670841,0.134364892411246,0.131807075824413,0.114595101860051,0.0847929426695116,0.141460814039464,0.0913349657741625,0.0883161581445205,0.136202524150461,0.146801933851489,0.135460067376171,0.149348884360827,0.183004049136106,0.0970530915085173,0.179582812959034,0.0830135684619163,0.11341829553787,0.12028473661938,0.117349264202805,0.145077603124022,0.176080431222653,0.166850395467526,0.155144689239503,0.168051325950781,0.0950021550119553,0.13371105195009,0.158794803339545,0.140154849446799,0.114841792099356,0.125639452394808,0.127898223737223,0.0890703331248412,0.146652862969511,0.129455860066536,0.0999671983112402,0.155634264827138,0.144758115402291,0.137209899709309,0.139848737596503,0.184684534259694,0.100087903547918,0.19290289542147,0.101770406134791,0.108171733004975,0.157113051010945,0.0703954378399421,0.096923730987425,0.132816608383764,0.118704638596375,0.119468844330106,0.111540994775607,0.134492012509413,0.11316612699115,0.084421412284987,0.142656902254185,0.151320865175522
"alata",0.311203788908784,0.2165814323145,0.143704310203193,1,0.214011030800524,0.188347408533483,0.250214870859755,0.188592259442431,0.303171645868125,0.211343175715437,0.154406345327268,0.128849479350058,0.152480051367283,0.214437936002565,0.349997869077482,0.169102819603766,0.170182960410858,0.285702447816336,0.202749508706075,0.302528196488373,0.197332352092735,0.169247817025395,0.341052940482004,0.295637317546471,0.223722952225446,0.170931829387808,0.152288276544392,0.165786088470819,0.274707127529523,0.190442633962343,0.14991045206806,0.166089544942694,0.333413419392632,0.244640390346932,0.194020950554575,0.134082963873962,0.170841211586344,0.346831162561641,0.130911699653136,0.156765533874017,0.240465268771622,0.270268657953723,0.153976161463504,0.302970474826351,0.12947937289649,0.141002990518188,0.143360445684442,0.183862320398726,0.295510078975409,0.166502455863927,0.0914618312584765,0.180731837907112,0.242348271267315,0.260367385531979,0.130356186935788,0.274753004135136,0.20335256253046,0.165467862925395,0.201075162321467,0.140283738904353,0.32783103986556,0.25617466145239,0.284216890234192,0.200784346735787,0.339063582598226,0.347198342089404,0.159545207452396,0.221355665493543,0.258793032310786,0.230388110439671,0.183866092862788,0.185816276039406,0.133380370033653,0.0932287066322652,0.221209337465007,0.319463852743771,0.150085626773941,0.107191407638126,0.109843614864149,0.200633021502353,0.215627118161032,0.232964244138571,0.122423365198796,0.214713598070565,0.154562028439198,0.15847995753484,0.341801247490414,0.165640386162282,0.114506469975727,0.247623466922804,0.175586958439815,0.15700501709388,0.229616863135707,0.185680385696189,0.24365982860851,0.113782325942042,0.134873547432946,0.280348071693253
"alba",0.209535202305064,0.183238486345778,0.148139065993766,0.214011030800524,1,0.162946173008802,0.20069085212579,0.17855112298519,0.182716490010314,0.275314660309824,0.238086273382931,0.207906308707651,0.254214323061606,0.173527350369263,0.176347209044296,0.176509647670141,0.12423614428119,0.26001153462923,0.159629028146703,0.131083465843305,0.19526463637795,0.227125367274841,0.224823251555393,0.211478679974951,0.154700133625761,0.222447064898935,0.135179006415644,0.16722519358022,0.172643320894529,0.164760042293021,0.14478535176597,0.243945146294677,0.239324295839422,0.188870550446014,0.265856805076955,0.130152224895023,0.0783180836341982,0.128111331799341,0.105941383863331,0.155882293831498,0.25191832958185,0.238836473442016,0.168130044726482,0.168841898571288,0.143512323154993,0.148870867028577,0.239341896464635,0.16691009725983,0.215933331202298,0.28804182932345,0.0812844686603557,0.16801028755123,0.208872294857055,0.204112608238041,0.130281327258724,0.0940055581002584,0.170848763330891,0.100716302782887,0.275611132765344,0.127494471881405,0.16425435748007,0.202946419954805,0.198246052074762,0.213675899039779,0.172699976287602,0.228291077012223,0.13596198017221,0.203190624639026,0.193003307865012,0.246513231001933,0.250037588488841,0.146696217796947,0.15497276518207,0.10759360242057,0.168399084615457,0.192007305434638,0.129759018309146,0.119927479106398,0.108996518294107,0.161059308166233,0.163423938999683,0.173443425895216,0.11483700203569,0.177117446025525,0.135799897121336,0.130026370072407,0.227634613889824,0.0849037689933689,0.109771822434613,0.335636165453749,0.12654822997522,0.25831964401713,0.112912871992972,0.159554434243935,0.148029491256958,0.211964878305732,0.123864094140017,0.215227376572778
"aria",0.202068831280332,0.22453415187154,0.152349347692393,0.188347408533483,0.162946173008802,1,0.242832159020793,0.193588814518025,0.186810224963096,0.192643025653791,0.183911675739488,0.0905649946597676,0.179564031264589,0.22480505037474,0.199374909136476,0.136299746262764,0.146129847844357,0.207327405550643,0.227861627587197,0.177080965908591,0.180159602723807,0.169168362163687,0.190934972338056,0.239236529096708,0.186987919901446,0.14097637670563,0.188175645713736,0.256134011860814,0.218410559615042,0.1760271109135,0.114755613535718,0.14885639248797,0.203648439293612,0.234857197701901,0.216564854438673,0.214148424522779,0.090456117887825,0.146675309799386,0.124165057757873,0.162620858589366,0.136063505303417,0.245649300088723,0.205200807790893,0.203298790402516,0.141399474259554,0.169394264383566,0.10918647965043,0.247245787569603,0.111653672101287,0.190347816248439,0.145413956073069,0.13820247746018,0.192622634079796,0.22697490257438,0.252675603567511,0.107143012110374,0.15755206693883,0.117669030340842,0.213066465695383,0.126627511329411,0.168727753528752,0.207723323206086,0.301554803048523,0.187830241388476,0.228162579051137,0.211437248091651,0.146327727328268,0.200455546072541,0.127025324686616,0.20871509964275,0.184688128872113,0.211801912881121,0.18641890892075,0.104239074917459,0.17069846282491,0.119181178197483,0.153690892884662,0.152921710920559,0.0964256076506038,0.143383649338261,0.22423027697996,0.121922265323315,0.148163818844456,0.244039660175538,0.191958586700931,0.160484375826837,0.28053647604887,0.0880672934419081,0.143378768578478,0.217923290875634,0.108905802686971,0.153769718109803,0.109418050030992,0.201724567999847,0.147395315599849,0.119814364703636,0.16892341848633,0.219370160978231
"auristellae",0.286141204724979,0.350757399352086,0.149353309991306,0.250214870859755,0.20069085212579,0.242832159020793,1,0.2172930942928,0.254889960656181,0.249056622540271,0.241320094969785,0.113636626222498,0.226698288598583,0.373141228876242,0.254185406015135,0.216242183685362,0.15790609021857,0.308430296445671,0.26831815770385,0.15405407118651,0.260091417980931,0.232912924332369,0.271855923814423,0.370534952146222,0.19098189521526,0.177221645383456,0.204787791266399,0.216815639369699,0.25093963118138,0.215281193325821,0.167152765964751,0.193932816912171,0.278581512066847,0.279984026591108,0.30193390016703,0.221634164319077,0.0955394786253143,0.186354277029132,0.112478613313899,0.184916830227787,0.162917179336805,0.281636652795471,0.243065343584553,0.290513380891236,0.137807187932064,0.213406124512994,0.109512850084718,0.304726968630236,0.119813290108226,0.266107596887102,0.097022107285336,0.166132308023014,0.268641066771668,0.240071103763094,0.218462981279539,0.0997972779245987,0.178883445547965,0.129689703555864,0.281311771948931,0.155029497271912,0.161775879680347,0.210440709257329,0.307193575322705,0.272964098683945,0.226585818983524,0.259231882224486,0.232827866071378,0.322470259470528,0.180391325199354,0.283533066085779,0.240653741694255,0.258666748434152,0.311805000688442,0.245796355042057,0.221297508961529,0.155749046902295,0.15526647922699,0.13119126109834,0.165103360906668,0.347652084071023,0.287040303175446,0.191893421716041,0.17002137519252,0.249851269180193,0.235297286789283,0.175540713049665,0.309459580141906,0.0889373421712796,0.21088927174098,0.337790023756285,0.111376415450651,0.21527233754744,0.109929413817332,0.297476342954453,0.181118762085537,0.124536007607084,0.187543399933939,0.269666895475985
"bourgonii",0.189810687356911,0.276521093193985,0.185364135167839,0.188592259442431,0.17855112298519,0.193588814518025,0.2172930942928,1,0.196806703807666,0.152790235580258,0.162967358611438,0.145914277364003,0.138733609226411,0.197503723094253,0.194162437466327,0.14205628605043,0.108336997283055,0.246879234044217,0.181532773323395,0.143600659313057,0.191279155807929,0.229637683421892,0.189418090142806,0.227831275215644,0.169413319841567,0.134907919604507,0.177948061358467,0.220724716283085,0.211519843470264,0.196142915882098,0.156837743793954,0.142953534115043,0.271504386573383,0.225726069019508,0.207058340430807,0.206572086784559,0.0856058206564855,0.143696352510724,0.141503387991673,0.139847416620693,0.136640375246887,0.254019751202839,0.153818890999722,0.214553922378518,0.135714924573299,0.188518458732625,0.106954502299188,0.222795955022506,0.104691774950805,0.149291228785242,0.0860525658055394,0.15004752322229,0.271076053145545,0.200310850410106,0.227517646713278,0.13275938582064,0.134986202322866,0.111213798865008,0.180233185141646,0.144713290395892,0.151219865427475,0.206193750049349,0.287528824253554,0.190842629713471,0.213205653228489,0.219051336522265,0.148527988728467,0.199879261841646,0.171353516780829,0.225491563140082,0.174238558554561,0.17823206649343,0.193610620662157,0.126780760460134,0.213921319845516,0.142801306924916,0.170370357719218,0.156283477078341,0.13803684168535,0.191032149169808,0.241648172573447,0.164080936197983,0.25438975075227,0.251323953140928,0.172807667759151,0.126481014313854,0.222165765614357,0.101701311134748,0.133126499984214,0.189094287334449,0.124857219045844,0.211827665555123,0.114187685188768,0.22451446059723,0.156441502935839,0.0978918007910837,0.17729909320708,0.246407159848581
"brachyrhachis.aff",0.241094996188492,0.215604070533564,0.162735099874742,0.303171645868125,0.182716490010314,0.186810224963096,0.254889960656181,0.196806703807666,1,0.203249027162201,0.183264327549901,0.11213469838864,0.156076867332599,0.253965155768032,0.578518954079206,0.242102629203318,0.133206868385199,0.252888669178908,0.182030669575844,0.217698562748299,0.178127662926515,0.170514376430608,0.254740614902938,0.240524059124763,0.17594870554174,0.145593712047964,0.138040740480923,0.214656676303989,0.22921056734121,0.176000098283249,0.173084659102119,0.157543910954036,0.268553539462625,0.251013839180502,0.181655456923631,0.127991845387834,0.144105304708561,0.220583119607071,0.104957790745958,0.161313155238167,0.185719423148604,0.245586427677759,0.177371159265404,0.265884964388034,0.141467855652737,0.190086593838858,0.139701667904141,0.196407561225487,0.151673277361973,0.150251456279111,0.0973370058294054,0.194098063594564,0.30914024016739,0.234168328663854,0.136930141088883,0.214608546977338,0.188695977449115,0.143861473158937,0.185146458428866,0.119934522547751,0.224382646144567,0.220960352203542,0.250048918875762,0.193433644074167,0.248324606947301,0.265955015255139,0.135230823067778,0.21854744928414,0.209307111249682,0.237791209774251,0.171256022241425,0.180407840723435,0.168303653457381,0.135582003104683,0.216076686962706,0.252531980016505,0.131023287792649,0.100580583592226,0.130273754103991,0.206499008801709,0.197194629120495,0.224346406867651,0.12733423535089,0.295744364646595,0.158208546293774,0.210631219309999,0.313559494753567,0.117814924722465,0.128802324702629,0.239806377887692,0.148468035355186,0.15486755060884,0.193162196060848,0.219607517001107,0.218198930903528,0.109960073145313,0.142547199525017,0.242026637237959
"brachystachys",0.246272968437244,0.22658828804168,0.12659195884285,0.211343175715437,0.275314660309824,0.192643025653791,0.249056622540271,0.152790235580258,0.203249027162201,1,0.383133154126498,0.26308802410127,0.276020859637076,0.237379300338271,0.202558549145134,0.150981597513985,0.125921361742739,0.22972661835574,0.321488995548854,0.139785584733639,0.17298472818546,0.174696330750466,0.230370507856187,0.256261673171903,0.213515086078835,0.318120405472335,0.152844937927361,0.148366991451701,0.247944365727046,0.154910720518296,0.102024695706475,0.405834146056225,0.21658375713148,0.226401784981924,0.416246806328305,0.155581465778221,0.0660153960214793,0.17627115256906,0.101758907867186,0.17855853343865,0.371191951209332,0.2208830870298,0.208472321178385,0.229833326859851,0.104427880927733,0.165690104355729,0.333695704230663,0.229760505354936,0.270178971045931,0.345717516264314,0.0764825391719888,0.141711905617544,0.22370318261129,0.214772851849906,0.127576198985305,0.0760060545378614,0.181768611794132,0.130209707713993,0.400606580830417,0.112195399653124,0.153064491551528,0.195209286479926,0.229258536945712,0.246868843363922,0.222064176896033,0.219335396622873,0.165742850200944,0.20751393604465,0.160835731904215,0.218582078339703,0.389588953333811,0.180972589885612,0.128887645392361,0.0898040535094138,0.202169147667602,0.122615604342231,0.138716565420659,0.0909614867369858,0.0953311897507689,0.142568996408841,0.206391291233378,0.153652442542408,0.155156925361697,0.192717805162881,0.18947558467732,0.165706857985804,0.248326803336956,0.0777952896384587,0.143228482502832,0.374901803294875,0.0759234905884746,0.337972167412852,0.1099956378723,0.177635019080137,0.166430930178222,0.377042895733296,0.123395701961093,0.2422968933165
"brachystachys.aff",0.198356260181024,0.32991065168178,0.0949213009311063,0.154406345327268,0.238086273382931,0.183911675739488,0.241320094969785,0.162967358611438,0.183264327549901,0.383133154126498,1,0.283879632030433,0.277794167412862,0.395673937318899,0.195090252778805,0.132356879483332,0.111040830319039,0.203485032424838,0.20910566066837,0.19840598446629,0.154372286430857,0.147759087477099,0.212343266257028,0.293298290280275,0.157938801190226,0.285141304627634,0.250460559986886,0.131006208726739,0.192876201463895,0.152619178486593,0.107758018284586,0.323781002981695,0.195372055467529,0.218435577411017,0.47169052531689,0.150769593339654,0.0601096858484154,0.126671750233489,0.0901409823213362,0.157729770869626,0.316756341802676,0.196238834692061,0.162233276224478,0.205752439262585,0.103060613778494,0.202440346891942,0.282851583813391,0.182446076896928,0.21779147298118,0.390371350429436,0.0680827624061442,0.126389086146144,0.184096194620776,0.155595785597641,0.289167917572212,0.0698548490302493,0.106818987416103,0.088894837752822,0.387680004335431,0.111618131554471,0.129733471429652,0.164240454580156,0.21960234995972,0.179649113606099,0.186265279105142,0.159513776583742,0.147418828119489,0.189164659403506,0.119343302622974,0.196592227853494,0.366131075413099,0.205174917529107,0.136417113102622,0.114064867438843,0.270697540302386,0.0874829810781846,0.143317961567103,0.0952076698429238,0.091995408044796,0.145091405724895,0.169841715808502,0.144301630468737,0.144937464851692,0.183773510126789,0.179957644372452,0.137870194012846,0.229245313093214,0.0603604749503799,0.12943068139376,0.369643972889751,0.0670391728803943,0.368595107119361,0.0824202107502467,0.341898932081807,0.144782205013171,0.295047248136059,0.139699256715027,0.190741723813041
"brevialata",0.106675996363617,0.108104809858559,0.0802010168824446,0.128849479350058,0.207906308707651,0.0905649946597676,0.113636626222498,0.145914277364003,0.11213469838864,0.26308802410127,0.283879632030433,1,0.179615735912581,0.10365188197611,0.113880758630987,0.135287649783938,0.0858157845623115,0.131202031223715,0.120318135398417,0.0909439496347862,0.0975745433178595,0.0969992520400028,0.105629381396564,0.10935844874837,0.0818501970514993,0.268880711439892,0.0749716284070442,0.0885442240425816,0.123269741449195,0.146298277230738,0.0805012012606138,0.284940556724175,0.122755682162745,0.126248237008344,0.244491168583623,0.0971304193599958,0.0543817871695298,0.0864918060911168,0.101574634915067,0.121409528516481,0.248996655776126,0.108501086959421,0.0841081740022566,0.105357762743426,0.104843156660134,0.0867884805550801,0.214483441054049,0.096994103460238,0.216274620319148,0.237144200810285,0.0723866088591733,0.0763872804599908,0.101514812273989,0.125088871787582,0.0810158522393181,0.0673823377051457,0.102993910849309,0.0537006219954373,0.248300046062054,0.0794382785988725,0.0805042362400638,0.100769493111444,0.108018142658639,0.11114315275512,0.111217137938077,0.125788282668139,0.0784382997633875,0.112173781849575,0.200693641430247,0.119196957151697,0.232331202639037,0.103557826612875,0.0822140108333527,0.0598725503318433,0.09714370291499,0.0995076369520919,0.0953648614550855,0.0628132274204927,0.0821166985261079,0.0903235549942506,0.113424614423719,0.134636879509109,0.119998308858657,0.105715146600165,0.0864615738743007,0.0824215327995139,0.114731992734723,0.06326450715471,0.0747433751481261,0.236497161268776,0.0831651393296734,0.255308427937345,0.0625556054935733,0.101763951086437,0.0877384042051047,0.233983536872527,0.0760097733446333,0.121377496738419
"brevipes",0.19434687412093,0.224171458024109,0.0912027368763507,0.152480051367283,0.254214323061606,0.179564031264589,0.226698288598583,0.138733609226411,0.156076867332599,0.276020859637076,0.277794167412862,0.179615735912581,1,0.292101940973152,0.179614355193052,0.146181433148415,0.0950184541695167,0.195388849838424,0.205127877979622,0.182461495492857,0.154139097261658,0.183362684868316,0.204888281467838,0.242982372112921,0.206464445585722,0.213650714014686,0.161927887727431,0.167739919498139,0.204708112520777,0.130300421742149,0.12754920347639,0.221482876166859,0.163681067167974,0.293357888035311,0.3914506937071,0.159648719678672,0.0527839577613252,0.104848231777114,0.0869676086526338,0.142577959605745,0.234534405380056,0.192123052887501,0.174824931566166,0.200120945280194,0.0996728863505741,0.198387988563842,0.196771481293239,0.218485552732287,0.170818877258281,0.324568796854019,0.0788647352460679,0.182707890867166,0.216658630367093,0.172495766616288,0.132770302712717,0.0611620758454946,0.124950293249354,0.097967536546863,0.382217961469308,0.123415813700277,0.125026606797181,0.143924572985306,0.209516168878046,0.191215833180336,0.146058094528961,0.149489065037201,0.164829427618274,0.22112793782229,0.102496594110927,0.16680149051946,0.306118188914918,0.179418131815204,0.148698520430936,0.111121517025628,0.21335167469798,0.0853718530092595,0.118405500543061,0.0965752748231643,0.0926554649898692,0.136082445073453,0.190937309260642,0.125312520205324,0.144961762534295,0.150361349657543,0.170472511829225,0.125167350352324,0.241770709776959,0.0605839680073779,0.13280661666071,0.306191568603026,0.102747745092996,0.236701554275976,0.0876664450373034,0.198899050544468,0.224002756161805,0.199105364701302,0.12980401376518,0.184517044865857
"capitata12",0.274660902105607,0.494524108977805,0.116387244659959,0.214437936002565,0.173527350369263,0.22480505037474,0.373141228876242,0.197503723094253,0.253965155768032,0.237379300338271,0.395673937318899,0.10365188197611,0.292101940973152,1,0.282079055574756,0.285668865946186,0.134401012006883,0.303185812779707,0.324436481477121,0.19845707975968,0.212096450578353,0.218574676705588,0.286991002043095,0.462894094313348,0.233203356704564,0.169332908855236,0.211488472690107,0.172691006949962,0.268505604531409,0.189930223222209,0.157941514938908,0.176730159828693,0.246200752241391,0.379608043198706,0.380224964511971,0.203676570188884,0.0660469239773335,0.169175352602241,0.0971097329287217,0.188317393012466,0.153675426518606,0.244423732914002,0.221065364132802,0.322146189254082,0.113340862991028,0.254860260182174,0.0940027548163811,0.33909049957887,0.0952490538887533,0.308417965438357,0.0838467675974901,0.14917543145825,0.295285885948729,0.217447547797699,0.279597608059676,0.0786776791410244,0.124236509917238,0.119413081649939,0.372255098892028,0.160744055534711,0.155379696579327,0.206495505925755,0.295291618008369,0.254093945204063,0.218862960610306,0.242816201211933,0.242008683867667,0.30862887996216,0.143003839013915,0.270973632514172,0.303101759364333,0.255866791671176,0.20003120063395,0.147617382254214,0.261224488089393,0.11957890804173,0.15314745926752,0.115115964560458,0.132484242607854,0.173227288264038,0.245771459002871,0.161920746513421,0.209009852059252,0.218933769548408,0.269162676294928,0.14326860995749,0.343815183538083,0.0785198442028634,0.173033926919904,0.318718514118977,0.0819195488243287,0.194730557735685,0.0863233083594779,0.393330640427448,0.196245010197943,0.0985263516475715,0.164202273485317,0.254968842870333
"capitata33",0.294247159581212,0.250023869593415,0.149080835464016,0.349997869077482,0.176347209044296,0.199374909136476,0.254185406015135,0.194162437466327,0.578518954079206,0.202558549145134,0.195090252778805,0.113880758630987,0.179614355193052,0.282079055574756,1,0.207742817487044,0.120463893302786,0.286505200818933,0.250491490398297,0.243818624878831,0.204740580308316,0.169600312386261,0.27700710747181,0.273042188130654,0.245788010888886,0.20421169553642,0.155391600477267,0.212082168420943,0.320897579582684,0.203130784463982,0.152057875761464,0.153519446901685,0.293295853683754,0.310031549829172,0.200780822103274,0.160286227771911,0.153338998647278,0.229776441722328,0.121220222795545,0.220985134082057,0.19334445384149,0.266309997611766,0.203923553469222,0.345276829162771,0.142110369533562,0.166783418867258,0.15003273252838,0.225746798941555,0.180158837781685,0.167836763052554,0.0834223786403745,0.186735162650971,0.318960348957088,0.277058772662726,0.147782077389976,0.224482932756386,0.196056255558714,0.157214830777116,0.235162432684665,0.124495956471809,0.269223184329806,0.20947057702871,0.299817307733411,0.226720811163983,0.328207029274901,0.278654167086896,0.217650098229944,0.2403842174821,0.185605964412875,0.236615308281252,0.225868366571296,0.190093105015883,0.149357091536167,0.120133162719509,0.237225804739866,0.2523663995339,0.140452372251649,0.107718794774957,0.120144425332772,0.202237750639272,0.198804617052717,0.21909532789606,0.127576793635778,0.271455359560355,0.155559352470269,0.210336233887675,0.336183723116798,0.133252584104609,0.122707703281115,0.266889753758757,0.158075614733137,0.15095609261359,0.19686386967426,0.198772882420641,0.218267116928061,0.102921963981423,0.160527141359622,0.25563554420559
"capitata35",0.185712042594961,0.159657417512463,0.130176832187716,0.169102819603766,0.176509647670141,0.136299746262764,0.216242183685362,0.14205628605043,0.242102629203318,0.150981597513985,0.132356879483332,0.135287649783938,0.146181433148415,0.285668865946186,0.207742817487044,1,0.128509713934061,0.194273564049985,0.162821734192825,0.117409676152537,0.148882489654085,0.158628664500099,0.16233132683875,0.168359223478297,0.139064863342953,0.118233015181802,0.120999946027662,0.166803821083603,0.148130106823598,0.152880201265805,0.15116408228242,0.134704944691885,0.194373617810202,0.170180269694899,0.141287739778889,0.106374629883566,0.0756399917757866,0.146988516067755,0.0896981894187556,0.122423102977851,0.132757849875551,0.202430897078875,0.142622449458615,0.186205190231315,0.122703672904698,0.127131650638848,0.0921519595602411,0.15910704612785,0.0933804753326221,0.141713858994066,0.0858643419690292,0.178621523008587,0.172413820455473,0.156084260237767,0.112110694937496,0.0994749377612029,0.171394500780199,0.0868031185766625,0.126557953382368,0.109075362934385,0.128939152862542,0.166420884030057,0.177958423024174,0.171011210659984,0.152649731041652,0.187500439992982,0.111113928671325,0.167499237335544,0.179361418167075,0.169854184487555,0.207467487188891,0.141035061814906,0.156685440794013,0.121631551416514,0.14923339724192,0.126579489474695,0.0963210780023443,0.093930587622833,0.13245114259706,0.176894231603578,0.154561203512987,0.171216663781491,0.0955113738347456,0.180357920251301,0.113300548783897,0.103186187722746,0.181317445545929,0.0748016447245159,0.103149478512344,0.193204527125077,0.108933505770603,0.14031589072082,0.104434776345003,0.219805758905985,0.133892562619144,0.0953719017390908,0.104586525933886,0.172692521445073
"cayennensis",0.161764528771694,0.126419122746869,0.0906247674697895,0.170182960410858,0.12423614428119,0.146129847844357,0.15790609021857,0.108336997283055,0.133206868385199,0.125921361742739,0.111040830319039,0.0858157845623115,0.0950184541695167,0.134401012006883,0.120463893302786,0.128509713934061,1,0.124941574900227,0.11523735884901,0.0910878589597982,0.121315401479946,0.118502200482355,0.1259058271344,0.118520183702086,0.18617396732693,0.283129074890115,0.0858938154789026,0.102789452063033,0.12117631914064,0.122761955781279,0.0906967108539251,0.117552165864658,0.116551608038608,0.120117069343418,0.13045429487752,0.0906311888920805,0.0536805119334387,0.111717551978417,0.087024315780344,0.106937721609933,0.103696564675548,0.133200226400681,0.110315120145031,0.13829288853687,0.0801616312103264,0.0988002989537941,0.0802248571200912,0.112686847778841,0.0662704642304008,0.133280191624198,0.0755479818364564,0.097562862730881,0.158791805832546,0.119724119849477,0.0995295895438709,0.0708425751178866,0.115953625296174,0.0660328289114844,0.113049536675538,0.094091105349841,0.0940064964595492,0.135572337489347,0.123140194755095,0.131171152294355,0.145259350534615,0.1249924622083,0.096021335474258,0.138658545798378,0.100751671074088,0.136447336600885,0.101271655802712,0.113982006375193,0.0903152028018849,0.0738507950960925,0.106259190111597,0.0977341562014314,0.0968751488067195,0.068383500646985,0.0857665321227083,0.123067419766081,0.11451616423315,0.131430302695892,0.088409697460908,0.1322137816131,0.113174903563851,0.121642552598993,0.165464478934905,0.0556845437030625,0.0966952059186226,0.138657477292376,0.0644581122345163,0.111512862249734,0.0946782032077802,0.13293687517817,0.111105374278128,0.0987081409719985,0.0789762092456097,0.121468397511572
"chartacea",0.308774030928115,0.373268800185407,0.14134391172907,0.285702447816336,0.26001153462923,0.207327405550643,0.308430296445671,0.246879234044217,0.252888669178908,0.22972661835574,0.203485032424838,0.131202031223715,0.195388849838424,0.303185812779707,0.286505200818933,0.194273564049985,0.124941574900227,1,0.278366539039348,0.178347901312139,0.224450017651491,0.232395476042615,0.343652601582114,0.314770433890467,0.196300781580012,0.164412481408888,0.201338610392183,0.216699282141256,0.328996483608022,0.204826820021992,0.160391416959925,0.200352420343408,0.326360401449469,0.292985468791251,0.255498753393392,0.171440133177226,0.0974177060204719,0.199027036712466,0.108783300360572,0.193401845971985,0.246706550463682,0.34760609547752,0.202870744799259,0.309804470667871,0.169784410075631,0.218988657705158,0.134946943465177,0.298805057664743,0.146542825457051,0.205830121322077,0.0932478989253277,0.18062170668225,0.289013525213377,0.253051021183069,0.185616452956189,0.12944886211256,0.170605512147164,0.135443954975537,0.275473157549033,0.159600326224143,0.237703367063796,0.239390417559103,0.322815430256657,0.276606686783141,0.253460042448446,0.28030973934958,0.20334458574662,0.28081459965733,0.267037418159719,0.374096424555809,0.238558073606161,0.237314805398201,0.184491827940474,0.140905997537069,0.244807670082471,0.211504495875265,0.191067561609717,0.120231765665427,0.129515911857381,0.19521874151951,0.255936824515011,0.190812271040146,0.182331098005902,0.242336640204646,0.206356512085613,0.162749086069391,0.31684872454137,0.159804738465914,0.149057743749167,0.292946647776642,0.128064368272815,0.213057277562617,0.13206053106042,0.238129283968186,0.248485552721476,0.107923711419254,0.17438917050506,0.336054393733239
"cinnamomea",0.282196439078445,0.251171011215948,0.134561344785385,0.202749508706075,0.159629028146703,0.227861627587197,0.26831815770385,0.181532773323395,0.182030669575844,0.321488995548854,0.20910566066837,0.120318135398417,0.205127877979622,0.324436481477121,0.250491490398297,0.162821734192825,0.11523735884901,0.278366539039348,1,0.162473481576792,0.212008886930107,0.207306388124824,0.260636751127849,0.339178863097923,0.216365513544055,0.157032697153485,0.180439759307174,0.163649240549259,0.2842325177376,0.199533665786615,0.125466460763325,0.149366086446527,0.213236049153851,0.328624712265507,0.274582492143476,0.173358488541486,0.0740075897891697,0.166406138848174,0.143704842973386,0.201436189038819,0.219435901619184,0.243706577539002,0.211666117065837,0.311374158161737,0.123878361949717,0.191319460298522,0.105205404640425,0.231167359707114,0.127673162703379,0.207389886796681,0.0869472873672278,0.151854489436448,0.266939470242743,0.228682571481467,0.157996914838839,0.0933740501602018,0.157702293889694,0.119624455590904,0.309153512410695,0.116672232397991,0.175753780817366,0.202593867430948,0.286349658370906,0.256024147256569,0.232760472298358,0.24416574895674,0.216886780903293,0.251388280620218,0.129019874006241,0.240772647006845,0.287537499392504,0.17941535055584,0.139883883684719,0.110987603291214,0.243697988817596,0.116905971029931,0.134063592009534,0.09924720153245,0.107345942450824,0.158881420432738,0.237905167047293,0.14252254907365,0.141846122773008,0.198334903836565,0.195305681306907,0.163523600723966,0.334387273631661,0.0831100447353962,0.141875753506047,0.289346690397705,0.0976141699156182,0.177954488857057,0.112471188668354,0.215038788020999,0.171657771676141,0.0985787409129038,0.186751301014003,0.26961260445724
"cocleensis",0.176343337097979,0.150794904118122,0.120926140170593,0.302528196488373,0.131083465843305,0.177080965908591,0.15405407118651,0.143600659313057,0.217698562748299,0.139785584733639,0.19840598446629,0.0909439496347862,0.182461495492857,0.19845707975968,0.243818624878831,0.117409676152537,0.0910878589597982,0.178347901312139,0.162473481576792,1,0.12832175376489,0.115439728358113,0.228123917192061,0.216916289675218,0.164230286611202,0.154390878760626,0.184912151731713,0.181598692921975,0.206107857356115,0.144294142395851,0.122124353656918,0.119877143488207,0.196464962337303,0.234992254771284,0.174572247329174,0.114135113329691,0.20936521209636,0.258196963225524,0.103884096047559,0.120676795519999,0.167216963479071,0.201671189819385,0.12570279841411,0.267932422863109,0.14360211863217,0.156615313711692,0.108477498041344,0.159162148472741,0.202741753491695,0.109315302434961,0.0885657115428697,0.141906438416414,0.223930541372807,0.181464445298575,0.126861684048192,0.285881697348597,0.150625279618989,0.169270663124737,0.176487255447167,0.0883773791418109,0.255356311517045,0.169840949304259,0.199596186243771,0.156623296771412,0.329591135211477,0.199953638550674,0.117951899635763,0.147677285539794,0.135279468475649,0.139629821867449,0.168503693366303,0.155639694018692,0.112439497304381,0.0778738808099717,0.24316223532787,0.28717916556337,0.106822680843744,0.0782391503208345,0.0874115141721459,0.149833457946548,0.12912730900629,0.142073910553944,0.101038873565279,0.181470855582713,0.128013301212501,0.137544871320972,0.25970324652327,0.146093809221839,0.0913586829385024,0.180395417163411,0.157197005400432,0.132209567501074,0.185205324053659,0.152816842853153,0.24769775336548,0.0794021434190356,0.136311867102916,0.194255201119775
"cordatoalata",0.209087979782639,0.217200623812672,0.162134040853187,0.197332352092735,0.19526463637795,0.180159602723807,0.260091417980931,0.191279155807929,0.178127662926515,0.17298472818546,0.154372286430857,0.0975745433178595,0.154139097261658,0.212096450578353,0.204740580308316,0.148882489654085,0.121315401479946,0.224450017651491,0.212008886930107,0.12832175376489,1,0.198015394863296,0.193868947553814,0.211442893016902,0.148266212009998,0.142790485752118,0.171097570322888,0.182083383899477,0.230741598248702,0.318846654447995,0.12975900511219,0.126246520122067,0.19523432051575,0.246532768235613,0.191943963038111,0.270583580505987,0.0749250603737993,0.146137718734705,0.120132278771283,0.152498894795839,0.136346489408679,0.272633649960848,0.212604538409268,0.218860320762378,0.149925997678947,0.173277041437965,0.106037185776574,0.20509279466001,0.111208694683776,0.164617878303966,0.099654166520873,0.179730130234923,0.195836463765146,0.192738299457788,0.151067434601489,0.0944178419179671,0.167201000133475,0.108982472655006,0.185238639561692,0.15829904705458,0.162821208498588,0.202484487290936,0.246277648612662,0.232759154176976,0.189828282418513,0.22186050530324,0.165221659242616,0.242391970062731,0.187207013700497,0.22103019259129,0.193855836060564,0.187326028222843,0.199172518228959,0.132951968421237,0.21256503345068,0.155144185337283,0.129800371421921,0.164794107190736,0.198954884543511,0.166759854299801,0.234825996841563,0.12653638485067,0.148362935725235,0.219601094257159,0.143845540599517,0.154514012605623,0.208098851765262,0.0878072456556604,0.210407174577996,0.231311213050655,0.0986995738183549,0.17146186819746,0.11241945264869,0.198781023686322,0.142892213490786,0.101607596902659,0.182851090859992,0.199354288721802
"coruscans",0.201080932983763,0.232786706621226,0.119695875973434,0.169247817025395,0.227125367274841,0.169168362163687,0.232912924332369,0.229637683421892,0.170514376430608,0.174696330750466,0.147759087477099,0.0969992520400028,0.183362684868316,0.218574676705588,0.169600312386261,0.158628664500099,0.118502200482355,0.232395476042615,0.207306388124824,0.115439728358113,0.198015394863296,1,0.234426391323392,0.23205184365126,0.161505710935358,0.112236083704441,0.182938696456499,0.178945079035198,0.199392063456149,0.171879227045881,0.14120830323033,0.16091931490082,0.215008471718585,0.197184194134093,0.189191505412312,0.146550010932036,0.0726245610667569,0.134255396286542,0.101126840113625,0.152613467516289,0.12753989181667,0.203352918061975,0.181555631363132,0.194217134259083,0.177831108042407,0.21831917954045,0.0938588991340079,0.181785797168516,0.0969122059690766,0.179722881774377,0.0946321505638733,0.134696546175175,0.200547063686814,0.170196582921801,0.146452117121707,0.087312790954049,0.138664062018222,0.109824296568899,0.194588905991658,0.136214357037692,0.12453495062159,0.180777020286005,0.217110671695583,0.207189418642872,0.193787292085399,0.223042854027152,0.156551624538605,0.217675885611474,0.156655200847213,0.194516624568978,0.180904653306907,0.18537688321374,0.164946747275506,0.112397039857937,0.177566865990436,0.123029010104041,0.155524891367309,0.113802819870126,0.119591634330466,0.135725165169822,0.30277052972337,0.126406318580985,0.183344965789953,0.202582192176691,0.172456926849648,0.129688805636032,0.221699745500482,0.0734057406988071,0.126655739279174,0.205723524803187,0.109527172245599,0.194106267266609,0.086008148310886,0.203998170805217,0.133974406870193,0.0980160538304577,0.137068748842577,0.239761384728226
