"","acreana","acrocephala","acuminata","alata","alba","aria","auristellae","bourgonii","brachyrhachis.aff","brachystachys","brachystachys.aff","brevialata","brevipes","capitata12","capitata33","capitata35","cayennensis","chartacea","cinnamomea","cocleensis","cordatoalata","coruscans","cylindrica","edulis","fastuosa","flagelliformis","fosteriana","glomeriflora","goldmanii","gracilifolia","grandiflora","heterophylla","huberi","ingoides","jenmanii","kursarii","LA17","LA41","LA48","lateriflora","laurina","leiocalycina","leiocalycina.aff","lomatophylla","longiflora","longipedunculata","loubryana","M18","M25","M27b","M30","M71","marginata","melinonis","microcoma","multinervis","nobilis","nouragensis","obidensis","oerstediana","paraensis","pezizifera","pezizifera.aff","pitmanii","poeppigiana","punctata","retinocarpa","rubiginosa","ruiziana","sapindoides","sertulifera","setosa","spectabilis","splendens","stipularis","striata","suaveolens","subcapitata","T18","T21","T29","T50","T51","T82","T85","tenuistipula","thibaudiana","tomentosa","ulei","umbellifera","umbellifera.aff","umbratica","velutina","venusta","vera","virgultosa","vismiifolia","Zygia mediana"
"acreana",1,0.248146108977882,0.22953262566024,0.22182987177947,0.29157309581288,0.273193638909595,0.208501044030357,0.285670275256391,0.276095703869591,0.175994726255745,0.165075049289891,0.193376065638289,0.110729070954911,0.252262802290299,0.228625109798958,0.19842819901916,0.173308368831326,0.258156261863136,0.270715746746373,0.121405192905641,0.264436118884428,0.28654628511812,0.242128636152684,0.227305753879881,0.225318751499514,0.202297228064641,0.13143602944413,0.202661758350093,0.187792442697019,0.205120360975599,0.131553247769345,0.173575161855779,0.29178305772735,0.235874239879833,0.147283174485315,0.171878899829243,0.217459024242826,0.172999181344721,0.135285325755179,0.246474107429893,0.223083362744162,0.227237678102762,0.152199324251944,0.260243902299132,0.254050341252962,0.283489108101831,0.104089224042283,0.242538513335127,0.134865636335678,0.199545300732191,0.170912972192694,0.125093237824884,0.283927548373645,0.234907288123496,0.235293827337389,0.252134116844293,0.183360907077464,0.18318733186387,0.158834253490848,0.125736838635235,0.22772653587427,0.251992208604358,0.215547511411127,0.243021939223573,0.257299157426838,0.312566757875627,0.170448165890114,0.31600274979072,0.275682193345781,0.251200883787328,0.217611152803091,0.186785598620591,0.249958892391817,0.270720758674099,0.266512542892263,0.271937754890636,0.174435441561158,0.180658912612113,0.158014296017231,0.236963756765974,0.263843355591913,0.166560835294278,0.155313137689514,0.169081317617771,0.229619359273191,0.162470288991083,0.234247705092257,0.284426159612687,0.117031737180493,0.147153305940915,0.289363086510951,0.176081102762651,0.0959868958988908,0.273211932926027,0.192159394995013,0.122149770508306,0.16536377544249,0.238654184489006
"acrocephala",0.248146108977882,1,0.224706762327931,0.200442058207176,0.225701400349738,0.219715464389011,0.193668729114784,0.231855099139859,0.299429581984619,0.196513305985983,0.122485929463712,0.133158854863582,0.108612481101133,0.178014168635878,0.169177535483123,0.212817852517966,0.167617405178634,0.277475673030779,0.171964805587033,0.10257368189762,0.237008554671463,0.228350129321136,0.26549234056248,0.207344930432795,0.167163241507201,0.272009395282118,0.197642669699742,0.197823483606032,0.1583910914066,0.152273110778906,0.140552771066742,0.143147117992195,0.241958258232813,0.142311257121224,0.159959871246791,0.163452509897118,0.177486150201283,0.163523439712996,0.15855291378238,0.198736800202962,0.134495060048837,0.179944523956962,0.120445448334469,0.216969737056345,0.281466689924255,0.291680904877223,0.102589534306057,0.291183167270377,0.0849784105974475,0.151732365927331,0.232368947983942,0.114576419875768,0.190613448114452,0.277334938245024,0.170147441500026,0.175682303676467,0.208218340732987,0.118123346339599,0.172288468531651,0.144968572442064,0.368698723563163,0.219394011245051,0.136712107206153,0.206157173013585,0.351403953164936,0.262328280984703,0.167513508354662,0.220083854749341,0.180891753293634,0.196370271973297,0.160453550422947,0.229606947722721,0.262032143723293,0.242176575786911,0.236025107767556,0.237199975526734,0.159149371374232,0.129198415925346,0.144096974726146,0.185899100601473,0.432308098752263,0.169922448500695,0.146568592312896,0.157235405814797,0.180536566512223,0.174882284509485,0.261449670418537,0.204811437912646,0.10110050496739,0.127272520727879,0.203672634820736,0.216439455703722,0.0884521286237955,0.197736288294556,0.359811615817059,0.224742260088432,0.131322050201913,0.238004270051998
"acuminata",0.22953262566024,0.224706762327931,1,0.234799761214061,0.17116895085538,0.209126063426385,0.284939649064987,0.393645179603615,0.39428946684632,0.159138901612718,0.147440877356769,0.113956899084095,0.0740040407735374,0.190449781767018,0.3231813017405,0.17951964167958,0.154035725128448,0.334662982737753,0.319996995199014,0.116804264845683,0.362763573135692,0.388718489559728,0.233623330800724,0.192000108609989,0.300888791246111,0.200677097432317,0.103508404619662,0.199817884025748,0.159412545164199,0.152321585088694,0.117017274041671,0.207657598451619,0.230697307203366,0.115487454149372,0.157084424541713,0.142337933822028,0.187908963888542,0.153022235427362,0.13586259142112,0.295623510689926,0.152476350874121,0.339831459842449,0.0956223532448236,0.35637874098157,0.212966736321534,0.319013304611686,0.0965540328272433,0.235733175712008,0.0872228503504573,0.230359840831199,0.203500498186287,0.105446567273264,0.20220141731676,0.197266556936451,0.226655267610096,0.151244517838838,0.173219301306211,0.113272197235553,0.240120786984604,0.0745093446879203,0.216019085276848,0.173925405994825,0.118759145950058,0.198041569824324,0.513195768189441,0.236494480883735,0.124486853599277,0.328537112725559,0.310338850636882,0.213090354546638,0.165840097352384,0.165807364172326,0.230835088659744,0.378556299414823,0.366603076249896,0.258587455085764,0.118322918501708,0.162642387486237,0.112296869396125,0.275402346380017,0.210392231562894,0.109794500805423,0.139725219665805,0.150773888885635,0.473026023394735,0.13313479971631,0.301185433993954,0.239815510570773,0.0964029190151338,0.0877060550565902,0.313869506914308,0.114080760654392,0.0711568519549316,0.19467149555472,0.166616236320494,0.192485367936801,0.122584205681797,0.191156120844815
"alata",0.22182987177947,0.200442058207176,0.234799761214061,1,0.202362900810559,0.17132886452685,0.436058131340553,0.244336738089315,0.231162475786509,0.142893991350595,0.156286843256334,0.138211400547508,0.110711553446967,0.203918566884249,0.193876808237447,0.176744243270774,0.176518861074546,0.276044925024663,0.195020724499346,0.263279514994212,0.225598570543126,0.185242799222373,0.237172439605976,0.253571335976808,0.193838991774526,0.159838120363917,0.133281303843372,0.167796628238758,0.152582923752716,0.14589061619051,0.26709061550174,0.156301840595987,0.239535564078209,0.150131165244482,0.295059362547623,0.148556077503157,0.170065306485437,0.189607544787153,0.174994311609803,0.1703457487607,0.154115667719557,0.189848489514779,0.12078552078401,0.199916037290168,0.20128893303263,0.1992171742497,0.25938590527835,0.180587623995229,0.0956152252381067,0.152550381299709,0.224121617852011,0.131435889979726,0.199174951508517,0.180086473545732,0.178061245264649,0.158444345411088,0.137180813952197,0.139138227423798,0.197197320400527,0.103855212769492,0.232157406001984,0.267473552797299,0.171171882736859,0.217530370082369,0.247617709626771,0.249699082450887,0.203430452626433,0.253450875360447,0.193058772051778,0.256408856034618,0.146309516607549,0.141307217458499,0.200089923679124,0.193012353918159,0.189023080849285,0.252229080230585,0.129552909894356,0.127645929908948,0.141014052200864,0.235326751046508,0.227827887622583,0.151920054478507,0.105463097915489,0.128542118152538,0.168499171080703,0.140275146304149,0.284586222225312,0.195622053042637,0.103693477139366,0.231620016429123,0.223206502787238,0.129605869379844,0.0858585775803173,0.208341250522367,0.148821357376677,0.115711416145295,0.15029876629805,0.227299666442321
"alba",0.29157309581288,0.225701400349738,0.17116895085538,0.202362900810559,1,0.228579413816229,0.219164691966835,0.235701386093581,0.241619638503283,0.294185356976396,0.263120464978017,0.249321459465713,0.212165636677609,0.255435739293085,0.196323674685616,0.198467959406034,0.170035714136904,0.307534160228777,0.188317073994964,0.138156475728017,0.212368456138589,0.213907475577298,0.221478082777106,0.247317150179884,0.203818720779557,0.290344467383844,0.160445269003745,0.202480684207513,0.189037255364569,0.17213596808604,0.142520573034252,0.272989916908623,0.25242095620175,0.171033409933997,0.24934117446034,0.193923952078239,0.194606680366783,0.133668088254556,0.14137837204939,0.195974630826836,0.280525029215961,0.182614230341805,0.149990635940617,0.182411077071977,0.237518618691999,0.208572884794751,0.213573795441318,0.186862503375766,0.209891521162599,0.28198783833021,0.180214086036645,0.130987349503679,0.219441426217726,0.222210532205515,0.196345397308847,0.239987705295265,0.134814606134503,0.168479078917745,0.247508724772489,0.141293760234648,0.276853172217749,0.240008893119904,0.189834337671711,0.228410136590947,0.265054258832172,0.276482544710627,0.175674967527321,0.251478068615777,0.244453654190806,0.242552507785358,0.308077842047788,0.232585203909513,0.203730349161551,0.228080237895892,0.214397583378349,0.281799926576663,0.162361137183072,0.137801734295953,0.130385746243964,0.219807642343048,0.265565730459778,0.213494829671405,0.12508784883049,0.183784794556931,0.179056214954399,0.175629876322562,0.204618521041171,0.204039464506928,0.113012462489758,0.255443876481578,0.21493082630886,0.300047611037585,0.0829494425582113,0.223670254213062,0.163078095176278,0.217689765143823,0.156223804786481,0.262727879145265
"aria",0.273193638909595,0.219715464389011,0.209126063426385,0.17132886452685,0.228579413816229,1,0.212431501094508,0.180517889275991,0.241918496055313,0.168573471705712,0.148365380062292,0.16370909563106,0.0957485834907764,0.225448567077809,0.199804063833692,0.20326809754202,0.182812755743176,0.276880460039556,0.245421271507353,0.0923333668970384,0.236412668758211,0.229683541676295,0.230508891079324,0.168968072887947,0.199682363368328,0.172585366191257,0.134990031349762,0.191277587942325,0.173601533683647,0.174289567773835,0.106872589637052,0.136145135101174,0.254813954248309,0.211147879818293,0.134682389540956,0.148761119509794,0.206331057813151,0.160255704802774,0.127323077260078,0.223623067606001,0.182953603003838,0.208432188834831,0.144933884096331,0.234595046846228,0.24733963798632,0.229963742290855,0.100494097700957,0.231394631848145,0.0946695334443883,0.158309369232037,0.171101733884591,0.139535062392244,0.198004775734158,0.256976610307327,0.195595977932291,0.18565635487579,0.161409794069307,0.146695610485413,0.150655978728206,0.128371799947386,0.274602355094245,0.195859044042323,0.160637940876069,0.227010074890133,0.292326728509062,0.249462819795856,0.125798411805461,0.22725955561225,0.220495719596575,0.203289469078187,0.183069916993752,0.172501788320833,0.214696996616786,0.252646918102075,0.252000172582514,0.23476700617663,0.139444495761291,0.138953446505183,0.153289986039923,0.212935363581232,0.260418792857256,0.164794958919003,0.135300698037311,0.146626870055345,0.201745716443435,0.157565403010326,0.208689207232096,0.280884359341359,0.106574933739638,0.120891573091305,0.245034333084617,0.168413133070944,0.0848375296790683,0.215875087286416,0.16762416630127,0.171150931945541,0.165463415598789,0.220745923803229
"auristellae",0.208501044030357,0.193668729114784,0.284939649064987,0.436058131340553,0.219164691966835,0.212431501094508,1,0.26035273932069,0.241511025514857,0.159055918790825,0.138700630235407,0.130114025520133,0.148036748906106,0.254683466089495,0.187514858494437,0.201156232092263,0.18607905271938,0.317020835403797,0.20890612671739,0.260440723875595,0.22496448903712,0.213040938872489,0.264597303150408,0.301229551637758,0.172980312918951,0.163565390306345,0.164057138357863,0.22471406051106,0.154074204296222,0.165696414385565,0.306078388588399,0.166439328237276,0.235261422193338,0.137532939108552,0.319033295396862,0.159401541418003,0.19251636108235,0.135716384184234,0.161351458502281,0.191598939834473,0.175767633403716,0.249254647516746,0.124694265436917,0.219797783666523,0.22285716690432,0.213454582683884,0.257824648246867,0.189377959955009,0.0967385252787956,0.170392942581117,0.237298726006913,0.104990435952825,0.187678020006084,0.239202281070162,0.163140362954592,0.217504567160833,0.147165233030262,0.158935841207645,0.224277894100764,0.125940730848747,0.244483286879377,0.265247814040756,0.172695443194371,0.23135081101793,0.307359739438917,0.251861674286453,0.222367588827721,0.27340124825144,0.219383211768765,0.288816444970584,0.17284852796105,0.186422263178486,0.212063218630434,0.235733989629183,0.216799562165586,0.272078913810229,0.132627496069161,0.135140975863614,0.143967311395524,0.238138182708554,0.208943749241354,0.174904201237643,0.124159643407612,0.164237206649593,0.193299490496218,0.181624254900199,0.280525803993273,0.206799544279746,0.122652940874149,0.271132142166236,0.228416226230851,0.162974507013937,0.0879970502655404,0.250591272989801,0.140553716212739,0.182878569535974,0.138755709660697,0.238726762225148
"bourgonii",0.285670275256391,0.231855099139859,0.393645179603615,0.244336738089315,0.235701386093581,0.180517889275991,0.26035273932069,1,0.269774014525012,0.201486993501567,0.215128924801213,0.124775155876265,0.0890075889451748,0.182339367846266,0.216848301434086,0.247617178894947,0.157130812262534,0.274705004244135,0.360023198910539,0.110296845067067,0.277786473684313,0.265187314755508,0.267020884208329,0.178260776029198,0.255735816781369,0.225365117055653,0.115942638835214,0.143310564143799,0.175558695849282,0.161192549977537,0.119896773088585,0.192716287813079,0.230377497459402,0.131550190127484,0.186364691918618,0.135088799248123,0.21983748482834,0.165204585422588,0.142337732816742,0.203191175914597,0.135978273479597,0.235831436816609,0.108347230721212,0.244284739902093,0.237505137554104,0.274431084564089,0.0783003494243871,0.240134752639191,0.105886138351448,0.169731631419935,0.251108471978431,0.115620715848696,0.228582665234406,0.20504264093305,0.206385974682162,0.183476983946957,0.181708847126015,0.130413351661463,0.270419881766644,0.0767271221743888,0.233405434048175,0.20325910102473,0.171966222071728,0.230089053893364,0.266280604791115,0.251582380984091,0.118691348633679,0.257310796394211,0.232529749904788,0.272016652877282,0.163603030743324,0.134348940767428,0.278550555789993,0.239737305260772,0.317800261771019,0.226168613450968,0.140944553098251,0.164923232259382,0.130972176516977,0.209956392591106,0.251430401898309,0.127541081704997,0.168722919532161,0.128474219862042,0.246965127326405,0.133178269720103,0.279324003149063,0.233803489896877,0.0901899534276468,0.100672424128688,0.234717407582717,0.124059163505453,0.10976177590228,0.210246417356658,0.177004235708865,0.170642618288086,0.133785989034584,0.206167415983014
"brachyrhachis.aff",0.276095703869591,0.299429581984619,0.39428946684632,0.231162475786509,0.241619638503283,0.241918496055313,0.241511025514857,0.269774014525012,1,0.188379372268557,0.184843709755479,0.134714860915839,0.108774858215036,0.26409306316208,0.334053304314725,0.221236698347298,0.183135566926263,0.34756745454635,0.29596280946688,0.141778462495501,0.345002134142533,0.366309225731614,0.249777002760224,0.232127143411725,0.305932082103079,0.21085603498149,0.170802432292559,0.24173606210935,0.204116746541669,0.227862720588977,0.146788670712587,0.228794884269201,0.296575421677156,0.152487678166665,0.16548475452153,0.212292911321386,0.225492399818162,0.171290961588213,0.17479761767165,0.283183618093602,0.210930725391061,0.329448588892062,0.119700795416922,0.307192034002066,0.249249086011148,0.337384408316783,0.13298793318536,0.306655627765472,0.111869097673282,0.2557752249927,0.192849358366507,0.125820073865172,0.238377054754704,0.236318927139837,0.282860786267609,0.204911230144929,0.193743269577439,0.156381175403399,0.194318279953512,0.106518504508499,0.309099135082109,0.264123833007402,0.180178523021032,0.256239652450895,0.459853895126953,0.315075483361038,0.194089549506267,0.387976796491705,0.339787866531713,0.246469564570727,0.213350085574739,0.227264341283747,0.285100840430634,0.387928911267198,0.369665088555695,0.349080267838403,0.174085779951521,0.169654555567949,0.198349171111823,0.305247344911018,0.251354627594611,0.164109168874674,0.171967617256682,0.18749076513942,0.390954935114866,0.187974186627893,0.324899844270929,0.259887698222541,0.111835657525695,0.126898095467483,0.341684032212445,0.190017492475581,0.0770316466175912,0.234531620021043,0.222149825228712,0.184009685442018,0.160895381234615,0.277219364794332
"brachystachys",0.175994726255745,0.196513305985983,0.159138901612718,0.142893991350595,0.294185356976396,0.168573471705712,0.159055918790825,0.201486993501567,0.188379372268557,1,0.364180911738869,0.266689238982623,0.179228374945872,0.185570298850562,0.142933923767647,0.183219865797536,0.122304817132444,0.186067599733533,0.162646088094708,0.0996173823797628,0.199785733188624,0.167845432817273,0.162160748695058,0.138795795213352,0.158943681198298,0.376038847837892,0.103597209267807,0.156365163151603,0.117221980415972,0.129033780885431,0.113647586247182,0.389665917688276,0.19100036509397,0.122332798576764,0.293266939101821,0.14436136719953,0.150597446153578,0.106400024470435,0.116444158516673,0.14929551164936,0.342339900069514,0.149593659081081,0.110243462417605,0.164684130812004,0.189468237738801,0.245323203085552,0.319234851192327,0.20340874200775,0.238827228777045,0.315338826411593,0.130362259385982,0.122251453935074,0.172806716332294,0.212968380042202,0.142635619582757,0.159437023689239,0.121857677617561,0.122668025479818,0.252848639958643,0.0839250123111739,0.217184265426776,0.147169264415111,0.113842148827306,0.159427675293365,0.187675163292956,0.206844759798701,0.130497419319397,0.168928393348154,0.173195849184401,0.174392522001145,0.341117458624487,0.125472831176261,0.19942740881726,0.179292517988261,0.218208054812631,0.157195189494671,0.107881826775088,0.141888400101705,0.116887527300219,0.159466081145924,0.176654216551244,0.140312815981611,0.0939245341628941,0.111318290356738,0.162240685667147,0.119685508775638,0.154305036853966,0.180408560790701,0.111724034077622,0.216020326727331,0.168271020778803,0.294296180282445,0.0762500011330591,0.157705748721229,0.118059631600039,0.388829489503104,0.118289471838871,0.162178680158535
"brachystachys.aff",0.165075049289891,0.122485929463712,0.147440877356769,0.156286843256334,0.263120464978017,0.148365380062292,0.138700630235407,0.215128924801213,0.184843709755479,0.364180911738869,1,0.294165637139565,0.164931431062529,0.148105818757604,0.195234551158586,0.181688045897212,0.132229377162492,0.174432273367951,0.221129476083997,0.0822121527411297,0.183311310344315,0.164523770009768,0.168574781232652,0.111109170349413,0.149018108012524,0.292491154144639,0.102034959080549,0.133787018804142,0.129853392323808,0.166547492182295,0.0909009626571061,0.31985863365091,0.174616625715816,0.120766640686296,0.290028190647735,0.124393443125214,0.168075524468151,0.123235991974338,0.158415175552726,0.158998357924497,0.396717117720104,0.174856903870428,0.104803446726414,0.154748618042335,0.156081148392853,0.166856284962626,0.279449544427044,0.157110957754091,0.220294950780759,0.277717485229903,0.131117692366304,0.109464782085415,0.156852954678942,0.14955826685511,0.140032073368291,0.152368926280504,0.146071387139367,0.117211971838624,0.246484812786306,0.0676355739273866,0.226984933245557,0.152304861846965,0.149362778809637,0.230248571152099,0.173706753127521,0.187901228737668,0.150306895714814,0.177728462741198,0.149427458611213,0.237656774874344,0.329451089331776,0.0914725697817931,0.219143704317948,0.146350411722528,0.202866385809032,0.191450851760126,0.11038154996958,0.123124964233332,0.0962715211883201,0.20378022950165,0.16691718226006,0.113987708989517,0.126158091340397,0.0884160264922014,0.197107612608486,0.096134821784607,0.193244040944264,0.147194023956712,0.0869838233258111,0.19843078630796,0.151192551724936,0.268198026600656,0.0669603134682308,0.149466820506403,0.132315432127601,0.308750101798711,0.145087537997219,0.170588146306988
"brevialata",0.193376065638289,0.133158854863582,0.113956899084095,0.138211400547508,0.249321459465713,0.16370909563106,0.130114025520133,0.124775155876265,0.134714860915839,0.266689238982623,0.294165637139565,1,0.152654535675902,0.140782078565374,0.130138714834414,0.144317077423334,0.116086584294893,0.139564646776921,0.137541971075306,0.0702557450893377,0.15488048271209,0.155647361165569,0.155718521390557,0.103475520310311,0.12907898158531,0.259903620209958,0.106436061394254,0.14178466834741,0.152571266546897,0.12701192937434,0.0851037331396508,0.267753196252877,0.187117501336689,0.160120251712237,0.241740548877143,0.126512497969782,0.168204230310779,0.119984419743055,0.124005338492264,0.155128002104549,0.271938291312052,0.140387257769898,0.123998556583005,0.169267838108346,0.140898597407902,0.128157928730471,0.212094646836441,0.140504436680182,0.223828022663599,0.258997169756218,0.117763351169527,0.138736023478294,0.201813157222492,0.134597075101827,0.127092473957783,0.141092777995724,0.110379066314063,0.11342994585718,0.213324533282363,0.0660516011321114,0.121420504873556,0.161582584302405,0.136514592262171,0.15411044977734,0.120073233304773,0.171057392062425,0.109726614949355,0.16594668119718,0.14079343246429,0.149869353586323,0.264051601380994,0.0864044644738074,0.136854249793152,0.144491221972213,0.158609332881085,0.187684157279184,0.145673923346774,0.130329572997454,0.115789590134074,0.142781796536344,0.18860687302471,0.12333343520026,0.0883677732504462,0.0654410679996542,0.128094661598025,0.0937974270211701,0.128666967250735,0.141476642197661,0.0781322869596623,0.19827229663379,0.162049139011144,0.243126740594081,0.0886258373724424,0.126986585485615,0.152399377340438,0.236655577659132,0.161880220583901,0.144536097045934
"brevipes",0.110729070954911,0.108612481101133,0.0740040407735374,0.110711553446967,0.212165636677609,0.0957485834907764,0.148036748906106,0.0890075889451748,0.108774858215036,0.179228374945872,0.164931431062529,0.152654535675902,1,0.0999541741557463,0.0678060316411317,0.103490478041276,0.101594740914492,0.181816739302547,0.0724867583193255,0.185219720962102,0.0682157569134071,0.0890764575945385,0.146723582112095,0.227106679040593,0.0647369016992441,0.160708046619358,0.150650226111171,0.157848717950903,0.103287245866019,0.0801227905712945,0.211732835111519,0.153249200198998,0.134105783733446,0.0835663860540998,0.288825753972193,0.0993961546615043,0.106168967255436,0.079377686354599,0.0683107010222566,0.0764552305578582,0.191434709302312,0.0686926147242759,0.109927469187056,0.0780443028520617,0.11604357436044,0.089301687554995,0.223515770365421,0.0722916152518277,0.164445719190958,0.183008624074094,0.100146531996445,0.0616738916049561,0.0933832407770503,0.147883913852201,0.0855267858993716,0.168475973924611,0.0677038676511076,0.077208500851805,0.172492360545714,0.174008124868436,0.173443415514969,0.110775996885846,0.0989628579050543,0.21576837229026,0.128410958594191,0.133299241724516,0.186074379287581,0.141756995176623,0.104668583591017,0.123825427420767,0.203272090378191,0.262113953615601,0.0855942669467203,0.101460092829055,0.0861088171407376,0.11199567739032,0.0633772435706977,0.0605315780964056,0.0820261043125001,0.104615344933258,0.12272145645727,0.243878372417841,0.0666272342406206,0.163591741117893,0.0739132052527663,0.186740521341942,0.0828729250318559,0.108891695647172,0.0709059113493458,0.31089008106931,0.140023058279222,0.257144857228564,0.266855413730967,0.122591207935931,0.0914880130688251,0.148472868776142,0.0991460514008276,0.163179827225195
"capitata12",0.252262802290299,0.178014168635878,0.190449781767018,0.203918566884249,0.255435739293085,0.225448567077809,0.254683466089495,0.182339367846266,0.26409306316208,0.185570298850562,0.148105818757604,0.140782078565374,0.0999541741557463,1,0.198356824055245,0.204435861485332,0.190766857914389,0.266982818992752,0.182745515688644,0.108973674287937,0.246296544940217,0.244649253608846,0.239531820698818,0.193391283134688,0.217721874303729,0.182504056871841,0.146807226885703,0.228950973579482,0.19109491524384,0.186279568096817,0.135286138166826,0.172374696574346,0.245631912506898,0.206700840163965,0.137776512212409,0.185469449823647,0.192001177145808,0.162651816460207,0.16623010377013,0.21529114377422,0.190184643658661,0.221103491213111,0.132788686291734,0.238677823300023,0.225641294873165,0.204148616403424,0.105029077287783,0.189682724650586,0.115086276703391,0.195133820671216,0.161958140567039,0.132676573838779,0.256546027795055,0.241200173759071,0.190528231449601,0.189017412690953,0.152983120958372,0.192300151930159,0.16168456940457,0.100647200572676,0.201536807502443,0.28575805224459,0.233506843942332,0.222479046656815,0.218128848241262,0.271116184972115,0.179796772563336,0.280424445944783,0.291227263139151,0.246803894289376,0.2001824021129,0.173996162350466,0.216548874691119,0.25822925165981,0.244028966519837,0.291083352577768,0.177289487522288,0.157836057460749,0.160276111263703,0.254110512844448,0.200122721860037,0.174072133853148,0.134353794372779,0.167412895197977,0.195505450932465,0.166813073194523,0.207285946546563,0.248549550240428,0.122955778605438,0.132497458467498,0.227714213870558,0.169438858842413,0.0878602383825254,0.233538339608393,0.177372800119181,0.122487566596714,0.162248557989119,0.211072013582797
"capitata33",0.228625109798958,0.169177535483123,0.3231813017405,0.193876808237447,0.196323674685616,0.199804063833692,0.187514858494437,0.216848301434086,0.334053304314725,0.142933923767647,0.195234551158586,0.130138714834414,0.0678060316411317,0.198356824055245,1,0.200169107519144,0.1547958560565,0.247579309005837,0.248477507500036,0.0823541223162262,0.278692147272314,0.305903771057359,0.183997528054426,0.172537945517686,0.269738527466839,0.179320793180178,0.103251205076654,0.168591739650083,0.172567239578416,0.1565348055133,0.130837324127244,0.18328420782921,0.254649289931703,0.154351219314995,0.107147454381901,0.147615182834787,0.171832314637063,0.150692729796989,0.130778386210462,0.228568583861359,0.203433367135301,0.274015684219694,0.124916375297258,0.271270580731517,0.176250018861928,0.283321965438459,0.10743410584112,0.192128939142914,0.10009888458822,0.181783935219926,0.123003482123266,0.124450386385146,0.20080311726783,0.183780868013179,0.23638578194086,0.142613360106688,0.159752675406595,0.135977023877856,0.135077800851736,0.0727097073241806,0.263798902916583,0.209249603659556,0.146795743506967,0.24858684225968,0.331082012335216,0.231848329090277,0.186774062907467,0.298940289045124,0.247840115995568,0.194233153459421,0.195553432581873,0.145193205175154,0.26667500500975,0.27649829272377,0.297558976062083,0.282243921208068,0.129086237801991,0.151604975920565,0.120202626293069,0.22480464880423,0.173351573314265,0.146667680645653,0.140631346115715,0.150391638180875,0.346983007611286,0.109680288297227,0.312204838227981,0.211967217870969,0.0835276705373909,0.0907058941567033,0.233184265242308,0.107901559372448,0.070607940553619,0.186716879131098,0.145913491540362,0.127238877658743,0.137597504147885,0.198249669520317
"capitata35",0.19842819901916,0.212817852517966,0.17951964167958,0.176744243270774,0.198467959406034,0.20326809754202,0.201156232092263,0.247617178894947,0.221236698347298,0.183219865797536,0.181688045897212,0.144317077423334,0.103490478041276,0.204435861485332,0.200169107519144,1,0.163033248582598,0.229070505560451,0.223775221086903,0.099199009892304,0.251779765511375,0.176181470684085,0.204223767355463,0.163797744705422,0.162634730663508,0.167137217991457,0.135706350967872,0.177683349672832,0.15470907249642,0.201016090283812,0.121402415648816,0.18468323428664,0.232722565909201,0.136413581400519,0.1265853126583,0.160019129517616,0.182028075956263,0.124882556954013,0.149121271565256,0.174092999867832,0.135325536644507,0.167215333663052,0.106674483292693,0.181371767261966,0.325890802515785,0.21132109048079,0.0840893294906509,0.242799842612826,0.0787301339285236,0.130509187135653,0.184482924271571,0.137992213618313,0.222114282737842,0.220263664974611,0.171952799061502,0.233427686156657,0.267285830660445,0.120638875954057,0.177933642579667,0.117238673083267,0.252711121949365,0.214248236508546,0.146643602073759,0.207869514582628,0.23870279838102,0.26294391320991,0.154299058882504,0.228678860100341,0.182454660109323,0.245706184337406,0.140585071868964,0.131534009895658,0.246872294663087,0.188427124861462,0.273592452477861,0.219535504777814,0.200318670922561,0.170465727002887,0.132173673537943,0.197968387005108,0.263971539371416,0.151740932603805,0.130100400441665,0.151223511317274,0.162702592225603,0.175099301453747,0.208690493644222,0.196483911225487,0.0989541832512551,0.0940821140308562,0.192309457559818,0.131585191177841,0.0741607396495166,0.17502177107408,0.151906435375109,0.138872225395077,0.152731285452207,0.198571349624121
"cayennensis",0.173308368831326,0.167617405178634,0.154035725128448,0.176518861074546,0.170035714136904,0.182812755743176,0.18607905271938,0.157130812262534,0.183135566926263,0.122304817132444,0.132229377162492,0.116086584294893,0.101594740914492,0.190766857914389,0.1547958560565,0.163033248582598,1,0.192980308795398,0.162971056216821,0.105235765533927,0.159952797922085,0.163968743347913,0.181218107067013,0.152786079377698,0.166727310829964,0.165679580940289,0.111846852107498,0.129068389007046,0.158857239373952,0.15743405608849,0.11819330069403,0.103143609384491,0.204769763570584,0.180350137787139,0.11900344021021,0.116294925732401,0.199729675231697,0.116734794111159,0.172195748287914,0.130420050116623,0.19865291772208,0.164902044852864,0.113672601693879,0.150504235365799,0.195063245507035,0.166645873319058,0.0872362146681591,0.149237945608247,0.0850373107326182,0.11031612080197,0.187300266410768,0.127764737804243,0.18593941138134,0.182413740020161,0.14847832337288,0.150783122634078,0.161885849541159,0.136798176505113,0.165458827852985,0.123595514151442,0.179741521293191,0.216112923435535,0.17027162738457,0.177336990497434,0.171283899399473,0.214875142935441,0.139929260019686,0.174722020905675,0.157412695096195,0.228442106027345,0.140756194366975,0.123359609257618,0.186828464596199,0.172808291272605,0.144814616747858,0.160400041809638,0.142690753838242,0.117998939128253,0.114607167626373,0.179409903539328,0.173830714557486,0.12554330267379,0.119313343511413,0.110371373076506,0.139155413743645,0.150200349920032,0.198085546259585,0.176612215980311,0.0978987819513898,0.110030498972425,0.229460405462038,0.136290733125044,0.0756912267101679,0.169717821426747,0.131983472735853,0.100991172509235,0.142350801594252,0.152049186600425
"chartacea",0.258156261863136,0.277475673030779,0.334662982737753,0.276044925024663,0.307534160228777,0.276880460039556,0.317020835403797,0.274705004244135,0.34756745454635,0.186067599733533,0.174432273367951,0.139564646776921,0.181816739302547,0.266982818992752,0.247579309005837,0.229070505560451,0.192980308795398,1,0.246359789656915,0.166333252122506,0.311380431838534,0.329633703464088,0.309516670814453,0.313637178657698,0.232168316563643,0.204724500276116,0.264083650746094,0.323475583694752,0.181877225459278,0.177080373742248,0.168776002756138,0.226278660818499,0.304285384875581,0.186486266678905,0.253437875599692,0.213662648209785,0.222428343713297,0.160272593746241,0.175240484227849,0.273445594611914,0.188008106302996,0.26130032510959,0.126243446434831,0.31939143561045,0.265117639333129,0.255839260942544,0.14046201782264,0.249116618144827,0.129401114718355,0.238829283100747,0.240209172738459,0.148012661190642,0.242660646375677,0.286748333652958,0.23758923099948,0.281073867260932,0.157943297378458,0.183551901753626,0.208951332703574,0.271499610297267,0.398745592660232,0.261599956840803,0.199597180183614,0.256024009453289,0.406853744255502,0.288770051721907,0.203474548770264,0.327273388670669,0.310555641629526,0.274408345707637,0.214102687291773,0.358105225182019,0.229743762757143,0.341942461126802,0.299966874974596,0.34717332689109,0.160474171362288,0.153994295289508,0.160967307320582,0.274410692535476,0.276481147175241,0.308656619201515,0.141823482052564,0.329080380881096,0.272905479362136,0.320662870895046,0.26560406932661,0.247388240664848,0.134092620882278,0.181827515739457,0.302495324540634,0.254842776564136,0.0931165813719164,0.297997216782902,0.177838576248691,0.167388735564376,0.172005413770944,0.396409934060643
"cinnamomea",0.270715746746373,0.171964805587033,0.319996995199014,0.195020724499346,0.188317073994964,0.245421271507353,0.20890612671739,0.360023198910539,0.29596280946688,0.162646088094708,0.221129476083997,0.137541971075306,0.0724867583193255,0.182745515688644,0.248477507500036,0.223775221086903,0.162971056216821,0.246359789656915,1,0.0983815595192458,0.296677580411916,0.285822667181647,0.191096885997173,0.181240106058306,0.289277380448482,0.196467244317855,0.105995080597678,0.151643489651223,0.151187080206445,0.172758095980839,0.112386025777079,0.195427751584111,0.254316832563337,0.14507021084228,0.113714983453941,0.15297488111134,0.202392947523566,0.162376265580197,0.11970935773875,0.216226973626415,0.17027897824144,0.246298235804293,0.118080261298726,0.256071527480908,0.215230632568335,0.277108952472558,0.0892057205836732,0.208907743620205,0.10198189650339,0.204732662433486,0.192499289665181,0.116978979673642,0.233632524811732,0.18076794309386,0.231992567657673,0.184617329629051,0.1808970662122,0.130481478658967,0.172350836908563,0.0884354063851852,0.212478235767835,0.206350948010445,0.166029808774472,0.20336956903382,0.285630899596748,0.2132837775958,0.137045715739722,0.263070930720715,0.263706741649113,0.269048072869118,0.186774141856567,0.165455869992353,0.24813707201522,0.267565854033065,0.346337407031959,0.23785550629335,0.128500922015803,0.178747032432083,0.140367199165705,0.211525327146201,0.188331384907072,0.119296376157192,0.165536781557597,0.144745230129345,0.277694031153153,0.122446845788681,0.290540209057086,0.244519600247994,0.0927078670808009,0.107404687013541,0.288966029477409,0.126980545540017,0.069922551579953,0.201506965525982,0.172713015198495,0.124536941670625,0.133768854719245,0.224086423428575
"cocleensis",0.121405192905641,0.10257368189762,0.116804264845683,0.263279514994212,0.138156475728017,0.0923333668970384,0.260440723875595,0.110296845067067,0.141778462495501,0.0996173823797628,0.0822121527411297,0.0702557450893377,0.185219720962102,0.108973674287937,0.0823541223162262,0.099199009892304,0.105235765533927,0.166333252122506,0.0983815595192458,1,0.118045306093,0.121030629495376,0.114293362457686,0.326498313833858,0.118340820323841,0.115884453122993,0.107838379895467,0.145295189083512,0.0842282368822644,0.0862777755039665,0.473749938672394,0.0972668993430701,0.117097562391683,0.0803676922578325,0.366118887323967,0.105772975395077,0.106610407190539,0.0667900722024271,0.0760205032424777,0.111164341618793,0.0988560213658363,0.0935327947485544,0.101569725569683,0.098644347767001,0.115418075455363,0.123478281854987,0.378596842688637,0.092963531434229,0.0814045395204539,0.112803050628187,0.094781311373291,0.0618586303192629,0.10667047786728,0.133665107630523,0.0891864605457372,0.138688403480919,0.0840984195226336,0.0832964824239075,0.0754371736811861,0.129337001232986,0.152905611242639,0.121070430963227,0.107195219852886,0.12370285935996,0.134314220609127,0.134072792718222,0.175694837245573,0.121023308867129,0.13108675175017,0.114238495092592,0.101717140044083,0.188473720241711,0.113415985831519,0.138440488854102,0.135497126173123,0.116629757797674,0.0779292865139647,0.06387479582226,0.0599810872708399,0.123853206966575,0.0895180392780877,0.149249364102305,0.0583532497803603,0.143115275945014,0.107705157648277,0.121280836976179,0.107620708437765,0.115204755728804,0.092575833408165,0.351709374019844,0.159730569089164,0.0989100513986152,0.0970557513721045,0.114956855110571,0.0700933699702488,0.0673768916936073,0.0893824645624391,0.160121284219617
"cordatoalata",0.264436118884428,0.237008554671463,0.362763573135692,0.225598570543126,0.212368456138589,0.236412668758211,0.22496448903712,0.277786473684313,0.345002134142533,0.199785733188624,0.183311310344315,0.15488048271209,0.0682157569134071,0.246296544940217,0.278692147272314,0.251779765511375,0.159952797922085,0.311380431838534,0.296677580411916,0.118045306093,1,0.371593259149314,0.209783279496982,0.20869818063912,0.285166539422151,0.233082096063917,0.105478897659309,0.20274342799088,0.190988891475976,0.201805683071092,0.114623189214253,0.260293156025103,0.27440362096929,0.152553302311051,0.133332225116338,0.182687574493543,0.205017049923007,0.164367576191813,0.171270671901213,0.348750940064293,0.166307071327378,0.299045200088381,0.128432304493257,0.345990584351414,0.301251076540475,0.340586674605517,0.100972747616993,0.263140548709318,0.101566839235228,0.249750665288255,0.174637380463877,0.129864028386932,0.253912066155522,0.215347566910612,0.23191956013583,0.193450693050364,0.249001009518629,0.173310308031475,0.152183738421763,0.0975819025769351,0.263362377942647,0.261596890237668,0.156856389140418,0.228289225436721,0.329326592258906,0.324995310616296,0.162338935393125,0.329563324936731,0.281782283995689,0.253161366122711,0.183630218438812,0.156643347463218,0.312423124919751,0.299587075761135,0.342327932766513,0.269557483462809,0.136581183815128,0.250438718939036,0.144791554070949,0.249407429102521,0.270923570364544,0.116293846735509,0.149138397041563,0.131089016024816,0.317723534789185,0.126018181537121,0.303977548895513,0.264161188125514,0.109396657741373,0.0924477026806603,0.298506168780339,0.128543155973658,0.0912149672948921,0.211877091646847,0.246227677826112,0.175410373206056,0.160950981319458,0.202715295529354
"coruscans",0.28654628511812,0.228350129321136,0.388718489559728,0.185242799222373,0.213907475577298,0.229683541676295,0.213040938872489,0.265187314755508,0.366309225731614,0.167845432817273,0.164523770009768,0.155647361165569,0.0890764575945385,0.244649253608846,0.305903771057359,0.176181470684085,0.163968743347913,0.329633703464088,0.285822667181647,0.121030629495376,0.371593259149314,1,0.262597877997455,0.18114924229583,0.314639534225535,0.188369090642811,0.0974855208809637,0.25817212669364,0.202059787647345,0.164876947024338,0.102949401773009,0.228196811145148,0.259397133305327,0.16582865914347,0.126481555426522,0.142193909747407,0.231941022578431,0.247455607322351,0.148664684829106,0.379643574041288,0.183270063512314,0.402498281187166,0.102230046874913,0.432005495740564,0.238517009267584,0.301142326233052,0.115272226144059,0.250141193672416,0.0929594161247051,0.240553219583609,0.122693174838785,0.114358173806665,0.237733404165693,0.190166042460992,0.244399256021043,0.182864448485206,0.236249026919789,0.163212297430482,0.139745836671058,0.0679696790620254,0.221355509605269,0.216411189799716,0.170297253905392,0.236667499530426,0.381517749759631,0.276788696554343,0.158354433707308,0.356615999813466,0.366251785357591,0.206451085981509,0.195590149548144,0.170681819721833,0.257565095894373,0.380324821851073,0.317675170264648,0.251873110634345,0.146472092932683,0.194671714277862,0.123346767409888,0.249894736225027,0.203038706729048,0.115123440390557,0.185009774546976,0.139308127753176,0.456129178003094,0.124548331919644,0.267456711655686,0.237824985315902,0.115325607275155,0.116401698714514,0.310172080551456,0.146151309846204,0.0987361828802264,0.191849364803511,0.178841848165193,0.151025038556607,0.141594448065405,0.210820406426629
