"","acreana","acrocephala","acuminata","alata","alba","aria","auristellae","bourgonii","brachyrhachis.aff","brachystachys","brachystachys.aff","brevialata","brevipes","capitata12","capitata33","capitata35","cayennensis","chartacea","cinnamomea","cocleensis","cordatoalata","coruscans","cylindrica","edulis","fastuosa","flagelliformis","fosteriana","glomeriflora","goldmanii","gracilifolia","grandiflora","heterophylla","huberi","ingoides","jenmanii","kursarii","LA17","LA41","LA48","lateriflora","laurina","leiocalycina","leiocalycina.aff","lomatophylla","longiflora","longipedunculata","loubryana","M18","M25","M27b","M30","M71","marginata","melinonis","microcoma","multinervis","nobilis","nouragensis","obidensis","oerstediana","paraensis","pezizifera","pezizifera.aff","pitmanii","poeppigiana","punctata","retinocarpa","rubiginosa","ruiziana","sapindoides","sertulifera","setosa","spectabilis","splendens","stipularis","striata","suaveolens","subcapitata","T18","T21","T29","T50","T51","T82","T85","tenuistipula","thibaudiana","tomentosa","ulei","umbellifera","umbellifera.aff","umbratica","velutina","venusta","vera","virgultosa","vismiifolia","Zygia mediana"
"acreana",1,0.237445663437165,0.268046128341693,0.289158326324954,0.239313352006604,0.104811956819424,0.295152970022043,0.15754005390433,0.258846244323274,0.336659219261899,0.149401806492981,0.292338045941406,0.171847955820764,0.257493479628192,0.266616673099769,0.231354934846602,0.221672072083534,0.219116021675728,0.199598104731599,0.221462076971313,0.179142764324444,0.145799836405192,0.223861741846541,0.296510416065437,0.226122850086412,0.230448593817395,0.20145116585795,0.193813560462178,0.341757918897026,0.29071865781187,0.192134395505553,0.144164343764677,0.29392359033988,0.229988088108397,0.183531475134556,0.133448748220043,0.123852228545842,0.136904979593324,0.33126311665652,0.1824592165342,0.213757727654372,0.202239169249029,0.165034992786723,0.267969314282317,0.260978040990995,0.171505947841646,0.126615624425949,0.240137906823592,0.192878131278997,0.233927642148246,0.165449945736958,0.254699307243341,0.250518404478269,0.15076991888675,0.186130624146371,0.281375638048583,0.251661565909919,0.237477868940449,0.166645199387129,0.197837218093659,0.164857463150879,0.245961769078095,0.186679507727661,0.307079433077476,0.151372660022344,0.227864748156052,0.234042843117024,0.244619504444211,0.268220746417093,0.33464945746723,0.133126985143919,0.199680571705114,0.206274112972667,0.159653586143375,0.209553807922852,0.419154223708153,0.210819071028785,0.141455631556907,0.211428694136376,0.257907198642022,0.231956375908719,0.266958680201641,0.228471708913149,0.234025236332894,0.205503943023445,0.353710291697656,0.38808139646237,0.142739505227379,0.190936337029918,0.240648033143723,0.176738225078963,0.160654787174992,0.125567124893496,0.234444553657356,0.260565632632258,0.12686520341835,0.212744030211826,0.286500743994737
"acrocephala",0.237445663437165,1,0.12674890240049,0.205298590541594,0.180887998399025,0.0936083663273109,0.214802054921131,0.142763173168975,0.226260376067878,0.18480868564906,0.121846560357509,0.284721675826602,0.153485527734021,0.22943114110797,0.20011862860741,0.156340046034011,0.221709116246805,0.186817989240011,0.183645265668752,0.147298533573431,0.159142557045126,0.150276150635065,0.258983887325398,0.305161905135301,0.185174762686934,0.249635085845329,0.254903348132794,0.0592090755366004,0.235688294051941,0.268009841736865,0.146286448587304,0.11504888005024,0.252477607970955,0.18296276705916,0.172446115583291,0.0989237861421723,0.129943613730991,0.129031168447573,0.265624258002088,0.169893814372515,0.144207098635757,0.167313162571525,0.15020328197725,0.218105239957395,0.395709131961777,0.115449858255338,0.103152072777219,0.191841759882714,0.190945295919883,0.244589150297808,0.14885970523242,0.297257051599341,0.19303129664384,0.126640526363193,0.160708556012204,0.342007325169655,0.168982804142404,0.157533523036597,0.115499522755275,0.195748572616423,0.110147358087368,0.23028002972184,0.0786142136677372,0.325547364717983,0.163894526337372,0.168672427680437,0.223110910089357,0.194532970005206,0.150581740373662,0.258084955456796,0.129148464351313,0.142800279167123,0.188063257776191,0.13219815116289,0.131174112599725,0.263132712717333,0.295760126144706,0.0969766578657754,0.195183845601936,0.105219430659076,0.14624746284293,0.152276774636017,0.186996503258301,0.153609471604555,0.11633409663536,0.181534195379995,0.195429289466264,0.21181770903948,0.117250042462713,0.226426686597071,0.0962123107837251,0.0993866260020825,0.0703459761252093,0.152380716634772,0.313011299293955,0.0810428200446957,0.223502620338014,0.251071676529446
"acuminata",0.268046128341693,0.12674890240049,1,0.24076385664081,0.180851481041312,0.128262320567679,0.221974151973435,0.131518518238813,0.1609190798197,0.187077866960296,0.145918433069359,0.14415295859433,0.149090220144452,0.173684984573024,0.228467102311132,0.181532874791028,0.160872055724853,0.179460894800302,0.135040838999714,0.142289376958686,0.149388299608695,0.129405741542858,0.209832846929584,0.168201668049939,0.195826217459048,0.149152847112642,0.119975686212234,0.145279023172505,0.19987729257318,0.15824102191692,0.167046147233625,0.132320170951505,0.217061968236418,0.170331188042128,0.167536724000725,0.105158489221181,0.0915319564060472,0.138708311926542,0.199542230429429,0.16641393312448,0.247560234440245,0.155865795822939,0.137934279277086,0.194275970997182,0.183508231598534,0.167946809783744,0.110183876580071,0.166987550615712,0.163561272071206,0.151424210576792,0.125342706321103,0.151052729593813,0.191676315682556,0.120401733354402,0.143557744689578,0.13375002535953,0.213017532964792,0.224780497631988,0.169639627594615,0.159042658260204,0.167618124541085,0.187404625936195,0.195897423326037,0.205376406712515,0.127193167019645,0.224222380860538,0.154469664307763,0.169858834689781,0.20271702525283,0.202482871558712,0.123425259778482,0.139607926058648,0.160473503941119,0.139624140288343,0.135229870095918,0.212393198792705,0.114308332001533,0.107301342838002,0.153024497000823,0.263494396974945,0.183342719026883,0.306345324305201,0.225734981504033,0.204506903406051,0.159127704728523,0.231393580301681,0.304593465296965,0.126894889746159,0.182812957156217,0.168947833524812,0.110602770572984,0.138632633871513,0.122478636740387,0.206970257916037,0.127587430291667,0.135584841527462,0.136496995740612,0.180385859710922
"alata",0.289158326324954,0.205298590541594,0.24076385664081,1,0.285289530927488,0.123933318145566,0.381477175633731,0.182794775756525,0.245386221691882,0.172036248103008,0.157683911171785,0.246268017350119,0.275958132908723,0.268561792808631,0.283086727629665,0.256687089159953,0.210266351756008,0.302775654665835,0.257129042648393,0.180236902294653,0.205266721328188,0.156031249585223,0.264128940787124,0.367898430919811,0.227581881173495,0.239393925237406,0.213540108572385,0.107405224494894,0.283472730703007,0.277560798254653,0.194138171209296,0.13776320042499,0.316100974088123,0.262180521779363,0.180677872064908,0.11583882249567,0.136514801022071,0.159982966834314,0.250464195707205,0.209212885014547,0.175929445978985,0.228801826617769,0.19494235120773,0.249316725939055,0.290936928325376,0.14855658845296,0.11832975401214,0.251472148752487,0.197370526345439,0.241454213616849,0.172205293061599,0.23213315606356,0.250338828267989,0.168027201730049,0.19110530673432,0.273207055951977,0.224598898191978,0.222140704713616,0.211370147212882,0.25747909126288,0.144300426946666,0.302591545976407,0.164168433633318,0.320541785811663,0.213053366884775,0.259043248707646,0.216474866395659,0.337418963630647,0.219645556425883,0.289035892635741,0.151047137597159,0.18733378863561,0.198756388960609,0.256403223551017,0.183184772529472,0.27448167676221,0.190983245567149,0.127890115922674,0.221129017264743,0.190757794698239,0.19425145684978,0.218570260771662,0.247508757659196,0.218185055439131,0.18674647472304,0.275606120386189,0.28709678904545,0.192192950013733,0.172098932234653,0.219629678237455,0.154952106264018,0.156711521258778,0.109178682511218,0.261224833967906,0.255945613842543,0.141820718610285,0.174171109976182,0.242681231808037
"alba",0.239313352006604,0.180887998399025,0.180851481041312,0.285289530927488,1,0.125181923161581,0.228738343743557,0.154178536916084,0.183219184730067,0.24332713075688,0.251253379476067,0.274064900603822,0.35048779533418,0.207484633052545,0.20600253776664,0.189920684950369,0.15194276732749,0.33289388141045,0.145478953626815,0.174131156165251,0.156759521278143,0.138430449670719,0.207833278410419,0.325617756156677,0.214159725203663,0.297223436810576,0.135543355604195,0.0770528239458785,0.194385651076752,0.189516324447617,0.177322636068451,0.240773130622991,0.234298205670509,0.17182767972467,0.267134382963462,0.124947392467181,0.110914651716267,0.122306180389168,0.216618077696077,0.191701022691996,0.227169337561967,0.198795972004948,0.133793934017371,0.185479958370476,0.206564252883464,0.145321711283566,0.197478689981486,0.1772216333712,0.275017903253529,0.271742202665204,0.146871184437241,0.1580067499303,0.207125764343646,0.113124221614743,0.156325328234161,0.209359267724952,0.200735249533166,0.148176198023646,0.265880145106474,0.204015557813867,0.15506606992409,0.202846964848363,0.103507451646955,0.201964497590239,0.189948372975972,0.212484297781141,0.183903373539832,0.205476249731397,0.226675088908055,0.216485418470188,0.221197868293557,0.146888276364034,0.170438083784202,0.287490998166183,0.155085080430087,0.203399650970005,0.13338334449813,0.141251801955091,0.195124244983116,0.144034607726066,0.177808932843791,0.203508990847867,0.148403866710793,0.169682789244507,0.178754567960624,0.222217742610706,0.212253897089523,0.160073670040592,0.183031824021204,0.308876702847752,0.138325222451282,0.216528725258191,0.0934703200728344,0.172234517179978,0.156588933093525,0.192975366944191,0.14598755552063,0.196282914888471
"aria",0.104811956819424,0.0936083663273109,0.128262320567679,0.123933318145566,0.125181923161581,1,0.12584810955943,0.119776552810613,0.126287005608245,0.0754561088319805,0.114826529830176,0.0880605421683012,0.11671583311599,0.115291804812411,0.147981918152121,0.143665547937782,0.120352112365242,0.119538709520974,0.0769193631201893,0.117279913084135,0.119040783130582,0.0998493404270888,0.136391459724331,0.117623832797386,0.13585066542411,0.0951311138243191,0.0963640450521952,0.0552945222602661,0.0981354721715092,0.108357307542591,0.103453045982618,0.112185526104912,0.132115587416852,0.106817910275317,0.101599080279114,0.0717301891061434,0.0855163359597239,0.0832976698018599,0.0858311616167923,0.149854797496711,0.0880508442180259,0.0952976688855441,0.114180094777249,0.108076448798433,0.108419114184727,0.105560473031756,0.0728937907208528,0.121385392140245,0.0977637168671749,0.10355566013206,0.0907200941762422,0.103869798216901,0.128439009943,0.0997467233566585,0.0951476500196056,0.0922293893013599,0.129289334160464,0.104571266514935,0.101423568583615,0.136267355600199,0.0970164723006634,0.129521456717705,0.0856477757282733,0.102208059738237,0.0972555214291914,0.136038877226428,0.126195967859612,0.135349109335316,0.0973269419582142,0.110268258052162,0.0786827694886417,0.0892063032454412,0.166066849769902,0.116182126242409,0.102939500031116,0.121565595311512,0.0770157070899061,0.0799276568429777,0.0930418179528604,0.0797851928935489,0.0985245951145175,0.100572430577162,0.132344503810055,0.177053145869068,0.0912063219027736,0.109102854275875,0.115415844978977,0.09615049691,0.104043456028014,0.113116127472583,0.0925438307767751,0.0755288872833255,0.0695612966208797,0.125637857025975,0.103474569313886,0.0699079503882089,0.104036509019142,0.13331140938109
"auristellae",0.295152970022043,0.214802054921131,0.221974151973435,0.381477175633731,0.228738343743557,0.12584810955943,1,0.191812537114065,0.244838099340887,0.191647265468806,0.172870539929499,0.241422374367489,0.181574029276411,0.343835805035289,0.286329966346081,0.281336669724033,0.198472637128656,0.222326453675987,0.360506408559976,0.191646558585502,0.232959340757621,0.170367710625519,0.239423040322559,0.289125795937557,0.23328699123107,0.235001458404408,0.201979878198835,0.124973694633242,0.342379083766931,0.249014260247876,0.212585434839944,0.143155662769266,0.35756331560743,0.252006242065172,0.245154978873248,0.122537480973217,0.150238601544356,0.166225669481876,0.267749928190199,0.22991273111628,0.183525916401897,0.274390372515137,0.186594421998033,0.274807428915009,0.247605392279122,0.155342997960121,0.144411086661669,0.213111408004883,0.186872981288648,0.21928103899492,0.234943517834334,0.208337001168855,0.257082085498415,0.148820171035172,0.249839564629113,0.286429353031162,0.220174806257745,0.224178922787391,0.188881722747908,0.278569142412399,0.163589327406374,0.273314169243633,0.175577021913943,0.285012937831756,0.178190112787449,0.274189857793414,0.197896523061824,0.288438493349583,0.164504262617435,0.334259868962865,0.148891801005654,0.173822142303346,0.215073075070685,0.15907118413772,0.206696369126118,0.291784754158571,0.172586676132567,0.10628712582981,0.256257159325344,0.221991663172567,0.216912500545638,0.264557023513698,0.250976422106686,0.232607957572156,0.18437163612245,0.220639788588325,0.34415662665685,0.171460522344119,0.168945632635554,0.21291679562827,0.191391423286489,0.205884369071751,0.123414256413297,0.28167805661374,0.23647001247495,0.158139815072486,0.152059595076954,0.242020163152564
"bourgonii",0.15754005390433,0.142763173168975,0.131518518238813,0.182794775756525,0.154178536916084,0.119776552810613,0.191812537114065,1,0.190334017708399,0.0956889541788359,0.11920834359377,0.131810403996497,0.110807219256884,0.181057600288611,0.19968502190599,0.180039189533092,0.157815878869255,0.199755613821487,0.174118691455832,0.14125409798845,0.321020213884801,0.150511339072028,0.145117699131962,0.191760398544756,0.150105473544801,0.129360046831691,0.17369565887883,0.0621639619782479,0.149963181022631,0.168584868279124,0.202739181469921,0.131307073710212,0.171298876593465,0.17035485360749,0.117030876401148,0.104680583954746,0.332323087004154,0.130640918202994,0.133518980167525,0.147098056266436,0.116447105795291,0.153618988984936,0.14746384501365,0.150370096485349,0.174277626735582,0.129904517304442,0.077032801143212,0.164262961438062,0.119065949752321,0.165316245711531,0.142736198192195,0.166502316001477,0.337429154745366,0.169503793589507,0.13624943152182,0.162967655052212,0.202049430265252,0.137321363292498,0.122212981373826,0.248317495113503,0.111702755174577,0.191105021348401,0.0973597432343863,0.181511266556828,0.291833708441669,0.192216453584917,0.152712482631104,0.169122517765848,0.134556432286294,0.169303695180791,0.11429535563313,0.145833987544645,0.197162169090977,0.154424443896137,0.139081586402392,0.16716653620915,0.123554459741137,0.112742571025945,0.156972806091924,0.10397558232354,0.148669817633239,0.144557646662154,0.141148928996124,0.15325352799173,0.124167302312421,0.13740987130875,0.14133595353214,0.149185382932495,0.128718194350952,0.198831538445952,0.108898353864994,0.0917122535465776,0.0897667534598079,0.180700886457415,0.152130913569504,0.096599875268639,0.172192693029531,0.158523735238527
"brachyrhachis.aff",0.258846244323274,0.226260376067878,0.1609190798197,0.245386221691882,0.183219184730067,0.126287005608245,0.244838099340887,0.190334017708399,1,0.135871168857286,0.14458537242676,0.213441222851737,0.147831220623487,0.252704938823841,0.268296364196947,0.228898209796093,0.213539584980585,0.250357860017569,0.197189976176497,0.188617480736898,0.174817121513113,0.163240205489791,0.190002298285376,0.30144517197769,0.20852333332243,0.199313468596627,0.206531626696821,0.0761993995948235,0.239462332541664,0.269173789079054,0.229033100337547,0.150236271489643,0.226745078063661,0.266326350546359,0.178292036724519,0.106264280672182,0.140387164048554,0.180208054914483,0.206361821240182,0.18243351894081,0.155254587939822,0.196746704381013,0.201156631429838,0.209722906729623,0.253505891788093,0.161606402925967,0.105809914315458,0.219555556531543,0.164629201986617,0.21231069404544,0.165460443536541,0.226101960755641,0.215035741843967,0.180129942711796,0.158717116283879,0.250487312696055,0.217842945781119,0.189507989512604,0.14527735864189,0.20883811454864,0.129746243423998,0.284325654884986,0.0966365083716526,0.283425890096997,0.19855250742093,0.20937862469132,0.225728594596462,0.236564969374546,0.172709913692289,0.245054026575427,0.143068327102365,0.154434745944046,0.22239036294058,0.151164480186721,0.161304774066854,0.268224207509607,0.196059177008166,0.118807840162552,0.228361063072728,0.148392860092183,0.210874807733406,0.189707911022659,0.206456519376555,0.170666799001055,0.124147914317053,0.159677866624995,0.190738110460029,0.161898788631967,0.143490008781618,0.195819949083793,0.138355165660365,0.107365171364848,0.0943709315336888,0.210993931410598,0.230477919774677,0.146986527604742,0.184320140180977,0.290440847901671
"brachystachys",0.336659219261899,0.18480868564906,0.187077866960296,0.172036248103008,0.24332713075688,0.0754561088319805,0.191647265468806,0.0956889541788359,0.135871168857286,1,0.317291331893879,0.363026723847853,0.216542185923749,0.168181773956966,0.155428046264273,0.13333361085548,0.167603738754995,0.119109579066361,0.111342364069487,0.13142593962995,0.121777609593944,0.0888589832435403,0.140477846581449,0.149482955415655,0.145837786204926,0.342121163247377,0.106857374142261,0.198116116143099,0.235401862783898,0.160684585580845,0.10190620230346,0.315727882471283,0.172517312901687,0.107101981957707,0.297410207850575,0.0778926405593867,0.0632095729016345,0.0863338158666696,0.252268582507155,0.119597385097778,0.389789105358345,0.102006845590417,0.108473970267191,0.144453865544417,0.201559704854093,0.140230337125293,0.347908577349925,0.122769725278688,0.382192468027239,0.31324493415436,0.104294219643797,0.16042159741821,0.160907130085716,0.0689954049306489,0.100027242463201,0.17286601022616,0.141936874095019,0.146061974707436,0.209233556527968,0.110047957217268,0.129393679045085,0.13355674908773,0.158529763253783,0.187091898883236,0.0946490438901616,0.159066590839232,0.126059390553184,0.134410478224961,0.136941888938061,0.194365589478846,0.27288272727724,0.0938282010699598,0.116891756913286,0.0889325613507649,0.0928197258168704,0.281874033692775,0.134081726274879,0.080162935799858,0.10933329565766,0.229704634161024,0.172055594978088,0.243344502531412,0.159937265194245,0.148109378745636,0.152614632728147,0.275572725507053,0.2867478418394,0.0932986735512862,0.128678894609818,0.25540536546463,0.0885613109495089,0.303296692022698,0.115164103633242,0.140647050121512,0.199629901915411,0.341610135810637,0.103464897139308,0.218277655978414
"brachystachys.aff",0.149401806492981,0.121846560357509,0.145918433069359,0.157683911171785,0.251253379476067,0.114826529830176,0.172870539929499,0.11920834359377,0.14458537242676,0.317291331893879,1,0.270683391687435,0.241346006472161,0.183237288685554,0.182879794445002,0.1707468981338,0.1162099859467,0.138870124530977,0.153382449940926,0.164192053480503,0.155749971210632,0.152755327078823,0.187331021896419,0.161869455824667,0.129841408957982,0.269879694813317,0.110721480305194,0.0855809916921127,0.182142305332332,0.1303651261325,0.137469775843381,0.402606572230579,0.164320185274478,0.220206264732329,0.353594484102023,0.0921584695594825,0.0779323051033972,0.127055545865509,0.130488708957395,0.22253562429439,0.319559165220408,0.147199451712447,0.106506483168482,0.142691553408313,0.137024163806481,0.123926829647835,0.279838701448768,0.170617593957864,0.283512936884892,0.262337432748621,0.143394324568269,0.11219447178593,0.138108253697671,0.0965397302953474,0.137936363589346,0.148870441064415,0.136575094313416,0.170984793170052,0.260304711110226,0.210474036509728,0.112722085036167,0.188895117330201,0.0986024642459049,0.16843305105445,0.144315768740079,0.173005172384413,0.144398444011654,0.150943566404553,0.142982813022874,0.187850574972935,0.288847285630127,0.125066812844322,0.156915854749556,0.131963229214669,0.10750779216123,0.17743434815781,0.0954037397359715,0.102198114578775,0.148137209669334,0.117257007356336,0.136460456816543,0.180565086021842,0.128776979848032,0.134076786492348,0.132286219072347,0.162364686147116,0.186215813441901,0.123818456389606,0.0960959443138966,0.273001942215734,0.127966545465468,0.280874505965502,0.075465496957128,0.160436846436846,0.114516872516581,0.337956511084917,0.113029194333411,0.145748405100499
"brevialata",0.292338045941406,0.284721675826602,0.14415295859433,0.246268017350119,0.274064900603822,0.0880605421683012,0.241422374367489,0.131810403996497,0.213441222851737,0.363026723847853,0.270683391687435,1,0.263899847239215,0.286380474360648,0.234867007296326,0.209227223858707,0.238397586965121,0.190678101593863,0.230958953128012,0.163921328920134,0.155899590188697,0.108323352878452,0.165954400149004,0.299119844892725,0.162017679264112,0.498418162582614,0.261325339373894,0.0593008468236744,0.299665127419982,0.325200254187047,0.164433374964396,0.255181291801409,0.198122831682677,0.210867049561303,0.311074226630413,0.0929088225904402,0.157264727538176,0.118328046253941,0.443051209664232,0.17441779681543,0.26012566868116,0.174120132069545,0.133542183980415,0.232038159194794,0.308940765633435,0.122712413594348,0.235203843906981,0.216099299806644,0.353722225145282,0.449122017208352,0.186099712504148,0.379735989330192,0.178725593704383,0.115600363771925,0.211174746696954,0.422901300131396,0.179702249276429,0.146469232867188,0.281889692487184,0.174535101032822,0.098269815975233,0.202247444784456,0.0853621590608228,0.305372739292334,0.12569672827502,0.156473571136731,0.221565330498258,0.217707724167919,0.207775549978712,0.306910965449168,0.256319308091703,0.137471617793269,0.18570200600796,0.183727826570736,0.14549142886553,0.292265809965279,0.335871763852343,0.104529931307988,0.229905787788095,0.113457784034512,0.142862085161138,0.200721973798719,0.164167100341901,0.151301689736506,0.133053851008058,0.163319854942364,0.221917629024963,0.152712673472644,0.117701272617177,0.309149248140494,0.173147422934243,0.268165995419064,0.0753384391703157,0.155345920558145,0.562881237032221,0.228528455968292,0.172949251883573,0.261891170369332
"brevipes",0.171847955820764,0.153485527734021,0.149090220144452,0.275958132908723,0.35048779533418,0.11671583311599,0.181574029276411,0.110807219256884,0.147831220623487,0.216542185923749,0.241346006472161,0.263899847239215,1,0.166795878240981,0.182647730261312,0.160078755829629,0.159936983734497,0.254593892380051,0.134786491611029,0.128780682151328,0.137694986261736,0.126683667104406,0.197329914698373,0.265813288538071,0.112107993242817,0.274907108217509,0.155084728425644,0.0679406249739535,0.184785877096718,0.143631186571524,0.137399458152717,0.228152442018717,0.183474563166824,0.142425229941619,0.22925201789384,0.0817677584781752,0.087425145637991,0.109700689145416,0.158507810975921,0.188269437676563,0.230774028663049,0.168493331453412,0.168818985937498,0.164216986009102,0.192463986848406,0.103950534507591,0.179503519606519,0.162360237877435,0.253479512191012,0.258530080030107,0.123209531681304,0.142760441251417,0.14100904102298,0.09519209072554,0.128893023961101,0.162120696326226,0.171437507762195,0.238136738847492,0.253177386594162,0.186454597593331,0.103275537840118,0.198453293894334,0.107559567782671,0.209115212886111,0.160590838852031,0.146977657577993,0.151865184785681,0.176892129545256,0.15634673798781,0.224131929154524,0.208716626109356,0.10813118171838,0.149073240878664,0.45323255618749,0.123805441866701,0.185207359073935,0.138031951371146,0.0955418257619019,0.142617078374901,0.133560841319578,0.126181310783739,0.174943215289448,0.163641779873149,0.153291003789062,0.123143956948352,0.190475148695676,0.182533467287641,0.128906846664408,0.101320503380096,0.241044421932479,0.195740389676638,0.196227895299821,0.0675231000619699,0.173832218751129,0.154532631572264,0.244475731049828,0.113755500352654,0.184211374405342
"capitata12",0.257493479628192,0.22943114110797,0.173684984573024,0.268561792808631,0.207484633052545,0.115291804812411,0.343835805035289,0.181057600288611,0.252704938823841,0.168181773956966,0.183237288685554,0.286380474360648,0.166795878240981,1,0.249796711330794,0.273662014378781,0.182724825737635,0.24482181079972,0.324604781585862,0.209836349203453,0.230690249421573,0.14707494759942,0.225472683099002,0.253262841444854,0.210886465316238,0.233432736584921,0.224834707004085,0.0874175735392801,0.352407083429141,0.28185511234863,0.181028825804327,0.164388738280539,0.298165535823515,0.254921125349653,0.261129302092024,0.113264521986451,0.114345259670505,0.150276950901333,0.299637358872033,0.242468362159504,0.148444759819155,0.288372637441496,0.159829534767982,0.296479721839234,0.278123409613406,0.140791231973479,0.105219365874215,0.225358209978719,0.180833148744427,0.229576906926776,0.259910456443464,0.235016846282819,0.238689007744213,0.158881409115014,0.282266730399645,0.332887067547932,0.244793123305941,0.238247560255642,0.157402597387902,0.246733547313222,0.172117350004868,0.288426139633128,0.142183574918976,0.280499249393915,0.185031218122674,0.25681562785266,0.222170058675913,0.298242182324815,0.178685509504648,0.351029541556427,0.153425182364749,0.175887975151316,0.233664162296937,0.200600457669824,0.220407310159817,0.298637112899842,0.198467445497588,0.101148245386703,0.311722774854074,0.172053476829972,0.199562186159274,0.229324993230074,0.20008162456866,0.208519695137914,0.207556304418695,0.180870922868989,0.301165200272308,0.165899083566077,0.156156195471157,0.215327127976169,0.156681981567432,0.214703614480148,0.0958016130757623,0.196529871619343,0.273062445513289,0.113218424667678,0.190253304333687,0.234612884691929
"capitata33",0.266616673099769,0.20011862860741,0.228467102311132,0.283086727629665,0.20600253776664,0.147981918152121,0.286329966346081,0.19968502190599,0.268296364196947,0.155428046264273,0.182879794445002,0.234867007296326,0.182647730261312,0.249796711330794,1,0.262808961005733,0.221899160063086,0.235348566719441,0.216823791549884,0.185883613231119,0.283548751881101,0.195118210992379,0.230251073882639,0.257951303835613,0.197932033538819,0.206110126406113,0.198083466092046,0.0913308021636313,0.267791323181621,0.228772108129468,0.216257249317172,0.169995421358431,0.255988867201068,0.260827212241837,0.193171772624201,0.106763430263974,0.129750186718435,0.166625943079185,0.250168123590213,0.22499065905288,0.174615420745868,0.210734044406101,0.186438033485037,0.272906491711384,0.26337101573158,0.204087214128698,0.131497430495925,0.226207289961409,0.212291766771147,0.236834359411687,0.1783732050481,0.213320080699855,0.346743014025543,0.159091408755566,0.207920544103617,0.264866653729879,0.267362520609265,0.210336094130231,0.146261606479797,0.247456747738896,0.128882175643169,0.283670278687951,0.129753853339291,0.302492249948828,0.16990197116328,0.22717272276924,0.211375239713485,0.24829535817604,0.217219198593243,0.276997571039519,0.13331050966941,0.19719826927095,0.225217872783396,0.19310788657323,0.175067731342707,0.258667928467314,0.193270894565368,0.133354260900355,0.250340490589075,0.255920541304675,0.21068855472777,0.187177225534105,0.236254149005674,0.229534396020915,0.144321933982359,0.181961146264781,0.268430316978664,0.174150532901914,0.150008419913715,0.210060152728531,0.17491838626755,0.160227192834172,0.112552434725495,0.238125019004721,0.227180274432127,0.10817327831425,0.181248458914838,0.252684130810641
"capitata35",0.231354934846602,0.156340046034011,0.181532874791028,0.256687089159953,0.189920684950369,0.143665547937782,0.281336669724033,0.180039189533092,0.228898209796093,0.13333361085548,0.1707468981338,0.209227223858707,0.160078755829629,0.273662014378781,0.262808961005733,1,0.17984639544297,0.212707824371913,0.224266514790482,0.168263509597426,0.174683684796398,0.194286102215753,0.223198935458671,0.210549877964738,0.18515485234345,0.167816361787449,0.145416424171506,0.0946172690550751,0.269646246359939,0.190036256150043,0.213924132618982,0.158674009664447,0.237695214948488,0.201791141539959,0.214608288766025,0.129144024647326,0.114740505738079,0.165670056935686,0.202205125692694,0.19196999892199,0.151095604580835,0.227403995421116,0.151359594087108,0.254795466527501,0.189796666462754,0.140146342625982,0.124958932729171,0.196757047551485,0.166152034487293,0.188950225123281,0.209899747491749,0.183278340209391,0.208707164416573,0.171350914722579,0.23951932425814,0.234737715143154,0.221494622003958,0.194900564630322,0.145451821126379,0.218232264321121,0.153674743483344,0.248209338864531,0.142514663437055,0.226401888530807,0.173294123890259,0.212635035701899,0.193631123279452,0.261332274505661,0.180339445223533,0.273688921660209,0.149999405941263,0.163072915576333,0.201932703193143,0.180184534285871,0.195762873098209,0.236458811646124,0.148416495602812,0.1044751830019,0.221682887002326,0.139970324236489,0.181336742366338,0.17730573700645,0.183269742146617,0.162838195292779,0.141858329976332,0.182199956993138,0.224767715381402,0.160611160165782,0.152667533911075,0.209142886904235,0.143145136186815,0.14682262013886,0.0997849551367537,0.234100296446212,0.185287557279527,0.143353613612546,0.159011721280889,0.201367461473301
"cayennensis",0.221672072083534,0.221709116246805,0.160872055724853,0.210266351756008,0.15194276732749,0.120352112365242,0.198472637128656,0.157815878869255,0.213539584980585,0.167603738754995,0.1162099859467,0.238397586965121,0.159936983734497,0.182724825737635,0.221899160063086,0.17984639544297,1,0.225699713547356,0.150807895575742,0.161497255233142,0.164461306791782,0.133856981028528,0.175063440200754,0.204613504914362,0.183347991649117,0.350387225991962,0.246235421368209,0.0766846892856351,0.206634926464743,0.236875686930593,0.168766685845299,0.127037830244862,0.199884186029443,0.165483543573623,0.148445980267271,0.0906822730552381,0.109278011620716,0.153262285742194,0.222615194648478,0.143742370284375,0.182825330640953,0.168626125131644,0.178714121346284,0.270210296254926,0.292778799376308,0.16044102509428,0.101034079782176,0.200283935142203,0.28787647607071,0.342204206856826,0.138688087623735,0.280455694477778,0.201318156465068,0.141352839674826,0.141876347417802,0.229613378001594,0.200989012245605,0.193084364344392,0.131569454957313,0.174464275793434,0.114955841470354,0.199294811766532,0.120132909985282,0.278091389650601,0.147600993449037,0.184981587237751,0.189703573382874,0.201113842510034,0.191841684398758,0.23322546882835,0.106050253361425,0.22118149320449,0.170019613973043,0.147371997076265,0.144784335320397,0.227785569814712,0.224137931476518,0.127834742027342,0.160969145629835,0.118457180260185,0.136018531185993,0.14985346965737,0.213824286827537,0.167896595668104,0.106843714506386,0.170820287877899,0.189571257681159,0.156244834944491,0.132554363058072,0.160390084046034,0.0998026306930847,0.0981134635650592,0.0891721027428478,0.210495880309688,0.241972200501985,0.137393073771942,0.166266538793549,0.201949611672906
"chartacea",0.219116021675728,0.186817989240011,0.179460894800302,0.302775654665835,0.33289388141045,0.119538709520974,0.222326453675987,0.199755613821487,0.250357860017569,0.119109579066361,0.138870124530977,0.190678101593863,0.254593892380051,0.24482181079972,0.235348566719441,0.212707824371913,0.225699713547356,1,0.198384142344074,0.171406937234842,0.183072297464984,0.173732844430256,0.192854759623079,0.384043615984498,0.19505295179634,0.200706827651139,0.18306625013128,0.0687071868627973,0.189270376218583,0.21806916544583,0.237354323702216,0.128410959805146,0.216342912389334,0.226143388412275,0.1692899947128,0.141060484969656,0.131409875999937,0.157021759889259,0.176033134528334,0.174001323770063,0.161603622062625,0.217877339060391,0.175080441260733,0.199333725582005,0.203877379378849,0.160359464928454,0.125811627156548,0.168314013534799,0.183832649606094,0.216391510317947,0.169615874799716,0.196540959781934,0.199314951645926,0.161163446243631,0.158989999990339,0.197587864370801,0.215253698506454,0.184406205762673,0.167696533336906,0.240756369060919,0.13730899789657,0.243463156226769,0.0909081949697466,0.234270220868829,0.156745718999111,0.19038034754423,0.189107052922486,0.248130016613262,0.202586034501813,0.228012378590641,0.126637415335303,0.196517477976108,0.194573952418124,0.291741576080829,0.147860857110672,0.223072852233615,0.178031563853938,0.132574588909647,0.202452200443645,0.156691101390833,0.170607026478058,0.208200586385085,0.197180217193248,0.149746903718347,0.151535149013845,0.206069130516183,0.177202557092612,0.166917849231281,0.146946631395197,0.238218189881017,0.142756924067097,0.104868841382405,0.104867562545906,0.208449767467472,0.205968389607476,0.113824428165164,0.168384952926096,0.202875873537598
"cinnamomea",0.199598104731599,0.183645265668752,0.135040838999714,0.257129042648393,0.145478953626815,0.0769193631201893,0.360506408559976,0.174118691455832,0.197189976176497,0.111342364069487,0.153382449940926,0.230958953128012,0.134786491611029,0.324604781585862,0.216823791549884,0.224266514790482,0.150807895575742,0.198384142344074,1,0.123094043993684,0.160735474024238,0.120058056407061,0.166509541306496,0.251084468178625,0.132343134500957,0.178600496801837,0.224295467633841,0.0688711718483585,0.283135889482551,0.227924851325568,0.144485684595593,0.123177516734569,0.240205356415933,0.272011079776086,0.272410902920366,0.117125324974307,0.115189709681839,0.14939726352814,0.205169817610411,0.178666418517874,0.109521287265899,0.290622987666969,0.135750055540117,0.216126851048667,0.214746960329114,0.0995626971247365,0.071206269637956,0.152250271470423,0.13685345743658,0.183574198759699,0.387501021780023,0.186086486326495,0.176032202632365,0.162726928856981,0.360538349831731,0.343723767145576,0.157872784873093,0.139070910416716,0.125644017886461,0.2648771401653,0.106525622629538,0.188250133775697,0.0880771124851029,0.247755906195932,0.131955778694214,0.136836504193951,0.179422135631294,0.216844577591675,0.144761088517997,0.251067418427904,0.107447777677469,0.14826585737744,0.214928147429368,0.152365273104166,0.149947737352751,0.195340780249999,0.178119150966627,0.0955707032532636,0.304746109679223,0.117442777732435,0.13254925401239,0.156042917573273,0.16439726224448,0.115933763253215,0.166734287483686,0.129440446664147,0.288389012336782,0.17594664225983,0.126576028676885,0.163815434680557,0.144581584851484,0.194929667428514,0.0744821483236418,0.206974978834695,0.258142429892609,0.0893701043419692,0.136880633203107,0.158796721057331
"cocleensis",0.221462076971313,0.147298533573431,0.142289376958686,0.180236902294653,0.174131156165251,0.117279913084135,0.191646558585502,0.14125409798845,0.188617480736898,0.13142593962995,0.164192053480503,0.163921328920134,0.128780682151328,0.209836349203453,0.185883613231119,0.168263509597426,0.161497255233142,0.171406937234842,0.123094043993684,1,0.148806953078018,0.13628723283576,0.184321618733246,0.170188437816789,0.215864573923117,0.159161324214912,0.137178186885547,0.0840241943514166,0.22840197792926,0.19048747438399,0.132494818539394,0.122240331148902,0.210048134810432,0.162501723111069,0.142487519356655,0.0887898823708324,0.103006301089469,0.105060066067528,0.253059577390009,0.173189050802867,0.12800351354423,0.170768201605375,0.137752463052084,0.187417984330263,0.173429560138864,0.123318251935172,0.143451039117142,0.224729929201114,0.144413896466746,0.183664957842268,0.110500571476208,0.180133871014041,0.176612714447879,0.123052109774558,0.11519852190129,0.212935296556124,0.190037838436535,0.196923311951308,0.114615546339858,0.181173469572648,0.122573177296636,0.187541384824403,0.13830717432272,0.183266609400867,0.131507477757531,0.217782477370313,0.196907176170607,0.211400713343049,0.181955641889545,0.217600010521208,0.107554450151435,0.12610521794542,0.157620427698156,0.10780634817325,0.143377656752836,0.238195158847179,0.126963441685945,0.10684327078009,0.199471586122679,0.14845369324973,0.205607517973471,0.160632981651747,0.160061647501787,0.194930985725702,0.119567843854908,0.173005909690825,0.1979030059332,0.123615149621192,0.134714983988303,0.170852126205689,0.093716894182699,0.117895254850654,0.0997066811916144,0.208331897215197,0.171813423565869,0.0967253245956144,0.192583771208126,0.19575174390211
"cordatoalata",0.179142764324444,0.159142557045126,0.149388299608695,0.205266721328188,0.156759521278143,0.119040783130582,0.232959340757621,0.321020213884801,0.174817121513113,0.121777609593944,0.155749971210632,0.155899590188697,0.137694986261736,0.230690249421573,0.283548751881101,0.174683684796398,0.164461306791782,0.183072297464984,0.160735474024238,0.148806953078018,1,0.144294213801731,0.171089252222785,0.190762618727927,0.148834701192159,0.134082315689156,0.143533458051806,0.0879645343353221,0.202767554849169,0.199668394985004,0.157589181429776,0.126457937852341,0.198135940128033,0.185491202944278,0.155087090987443,0.093390096224896,0.252422119389379,0.126289694382425,0.165697431375266,0.167432523172012,0.14185311859306,0.180330446596662,0.23464700039402,0.158584379869932,0.183439442540834,0.128609628951303,0.0879272850295238,0.17862575494962,0.140040504829193,0.152597941500166,0.168646875259997,0.153358710789876,0.422842913496224,0.129883765124635,0.1496582971243,0.167909875575666,0.170295100520593,0.147769304146493,0.129826645592564,0.210573420914012,0.125883876175313,0.213293281098539,0.105954987203347,0.214052314602479,0.275431358049667,0.194060307363048,0.172342067045932,0.183387486999741,0.12035031967521,0.184390925730174,0.109211063680225,0.152524148479362,0.18578157346671,0.138651580711104,0.154728241285798,0.192475800709442,0.12391013030583,0.0792886756696487,0.144641504155432,0.192113038851935,0.180829180801901,0.154294937803565,0.160963011869061,0.185730370739521,0.163121267222287,0.146432257928454,0.202321979551739,0.138933511690284,0.118492154639362,0.190489518929435,0.109479881637726,0.11508758359038,0.0853418068187316,0.17939265273601,0.154514607615532,0.0994989936778924,0.16282296466913,0.171469486810896
"coruscans",0.145799836405192,0.150276150635065,0.129405741542858,0.156031249585223,0.138430449670719,0.0998493404270888,0.170367710625519,0.150511339072028,0.163240205489791,0.0888589832435403,0.152755327078823,0.108323352878452,0.126683667104406,0.14707494759942,0.195118210992379,0.194286102215753,0.133856981028528,0.173732844430256,0.120058056407061,0.13628723283576,0.144294213801731,1,0.203605647243951,0.162903927296268,0.139320056999091,0.117382562820274,0.136003749932634,0.0671134825715341,0.149989745411207,0.123971833657444,0.164430974727877,0.138498483536892,0.187948518330585,0.21212898870463,0.128278799681287,0.0872103176256704,0.10650818113747,0.125830932695535,0.13338041742936,0.150049033354315,0.149774626997881,0.154740327945389,0.126979030474247,0.147753350737251,0.141111894258098,0.139050446262785,0.0930731951839404,0.143344055314093,0.151193052032138,0.163097924933029,0.127792464467646,0.136685745687816,0.145633205206282,0.163166799026313,0.120838144588102,0.126717168129344,0.180352215697273,0.163490519034385,0.136200298743194,0.176008917074853,0.120935952678476,0.202505249035954,0.0949606046106422,0.167109287178821,0.164549410463971,0.19651410328852,0.155377583285697,0.17222741370461,0.123348151327172,0.19425746841536,0.219666620781327,0.13550719410035,0.139226127983664,0.127791104823144,0.166425317877826,0.162025487066889,0.100679719099292,0.110879374584082,0.152871245204904,0.115157301334435,0.143529486916018,0.140127839865115,0.143719273545406,0.133741441833011,0.115898576033904,0.15375061527884,0.195290444418619,0.120353056375524,0.119161047721976,0.162757014314965,0.121178125129703,0.100472478624406,0.0809536033083669,0.166427879895199,0.107986851732518,0.133504155342844,0.127157408136074,0.152874281452094
