"","acreana","acrocephala","acuminata","alata","alba","aria","auristellae","bourgonii","brachyrhachis.aff","brachystachys","brachystachys.aff","brevialata","brevipes","capitata12","capitata33","capitata35","cayennensis","chartacea","cinnamomea","cocleensis","cordatoalata","coruscans","cylindrica","edulis","fastuosa","flagelliformis","fosteriana","glomeriflora","goldmanii","gracilifolia","grandiflora","heterophylla","huberi","ingoides","jenmanii","kursarii","LA17","LA41","LA48","lateriflora","laurina","leiocalycina","leiocalycina.aff","lomatophylla","longiflora","longipedunculata","loubryana","M18","M25","M27b","M30","M71","marginata","melinonis","microcoma","multinervis","nobilis","nouragensis","obidensis","oerstediana","paraensis","pezizifera","pezizifera.aff","pitmanii","poeppigiana","punctata","retinocarpa","rubiginosa","ruiziana","sapindoides","sertulifera","setosa","spectabilis","splendens","stipularis","striata","suaveolens","subcapitata","T18","T21","T29","T50","T51","T82","T85","tenuistipula","thibaudiana","tomentosa","ulei","umbellifera","umbellifera.aff","umbratica","velutina","venusta","vera","virgultosa","vismiifolia","Zygia mediana"
"acreana",1,0.210845525176595,0.123353448476099,0.244914074849425,0.1833608311916,0.191853325447706,0.289132130025089,0.193292219174012,0.192255555403191,0.204014984152184,0.24230218765192,0.180062480718778,0.110587359909792,0.235194968759943,0.232606914455775,0.16500597075679,0.136810519400126,0.293907419768744,0.223857651900619,0.1660290129805,0.323193892481316,0.158567914727216,0.164297787375319,0.322804374140125,0.16621118257751,0.115435635902741,0.189153598809036,0.088580431827892,0.257904770023038,0.187351231085562,0.247132259925495,0.170700361743466,0.334389337695266,0.204843898926779,0.235439329414468,0.156799619700118,0.243721847534255,0.19239380026228,0.152897863548645,0.278452012030221,0.24133283074651,0.253300350549363,0.201870639917066,0.13388513415216,0.156440312083211,0.203261151769419,0.132290454495851,0.32131813570563,0.240384489384635,0.245257038265641,0.175626886664549,0.167945925175626,0.260714281313457,0.288688575889092,0.15523725126149,0.274061362887651,0.245752212642983,0.162906197519586,0.213906410183732,0.276623828230027,0.248346386504011,0.301231909525952,0.261167573781776,0.242354503148971,0.272252175120875,0.346964516930906,0.131793326441484,0.250727420940438,0.253267712972242,0.21851580055845,0.172495904939294,0.168620104744535,0.221327423115545,0.224407740978811,0.277559202770987,0.301471022198838,0.24778674772601,0.202194234755548,0.183292701784682,0.137722160553574,0.186404534838788,0.247249215757557,0.153893464078399,0.312004919403477,0.234664879432841,0.24658347968881,0.246933324951772,0.191352236529426,0.150217216524198,0.285479593300507,0.173100983361181,0.18865270995266,0.214863841337615,0.286212841670075,0.15406788762066,0.146985754456902,0.234762670113482,0.302309150490365
"acrocephala",0.210845525176595,1,0.156748942456933,0.413274726586434,0.213345506327948,0.137585474767509,0.211014797524643,0.170144388035042,0.160218006846771,0.156478067866236,0.14074408989061,0.15593874782794,0.085466503567705,0.176708875312803,0.22336097788962,0.198022456583843,0.129209423263546,0.211664501846365,0.174336208227257,0.125587617928747,0.209734584785699,0.166198336378887,0.163797320673824,0.176363293190383,0.152098120745602,0.154062345149787,0.127929097222583,0.162666985215432,0.211456587831079,0.166129174797439,0.150489164300128,0.168875252055695,0.188653986697226,0.121693957306211,0.144982577386004,0.11086015951521,0.157911572209059,0.11262861161323,0.089946377037894,0.155218099618717,0.216925320506189,0.225538270483197,0.117178703923867,0.144594540049158,0.330607847505495,0.133014564815719,0.110980938886925,0.176045728602915,0.169078236467218,0.150458014846171,0.156900721483859,0.165640509816346,0.216448108416811,0.169535625080867,0.11788831286945,0.12947700053712,0.277750085138257,0.364562611788341,0.173458485666009,0.176743963842496,0.203936925394352,0.21297187282669,0.234669258936892,0.239100006365279,0.151554567772442,0.238678127234108,0.0979060535501676,0.175253174917014,0.173970700115242,0.392919243016263,0.226325891091856,0.260437449802989,0.180401739998057,0.152428296102798,0.201482278712737,0.201195458023078,0.148546673721094,0.162494655120857,0.148754768327503,0.185887675555213,0.196041705301471,0.141051688516123,0.175924225859417,0.239303426661972,0.111851066191978,0.127644722095737,0.17313881747861,0.154006539900257,0.123958309317757,0.151459435169154,0.147847679473396,0.10897740728386,0.173434426444494,0.230247488491288,0.128820211766409,0.156567137232657,0.175222053187833,0.175120711654898
"acuminata",0.123353448476099,0.156748942456933,1,0.16463921844434,0.302200276669773,0.120652531753823,0.150505546973692,0.124536431958733,0.110518572724031,0.135743655716356,0.0912947187121225,0.115288187530102,0.0625796611878481,0.164732112737083,0.183425550406262,0.21193537175421,0.0659872874126446,0.119613084899459,0.189232528521321,0.108966486906517,0.129537902936297,0.179706227244222,0.119603033020715,0.119766772347205,0.160187139962302,0.173644473547663,0.130925496318028,0.290273992389283,0.169923277412434,0.0920963227974423,0.101156504291465,0.150025126593806,0.126470958241976,0.107883041304523,0.11707455132998,0.0836458056886583,0.123729234870714,0.0845329635095145,0.0831577311693229,0.101806893570094,0.157727998448244,0.187349217368246,0.080421073934497,0.171310526495971,0.171125568842227,0.141355323916934,0.090002466714615,0.127115364514489,0.125073779676413,0.0801515958327701,0.114020856719788,0.171294506969138,0.15243419036333,0.119779232277319,0.100779862632005,0.0959374749385792,0.204772359951277,0.212005266165379,0.161206969533294,0.0959597480315224,0.176862895168389,0.128789682120759,0.0961571581262616,0.284609920870133,0.134540260874709,0.11975887901087,0.112546077196505,0.128089863406537,0.147426544120469,0.124839392306903,0.112339985234265,0.139995429710052,0.125211960145537,0.089884715552282,0.153856115319655,0.11511520783091,0.113740583279921,0.0707928171605354,0.131055326395136,0.325931137688434,0.140910745133467,0.0961235637251704,0.128897794622365,0.119272408457482,0.0944962398609013,0.0995048499247643,0.123611746826901,0.119176766745543,0.0854522097899681,0.107775107194147,0.120022125620683,0.0974421201331336,0.130742058915012,0.0839858280329215,0.104334877202233,0.0858833630562836,0.1603995801029,0.110866437894155
"alata",0.244914074849425,0.413274726586434,0.16463921844434,1,0.238823536622451,0.112247375989763,0.246883729399825,0.15248367037768,0.145652904631027,0.217794001327816,0.196148193165316,0.153088074541046,0.0736247342447336,0.198482564249178,0.242025392008696,0.223552888316249,0.086270362368145,0.213610522390499,0.167038882470988,0.129543372159585,0.221281442223311,0.183615638767236,0.162368124418623,0.251840007051137,0.168728177316578,0.135941977326298,0.143912360479476,0.157587332045115,0.238797267449612,0.125745070833273,0.212173256388398,0.213596035355332,0.266107234035932,0.12077186820541,0.222959890401448,0.11210028551984,0.146567173577889,0.123437077044834,0.115977294133298,0.164209673115755,0.240745617190662,0.20676775568806,0.150369693333975,0.145193181961094,0.387359005122036,0.179590480842399,0.112843219120649,0.266653890332941,0.206768806383633,0.193771950501758,0.183872893575619,0.170344255251333,0.222097562503596,0.224313543113149,0.114244851514637,0.22012483603144,0.172103002417,0.414433289186763,0.235770289176419,0.22888583414267,0.274879783774225,0.254546454614803,0.161369001618396,0.259708269780501,0.167904552145799,0.202881506329434,0.1024608279838,0.223417216434348,0.163548330072088,0.342961993688081,0.149915051488675,0.294073155769224,0.217120243164937,0.124554679189686,0.225355890744525,0.175431625053782,0.176357746741155,0.112311988333503,0.166612263181607,0.193565509342664,0.176176376102131,0.178083082515237,0.158779591304786,0.177991698557774,0.188419008952634,0.133187498218928,0.231375510642165,0.180217124555937,0.189051755171633,0.224236341745681,0.151190900524393,0.137312064959032,0.165905705756266,0.152651296719459,0.132495288735408,0.16073684169926,0.16970476121505,0.216797256131509
"alba",0.1833608311916,0.213345506327948,0.302200276669773,0.238823536622451,1,0.145533095886975,0.234003900097926,0.174662246169116,0.139107453508978,0.319024572531794,0.233060248479132,0.249509098045339,0.166261715488193,0.235235733756522,0.375847662996279,0.28657175574445,0.0749884787523158,0.197957274587622,0.163108280506553,0.148115683180723,0.188413965156527,0.18836225212816,0.156705420825165,0.207473585057444,0.1671773531232,0.416807222111309,0.142894815170543,0.283202733086526,0.265788931797609,0.114495098836749,0.229485575197525,0.316010558394497,0.234181480639394,0.129962561497182,0.296316222786619,0.10005634501081,0.136412392735898,0.112888898217446,0.089851237971806,0.127781215953946,0.360243640690519,0.159523425571084,0.128799005999323,0.125817096144881,0.216266969827475,0.145936671934185,0.23692398863934,0.166869264801649,0.278019434252462,0.268182145902385,0.15637561640307,0.290092706486403,0.295167299294406,0.185134994149507,0.120303304712797,0.132988253661178,0.236622238382177,0.253911032183752,0.326876710875703,0.188170923603783,0.435271720700497,0.233255123934844,0.130334020590275,0.43543373973781,0.147810862270877,0.176970199075066,0.0940816396122112,0.193615481053633,0.181435987220268,0.175136556228063,0.281604113088797,0.20155953188301,0.265995004643818,0.107571462067994,0.207463921187721,0.159330669296139,0.126930202089862,0.107565994473173,0.137580227220239,0.35095436280531,0.15765168085118,0.255826403714997,0.157199958811914,0.152731495047959,0.140932637838377,0.118601305933594,0.195418635418985,0.162424754494778,0.128217460707348,0.28739497260966,0.154015060673762,0.224047214616967,0.187702993195739,0.13286133948068,0.133284274371139,0.210554349330617,0.210474553046823,0.184517758885837
"aria",0.191853325447706,0.137585474767509,0.120652531753823,0.112247375989763,0.145533095886975,1,0.167848466637616,0.130754837658201,0.113857007603481,0.11351213692616,0.140223705215823,0.126358408956866,0.0684653725973285,0.163978630810713,0.145438626045663,0.0974071766563669,0.106243993001772,0.236656801540457,0.19231654549551,0.111524309342463,0.171705961007475,0.113001266377701,0.126057862915535,0.169560346402007,0.119640045890836,0.097309817069703,0.153601336870983,0.0984558782643998,0.165845867971552,0.144352136428019,0.163685255169986,0.129223750863147,0.159506223101775,0.191871481922906,0.163065681057064,0.181165588088162,0.170797216625602,0.152410915379356,0.132641015807737,0.185845499288905,0.178205941119528,0.136284232836108,0.153109570013404,0.0980748081658404,0.116477411213425,0.124576191091048,0.122344574960512,0.160584998402411,0.157074706743342,0.131913595047647,0.121542784264946,0.176986353341705,0.159635199663435,0.189293035992054,0.15292362924947,0.141678092119341,0.16805131168025,0.102677373393609,0.150526919412154,0.174416529208619,0.151725973705534,0.172011781165018,0.163151426222186,0.168479057039035,0.16704402912296,0.173335807560585,0.107873025984124,0.177359750063617,0.267839845319945,0.142808368374323,0.173497472246788,0.116089361552248,0.149754277605572,0.157942206473258,0.157798556279408,0.180107456037243,0.147450050666688,0.133349151016823,0.125966547595534,0.122923734107008,0.105716139062197,0.159576488914621,0.137995835762083,0.180035934828131,0.12093325900682,0.162942688750618,0.16106971960152,0.135945744909535,0.109169068399121,0.179339923337172,0.115461981389967,0.104198927560165,0.149317261143867,0.186689633270568,0.198364614438601,0.0882674554393446,0.193032255152976,0.270368419044418
"auristellae",0.289132130025089,0.211014797524643,0.150505546973692,0.246883729399825,0.234003900097926,0.167848466637616,1,0.217860761985691,0.212563234055688,0.226621150927554,0.217888918043185,0.183003378376542,0.0952551481400189,0.235127580097087,0.279663148787018,0.186338978034609,0.153538109843287,0.350412964522936,0.2192178415034,0.263765961181852,0.303845148914457,0.150887017879676,0.200487888992172,0.349213418033711,0.170973775595499,0.128097502272346,0.226681576927101,0.122479047853383,0.296044251267732,0.233458199994994,0.331832658028365,0.279254067014979,0.347520377785391,0.190857469421315,0.258715159177249,0.157533276437913,0.20520770877521,0.178182008255223,0.183135247515463,0.273949224597117,0.225649997263281,0.244245338343516,0.239826688011173,0.15042776376635,0.176206506565777,0.297284320840343,0.108537514751363,0.314498881634281,0.264006825706357,0.296528485755088,0.158912800390244,0.18750014991141,0.344769165461337,0.324366634599685,0.215976679110584,0.261921449972745,0.248236255393194,0.199450566672269,0.278653089786567,0.343172343760673,0.321976660665674,0.374877400893488,0.21482382334166,0.28130963910001,0.304364507856251,0.31337643019852,0.10520046324051,0.340600179645773,0.230552432311428,0.251377448213094,0.176350647248325,0.166638428554183,0.302510948103299,0.17655192462934,0.355304400116313,0.251046298274134,0.198568358188485,0.144794881467154,0.17272490298323,0.163556211184547,0.268361978624468,0.258539262450991,0.173869927777475,0.22751160479195,0.271046904076597,0.19142983896455,0.270203897968301,0.184147345169765,0.142545956189139,0.299584216962096,0.191149411459294,0.160387835885641,0.170600182546334,0.229519985103595,0.173147024536445,0.114718901231554,0.260265430520631,0.398019382595189
"bourgonii",0.193292219174012,0.170144388035042,0.124536431958733,0.15248367037768,0.174662246169116,0.130754837658201,0.217860761985691,1,0.131074687504975,0.233953863912154,0.132652374580864,0.141308059688625,0.0874849369455766,0.178363197199766,0.168673296228996,0.151744903722286,0.0930843351332916,0.19193328157347,0.190205314706121,0.114443118000803,0.195603847255187,0.116510965959614,0.176538579425142,0.205364709389247,0.152422938122382,0.125682606969259,0.16800903017184,0.109105902171594,0.213572288225199,0.158141692718996,0.164526599281889,0.150434920409945,0.187670125760948,0.165450672924363,0.141362617478017,0.130503642021056,0.161158627159475,0.193602278099975,0.0975828856931231,0.125322476493697,0.156243786913695,0.185286455413858,0.148201898022148,0.127255573600853,0.114823879442171,0.141498558265716,0.0989785437242959,0.157534321645279,0.154816091927803,0.138647821969997,0.154387587089425,0.152291896562828,0.18502842291021,0.172627334504181,0.147580171858775,0.132071229742667,0.202666579542982,0.125801516336281,0.173273138716396,0.142944471231897,0.175849085488147,0.208585364898257,0.15070566839229,0.17308384513087,0.171362056255795,0.182413431915804,0.113524005552031,0.210797653902455,0.165618253701161,0.204308252208763,0.15358247083267,0.190001436545187,0.16813953256435,0.173327163342527,0.194665898379839,0.179245546779993,0.143335881596876,0.117774083529819,0.16096331507044,0.139774609259186,0.162168910412996,0.15678068601054,0.138505446079916,0.143905241539135,0.126937599874178,0.164602054925046,0.191340317878104,0.159991564760865,0.120570751452236,0.202985159098145,0.151280775331114,0.124532553277055,0.155427286115003,0.163184492789893,0.127537834418537,0.0905718956364321,0.176425026991974,0.17961537641144
"brachyrhachis.aff",0.192255555403191,0.160218006846771,0.110518572724031,0.145652904631027,0.139107453508978,0.113857007603481,0.212563234055688,0.131074687504975,1,0.119019928762611,0.152904608255036,0.137773040470527,0.0860188887892436,0.177151561419107,0.200523715275753,0.115401466210474,0.113944102411667,0.149363399738878,0.162021984410633,0.232921578241353,0.188628672454576,0.116453236375199,0.192501172383402,0.177675291307641,0.124235004925219,0.0912249764987364,0.121388054910537,0.12098003056657,0.162301200829452,0.155968461419943,0.14489332081159,0.118655265399481,0.178246212066118,0.145997264264297,0.151325740177351,0.107531798172878,0.12767838879243,0.103589615630474,0.111029065992115,0.153936573057388,0.17082219938344,0.167458969312433,0.0960139155359638,0.149892196198099,0.120305778753456,0.134023350657701,0.0858671931697984,0.130134819914143,0.136914632497346,0.109704461715743,0.119170133782781,0.117373515802841,0.171284517386089,0.161686433824807,0.132468162544435,0.117217655892294,0.198804127437742,0.105489873715368,0.158292541766965,0.141191797234393,0.15584933039175,0.188043195999641,0.147384707481785,0.167676983328414,0.154539501885042,0.183473542395148,0.100419339355505,0.189612145113863,0.161606387426476,0.189372192820863,0.115592624599881,0.142420494091296,0.160513996938927,0.139501292556328,0.180465305509544,0.191320279568518,0.134747191028386,0.11310799527333,0.129031604436364,0.159610662000611,0.17670763959427,0.149566350216721,0.125802179825564,0.161314867037736,0.116279691318921,0.136206889668075,0.169322518849243,0.129362810586513,0.106512327232339,0.24306075650452,0.183708668408527,0.125943766698609,0.143696843533117,0.170287621572595,0.124334236625155,0.0869300396222042,0.124183046599659,0.154302808075823
"brachystachys",0.204014984152184,0.156478067866236,0.135743655716356,0.217794001327816,0.319024572531794,0.11351213692616,0.226621150927554,0.233953863912154,0.119019928762611,1,0.365352015178476,0.301383254357929,0.173584490349159,0.216887221271144,0.235646982988973,0.201380501228531,0.071881390708329,0.174803160434997,0.170466023041894,0.127885092123667,0.20115204586649,0.133250947523169,0.147054527682339,0.236151135799802,0.144579554027535,0.285729963889027,0.138672003540443,0.107453124254611,0.189087063142456,0.127296396880841,0.174967778252042,0.428024556335135,0.20192638778749,0.121685772183245,0.381903822401274,0.109153422489224,0.152080188982356,0.119677310670184,0.117556414820556,0.134535421940663,0.414570811800691,0.155963424974439,0.137674360371033,0.136597636102388,0.16029905625294,0.157405584121193,0.358810123301956,0.186797927676877,0.340076900123969,0.321036725600578,0.132368227441123,0.146421827348099,0.243688195756696,0.231013853270341,0.104764015821473,0.188015672922801,0.158936244600317,0.17372684273769,0.331918322939367,0.193952932004712,0.240580973223573,0.254336693447602,0.114266163160931,0.244219135014316,0.175706825142026,0.177592306680527,0.0997003409614356,0.193450194682004,0.156940091911437,0.198699479064242,0.340796500941037,0.146804607588384,0.210318142630407,0.123475006044328,0.207176753028101,0.161400712627043,0.187583918112027,0.113984235966155,0.137195478018381,0.152948052848819,0.166336665644019,0.209905473068635,0.138845789488919,0.140528515758546,0.169280714843042,0.136494881245349,0.185617200428364,0.167202745424542,0.125845631846099,0.324303312150444,0.148172807978083,0.320936145552976,0.174646205860423,0.132322632012094,0.127326129459481,0.355891285828908,0.153079067650993,0.168642301206818
"brachystachys.aff",0.24230218765192,0.14074408989061,0.0912947187121225,0.196148193165316,0.233060248479132,0.140223705215823,0.217888918043185,0.132652374580864,0.152904608255036,0.365352015178476,1,0.29848006797082,0.171950500471365,0.139891754499005,0.156936881678524,0.119149529028,0.0922674326575478,0.19820920197386,0.154755803425603,0.144900633204356,0.251982296815191,0.0850402268753373,0.121145100903746,0.237343499342816,0.113396662016838,0.237207233181928,0.119303847029408,0.0602919237865386,0.214727391289849,0.12169398061627,0.208305864600704,0.337918722289453,0.291248532729819,0.144625850159488,0.418957329145981,0.125503120873824,0.150622021434897,0.237911068326089,0.119450561680883,0.196508153877237,0.391104835584664,0.146599456718405,0.157026524556174,0.0976222427414536,0.119539163506947,0.167304087478088,0.286406272221794,0.261226975797488,0.428714625689277,0.348991760978185,0.104325901526631,0.110348038245131,0.178667059206117,0.241157975809401,0.161055514456297,0.241149155872305,0.153981638746909,0.195451643420346,0.304569716452377,0.22028649156477,0.210253007681561,0.227867127753622,0.152989040022926,0.204681508954059,0.259316323256498,0.190522729167832,0.0830901319289234,0.241316934371947,0.233520436781691,0.161152484742927,0.294118506713498,0.109160649948101,0.155539248951603,0.160474640229695,0.190579386371143,0.231701047644548,0.163117832554907,0.201541941736778,0.143142784711879,0.11068242468039,0.129809744331215,0.189804061543988,0.124264648934752,0.177341523710831,0.197286483229567,0.225537123429072,0.194994869316118,0.143970865558554,0.169310642941803,0.357886531708005,0.128360509354076,0.298069737970404,0.140217052877048,0.234495877838443,0.125643666800293,0.306967248845386,0.239489922280881,0.206221114037727
"brevialata",0.180062480718778,0.15593874782794,0.115288187530102,0.153088074541046,0.249509098045339,0.126358408956866,0.183003378376542,0.141308059688625,0.137773040470527,0.301383254357929,0.29848006797082,1,0.16618152153097,0.187942526332286,0.160275229798984,0.138091495281921,0.111816955429646,0.174057032592635,0.192090631854746,0.11546203706524,0.190156328794112,0.135791679485733,0.193392558876448,0.214571098602422,0.178432537781451,0.26606594043467,0.135238421566662,0.113065067877372,0.201773287624722,0.119121971001365,0.178118362382609,0.305937083409431,0.165202648430609,0.140252622275281,0.356432873638851,0.107256619837935,0.157590141124972,0.135258936315343,0.117769316340101,0.134557936676296,0.30313283436867,0.178352776376108,0.145680193610528,0.118893096798579,0.114211584887775,0.174838467812949,0.260380424932934,0.16814145768583,0.299325081583431,0.271711463909796,0.172557132585714,0.149380801166635,0.165749395197087,0.21485613738489,0.118020630320221,0.142320497711075,0.178745044360928,0.125499960926667,0.273021525940764,0.155011679729946,0.161960405505062,0.162699616910468,0.15061213267454,0.168968493644996,0.183414544070118,0.200260534272149,0.1152381993839,0.174295280556752,0.145012163202991,0.173218574731081,0.282026881717413,0.119514933993974,0.155087368145606,0.132352098748679,0.14222156895699,0.193088257076627,0.14853531040702,0.150088684957917,0.147521402949638,0.138441836812327,0.18524839287506,0.17470158693975,0.156890853011899,0.15676556555861,0.152421830421109,0.162159962536009,0.167517617241221,0.208463854312145,0.133725126616453,0.280849586645449,0.144307741618536,0.28663926875043,0.152535823998076,0.175735081311214,0.150648219068632,0.281443260954442,0.160185855488265,0.149333698314733
"brevipes",0.110587359909792,0.085466503567705,0.0625796611878481,0.0736247342447336,0.166261715488193,0.0684653725973285,0.0952551481400189,0.0874849369455766,0.0860188887892436,0.173584490349159,0.171950500471365,0.16618152153097,1,0.110163151540315,0.101711744056829,0.0674297175506258,0.0711334540306122,0.104521846013878,0.0911960616044347,0.0837804862158577,0.120736202724252,0.0715719298007322,0.0987983007412283,0.088696445002962,0.087108876953299,0.160997967972848,0.0855891913478617,0.0527345169363424,0.108401520311316,0.0849712846838615,0.0760282482440984,0.158041820738045,0.113237540417934,0.130638683485477,0.171518603355096,0.073430920892894,0.0965832169805776,0.0927619880214484,0.0760349995735355,0.0851982222454503,0.169988515994243,0.096334581336639,0.0757804283598856,0.064269663908648,0.066719801989325,0.101627060129534,0.191811542830706,0.129512517291146,0.197314182460082,0.16007693567695,0.0854211101867931,0.0769623866565325,0.0912047670569737,0.0895532012884172,0.0627626963812036,0.0861142094872045,0.0914259710797241,0.0524065999804984,0.175509204335215,0.0732529381572572,0.0765449803446133,0.0925059696860015,0.105198431851316,0.0997872517850045,0.0965855377681501,0.0867099984413696,0.0696717119387702,0.0922472036223014,0.111285330916562,0.0878262189200933,0.169316838424041,0.0881886076715029,0.154705071217573,0.102517369300774,0.101738663360394,0.111094664128601,0.0755302745817398,0.0723510939800403,0.145883060675904,0.078504865094168,0.0849811547976136,0.13727227019018,0.0887637908482936,0.0843183951732782,0.0821693978262125,0.0912429349752655,0.1026809331386,0.0736291456811195,0.0585712419769951,0.204286670443444,0.0915104955160706,0.184513076228119,0.0685484579902557,0.129456433988699,0.0867544070683619,0.152558242699946,0.0944456244947866,0.106861222009007
"capitata12",0.235194968759943,0.176708875312803,0.164732112737083,0.198482564249178,0.235235733756522,0.163978630810713,0.235127580097087,0.178363197199766,0.177151561419107,0.216887221271144,0.139891754499005,0.187942526332286,0.110163151540315,1,0.326282691933737,0.201954286769489,0.1159409586467,0.22153868128616,0.213120867194033,0.213118448079512,0.245968048757289,0.174840374673326,0.219408354450079,0.233488859561201,0.2018343389435,0.159940998826644,0.175829067182563,0.150988941218097,0.229420092078921,0.13775191417629,0.190450114247371,0.168012286460544,0.213035758174391,0.181864196626067,0.197054574333858,0.164576322202718,0.200595372204076,0.151408781286309,0.142356294395235,0.162029024598673,0.236037085998454,0.225249168135624,0.17010392160192,0.131073164829026,0.185217487516176,0.172994790405319,0.118528466991747,0.199840350359298,0.18147025522849,0.138459333808847,0.187485679369094,0.185562758987623,0.282329719668314,0.225825190854785,0.147835510152498,0.186444691652007,0.21662624615379,0.146518744449543,0.21214809515744,0.184607148005139,0.231774511283375,0.202383687226799,0.159753191702717,0.270735114691921,0.220499965378291,0.23008359160247,0.139220094652396,0.238416989659502,0.223051637534852,0.210948141352206,0.216648311607558,0.18726668707795,0.198141804564332,0.174502757878311,0.297415961437297,0.228553758386494,0.206750554908619,0.167921803807696,0.188915573140676,0.244915279785901,0.210424764471672,0.171324367338041,0.181886627042418,0.179304976123261,0.246880939621998,0.200843903616576,0.211096561797106,0.197811662398553,0.130270976652268,0.210295215596087,0.177491969391641,0.185903947107138,0.190970143391324,0.173819172711988,0.160131689898094,0.115249663800415,0.196576367923008,0.211788234379313
"capitata33",0.232606914455775,0.22336097788962,0.183425550406262,0.242025392008696,0.375847662996279,0.145438626045663,0.279663148787018,0.168673296228996,0.200523715275753,0.235646982988973,0.156936881678524,0.160275229798984,0.101711744056829,0.326282691933737,1,0.223386948512483,0.117522557249516,0.219216027868701,0.193987453910018,0.198668536443407,0.267318915566687,0.183426154071389,0.208371440227853,0.243036329774653,0.188878809224037,0.16554648325317,0.148494591640915,0.166516456114417,0.236157656088456,0.147081227338949,0.282698803688546,0.178977243102822,0.30418937295225,0.159161926416941,0.245771596745335,0.121121966733755,0.163250164609473,0.147106325857511,0.0990696965404686,0.166407675445314,0.22391873633283,0.205201827922558,0.163977846368064,0.167320768011225,0.219881718207288,0.173948793607461,0.11878991557806,0.205400699147849,0.21737003598076,0.216685795523225,0.179985915122653,0.202865552138827,0.346731257022362,0.229698691453167,0.119583280467174,0.166024415857551,0.233133626190905,0.1789000196742,0.262762623776071,0.260784210574069,0.390846179288371,0.275103198990856,0.172957533149651,0.378703364180293,0.184542430464794,0.23310268372351,0.116374346631779,0.221460443495117,0.235284502320292,0.215618846720426,0.229966676062076,0.189218171636304,0.34470932866623,0.158517996407441,0.279639492314475,0.204518841654653,0.179441369277125,0.120417500732779,0.173822532725404,0.283536507933303,0.205105672609492,0.317229418261368,0.163460402411209,0.212131896980348,0.183817803866946,0.163436320317597,0.218462771662512,0.188462258186595,0.161505809982702,0.245801013497002,0.176632261974633,0.161790877394777,0.169853153768222,0.187647150639644,0.146621498436127,0.111537097796895,0.194150078379261,0.226767810123519
"capitata35",0.16500597075679,0.198022456583843,0.21193537175421,0.223552888316249,0.28657175574445,0.0974071766563669,0.186338978034609,0.151744903722286,0.115401466210474,0.201380501228531,0.119149529028,0.138091495281921,0.0674297175506258,0.201954286769489,0.223386948512483,1,0.0730874406835274,0.173697262898362,0.127529807527457,0.152919674812881,0.175942375250046,0.22726008033058,0.163814508789808,0.171628276837052,0.160234718796437,0.251108492729294,0.129708476151254,0.211244920055664,0.218873454454083,0.117873060451064,0.130422413704109,0.186282115168497,0.164726201807168,0.121463192335924,0.143806923828949,0.0914358794679685,0.12992400816283,0.0959219779263056,0.105149629205267,0.119165591172753,0.183712715664728,0.153720141453772,0.118742939845681,0.119064138821165,0.21367734606379,0.123918701951705,0.112769743739486,0.134344115005513,0.13709090199698,0.136404838302808,0.172993698073621,0.198649798299315,0.1830627752631,0.169030756727812,0.10561738854446,0.116372394922536,0.195531237532499,0.212479476740688,0.183429149396798,0.138185293213231,0.2373660791241,0.187568992866741,0.110766574208046,0.271515845394929,0.14336935791527,0.167753625062727,0.100625980133975,0.176290353524267,0.130013748669801,0.169871375616038,0.14991963715236,0.205274414246077,0.151480890368991,0.110301099815406,0.179549674279395,0.168680577949274,0.123944898184536,0.0853707172392687,0.107932395807258,0.251214210921682,0.176332989742638,0.12581085578327,0.174385896405861,0.117488268925845,0.120133462116523,0.116470565518328,0.186905689409211,0.148242087599585,0.107449255385838,0.141843181174534,0.143076825172459,0.122376104286795,0.197773004087796,0.127526237283722,0.127049860780726,0.093495947308941,0.159677088782118,0.17864044007812
"cayennensis",0.136810519400126,0.129209423263546,0.0659872874126446,0.086270362368145,0.0749884787523158,0.106243993001772,0.153538109843287,0.0930843351332916,0.113944102411667,0.071881390708329,0.0922674326575478,0.111816955429646,0.0711334540306122,0.1159409586467,0.117522557249516,0.0730874406835274,1,0.12854768391754,0.122692573435252,0.104042241243074,0.140949393219477,0.0719303832110359,0.0978439394416535,0.14669847265993,0.0968037445998106,0.0567166165202469,0.106505351972397,0.092968194543343,0.149693338637142,0.178359873450894,0.111473676626869,0.0750664782829616,0.121438773807606,0.119111625723689,0.0990017989104311,0.0848073083601968,0.155819737100289,0.101626794624518,0.118652293683794,0.137833034837557,0.0919065525727634,0.154657552672275,0.106161014841772,0.0791200952489996,0.083769542664472,0.100678580495703,0.0568871609689165,0.127080519618896,0.109790532057199,0.0994717399615784,0.0825511666140509,0.082449944833756,0.127589516864925,0.131509161931418,0.0950770570656035,0.118224438275833,0.145460078324809,0.087267930825097,0.0860678024322273,0.131686669832685,0.0868561360066492,0.113995783054712,0.137354026854105,0.118870823852708,0.139965625332515,0.144606474183629,0.102716531478694,0.127917501812739,0.113088233271363,0.127747231491133,0.113616722099991,0.079318551596479,0.107833693142631,0.124399418440737,0.132798712083148,0.178301639107967,0.106897329442663,0.112837270094948,0.106550768707781,0.0946405643022199,0.192968818338318,0.161327843787916,0.109956078412293,0.13487647861434,0.10011222449932,0.177986914798337,0.130371845196317,0.0824965001502482,0.0714202084757888,0.11193394839724,0.0924060010446058,0.101317412795451,0.0770201864948477,0.189493130111879,0.0928105519340047,0.0700858671527944,0.114798713483679,0.132551773155342
"chartacea",0.293907419768744,0.211664501846365,0.119613084899459,0.213610522390499,0.197957274587622,0.236656801540457,0.350412964522936,0.19193328157347,0.149363399738878,0.174803160434997,0.19820920197386,0.174057032592635,0.104521846013878,0.22153868128616,0.219216027868701,0.173697262898362,0.12854768391754,1,0.253886290353486,0.242844415408063,0.260840658535627,0.128869177934345,0.180360831195151,0.354490780503456,0.172902270069337,0.114508342442816,0.171511593613955,0.104562021133926,0.251161921475219,0.174151185521993,0.311177887888621,0.241630917617655,0.317464066788462,0.182219893221856,0.223944287149711,0.16218263400743,0.211065403495531,0.177236761005246,0.15082992231751,0.226619708658658,0.217541928685987,0.219426233745389,0.250401221775517,0.140699962713472,0.154004057393807,0.287931725975394,0.130027249277953,0.269577348806872,0.225012054724253,0.281307505472205,0.15687218734671,0.151683761347801,0.287931664032377,0.273970887861652,0.158036343184616,0.225321478701741,0.226970663541653,0.148482662870086,0.241168003673704,0.32352694195861,0.277320572831919,0.334037113844013,0.247662935656222,0.251667048603932,0.244864062131771,0.330952627179263,0.12242064718412,0.338826689723791,0.230843988307157,0.230038220707949,0.150887305438129,0.14841896220455,0.258088890762639,0.191642340462405,0.347317939811021,0.256125874511321,0.20516380077895,0.204242396400977,0.17806165741848,0.143131459466477,0.204605065325968,0.243103225144731,0.184786391839442,0.292207759934649,0.246023038466719,0.192057249782169,0.241640168255455,0.189565105994601,0.144801782260531,0.28394035110988,0.158699902894143,0.156541798915797,0.168541097546499,0.230857638612738,0.173782500372467,0.129295314413012,0.254523371391106,0.411414387275075
"cinnamomea",0.223857651900619,0.174336208227257,0.189232528521321,0.167038882470988,0.163108280506553,0.19231654549551,0.2192178415034,0.190205314706121,0.162021984410633,0.170466023041894,0.154755803425603,0.192090631854746,0.0911960616044347,0.213120867194033,0.193987453910018,0.127529807527457,0.122692573435252,0.253886290353486,1,0.111989464219739,0.225118685251376,0.146173119318874,0.166491173828906,0.243156601799437,0.164470704800524,0.0999461764074011,0.168616191651502,0.130777827646075,0.204674885705381,0.156247543252034,0.184720688355251,0.163875146464186,0.23030887639492,0.139126138529458,0.184058380984682,0.150671041347767,0.22226782763844,0.162599854672429,0.116273120720281,0.180747316374627,0.152669138804664,0.302622514747602,0.136547577689179,0.215859503075749,0.144156904934778,0.240143261106084,0.0890212051892532,0.187499319230634,0.186761546229413,0.165194735605958,0.154924913569526,0.133782651402364,0.185196728795999,0.222828546376165,0.143148958085301,0.192187893700455,0.304887633469631,0.126853444940747,0.171318174423635,0.185895909299924,0.19440206399114,0.21979591150944,0.17601528543472,0.203182655529378,0.190249926695732,0.245035984717548,0.148819533531794,0.18590859157894,0.187781868341935,0.211636812523019,0.127352825369134,0.143054313315282,0.191059275006721,0.167628580669884,0.202932530803081,0.182148815701492,0.167793437313061,0.165706926057666,0.170070528709732,0.121299527212504,0.178878543787166,0.187858160129509,0.152558711988962,0.175485443834672,0.172752502396696,0.183666790612961,0.219584939914046,0.182275174517525,0.140717028792496,0.1835851630132,0.138241580478515,0.147837109630115,0.18680450600572,0.177236128942828,0.134198889402776,0.120548140316755,0.166315536336962,0.213213407413433
"cocleensis",0.1660290129805,0.125587617928747,0.108966486906517,0.129543372159585,0.148115683180723,0.111524309342463,0.263765961181852,0.114443118000803,0.232921578241353,0.127885092123667,0.144900633204356,0.11546203706524,0.0837804862158577,0.213118448079512,0.198668536443407,0.152919674812881,0.104042241243074,0.242844415408063,0.111989464219739,1,0.169779754978636,0.11879255944386,0.125023830737044,0.191858627383064,0.12324713900902,0.0936409867561396,0.13627651124553,0.103094726319341,0.207778588470616,0.128217635071161,0.217940387239264,0.170323479747001,0.187810422398716,0.154667023705065,0.120057167512013,0.0989624142322552,0.12263594290174,0.105723206149904,0.135366289940729,0.175754069050656,0.14147454254563,0.123781479730831,0.15925189651436,0.0929861434922927,0.112240726330094,0.227594184057833,0.0889680288840286,0.156212524789035,0.131933493894899,0.171956242960774,0.119491283754548,0.120890328724282,0.296838295303223,0.157679106957813,0.116966799949166,0.139362804873631,0.159846691362901,0.115154915384573,0.190836371860508,0.203625052705662,0.218450634720335,0.203520303087842,0.141060255010128,0.203074542462401,0.184080443880949,0.225391793064075,0.0811480286593577,0.202284524562768,0.152651379973571,0.167441295987373,0.124822064421449,0.12508638117295,0.1844663488264,0.13188055091495,0.251057895643295,0.175610609592271,0.136884450955658,0.102050829614996,0.112578575695228,0.17036350254289,0.161722912331184,0.140917219171136,0.119902675540667,0.172710327546162,0.178063099215183,0.117262767511425,0.148849378299268,0.113260098755448,0.090068227178445,0.149172804599695,0.132120947493399,0.115170496461747,0.116215333923118,0.124954656458649,0.135216180862573,0.0827322325572286,0.22313330849001,0.264540683050782
"cordatoalata",0.323193892481316,0.209734584785699,0.129537902936297,0.221281442223311,0.188413965156527,0.171705961007475,0.303845148914457,0.195603847255187,0.188628672454576,0.20115204586649,0.251982296815191,0.190156328794112,0.120736202724252,0.245968048757289,0.267318915566687,0.175942375250046,0.140949393219477,0.260840658535627,0.225118685251376,0.169779754978636,1,0.138094286417444,0.1953377531048,0.326325954691919,0.170767408391585,0.143802063469036,0.212665660528447,0.103248800843324,0.337880664305303,0.201738972064138,0.25128716930029,0.197249770244563,0.3839100429212,0.202847708038813,0.236013521953587,0.215566433133813,0.230595775338999,0.23041018039651,0.155563136557276,0.233590462203182,0.223016867216966,0.266373161871423,0.202639218349167,0.147976188135383,0.162308168445392,0.247001698550822,0.115246282040355,0.242025851937907,0.360191345956961,0.257168013589023,0.139439740574384,0.164531290219668,0.280721062956446,0.284627086759023,0.15769176839475,0.299094029704363,0.272475583722307,0.176697328487315,0.229201272030424,0.285145027062491,0.27252080073422,0.354182465086826,0.199118644543088,0.280068662450248,0.284667535388839,0.301890054850219,0.129372524256839,0.279851831397948,0.257601073168469,0.238984014699523,0.153883366343664,0.201480722808608,0.259700950051736,0.201967106986519,0.288825883770322,0.256128521546391,0.214701430881521,0.153750670119238,0.242511183496961,0.149996084517091,0.258287833760421,0.261115026553569,0.188907860979466,0.250033262683245,0.225897241281415,0.225049529683054,0.271528911182051,0.198305031572545,0.162489257177818,0.303414364883701,0.183256562723051,0.199541915682026,0.193384419611044,0.304665004304728,0.162795251933336,0.128141095602797,0.294127613350729,0.286387582427024
"coruscans",0.158567914727216,0.166198336378887,0.179706227244222,0.183615638767236,0.18836225212816,0.113001266377701,0.150887017879676,0.116510965959614,0.116453236375199,0.133250947523169,0.0850402268753373,0.135791679485733,0.0715719298007322,0.174840374673326,0.183426154071389,0.22726008033058,0.0719303832110359,0.128869177934345,0.146173119318874,0.11879255944386,0.138094286417444,1,0.180268414334111,0.122806380655146,0.200615454786328,0.161523176848189,0.10507843907905,0.186972783512397,0.158399835765865,0.0866533163292478,0.0985492154594754,0.152269433774952,0.114289622274224,0.150600680971782,0.0955389155873091,0.0934388924194513,0.123782427708577,0.101125271175913,0.119070631361655,0.0802021758027104,0.138793915227104,0.119833468050351,0.103496316106467,0.0982238624751338,0.203985187803354,0.0861438919993259,0.104316387989344,0.120101213659158,0.110984156849565,0.081919569727875,0.161914485158885,0.141030586071808,0.143405137733679,0.149199321190213,0.100178654483659,0.0885112164547509,0.139531162058378,0.160769488326896,0.120614873891114,0.0959457486797483,0.167358019809989,0.139505088803801,0.099807369113109,0.199063433209575,0.132422739069657,0.111415353185931,0.0827227134903581,0.157186224671686,0.124976900464924,0.136209866341113,0.153191664857594,0.151902728659445,0.129205617012639,0.12244364953228,0.178280441205004,0.131702067123862,0.0991957750878849,0.079304102168647,0.122158495242071,0.201362272736222,0.176043299327585,0.0907148301991894,0.143380171238256,0.143673779603137,0.0722087789144092,0.113099639289431,0.140291448280885,0.14289597081292,0.0954311446929558,0.106533882883541,0.150006881092057,0.0980776579518591,0.143067453014111,0.104085871066325,0.125033865658386,0.0803798103338309,0.121163701888658,0.104507705271738
