"","acreana","acrocephala","acuminata","alata","alba","aria","auristellae","bourgonii","brachyrhachis.aff","brachystachys","brachystachys.aff","brevialata","brevipes","capitata12","capitata33","capitata35","cayennensis","chartacea","cinnamomea","cocleensis","cordatoalata","coruscans","cylindrica","edulis","fastuosa","flagelliformis","fosteriana","glomeriflora","goldmanii","gracilifolia","grandiflora","heterophylla","huberi","ingoides","jenmanii","kursarii","LA17","LA41","LA48","lateriflora","laurina","leiocalycina","leiocalycina.aff","lomatophylla","longiflora","longipedunculata","loubryana","M18","M25","M27","M30","M71","marginata","melinonis","microcoma","multinervis","nobilis","nouragensis","obidensis","oerstediana","paraensis","pezizifera","pezizifera.aff","pitmanii","poeppigiana","punctata","retinocarpa","rubiginosa","ruiziana","sapindoides","sertulifera","setosa","spectabilis","splendens","stipularis","striata","suaveolens","subcapitata","T18","T21","T29","T50","T51","T82","T85","tenuistipula","thibaudiana","tomentosa","ulei","umbellifera","umbellifera.aff","umbratica","velutina","venusta","vera","virgultosa","vismiifolia","Zygia.mediana"
"acreana",1,0.273083698216114,0.180635976987383,0.249502433738931,0.219960377765225,0.0787489403776294,0.193256007919608,0.22453314106186,0.145793167455543,0.132120506348681,0.133019630518961,0.119919678766709,0.0977791802716971,0.183277838595468,0.291553732435584,0.142830821822104,0.112349434971052,0.275427991117338,0.117663342510099,0.214885921912757,0.163220096395321,0.161233936372003,0.269813664542116,0.191559832869804,0.153894159722521,0.186127612818836,0.124530103270377,0.233728529863779,0.146133638440062,0.196504681693069,0.186970315784024,0.170535950650146,0.249659810442775,0.175855186002643,0.185052845744448,0.159818770974852,0.239455866737912,0.128421556009949,0.145943771687976,0.19826513279847,0.196413548983576,0.177002462254517,0.216672414324662,0.252695207040523,0.146528785193487,0.172492117123824,0.098198659600872,0.273160799856669,0.114285780037336,0.119859000859584,0.273662989665613,0.242852205938413,0.184742510885074,0.182093116856146,0.124999772426025,0.180343508191912,0.226667536667161,0.154865066923006,0.129663207223606,0.114889617970677,0.228667645426635,0.270451994508091,0.249000670997738,0.207915580994813,0.17213638052628,0.323191211355763,0.109320919772604,0.214901549522388,0.228919541152367,0.200657560803284,0.107229575169679,0.158180634592175,0.209107773049941,0.164845621208148,0.2133685250025,0.335004443507298,0.190759368369155,0.141666723766099,0.185983515242045,0.204744556612319,0.233817994172024,0.179506337541164,0.201201261399221,0.174462498853288,0.143627985035448,0.0808792168830217,0.1973830788969,0.155028813860259,0.0692201209140018,0.161239507417801,0.115844134147845,0.124272609827842,0.0721763436650048,0.109646521031319,0.191082470712513,0.0855477134908568,0.176680285840488,0.269704634290769
"acrocephala",0.273083698216114,1,0.388042029810703,0.354324246898478,0.25259338986877,0.0786024208597808,0.364655711621865,0.366245794328644,0.236121501701186,0.146037280691719,0.102306835081576,0.273764536063778,0.110453157144964,0.376849118111538,0.307500210687491,0.341927565036061,0.134572995879749,0.358161088862144,0.100847391923135,0.264637075915571,0.301383439812215,0.138954305354886,0.261402369102238,0.189634726323485,0.180616364575139,0.15952632202595,0.122881934044414,0.252964509976103,0.18146395895096,0.237636476463192,0.194393891358507,0.201338388358276,0.462056703840565,0.177763628549509,0.266544434132805,0.182990993185487,0.403439705909297,0.16994022211615,0.144803595695296,0.262511769029332,0.199425269550904,0.169070435104236,0.367133076265309,0.426776514361726,0.25808285197153,0.159088870752721,0.113517215506842,0.348120093610976,0.0870860315308376,0.111244486039183,0.357922413704829,0.307933097628418,0.274615297144882,0.379024439565681,0.162877326693777,0.159851115538537,0.187614792145729,0.169343688567421,0.158771305762737,0.148291366574886,0.349362373922912,0.33273585089375,0.358018247325008,0.258274786553157,0.238068873870934,0.191811236232303,0.119024522687337,0.308198971970195,0.197877408555161,0.243800292275116,0.149463142043029,0.173055849030372,0.255964557301172,0.201349127725884,0.352556578911095,0.313791524712415,0.250256073101019,0.138957257946943,0.270443158105748,0.305680785117366,0.222762543098458,0.215493458344517,0.425510681208885,0.230630025212903,0.259926045429739,0.0911215135295907,0.230773854518561,0.199250931965548,0.0796431112991681,0.165863197971609,0.149656401505322,0.132190049667207,0.0749230819245128,0.165262072205401,0.344440816487001,0.1028124133806,0.168111327657005,0.350068036860217
"acuminata",0.180635976987383,0.388042029810703,1,0.243136555031297,0.2286772271849,0.0887748966637617,0.217776207591525,0.268704575931615,0.191557529586688,0.134192879611509,0.094617719517929,0.185354180929004,0.10346433933935,0.268828127070511,0.186335834602872,0.201364899610725,0.136234191546226,0.21896815301058,0.0622287009053212,0.281100406574388,0.237891939620821,0.108314276140589,0.249023682725607,0.171980632920929,0.192024802648114,0.119420524284861,0.111369378863947,0.139047732974145,0.10197017181854,0.184708159746214,0.17258688388662,0.169324986303029,0.363585503511822,0.148105548758807,0.197499916205731,0.0949870627954824,0.324924729618565,0.118217121409935,0.133956524386608,0.199507551508727,0.192343178196917,0.121214616368847,0.235618255183979,0.30419539514932,0.316033954420917,0.139489582739583,0.0962330222717089,0.270744398200959,0.0722161696685294,0.104586610353805,0.262445961095523,0.190129597467279,0.242550941735966,0.355345830788301,0.194804998177725,0.127714117377135,0.181227606650124,0.153081878829615,0.165265527788581,0.152894420543849,0.377297321324123,0.296848686292156,0.169590872607866,0.164846593647552,0.280892184093085,0.180468961635011,0.127528591151197,0.218893380409932,0.12632668829582,0.23154024038594,0.189462547285218,0.163393610651629,0.263178111985809,0.221690871703723,0.284345299419105,0.252919191248066,0.291639768537916,0.159016089362216,0.230518067276589,0.41219909208039,0.181385174360506,0.155411791351087,0.343803284493601,0.169799040944263,0.288385417540796,0.0926878781413149,0.238861331253077,0.193855245606764,0.0706271040542018,0.144783604423105,0.167852219080363,0.127137680387043,0.0965273703929545,0.120229374803527,0.27515412706729,0.0949448375198617,0.0645616410038139,0.253090155717917
"alata",0.249502433738931,0.354324246898478,0.243136555031297,1,0.241567675816621,0.0772589039425405,0.294395054238445,0.326936456466172,0.211889885258015,0.127233744017573,0.115992138170229,0.177415007410498,0.134353732877482,0.286648283213022,0.207648343052358,0.283977089925304,0.158090512307396,0.326534472737393,0.0843932894239932,0.300304156457042,0.267412501741333,0.191627879815327,0.238546208289115,0.185130003561825,0.187677808998436,0.148720861651269,0.114363073124943,0.147541365621084,0.101118600679069,0.173338296162937,0.250611663392659,0.21844856948163,0.330535822318442,0.196724427910223,0.217023365542066,0.0911812076778749,0.282637847516892,0.151619462606361,0.168343808110432,0.233962605988775,0.215160740522923,0.157156682560129,0.207770325826691,0.313052264300456,0.207101447164378,0.14621573644816,0.124483454567473,0.260569707750287,0.1228574590424,0.114345501561756,0.281041504691316,0.265293137805956,0.257925633845825,0.301623449624273,0.146927976085459,0.151975494674334,0.204921712312774,0.167213071786346,0.160369856324482,0.118633379920876,0.322912773157477,0.335169603732175,0.20068418200382,0.188330428223027,0.233074925816133,0.197420677604804,0.135643016592458,0.285866825551279,0.141806573065611,0.251928567979798,0.187703820414281,0.158417181309204,0.222721583240711,0.212271562992153,0.236033982786187,0.264217086328756,0.229301719968291,0.151703722209685,0.240170707054336,0.263000627356849,0.172944843966338,0.198141179152811,0.289584259391759,0.194913642731635,0.203942400901693,0.0726213322415899,0.263597863196701,0.202083915447632,0.0741469350688543,0.178220659053505,0.181737644567431,0.138879514583156,0.0770678750826367,0.178490735950337,0.22312964546485,0.105642671880083,0.079573695331088,0.331701405210253
"alba",0.219960377765225,0.25259338986877,0.2286772271849,0.241567675816621,1,0.090072225351054,0.221954974021573,0.186143717006024,0.224915930932645,0.244048701785573,0.212298415079293,0.259259400006954,0.204151143544872,0.232617761263424,0.217576619831685,0.213900535231735,0.138374892805963,0.20722027656084,0.0754742308421011,0.226515205922646,0.237593350648937,0.148814443496326,0.26542491537836,0.187855998967239,0.167506544714644,0.267297690196787,0.122715608163994,0.132490527507277,0.0981461204065577,0.170085596222237,0.182324582054567,0.271482635303595,0.245965709016213,0.151105442160902,0.286729746198816,0.104530627420123,0.264419255730761,0.129581429630564,0.134613858187379,0.191840873695307,0.34644586337437,0.14345865610532,0.196306167223625,0.231115893782838,0.224495727351336,0.151606106215723,0.224700249826116,0.234493005360568,0.194407819483698,0.273202312651644,0.239186284946753,0.169969926767728,0.213437715228669,0.202707655437196,0.165111170663449,0.166020110615236,0.183782973895601,0.145739878821873,0.25701090956668,0.126796858867907,0.248641362168211,0.246993885349112,0.21013989932967,0.190188011008507,0.202896024009646,0.198978035042936,0.1097804292833,0.26963738633133,0.156963964911522,0.270130800974515,0.250398394173987,0.150591286102765,0.25977931090077,0.164773960718516,0.235570893407412,0.274988196847841,0.218461261896518,0.132898543886996,0.209777096438061,0.19076675369397,0.194481728708458,0.269418676108859,0.177708717390126,0.183825168471702,0.165812004688956,0.0768450846304846,0.237883933236393,0.175367383424108,0.0620326451662871,0.323240871258895,0.141442269738295,0.23117722655502,0.0689304743753016,0.127221532285198,0.18309418621049,0.19367514933173,0.0750670318832058,0.247461983611828
"aria",0.0787489403776294,0.0786024208597808,0.0887748966637617,0.0772589039425405,0.090072225351054,1,0.083915651921819,0.0691153730008712,0.105954018808637,0.0654235321824983,0.0580911931570946,0.0795235682290861,0.0823173048112346,0.0804464581812322,0.0955703135986617,0.106267333823149,0.0870174242281459,0.0856471710648661,0.0279045046785076,0.147909051466171,0.0886685440579294,0.0668098909381397,0.110030022157902,0.0903556281776539,0.0733053144997998,0.10743649699328,0.0593551858049075,0.048482440952857,0.0535037710459677,0.0839287022589479,0.100634806187586,0.081799437286312,0.0979594374920721,0.0692152447652348,0.0662268453830385,0.0659592206941299,0.0982291244799559,0.104105329288969,0.0764145717020366,0.0894726489663945,0.0668816569418384,0.0561988872951535,0.089567397796461,0.0839876396752618,0.102554661156338,0.0751491634059208,0.0567418940632597,0.0971108704059695,0.0578223269231895,0.0742988335088094,0.0801602264091539,0.0856624778989057,0.0906238026406258,0.112055652351031,0.0756511844628259,0.0656990527071687,0.0888935890683076,0.0744434791860115,0.095410341651645,0.0683541759001073,0.0917422189669669,0.0968902262067466,0.0585302015037782,0.0581431565773122,0.126093825992957,0.0889648020048787,0.0892219419420709,0.108987671992164,0.0573636103898933,0.0997545095535855,0.0707056229007591,0.0758127239821563,0.0634479064260728,0.105246587937182,0.0850475408344983,0.090843242085548,0.0722508189531333,0.101146827209987,0.0866941983020773,0.0801982006116077,0.100732401936369,0.0856373553866692,0.0824383838694576,0.101696657899066,0.0848574488673547,0.0603671479018828,0.101895067294859,0.0954835159841336,0.0439139059515657,0.0830567257970129,0.064563684273718,0.072217316528349,0.0472418081347542,0.0440526909707716,0.0685254707760963,0.0482874481575127,0.0301746324766996,0.0962372413531135
"auristellae",0.193256007919608,0.364655711621865,0.217776207591525,0.294395054238445,0.221954974021573,0.083915651921819,1,0.237708730431562,0.261953882505044,0.135344936965315,0.126919177826108,0.252465417711351,0.16866342694186,0.368709364103014,0.211366358104977,0.351763932975034,0.141156684225135,0.225338841634476,0.0708781451066884,0.203038076021271,0.297825690006955,0.144176048304716,0.233169136255779,0.191295903761394,0.182875593008524,0.125458126452497,0.125725613340209,0.139092363461348,0.0975095318843003,0.144530549108407,0.171302935950069,0.155863555184417,0.315997145529587,0.194633844902896,0.195897288506037,0.0951029117918025,0.288531321476049,0.151236847702083,0.134853503565681,0.172590561337417,0.193584021561306,0.15171835552576,0.24238475675931,0.246674761480774,0.191941099798512,0.127673483034942,0.121989798595353,0.253715343194455,0.0970462712669975,0.125081992422592,0.258421614744467,0.193727275976284,0.231941562980694,0.247606741001861,0.155299029144168,0.211079943355377,0.183602909215642,0.145394259559655,0.165194352035294,0.146830935034777,0.242385339240114,0.284230611716208,0.23170764940003,0.180367250402113,0.230433316743608,0.190425605988881,0.14183406714013,0.247519310179147,0.131577490749912,0.269960174286462,0.149815681626404,0.159059883041823,0.174125511358124,0.203465376470069,0.192215096482205,0.238238384591941,0.181529681062576,0.134267091934353,0.237157276848987,0.245884036688602,0.162963957414755,0.176504634531937,0.222462498542361,0.209146155471234,0.217468682823011,0.0730203074648429,0.240493963190973,0.213509933564092,0.0882272808418254,0.162963249734157,0.189780452604001,0.15016158829825,0.0910608040040955,0.168655340081648,0.208589643909377,0.111476128484207,0.0706177713825964,0.242955553869748
"bourgonii",0.22453314106186,0.366245794328644,0.268704575931615,0.326936456466172,0.186143717006024,0.0691153730008712,0.237708730431562,1,0.196019155858004,0.108710033643095,0.0889679657450057,0.16048421283218,0.119783937203833,0.243076435083857,0.182385103830391,0.193812367579061,0.131904094926212,0.260114011186848,0.0697308030723607,0.25688382724473,0.217107415197562,0.113296777460692,0.194403922463408,0.158611126222108,0.207173554642154,0.141001200421665,0.108405194551415,0.146825242338437,0.0919555875378506,0.145330583786075,0.165859253689109,0.213933679191003,0.379832632788339,0.158939804875083,0.177801040322799,0.0876547161419752,0.306520119553288,0.126541135378684,0.143553237659364,0.307443224817393,0.159397389955594,0.130541665182447,0.166737340580213,0.337730478777695,0.207568183556031,0.147818359709178,0.110373467353126,0.222459672607786,0.0682458903078293,0.0844912204279113,0.286681886752347,0.285587721826904,0.28204975032739,0.297116498647426,0.139027296511588,0.124385650105682,0.161836285514161,0.146040787251726,0.148061688505021,0.145970157585186,0.321243248706195,0.298860725984437,0.145160494569317,0.177296762181941,0.268503265417848,0.168235004352634,0.126885772198593,0.228597555202941,0.13051512212853,0.194583459870006,0.144609287297056,0.156026774062114,0.217091387956839,0.180483038996186,0.210870159012096,0.250624130378233,0.21743455685026,0.150260483010282,0.251337572449279,0.263928470472224,0.167535055094462,0.179322548231883,0.296405191257883,0.158014519119228,0.182249965184801,0.062592926398943,0.208889029656204,0.212376117311593,0.0851156340618526,0.154539294215836,0.160984409159382,0.13599035060173,0.0814687552535363,0.0963499754413973,0.253574836983542,0.0923892298261517,0.0594300535459151,0.280681639344127
"brachyrhachis.aff",0.145793167455543,0.236121501701186,0.191557529586688,0.211889885258015,0.224915930932645,0.105954018808637,0.261953882505044,0.196019155858004,1,0.180930943247687,0.154137024924882,0.192436621542267,0.136072682080711,0.280221982488888,0.292029925081274,0.300690246359403,0.129967574554145,0.170402263476173,0.0525310998042696,0.200940448242446,0.219177513322628,0.111166423784885,0.177843904909285,0.162012405473433,0.190297113437978,0.155310109271392,0.145502977480669,0.116272993255872,0.100947895386476,0.136347518053926,0.13023878182745,0.12951052060202,0.276671051608514,0.162024122880553,0.140472792657564,0.0886449366980549,0.209215031016423,0.199378514596442,0.114540783842251,0.154230212003508,0.14758414438912,0.119276968096724,0.178784411982373,0.188501083934406,0.206420151665523,0.139272155951899,0.124650306535944,0.191624249425345,0.075128434926433,0.106325819990342,0.196985266443776,0.160387569229844,0.209556298612531,0.205860159946753,0.148906687993085,0.135137972268272,0.15547899353701,0.14998451725539,0.174970387598777,0.132773468740162,0.200747921560597,0.228253217851291,0.151001220528633,0.134858691954502,0.255893798266196,0.200320243373839,0.144875104885187,0.213154598330243,0.106744710824733,0.214469343347594,0.141317367485557,0.108861932734443,0.138959738372557,0.19322491023619,0.17829049040401,0.202382142399882,0.166097927687039,0.134221962317406,0.199334022672652,0.329521847134826,0.139675418884832,0.161201568692668,0.183978215514063,0.236888981461645,0.190935553863017,0.0751110453177134,0.199135680460151,0.193478667793662,0.0765770215967729,0.181080932001386,0.175394533424566,0.181327773611754,0.0721556926073543,0.10975346914742,0.159416789905886,0.102375051383207,0.051437943077439,0.191573978136704
"brachystachys",0.132120506348681,0.146037280691719,0.134192879611509,0.127233744017573,0.244048701785573,0.0654235321824983,0.135344936965315,0.108710033643095,0.180930943247687,1,0.337163798555616,0.244028759903203,0.169356730034839,0.152266719331455,0.161753458686466,0.132278024626502,0.0880993111741247,0.157903249202746,0.0839155443254057,0.130926620540784,0.164054786859129,0.118299415124885,0.162637936232087,0.194952979695626,0.125477234995802,0.29148800446751,0.106582542273835,0.144194230834245,0.12441237228396,0.155947376473133,0.108531194148571,0.357754460178152,0.129299270675057,0.157401201216741,0.319566579413814,0.0931839499264463,0.144391079789583,0.118883954929343,0.10916189271473,0.112305052956199,0.334786204851907,0.129482345461034,0.160793098919383,0.140227449942371,0.139564235587589,0.129844310141879,0.392436068487799,0.181025763177492,0.333648888387085,0.237618620650565,0.205878291718133,0.103261063488922,0.128201558493269,0.114498806160201,0.136026515707259,0.119865785957177,0.154251976458193,0.181248463834373,0.265092680183459,0.0878685157577528,0.130397590447089,0.184532239871778,0.148158494951891,0.147568243751646,0.153704681413125,0.173559381233,0.0869469180603786,0.144778380872573,0.14176124369243,0.169306950257277,0.316129625899605,0.0835827232249478,0.128000618079443,0.136802450832822,0.117081624145265,0.186773830718895,0.0971413593636698,0.0655965168619278,0.130700426780522,0.179435995732683,0.14647412225456,0.13546715903704,0.147072798042918,0.15039141000025,0.137944874100487,0.120585726405414,0.136849205861729,0.116670337868891,0.0630259021082757,0.26285051984125,0.122599299809849,0.307419451912733,0.0649414111117124,0.109469316509905,0.102187293483752,0.361816297559668,0.0776202873204782,0.16461319355742
"brachystachys.aff",0.133019630518961,0.102306835081576,0.094617719517929,0.115992138170229,0.212298415079293,0.0580911931570946,0.126919177826108,0.0889679657450057,0.154137024924882,0.337163798555616,1,0.246359687431008,0.163192593964614,0.106731373420847,0.154932875114318,0.108373789802319,0.0774174080600829,0.136476473321284,0.0682849296977652,0.116916682448523,0.110368401854325,0.102687446245612,0.13031536475621,0.125456143739843,0.13897145873721,0.260270174905876,0.104943432030337,0.121736888258872,0.0961529224824672,0.113842693657452,0.101399704567043,0.303451708261264,0.10908655684233,0.134687949932109,0.28399953709143,0.0911091052560223,0.112035765074422,0.112998109014488,0.087282271944409,0.105643468197591,0.327309621938833,0.107315793503013,0.126073480386774,0.106953127412356,0.164319451190513,0.115230762400653,0.308717944489315,0.13351274542134,0.241628779246221,0.227865679108992,0.120049764186283,0.0796446848245845,0.0941130695698197,0.080996852298149,0.111599191141045,0.10679822120583,0.130487734897468,0.103693818479046,0.200854646782607,0.0717368245367577,0.101621657754508,0.134475015125411,0.124017927142451,0.128316566748816,0.11680363832296,0.188881979198189,0.0842952336968054,0.0991616795313185,0.126469433035565,0.136918967796522,0.284799352372996,0.0786091745753636,0.110549829035046,0.100491236449918,0.143435680400131,0.144228752181345,0.0827840575367974,0.0708079992122662,0.102568012229649,0.114677253817756,0.113043450093993,0.139499993141078,0.0947243032758644,0.135831045008654,0.105270965083645,0.0729724137076116,0.113548011148061,0.109472708531007,0.0576561443412977,0.232442863716238,0.128462760395502,0.302245680484993,0.0604079030267038,0.107855873971935,0.0877968523552828,0.301301656849813,0.0693395023557099,0.126754723281434
"brevialata",0.119919678766709,0.273764536063778,0.185354180929004,0.177415007410498,0.259259400006954,0.0795235682290861,0.252465417711351,0.16048421283218,0.192436621542267,0.244028759903203,0.246359687431008,1,0.207426142701061,0.242623565370784,0.14939016562437,0.259526732326252,0.126592811436792,0.15226114581739,0.0375582459652258,0.149159744232428,0.188831444489844,0.0911338078521289,0.139589400944262,0.138493219825774,0.126997707201386,0.24152361830752,0.0869198868448168,0.0966288955289671,0.0719235750316597,0.107831135982119,0.137409777929453,0.27920059032121,0.234651491735585,0.13573169496534,0.29326528320682,0.0613059830906036,0.193841649794096,0.114844770858944,0.139002870530605,0.161644319973328,0.253745754738209,0.0960549732944205,0.236534338340416,0.179997263105787,0.136594911274085,0.109083795744308,0.253689810484474,0.183987400519241,0.197698683821171,0.233360839446927,0.191307003430763,0.148446241043749,0.158845649426819,0.169833690396408,0.121515666965507,0.119760719404075,0.132891720362985,0.112770350053038,0.279933563622167,0.113863808208989,0.222214415244468,0.168532982071228,0.230980681925784,0.123699190339748,0.178444435317074,0.141227405972515,0.11299540571679,0.181243113717735,0.106236701256796,0.151159409137937,0.363050374426241,0.0945696232741224,0.15467453800088,0.197805165330011,0.157318461260971,0.142011313867934,0.163763752030419,0.118817254469625,0.182856851896653,0.196065706433578,0.109742187342591,0.155334586595994,0.210242450827377,0.178745015472834,0.180657400877952,0.048721443875059,0.186032341626975,0.164262547243617,0.0409400679567837,0.230949152294019,0.137743500956258,0.296264948434719,0.0482982623810438,0.115392494118125,0.157958377507035,0.24404369359237,0.0422216002070911,0.198060447918655
"brevipes",0.0977791802716971,0.110453157144964,0.10346433933935,0.134353732877482,0.204151143544872,0.0823173048112346,0.16866342694186,0.119783937203833,0.136072682080711,0.169356730034839,0.163192593964614,0.207426142701061,1,0.120639338077417,0.116344283512135,0.143933762670957,0.100403475698209,0.100285046183209,0.0366972736940093,0.154974791855929,0.122770070976636,0.0860952778477591,0.116876197325296,0.115640954766182,0.120093662285907,0.182106448702313,0.0767841797862536,0.0706088624346368,0.0627511549366445,0.088060200652261,0.106908870101541,0.173865018437733,0.122001570321608,0.122253954048961,0.184926120451124,0.0691658104029026,0.162130633793843,0.0875992961680431,0.0815998545297553,0.0947587632770559,0.184183984230799,0.0762337880198038,0.100304505723073,0.10220903211108,0.104444359466099,0.0847021615465038,0.175409475291777,0.112646820934528,0.152936615228049,0.188530661563506,0.107503841762719,0.158595363836253,0.108199378552859,0.124732144388545,0.0913869725324633,0.0958795743631233,0.103275182058575,0.0971389155936943,0.224957218545414,0.0838177097319578,0.128476564597311,0.111301928458643,0.0722636828160198,0.105136207019501,0.13962404474738,0.128738151801144,0.129936846678667,0.117026266697551,0.0860880204274162,0.135003053909553,0.204713238617236,0.087420579647513,0.0990704001572417,0.139828347487455,0.0914074053534133,0.110799564359863,0.116155794404221,0.135594589978504,0.14103314297609,0.133459743388364,0.0966910716390718,0.136924521783957,0.106975674890985,0.111261775566697,0.112838497776982,0.0407827430305455,0.109195871219383,0.168912700185969,0.0539371848252578,0.209869902695139,0.144920928865848,0.176306756572014,0.0900602069302396,0.0601716410172232,0.104945061981716,0.175448013865438,0.032027194611384,0.130383606868744
"capitata12",0.183277838595468,0.376849118111538,0.268828127070511,0.286648283213022,0.232617761263424,0.0804464581812322,0.368709364103014,0.243076435083857,0.280221982488888,0.152266719331455,0.106731373420847,0.242623565370784,0.120639338077417,1,0.223125392022001,0.479432827491181,0.128913352678682,0.23045715002228,0.0705265991833636,0.211323443699845,0.312452497618361,0.120481015049794,0.193704970702179,0.202324024986612,0.20954077667095,0.130132651384005,0.12073632234933,0.158331189188928,0.0988389828258677,0.150959850580231,0.174129747867834,0.153900161456683,0.311540037807466,0.18572448768941,0.218860278454636,0.0939464629954762,0.300972886742303,0.15600131146467,0.146004579334763,0.166849836916366,0.20606991962258,0.133665092886706,0.258900113759251,0.245131629662821,0.241255402631744,0.133274282331064,0.106231729223592,0.264228886186556,0.127931135012843,0.11364188082679,0.316507381367792,0.211495476550618,0.233218457911652,0.231153398717174,0.195235837649012,0.152309535377454,0.169942316897047,0.157888043048479,0.147860376303551,0.165297420960185,0.314739446770813,0.259292129038028,0.231370375243187,0.155494312757074,0.301698078984399,0.177647360282986,0.121895812744047,0.238333612868517,0.142224789270756,0.241266179292424,0.203980137959435,0.157784603660997,0.200001007981409,0.200974567923366,0.202299453669856,0.266333516781815,0.189125619055531,0.144017703554939,0.260401657814468,0.295935191507919,0.166091024488699,0.172546354120594,0.270916697626258,0.204979361295663,0.311728567139439,0.126030251435528,0.271921789428958,0.201361090998466,0.0776008494996669,0.169891218750102,0.16294766238804,0.148292238984747,0.0889531381319404,0.146241680396599,0.210651024656636,0.110574293152922,0.0790506047291578,0.263464015553414
"capitata33",0.291553732435584,0.307500210687491,0.186335834602872,0.207648343052358,0.217576619831685,0.0955703135986617,0.211366358104977,0.182385103830391,0.292029925081274,0.161753458686466,0.154932875114318,0.14939016562437,0.116344283512135,0.223125392022001,1,0.225994224036345,0.11334596490163,0.33137261534544,0.161612290893146,0.208742824256734,0.190456778450557,0.186142033282056,0.378911992269651,0.20653148454466,0.151257828604437,0.19460959705293,0.153622398956153,0.434070109803794,0.35859612431667,0.445954423456741,0.168324794672223,0.164359142196686,0.228020613834106,0.172076407965434,0.179907150104267,0.294714069034609,0.23534582875854,0.145937282113125,0.139347150101838,0.177194498905134,0.181773755300293,0.225290882558726,0.31644152853277,0.208123700868989,0.172752772374494,0.210847926026397,0.123374823303232,0.283305108965069,0.116855757342221,0.11182099702055,0.257223520129401,0.157449265117499,0.171936863064858,0.180969396224022,0.138658510379492,0.208793594467357,0.253595138102261,0.168441695134345,0.12981658137235,0.0952880881252209,0.202454625304337,0.227035226789816,0.445986663311664,0.240850559276746,0.208453622555458,0.307510843572199,0.119758570064771,0.218966226961247,0.401212458377782,0.242574391127301,0.119036334310186,0.142305082711244,0.257625745806784,0.179567687355229,0.210478062886142,0.336024500284791,0.138166192071653,0.118936932694907,0.181715202659311,0.185779168631929,0.221996304667682,0.172318251784333,0.196489863593131,0.234140683575155,0.163142160498936,0.127722823701047,0.201618691095744,0.173466954403134,0.05833725476589,0.181232069684092,0.143938377619808,0.11637783383816,0.0718373403136018,0.150310544650321,0.175147909586538,0.131234926564871,0.354801444603803,0.258601391175415
"capitata35",0.142830821822104,0.341927565036061,0.201364899610725,0.283977089925304,0.213900535231735,0.106267333823149,0.351763932975034,0.193812367579061,0.300690246359403,0.132278024626502,0.108373789802319,0.259526732326252,0.143933762670957,0.479432827491181,0.225994224036345,1,0.118536837622569,0.202577780230074,0.0676002153251519,0.158985603067513,0.263712289789499,0.108444046856645,0.202419765796009,0.177008208976996,0.201987617732084,0.113249864741926,0.110400594975716,0.135810834605938,0.114141131066099,0.15957354261956,0.172385425975978,0.130556844217253,0.271398408649244,0.169425254766841,0.150029801118438,0.107635738384938,0.248227027295625,0.174359248232979,0.120039670387854,0.162251474885156,0.183415767880042,0.122149947499096,0.257979644227354,0.220448779736554,0.158620300907851,0.152615191009663,0.124200148560798,0.221128301650024,0.133124949203198,0.117158768221905,0.216741254061534,0.14274090885137,0.194560065692362,0.188361331743487,0.138046437190214,0.171823568044706,0.161622410608539,0.141244315252476,0.189356677775818,0.135471504701324,0.271123711447912,0.214233692093488,0.227124811136955,0.141543509811363,0.230224077052875,0.192332865797892,0.162866290343075,0.214926893635084,0.120350845907238,0.221585110430907,0.2349492912737,0.123679927005202,0.143152322027627,0.199121101993333,0.191207870529725,0.209848979334564,0.15283930114977,0.141009890913288,0.225034270859167,0.251456899860134,0.144564172283013,0.155426582350988,0.202361213795063,0.192330105625395,0.203652982850431,0.0819660003061033,0.249495635844146,0.17839581704979,0.0661698347972373,0.184004617025915,0.149927786529075,0.146470067530502,0.0743409940094416,0.148751948844633,0.168107756173042,0.109150498787371,0.0661528250378099,0.20941056047819
"cayennensis",0.112349434971052,0.134572995879749,0.136234191546226,0.158090512307396,0.138374892805963,0.0870174242281459,0.141156684225135,0.131904094926212,0.129967574554145,0.0880993111741247,0.0774174080600829,0.126592811436792,0.100403475698209,0.128913352678682,0.11334596490163,0.118536837622569,1,0.11733577706529,0.0473010928960937,0.150769415329882,0.154916310198193,0.0949874002920368,0.142957427132372,0.106836010365877,0.174609790059729,0.0936051218839308,0.110371498880638,0.0749724443299432,0.0602036874027248,0.100719050773971,0.106093837978273,0.0986447353352341,0.162428492517057,0.0973723465813149,0.112503297153726,0.0827833329121832,0.134213509696473,0.106628101156847,0.128785956840485,0.137932753770342,0.0983893612757164,0.0963293484786484,0.115679067761662,0.146483483041405,0.1270759856854,0.0955595831151189,0.0659641406015303,0.117384241754593,0.0714976369036344,0.0824994124561158,0.127745820817892,0.156039747739188,0.134752029827359,0.154683358937819,0.109249291635958,0.10260718240822,0.119122270316169,0.0919503750029,0.12978908802952,0.101855141251051,0.161668350880679,0.140297076964261,0.0992024738551691,0.109940705225346,0.144575767366597,0.134636014196784,0.107557835549889,0.162511392934337,0.09852456888297,0.137226920987503,0.1264678426136,0.129092739824844,0.14966326576804,0.158976339948119,0.108256313196622,0.122413564120151,0.156260175951802,0.117729583389856,0.132373750155289,0.139036592166206,0.117869563827636,0.11939100454527,0.127062180221851,0.10619292781867,0.135971485938042,0.047817752083367,0.180103319003083,0.129247076128902,0.0621281395010379,0.11841023418094,0.136893162515719,0.0961617156954425,0.0885404562239819,0.0686401279350167,0.146179264728617,0.0968288017149607,0.0438625925333666,0.135909729761296
"chartacea",0.275427991117338,0.358161088862144,0.21896815301058,0.326534472737393,0.20722027656084,0.0856471710648661,0.225338841634476,0.260114011186848,0.170402263476173,0.157903249202746,0.136476473321284,0.15226114581739,0.100285046183209,0.23045715002228,0.33137261534544,0.202577780230074,0.11733577706529,1,0.136235088828722,0.243497208734098,0.204967961498622,0.229727265373245,0.301437531290248,0.247565468509649,0.16771285715735,0.17051166850558,0.185736513762065,0.290305511426101,0.171031820416525,0.212242620642256,0.278301782785243,0.202055153850546,0.281952668337737,0.173363709096902,0.284105704305673,0.16769724641881,0.280469458690787,0.138711830600912,0.146628108789321,0.246807145479897,0.193762944503702,0.193876902593532,0.258238769561553,0.274010029786739,0.185286031153722,0.180662506864426,0.133937040051797,0.295884652759436,0.116551879792105,0.115158365426786,0.302960915355328,0.207207859934175,0.226771513123832,0.2410329440254,0.14150409331457,0.167768238592948,0.24030368250794,0.171713919975189,0.161316782771024,0.169591290623837,0.249614608600867,0.290995624097873,0.290421476237673,0.234699394831284,0.231249863464603,0.224407405090541,0.10281416951738,0.248359521597285,0.304792683867302,0.27011040178735,0.136459018158307,0.137862760813943,0.279299128098772,0.1607046406786,0.22619073553577,0.317346783116402,0.171181613513182,0.121134949099415,0.204546170464115,0.204015815410215,0.297948299280901,0.19133143936295,0.280469967733988,0.180654123111421,0.184188142288775,0.112579702402147,0.26038188715991,0.194154223964618,0.0908691933025745,0.186549821084584,0.138797097724508,0.155113389800506,0.078768293901731,0.231858671717746,0.187421852494203,0.111586581708793,0.19841786975097,0.303726809590738
"cinnamomea",0.117663342510099,0.100847391923135,0.0622287009053212,0.0843932894239932,0.0754742308421011,0.0279045046785076,0.0708781451066884,0.0697308030723607,0.0525310998042696,0.0839155443254057,0.0682849296977652,0.0375582459652258,0.0366972736940093,0.0705265991833636,0.161612290893146,0.0676002153251519,0.0473010928960937,0.136235088828722,1,0.103633669493092,0.0660874406114045,0.0938710550123821,0.129365595520563,0.0958248762153673,0.0521003217756778,0.0721214964761196,0.0824807272896859,0.204764617549389,0.221887063640255,0.176735660458576,0.0639563789656424,0.0549789196758124,0.0597299982543196,0.0723882707229837,0.0583261400427156,0.121337939819232,0.0917504452658954,0.0595357873082877,0.0634688069951393,0.0557969781857678,0.0719889985525895,0.359259141981622,0.11242108100884,0.0692974668607077,0.0560211280993732,0.109392823528957,0.060184294551891,0.0954453768181403,0.0756506774233624,0.0614202312186201,0.112109996190152,0.0509771616049064,0.0601486174414099,0.0622559225043407,0.0669292205681377,0.080887310575818,0.116739184498835,0.0917847206791937,0.0347558374134803,0.0356582294116774,0.0608159381652366,0.0813167641983378,0.157881831169851,0.305186513226285,0.0549230918499324,0.116836203834558,0.0355918126242614,0.0755808065237929,0.185157334804976,0.0960812389398664,0.0504842037886672,0.0484218942794055,0.13576288191006,0.0582867639261559,0.0633731495278868,0.12107277919235,0.039798234568578,0.0428282680151985,0.0535448226573825,0.0712525738228663,0.110693071021671,0.0648906752566452,0.0903770506708433,0.0709474930416537,0.0494728376288077,0.416405650820993,0.0789578614410927,0.0537877694920065,0.0379045667161775,0.0676347146399563,0.0482615682925386,0.0480232953705821,0.0456947984593376,0.148127244365307,0.0551097728295848,0.0548531747578883,0.282081909500604,0.0816918700076045
"cocleensis",0.214885921912757,0.264637075915571,0.281100406574388,0.300304156457042,0.226515205922646,0.147909051466171,0.203038076021271,0.25688382724473,0.200940448242446,0.130926620540784,0.116916682448523,0.149159744232428,0.154974791855929,0.211323443699845,0.208742824256734,0.158985603067513,0.150769415329882,0.243497208734098,0.103633669493092,1,0.197276417557802,0.162196649505729,0.219521908148016,0.162333685174995,0.188535592069821,0.186604709347732,0.116625025736732,0.135055696920832,0.106046426049807,0.162846772533795,0.163349637597428,0.173959687583846,0.262288810067559,0.150066812380405,0.186184923905678,0.109500791219523,0.25049504786869,0.162298675337418,0.160481514612989,0.210650214038133,0.179590675184389,0.154323339638823,0.175740267659155,0.259951710239492,0.256570046528645,0.139521537752186,0.10575912763779,0.216142910102968,0.102273476625608,0.106031979157696,0.226615633031505,0.233105912287953,0.237945375085275,0.316207002208366,0.181711930250918,0.142072318616569,0.18390547592937,0.149875267397895,0.164367143690647,0.123138704817632,0.256065707601725,0.272531582061945,0.143185892166204,0.184913695724624,0.223667479419388,0.174833771273957,0.120565178623456,0.23136574730602,0.166016785205513,0.220667251042305,0.130809871147044,0.201026638026838,0.231153408930606,0.167657896063003,0.202761152113036,0.258158499615854,0.210257974881962,0.141209839858653,0.215823649474644,0.238766331512555,0.184450256856299,0.165536647121979,0.266275533251959,0.14932831442464,0.162960534648482,0.0983612316607226,0.213785869555027,0.214448317073095,0.0755563701834949,0.150314561801938,0.154148618979778,0.146140220800305,0.0959121815742503,0.134357458685346,0.18673354112742,0.0984483645999148,0.0799964085789881,0.254287768799889
"cordatoalata",0.163220096395321,0.301383439812215,0.237891939620821,0.267412501741333,0.237593350648937,0.0886685440579294,0.297825690006955,0.217107415197562,0.219177513322628,0.164054786859129,0.110368401854325,0.188831444489844,0.122770070976636,0.312452497618361,0.190456778450557,0.263712289789499,0.154916310198193,0.204967961498622,0.0660874406114045,0.197276417557802,1,0.143613191107142,0.215842849632231,0.183975716873908,0.182435269376363,0.119004850676975,0.121716857993162,0.133373277645591,0.100302661634325,0.176634456275199,0.158916062093789,0.158012266228281,0.282736870566792,0.18940342619821,0.204249518439839,0.0956061044379216,0.274121164915246,0.158060160294881,0.127521850899087,0.1863361155791,0.168036973335115,0.131108332435507,0.207533580949104,0.244834593792114,0.197691812401727,0.132245366706506,0.141074294700007,0.246160239656471,0.0998357664255428,0.121274747592115,0.25640746220712,0.182975197528242,0.230655236731984,0.231537918560634,0.162305342919568,0.153757451694111,0.16921672138112,0.146179668762275,0.171838144512413,0.150215433344939,0.254127657675646,0.240724227230308,0.197422670109901,0.156032466850331,0.263485314226018,0.186250601678066,0.126926310866598,0.242560991783376,0.139877591421057,0.250744932786843,0.159650317447892,0.1831971259213,0.17785350301045,0.178532087532837,0.202899081800996,0.24732504298617,0.182610295041845,0.129824100429979,0.206885494674871,0.232842716614949,0.157154896685908,0.173899409602939,0.235007138985108,0.191486562571884,0.200309098654467,0.0826699477088851,0.213165780579189,0.241715311316688,0.0945066674817209,0.174012002998367,0.148610271677786,0.136923620033972,0.078464842171401,0.123900788612202,0.200399459456151,0.100227589588836,0.0689859023116403,0.249808266642725
