"","acreana","acrocephala","acuminata","alata","alba","aria","auristellae","bourgonii","brachyrhachis.aff","brachystachys","brachystachys.aff","brevialata","brevipes","capitata12","capitata33","capitata35","cayennensis","chartacea","cinnamomea","cocleensis","cordatoalata","coruscans","cylindrica","edulis","fastuosa","flagelliformis","fosteriana","glomeriflora","goldmanii","gracilifolia","grandiflora","heterophylla","huberi","ingoides","jenmanii","kursarii","LA17","LA41","LA48","lateriflora","laurina","leiocalycina","leiocalycina.aff","lomatophylla","longiflora","longipedunculata","loubryana","M18","M25","M27b","M30","M71","marginata","melinonis","microcoma","multinervis","nobilis","nouragensis","obidensis","oerstediana","paraensis","pezizifera","pezizifera.aff","pitmanii","poeppigiana","punctata","retinocarpa","rubiginosa","ruiziana","sapindoides","sertulifera","setosa","spectabilis","splendens","stipularis","striata","suaveolens","subcapitata","T18","T21","T29","T50","T51","T82","T85","tenuistipula","thibaudiana","tomentosa","ulei","umbellifera","umbellifera.aff","umbratica","velutina","venusta","vera","virgultosa","vismiifolia","Zygia mediana"
"acreana",1,0.177717980594997,0.19776000279411,0.228051714291011,0.25691294026508,0.253817043249911,0.244835881037814,0.19681481424563,0.192008316525856,0.16542516424175,0.14732349372397,0.183879046033885,0.217701653573404,0.171130017793079,0.239630739592796,0.153475639937548,0.160860211433025,0.225820856467016,0.14659767840029,0.19249675843193,0.30153730802262,0.195129153161882,0.175809890705376,0.165442794336743,0.204447049623975,0.144033903807977,0.330183481682793,0.183125550539691,0.200378365109656,0.143946094783889,0.207231180446818,0.178411663736947,0.21682705640843,0.299820183994323,0.191731300071359,0.17762740857375,0.163640688800339,0.186330931301179,0.13557518534329,0.296676583985264,0.202882751528108,0.220542256016889,0.220078749294117,0.188468735095894,0.123748046003241,0.0994180860762079,0.17477243791601,0.382489824675432,0.160788857709527,0.201796839612397,0.127164146217869,0.205531117316451,0.186830831618989,0.226452627445769,0.173351805638866,0.137781032601594,0.189994871944554,0.257617476134825,0.19547897091058,0.166768587938469,0.223075289357323,0.19819861555652,0.15264841835455,0.168551310726586,0.211680513751762,0.369755302291582,0.163346500658924,0.31960535202723,0.196486166000717,0.27315196357163,0.207505589234534,0.226008746323234,0.189011229315514,0.178734486494269,0.20760626929877,0.225825219230689,0.161355701485304,0.198766320667279,0.169836702062036,0.253582019218942,0.288943347769156,0.146746224271674,0.154408828379404,0.20801016426483,0.163261748565654,0.368588654643132,0.174058270238609,0.12804280415474,0.106539837236484,0.17731061650735,0.166532124720781,0.135165900837023,0.208895056744857,0.195654760137373,0.154824294587032,0.134788325320777,0.131975063132086,0.220250951179937
"acrocephala",0.177717980594997,1,0.206460190256437,0.249383175356984,0.175767116267258,0.182669378900326,0.227651894292032,0.189023202474045,0.23529049110829,0.168188998555137,0.107176776652985,0.221758897569582,0.132430762707966,0.198442603384754,0.20714694055824,0.185815044505218,0.18356783397552,0.231952972130764,0.295064842208637,0.197858756733527,0.178795652001263,0.274273488468959,0.215128748897597,0.208785172589862,0.196811399163123,0.181901351292661,0.138716364574631,0.191550537777732,0.239178729135619,0.219474889454798,0.221272984940355,0.138863696415026,0.237465308389191,0.119015793601909,0.189367788695939,0.183220846368631,0.230658618817204,0.190036586111716,0.117474365021029,0.152802960047387,0.171635090781246,0.229341699395478,0.1620257932738,0.183311337330624,0.192071017366712,0.117134897188399,0.156504789366599,0.182346484156797,0.196395264739773,0.177435019529843,0.147918437307356,0.279766717471807,0.196033446615211,0.209215316797026,0.208925005580174,0.171075457464529,0.233862123491994,0.166486596823635,0.178654869376017,0.212032720963547,0.196089811097487,0.24676746504469,0.182722877255913,0.23095447557651,0.203472960498676,0.199009007171385,0.24112923567807,0.198633726158841,0.206789765575076,0.22887469688793,0.16761463228436,0.209976682463064,0.105666092467163,0.190861862876207,0.158731173365673,0.200706167591453,0.147883118864242,0.152160721295564,0.169913091470602,0.209665257440734,0.127060866714659,0.2232121142746,0.186270676236287,0.266828012455526,0.167664900938781,0.175330348976704,0.180328496408798,0.182352790660548,0.103735560977109,0.166093249042432,0.211553613698401,0.147061942035968,0.184098367336842,0.14846446062209,0.206454273707704,0.10678677284629,0.0714756261618014,0.194033218565483
"acuminata",0.19776000279411,0.206460190256437,1,0.270675100900517,0.18606402109943,0.25190300938354,0.408389688443888,0.239716602059581,0.257335789391599,0.26381174615332,0.123703825089106,0.266367143211791,0.118578924795079,0.203148444211297,0.320987888283667,0.246607916038495,0.370383080886196,0.264676545042936,0.215982825755403,0.298398589331044,0.186610739602967,0.272041256767511,0.171702691423154,0.192757920195147,0.208795387411415,0.151639249697232,0.153253944479659,0.304854861600724,0.256071454372106,0.138049545724435,0.300438287912417,0.167013437151183,0.22889072735172,0.206067058864691,0.195968492360237,0.194066745059947,0.213744913093756,0.299012264669134,0.134204504934704,0.176853728104491,0.311836276479536,0.31180564292574,0.230118162947824,0.279331631020007,0.202120711271396,0.111250809014453,0.144430101114279,0.274167405866779,0.270877493080177,0.230559825789064,0.159724094916533,0.235191604597488,0.233635957196848,0.249193113126115,0.248872524111322,0.182801732399251,0.354470250297263,0.170989829032826,0.192517613638717,0.191045130716107,0.199167149163531,0.243774214873123,0.149692953338829,0.349232673721669,0.217721830492129,0.193096997723321,0.260872011301092,0.299029863395437,0.240881467928032,0.247669013060377,0.221391236054329,0.227080421328419,0.105475604667816,0.251701695297075,0.167361934417632,0.23424309659079,0.172477859433509,0.16803129804388,0.284162120539512,0.224357890379867,0.164251216936767,0.216905488148441,0.208479921999629,0.278899030198718,0.216931880189943,0.194650293628487,0.186877406080742,0.212004583794103,0.0988816517922603,0.141057480124776,0.206606377092471,0.122066798907875,0.338117053327558,0.108662480421007,0.177268581425515,0.142964027513306,0.0631793181755675,0.227476553783475
"alata",0.228051714291011,0.249383175356984,0.270675100900517,1,0.241032641814568,0.238453381243315,0.292294986168076,0.286960501703169,0.24949212374562,0.217581139034526,0.107212127486465,0.241191210343507,0.225150073261297,0.240130043670223,0.294154760557349,0.223533161396523,0.184338507098915,0.243547951918056,0.237377258760954,0.25947719956062,0.240023559763585,0.250448162681633,0.198951981086926,0.200300348083378,0.220606614311754,0.187513751942942,0.16813491691319,0.214376877203754,0.235628725422723,0.179299483558181,0.266241824861529,0.18110212653397,0.288629309183253,0.321890156696167,0.236745486466084,0.164446856202962,0.187353595687809,0.204504115360447,0.140106299495083,0.213727420587031,0.242825870932658,0.267705934931642,0.237978810693117,0.219937007372787,0.208025416621216,0.12273781454463,0.16376900036281,0.23824049818963,0.246040781114542,0.238061503137553,0.131897619530378,0.230646853198615,0.255647373124449,0.259468418504749,0.198414884182872,0.182093969312602,0.255131110463544,0.240192818029933,0.182945162162025,0.215077108779194,0.24500181464075,0.252264956080171,0.205587335362983,0.252769293176902,0.270298895081027,0.240804757916512,0.250084899050519,0.278473166782323,0.202626833439575,0.277864578722182,0.213233826935738,0.272902503209009,0.284019635784776,0.209470400542627,0.173939489892515,0.428671836539643,0.213518770391448,0.174527610101537,0.213695209154617,0.229248382755789,0.341078879107741,0.239401241610209,0.194123017655636,0.239483170208094,0.201109682521547,0.220838333922431,0.21070999305286,0.184136943223595,0.120074600676193,0.201119038419003,0.170487269154583,0.160527122457489,0.256902265610767,0.302000928222495,0.189718757773032,0.149455197468916,0.252174786558108,0.434971735084399
"alba",0.25691294026508,0.175767116267258,0.18606402109943,0.241032641814568,1,0.242123721053111,0.213776681612664,0.204440074734746,0.174776955345675,0.353023212794763,0.217438370295811,0.289138144432019,0.23178640357875,0.207173816311392,0.226987996119556,0.167832053775014,0.140752584228306,0.200291841798401,0.142393529254973,0.231201964948962,0.207271732809142,0.213097140243901,0.175581293913831,0.202047921111434,0.180873235667047,0.238011080868271,0.181208378740145,0.199301460034968,0.163240537685853,0.161437500405289,0.185609402028585,0.281544409369624,0.195909766471623,0.147880629441577,0.332584896483566,0.143615040864107,0.148904340772816,0.158124884888802,0.125859687013313,0.176271861414779,0.288701534658454,0.203167532107613,0.200575838623459,0.159595445817881,0.144003733436575,0.102400009508661,0.237641296090379,0.23129138906591,0.378746612653403,0.333798749499885,0.126427400818667,0.1757138547585,0.181541893841381,0.206919681141363,0.145491130379359,0.15985528931953,0.231035309540082,0.212710854781019,0.242937050644381,0.190262562836141,0.245279277190676,0.250451674151107,0.147094691342235,0.213546160198578,0.206262251225507,0.20967355154939,0.199375567995924,0.231471348289134,0.15572715061646,0.217438687934456,0.312699422292183,0.212592722994935,0.116344476107852,0.156201752983842,0.169922655418227,0.197613780632404,0.162604547947601,0.147710214470251,0.205640715612513,0.181676224478987,0.184443477956017,0.18701883456761,0.154105938745261,0.193153023283484,0.173044090514778,0.187427520473529,0.215708201443258,0.132875128266053,0.0901534021998148,0.293316872189205,0.12572040602692,0.259457335873694,0.212458236160238,0.115046445117076,0.181864887096941,0.224367730540049,0.0860563674808858,0.208034622487417
"aria",0.253817043249911,0.182669378900326,0.25190300938354,0.238453381243315,0.242123721053111,1,0.244220283474976,0.198327127815032,0.186690524028818,0.184724724702212,0.088592874051493,0.187124840540738,0.153805159467954,0.165757532530667,0.237785581135662,0.214950421752583,0.171943836239411,0.203137168573907,0.162627292767222,0.204506965306064,0.218412181870337,0.251251764249634,0.15308876059546,0.149283396145194,0.20133713812929,0.148615121182546,0.196720810570903,0.183711020909371,0.212893712092542,0.144548085173392,0.2257039456655,0.151299753695376,0.18279698418486,0.165810068480075,0.195720778440631,0.162644151862126,0.17566230775427,0.159023820239157,0.123202106966786,0.22192425372181,0.189292925632782,0.209371754672953,0.182768221555882,0.179670636438407,0.149485612947492,0.0919397516632299,0.134729814463437,0.258441279029638,0.18779503342571,0.201409845004723,0.113943833400075,0.203154817222735,0.180646503889757,0.21712210909784,0.181644402524144,0.138673613582596,0.202558112233358,0.19776858056977,0.186743714682455,0.183080543110255,0.180910812636782,0.193767344869601,0.143160659334328,0.174790450884981,0.224055831746276,0.228209635511668,0.189035729398815,0.230795454625966,0.168809611408294,0.21886335051633,0.242334858665444,0.190927397305385,0.113668501074305,0.153973807789025,0.150575582794486,0.204207231444016,0.170319778404672,0.162835801509162,0.190794634000169,0.192150684984521,0.170910621092055,0.165014931593473,0.189604437714754,0.191164486955007,0.170481615054878,0.237293640099886,0.15848382693187,0.190846724200562,0.0873363398279961,0.167110430729936,0.15411972406653,0.126288241047661,0.223298838322134,0.135484159933547,0.15764117379716,0.105859151102453,0.0856289077330957,0.218114687740588
"auristellae",0.244835881037814,0.227651894292032,0.408389688443888,0.292294986168076,0.213776681612664,0.244220283474976,1,0.248006586039169,0.299703977722165,0.269498076118224,0.134295870869078,0.267119892059713,0.139432185534203,0.232975898489141,0.326889685164866,0.226034745527922,0.377140263497572,0.295328204549431,0.217608747323536,0.272839089333515,0.242749004778603,0.278577317607582,0.19289186588894,0.219958131496313,0.224686488400188,0.173863107706934,0.168760428038863,0.271586095089758,0.298750483424343,0.158427189454533,0.316010029248554,0.191106091168304,0.278071386337104,0.201069589158609,0.194511038776228,0.203529478749231,0.207500173094582,0.351510042673952,0.144587492986585,0.175278987906692,0.340071455297541,0.307363347779392,0.244507539881203,0.221865328518712,0.187471127967178,0.117487078430531,0.167708730838942,0.268483060002697,0.264495527162649,0.1963361591825,0.180161447587283,0.302839767214073,0.254954445992517,0.23660577984779,0.254656541580492,0.203312011185385,0.367564192962321,0.189920546707495,0.204029841675421,0.216966292879107,0.218387036270424,0.276016439977804,0.249792088330524,0.366735519535031,0.236495467435668,0.248846933791717,0.256159673338723,0.325053761011005,0.282313465762906,0.302302240107563,0.218785624042897,0.226870621773015,0.123887337787658,0.301073118239663,0.185487966473483,0.246896015194462,0.171051207768245,0.18885308216669,0.304874492050815,0.280456189697733,0.183797490303699,0.238049684840801,0.207937810930547,0.27894093342718,0.21369791225716,0.22523154111557,0.223112467903375,0.208220220557359,0.105151689123605,0.217600055145698,0.207574187765842,0.201740723211021,0.319537845276542,0.120231061326923,0.197578895869436,0.13677772898119,0.0752117421573366,0.242927565032544
"bourgonii",0.19681481424563,0.189023202474045,0.239716602059581,0.286960501703169,0.204440074734746,0.198327127815032,0.248006586039169,1,0.205412695977527,0.194894437110287,0.128948506502391,0.219958556613382,0.182112797616328,0.252281395160498,0.262294387809824,0.205627064535184,0.145880969948016,0.250716447441196,0.176277781769571,0.231584588113762,0.231972687881086,0.206998255110563,0.195860926934382,0.184760029473106,0.260777131685975,0.195289772053382,0.197919055663576,0.180736407803577,0.212263047595231,0.15870806113334,0.22052231656477,0.277390331136903,0.275952385546862,0.185844486310664,0.179809268876811,0.175796888825468,0.188943799958308,0.214559003181687,0.160824583450139,0.201827938573513,0.211787397263971,0.235352329181284,0.213065084660395,0.20099895012228,0.17009512750942,0.114305904615352,0.160421821578118,0.242739932621935,0.224976842753626,0.195659679923075,0.193544474251983,0.20382072256479,0.23238331811774,0.253790136387314,0.154385179543939,0.220106707538574,0.216040253938292,0.199008511292057,0.194298701845289,0.208416946737777,0.209587581549092,0.256692583124905,0.18386657426677,0.203683486974048,0.229523091057221,0.208754791319926,0.187142121401672,0.245593774198441,0.225455813744628,0.233309806504838,0.207889730759091,0.207270193352388,0.135550573466858,0.240071221331191,0.15534082565152,0.220845958099434,0.299887457319619,0.182569219709068,0.188485272421787,0.224482025750841,0.171263076879904,0.207929463351892,0.216633165934125,0.2129341804509,0.191016145201412,0.21645313163741,0.243736687245436,0.211753063233394,0.154518387226484,0.217981855067836,0.228140959351903,0.168830084619765,0.218136813060095,0.162221522635594,0.195881188322918,0.136558252724704,0.103104599317328,0.240096814283123
"brachyrhachis.aff",0.192008316525856,0.23529049110829,0.257335789391599,0.24949212374562,0.174776955345675,0.186690524028818,0.299703977722165,0.205412695977527,1,0.199414605855115,0.099385236798743,0.206639373018209,0.114331392403836,0.230319794549197,0.271373707507598,0.238313742569743,0.254282830188338,0.247020937620791,0.276367774857915,0.233793506777318,0.197343410271065,0.211311645528224,0.176654029642352,0.199812146304641,0.20939051587962,0.164973508573225,0.16115514078723,0.248332154035478,0.232295908015681,0.137156045932009,0.258771298997529,0.140972723399612,0.286886815302493,0.172923039366957,0.153523670958078,0.169604984008604,0.178773809509927,0.196183412024096,0.11564520687022,0.154900443886227,0.224317020205546,0.26092318162232,0.191118307619802,0.210813602512398,0.179066105766634,0.115688168215408,0.151545482453081,0.267469734673274,0.197044145554786,0.164826120788743,0.134439905519387,0.217818406036951,0.228889329640413,0.222381265234754,0.298170909704382,0.174079066887903,0.211592278134514,0.15378729166638,0.166999238320635,0.19453426532711,0.214665391513338,0.239962204589255,0.179845605644254,0.19313617237093,0.208989629910264,0.167516023727635,0.221825683762804,0.252566720054146,0.192364669858269,0.275517165019889,0.207240406046307,0.206873467685355,0.130296656496031,0.219173840797156,0.185670129676109,0.234470823958061,0.175497427101018,0.159090343567775,0.276522481297787,0.260050144810914,0.156665054373517,0.223280407240839,0.180362939733592,0.217399859307884,0.161666150606001,0.187642960317826,0.203236293510741,0.190691246806365,0.107326838221937,0.208627782178099,0.292875305254033,0.129169729232166,0.223331727902134,0.109323001395178,0.251880285087387,0.114155529289165,0.0754083686582042,0.186844349817898
"brachystachys",0.16542516424175,0.168188998555137,0.26381174615332,0.217581139034526,0.353023212794763,0.184724724702212,0.269498076118224,0.194894437110287,0.199414605855115,1,0.285014994012633,0.350264759435355,0.201265703265704,0.173969252378192,0.244044489400258,0.210382974265288,0.21768585351628,0.183576831806426,0.160121080780774,0.229192372413446,0.149675688480055,0.270188771423422,0.15068156543165,0.148123560466789,0.146140451716242,0.290665551664687,0.127288449832722,0.206505903627025,0.193589176905429,0.11146789140846,0.215715847329945,0.38522240284501,0.17772705085347,0.152251909318226,0.37990891351129,0.16245447965115,0.155955585073059,0.194173698264897,0.109607703875179,0.132685003183711,0.446672431154721,0.220576347417028,0.17212129172981,0.161689095289145,0.155014236048074,0.0775979451634143,0.360915787460237,0.23093868062054,0.507613844525142,0.333451704899051,0.123325518798097,0.177849203636342,0.175279264552961,0.194188119707984,0.203405590258554,0.128199320007363,0.265067096692894,0.149443794627173,0.274086084032976,0.159683964613235,0.14987580752402,0.286617107432757,0.116568997785797,0.263511166944149,0.197704402369533,0.153210871562614,0.194599446575802,0.202964166901705,0.163104381610441,0.212113592789627,0.378643473987169,0.170197211330808,0.0786073362298871,0.171490220290043,0.11325422644832,0.201113566580583,0.128278324754127,0.116329595371634,0.218725213302458,0.19009062584724,0.13223496358591,0.187940239552482,0.150217202960258,0.188091909096842,0.155206843823095,0.14931218954687,0.17793568392333,0.143147727307485,0.0673591765364042,0.239589692003401,0.150596820082477,0.289091592398904,0.245488476894549,0.083582362657869,0.139322152614946,0.368685514425794,0.0498396616536922,0.195424519172027
"brachystachys.aff",0.14732349372397,0.107176776652985,0.123703825089106,0.107212127486465,0.217438370295811,0.088592874051493,0.134295870869078,0.128948506502391,0.099385236798743,0.285014994012633,1,0.260413596618856,0.187100583245162,0.131654619043773,0.125518259931968,0.0964461959312537,0.0727451372246087,0.103111582371622,0.0780280060840588,0.110022413802899,0.125290471334714,0.0951113336416346,0.107916986539561,0.0883465786642954,0.114475495324225,0.246666854382112,0.0922684657869114,0.0950514167732507,0.106583795929396,0.0999619780581343,0.112182604487028,0.326700606526964,0.122044010531762,0.119982130362249,0.279710496831823,0.0792788341617466,0.0917066749957746,0.091324449539355,0.0863967506223796,0.138155469741915,0.322336244421136,0.0886473407768308,0.112125456111615,0.113194797717945,0.0876614451129674,0.0722732693829823,0.307171197488826,0.113550235455156,0.240120685743682,0.274910652320608,0.0861460322967955,0.0872410881982699,0.103817519473976,0.120423683542822,0.0777991567013667,0.105258311582553,0.086725810774777,0.108669067726017,0.205900262233835,0.0980935065424937,0.113363219497538,0.121873942555051,0.0977591252204579,0.0820323046379262,0.121288432714404,0.108456988537413,0.0881236653743299,0.116033516846197,0.0997784400534388,0.101969869236155,0.305429529697189,0.108203378625712,0.0797158690607543,0.0812643525979369,0.0916136474274015,0.103950316681073,0.108532022904512,0.0991746307400749,0.087526826422141,0.103918504518304,0.13018056737507,0.119746662738394,0.112241748353131,0.101898551135338,0.0843000007738336,0.104527104212579,0.118439841875985,0.0938146433494736,0.106801527510521,0.247899072616798,0.09504623246342,0.260858526739789,0.0904755264525036,0.0952527469473409,0.0961141655677829,0.297208626789601,0.062026012697792,0.107437830097973
"brevialata",0.183879046033885,0.221758897569582,0.266367143211791,0.241191210343507,0.289138144432019,0.187124840540738,0.267119892059713,0.219958556613382,0.206639373018209,0.350264759435355,0.260413596618856,1,0.238272379326236,0.201017337395999,0.221159112605886,0.20227269777497,0.223186887095486,0.226297882489263,0.216710703399134,0.230099002842727,0.196883589082991,0.39130845049397,0.157136188557645,0.188263594755074,0.259635869258486,0.330993659521503,0.146509760189553,0.192881446605526,0.321047390550845,0.156976305179604,0.268797237334045,0.307360473201556,0.24938542449906,0.163142784511886,0.348275807315184,0.347322538494151,0.226908292525875,0.223757342684673,0.191404870367476,0.151234683171067,0.387212610252429,0.251413087853553,0.239370589087612,0.181612341046682,0.162956607883639,0.0946482729184313,0.390271301623139,0.24406976606613,0.371231958296447,0.353333643354011,0.175047382145454,0.265376442967914,0.208854448175622,0.272489031033649,0.256086179555301,0.240002750872405,0.349773960082385,0.17621947893491,0.30819881301755,0.178760997939468,0.168161262566496,0.341377443973026,0.192341805595737,0.326371045632906,0.202079208973765,0.186437659054432,0.255861933153602,0.244061063394263,0.185200122253982,0.277948094380648,0.341074333150573,0.214356716735161,0.0973001911379361,0.227335771252901,0.161017897630018,0.194751763250564,0.166320936152048,0.141788697352252,0.19250529918576,0.184648668684441,0.139789672531215,0.250759345494749,0.174952527761859,0.242173957283014,0.176896050471683,0.29487345803857,0.155401766758677,0.181454410050828,0.101097864640423,0.301856760277008,0.192023256550409,0.315202781160396,0.265579792336466,0.152136661970786,0.183018003487726,0.279179803901351,0.0842995415214662,0.277759316577181
"brevipes",0.217701653573404,0.132430762707966,0.118578924795079,0.225150073261297,0.23178640357875,0.153805159467954,0.139432185534203,0.182112797616328,0.114331392403836,0.201265703265704,0.187100583245162,0.238272379326236,1,0.16319031577697,0.142562260161267,0.159678849242916,0.0900442358061962,0.158787097128008,0.106429760786771,0.128645216414249,0.166958111177271,0.145235132732801,0.126124615882883,0.135171746016599,0.157123217924762,0.25799781548353,0.169683059468828,0.108954888816506,0.143924117791518,0.116492598297602,0.166656999720582,0.22179992605208,0.143280501990565,0.208714196883356,0.208756394299971,0.150219676669633,0.173765521145276,0.106375986537416,0.120331090332446,0.173836071621462,0.218291875602125,0.159228197278844,0.173767691019562,0.157492000144012,0.120418438832606,0.0903463987648737,0.222449251995312,0.180362223648496,0.221610340726696,0.242896894134614,0.0877242851868021,0.163846167876697,0.138524953900161,0.131422687273299,0.116478409912835,0.102543600368719,0.102870978633939,0.168752145845819,0.308671440376523,0.107429169641707,0.168149032528277,0.12673338455544,0.118899827214788,0.104606713056399,0.140168031391424,0.178456554502945,0.124804613901043,0.156384586024066,0.12497483981236,0.167050627249068,0.227948422788707,0.148882874653515,0.195861946017248,0.109261218199256,0.0915602846884766,0.223856207229681,0.197773595567034,0.116351681611962,0.120891042931021,0.124952249740093,0.238359149320671,0.146392218743577,0.12545852156986,0.115003011112501,0.105770256029966,0.167679072542367,0.106692318167615,0.107883586764914,0.0961295804726985,0.235134083847553,0.12137528934654,0.213937666307203,0.134354918097844,0.219681855480958,0.142337671976372,0.202061972421574,0.174450128782016,0.248874776087055
"capitata12",0.171130017793079,0.198442603384754,0.203148444211297,0.240130043670223,0.207173816311392,0.165757532530667,0.232975898489141,0.252281395160498,0.230319794549197,0.173969252378192,0.131654619043773,0.201017337395999,0.16319031577697,1,0.236613172887552,0.222236063947065,0.152851623525753,0.194679830736368,0.158354947727134,0.204836635555217,0.196375671632484,0.194458906865262,0.201658674324017,0.173971208164433,0.238424314006497,0.178309541629131,0.162335091875247,0.209461491442776,0.180110694491216,0.169859988692467,0.233275413639227,0.20141200668572,0.235786263843162,0.130945785395762,0.164158935781499,0.145200983803249,0.228517931332199,0.191265713850006,0.130861571999943,0.161601024579073,0.196042079929249,0.186707636731445,0.206633070324849,0.200603157609485,0.171547991720715,0.121075665777836,0.13896522061269,0.191125122479339,0.178494035063611,0.162165331701312,0.185009243183489,0.209810644567002,0.233755374435864,0.212321781441595,0.153268144065066,0.210905056652733,0.187358886975145,0.17015537817642,0.174398518995838,0.183302270632898,0.190046550336134,0.215800236224634,0.194317566307865,0.195416603346633,0.210850016970873,0.172878600483834,0.197998219088738,0.212991277934024,0.195671298353477,0.218849729011023,0.191538021483002,0.218454200870772,0.112015256784365,0.174767472404956,0.145071371485748,0.197100087445759,0.198113000627216,0.161837385456169,0.203190958008619,0.223636426723754,0.151665119239797,0.19567012906051,0.163412788358961,0.21178775182363,0.180085410572264,0.173290349162446,0.266812478045788,0.191625483009143,0.117467895963385,0.168888161662519,0.166097795539203,0.168268633621771,0.210639447855892,0.111506758798327,0.180009229929956,0.132906183366945,0.0877579617742315,0.184157707785433
"capitata33",0.239630739592796,0.20714694055824,0.320987888283667,0.294154760557349,0.226987996119556,0.237785581135662,0.326889685164866,0.262294387809824,0.271373707507598,0.244044489400258,0.125518259931968,0.221159112605886,0.142562260161267,0.236613172887552,1,0.233390130498505,0.20029013780348,0.253049139287084,0.205859073533227,0.244522504414737,0.240521301955709,0.213831880782165,0.212164423476026,0.213319830989491,0.217997132380815,0.177995309366767,0.17473393674933,0.319071297096742,0.241512028891987,0.179284026944165,0.270679467815527,0.208921572205968,0.254106105804346,0.21168073267078,0.209492732436675,0.183951361475997,0.185421127616016,0.229718865662712,0.148938418487018,0.203267321503612,0.302372314815029,0.272297819392604,0.254267253922845,0.259941431579345,0.22175679505968,0.132280025144083,0.159799926148415,0.282600056238596,0.242836686177094,0.218225077645646,0.14269630770801,0.231600548538942,0.260304154616374,0.26083908300831,0.259125862626238,0.209918872621342,0.237598723588272,0.187935245825271,0.200016492965947,0.222634186255332,0.238727048045355,0.23460303414843,0.187149876058336,0.238491311704596,0.25626078172628,0.209289137880779,0.223637362662728,0.265824241760531,0.232052879742075,0.264880514505905,0.239757256265798,0.260733733664,0.123980157784585,0.222834481786812,0.1864769773621,0.271840822260604,0.172717860382119,0.19694883794909,0.289859816326354,0.250038600510456,0.213964326476497,0.218002911856398,0.210504949172698,0.239348261568234,0.190662626919506,0.234291347270032,0.196998128172795,0.215702811315827,0.11721607594139,0.176026159015792,0.183383918096367,0.143536100479131,0.265636679021616,0.117262029320603,0.196323547599995,0.136104183739783,0.0816618601416509,0.221903428194239
"capitata35",0.153475639937548,0.185815044505218,0.246607916038495,0.223533161396523,0.167832053775014,0.214950421752583,0.226034745527922,0.205627064535184,0.238313742569743,0.210382974265288,0.0964461959312537,0.20227269777497,0.159678849242916,0.222236063947065,0.233390130498505,1,0.153757919488743,0.19593495691614,0.167270908826754,0.236150698810226,0.169179498676187,0.259712543512232,0.170216095681581,0.198517021882816,0.225526625972265,0.164344001339509,0.126720193944775,0.200370873728673,0.218947295776075,0.144745798445267,0.249998889883564,0.145282643213303,0.212035560136833,0.142063327857566,0.172106688191933,0.196852171078483,0.182895586743846,0.167931687775151,0.135469335062661,0.201966623797169,0.178699362277521,0.237884002603302,0.170065248034002,0.226354104026943,0.200833595041581,0.108717310315339,0.165383966362551,0.1889302206772,0.217606508052251,0.180722623955909,0.138837894153904,0.179337710939608,0.260331458600472,0.22781643018907,0.177174529542158,0.19394852148214,0.228229832491144,0.16563618688641,0.177381546802062,0.227786645170671,0.196546509419319,0.229745036012798,0.146639685353,0.194396272191903,0.246887024937538,0.146852061608999,0.23618611414687,0.201858907497649,0.21566360291654,0.225595757446933,0.221712803621984,0.202012836280173,0.101991851835152,0.191092997888901,0.14361227045714,0.184209429808445,0.168545981877808,0.145876970537824,0.192266913596752,0.190923007788965,0.15748338819116,0.214473618993163,0.189738330788022,0.22743526092104,0.158513953694846,0.167032172339455,0.248240406895209,0.192868866051509,0.0856828525056585,0.157475838557365,0.162515114590235,0.155658290653301,0.203085973089881,0.12058288290024,0.183774782527947,0.175414680404457,0.0710408493771238,0.215110807766388
"cayennensis",0.160860211433025,0.18356783397552,0.370383080886196,0.184338507098915,0.140752584228306,0.171943836239411,0.377140263497572,0.145880969948016,0.254282830188338,0.21768585351628,0.0727451372246087,0.223186887095486,0.0900442358061962,0.152851623525753,0.20029013780348,0.153757919488743,1,0.185133878007221,0.2032560173427,0.225092201205223,0.171529701145087,0.243448856136156,0.128836658366906,0.160406321492281,0.145870906264679,0.127763810136937,0.117853730918082,0.237223030095521,0.297297447475,0.0970506685388103,0.25375978293154,0.126034045031095,0.181281983787937,0.166420961378244,0.140522919517161,0.226038950052862,0.208184865097304,0.489641767367629,0.0940378753665417,0.098514585088975,0.274252563249003,0.261589260851168,0.240599044166314,0.152481007411049,0.1354088764105,0.0746010956939638,0.119345671674788,0.170097515775002,0.226888694503995,0.14177639365375,0.149819398288858,0.197667891469593,0.177970855802051,0.179438752499221,0.257558091557322,0.145541684823575,0.478475861080936,0.103169290552917,0.148784635230714,0.151506398796828,0.125946390489832,0.224356792340477,0.108164051343174,0.472868373268304,0.168896571749229,0.14421593692314,0.224733677112389,0.254688267197266,0.165553860906223,0.169880889969236,0.153376007515405,0.163795975042538,0.0738518837281112,0.323226631119745,0.123814020512351,0.159958862973076,0.129060416463257,0.110290990789393,0.191041095179944,0.202832237793873,0.122197762704785,0.202971153103786,0.147855096659552,0.24304271704943,0.152002339680491,0.14663409590606,0.140002280866194,0.150174197511325,0.0756416440934136,0.0983002290506563,0.185065897180888,0.083696996588634,0.289440461858085,0.0821393076276221,0.132063528912671,0.083905833174342,0.0528166551272322,0.167392178152888
"chartacea",0.225820856467016,0.231952972130764,0.264676545042936,0.243547951918056,0.200291841798401,0.203137168573907,0.295328204549431,0.250716447441196,0.247020937620791,0.183576831806426,0.103111582371622,0.226297882489263,0.158787097128008,0.194679830736368,0.253049139287084,0.19593495691614,0.185133878007221,1,0.231287368591109,0.24067927379521,0.209944375013354,0.229482961432335,0.186783829906208,0.254849658869021,0.242452494708317,0.185840269788334,0.244038471224649,0.232567085975619,0.238002546430425,0.153055628832903,0.249526371605631,0.167446291606886,0.241177232992329,0.193425264098171,0.173468182346543,0.203056280732466,0.214569017598331,0.204160066409219,0.129811144794394,0.180953901534733,0.219307167319069,0.360069618373976,0.233658870580506,0.211463992956493,0.185772880792333,0.122950280001342,0.1471202555207,0.211796683614949,0.205350382599296,0.183116879930621,0.139101727642989,0.230059108831941,0.259035633823257,0.250589777943394,0.210168137027533,0.195708280401279,0.25182226499382,0.162167431446339,0.242451214207094,0.236312774513095,0.232683075152034,0.23021973891808,0.147144421103595,0.226098037116053,0.225100502335338,0.224110564421144,0.238236791073927,0.24633518622698,0.249201319671877,0.307861992680634,0.188124791909269,0.216379677016055,0.114630961855256,0.206191028338182,0.183963004853229,0.192327988642826,0.152448352504033,0.183685797868703,0.200835723161261,0.241897734436341,0.168431013232975,0.221289767321166,0.183955879273007,0.226945518584386,0.183459780742077,0.206888849831351,0.203641836770586,0.174094929476155,0.130610712255439,0.184357788786125,0.169661838584877,0.143200151519971,0.23508886867541,0.128734142650734,0.204095848297706,0.120837818710115,0.0742234545032947,0.221508964678767
"cinnamomea",0.14659767840029,0.295064842208637,0.215982825755403,0.237377258760954,0.142393529254973,0.162627292767222,0.217608747323536,0.176277781769571,0.276367774857915,0.160121080780774,0.0780280060840588,0.216710703399134,0.106429760786771,0.158354947727134,0.205859073533227,0.167270908826754,0.2032560173427,0.231287368591109,1,0.192166564603135,0.15776414929358,0.237030085281487,0.172130650715429,0.171229874449236,0.16376173228757,0.176474777351036,0.124103480692335,0.191079886056386,0.255811898900092,0.135961353942243,0.209366936415016,0.124570376227872,0.206249041684565,0.130071071612241,0.150330618974678,0.211702940289065,0.197730550210376,0.188765262165983,0.100703972821126,0.11248882165261,0.188056618078848,0.225251198628751,0.167405746807492,0.180700786816786,0.189164479352346,0.096342280261662,0.121992333154506,0.211475398009427,0.194802647284684,0.157694679773499,0.140074617328425,0.212833262547026,0.1988115528391,0.198675416830121,0.274319854482859,0.153348627078329,0.280585033307814,0.136819186966018,0.16062423115079,0.227877834667316,0.154208349978219,0.24332861389508,0.131833601235519,0.269378697416565,0.156130283622095,0.184356564896914,0.245574088670217,0.175904552538115,0.165880773498129,0.219718977369126,0.146986825382128,0.179809533244836,0.0974971654917625,0.188246803883803,0.13408367288718,0.166483200945063,0.141576114635788,0.117435043434161,0.188959161730582,0.169920403798424,0.119734271088231,0.210630807234749,0.177456640123487,0.223564696456685,0.135224120833259,0.174578754434996,0.143751752879398,0.162089829377923,0.0646235599367176,0.167409305121656,0.304647890649702,0.142885000636572,0.238923658584326,0.11295260679549,0.274464520421883,0.104077092825324,0.061577018777845,0.204343076591853
"cocleensis",0.19249675843193,0.197858756733527,0.298398589331044,0.25947719956062,0.231201964948962,0.204506965306064,0.272839089333515,0.231584588113762,0.233793506777318,0.229192372413446,0.110022413802899,0.230099002842727,0.128645216414249,0.204836635555217,0.244522504414737,0.236150698810226,0.225092201205223,0.24067927379521,0.192166564603135,1,0.162179457448691,0.314865302317391,0.172211677402597,0.187082389504617,0.235641066327413,0.185529718289778,0.149463479015807,0.255709250388417,0.254060802145299,0.154615651415234,0.241469502138522,0.180401024166315,0.198693186828159,0.145152419384584,0.247489776982787,0.226791557920376,0.265187604921859,0.25297390443183,0.135533333845596,0.170444178182023,0.243785290728734,0.256979069065403,0.20223457701128,0.199106760064733,0.163584968624566,0.124580469626936,0.166800943795245,0.191625208582693,0.277545910980452,0.22217316004574,0.169029983935566,0.200043144070485,0.206139246121526,0.222464444872357,0.198620014735397,0.204944584304061,0.328660643280717,0.170346623770579,0.203373334589743,0.20567285628724,0.162852946130845,0.282734430595377,0.138491304851052,0.281367332341972,0.198197606547754,0.148252133814006,0.242357649207422,0.197928773995673,0.215030788392896,0.205038988798201,0.233854926683538,0.197138146502968,0.0903761199134522,0.224491116418051,0.180510148507249,0.202549193997706,0.159108717412323,0.162966396268074,0.226233610201099,0.207753413018678,0.162052008813309,0.206827570467794,0.187926660145994,0.256746832172718,0.207725185620169,0.168532855598007,0.209534970839148,0.189741874720838,0.10083952157797,0.147189119997482,0.225694938610111,0.122942596562695,0.268580921826131,0.111863881078016,0.151053552554776,0.123526236434861,0.0651345037146059,0.249072851240071
"cordatoalata",0.30153730802262,0.178795652001263,0.186610739602967,0.240023559763585,0.207271732809142,0.218412181870337,0.242749004778603,0.231972687881086,0.197343410271065,0.149675688480055,0.125290471334714,0.196883589082991,0.166958111177271,0.196375671632484,0.240521301955709,0.169179498676187,0.171529701145087,0.209944375013354,0.15776414929358,0.162179457448691,1,0.195272730617135,0.248311690839352,0.208224146042334,0.204190641714673,0.121033501687371,0.268822515272225,0.187072606703796,0.216999711466831,0.133896043865771,0.21673764550716,0.16981203665446,0.239609479230225,0.181791112130783,0.179730045106221,0.152030139291907,0.141588775933646,0.172856045962641,0.253781791360858,0.228712912790471,0.183255343465972,0.215974520511963,0.227497308735583,0.184116147346889,0.159156012045563,0.104938893090738,0.148729118298566,0.243873946131532,0.163782600911537,0.196363916191934,0.108820915469706,0.194954902274397,0.203323328117619,0.202143273710429,0.154976361968548,0.141876544463152,0.169976194294663,0.209310017275483,0.163032310549399,0.181196212191253,0.225420169718139,0.184435485056686,0.15763249961926,0.158529864907817,0.272293861833064,0.306928416633386,0.168432879521411,0.28588766868718,0.188444537082898,0.233917131588899,0.181871134264364,0.199189070130496,0.152242453146014,0.213637479825181,0.194205430348958,0.241835604971704,0.202669921745068,0.198825132607028,0.178976487298248,0.248193292172315,0.172310854643315,0.183091645143933,0.14865567106661,0.183537087585518,0.193576645883968,0.220461514089514,0.16793869043835,0.160173120000979,0.122087786822177,0.217043989913784,0.129322106724141,0.174803951613748,0.200557755207461,0.158409672589991,0.172453095895454,0.128948284345763,0.101036672967501,0.189778267318992
"coruscans",0.195129153161882,0.274273488468959,0.272041256767511,0.250448162681633,0.213097140243901,0.251251764249634,0.278577317607582,0.206998255110563,0.211311645528224,0.270188771423422,0.0951113336416346,0.39130845049397,0.145235132732801,0.194458906865262,0.213831880782165,0.259712543512232,0.243448856136156,0.229482961432335,0.237030085281487,0.314865302317391,0.195272730617135,1,0.18706526981769,0.213440526713981,0.245842138625597,0.183966753199262,0.18203363126354,0.208373075495308,0.356054978184762,0.156632486596276,0.240300385934503,0.166019409794271,0.234926711769141,0.14941836589643,0.241590706518925,0.407530635094679,0.246970139695728,0.251180519125028,0.125553964642434,0.181579606739408,0.213264208104365,0.306266659309893,0.177971285973211,0.176908548027298,0.158456801737423,0.101831981087538,0.216815913582272,0.249565148659125,0.266172196230967,0.235980543942131,0.161105559600541,0.243259546399315,0.203681086580005,0.251929063163371,0.286202611647699,0.239293913146953,0.411241281359357,0.173296136542773,0.210923487059946,0.218455605351487,0.157162361720172,0.376117421923137,0.149071351801162,0.336765289751333,0.251378865240249,0.182184741572046,0.248825777621637,0.20849795946996,0.196103355177451,0.297116312267802,0.222557413380561,0.207424677362082,0.0913552458825181,0.227258965097853,0.159780926851862,0.208257167376118,0.170090624698981,0.157298539310934,0.197881960682577,0.206865240282293,0.14584709466281,0.247149526851295,0.193634389754416,0.263230120715948,0.200649459967472,0.308030321895213,0.207112120356281,0.174427153579111,0.0845949056518364,0.182238877459763,0.219957203410425,0.16361346821295,0.278294807629138,0.167347240172471,0.199256041125407,0.117286923206622,0.0822666796492678,0.30828482407054
