"","acreana","acrocephala","acuminata","alata","alba","aria","auristellae","bourgonii","brachyrhachis.aff","brachystachys","brachystachys.aff","brevialata","brevipes","capitata12","capitata33","capitata35","cayennensis","chartacea","cinnamomea","cocleensis","cordatoalata","coruscans","cylindrica","edulis","fastuosa","flagelliformis","fosteriana","glomeriflora","goldmanii","gracilifolia","grandiflora","heterophylla","huberi","ingoides","jenmanii","kursarii","LA17","LA41","LA48","lateriflora","laurina","leiocalycina","leiocalycina.aff","lomatophylla","longiflora","longipedunculata","loubryana","M18","M25","M27","M30","M71","marginata","melinonis","microcoma","multinervis","nobilis","nouragensis","obidensis","oerstediana","paraensis","pezizifera","pezizifera.aff","pitmanii","poeppigiana","punctata","retinocarpa","rubiginosa","ruiziana","sapindoides","sertulifera","setosa","spectabilis","splendens","stipularis","striata","suaveolens","subcapitata","T18","T21","T29","T50","T51","T82","T85","tenuistipula","thibaudiana","tomentosa","ulei","umbellifera","umbellifera.aff","umbratica","velutina","venusta","vera","virgultosa","vismiifolia","Zygia.mediana"
"acreana",1,0.176287442815966,0.179530185281781,0.253313287957431,0.218930888853256,0.108180801826887,0.272285944628171,0.168627172265222,0.201490150888155,0.108326695295702,0.186149840653459,0.120838115859954,0.13906057340051,0.295368383324035,0.127122087316696,0.19668611760123,0.168770511745208,0.199438839216971,0.145174252429403,0.134198292107095,0.259813225967808,0.205352527746122,0.20984173690762,0.225280193261515,0.253902163468329,0.165371835705463,0.162182720347907,0.140661574513758,0.233542354976358,0.216279432869158,0.120563186248267,0.175881860596496,0.220017654544653,0.183013832526228,0.17332943540139,0.192562136605922,0.139293029007212,0.24960677725025,0.230393340168756,0.224091544118836,0.139569521002219,0.214760449573479,0.140369494985185,0.19203630174729,0.240276283799047,0.179926828253612,0.107124584583147,0.198887847038258,0.154913778443551,0.145446328256355,0.126325756248012,0.19090812457359,0.244505060098794,0.1248191181072,0.124902346335492,0.160358132996456,0.147103804306367,0.137484036569454,0.219234223908428,0.187486831982225,0.235147632147149,0.290339194548004,0.212237244337284,0.242798229119473,0.1946855534567,0.161811580579909,0.144553065934961,0.184437590444956,0.217525168746217,0.233847867280105,0.138084268693822,0.167922887433433,0.257235740435679,0.0974677173865759,0.132063881765488,0.211813482053221,0.123589354539582,0.146679089612342,0.204266143563862,0.206347039729738,0.16807153045943,0.191978100850179,0.151743700264934,0.122472617574524,0.0444261272983929,0.197836834209281,0.227376096154773,0.139145327887771,0.174005149721744,0.217605877719092,0.238739523591208,0.129868856815418,0.096026022957362,0.127866281940757,0.118002561763259,0.138341608336163,0.159063802695762,0.211381138079251
"acrocephala",0.176287442815966,1,0.148570782463897,0.182933720116665,0.219448113375727,0.0850891128431754,0.190466421562278,0.164177212226417,0.160211622381476,0.10486727051665,0.197383044985302,0.148086762609151,0.127312874961448,0.165398346835259,0.292755026962907,0.148350218859975,0.190740264794169,0.226127782163751,0.167498605209021,0.10875731613225,0.184631339374178,0.152589494797858,0.21305215716588,0.168214068154411,0.150764248975294,0.141841357914269,0.143573081719153,0.238783517604671,0.193366929897783,0.155672519020556,0.109744599229364,0.166790380273018,0.236545211702748,0.163874224919103,0.166216578661379,0.185826761696082,0.182376603999655,0.179938171782994,0.215466219005671,0.147589684417655,0.2112251873574,0.201314349270123,0.113922070833235,0.141742541232706,0.158472290937882,0.184108237510634,0.133777851062116,0.167486250826682,0.196625457155832,0.173745738654003,0.204191314444723,0.138436559725633,0.173738124175211,0.273133470290048,0.113376916306181,0.118115585234005,0.27365169047236,0.300753901756382,0.157452206369412,0.185265483647029,0.160797110884676,0.186517472668573,0.154081244796562,0.207655421250799,0.134550528475939,0.240830920812884,0.176260481349304,0.324606523269965,0.15195464154784,0.23338162149795,0.13612404709688,0.200762871317072,0.200264947569528,0.259847030347048,0.198773011015427,0.167757386393999,0.138366206698887,0.135501920753031,0.161396886923513,0.145400017756159,0.126452305290688,0.145219391923462,0.117725714707899,0.183366512963257,0.0403938493689577,0.209234114688909,0.193216010900277,0.0945251756986975,0.167906481893047,0.190728921056521,0.167968495314498,0.172983076161899,0.102292660295288,0.105963637775849,0.129858964513308,0.142853910468438,0.146075060755611,0.273061208905301
"acuminata",0.179530185281781,0.148570782463897,1,0.284177682263118,0.187635300409551,0.0632492726015585,0.176372051864591,0.135502565883066,0.18358143882934,0.0887273249103079,0.158585214246921,0.10812323779223,0.125169564116779,0.222946551517593,0.12557326712953,0.13231986860221,0.127696024313497,0.151729839320107,0.146083251819082,0.116300777699014,0.338268425559317,0.205027989541743,0.173189662095037,0.164875157508671,0.18542441478297,0.150522821836313,0.217691220949492,0.126264313678508,0.252428097045486,0.162723455573351,0.0946491538682335,0.217707331174957,0.177817780391082,0.202046375683514,0.158469691578062,0.28665026585173,0.142429548778439,0.318101399228966,0.24834718779051,0.202436767251206,0.144241933494165,0.170026586161057,0.126264093662373,0.126820826317819,0.208771175960579,0.132666081873101,0.102821055610023,0.410227260107784,0.122493732459006,0.127462153506187,0.10156296134998,0.172616943447061,0.270194522165984,0.096290400201043,0.113057788226348,0.113210482637506,0.135683447226437,0.151465281526999,0.229197226347399,0.187078660332643,0.244244525539932,0.24319943065806,0.238505592195112,0.249768709585237,0.164034545796709,0.185093759117668,0.15077795911125,0.177589834940625,0.129860763986167,0.193530867901962,0.131688956089005,0.173515590110089,0.28553435053937,0.101593007560565,0.110954956202997,0.174677401026708,0.100497468813126,0.144501399353085,0.333442442991291,0.163685973099343,0.143978822285356,0.138608236594344,0.131458884242063,0.114198898527027,0.0393546086055959,0.229446287229283,0.206712065552945,0.078002721991756,0.281592033157174,0.165361893581377,0.367263050714982,0.101963973439335,0.0882921903397419,0.104749356413104,0.0885925262432919,0.149362602115506,0.145967074671431,0.165509890886866
"alata",0.253313287957431,0.182933720116665,0.284177682263118,1,0.29422390451583,0.0858399054104443,0.229386877730226,0.166128650919961,0.225487861670044,0.0995205052622206,0.178259203155039,0.123814660858167,0.153339291862523,0.278894084433274,0.145917598491068,0.187922390675597,0.165619774606261,0.235279241114143,0.150105732626342,0.135800354352653,0.324363714370934,0.219066365717704,0.255606944334164,0.214831271858553,0.215701128588553,0.175868655469553,0.187963729571116,0.16812546191514,0.248990709323099,0.170308333395321,0.14221746342463,0.188300565544681,0.245170871385202,0.193171754450159,0.181007970023769,0.252659401011419,0.18755267396094,0.268146797136116,0.262039939203333,0.254558625956795,0.212367030380294,0.211733168663223,0.146667835050156,0.176990933085847,0.24371296973489,0.173347336122126,0.145528645735433,0.354016761499089,0.129590789387824,0.179228118735419,0.117898758870708,0.159586198385327,0.263816144008147,0.111196137913951,0.107892794450703,0.145871549613772,0.159019268608089,0.174827874946969,0.226151730293546,0.198812904105524,0.239965780494946,0.299056889285558,0.360088721612869,0.296191758411388,0.194878396790135,0.215382761304142,0.134761690901818,0.242665957189007,0.201769283272209,0.257405756207868,0.136139069830219,0.23896465624691,0.270492528922792,0.108596183934705,0.117717923273382,0.215265922994443,0.134313835091163,0.167676534026165,0.289473513291219,0.240261615001728,0.195585379046066,0.191504832487032,0.163242615119057,0.133205164404805,0.0455189881696041,0.225766291909678,0.237904580759712,0.109294666063999,0.239566010962479,0.20517320208308,0.296934055130657,0.118817273764534,0.0815738156612022,0.180178963895305,0.13838802526786,0.130834800360834,0.147998253795013,0.222562470444498
"alba",0.218930888853256,0.219448113375727,0.187635300409551,0.29422390451583,1,0.0949138702666632,0.233987023610976,0.193617454487351,0.255804256342088,0.232684800035528,0.301582249871847,0.254712049244418,0.242301093178324,0.274703749593829,0.143891987050063,0.212665650824331,0.19823656027557,0.217437033094846,0.171532957233435,0.131814011564064,0.241071219772678,0.210940785885223,0.229892908832698,0.226446824849906,0.220824606262366,0.299809589516813,0.178013353117461,0.183639494768022,0.230193159825504,0.189387773785799,0.129403072640456,0.308633734811239,0.285108608593297,0.176321507718708,0.302004082603623,0.219033735413276,0.194186396343619,0.250688872093472,0.243550873480612,0.179225602172713,0.286004027866901,0.226448049487964,0.157715629100047,0.171824689805859,0.21545927999487,0.185360102784237,0.220096068737673,0.244253240078943,0.270910244663478,0.279141284879718,0.159396741839977,0.147789945256876,0.251000017275903,0.125401600488355,0.119344922015976,0.128514691775883,0.165993825465198,0.179157084068251,0.316698417146373,0.18738836650422,0.227621128306348,0.311128502280825,0.234089883882815,0.270692692689425,0.187840961970692,0.198173289177755,0.1614879922987,0.264599041750327,0.17997076451702,0.315372817909833,0.25391920476899,0.234759633122744,0.251854072977416,0.137537413865395,0.168093212935436,0.213222374488307,0.141426514981179,0.160162071494038,0.215103919104977,0.216589769925225,0.170744963101919,0.230647214843238,0.140930986000138,0.145038247017479,0.0495339177814928,0.239468533977154,0.247998698357321,0.107134815503577,0.233308113461055,0.33766830728329,0.239185129691449,0.246148780370727,0.114402216012192,0.145997347213943,0.11855990847266,0.260470726240225,0.172874987151415,0.233548630109663
"aria",0.108180801826887,0.0850891128431754,0.0632492726015585,0.0858399054104443,0.0949138702666632,1,0.121486674232687,0.148174645721868,0.0769795820426745,0.0722780784572068,0.0823840058628339,0.0842606428870846,0.0946312659245335,0.111021420418514,0.0576310754337025,0.0904674139628279,0.102787678081396,0.122920875117315,0.0796220119720179,0.0972705104040807,0.0804281477837563,0.133490678951415,0.122812069437093,0.130839750874054,0.0770756404007487,0.0919931571486217,0.0839258610693056,0.0954724226091905,0.080764391279212,0.106714835537895,0.0857573462707752,0.0558871968662963,0.105388172577096,0.0751559887566841,0.0968404688737728,0.077423884144961,0.0802173407934638,0.0788795124411793,0.102232068550533,0.0687883994628877,0.0685225382947114,0.0997896567088367,0.0877447300307645,0.114099776133399,0.0752616365644229,0.0919147269856008,0.0521612640842067,0.0721118618895041,0.0912560220520919,0.0771455663150766,0.0792218802482249,0.0692649432898993,0.123734253414176,0.0728542028703347,0.081293894059038,0.0918855023057973,0.09831788511828,0.0713710257122471,0.0824238906670917,0.0898428700767034,0.0886935929897122,0.137149849744177,0.0837083252975287,0.0943637965529707,0.0924497832523512,0.0623234027756455,0.11864749129516,0.0791077642511343,0.081816263495701,0.0880465459141405,0.0621308810397634,0.0767798453887259,0.0908906486063107,0.0489049484583696,0.0921321587589618,0.084580334811626,0.0721963967736694,0.089349999281567,0.0711824023720452,0.12232585134212,0.0900282851778999,0.0930253294851738,0.0755032686472518,0.0727434257289327,0.0291180196452954,0.06293559502699,0.114964701340339,0.0625057194345209,0.0909630454877294,0.0966166918556784,0.0821349264876366,0.0642981623522999,0.0720665862479782,0.0712581986304621,0.0718279916243343,0.081976950645194,0.0731637112971823,0.091471347964886
"auristellae",0.272285944628171,0.190466421562278,0.176372051864591,0.229386877730226,0.233987023610976,0.121486674232687,1,0.216065782967418,0.207772276426,0.110416807068497,0.206323377369805,0.140052638751057,0.120502433212132,0.24512875147913,0.148513887954829,0.176447948061649,0.240249201568986,0.17211877957863,0.184051540229348,0.180189227593267,0.216114412445677,0.235780460839041,0.220966902326345,0.257335047497545,0.230710664185879,0.185311728847247,0.214556979183619,0.156195637470901,0.240497485075835,0.218354803283178,0.136001430191951,0.197281697113247,0.218333660328003,0.172776573638412,0.200369433249005,0.202959096142063,0.169995035828966,0.215757192890827,0.220745006706899,0.162700573838632,0.155452944713686,0.221589041304482,0.151466216673722,0.176343788237625,0.231672819133854,0.255526138781835,0.113173877680373,0.186552159980439,0.190318244965081,0.156949728582652,0.126007992054072,0.159684805931312,0.264990032318162,0.127675489520915,0.128656924321634,0.125689766554517,0.185787509940487,0.200085826672466,0.22029716216659,0.240049162877945,0.245686128413423,0.279232001146657,0.288541767581494,0.307846894364105,0.271598046164736,0.164647713399349,0.162033914642312,0.205110184600352,0.178857929729781,0.238576277055014,0.14014773161037,0.18408503940258,0.231014217508611,0.119064238290053,0.1505223430294,0.235276196087092,0.14738335401749,0.13936191846296,0.26852394618386,0.203377195086857,0.224688432109963,0.203211789989381,0.135654331565286,0.177832881195575,0.0518129636391071,0.20670203839423,0.282955241358388,0.112610943581984,0.170715765018231,0.254170619685466,0.223635104143617,0.146359669806078,0.125048150339048,0.20445916873239,0.159162126150359,0.141823563257392,0.13783764807784,0.219915842739242
"bourgonii",0.168627172265222,0.164177212226417,0.135502565883066,0.166128650919961,0.193617454487351,0.148174645721868,0.216065782967418,1,0.141372977768785,0.115801431354295,0.164945267604954,0.140405010472099,0.137471992606506,0.170802740506968,0.111624534017009,0.134065433168414,0.199365721720739,0.152759369302665,0.159845130561607,0.130071280651092,0.182079641630465,0.192679622787682,0.146090000145393,0.219282968484086,0.175966391664747,0.156329105147654,0.152040249842749,0.149164583013613,0.16948821919624,0.174122885130362,0.107623342247874,0.153510003570453,0.192174811711034,0.146126135533474,0.162467023361644,0.171735713935291,0.171218904905422,0.151977322244185,0.210436568683056,0.143647048750763,0.183376945034922,0.177612319283363,0.127979222332031,0.143530486624357,0.211424330979484,0.138389132645672,0.0995397155902533,0.156840415307132,0.175950509880429,0.164688262558357,0.122203730692044,0.128630422081156,0.265223262888914,0.122056230628645,0.102044735945415,0.124471516955592,0.140822220470078,0.190738096902701,0.164278595609138,0.161754237667705,0.159931884132894,0.183873171122919,0.156851122239359,0.206372078587543,0.161658951542444,0.138409144044215,0.288471222860536,0.180874689889664,0.138359979783241,0.197488917085043,0.120662812570623,0.194205935118081,0.168711631596238,0.114848466316522,0.203706193256149,0.187933330189543,0.242777224464572,0.202214709430786,0.154724836411728,0.205577443193687,0.119050553705394,0.155294493268388,0.130138008683654,0.174921053113025,0.068191342279956,0.144893382902344,0.175886511562035,0.0933010134713687,0.180940362240189,0.211590598412425,0.153852696359887,0.155703348908225,0.106935473174704,0.103553127318827,0.110260063289344,0.132351405352816,0.128842105000684,0.194372268949583
"brachyrhachis.aff",0.201490150888155,0.160211622381476,0.18358143882934,0.225487861670044,0.255804256342088,0.0769795820426745,0.207772276426,0.141372977768785,1,0.0941281443282026,0.178942968029556,0.113365329368771,0.121178221235704,0.287606506236192,0.333072906321147,0.251099687842825,0.156421321928749,0.168113109888386,0.15297695784194,0.128002045924574,0.314752559866824,0.193966706598021,0.204386167819176,0.184630886148351,0.17737850984484,0.174972700275817,0.2404921012387,0.135242628762524,0.220353965293703,0.183296090879171,0.113547629007559,0.24719909920338,0.213390099498906,0.167689251611715,0.172620317223772,0.183205088225894,0.140130716131121,0.28336888252984,0.191741897018195,0.214418035192816,0.138526417814217,0.175478878405041,0.133821564453783,0.140371779794487,0.199040652056261,0.157481827259514,0.0975163555852002,0.218823762381966,0.137875128818114,0.132855748505246,0.137629154859546,0.136633952942195,0.312419661035468,0.110944850724696,0.102340180419763,0.123398784728362,0.140151454451855,0.147099958759729,0.277625784641086,0.142020953010835,0.307283968504195,0.282900453709102,0.237466491785017,0.23360817412736,0.152564608610081,0.151191113508038,0.11114401281189,0.175957932574052,0.183949570584262,0.230053908648296,0.137036398225975,0.205397804074189,0.288313873940427,0.100549946963791,0.13652250405182,0.19700012828177,0.138107262058953,0.125603022603491,0.28282314754878,0.22643734938169,0.170510306343003,0.314117402082848,0.129412886490489,0.104096016006083,0.0393779617405623,0.260641730591263,0.194934895324337,0.108811088503192,0.172547156369806,0.172341462133392,0.316483951533868,0.132003881928548,0.0963077311574037,0.108899029397436,0.122094997527,0.125183709614327,0.144751236033919,0.190964872022935
"brachystachys",0.108326695295702,0.10486727051665,0.0887273249103079,0.0995205052622206,0.232684800035528,0.0722780784572068,0.110416807068497,0.115801431354295,0.0941281443282026,1,0.330535974033757,0.291007098110339,0.177199003651614,0.112344122893653,0.0857215373004002,0.107734873897122,0.12185582219755,0.116882302833511,0.109382324901335,0.11592351652689,0.0997835360801773,0.100431880657228,0.105556085163578,0.147101317396175,0.0828982544165072,0.243738994491227,0.093832136207987,0.11741129165838,0.08652201875599,0.12198116842172,0.104343001850984,0.313787438296644,0.108901706498564,0.0744279997278775,0.2940881402446,0.093196130842994,0.085789877307366,0.0847731125378089,0.153615495818214,0.089686736228182,0.330436318699218,0.12308854309754,0.12235968106998,0.105789780978462,0.0940985536751986,0.0925493526091366,0.312134000331705,0.0936239575428805,0.264548594860897,0.240621677445517,0.0858735063908955,0.0656652311505422,0.12711551444144,0.0771416433909104,0.0846420657896421,0.0900333950667786,0.113296203602014,0.0974599822268377,0.374389151976369,0.0919373643949447,0.126723659111125,0.116146549787944,0.111670233079917,0.100775016491462,0.0894452129970332,0.0987485939876071,0.109783066409295,0.117165422203699,0.152117378714744,0.107571744675696,0.26575763318495,0.104271485917161,0.0964648878733681,0.0787795949397261,0.110803683409369,0.111100933878136,0.0689913337500423,0.0797957377727656,0.0841334999904155,0.124465827488765,0.110387418585825,0.143669538753838,0.0874664396304533,0.0949224426645973,0.0364788826649931,0.11212705060669,0.126506421668437,0.079111316090178,0.08674365231395,0.282961828679177,0.114337896019317,0.257221234323684,0.0895131506356291,0.0862164982450562,0.0785497865909486,0.345850940144294,0.0710568438531424,0.108962121499897
"brachystachys.aff",0.186149840653459,0.197383044985302,0.158585214246921,0.178259203155039,0.301582249871847,0.0823840058628339,0.206323377369805,0.164945267604954,0.178942968029556,0.330535974033757,1,0.329318961046008,0.207600758575577,0.180636502830826,0.155275932940196,0.145351016542412,0.164765410216484,0.131468011373271,0.168474475565467,0.134947104302367,0.187112463496442,0.205464887393919,0.157221745517904,0.164261431144083,0.177021954936279,0.374829015953812,0.155669262786899,0.147872478149677,0.210815765961335,0.178700699200725,0.116937745798024,0.399159384105311,0.168765264445952,0.145974394047117,0.402317961664129,0.181579052314258,0.147145162606214,0.198495079157197,0.173874998793472,0.17816027128969,0.377380460478347,0.176964007313024,0.127497682877798,0.127494149369172,0.181178732729069,0.174716626680535,0.317023614577633,0.145078812776101,0.341771625161331,0.324780384108119,0.136461490173295,0.122582598511417,0.205138330644572,0.130538467153159,0.102942187918964,0.10215974463816,0.188656333197668,0.204759571604534,0.315017437578877,0.139760889919421,0.182703035472724,0.218141164335581,0.17975889954698,0.183597751655855,0.14314458640146,0.16146747739134,0.136407072243127,0.227639867254244,0.162558333948105,0.189001333871033,0.316105211166404,0.17416433649541,0.229217199042722,0.150336295076913,0.15860787691605,0.162673717905275,0.136014666661207,0.119459319703946,0.1566915950812,0.145582622717818,0.170570733706707,0.198274595386665,0.131120340755118,0.109273646865519,0.0524202580843254,0.207072088204355,0.184411441690826,0.0914142883582336,0.164525324958,0.342750913016656,0.197796721336453,0.423535701920147,0.0928098445838228,0.0969112914419648,0.137555145514734,0.370353560562987,0.116973525014157,0.20501474904879
"brevialata",0.120838115859954,0.148086762609151,0.10812323779223,0.123814660858167,0.254712049244418,0.0842606428870846,0.140052638751057,0.140405010472099,0.113365329368771,0.291007098110339,0.329318961046008,1,0.191388501733584,0.119664705451841,0.101657325050152,0.103911203879585,0.131419832520269,0.114334073173568,0.131201918373416,0.107657916360369,0.100359599071787,0.110726843591902,0.122195301701103,0.144368407725803,0.127750527250611,0.249651644745699,0.100585903562014,0.142520532207318,0.12171772412852,0.163537985201434,0.103594460868122,0.256167576325561,0.142857818173033,0.103044294751246,0.269827022772526,0.11562308141213,0.136156620055669,0.112987871117131,0.135085177066894,0.106352487868046,0.318007488887719,0.139276388291025,0.11588311603061,0.118141135775184,0.120114519716259,0.108589367931294,0.258033305783682,0.131624509150279,0.316100533590786,0.273642424737254,0.0835036516315306,0.0981041044815112,0.135072343638651,0.0892736611431954,0.0935572536516381,0.122065923409764,0.122065913778784,0.126840712235766,0.228067373060407,0.160153359918226,0.124521063580489,0.134290618688028,0.140271504422452,0.137230948025075,0.107865266091693,0.134492418561629,0.121452715548653,0.170363937941416,0.105184940933851,0.15860703990851,0.243585552879065,0.124784743194886,0.111761079357136,0.103568800125057,0.126189717434059,0.16307767447287,0.0990905879581275,0.107393097838595,0.117224620103104,0.122199565131541,0.100275231917094,0.159342531874096,0.0917584156930562,0.111022328676174,0.0444108881517059,0.179235020284884,0.142500757913749,0.0783879368436303,0.133939922919809,0.292440317638066,0.110446706461588,0.277959567906983,0.0894212761552031,0.0911872890178579,0.0883284668851249,0.280434479323342,0.12120322540909,0.1573433208067
"brevipes",0.13906057340051,0.127312874961448,0.125169564116779,0.153339291862523,0.242301093178324,0.0946312659245335,0.120502433212132,0.137471992606506,0.121178221235704,0.177199003651614,0.207600758575577,0.191388501733584,1,0.155817554087353,0.0963668884816846,0.138421451776495,0.097335694735099,0.178013520894177,0.104674536224489,0.114667896677609,0.182873801294205,0.15022052249201,0.140403462233155,0.123317444794823,0.196148820311643,0.19203061342031,0.103785874836644,0.0989484933023257,0.144338949062374,0.142433106651986,0.137810447647965,0.21277778124968,0.148635486026552,0.115603445517655,0.202936305957115,0.174564607372428,0.0966834332723331,0.135808937158334,0.129472019844754,0.157582398842315,0.267587069685324,0.138401210673959,0.14837093562407,0.119790908503783,0.14356400809489,0.0957624202812984,0.184037782457205,0.122412214829116,0.192714611558108,0.225246170334644,0.0728414345198813,0.193058740041971,0.1223841862124,0.0673733458705183,0.0754600232931334,0.118132989969267,0.105872231842181,0.117469199762466,0.238249780903492,0.113781766330038,0.111911889507366,0.161472348865101,0.144909535564976,0.133456063504154,0.169337051578242,0.0975968619200879,0.108425087384837,0.139366296753201,0.120891679925529,0.136950907365002,0.244570614899869,0.158329600402218,0.162792632186214,0.0829625344774611,0.121831865208129,0.161362816475473,0.114985884757001,0.201700666614041,0.161476434590069,0.188754154493395,0.114114922715905,0.158811847279811,0.105781633457792,0.110566917573091,0.0674217661633887,0.119752195199458,0.169362381956354,0.0756109130974988,0.149316882171079,0.255422703866176,0.15190449703402,0.194476123517499,0.0770624703172775,0.152984303933309,0.10047004318529,0.196240176972997,0.100143692474341,0.120614437237695
"capitata12",0.295368383324035,0.165398346835259,0.222946551517593,0.278894084433274,0.274703749593829,0.111021420418514,0.24512875147913,0.170802740506968,0.287606506236192,0.112344122893653,0.180636502830826,0.119664705451841,0.155817554087353,1,0.160978509330217,0.356501159219795,0.177620543273911,0.192950011549604,0.1559718633363,0.123963505600106,0.314519365207847,0.273801573475014,0.258343559955014,0.219845287116515,0.306661445297054,0.184691653382711,0.180521089784376,0.141267068322291,0.310689131964964,0.177847506585374,0.16398022884548,0.240416445706132,0.201499950703946,0.204479467509398,0.194769147757728,0.218405161620159,0.155802455523065,0.369776100268609,0.245851675486271,0.278687607910077,0.125013560899957,0.224088849710233,0.173306217162916,0.180278919889199,0.270027261297438,0.180708043059019,0.128731601544644,0.27258747893816,0.156639116490268,0.135432605701073,0.13447478460091,0.177086794050955,0.301666307798593,0.111739239605227,0.123634689434933,0.0971890293234747,0.147669000395369,0.151700740436782,0.297392216634903,0.17901279687934,0.257970863647226,0.347201008755017,0.293304485636168,0.263786478668885,0.195426565650539,0.146729098184935,0.134435184852872,0.180317809052265,0.181306081853162,0.218051438663639,0.147926925766043,0.205474295884969,0.358628441629018,0.104451941689763,0.144099487409329,0.204657603497171,0.113505730074271,0.154056372957785,0.307674464098761,0.253292964541862,0.223726863561765,0.172638965569308,0.142350333720911,0.110968674725285,0.0483645939733594,0.209992752908044,0.213233690619873,0.106107003020752,0.219006432650457,0.216077604687133,0.353383521462013,0.132560448966564,0.120695091183679,0.142002205840498,0.0999772274187676,0.140623126710578,0.188572273861095,0.182900194829471
"capitata33",0.127122087316696,0.292755026962907,0.12557326712953,0.145917598491068,0.143891987050063,0.0576310754337025,0.148513887954829,0.111624534017009,0.333072906321147,0.0857215373004002,0.155275932940196,0.101657325050152,0.0963668884816846,0.160978509330217,1,0.102979607072569,0.133111790117069,0.116586484486257,0.11599981811534,0.0849847607637583,0.210653382973324,0.123177874560314,0.140068975761585,0.143333126786879,0.11051658618269,0.110442546705234,0.178110519732423,0.191341167907884,0.166600636565432,0.123486029369201,0.0758569351117384,0.173008937626488,0.172095168586028,0.0995744949303245,0.137019678549353,0.119509393595497,0.116005429765765,0.145767173246583,0.143708188036978,0.155173004870658,0.170144684042161,0.11977315129035,0.0884795707925495,0.118077695321088,0.127475207218308,0.130152082152394,0.101465220830663,0.137124189339027,0.156582425685379,0.117614189285862,0.162705427167897,0.0899073846584877,0.196697457674924,0.237109207014346,0.073906588391808,0.0899585494418466,0.21579163235361,0.272665282328476,0.1804745009948,0.106552223682988,0.150988927976232,0.176717911222814,0.146698260741361,0.162616884281602,0.111906902645316,0.396312246377918,0.11364274003034,0.24461672610191,0.116037112102321,0.13508944739404,0.111865292296503,0.159556573724888,0.189474059365649,0.263942401340802,0.131229456511596,0.114795530500723,0.105994328568218,0.084802594734239,0.180809318496459,0.132626785265062,0.109296542427841,0.112489134920371,0.0872569445595863,0.128130395762248,0.0414051604572022,0.13764846229996,0.137842774438139,0.0728482855870718,0.131300690104673,0.144777139796089,0.190595544034694,0.177878059573022,0.0816714376078444,0.0711175967430264,0.130523941699417,0.107617223523333,0.0848452988580346,0.23330610398595
"capitata35",0.19668611760123,0.148350218859975,0.13231986860221,0.187922390675597,0.212665650824331,0.0904674139628279,0.176447948061649,0.134065433168414,0.251099687842825,0.107734873897122,0.145351016542412,0.103911203879585,0.138421451776495,0.356501159219795,0.102979607072569,1,0.135929795452296,0.179063076382606,0.136293568312577,0.110020492060955,0.176459734395538,0.147604960750584,0.246375548519311,0.172985068509327,0.166367562516087,0.12918042293726,0.112187648632163,0.139486035207914,0.179094864565706,0.166242752446645,0.114847803376731,0.112678485586441,0.18451238726722,0.14828666316529,0.181247389731904,0.127643864920775,0.142780729605589,0.194000578236657,0.209650131506561,0.15166699812507,0.138271368389877,0.17659037249867,0.138606809058476,0.189590209272039,0.157176765880681,0.186606611502942,0.125821882387764,0.133608769362142,0.133515704967244,0.163126856399505,0.132620839220128,0.130540421481952,0.166314281384453,0.0879453372159896,0.120312018234222,0.0948949071713838,0.162112785755766,0.128984533441791,0.138068138778005,0.143643750135668,0.264617132484584,0.193946461940151,0.200619220678105,0.204046200604489,0.149166682754548,0.122119132278156,0.172117245094739,0.157347275398708,0.161946482754514,0.187200336209366,0.110913646875331,0.171011590557827,0.19281131623463,0.0873053539968117,0.133449550352139,0.151867779190635,0.108178548593577,0.194711225370804,0.194577253427115,0.17247547561909,0.140332311301045,0.290571663721736,0.174166439526856,0.140048828270767,0.0382482882865884,0.135329088857857,0.211009612154382,0.126983068383127,0.169174833525612,0.22367218792729,0.226378324828398,0.116882689656029,0.0973985235261976,0.122948325941783,0.106734781407403,0.109053356988679,0.138478889553418,0.185478370784395
"cayennensis",0.168770511745208,0.190740264794169,0.127696024313497,0.165619774606261,0.19823656027557,0.102787678081396,0.240249201568986,0.199365721720739,0.156421321928749,0.12185582219755,0.164765410216484,0.131419832520269,0.097335694735099,0.177620543273911,0.133111790117069,0.135929795452296,1,0.128766685849535,0.14639574473061,0.142738753431908,0.179132420630725,0.169726831300467,0.167692264793497,0.2212448449488,0.158196574346972,0.150984858125982,0.144835175960566,0.167744317361489,0.198266236453255,0.176470443384882,0.114015305177058,0.137545077654956,0.165179429077766,0.112911066972829,0.171628952019169,0.112624300870452,0.128452619716362,0.17881160075999,0.187421437338013,0.15330235206924,0.146126732978732,0.179718683060718,0.141490284879686,0.136704833245152,0.147225685241451,0.162739259888781,0.0900017300338007,0.147154382293092,0.182677323563751,0.156477384459679,0.115513638377346,0.165562568961948,0.201128414313202,0.136861007000507,0.123332582410948,0.0937455406781917,0.164907041417875,0.178983888851354,0.152267930290948,0.267153162739657,0.18347476494413,0.195312818327841,0.156856752528534,0.178194242450947,0.141727081239783,0.157340490717652,0.221026384387072,0.20036560479473,0.145296330585926,0.193454610360299,0.141704098953429,0.184146940429112,0.153682338965648,0.133913318700711,0.181774148540291,0.188022940985455,0.136244070811241,0.126995705648458,0.162429976755699,0.172268614291415,0.142156025977436,0.143764602189251,0.106617904004112,0.13006692578161,0.0460178473188431,0.169399912950941,0.153167079036631,0.0914348066869302,0.133573856290205,0.193033484480606,0.151401797040121,0.154346075421053,0.0886910017390905,0.122408223989656,0.152188636929539,0.167970309542556,0.136034382134471,0.175335074204375
"chartacea",0.199438839216971,0.226127782163751,0.151729839320107,0.235279241114143,0.217437033094846,0.122920875117315,0.17211877957863,0.152759369302665,0.168113109888386,0.116882302833511,0.131468011373271,0.114334073173568,0.178013520894177,0.192950011549604,0.116586484486257,0.179063076382606,0.128766685849535,1,0.118283731181611,0.109795209253333,0.229074785469738,0.167214791306792,0.176853299652872,0.17934227511327,0.169383451371174,0.1315730199407,0.112588916451971,0.142882236003145,0.181905465507187,0.159205561550286,0.102512514711099,0.152477752269738,0.231683784083041,0.15573781315942,0.147373040836798,0.19460773903038,0.154286115685438,0.164352739678759,0.184571172358768,0.14563080948395,0.168387789456866,0.192573190017268,0.122210014845294,0.178009935340276,0.191420500489358,0.127044478640155,0.114075581696627,0.208122857750109,0.137436749459907,0.160135296917849,0.110955182800865,0.165496527489847,0.169467332854516,0.118795455641056,0.0997604407523686,0.139014570347667,0.125838681312491,0.134160153047034,0.173442953977592,0.16047746552629,0.154155384212799,0.236977829928069,0.182567522298271,0.189443778569335,0.365406128685535,0.148513068563015,0.121600140513544,0.194691624898311,0.142652823792799,0.207871678498755,0.267691001547142,0.166674101637092,0.211929357258578,0.108235072990978,0.122460234890606,0.161658596189167,0.133132288486806,0.142160960362644,0.170372308989036,0.165483899763889,0.145524139825799,0.159384763461567,0.118354002664297,0.136363666754239,0.0420650836661102,0.160794531363228,0.243719739840892,0.0988413551939025,0.194531929500121,0.176872175436351,0.184677665267462,0.128203240806118,0.0881588289286205,0.114143072862466,0.0996948698186163,0.137888652150212,0.132775532810644,0.17428461212394
"cinnamomea",0.145174252429403,0.167498605209021,0.146083251819082,0.150105732626342,0.171532957233435,0.0796220119720179,0.184051540229348,0.159845130561607,0.15297695784194,0.109382324901335,0.168474475565467,0.131201918373416,0.104674536224489,0.1559718633363,0.11599981811534,0.136293568312577,0.14639574473061,0.118283731181611,1,0.114428862541112,0.167871273483295,0.156444172791294,0.143664215607448,0.15270855493882,0.138705728295057,0.205193108073241,0.153235716379586,0.143357440200826,0.159080600790882,0.156292688623011,0.0984960722031062,0.157041940080712,0.175247155731377,0.14311895537067,0.145873016881905,0.155488635838931,0.13437160598188,0.162740996452534,0.17035794559757,0.156524760910055,0.1315688904353,0.146387656786551,0.147569185123537,0.109139765365895,0.14588046470011,0.150585420281824,0.0895038431314476,0.134682090904584,0.150556538458854,0.114859044105213,0.13957216591823,0.105109873248213,0.167542733469562,0.101785241301793,0.107763624053606,0.0960108241662516,0.143446860673436,0.132157254814833,0.168252282440769,0.150027943414625,0.173643634723568,0.185393586564645,0.129707794424945,0.165229988395396,0.119104741137409,0.131366876983479,0.115746296003435,0.164732082307721,0.15539992571561,0.16173842762568,0.124634235082091,0.164576284677219,0.161387220944974,0.0996665744063982,0.123945237023403,0.148645759507148,0.0980513897614218,0.129361439266424,0.133375779834334,0.122085637684666,0.145089578456601,0.133188404359972,0.118615996918256,0.121853985593175,0.0408140280130677,0.161238680684476,0.150729344753719,0.083060074540078,0.128623422570648,0.154793742122384,0.169936552971457,0.123350591558092,0.0823835427227604,0.0912632052245865,0.120788113483572,0.11629500222297,0.109896198656037,0.176552936965205
"cocleensis",0.134198292107095,0.10875731613225,0.116300777699014,0.135800354352653,0.131814011564064,0.0972705104040807,0.180189227593267,0.130071280651092,0.128002045924574,0.11592351652689,0.134947104302367,0.107657916360369,0.114667896677609,0.123963505600106,0.0849847607637583,0.110020492060955,0.142738753431908,0.109795209253333,0.114428862541112,1,0.134260011860076,0.179348513984533,0.125577844702046,0.138121562946858,0.128977506157317,0.120996613979338,0.125281446335342,0.112539103683021,0.154320122879329,0.200510635255577,0.156189140947332,0.137270696210393,0.132607464850882,0.109295628853559,0.129750510551813,0.185063120433024,0.11190138469309,0.114964456751588,0.164954011444811,0.154550044896938,0.102686679443796,0.126830806499993,0.186819554560516,0.102746564945298,0.138012403966312,0.127001296376856,0.0727050732873925,0.108040134809247,0.111938391408547,0.125343282170968,0.102298432321441,0.103487932178278,0.146278960632095,0.0771986348585217,0.153899858892383,0.141431564683888,0.12595577711535,0.096423072900797,0.120507260960426,0.101348833914929,0.157566680587055,0.154497333582092,0.152408794876898,0.136500820542931,0.108318066438858,0.102466859649887,0.113751036137162,0.120335579156352,0.140037488573966,0.127238794285323,0.0803158881449779,0.147038394410938,0.170412213469978,0.0796143436102223,0.123431602424498,0.148607934937764,0.11200065431403,0.0985941720618441,0.131614684162577,0.147641477620187,0.176058142282738,0.143318267137843,0.0971266040139372,0.100313572528533,0.0439626273535042,0.110021845352338,0.116300985315029,0.0843974566765256,0.110957834163715,0.145231633471169,0.132873151164601,0.106319093991255,0.0973363993369798,0.112526414054231,0.146324874245491,0.0928971082203937,0.110806519414057,0.129007736033866
"cordatoalata",0.259813225967808,0.184631339374178,0.338268425559317,0.324363714370934,0.241071219772678,0.0804281477837563,0.216114412445677,0.182079641630465,0.314752559866824,0.0997835360801773,0.187112463496442,0.100359599071787,0.182873801294205,0.314519365207847,0.210653382973324,0.176459734395538,0.179132420630725,0.229074785469738,0.167871273483295,0.134260011860076,1,0.244821374487645,0.231237594487948,0.223398715488678,0.249769169174312,0.192086757274675,0.264364907056161,0.159458699717506,0.305813710909057,0.187916846907459,0.142957876592656,0.286420257097279,0.227662964822737,0.219937102122273,0.177706690605396,0.208880373659636,0.140401219559414,0.366620875103891,0.311077486089034,0.273183932831665,0.196477550294501,0.202151376805015,0.159790634254207,0.154693184015819,0.305441108238005,0.179398151410907,0.133322332779126,0.317275511100958,0.153605883302893,0.143924419027593,0.134307864207152,0.203073860913593,0.349390871531106,0.113834147407721,0.107068640414216,0.116987639331939,0.157774001899607,0.187859827686993,0.291477634932112,0.188368744366874,0.304718112378075,0.314298291070038,0.382109178091508,0.323823977826542,0.20588756261672,0.213166645698917,0.125760522263726,0.205696132471913,0.196135466840267,0.222344680632369,0.164024439553819,0.278694351571671,0.394154633303795,0.107194351699192,0.13163875850017,0.222134915301095,0.178377746906828,0.185258943869975,0.368232918691661,0.258374428081401,0.187012681233131,0.193067200869577,0.151634943756389,0.105852063513141,0.0463543577214635,0.202569835814452,0.217456818344873,0.10594505040897,0.198296716558558,0.206447589095343,0.435254454204035,0.156563152398603,0.100299845707425,0.118501864391619,0.115609588146193,0.150683433562031,0.173711208754984,0.200388388572858
"coruscans",0.205352527746122,0.152589494797858,0.205027989541743,0.219066365717704,0.210940785885223,0.133490678951415,0.235780460839041,0.192679622787682,0.193966706598021,0.100431880657228,0.205464887393919,0.110726843591902,0.15022052249201,0.273801573475014,0.123177874560314,0.147604960750584,0.169726831300467,0.167214791306792,0.156444172791294,0.179348513984533,0.244821374487645,1,0.246993850628238,0.185001864447865,0.254046218881511,0.164636929930607,0.153497671753451,0.135004019838978,0.284939162839677,0.222891026192341,0.11888145866915,0.24714725407877,0.158286538520686,0.181109273962953,0.141170123120052,0.261441937324074,0.117032342821665,0.270037435400752,0.207980427151616,0.171818304196268,0.131085189301639,0.214824881299557,0.144707111043544,0.182408771985899,0.241048509220413,0.135060917304619,0.15582742064288,0.189693028210393,0.160716296652622,0.139362064854207,0.154903638431464,0.158245101678558,0.28748617430417,0.116008555843068,0.117047325938549,0.10744627703235,0.118289311022499,0.173279865733714,0.266163758210777,0.155421977544465,0.217472384207698,0.311559956750877,0.255140170302909,0.239092093999444,0.185886212842331,0.113300602346341,0.112071648121048,0.154042451506947,0.143536908697759,0.175795972770056,0.134260412253131,0.154385272141555,0.381455769684767,0.094782587062619,0.116793029188386,0.169376378838496,0.127696979491764,0.1522139276582,0.220861170884363,0.182173669637578,0.239022826635309,0.157615232121625,0.187075104853926,0.101709905553116,0.0539979782683368,0.179513736546654,0.20279994848091,0.0975320967127242,0.200184006127036,0.216388478274201,0.271641676754533,0.126021522175911,0.0869840156284431,0.122226416285697,0.097038258670857,0.138458180777201,0.144720965756782,0.15268073746779
