"","acreana","acrocephala","acuminata","alata","alba","aria","auristellae","bourgonii","brachyrhachis.aff","brachystachys","brachystachys.aff","brevialata","brevipes","capitata12","capitata33","capitata35","cayennensis","chartacea","cinnamomea","cocleensis","cordatoalata","coruscans","cylindrica","edulis","fastuosa","flagelliformis","fosteriana","glomeriflora","goldmanii","gracilifolia","grandiflora","heterophylla","huberi","ingoides","jenmanii","kursarii","LA17","LA41","LA48","lateriflora","laurina","leiocalycina","leiocalycina.aff","lomatophylla","longiflora","longipedunculata","loubryana","M18","M25","M27b","M30","M71","marginata","melinonis","microcoma","multinervis","nobilis","nouragensis","obidensis","oerstediana","paraensis","pezizifera","pezizifera.aff","pitmanii","poeppigiana","punctata","retinocarpa","rubiginosa","ruiziana","sapindoides","sertulifera","setosa","spectabilis","splendens","stipularis","striata","suaveolens","subcapitata","T18","T21","T29","T50","T51","T82","T85","tenuistipula","thibaudiana","tomentosa","ulei","umbellifera","umbellifera.aff","umbratica","velutina","venusta","vera","virgultosa","vismiifolia","Zygia mediana"
"acreana",1,0.240854313604877,0.186435124837443,0.271866483007589,0.242531261778105,0.168732665546237,0.261991524935921,0.242766558522872,0.211348418944613,0.148002125281416,0.180302584668038,0.185403642861282,0.134936576502624,0.25662680793812,0.250941161912033,0.199231802505742,0.235435007140619,0.253346125167512,0.202134040015397,0.188594826425183,0.321503237511864,0.208876749910624,0.28169966439699,0.223229392716942,0.180328043791458,0.130200860781756,0.179800927338405,0.191278425267406,0.1995224883893,0.214017227501596,0.221772998207761,0.180124489832406,0.22633079872748,0.214505342349828,0.232932030275319,0.197079723829337,0.1673059537212,0.159062342732495,0.243525541996434,0.16237723135254,0.189477201655951,0.265256781477909,0.163388500865731,0.206909902514974,0.187877201674457,0.164904373424289,0.148410605003699,0.22563771854817,0.164707147807432,0.228407353002371,0.187355510126548,0.168989040493941,0.207774090397131,0.173263671804757,0.184834393758115,0.22211328121034,0.231247775941663,0.196518648882098,0.187814930820478,0.236698715758118,0.213253040676416,0.223808887866341,0.200214563248889,0.277558129937826,0.245318307403584,0.272844200974827,0.189023476385349,0.259904502914144,0.247625058534412,0.239884832992381,0.185499835828268,0.176585968479788,0.273096477034065,0.150800069009862,0.199582097117969,0.211875242206913,0.174336352561531,0.167090089619861,0.167811310160927,0.271201353724074,0.171745646944072,0.190735015969589,0.178370366068622,0.143024854601261,0.191086651255883,0.19317726248296,0.220419170783037,0.193158618935543,0.189829216498414,0.175331708857656,0.15176665710903,0.119443120637041,0.122688819543192,0.207502654806683,0.189348024074405,0.178701289438923,0.190041883773581,0.243202235567555
"acrocephala",0.240854313604877,1,0.126898329478916,0.273993314264248,0.233704078736233,0.1408580717102,0.19654607787878,0.210449288433971,0.1927321266443,0.131981548102116,0.204009546104535,0.21003592124913,0.205666473011267,0.24984391649905,0.197190307469894,0.217524249329621,0.19599366471918,0.26508868444583,0.133679334547692,0.187261306533103,0.217989346210354,0.212010490676106,0.235183941464038,0.168054558384473,0.151760754485721,0.174172626035029,0.12429971350825,0.233262226530563,0.157244026379268,0.205880143844328,0.172467782946548,0.136759188841929,0.191987777018642,0.168505751524247,0.229239210878755,0.184550188678812,0.152262186845411,0.17796302544441,0.17647207072752,0.0909775552114856,0.2110126574299,0.188738793139993,0.124062459811718,0.188600768817887,0.219712551195761,0.170492695971952,0.102649280152467,0.193964242445304,0.116031244747993,0.130834085918411,0.1680797921344,0.157202629593609,0.261527405770249,0.156177393327824,0.138827737739067,0.165244839627912,0.17291773642806,0.228157175301122,0.171872049425664,0.202909678225722,0.186558186737209,0.176355734135663,0.229322517907853,0.231584054147643,0.185660027576431,0.321046569805504,0.1607336111656,0.228500869443652,0.257656620310926,0.287571929327699,0.148064365415694,0.225763574294752,0.253454427117393,0.139961244098324,0.118359416831992,0.243191127277032,0.131059592499694,0.123296300557677,0.150184151806647,0.255338072360207,0.153381005424175,0.159230598682181,0.171620741738088,0.122220973782518,0.154917141002054,0.152824555552302,0.232967825741119,0.147442411511066,0.12435981614171,0.158610010558489,0.156685892514932,0.124530609627196,0.095332915481897,0.190950046063917,0.173536522603016,0.113098079964173,0.202269361740148,0.218321866150201
"acuminata",0.186435124837443,0.126898329478916,1,0.143428745229687,0.14164257462585,0.171745723871781,0.134044678181105,0.143166741108764,0.113078821385053,0.10028382527398,0.1268675195937,0.114502994902114,0.0910145024783946,0.138243599130169,0.150620001027647,0.14227767458341,0.152842920026706,0.169683932754927,0.14118320693613,0.136158808386667,0.136110862097871,0.126196860787476,0.150801388371545,0.152334134911873,0.134879210133578,0.0782988350042366,0.168240833423681,0.115481946596365,0.113311086046297,0.131322427548939,0.127367378258639,0.145598106304357,0.151318905729469,0.125302383899878,0.0970106062186142,0.124356669442959,0.120828152737368,0.0998828474264523,0.099811645039514,0.0903023277763721,0.120227706069078,0.134249257645491,0.0765164924500596,0.0745556793278157,0.120882283645108,0.110932677592658,0.0790483625949428,0.149614368762505,0.0831050513141948,0.13573141199086,0.0948017836496012,0.10538828090942,0.108719301274702,0.130031176395215,0.119567307815087,0.128612961128788,0.191462042080841,0.111420163500246,0.111620807003519,0.102360347955511,0.162988209217827,0.124454171065804,0.128699362639479,0.175650210683418,0.154859164498994,0.1558006731866,0.133235168036072,0.111420213512618,0.134827590809939,0.141609653283964,0.108849698365378,0.110390788068991,0.18550025958531,0.0828629584989942,0.125904493175171,0.129625452928828,0.11372315660182,0.160138325452508,0.130727136523026,0.148130551281057,0.113748202135165,0.139409075052939,0.11612372169407,0.0799322899420518,0.128990470107153,0.111606235121271,0.144815244541342,0.119749629169185,0.152621312840757,0.132381277701987,0.0980704607910034,0.0988676567747434,0.059618359236815,0.150298800482743,0.132626806182426,0.0998175000218356,0.131947044197076,0.153815976122574
"alata",0.271866483007589,0.273993314264248,0.143428745229687,1,0.273019488263298,0.20026106506906,0.277437867005826,0.218632532664837,0.219648521195459,0.150224041181166,0.237239965272291,0.201952112601112,0.205395445557944,0.243503544106893,0.25993875547141,0.276019139428062,0.242687292283047,0.290107623234936,0.198879169250868,0.230102600289739,0.260319359242107,0.255425889168514,0.207200938640795,0.258524926659894,0.213144620638138,0.166709314063869,0.191414465205806,0.225162614076608,0.18852012205277,0.239785772875682,0.206293399631926,0.185371024650459,0.252568443475355,0.200449928689606,0.196609784191228,0.272923734108925,0.201480039119879,0.190759496831422,0.21592863359172,0.137831113597306,0.222806604744786,0.220881699483377,0.120206651826226,0.130244170673401,0.255430775075492,0.212541280302895,0.134472403838397,0.202197332199059,0.112209507571688,0.170242392255522,0.176852927713937,0.183604503742874,0.224156967613963,0.234618311890244,0.188057798230928,0.221260382972433,0.211284593395159,0.191147191607711,0.165956999617967,0.166000280632648,0.225140944730948,0.247164723064364,0.255653734024025,0.245974649599476,0.236621730105271,0.296701050048485,0.159140360306768,0.215507473864607,0.288136236625214,0.321719518157513,0.186213375815311,0.235477702237495,0.278713877462874,0.1072575326407,0.153369478389514,0.336547571849092,0.163350890196084,0.138877984174696,0.17861186798435,0.280939624432669,0.2381754088235,0.210171754311881,0.220477448326631,0.133836396384023,0.17776018443756,0.195954754407277,0.286883660643202,0.205327208599865,0.183158092440281,0.19867939147183,0.145956671487036,0.112511978188614,0.0891756657001119,0.216684123610951,0.206208171650555,0.120859633988731,0.227848579540373,0.25097451563877
"alba",0.242531261778105,0.233704078736233,0.14164257462585,0.273019488263298,1,0.157030034654909,0.231975101800982,0.227835349341013,0.195379010193844,0.26360854131684,0.311074282405613,0.28578450921997,0.275326679902389,0.246490829233833,0.198747183278097,0.234568982592318,0.243707343681674,0.280707133048096,0.165966007770658,0.197617625997618,0.224549383466708,0.222719154704975,0.204391795663598,0.224340171329193,0.192749026378264,0.245599957503112,0.166397954282777,0.225355502647639,0.19016139773563,0.22695394510836,0.259922530789032,0.305669402946536,0.284172465402304,0.209838961868814,0.284174521310648,0.232155364682573,0.191243595465721,0.1947215154188,0.194497708006738,0.153933409398749,0.339922317002865,0.171843719829819,0.122046817565196,0.173126318793679,0.261602819484013,0.207636486455144,0.223480644527605,0.211345539793923,0.236174431174033,0.268306991273395,0.153266854662211,0.189087758882112,0.202734105419008,0.195177304322908,0.160119106617069,0.205838805211032,0.233439049786559,0.195223379215448,0.275271596544108,0.185068845825782,0.239581143065141,0.235156253175737,0.233886000099122,0.287850215831611,0.263075103248579,0.287940464396674,0.166684223919466,0.272747109188859,0.264501593215072,0.29115486489857,0.289034940628348,0.22380022840484,0.25938809200902,0.124597689693863,0.140888706376685,0.253136003207192,0.16835898340204,0.132869411413339,0.210645016281441,0.272336981679755,0.22086498722927,0.263124416424851,0.182436416852749,0.136767922990339,0.173050229028608,0.191692877116629,0.237269332069183,0.201560713989938,0.213209861754425,0.270976186039231,0.113490188266425,0.232289668756662,0.0951509008677392,0.213747009889537,0.21430680761734,0.267270107425289,0.231307443822368,0.231976315753922
"aria",0.168732665546237,0.1408580717102,0.171745723871781,0.20026106506906,0.157030034654909,1,0.179645857022211,0.108807801547629,0.218587125947983,0.115178205655298,0.233048226075514,0.115175715589306,0.145133237830728,0.140439912998904,0.186989384398157,0.137281764498777,0.187772005865504,0.267080383272524,0.153143387225602,0.211894475356713,0.134834529905858,0.139182812140511,0.144408672538959,0.249526320235052,0.345342287277911,0.100491893287121,0.129638363357436,0.299727277115427,0.145795671698612,0.185129705665872,0.137511884654579,0.119014055072115,0.157273866889059,0.189025915405995,0.101491903875923,0.215349058052643,0.175983281240999,0.177185790107081,0.317201524423586,0.0871430508996061,0.250981651490164,0.107388506686707,0.066695117545358,0.0686392350194952,0.220211850494365,0.179225860166868,0.092948143586367,0.166748942332798,0.0782037388338631,0.133577674939248,0.0982518737932495,0.160541457732265,0.115666711543423,0.145000575238205,0.150347366847785,0.178734254035197,0.181993803509758,0.0918803214977607,0.118951680634282,0.147751114738873,0.148056129200166,0.250078487277415,0.175722199559009,0.166629417357094,0.132815961707984,0.172748527456668,0.12102122123047,0.111156475169686,0.186121620224596,0.157801771864138,0.112788437610136,0.189140064646673,0.215529862632346,0.072922209062314,0.116865747201455,0.183671889383907,0.144795201662143,0.11339859569342,0.231647019086577,0.14595043705665,0.292653669394349,0.166108273314117,0.158538649418793,0.137114069798904,0.178810037492359,0.171324483276491,0.162771777331145,0.167865416201814,0.115778291610714,0.170249374793792,0.104144366060291,0.0728022009836664,0.081066491546979,0.215285582983325,0.128674009681896,0.130086822085142,0.186844465976216,0.179216962764929
"auristellae",0.261991524935921,0.19654607787878,0.134044678181105,0.277437867005826,0.231975101800982,0.179645857022211,1,0.202574928244642,0.19252694996736,0.169081945356722,0.182405050677302,0.16481974520773,0.131528518948103,0.225433451959476,0.208734156331971,0.206330586779686,0.216881142276611,0.220478635487891,0.190429077009919,0.178333041784957,0.229723427988548,0.197091282141729,0.247618091857346,0.238693280922717,0.174607034481949,0.110638012413006,0.183303678941974,0.199704885042934,0.156967219139136,0.212415533048605,0.215576953197561,0.149099487127442,0.263473134036245,0.200839130232924,0.203248953380237,0.180605599824628,0.16002871922925,0.156929688484092,0.177525699749689,0.126642123328758,0.194712411397564,0.217444772943106,0.135412843199657,0.124161477433403,0.198269801791918,0.16704472339099,0.13470547237554,0.193398630214561,0.111370761628093,0.166566935647046,0.131316020365692,0.16879857835376,0.168070154328496,0.172591086960451,0.171054590009576,0.186973547228213,0.210078350831286,0.17817556429183,0.155945020400623,0.175763777434517,0.206507678559791,0.22465993024026,0.180237902844512,0.242060687518275,0.223360166320353,0.272547577419238,0.149112395770907,0.278788547588226,0.234576233616675,0.224108430634593,0.168989694678282,0.162823947867731,0.243238760627687,0.128005248665727,0.160162208363713,0.218369648898905,0.164700559829489,0.249060561761992,0.172259833005304,0.257233426704575,0.205868388157452,0.168594753253934,0.17610336788926,0.107684376974383,0.164414260125916,0.177822624249614,0.248853828474115,0.176419340589132,0.176474602547077,0.202895749110458,0.133378956061012,0.114591084034347,0.0870223177813926,0.188974927933542,0.184605817547136,0.135300234861467,0.175488639078466,0.384347565888159
"bourgonii",0.242766558522872,0.210449288433971,0.143166741108764,0.218632532664837,0.227835349341013,0.108807801547629,0.202574928244642,1,0.182604254211678,0.154276923632506,0.148183279597719,0.152323734306744,0.115014615941509,0.250243143439551,0.202853010532576,0.188107236634659,0.193925528473176,0.180237519420061,0.217633404078423,0.193316111781191,0.222853008531215,0.190246001026153,0.200362541120754,0.160277405422368,0.135446250196875,0.108636004735457,0.212918753197813,0.143265833703897,0.242267377074921,0.167577951072259,0.248624685688284,0.168390007090009,0.20359228489127,0.198768456645925,0.183899207186162,0.17583109751811,0.140401817330833,0.142311524605778,0.173474600749246,0.138691952228113,0.144602088291738,0.213692835974636,0.138758916098718,0.183010542192893,0.155640068655637,0.131985901203456,0.116726125956357,0.18263051469285,0.127374867131663,0.175879323426377,0.157781859183949,0.168889229246149,0.160452006863193,0.133714031153721,0.145071690469585,0.161028748010121,0.19934329410492,0.172977981921862,0.185379705907182,0.19546836996412,0.191391735261523,0.19477726230961,0.161810260954908,0.263029838774928,0.362344863793691,0.255811517396899,0.161922016868006,0.192040498111748,0.26123648718695,0.230595698995966,0.158618959077791,0.143039652657308,0.240265096563526,0.177366638624668,0.149351834288238,0.194205112704696,0.146287421560776,0.111754727527343,0.178896736599664,0.256181088986507,0.1533823316644,0.182447346214843,0.157598539625259,0.139595637826757,0.167245343154067,0.151976057113949,0.174255688798263,0.171213199376009,0.152985834513695,0.15074125618703,0.135244261169822,0.12989066045378,0.10095939185864,0.180169571536628,0.167280358670864,0.153296134128418,0.17373983372135,0.187989238100278
"brachyrhachis.aff",0.211348418944613,0.1927321266443,0.113078821385053,0.219648521195459,0.195379010193844,0.218587125947983,0.19252694996736,0.182604254211678,1,0.128581551220371,0.193708535840315,0.134730842648394,0.159559517867298,0.254682933699003,0.237286342333168,0.185359812150813,0.249234547694643,0.204142260441138,0.215064430175395,0.258785134775011,0.19521422794238,0.187119861169241,0.197074537921031,0.267526468265435,0.247918332196311,0.117548630089513,0.153325425887545,0.236815463770293,0.134886094880181,0.295287298211572,0.211158231697028,0.160341264915199,0.251769551114077,0.245995814587294,0.125482606556083,0.194245138629953,0.194528901928641,0.18346902678692,0.17814394612569,0.131137617182659,0.196357017671164,0.159960745630765,0.0831172178291374,0.10286566994871,0.189536711859963,0.210203591190851,0.127946375481149,0.29439871692541,0.111197249615433,0.182542124387085,0.106913535768031,0.194307987866763,0.14633770068655,0.17469967184029,0.169502714102583,0.230821024860245,0.20872670288766,0.129172466443833,0.1430799106473,0.175579179540863,0.195996895570068,0.289156950125107,0.199680128450432,0.225920818689729,0.186583231602469,0.25200366231942,0.18078489575295,0.145085183959424,0.211160015316397,0.194609952335539,0.15126135371542,0.344817402713775,0.24323242932037,0.103877770532643,0.174271618751078,0.272232769111825,0.203849266021203,0.176075521051,0.188499268388884,0.225829672892317,0.218995654639971,0.210722713041576,0.21414979212673,0.11769388544476,0.332567444363094,0.206927578495719,0.188531431920349,0.251984124199576,0.141314745061821,0.153804264142767,0.156357569773693,0.106358613566087,0.0975918606492012,0.240881957559512,0.158599058618038,0.135866635483417,0.215975842074078,0.238589762189111
"brachystachys",0.148002125281416,0.131981548102116,0.10028382527398,0.150224041181166,0.26360854131684,0.115178205655298,0.169081945356722,0.154276923632506,0.128581551220371,1,0.315597301748412,0.281561452589126,0.196399999856504,0.158851943322459,0.142290742322632,0.136350938979266,0.153618085628894,0.162538986484693,0.133730203748531,0.146102015660231,0.131246989441996,0.137137760781293,0.141401454918741,0.141281137088428,0.140920997932902,0.237555935751489,0.146797588970559,0.130215924512647,0.124053070067302,0.133242658220978,0.13123641034428,0.37520255587636,0.160685090694917,0.146025049213468,0.294697223453389,0.130813773718771,0.113570955191337,0.118146026666834,0.115462553163798,0.0990896144252706,0.338117786609466,0.108402796280396,0.0735176119258215,0.0747457820600944,0.129003267671396,0.114086286800069,0.320554368715743,0.117721241363394,0.228211012790869,0.284970630445822,0.0820361216179496,0.124997144287056,0.110323915823083,0.125844742777132,0.115753110113327,0.124568587028165,0.149378654085166,0.127613971925082,0.230755548943575,0.0974004361935566,0.133531931313452,0.152497360281744,0.122529146608155,0.136798796182678,0.134446257330372,0.1426273931696,0.115115647875691,0.129970727949397,0.163241284084553,0.150874053994809,0.304523774141956,0.106917313481303,0.136192834221146,0.0949635204751617,0.112746744383509,0.131629839697912,0.113668635815863,0.103272560563275,0.145464749579044,0.148717262332668,0.162933752052542,0.160291426146703,0.132847397681417,0.085308371399586,0.12239061921478,0.120834189271899,0.140951413193393,0.123047589545191,0.133094138862369,0.260854510146671,0.110305120886751,0.267431016653369,0.0667904176863083,0.144117084629849,0.122401104899768,0.343594466872724,0.136986024500779,0.146794961952711
"brachystachys.aff",0.180302584668038,0.204009546104535,0.1268675195937,0.237239965272291,0.311074282405613,0.233048226075514,0.182405050677302,0.148183279597719,0.193708535840315,0.315597301748412,1,0.344549513239059,0.366110403513188,0.156462630666851,0.190746365988178,0.229517929445014,0.259665994746821,0.435276020867886,0.154026524195849,0.208862387032103,0.17790069710563,0.17963421233282,0.134568987304972,0.194531319462706,0.201465915477564,0.374289384658084,0.160027358927049,0.582743469831884,0.244117800747139,0.276825366965345,0.197344863148257,0.35946375515952,0.174005103159546,0.294914856724765,0.311397660241127,0.329313583196266,0.370899064698054,0.227875700718421,0.225994612489852,0.118771514952037,0.67019061036357,0.176691704509308,0.0641018965515384,0.059845946925829,0.29391471247615,0.268165475314227,0.295912867532146,0.146093367200825,0.246790173612305,0.345334705183878,0.120287595682019,0.232146796153236,0.177237590745273,0.18786860791231,0.156019133300828,0.17201796474187,0.197648241854466,0.123473616783415,0.247854031103637,0.126376874154374,0.177519563942666,0.198905031820344,0.299163880946237,0.300158902759123,0.199450255449881,0.254131885625298,0.156221973200734,0.130458040800129,0.266655508557731,0.29912210435622,0.332535781122457,0.373866711236754,0.386014500382754,0.0534046634082002,0.133327485125698,0.25938406697073,0.212424110635134,0.132040354285814,0.136115091808101,0.229416685123536,0.210278293615277,0.263711149789694,0.25193116891561,0.104060619073743,0.205021581969764,0.293268931057331,0.37207341418687,0.230805850023621,0.152488224258303,0.254467383312649,0.115101882018823,0.264707184700286,0.0658044351649554,0.270732957107727,0.193165675989706,0.310335178600796,0.410315412255354,0.180905737481608
"brevialata",0.185403642861282,0.21003592124913,0.114502994902114,0.201952112601112,0.28578450921997,0.115175715589306,0.16481974520773,0.152323734306744,0.134730842648394,0.281561452589126,0.344549513239059,1,0.237862637153941,0.161824269167024,0.163487733777248,0.199276553891135,0.20592954163103,0.211097280323397,0.135254102675249,0.148160371953389,0.167510664317026,0.184987399464674,0.144838254468892,0.159790504473886,0.123500466311054,0.317903622159473,0.132796939066904,0.182318007341387,0.149493149328101,0.195664011668654,0.16945510929734,0.291978806271387,0.162979538743346,0.17264157132828,0.288722839202793,0.160965627315776,0.156777552315569,0.147183416141232,0.15199987066891,0.109823820321707,0.357160817974519,0.114237443971052,0.083550650754921,0.0868502060767719,0.158169688103008,0.161805541982832,0.254815807183724,0.128090050200436,0.247379771325094,0.284986162562091,0.149045083072531,0.156178743589565,0.188037364046015,0.136820123992452,0.127696770994829,0.134562472622636,0.161442547439584,0.192093272259438,0.264004842433108,0.148002374294737,0.148644246000454,0.148106513747985,0.174769478766386,0.176355012994417,0.151473476874517,0.208424716450301,0.174052363206093,0.150188801422212,0.189745130170079,0.205738899337775,0.291509192683108,0.188751363588852,0.217828365678204,0.0807204104750476,0.116357682266015,0.218979562167653,0.128873462793402,0.0935929430740788,0.158096087116239,0.18924245667424,0.132822592414602,0.18628440046497,0.156179775687434,0.116540996968623,0.149904445324782,0.173597037823502,0.198428050052027,0.145451456471157,0.118317610254398,0.229365135841001,0.10720065988118,0.288758789860907,0.0701122927419005,0.150098869268963,0.158399774412226,0.274205672722953,0.209433692184736,0.175196601176616
"brevipes",0.134936576502624,0.205666473011267,0.0910145024783946,0.205395445557944,0.275326679902389,0.145133237830728,0.131528518948103,0.115014615941509,0.159559517867298,0.196399999856504,0.366110403513188,0.237862637153941,1,0.126819052967289,0.171217156339746,0.177455053902124,0.193124083185686,0.332393457882707,0.165123068968275,0.178332023062454,0.107850841929084,0.16826922579789,0.111427107401058,0.137797393433372,0.139067492092427,0.274790703683371,0.102870141709584,0.295199637171825,0.131189686878294,0.21262451221989,0.161265189318738,0.200511138651836,0.153893073237268,0.192959219063162,0.181335383446118,0.178199328608754,0.176615109609175,0.156987807563087,0.116011199176457,0.128482732551719,0.3457529682402,0.0908601451435491,0.0435337035660089,0.054241397362634,0.424382339068624,0.179767812636791,0.168580538328549,0.103185826426344,0.156419670389673,0.209281055663662,0.0795081404041188,0.292490038333784,0.172337468378486,0.178953838508733,0.108531612107034,0.121796678966543,0.138593550372012,0.114342200779363,0.200119923775766,0.0828325434383679,0.138381644868946,0.139222962407987,0.366318011758144,0.175526403300546,0.137978396373361,0.175507996605714,0.103418639029656,0.0963189171510043,0.178534934191301,0.261223903318408,0.313192640813651,0.31075417543424,0.221784423366851,0.0475128894609657,0.119290464897697,0.239718388988804,0.148094315667538,0.0810927941731088,0.174059224008817,0.188504673384236,0.232421606450364,0.255451922251326,0.19337475533146,0.0632179604787847,0.126031461875794,0.186015471450061,0.313988353599864,0.145305047571214,0.10667047988325,0.22945875544347,0.102687995843623,0.175412485265193,0.0566219690925169,0.189068289434546,0.164707484301564,0.193696271913014,0.258293045428746,0.178024021487307
"capitata12",0.25662680793812,0.24984391649905,0.138243599130169,0.243503544106893,0.246490829233833,0.140439912998904,0.225433451959476,0.250243143439551,0.254682933699003,0.158851943322459,0.156462630666851,0.161824269167024,0.126819052967289,1,0.218184705783775,0.218315924383361,0.239020717825108,0.21088212409556,0.17079991608472,0.196900117780307,0.209123773233596,0.227965841063435,0.229219781623231,0.238071104334402,0.203322058443643,0.1241839670183,0.145336256961248,0.179923759695446,0.131094047241949,0.223822746794205,0.187219330475146,0.147617074504071,0.249058864757503,0.204182678641997,0.18541592328372,0.171861504592421,0.14397747513848,0.168548611352712,0.17540416697807,0.119586842268574,0.186843612289624,0.207814144927651,0.116286579788785,0.156932152438047,0.164967912629729,0.176722307971047,0.135683297720543,0.273411632224107,0.129266529843342,0.150264442951414,0.153409713652365,0.190389728459041,0.171130933971137,0.195334659898677,0.163886913555531,0.197093628188646,0.18950839516857,0.170946724962017,0.174230184456136,0.199491351839847,0.222858277369409,0.237333325565456,0.199921463983784,0.249158421355151,0.271546122530814,0.284839517433264,0.190328908297414,0.211947870392674,0.212160111758725,0.21921753065878,0.162553844428712,0.218656662384632,0.228344387865718,0.141778836650514,0.18873600741321,0.193127451501569,0.158949881835574,0.157431404231134,0.182394222490431,0.258197519481744,0.176155844978857,0.196132617723473,0.155740652498907,0.122531294599947,0.207821298176253,0.158197660905156,0.21744727908255,0.168608826987456,0.151014989343363,0.16634825592331,0.148855493752755,0.11486306235,0.106951041118356,0.165523792688059,0.212396442494437,0.143274580674239,0.187654800042291,0.258127671988997
"capitata33",0.250941161912033,0.197190307469894,0.150620001027647,0.25993875547141,0.198747183278097,0.186989384398157,0.208734156331971,0.202853010532576,0.237286342333168,0.142290742322632,0.190746365988178,0.163487733777248,0.171217156339746,0.218184705783775,1,0.215594170952735,0.239366513616131,0.23259001089878,0.206730602818045,0.250271644628581,0.205100562194552,0.215944297789304,0.24737463806634,0.246358100037059,0.207553100118261,0.135723281552969,0.198694198708293,0.190489846731928,0.148821812447558,0.287069182688626,0.267417557917466,0.172754219850916,0.251033040107298,0.209351355433748,0.141632739854438,0.166931564957645,0.225003160147471,0.204212273394392,0.152686242062156,0.135747846730615,0.188551351552951,0.167905809330062,0.0737530222394342,0.0922029575756846,0.209532997056588,0.186139837634975,0.123754659146456,0.196087136356521,0.104121373653139,0.286289185584862,0.130876765772067,0.170470984146458,0.172417708025807,0.219198337148158,0.166592979890195,0.211910618297651,0.211305802422516,0.159454238409232,0.155786155047205,0.141331064002814,0.272291096554117,0.246891609012141,0.189179186763413,0.234156682228247,0.204357499804748,0.245186369222316,0.170357327365476,0.153217635401866,0.23650645357249,0.223743996112929,0.186066685469804,0.233802890341025,0.215863829772696,0.109672394115361,0.167624422904274,0.264002633567297,0.166560695894384,0.163547729283381,0.209995384432227,0.283801495814882,0.22480879237055,0.222556720533137,0.246537703907028,0.110911701667056,0.190855150067377,0.165534832757748,0.219973332693447,0.227281037199791,0.173306228334194,0.202181842746287,0.163859055268712,0.127946812239163,0.0784032628736746,0.219664951512367,0.242330003535299,0.132788390528187,0.232015415537587,0.196010920957259
"capitata35",0.199231802505742,0.217524249329621,0.14227767458341,0.276019139428062,0.234568982592318,0.137281764498777,0.206330586779686,0.188107236634659,0.185359812150813,0.136350938979266,0.229517929445014,0.199276553891135,0.177455053902124,0.218315924383361,0.215594170952735,1,0.264878742863676,0.264316946220986,0.189509991264088,0.196810439797708,0.218733319754784,0.256046424642352,0.174196433538926,0.210469473601176,0.187988569013268,0.176732289872134,0.159139296528948,0.217600409542095,0.190153589964711,0.250516040254892,0.217898392339894,0.189194507684202,0.233133193616611,0.22305400449555,0.181605026699975,0.198903611466588,0.19424480158958,0.201454775569216,0.14155777425559,0.151779346217274,0.216470988964686,0.178927206365345,0.0785965495210197,0.104668958644366,0.214819707596565,0.214176147372966,0.119753890825934,0.208389215945238,0.101296813971445,0.153178338106869,0.143921085277799,0.205538139896012,0.201915885087959,0.197133150291198,0.194157113046924,0.197389457026024,0.217053155529057,0.167346959115188,0.164081137431843,0.134620472145165,0.219331797137413,0.20872330227423,0.250235217070036,0.247058126346803,0.203234852134758,0.256020378088141,0.150517984003289,0.163267954483111,0.26083097027754,0.23235369214801,0.166259300784166,0.239235364903381,0.2706974889413,0.0804889007808957,0.174016425005577,0.278910576938759,0.184757179087939,0.111571471432444,0.184208960480368,0.286700535312883,0.199789676072264,0.194439737822589,0.228216732704102,0.0965242840092175,0.165309915049389,0.195025713126776,0.297310987523349,0.214525618777228,0.180069937510448,0.156743126943098,0.128472348710377,0.124222187403355,0.112119383519744,0.191098115910061,0.324939996472004,0.134016488588671,0.27851798177554,0.205195118519472
"cayennensis",0.235435007140619,0.19599366471918,0.152842920026706,0.242687292283047,0.243707343681674,0.187772005865504,0.216881142276611,0.193925528473176,0.249234547694643,0.153618085628894,0.259665994746821,0.20592954163103,0.193124083185686,0.239020717825108,0.239366513616131,0.264878742863676,1,0.301590799882136,0.199295043259567,0.196913596766414,0.22183875579933,0.257775282657411,0.190675963110998,0.273884219378437,0.20356410679996,0.178726265750171,0.155015272639247,0.282008830997833,0.201212245850386,0.332847401697791,0.214254826677515,0.200578464296782,0.24564855470591,0.324202957813975,0.144984074061296,0.239421196651007,0.223246723811306,0.246848464559945,0.163623860745603,0.135947367091167,0.26715469438955,0.191826035770513,0.080201845382711,0.091508172971973,0.245457507025188,0.261105042331883,0.12881464731389,0.235340159411857,0.131731864234932,0.180289080043991,0.153335311933954,0.253025629661009,0.179269704143248,0.225171638568013,0.17278581396219,0.234038457615714,0.27935766837983,0.134153796489632,0.189243960247423,0.16226931253028,0.221461324568918,0.28252498837743,0.280747044610683,0.282203807440979,0.22846199316346,0.271737771549845,0.163061587169032,0.172196027233474,0.27912768146129,0.228989699062582,0.17146298402165,0.265259345839235,0.289674887008269,0.0776355963732608,0.224304504073638,0.284396819164678,0.20359204905869,0.142328641805796,0.237250839637017,0.23342472798493,0.222145501833237,0.250207448605724,0.228364520421149,0.112457594802671,0.204367259448242,0.280616307122259,0.283802701426591,0.243226133216574,0.188273209724224,0.140484766827997,0.157668941405265,0.214653982622381,0.105875066834304,0.259868472494109,0.236652404124198,0.13870954203962,0.307497490395049,0.252912394471309
"chartacea",0.253346125167512,0.26508868444583,0.169683932754927,0.290107623234936,0.280707133048096,0.267080383272524,0.220478635487891,0.180237519420061,0.204142260441138,0.162538986484693,0.435276020867886,0.211097280323397,0.332393457882707,0.21088212409556,0.23259001089878,0.264316946220986,0.301590799882136,1,0.180461823973122,0.210387355945786,0.206387109075502,0.22015381671612,0.189970366953262,0.273356684529313,0.234155079407286,0.222597585111681,0.182002083302787,0.45263197283929,0.305345475452004,0.296351707076921,0.222422202241631,0.176344523566999,0.24518724926336,0.336880467596042,0.144974437908274,0.349326793061582,0.334083919181577,0.245292935664792,0.250599357463147,0.162640604238282,0.403079891939402,0.172197706575745,0.0901080001565031,0.0968088053537981,0.338914089565218,0.260074356051075,0.131258265069438,0.190892930010409,0.105507265048924,0.178225989524484,0.137309842215467,0.303107806310833,0.217655429330113,0.208147602196555,0.183511800890163,0.231937399303948,0.2638745748724,0.144720075715416,0.150450471428977,0.160161444781687,0.236572611001972,0.264203362111337,0.344724202179261,0.350568197997978,0.237548533162859,0.296521018397955,0.159357317007853,0.187382464051333,0.33104790548023,0.310584122080475,0.199638434160177,0.352348547878236,0.408581743913743,0.0832808624956479,0.157451363880537,0.316557137103403,0.227049296275657,0.165293452967296,0.183272881062065,0.246275536991622,0.247116591890382,0.299526690473122,0.240795265750643,0.117636955402583,0.208694432857947,0.311970192114359,0.368579976971038,0.224487135146862,0.195888955664549,0.181428833863169,0.12855186145925,0.117635392440687,0.104472213559371,0.317225616377082,0.234527965435142,0.130279927803967,0.387892394333921,0.256471570249622
"cinnamomea",0.202134040015397,0.133679334547692,0.14118320693613,0.198879169250868,0.165966007770658,0.153143387225602,0.190429077009919,0.217633404078423,0.215064430175395,0.133730203748531,0.154026524195849,0.135254102675249,0.165123068968275,0.17079991608472,0.206730602818045,0.189509991264088,0.199295043259567,0.180461823973122,1,0.225271824558562,0.197275469930401,0.213170218175095,0.161504251270104,0.171129038598893,0.175787604613012,0.092526731259798,0.211647244900458,0.177807890081925,0.125579212938742,0.192517562177806,0.210458302545864,0.149674920007129,0.174297792440497,0.232964199657274,0.107800397104698,0.150431309826872,0.161270245492802,0.1682319199475,0.108055188921582,0.120947365335751,0.15493115919273,0.159742549421386,0.0709179495835723,0.0843754883741941,0.172008967959762,0.145061334045792,0.110161881035116,0.148746140990171,0.103309319278879,0.189763858630587,0.111994121412521,0.181731008052683,0.127563267858491,0.213594001126629,0.126154284134205,0.159427185777835,0.197965770330532,0.136879045905192,0.154733691533439,0.130621802602253,0.184734091555332,0.185182735158266,0.139272075878557,0.183039170462247,0.203823273316918,0.205260030602513,0.151384084476965,0.148916346081915,0.188387230245168,0.163661978755149,0.168863595966071,0.164172695673816,0.232544966955624,0.0758318450810466,0.193429626527477,0.218897336994251,0.190472496459463,0.119300682784639,0.148975264365237,0.198626514801332,0.156360064664519,0.212151574800413,0.213613716170837,0.0744441473973476,0.181388846831497,0.191612188231926,0.166827480424429,0.224021934531612,0.17842433309405,0.171971200315868,0.153451741690992,0.119970198474591,0.0711279144906331,0.184968091930335,0.163978644599373,0.124472418619903,0.216447065719466,0.159661275972279
"cocleensis",0.188594826425183,0.187261306533103,0.136158808386667,0.230102600289739,0.197617625997618,0.211894475356713,0.178333041784957,0.193316111781191,0.258785134775011,0.146102015660231,0.208862387032103,0.148160371953389,0.178332023062454,0.196900117780307,0.250271644628581,0.196810439797708,0.196913596766414,0.210387355945786,0.225271824558562,1,0.183820751024239,0.191196770387306,0.181157700565133,0.218263897522048,0.219867285215121,0.128094151889627,0.196002954618448,0.201405043393319,0.13982064885925,0.240906668805704,0.215319066939711,0.141043201728884,0.198384243541509,0.212124181016013,0.107931170046591,0.185925499200527,0.177399729880757,0.227753258044823,0.155024936028441,0.104599974303574,0.202498490868878,0.138310443049496,0.0684840815185517,0.0871006692639076,0.188577325637937,0.167661868922025,0.0997087972827373,0.161595212030827,0.094831278636826,0.165014273800489,0.12243660454049,0.200047866334824,0.215080096302768,0.20887966463802,0.163967004724647,0.194589420121411,0.180861591256167,0.1522648073665,0.135512524102242,0.136979176046809,0.195284632080735,0.25753666695711,0.16995899919124,0.188151916340285,0.20275893271969,0.220451584450327,0.141397117229132,0.14178617969898,0.222775948699156,0.185945683430742,0.145109309813494,0.219458097161037,0.213065827438935,0.0780531947352944,0.165308265531198,0.269924425589541,0.176465590985461,0.126354840597392,0.19081025351419,0.225507267393171,0.261580930818027,0.224719162087263,0.24635958416679,0.0959182430140565,0.203587619148855,0.184620997629775,0.200472652968449,0.246790786182016,0.150747001883118,0.26179995179258,0.144489827718188,0.105127727039726,0.0734331910024786,0.258867543406309,0.177467795390414,0.127959546774967,0.226973985401405,0.183190711187948
"cordatoalata",0.321503237511864,0.217989346210354,0.136110862097871,0.260319359242107,0.224549383466708,0.134834529905858,0.229723427988548,0.222853008531215,0.19521422794238,0.131246989441996,0.17790069710563,0.167510664317026,0.107850841929084,0.209123773233596,0.205100562194552,0.218733319754784,0.22183875579933,0.206387109075502,0.197275469930401,0.183820751024239,1,0.190315990934346,0.226216986691339,0.185621557610487,0.164485718445928,0.156028910909167,0.159525420681531,0.177516303705428,0.21086699900745,0.209617113503912,0.214507114197002,0.194381712191151,0.200913902170621,0.194094764118384,0.230455468580425,0.184507399474964,0.15486470489463,0.147217653759617,0.226326025367084,0.146723964493547,0.174557201414439,0.215447143941868,0.146882701833269,0.143047869578696,0.169739341269287,0.153203966984512,0.149195055694489,0.198703534471413,0.140230447537511,0.176149515967001,0.177974437715457,0.159111088811282,0.190884689022152,0.15267076985344,0.188704679206009,0.206370113146558,0.205959343357655,0.182786768102461,0.188433404065726,0.194600883764628,0.177325918890108,0.201101906919158,0.177616646236596,0.232164108252394,0.228448867869206,0.229495953580342,0.179388460890322,0.20402191704146,0.198886610757702,0.229882174817883,0.160463977178806,0.171032869948208,0.258087921617789,0.145971940085196,0.161982910892118,0.205489524570048,0.158341665054678,0.138193065474459,0.152675173807009,0.211606351331206,0.15424341622847,0.189286600688446,0.175263645679302,0.138861378618944,0.186891770182209,0.176309586309101,0.217225888663495,0.197776139453383,0.189730105534391,0.14032600504981,0.132795671809071,0.134579429117614,0.111537642389648,0.190340765357235,0.181002065459968,0.135233106404868,0.18495115755319,0.205728848068646
"coruscans",0.208876749910624,0.212010490676106,0.126196860787476,0.255425889168514,0.222719154704975,0.139182812140511,0.197091282141729,0.190246001026153,0.187119861169241,0.137137760781293,0.17963421233282,0.184987399464674,0.16826922579789,0.227965841063435,0.215944297789304,0.256046424642352,0.257775282657411,0.22015381671612,0.213170218175095,0.191196770387306,0.190315990934346,1,0.176365719241225,0.223684725714873,0.174870091175377,0.152951038877458,0.136013585082195,0.197129756968282,0.142446800417215,0.241854134001817,0.180639613315259,0.173163594133437,0.225516428211028,0.203911311870667,0.149231333577364,0.196700917679003,0.154828829883241,0.180999185473617,0.134528476518545,0.128910333120472,0.187944303056599,0.179576578403851,0.0929295506162434,0.0951476207004452,0.195583008084234,0.225075682680711,0.108907830898759,0.183750307532329,0.109302434638417,0.151276428190417,0.115561531565764,0.194155936794753,0.17338199886099,0.205267812758888,0.158608148431337,0.177773683198792,0.208817301926123,0.193047392180897,0.161781220793534,0.143424061942686,0.222840288570004,0.238331104177332,0.225862301788862,0.1976347018841,0.204159473514505,0.238037963029482,0.158436322242915,0.157178770501667,0.222284700787988,0.213489877672342,0.183768075801974,0.20615651646116,0.218152246780663,0.0927251416698438,0.186847318564925,0.237190504048267,0.179033444058874,0.121063653634162,0.198513199866409,0.23426839357778,0.180382577906214,0.206348870522454,0.172498164750596,0.0928125670785074,0.173934498323677,0.184370274837312,0.218175223083655,0.183070203506751,0.14985180966814,0.174768479756175,0.147941453942515,0.108791353357889,0.0983184130415574,0.190672965077945,0.196780652560676,0.124910548430717,0.215779724571628,0.201912407515033
