"","acreana","acrocephala","acuminata","alata","alba","aria","auristellae","bourgonii","brachyrhachis.aff","brachystachys","brachystachys.aff","brevialata","brevipes","capitata12","capitata33","capitata35","cayennensis","chartacea","cinnamomea","cocleensis","cordatoalata","coruscans","cylindrica","edulis","fastuosa","flagelliformis","fosteriana","glomeriflora","goldmanii","gracilifolia","grandiflora","heterophylla","huberi","ingoides","jenmanii","kursarii","LA17","LA41","LA48","lateriflora","laurina","leiocalycina","leiocalycina.aff","lomatophylla","longiflora","longipedunculata","loubryana","M18","M25","M27","M30","M71","marginata","melinonis","microcoma","multinervis","nobilis","nouragensis","obidensis","oerstediana","paraensis","pezizifera","pezizifera.aff","pitmanii","poeppigiana","punctata","retinocarpa","rubiginosa","ruiziana","sapindoides","sertulifera","setosa","spectabilis","splendens","stipularis","striata","suaveolens","subcapitata","T18","T21","T29","T50","T51","T82","T85","tenuistipula","thibaudiana","tomentosa","ulei","umbellifera","umbellifera.aff","umbratica","velutina","venusta","vera","virgultosa","vismiifolia","Zygia.mediana"
"acreana",1,0.203405282416605,0.201598722751243,0.260104019088471,0.219125894061585,0.199862313913286,0.187235792104594,0.173622604494707,0.154893910432367,0.150146899270817,0.212245953413438,0.165876101669172,0.125581133634437,0.219871579935065,0.255412853174697,0.165705806585061,0.209963978299154,0.381395601156765,0.109121294054414,0.137728972917063,0.16872209609761,0.266306148559459,0.266327809733671,0.227072319866878,0.159689557216273,0.158237039743376,0.0785944990275829,0.207588458370291,0.198911034996573,0.245346923519221,0.160376086389479,0.212731357037851,0.203529150044535,0.166892637348202,0.198916030478361,0.128492537731234,0.368533686317827,0.126557716111557,0.140972690174589,0.181484823833601,0.193238650315466,0.158909749786371,0.155537171843337,0.237600181743569,0.146645416318605,0.198371049249322,0.101231469184368,0.233265594553283,0.101928599858463,0.192835568601018,0.11622976337443,0.117582272352917,0.179847751372499,0.285026572432281,0.182225476047435,0.262396812719835,0.237955328665209,0.131470611637226,0.198275541618026,0.179045483935416,0.187598211453832,0.199207815248613,0.326309409686595,0.192831963243283,0.174732287831706,0.206724675661643,0.151549823379368,0.376984161814442,0.169986989822942,0.18634490497095,0.272323640008354,0.174798499357468,0.376307889412729,0.248066979264398,0.0750184245448277,0.390276007222306,0.186129517054342,0.145304525934151,0.220786199175353,0.295960847822207,0.0975849820795916,0.246042640016822,0.206319225526345,0.195765419657994,0.177644497587344,0.0810131410179534,0.204932526211828,0.132265511264333,0.241478598596306,0.176535795991692,0.206162258256752,0.156390598903444,0.136509309632252,0.203267479191505,0.109355559223334,0.156027419353594,0.187140636559348,0.174996777209145
"acrocephala",0.203405282416605,1,0.157285853402958,0.199984114089545,0.239282013219262,0.154411784230352,0.204990175797406,0.156270362410904,0.162216888206548,0.0860733235921526,0.15583127259407,0.128357702782933,0.0996832368725072,0.237584236736415,0.176534107796098,0.277602427214549,0.142853637590247,0.281828484136409,0.0989592062063865,0.141040999938927,0.148410092830778,0.187005671339705,0.212339310093636,0.15778761252158,0.168136870786263,0.140237687547431,0.0992051005616296,0.18059764735337,0.140177404925357,0.182561683814028,0.106422567173488,0.143616985641936,0.170888198906302,0.141964101598556,0.175626693056868,0.136908495530241,0.187714226930614,0.144175521338612,0.106357708593311,0.154009792966601,0.162005986631494,0.181431750609422,0.121230293872352,0.22176182613787,0.138880787242747,0.151092334879923,0.10090008085731,0.206109361210893,0.10935939722351,0.199272424918131,0.130301441856994,0.116439981970426,0.179055447150022,0.183053568611137,0.1734427238525,0.194401091475394,0.184079707617759,0.136829559464338,0.148816777786363,0.149250831907191,0.163284729864447,0.227503186415547,0.197981161476079,0.211716625805233,0.178310781229337,0.179854406233341,0.12868471576815,0.231786918724091,0.143904168662627,0.182317153400762,0.153037783336708,0.142335587614732,0.217383976777271,0.193452201826306,0.0788074106142738,0.211660024937636,0.173989479523865,0.140045269479159,0.167451251051868,0.195017550965857,0.108935480627498,0.201707827600962,0.142832835388772,0.211761628450016,0.135335169099374,0.0943308561494793,0.176755394044514,0.12474659036858,0.120098822327955,0.16717716580568,0.177804081187268,0.140354238260793,0.12184037359813,0.23267976486682,0.111813837541702,0.149967950886578,0.171235302094756,0.128790849168471
"acuminata",0.201598722751243,0.157285853402958,1,0.171852246450245,0.169519216039351,0.162700580420589,0.153245892582414,0.186244544226671,0.139815550583249,0.0762000799207525,0.173247321110846,0.102208155107518,0.0802221681346597,0.164940927554598,0.151228675424018,0.146178613061753,0.141804060073469,0.293282744576918,0.0794369703013189,0.0928882325247151,0.109735957869034,0.169971114269401,0.140083487732101,0.155134216458167,0.159367074407597,0.0938547812935767,0.0724649670708194,0.148364547814555,0.127172151219557,0.153615637228061,0.117746612503557,0.14745452333669,0.151957011010912,0.129014134549207,0.166436588783115,0.0978200678559026,0.202875947100501,0.173598117064517,0.101797646562575,0.133657746141092,0.197160424496767,0.106925600202768,0.106785841413006,0.214839584249594,0.133312916808907,0.135332713281732,0.0908103766829719,0.214822300471059,0.0865515502129314,0.119129430099709,0.166414183913053,0.100251191655952,0.184009198360724,0.22328580177335,0.171094530256474,0.180447043450467,0.215088724230391,0.132049522181429,0.192498478752028,0.168028396747176,0.106633294186627,0.176077276998786,0.217999428537949,0.151535872263028,0.132051892388969,0.19622598644645,0.114454737116584,0.270246460445963,0.132127557206241,0.151686592796186,0.174996684966761,0.121472352889064,0.22703725830976,0.215116256284536,0.06787338105665,0.210232010963456,0.263402953600821,0.166232842083416,0.140715415775683,0.21699920425285,0.0873289605884862,0.228094103002564,0.124296783553131,0.120158497371923,0.161989780074708,0.0869499302330157,0.187631836626644,0.0877490866141264,0.162103884631419,0.123513862158243,0.192570646555318,0.104327821287701,0.109632512885208,0.155108908451893,0.0875157251542494,0.114826063663519,0.178563355566978,0.10511225561077
"alata",0.260104019088471,0.199984114089545,0.171852246450245,1,0.238754054125294,0.163638408041308,0.216582121739483,0.17229611307558,0.179017870496014,0.133282808950353,0.153927006237306,0.154499612972778,0.106845550470889,0.191970079498072,0.206392199444692,0.188506216448245,0.182266348717939,0.299958877226552,0.122589737500254,0.127857493700787,0.166542586366082,0.268416808814352,0.272097465045568,0.223432881688579,0.183373592530798,0.175424246618404,0.0923375714916755,0.187925753597562,0.190445322089645,0.202908086288072,0.142588397776794,0.128823023779956,0.215974896034962,0.16754563321354,0.185907548074411,0.134743465165901,0.204727736442446,0.134048778522043,0.122682053005696,0.18831251328216,0.181554809074539,0.16892296897609,0.136397654004311,0.188523353811845,0.170212302632127,0.195075415224568,0.109654643568343,0.220578134115237,0.107253592823901,0.176972197124423,0.140354608561115,0.116232863838067,0.226702866024968,0.22637143947032,0.211031941580042,0.181287371533937,0.204729810504391,0.167042795868584,0.195296164714546,0.176671207643243,0.177800884578345,0.224766552490051,0.301982035089525,0.210338848782541,0.213235536725293,0.222334779798081,0.152433300812903,0.314384847910037,0.163247608409571,0.255979092383788,0.148270483086694,0.174192798525036,0.230654938486072,0.188422874388591,0.0954640513068325,0.227074900244383,0.195995811606346,0.12124868935128,0.172307214912326,0.224032474293355,0.123324891286576,0.245261865677214,0.185126456645611,0.19131213596998,0.16066958753604,0.100922402288256,0.216813698626568,0.142196827551933,0.195399247575105,0.186219458780532,0.167751404923741,0.168445611789482,0.114339025146604,0.200808430867853,0.125732150295293,0.14663599219348,0.180121366212906,0.204991203686867
"alba",0.219125894061585,0.239282013219262,0.169519216039351,0.238754054125294,1,0.195439116667556,0.27589656317321,0.247432251599285,0.203360428777695,0.2235854625298,0.322678127314049,0.247522374180459,0.25671864478381,0.298279200928873,0.199559117566868,0.196361550124775,0.181439093024722,0.275120204176195,0.136637349924953,0.135060999558989,0.189585726734626,0.212832156110716,0.204933973162748,0.23827872043431,0.172023394190829,0.257147837914173,0.106639757038607,0.252308277240816,0.139884954626413,0.198855032984964,0.17166690817731,0.298332591406365,0.231420896511391,0.238340728490037,0.387585868511056,0.133214192137464,0.205404726089317,0.138608467260719,0.134027961887636,0.20804842877286,0.357246140467438,0.163809928227753,0.106517921077992,0.195993983974669,0.175616948391918,0.177276957525492,0.221612966900573,0.293271749765535,0.27060117875626,0.313619253371409,0.126658306730451,0.155293085849102,0.230636507919178,0.267421952721096,0.170109321677737,0.289542643058589,0.252289627979197,0.200254007643122,0.285567012048661,0.253202363272456,0.165625760886671,0.241962406036777,0.279580591343253,0.208124761972339,0.170108862959422,0.271854674001759,0.119985184533157,0.263877122259222,0.179850654759454,0.272697816500769,0.321104660392896,0.211822100090996,0.208139902868572,0.258529946630765,0.119899146791652,0.25155657145058,0.195336423918857,0.145601173518184,0.141697728769336,0.24473924439641,0.130708358380021,0.252442517456462,0.13587222263127,0.149057631673453,0.192169725835204,0.141028597341453,0.196913682752519,0.137104901756895,0.148297576883981,0.302249500216849,0.202639992955153,0.231634883131164,0.115834195524281,0.209772707504021,0.149703392603335,0.265060366657036,0.167852248362806,0.203286617432826
"aria",0.199862313913286,0.154411784230352,0.162700580420589,0.163638408041308,0.195439116667556,1,0.161802740074506,0.272434496568383,0.16609591110152,0.103240173848041,0.201532766083803,0.14025958213503,0.113519882490122,0.232233821797951,0.209007117337432,0.171012749832658,0.165437720146702,0.272296755538857,0.091641498596107,0.102860524778119,0.136437758327446,0.222111382485654,0.143967607036635,0.155744832105904,0.144863355219176,0.109902241193378,0.0666847741671118,0.213492649212265,0.174221901878279,0.155615750483171,0.119754854722259,0.142877104014129,0.150366516332095,0.14904598567589,0.199047837773187,0.113285195930902,0.269393958610976,0.159949059418208,0.107907218591845,0.157466509968639,0.228413644789056,0.122884415435589,0.160989487855404,0.246023281728248,0.147161200999007,0.139799444427776,0.0753490298255411,0.286852886003108,0.0927535121856785,0.139087920512775,0.105190690174348,0.13324277922435,0.148590360332815,0.305056745023288,0.183549488788867,0.216001275125811,0.24811643221868,0.15469444265545,0.241290639530686,0.207213633963102,0.142547376020774,0.166130436448199,0.306863649322684,0.155701316764099,0.140942164112668,0.187454837545611,0.128005042852875,0.251772756983411,0.153401272537152,0.167489169389284,0.17123393607527,0.145497792260648,0.328100477302236,0.224328531100716,0.0767106905276792,0.235421546373548,0.195939392512252,0.13088579759916,0.166182399602149,0.209898694288828,0.0832114342615004,0.235269046477909,0.159479398848414,0.134808612493532,0.395022883160209,0.084412033847309,0.187661318132153,0.114981006756214,0.164455728863662,0.148206160817822,0.205156421918478,0.103531019067703,0.147543731865097,0.186641096028596,0.0966150435411113,0.1288903020086,0.203784771942957,0.137260819976479
"auristellae",0.187235792104594,0.204990175797406,0.153245892582414,0.216582121739483,0.27589656317321,0.161802740074506,1,0.250699332126206,0.224018106463168,0.150455754391461,0.169848654124992,0.151836035057955,0.198423983423806,0.262848152094415,0.231119714362148,0.217499032496424,0.208369873013661,0.228864131273311,0.140107526858039,0.140653441536968,0.273641649839159,0.211423414422829,0.217300860939369,0.303604486075404,0.187275354578295,0.178683124229653,0.104861366935953,0.284478740291182,0.154956227727865,0.195622469065268,0.176134736173566,0.145923826427036,0.217169917118667,0.188973807495871,0.210371376130659,0.149157337738851,0.179412634748881,0.149357322058913,0.142507508732377,0.229479278985076,0.234272310920909,0.175201175344646,0.112086364215973,0.189830632310376,0.180450781973875,0.183974537436529,0.120909314874855,0.25788503518599,0.188662594647047,0.195032438866323,0.145130267215122,0.157670103432887,0.239600806465981,0.213076591439809,0.195343647173465,0.237441839930956,0.23249611749386,0.240493502630101,0.153081242912328,0.264772557817603,0.174119625288917,0.296967109941268,0.208514753800716,0.267053685638536,0.224196019727671,0.335424756637408,0.128485605546136,0.236967220942306,0.184177139043857,0.319445111889096,0.176926418451072,0.210287037325715,0.179273605248589,0.228658241060695,0.201994034470175,0.222956330343848,0.163126735295702,0.132920204293485,0.23749644154941,0.207007715033026,0.190039016847496,0.18503428141875,0.128468576093269,0.165013204296494,0.128709305982665,0.174368261424554,0.206361480788895,0.168391789524228,0.138004686678674,0.227865757496024,0.179880864204887,0.134177281182916,0.124165301069065,0.211726864315219,0.172789251412985,0.169665041079165,0.157423024577636,0.280428575327941
"bourgonii",0.173622604494707,0.156270362410904,0.186244544226671,0.17229611307558,0.247432251599285,0.272434496568383,0.250699332126206,1,0.214159271894044,0.107428439303742,0.229211869600728,0.142814984575124,0.233493879561412,0.272951263398469,0.214561670418026,0.188181295715496,0.186518384140858,0.249701980178474,0.155611349300859,0.106919462460294,0.175334932804416,0.184817713251526,0.162920562875157,0.214010393451322,0.16084010764262,0.138218703996454,0.0758578975095907,0.359850628338065,0.166317658876554,0.167240124595053,0.173523058431696,0.161928564393005,0.196923785471694,0.153581961831864,0.236783969513197,0.131440646504621,0.22911129333462,0.120652266098202,0.119917348691208,0.207233520963942,0.217723915181188,0.145059360395697,0.11166113967942,0.219940329902239,0.167731407748511,0.153594288400272,0.0964134161370227,0.300470566571793,0.220375769604642,0.144960583475131,0.145328424487165,0.161940736011557,0.232517498140898,0.285348978476988,0.162462216743037,0.233843570907141,0.248223475392276,0.160946874439795,0.186412998400984,0.216523236194366,0.126303702514321,0.34110644813497,0.284884670797415,0.175488341942707,0.155717003741745,0.275043863228907,0.128088843416259,0.220329717752909,0.186291289680914,0.236524727805683,0.218936622916177,0.193224625549643,0.23376943191493,0.246448328478712,0.1375061367812,0.214124621800859,0.186106109904138,0.135061190581748,0.166535513765073,0.244504887087158,0.109338889769834,0.207543686901846,0.142621253128026,0.135117972258099,0.259462848486384,0.161446736985587,0.198379830429917,0.133277368293664,0.145757942065469,0.191910630622834,0.190065012862512,0.102475913989413,0.126595813861616,0.213744789862337,0.148239296433392,0.166818461973868,0.178995256344375,0.219048812663947
"brachyrhachis.aff",0.154893910432367,0.162216888206548,0.139815550583249,0.179017870496014,0.203360428777695,0.16609591110152,0.224018106463168,0.214159271894044,1,0.106391067908937,0.160071680261753,0.127047546552229,0.109881757968382,0.216546825051499,0.46321974148006,0.187520125950081,0.17028372408702,0.205066671282405,0.0999452257845316,0.227761756496941,0.141634965272709,0.171099074664401,0.17576720731737,0.246709315543864,0.121965693693559,0.128295759671313,0.095707933286404,0.220660969832816,0.116663487538368,0.154203280027001,0.123806369980707,0.112859641441757,0.178075892738851,0.278197578660198,0.199419021022685,0.116855017777628,0.151246404149756,0.127198168488577,0.10649828652756,0.158716581301091,0.189480963866468,0.176971437406836,0.106794052636605,0.163759313228828,0.178550721054609,0.165566842173871,0.0855516609010041,0.218999228636186,0.0962915664244809,0.180980477680233,0.120310891342834,0.113759327468789,0.2139863769438,0.188397530040723,0.160012248848125,0.230917339591202,0.235761112387291,0.151818105096477,0.149221714078472,0.189187975753479,0.145942603612423,0.171260156403622,0.187680803061593,0.183630373792551,0.148178475464081,0.19696973836232,0.0893433644949184,0.190002817439577,0.145777229697157,0.207329408334243,0.13189456571918,0.14301011662864,0.178044930451128,0.201610933547562,0.107408415916904,0.18979631870179,0.134245903224337,0.124694121348434,0.155858754915836,0.165456133814708,0.118907396610825,0.180084001480094,0.0926445118838171,0.118565407542039,0.130112622404667,0.104479782940931,0.190738018015492,0.138655812796126,0.133747544669935,0.158366060568192,0.177409317169904,0.116244045403726,0.0954182982297829,0.177508394120866,0.0950388266696786,0.138002337431116,0.146769710600924,0.143202330422554
"brachystachys",0.150146899270817,0.0860733235921526,0.0762000799207525,0.133282808950353,0.2235854625298,0.103240173848041,0.150455754391461,0.107428439303742,0.106391067908937,1,0.300066128047988,0.257603286485825,0.211811295512424,0.11655092257369,0.143498632830692,0.112788641392226,0.117030656988231,0.118287920488547,0.110695420363636,0.100916332446692,0.107293904131172,0.145507102001603,0.149795482853696,0.129511321367329,0.123444566389689,0.288047070283043,0.0741773931993322,0.148375699526249,0.0997518051537854,0.130356419555762,0.145926306336149,0.322888156595769,0.130750713881732,0.100542789743665,0.300510710162916,0.116633177348573,0.103409744955908,0.0746654305652336,0.107104977182854,0.162043388339837,0.31132959455602,0.113114967075601,0.0701976824710189,0.129470598436966,0.117946547086417,0.133877876168878,0.324925200826735,0.127184801930231,0.238520112288776,0.303423183350668,0.06137382385062,0.105015224497782,0.111822312951602,0.11576288162113,0.108986021790352,0.110229765919221,0.107999642886587,0.108818955749063,0.273441255497653,0.120150084513478,0.119573616579665,0.125448905738364,0.127790843227769,0.100789652953214,0.121271609348613,0.114514694328705,0.0872641634296169,0.135572809562504,0.122484102091097,0.118247040501556,0.270731899210695,0.113880629349571,0.108514074176227,0.106356942282808,0.0762024998833783,0.147245239542553,0.0823927554757221,0.0808007354896496,0.106839780596699,0.134934167115981,0.0835673383788776,0.131205706163721,0.106518959433225,0.093854721351163,0.0660985600383357,0.0747696246866806,0.0958016201012563,0.14529520409649,0.128291407498454,0.266157669746624,0.13700592016738,0.270936621719484,0.0847550156925047,0.127182497657778,0.084287450256639,0.375447538098283,0.105701441776607,0.136405932114146
"brachystachys.aff",0.212245953413438,0.15583127259407,0.173247321110846,0.153927006237306,0.322678127314049,0.201532766083803,0.169848654124992,0.229211869600728,0.160071680261753,0.300066128047988,1,0.28586882065538,0.207208848818849,0.237001188625312,0.194807626047433,0.178482394343561,0.152171454628632,0.224095231845111,0.105679968985093,0.135872552953874,0.137089627922925,0.204649209420759,0.171099411367233,0.163994240197032,0.145761475548335,0.281230093907928,0.0759772262858583,0.181352325213022,0.14962126721299,0.172358391517884,0.145544183117249,0.418418121539426,0.197876021431392,0.158711966225034,0.398201817215735,0.134416241727236,0.280156458830392,0.115343742901338,0.103482906748696,0.146928819708373,0.394480279032816,0.110795527090767,0.106678057320122,0.172417287801332,0.140881802736233,0.160907015263786,0.290834828871597,0.235773148424922,0.232511385656274,0.292924776131286,0.087735401175415,0.130292167288592,0.158976329611612,0.260386606635415,0.137241388148283,0.202679758603662,0.218444562407445,0.150868464112547,0.298631230263989,0.178454209587101,0.124578614226251,0.162939292076324,0.283138238405011,0.151400612238184,0.145118040460627,0.192242976248562,0.116940108559676,0.213920598404317,0.168109823255623,0.18357694679692,0.443200644340756,0.157435092167939,0.233076247031845,0.192134099561236,0.0760157950321548,0.24303872465801,0.149493651012114,0.155962181732525,0.11656892164509,0.321916171191811,0.102569102423669,0.195270320368148,0.133101520364508,0.135210915633662,0.243540071429017,0.092612066389489,0.185504316616239,0.0876263385105159,0.132490037302772,0.257092172348418,0.178642182504827,0.356704095233832,0.150085517124585,0.147489597882747,0.0985905430970548,0.330680409514196,0.148925098507198,0.12550843732717
"brevialata",0.165876101669172,0.128357702782933,0.102208155107518,0.154499612972778,0.247522374180459,0.14025958213503,0.151836035057955,0.142814984575124,0.127047546552229,0.257603286485825,0.28586882065538,1,0.20877143995424,0.163513032979693,0.162447462703682,0.151884355369043,0.173540453541808,0.162567923227149,0.0992142269027312,0.110406384421073,0.188262299141533,0.225819004536953,0.19676574016021,0.162198461857722,0.130540311257904,0.323794615760841,0.0703875510476318,0.17941878788708,0.329953309183756,0.187303645303217,0.174708045702145,0.257680709799121,0.152190851886747,0.14254564361787,0.306529941784242,0.0970720562271193,0.166935716989588,0.0807919300942638,0.095192595397027,0.145188793179128,0.318450631261019,0.120161208445735,0.109871793680132,0.1308582332985,0.107516323478245,0.132766107383341,0.248561454807474,0.177113914223293,0.211552745472672,0.275679306426917,0.0930828021806586,0.0999781637114691,0.143343490757164,0.210337365421292,0.150140431034391,0.144874615908126,0.132811882842171,0.123575211035725,0.252899049674295,0.141398696066545,0.126124749595125,0.248096910651277,0.175888317745095,0.184640081055532,0.141478609599202,0.19139985285938,0.161816728853748,0.177335417759792,0.425087022302409,0.139053206003006,0.291153931453433,0.136960165909669,0.152679354188277,0.128793788949259,0.0894130051542179,0.145904076505689,0.138328777236146,0.107255111064174,0.121604063538331,0.162425613529342,0.0815784876664871,0.195731797182854,0.141557659595593,0.113265405785283,0.110795629368104,0.0880627481293013,0.138672815598029,0.109477215857457,0.143838430381774,0.254404205863132,0.122441299006342,0.276535909011229,0.10497017909876,0.146382736489408,0.100183071453071,0.270056704863201,0.136394486720116,0.147022576468084
"brevipes",0.125581133634437,0.0996832368725072,0.0802221681346597,0.106845550470889,0.25671864478381,0.113519882490122,0.198423983423806,0.233493879561412,0.109881757968382,0.211811295512424,0.207208848818849,0.20877143995424,1,0.173451139494628,0.119339665962871,0.113722653206161,0.138802255968288,0.118706733971183,0.155160824713185,0.208261592212661,0.147224173725373,0.125367433416228,0.147588403868822,0.145957570723524,0.128088067576611,0.20091891472955,0.0798280706695173,0.221046212975795,0.103338457938585,0.103588085853429,0.176241534269827,0.198431660022172,0.143260558908471,0.128650799632355,0.238894279302181,0.0748582678267062,0.153385431616449,0.0873786362552643,0.087909523361974,0.185924719289924,0.210445482976912,0.122235553446852,0.0653658999937346,0.111732075815439,0.0933458469008292,0.147949251083546,0.18135641354485,0.144660702756036,0.40039462739441,0.195293199262783,0.0559824802335976,0.177246268824092,0.13268376728432,0.123507442263676,0.104254309158508,0.175563674540126,0.132226180233914,0.139985440168075,0.196655524953456,0.154332486872011,0.104472629365052,0.28462925408247,0.119063443613704,0.109055602652229,0.114464965609259,0.182525480252944,0.0858235806540185,0.117135726731984,0.131737087174586,0.181093926322735,0.209205153129121,0.204873660870859,0.105360993072915,0.134837357396062,0.167617774092761,0.126612036705023,0.089596963503292,0.0861339107109487,0.0767791880463416,0.120079689584081,0.129101060606048,0.13209433133906,0.0961577941436947,0.0997100857405764,0.0746726888390053,0.154608542563619,0.0936753152676817,0.113247755042381,0.0866613576961869,0.251079972249045,0.0893878251294889,0.191920517576717,0.0590752228902407,0.106893599025936,0.169338165638536,0.221770004080923,0.100054891841289,0.251598416181932
"capitata12",0.219871579935065,0.237584236736415,0.164940927554598,0.191970079498072,0.298279200928873,0.232233821797951,0.262848152094415,0.272951263398469,0.216546825051499,0.11655092257369,0.237001188625312,0.163513032979693,0.173451139494628,1,0.230034720544798,0.325163269872593,0.196697322436143,0.259443562528147,0.156138313260404,0.128074836758965,0.228832412678883,0.236549932099976,0.185855072724485,0.246893746048538,0.158040776815658,0.145163602723265,0.111481377024933,0.25294829758466,0.166824617988568,0.198651952334296,0.229571209333499,0.182874251572966,0.277752654151802,0.205516608155239,0.270074476262476,0.140563947390744,0.216811174982243,0.128297118025282,0.12794018022162,0.18850457737289,0.263957490423919,0.200868565565223,0.113413259046986,0.225448646638734,0.203966276053337,0.205220091130416,0.117594698032163,0.340117812351788,0.121636533475526,0.13193381043789,0.12708354616539,0.242496534286775,0.212833628955812,0.310137147414204,0.167206392583751,0.282163818869405,0.252406146540226,0.200603372914961,0.217129946898689,0.27967191481455,0.155510104258422,0.240142113709681,0.272212043282152,0.218837154179201,0.17468732311095,0.256857813637484,0.123221270463231,0.253408723650441,0.180446965082373,0.286888834288379,0.194163430655984,0.256419257404028,0.253845542875457,0.258981470480339,0.136976025302018,0.250807505412836,0.191784196769176,0.147864727559393,0.140475405864446,0.247501471743956,0.141832465329129,0.272219241432907,0.138602223763294,0.150845179394628,0.215445708288497,0.133850577153577,0.194597512498889,0.130273671527027,0.169793586767581,0.209285920361774,0.172867837923296,0.125817359934619,0.131941414488719,0.207529765355375,0.183790033338526,0.167642476550075,0.169613655724428,0.230411525781638
"capitata33",0.255412853174697,0.176534107796098,0.151228675424018,0.206392199444692,0.199559117566868,0.209007117337432,0.231119714362148,0.214561670418026,0.46321974148006,0.143498632830692,0.194807626047433,0.162447462703682,0.119339665962871,0.230034720544798,1,0.195277250412793,0.199126789826477,0.2612858004404,0.112783307731697,0.244239674529965,0.150846698430263,0.290836325778572,0.215526682844094,0.269563514095346,0.148975039721701,0.154213583588563,0.0931164498236747,0.225758738753509,0.182416632491305,0.223244230809664,0.148479712946178,0.122043377385485,0.223143062469629,0.268794868363679,0.168615453773397,0.151155311173121,0.224564776864688,0.142759670589719,0.131301615622509,0.165049972070936,0.226532375646486,0.144208793440501,0.126255656892711,0.240557895261623,0.147250825000267,0.223642536685034,0.091558716688473,0.231658212733365,0.111030264513129,0.219544219604002,0.113720990023768,0.129733057006972,0.220193013051892,0.234644004782759,0.168844159874569,0.191482419385466,0.254561007060207,0.162046841320773,0.224368139565242,0.193616286222002,0.182809131681275,0.20001271810915,0.265569789868145,0.175682661768206,0.216356592477867,0.198112652931111,0.125548316531445,0.281939764395271,0.187147107854437,0.239624987891283,0.173409783521243,0.153516759868104,0.278000637570789,0.202730790288085,0.0943736727247965,0.279559734545598,0.167370738975114,0.13044171932341,0.18042158436075,0.223606190119716,0.104452740930693,0.243774716145735,0.154338262935651,0.159751578127007,0.150205632596849,0.0853118929240498,0.224291334773548,0.111565485837316,0.188733618925928,0.18338447889634,0.173667750047193,0.189513573909344,0.144676052799597,0.250665238051898,0.0831123023285739,0.182505886592153,0.253403275416389,0.159161395387855
"capitata35",0.165705806585061,0.277602427214549,0.146178613061753,0.188506216448245,0.196361550124775,0.171012749832658,0.217499032496424,0.188181295715496,0.187520125950081,0.112788641392226,0.178482394343561,0.151884355369043,0.113722653206161,0.325163269872593,0.195277250412793,1,0.19492599620879,0.179414193934678,0.126409807249345,0.150373751965324,0.207115855366976,0.170432880722444,0.197218415788453,0.187743161291149,0.170277680365062,0.15813402444339,0.0849107091895574,0.18430542926868,0.165999542264284,0.233819721026807,0.135074096065533,0.118540739771865,0.178633216108224,0.15856003757287,0.19559470807365,0.13600206195193,0.163144590130284,0.155350173641729,0.17206515537242,0.172833650425962,0.155441969106548,0.184616340269793,0.130189262382105,0.162641831509654,0.173619008356537,0.220338770354697,0.129342289037321,0.214443077148701,0.10031452021756,0.160802149475514,0.120153778526774,0.136604222742779,0.237784718125396,0.200763649076209,0.176113734999263,0.2252095807119,0.188096408322328,0.176704884238689,0.139098337335189,0.199279789850712,0.194368891700985,0.201107467516644,0.187359240029151,0.17677904409679,0.168953094794744,0.209165182296235,0.124790484599311,0.221714334470516,0.17459817004883,0.192629601335322,0.151545899253759,0.170347207895069,0.16878411399429,0.204008082654867,0.107532404242847,0.191436000861077,0.157837680185025,0.147767855282823,0.156741883391964,0.248804761982643,0.129941498508301,0.16914976068925,0.144896125897695,0.176146715404474,0.141312489082589,0.158362169723696,0.192616438292854,0.127246332220277,0.118551897455873,0.22019064712726,0.170151286271138,0.165055821899304,0.158316968916364,0.189312857210459,0.113686957258194,0.144898306673794,0.141051605882833,0.152912599013716
"cayennensis",0.209963978299154,0.142853637590247,0.141804060073469,0.182266348717939,0.181439093024722,0.165437720146702,0.208369873013661,0.186518384140858,0.17028372408702,0.117030656988231,0.152171454628632,0.173540453541808,0.138802255968288,0.196697322436143,0.199126789826477,0.19492599620879,1,0.178892384536675,0.154300136609927,0.15038976909465,0.2487483587553,0.201873950401816,0.199280457531348,0.213483896890989,0.180621456579387,0.165825371452745,0.0862026146189482,0.211278949628268,0.184687421991799,0.184133515204155,0.150536336705735,0.119247267172276,0.174933229728158,0.139391102041182,0.161853673781352,0.117347719725958,0.160000618440015,0.143158008216377,0.114786427038405,0.20124158183215,0.206158074221656,0.16725573787023,0.129243759529818,0.142582682080518,0.141064984158062,0.189098932188777,0.121980140115265,0.226171644197613,0.132890919257137,0.199073271345005,0.114749074246709,0.136562675806882,0.186029343394815,0.201275908683151,0.167383087742308,0.170983806005605,0.188191934641915,0.1655055589422,0.141247825517725,0.238430814463573,0.153350519200823,0.211474973405654,0.185628742330603,0.169401876957236,0.150854684901502,0.22944105834637,0.145962231660477,0.211020567215528,0.21873973039401,0.201835262139694,0.141215782991083,0.196969467498796,0.14947172907711,0.146062673163759,0.118614060357006,0.181070691173505,0.15708999544524,0.141315522728105,0.166351693527255,0.197558847944272,0.121476018997315,0.19737954945454,0.160111415830542,0.167506821260256,0.104753009970901,0.136764649679479,0.156554393095466,0.145266979151769,0.139874489414805,0.214478897966061,0.133398655637926,0.128745738719508,0.118840095528187,0.172608168141022,0.130289551253007,0.149549600115619,0.152479894462881,0.189427507796031
"chartacea",0.381395601156765,0.281828484136409,0.293282744576918,0.299958877226552,0.275120204176195,0.272296755538857,0.228864131273311,0.249701980178474,0.205066671282405,0.118287920488547,0.224095231845111,0.162567923227149,0.118706733971183,0.259443562528147,0.2612858004404,0.179414193934678,0.178892384536675,1,0.174803139269714,0.119719016531578,0.159670011311926,0.352885858186268,0.232319639245413,0.266653887097648,0.19832918421759,0.152190723842284,0.0998461757205516,0.254855756489034,0.202110508909537,0.242673085434332,0.16639708830819,0.210439101088333,0.254249054837337,0.167080008906915,0.246107722871623,0.130982696959136,0.371703833299749,0.151409975001037,0.12037794393889,0.186013719870109,0.290880238032253,0.170964577500645,0.132601377174325,0.295706001816329,0.169356743026443,0.1844326283648,0.109702585616212,0.313749224014223,0.0967983756817272,0.162234752766858,0.16746227795571,0.13915602450589,0.231162218428639,0.33928925401785,0.20219932307715,0.261974083569338,0.273437344329261,0.180623581521975,0.283293363898413,0.244198052371867,0.186284656943108,0.243593406991408,0.397489719906683,0.188390415211586,0.194649307664841,0.264665835293445,0.155615711042929,0.440111359453798,0.179862845277442,0.232727879177352,0.285065498870516,0.186866380077144,0.420650231634628,0.260546890555748,0.121930205614645,0.388213759648149,0.275894666964768,0.141032032680256,0.18325511266884,0.288460495015278,0.115275469506108,0.379504764193839,0.21861750020756,0.181726530665837,0.231857774927501,0.0964407324874334,0.210136995104321,0.131482019863961,0.24914365585052,0.220368826429087,0.230036185161498,0.149388278341469,0.162943005437946,0.236574573814501,0.129422068005544,0.155039279067004,0.227213108053018,0.223393148042019
"cinnamomea",0.109121294054414,0.0989592062063865,0.0794369703013189,0.122589737500254,0.136637349924953,0.091641498596107,0.140107526858039,0.155611349300859,0.0999452257845316,0.110695420363636,0.105679968985093,0.0992142269027312,0.155160824713185,0.156138313260404,0.112783307731697,0.126409807249345,0.154300136609927,0.174803139269714,1,0.0843357130951186,0.17040152440914,0.115254236633812,0.143053886478264,0.155036043999622,0.128475554957504,0.135785677450664,0.0889996719282193,0.17370045122542,0.12886433816138,0.124014478819807,0.176320186915349,0.109847122024414,0.161603151440238,0.117154059281473,0.130497799752346,0.0972326188520932,0.107306556085541,0.0837935970731519,0.115926945465146,0.148773631516714,0.108179160467993,0.142632733210351,0.0976600350827493,0.0962447417955103,0.137371527361813,0.111928067656865,0.110873358354528,0.129027387779479,0.170415150020636,0.098720210887601,0.0692239411461358,0.136003184290516,0.134100718849349,0.126695950033524,0.131596867326647,0.128408368139271,0.120840852154567,0.12397740157013,0.100517340633418,0.161275283199575,0.116930037399329,0.152776161589501,0.127859495916439,0.106279991661902,0.125932658020647,0.187723022620324,0.105387110925988,0.13540308370256,0.137709550041069,0.158789159234803,0.0973720132985418,0.200984634532484,0.0895847268589601,0.104710000713777,0.233964661629828,0.111679570672934,0.103721634080127,0.0867150916294469,0.0932845916336529,0.119245866721884,0.140825825787824,0.125745766214996,0.115143240394587,0.09946318678255,0.0658516163480176,0.138678551349211,0.113107324491204,0.119800295698589,0.121100373515814,0.244405998682732,0.0958025017332623,0.0971895358186458,0.0814335687876593,0.116322793383118,0.140388571906366,0.124558437586816,0.0854061965309309,0.19702101658302
"cocleensis",0.137728972917063,0.141040999938927,0.0928882325247151,0.127857493700787,0.135060999558989,0.102860524778119,0.140653441536968,0.106919462460294,0.227761756496941,0.100916332446692,0.135872552953874,0.110406384421073,0.208261592212661,0.128074836758965,0.244239674529965,0.150373751965324,0.15038976909465,0.119719016531578,0.0843357130951186,1,0.122700046063734,0.139927096177803,0.166844381105998,0.197282294980794,0.0945760830699818,0.107199265478526,0.0717723225977779,0.139853266671276,0.118885367206115,0.11720422569941,0.109113879147927,0.0914904254017393,0.175086345431123,0.311762014294448,0.124930248828563,0.0853086741798344,0.113817795708429,0.0868881821740816,0.0734617788382721,0.124491345631464,0.111590070754965,0.116295405369434,0.117440455588893,0.1060620350687,0.118226577407888,0.138803626712902,0.0691498249941163,0.13754078533955,0.0721870488711643,0.108823238943315,0.0699987615348418,0.092001988280638,0.108807109541147,0.135852762905176,0.109373451614421,0.1417122739849,0.107985807137425,0.115429779309527,0.117197355864247,0.13481933062925,0.113484661784062,0.17745518633441,0.144887695930234,0.104822944452112,0.119314413989533,0.141504203424458,0.111532779672015,0.136432949469062,0.147776509638791,0.125946619246086,0.108478457261025,0.136883933447839,0.131770612792543,0.113798360447389,0.0617564803302988,0.147694014591757,0.0999961636911941,0.122203163974647,0.108629778854884,0.131864883550471,0.0847153964821907,0.131029395044035,0.116774864425091,0.110499480419893,0.0897726187090642,0.0667631520466304,0.117936766798354,0.0993296789040068,0.0981057983282148,0.156221610544054,0.103209453365744,0.109743795046888,0.0852630694543638,0.143558412083518,0.0709304961256378,0.105024745179713,0.109120257682756,0.118744848836149
"cordatoalata",0.16872209609761,0.148410092830778,0.109735957869034,0.166542586366082,0.189585726734626,0.136437758327446,0.273641649839159,0.175334932804416,0.141634965272709,0.107293904131172,0.137089627922925,0.188262299141533,0.147224173725373,0.228832412678883,0.150846698430263,0.207115855366976,0.2487483587553,0.159670011311926,0.17040152440914,0.122700046063734,1,0.159941778525286,0.22102177933464,0.202904544045999,0.163806281774266,0.168526207693142,0.0815895184263544,0.212385814622715,0.228941448375734,0.195976550034136,0.224248378368669,0.125512835250991,0.228335798415136,0.144567173858125,0.179849850039265,0.11887942177467,0.13276296201121,0.105515171950704,0.118053229936495,0.177173466666527,0.167605601403745,0.148689689276537,0.109146190713013,0.127225237927253,0.134250592456299,0.18806484490812,0.115322447046576,0.227495711681998,0.14404060426205,0.127837097159027,0.0993342003162908,0.175894298788969,0.1973224374168,0.199028676237803,0.158245965398779,0.181543572307903,0.167740670816222,0.156563074567334,0.118714522460968,0.229166326998266,0.158053603662775,0.250457004856037,0.160216467351406,0.266068554149443,0.153404546557762,0.322097058187208,0.144446077400621,0.187312226591148,0.213542477961582,0.202923569939986,0.136583923163747,0.21137894260589,0.158311578320009,0.150077920513695,0.138867611474471,0.176916987049837,0.164499205821153,0.138595828494811,0.223591821709333,0.164844118348684,0.123550661137298,0.177367355426801,0.116816266771514,0.139990310644214,0.101458775520542,0.176603489796563,0.148750822171084,0.132062992519658,0.103553591635585,0.192578849313051,0.113207081312338,0.114205640262632,0.112007415573814,0.146117662302348,0.168837526990678,0.137659788809986,0.121131360067821,0.211733100686345
"coruscans",0.266306148559459,0.187005671339705,0.169971114269401,0.268416808814352,0.212832156110716,0.222111382485654,0.211423414422829,0.184817713251526,0.171099074664401,0.145507102001603,0.204649209420759,0.225819004536953,0.125367433416228,0.236549932099976,0.290836325778572,0.170432880722444,0.201873950401816,0.352885858186268,0.115254236633812,0.139927096177803,0.159941778525286,1,0.30361635231939,0.261784712856149,0.208901034055013,0.150897691604459,0.103012325834849,0.231994857549537,0.228971570605156,0.270453851055652,0.161188863929606,0.13657789436511,0.26695382809587,0.181571467984247,0.209379733189337,0.189603103167087,0.246310516020826,0.141583362909564,0.116612591867884,0.189751797254918,0.240377617177438,0.143793730408735,0.13886448806858,0.261834347545428,0.179261234417914,0.212046484719965,0.0985378761427085,0.28152853815838,0.0928101691951632,0.181905488673265,0.133207946287321,0.123453502310853,0.197580268965961,0.296466520242614,0.21746262321734,0.224045750732883,0.251625484350687,0.182726328630176,0.244894367026727,0.204201618961447,0.183452704848613,0.214494777364791,0.366639964330738,0.168836168743725,0.187062988259084,0.212536165131039,0.170436705603057,0.355231498575718,0.195710113033245,0.217061862595732,0.16023945615096,0.191251583244966,0.298842848686147,0.23098224622098,0.0821102083489645,0.292088838273335,0.202941124739117,0.117283145255309,0.156388789566489,0.236526611762847,0.121646451897104,0.305186630655483,0.269904192049305,0.186293408068882,0.166850068086818,0.0898031829569181,0.189707750756387,0.142429494262942,0.23273843998121,0.160411261027836,0.208526036399291,0.167917877991598,0.159903091840303,0.21463150347114,0.110036654142167,0.171994194711601,0.287104034550924,0.228080869187546
