"","acreana","acrocephala","acuminata","alata","alba","aria","auristellae","bourgonii","brachyrhachis.aff","brachystachys","brachystachys.aff","brevialata","brevipes","capitata12","capitata33","capitata35","cayennensis","chartacea","cinnamomea","cocleensis","cordatoalata","coruscans","cylindrica","edulis","fastuosa","flagelliformis","fosteriana","glomeriflora","goldmanii","gracilifolia","grandiflora","heterophylla","huberi","ingoides","jenmanii","kursarii","LA17","LA41","LA48","lateriflora","laurina","leiocalycina","leiocalycina.aff","lomatophylla","longiflora","longipedunculata","loubryana","M18","M25","M27b","M30","M71","marginata","melinonis","microcoma","multinervis","nobilis","nouragensis","obidensis","oerstediana","paraensis","pezizifera","pezizifera.aff","pitmanii","poeppigiana","punctata","retinocarpa","rubiginosa","ruiziana","sapindoides","sertulifera","setosa","spectabilis","splendens","stipularis","striata","suaveolens","subcapitata","T18","T21","T29","T50","T51","T82","T85","tenuistipula","thibaudiana","tomentosa","ulei","umbellifera","umbellifera.aff","umbratica","velutina","venusta","vera","virgultosa","vismiifolia","Zygia mediana"
"acreana",1,0.264945441785278,0.201767359725893,0.294630927155506,0.203271980499126,0.180372603215804,0.246164233411985,0.181825212146028,0.173410958376624,0.134712948346789,0.131225342350884,0.154785536047943,0.181639190019266,0.189086869815831,0.23619261645745,0.19343249035518,0.213276485600073,0.178105211179665,0.131497732010335,0.163591767727687,0.25134744975389,0.222603260098798,0.263373845951806,0.23030301585611,0.182751296819505,0.0989419720977758,0.157487043626037,0.140682704102732,0.211347304112546,0.166439743818142,0.172410020478256,0.208432688200604,0.261764001868801,0.12800044959462,0.170129046082621,0.180842429145139,0.187435489057101,0.131563826231887,0.129100656654701,0.201112789991441,0.154147098066696,0.299416257340657,0.128170120290601,0.248706822599628,0.21527455457845,0.263604985204047,0.149560667076436,0.212150265950594,0.162928599198957,0.232383440990357,0.216949475695721,0.162898077145593,0.235220921050365,0.250558070292806,0.260559666359862,0.233955483753752,0.164690780232249,0.186168004562039,0.211856290953262,0.144743935645504,0.212676492963894,0.249489016253187,0.137688911971429,0.203333010311754,0.261761604807081,0.25962183626578,0.235971455559316,0.199442521321812,0.185428964362377,0.230550959857268,0.145065849987186,0.189944134770698,0.191299663363031,0.177042591861338,0.241404769934412,0.242866644502062,0.199698357022284,0.16069729511348,0.264872297844591,0.188597434694455,0.261690985802252,0.165893126716475,0.135887582037255,0.227720144316739,0.117129292655099,0.145621593086969,0.168002365342925,0.196547248199954,0.143470467308283,0.207734498249004,0.165173049608334,0.168715625401682,0.103653512855178,0.227006072093536,0.254476343656097,0.157089473221372,0.151596632908002,0.275214164839527
"acrocephala",0.264945441785278,1,0.440530619122396,0.375875558926206,0.298709014605063,0.159290894641253,0.28856746782319,0.205747449686317,0.179328485304534,0.127233157321842,0.223472814445763,0.126455344969282,0.205159435201638,0.225722563444353,0.310082291441805,0.295143210129227,0.195196054335553,0.23094353324897,0.138476942558268,0.143555412327922,0.303422215512352,0.261563069272264,0.239877456790078,0.29238537261046,0.200188876488235,0.0860515249207904,0.162828496633777,0.17120548033014,0.205264483847097,0.179309435918991,0.184941936508508,0.218684008699261,0.289596110982191,0.129027460536032,0.165592631670488,0.168727434341897,0.169366590190313,0.247266444348126,0.127533996659214,0.242234480592957,0.190985046318467,0.348208951881136,0.119055649430833,0.285768402199847,0.201891367611168,0.299089518304997,0.205075181090583,0.212982407391965,0.157298834401758,0.221167630239709,0.221794752247133,0.177354283583258,0.395616900842667,0.403410537116628,0.328502305118227,0.203952018211171,0.14920471355491,0.242358305742986,0.287288726477265,0.149930971553922,0.186266268825432,0.489960714647458,0.121772034274681,0.296103091228782,0.417589562477232,0.265864415291105,0.224905374578919,0.335856034411861,0.244817502613708,0.232245776850589,0.185116324174947,0.310332466911313,0.1982846911806,0.180071157141513,0.291527432171873,0.26595522551232,0.212526659286221,0.159795796331847,0.438265608370395,0.231265787198182,0.349554782377461,0.151943852834213,0.123911091994708,0.299230017331531,0.110589081183893,0.197292103868332,0.188403422991148,0.217882480196476,0.179649178119318,0.204071752414478,0.153020373751882,0.281059200921263,0.127552909833424,0.229822044019552,0.334425750927431,0.179514158315129,0.211836346776181,0.348495272422412
"acuminata",0.201767359725893,0.440530619122396,1,0.294733734166068,0.262075141479491,0.175686390558838,0.213268022485692,0.159361573081759,0.157629812222744,0.0924727414797842,0.155594840715848,0.077252179023083,0.14869411140868,0.143473872145876,0.289596947286222,0.235846537734555,0.176250361215528,0.181119901440507,0.112767348532532,0.109126079226532,0.195821747259952,0.189479300781354,0.196961601682919,0.262065669174033,0.216369689781582,0.0835251772630012,0.167081485762306,0.109149762390587,0.212885720010278,0.130947884556497,0.203544411168355,0.223548634105918,0.221581669322845,0.119245160688757,0.168120018836981,0.169039608697026,0.17120380221862,0.257215044108269,0.139815124573265,0.212586993221552,0.174124012079809,0.260787993688275,0.0989856749778898,0.271390002834036,0.167026540500262,0.304097782843658,0.129384636958256,0.209072896056473,0.0783076756630581,0.206316753965119,0.233975102937531,0.199362233906748,0.317488868729929,0.42244719427112,0.241428878995078,0.156922735123199,0.153064182414675,0.150376136816051,0.261180513616287,0.112610784722847,0.177914904499971,0.502667215008372,0.0987681323614135,0.208635619230378,0.419178293641066,0.201292097743436,0.208722302488194,0.31104012549022,0.260398442615207,0.190953568311335,0.155688980651785,0.258189569423507,0.147097739098726,0.173074618689653,0.198435131758857,0.245437638328991,0.172814229339016,0.126517962902773,0.412526787362065,0.18115634432241,0.283649161084953,0.123283115518171,0.108546822088092,0.270685967485012,0.112497967403137,0.198536554866399,0.132972657544496,0.211500373875119,0.156501803513698,0.173339644851892,0.160703098954148,0.213255848863058,0.121062390159822,0.156039702374405,0.323371436178462,0.170388650487566,0.134809259415609,0.235565797545607
"alata",0.294630927155506,0.375875558926206,0.294733734166068,1,0.285356520928215,0.168151537116731,0.323220800665371,0.225880509481743,0.225926189198652,0.170206466958835,0.163171068790602,0.179374457200227,0.22102697360431,0.246737866202016,0.274715947328209,0.250838070587971,0.208406987572402,0.262804822022837,0.212202629320521,0.162711467375849,0.334104385565441,0.290615048757259,0.253516090333553,0.341603345619682,0.211877660317653,0.119532514238093,0.174844732020012,0.191443995287831,0.227329046543724,0.226388699643011,0.204046315330416,0.262947205362075,0.332398541307433,0.157038116329058,0.200642969811244,0.168621728079476,0.196933505168448,0.215368501907455,0.14312640735483,0.232081077576893,0.222631566921116,0.369216463308495,0.134571332181105,0.279877003046314,0.230561683339727,0.27949917375026,0.186760365432825,0.23461939073144,0.185280993582096,0.244241350486831,0.229101192865532,0.180586860374901,0.399618211124964,0.322395231457041,0.338159984365228,0.257672915012358,0.166969589210314,0.190787944445867,0.247032971279126,0.174445983940026,0.196359501538572,0.354811652241167,0.16749016489777,0.253999511611545,0.324762285554334,0.313832393578717,0.234460105649193,0.363387041843649,0.248782062652701,0.280607130234133,0.160011328789356,0.309716888040802,0.215421345201051,0.18397979499631,0.29519080464698,0.323468111271605,0.204070628382255,0.1630845810038,0.333826982573536,0.250824618142362,0.305150869657967,0.175795042688253,0.157421462204503,0.278322920244942,0.135471773839121,0.174541151673494,0.227480595683913,0.196027658209225,0.186132583685936,0.217922470447705,0.181207922700506,0.226594258622994,0.0939174320776922,0.252549500319269,0.376789228795642,0.188060938432465,0.221198040743231,0.361089390257931
"alba",0.203271980499126,0.298709014605063,0.262075141479491,0.285356520928215,1,0.150854103048141,0.258171121798438,0.200485463361873,0.174129907777231,0.215551822766627,0.30418431187097,0.204027775368948,0.252749598093931,0.144579914057463,0.37265178868559,0.218125580643381,0.15458030731066,0.19988489669447,0.111563052549042,0.192747272140971,0.270218231529796,0.17975476886612,0.211355515630297,0.293378887918529,0.217929485914486,0.213811874067013,0.164218890407727,0.135977227141573,0.198939724338267,0.152764218184329,0.243225246641729,0.286911432987596,0.249208525468718,0.156480141737254,0.272483425212468,0.162818713695064,0.165504068860353,0.233315585574749,0.124688992122814,0.206032449524984,0.298713790855037,0.266385745972049,0.143446397800649,0.255886651268132,0.202354432987987,0.258957836774282,0.232933527694696,0.200874204532232,0.19514694620586,0.314991448337415,0.20567382382626,0.151173291095499,0.327053103201931,0.244701814860755,0.231683170868912,0.233363363503657,0.152952882582747,0.188347301154854,0.38310093065382,0.150931181018771,0.215608912191879,0.357922543380258,0.129747353131869,0.207680908730498,0.312259878243301,0.249285449753433,0.219601307600502,0.315699906297713,0.251173731087378,0.226701992348104,0.337362451571877,0.269731959121541,0.172870409272303,0.185082237850953,0.217137154451464,0.249391767257312,0.194191166291168,0.131947106855923,0.256012024760398,0.198598630833382,0.244873615560611,0.184411111409835,0.111222014503836,0.235742235113885,0.124003982282864,0.2533484609079,0.137058378059914,0.202855045708083,0.161455918727739,0.317182198250302,0.161725090381233,0.303008933753697,0.103168718152173,0.190567479846887,0.267517472307672,0.278618888464942,0.246435241071583,0.280586795667582
"aria",0.180372603215804,0.159290894641253,0.175686390558838,0.168151537116731,0.150854103048141,1,0.159812750116157,0.141981662744714,0.121004593395875,0.0977431116647408,0.128758043014485,0.0992106859669644,0.109943496242782,0.104549412350782,0.193644857590627,0.161610551635106,0.170229310354122,0.107632573381913,0.089505681947919,0.136563947371994,0.175214108940178,0.13356678297921,0.184933150921223,0.160214409486468,0.123695658488146,0.0739461871203786,0.161991101662572,0.126381057619456,0.156250853424379,0.121328292773218,0.14224155609781,0.147934682238177,0.176006684441728,0.120959165351562,0.138197586192053,0.148157903728142,0.209277850947971,0.134152601700807,0.144904712072206,0.150556675186779,0.125413391606929,0.181038902086993,0.110000138619773,0.137803895517269,0.149712292095967,0.18479541071286,0.124491056398369,0.174281324022911,0.0885173264637854,0.182306597759456,0.148454818175992,0.136802545099846,0.180924237069177,0.161082393027317,0.179077165934845,0.171772700378225,0.148451533323045,0.171234205207501,0.155140211252992,0.133798158326881,0.177377408346529,0.164664186260175,0.097388671265947,0.162104561879853,0.199330693236998,0.161616829604249,0.153278186174732,0.138993530487446,0.124838957590778,0.131159206741607,0.116457636059646,0.165744380499686,0.135640452789711,0.138326747198516,0.162606029294303,0.182676563114463,0.170719580345307,0.116737721362283,0.164106787043808,0.178783881024801,0.167953127100294,0.116901944522995,0.138178527748838,0.16565140766384,0.0777939438234058,0.122720974632666,0.139872478630669,0.141000216371672,0.217014070438376,0.133684086760057,0.154285252035098,0.155024171064722,0.083314754215325,0.151144166087445,0.147225679005955,0.157646809046597,0.106147888309795,0.155959145258745
"auristellae",0.246164233411985,0.28856746782319,0.213268022485692,0.323220800665371,0.258171121798438,0.159812750116157,1,0.203958426648973,0.243593030807345,0.167461028481584,0.157189553103564,0.189886586609808,0.205133306332783,0.279889271793717,0.326142091259095,0.237883958951333,0.175677439497157,0.285081018674452,0.168549944909111,0.175198053785728,0.335059223839867,0.326274371091837,0.275408137336218,0.334812023311655,0.19321643797667,0.127143680066342,0.187574600121569,0.18158592593206,0.20809423615804,0.279541171852949,0.187166482688678,0.206953920988912,0.296539267828355,0.15599674006286,0.172753382785245,0.170455683753184,0.193143063973668,0.190293261569832,0.116580253974478,0.212180273359982,0.188359318697334,0.323782207700323,0.158472686049146,0.218612153334677,0.184984926736783,0.233777506671996,0.154189714333283,0.219521263369178,0.222057567491891,0.249210794651772,0.185576564888327,0.158534920516058,0.318886857002935,0.265846709804873,0.294847407523821,0.263710396145596,0.169645708766155,0.277027637156622,0.280313953687765,0.164299957813016,0.181793009690221,0.279367531872404,0.146247112606551,0.259885388548847,0.270943290156662,0.279327321363357,0.226939584795285,0.3159846818729,0.242711299221624,0.273270595552437,0.192390069148141,0.260525902958367,0.266138367277695,0.155219412763915,0.266698634535693,0.287391163269721,0.172854407122472,0.179505954748909,0.249151809861284,0.251222174262199,0.294673636975378,0.192416303465213,0.156455336797741,0.247514679972674,0.150621667103935,0.179241474081735,0.312176990439719,0.184902256926442,0.187291080151489,0.195005941005755,0.153351904353376,0.17583631707904,0.0973145866334673,0.212594413581945,0.212811986444297,0.192686004397974,0.258397536075151,0.373045079131608
"bourgonii",0.181825212146028,0.205747449686317,0.159361573081759,0.225880509481743,0.200485463361873,0.141981662744714,0.203958426648973,1,0.153385164829335,0.09440465574407,0.106148688671011,0.121766078598275,0.143158471182324,0.137938144102184,0.191689173837184,0.159920733729077,0.146467121711703,0.176144314102749,0.105967497279297,0.147375602175421,0.177341833741143,0.158168693360466,0.26771846656576,0.198853763831317,0.163385588711538,0.0931871532689452,0.113563685851284,0.146182794714074,0.181161621537909,0.140917421906726,0.158187679933453,0.138185229797995,0.256163635807785,0.113289511115989,0.195911360228006,0.132060446522789,0.139046396945623,0.148381039455404,0.12074646415467,0.170657590543369,0.147841466537107,0.237549696557086,0.121670880533348,0.17786370601353,0.188882474993352,0.250193527213726,0.114667975131175,0.188417470407208,0.106154809561112,0.167304499070777,0.149143201854444,0.15591558248948,0.25498720130062,0.180199358859189,0.231772750034839,0.16748168161346,0.129430260360442,0.155316905509816,0.17794613972803,0.125198052367837,0.157035077752724,0.196783764391748,0.116272485174691,0.163878883255809,0.207239513690989,0.219188702197474,0.183601757878848,0.193901038849264,0.144437091203934,0.181177312921909,0.112810733915456,0.191373696439736,0.146844283748397,0.164682417458029,0.159903953455485,0.215206899561179,0.190811516338194,0.132768532199241,0.21823039362588,0.149792001704808,0.203993614615142,0.160742248830177,0.122050422067176,0.160449908029024,0.106055865995602,0.128717724453745,0.121527851051087,0.149868803954396,0.126356847450849,0.159355233977169,0.163456004579216,0.135199564172384,0.0818832862275649,0.164920314566221,0.185843490204809,0.113417869226568,0.132209929204676,0.185813999296482
"brachyrhachis.aff",0.173410958376624,0.179328485304534,0.157629812222744,0.225926189198652,0.174129907777231,0.121004593395875,0.243593030807345,0.153385164829335,1,0.205919935977709,0.113095579570849,0.220084724011217,0.176080666795469,0.465073764398491,0.162287961502459,0.144847128567425,0.141474497083785,0.291198441592635,0.225520174491684,0.155283145426347,0.184907584896017,0.418620016214317,0.170190456638189,0.194310489441177,0.113940912319275,0.113512423141563,0.109351033324717,0.149840619273185,0.158515627755241,0.493857841831363,0.118703419561288,0.167970654092993,0.180828827064368,0.100211067957411,0.126429227871808,0.0967850456040216,0.117741410666416,0.15417637157519,0.0848865823154358,0.133687731900514,0.1662487392025,0.204186716531026,0.123894205648878,0.152931429811993,0.14568355360187,0.159637390416362,0.162326821444631,0.163086430557606,0.41836004900259,0.158388549559803,0.146013262837078,0.109504625713868,0.230425407330614,0.166051493279742,0.186088710971801,0.159091506509146,0.127117557555222,0.181226240674295,0.127136305568657,0.149608561809452,0.112404963355073,0.165075005841255,0.111922723530509,0.139006138040931,0.14027091299317,0.212831705581517,0.144591317947714,0.214248613087624,0.162758025062442,0.246747688193252,0.095866380192775,0.170992993102557,0.24513058235572,0.129371806061468,0.176939379349579,0.170606560274074,0.145864972590303,0.108484161529638,0.173598253418645,0.215076513995851,0.179282519472069,0.12916193101518,0.135497746230977,0.151019865737821,0.149347147147223,0.0950868371092915,0.329348702814106,0.113460620770459,0.135486947915725,0.145590946595761,0.108190675699487,0.153082225200317,0.0574737212948035,0.145909848698496,0.137521507566869,0.127703366589032,0.203485733771112,0.315691195065059
"brachystachys",0.134712948346789,0.127233157321842,0.0924727414797842,0.170206466958835,0.215551822766627,0.0977431116647408,0.167461028481584,0.09440465574407,0.205919935977709,1,0.291364021553405,0.348475868645357,0.226544030538932,0.200109733033864,0.115032708510909,0.0808424330204394,0.148170507138377,0.166289044704033,0.119470910971344,0.097320691099908,0.144912223365819,0.20259342922625,0.113943721493817,0.125814702426225,0.095230732844528,0.247006358104641,0.100728118262986,0.108309561384609,0.11830563890847,0.198768802418153,0.0731099038460436,0.364360362143598,0.12996398156037,0.0779390843961461,0.266374587089989,0.0738840017524714,0.0926682643239999,0.131262907887936,0.0545152646506069,0.103385329632104,0.305805614691484,0.170160742283254,0.0969016872261749,0.105328180450904,0.105514218510882,0.0931256720704969,0.335682710684981,0.108277688296525,0.317333958198808,0.25415680063826,0.093712043540514,0.0830801886516179,0.161656325834986,0.142199189558256,0.124775290092458,0.134368483730445,0.0968195337808778,0.145710792773091,0.20363868465425,0.137636875451624,0.0942274251219186,0.101344495200302,0.0684462246966853,0.104117999497693,0.101369452523855,0.169569872468024,0.111913735116656,0.136375525280307,0.10093035306648,0.160869497092172,0.264045918944931,0.119802411749852,0.161510305216741,0.105258748883923,0.16259368714948,0.116597051285911,0.100464640350948,0.0705289694145927,0.116931839423962,0.156916076467262,0.116936784237318,0.110816726900478,0.1079209041195,0.0997116853237205,0.094860709656347,0.0706824331982834,0.150026320964776,0.0889797583333816,0.107297379889169,0.239564633406515,0.076808080071388,0.240478227220693,0.0403854745458269,0.0999048687345696,0.101642632098415,0.324471019690996,0.164980262652636,0.178980225091015
"brachystachys.aff",0.131225342350884,0.223472814445763,0.155594840715848,0.163171068790602,0.30418431187097,0.128758043014485,0.157189553103564,0.106148688671011,0.113095579570849,0.291364021553405,1,0.239577566297328,0.214258032087667,0.106096047563255,0.242849445875768,0.134906641320611,0.0960048598463652,0.13873505816801,0.090221141070829,0.105123392996515,0.185097094581057,0.133558997577675,0.206411918375191,0.155161082549294,0.114900335085611,0.259072782749883,0.131701349363296,0.100909142285087,0.114841354110257,0.116100257828506,0.203962848967542,0.330766730096938,0.167060770987553,0.0998860486766811,0.286451311627265,0.12166294280307,0.116364235544378,0.117836175978797,0.0821767217242018,0.157721319076953,0.334839151610558,0.146932859948864,0.110511994670061,0.123305373628176,0.140088722458999,0.14841226877781,0.317352224679559,0.12980248822921,0.228689379859282,0.303783824308016,0.109127568070246,0.0977514041446107,0.165017814246804,0.154792342275834,0.135764751260436,0.121830885942375,0.094965665852944,0.11189920486662,0.301069434590327,0.135566773312057,0.149602356400946,0.229912053799576,0.0951264844092034,0.164907908860943,0.181939889670035,0.132064555383316,0.129252092586429,0.164272932495905,0.167913615915872,0.129486595191937,0.417817640386715,0.245457391955102,0.144983309537939,0.143007484447935,0.137511571059305,0.1584709296967,0.115939281323533,0.0817324627741612,0.152309948890593,0.158863399381604,0.156428781448913,0.129227595951233,0.103961729756641,0.149614168811214,0.0851026658806103,0.21791043484614,0.171524884656746,0.137916060329211,0.124921589720733,0.255318314898529,0.0961446363373356,0.310115301148465,0.0767656517593042,0.158324361398762,0.154263663007896,0.3430648574512,0.26390665951048,0.161628629730763
"brevialata",0.154785536047943,0.126455344969282,0.077252179023083,0.179374457200227,0.204027775368948,0.0992106859669644,0.189886586609808,0.121766078598275,0.220084724011217,0.348475868645357,0.239577566297328,1,0.225909272136135,0.302692028385849,0.0950387350943939,0.0954450830105803,0.145161770528705,0.157316050127305,0.122807602765942,0.146206999069282,0.191687242311555,0.33549719387147,0.104313180373575,0.133773003041836,0.0857406671068802,0.229027883301458,0.0942191840383543,0.116757245563814,0.10459357881447,0.239607734217127,0.100257127446826,0.289026425097605,0.123703246629237,0.100753949066914,0.256039981417282,0.0910750125226825,0.102397962099551,0.0836267153250589,0.0752610159672258,0.0920099622454317,0.28550624631958,0.15084921453729,0.111380554843054,0.0934737623425516,0.128219036434064,0.12162080917798,0.281319856248043,0.10897206664907,0.467088355545258,0.267425803293002,0.101516426271714,0.0882626356508572,0.144746047159183,0.123930334533742,0.172382809072779,0.155894770522132,0.0978656375169877,0.134505353224745,0.20357710733501,0.131266632047166,0.118986148387502,0.101767702141015,0.0689433927420234,0.114998020036489,0.12843210532942,0.202769081428604,0.110746345635078,0.125702876806598,0.102562943201178,0.155837416403061,0.242988881791024,0.128838599868563,0.212808175567084,0.106306781721965,0.128523783528822,0.138704915754905,0.0970584489152714,0.0931561450061553,0.101002285092632,0.146676077239554,0.129820048015535,0.143154655298848,0.0931147734880818,0.0914970036107764,0.106209973124978,0.071818369136548,0.24209051394999,0.0730357476271048,0.0951970403981758,0.220799221007993,0.0982703604083091,0.22515459180589,0.0483736623272806,0.089105766226529,0.0985408683321193,0.255990890191448,0.18678133179859,0.286445952127425
"brevipes",0.181639190019266,0.205159435201638,0.14869411140868,0.22102697360431,0.252749598093931,0.109943496242782,0.205133306332783,0.143158471182324,0.176080666795469,0.226544030538932,0.214258032087667,0.225909272136135,1,0.219417031486798,0.163031635472077,0.122771319060185,0.12306241197916,0.192071915470548,0.130875320357288,0.153696569417404,0.160844230493534,0.239528874545617,0.179747652249479,0.159980789404255,0.112492432396435,0.194388753608127,0.102434826095263,0.13543116857242,0.143594039250272,0.172855160519512,0.108621681087535,0.279530961845773,0.178181920769889,0.105182714530769,0.205046405127537,0.106700823476192,0.119049634399004,0.156326465269152,0.0804381019008786,0.124684971534763,0.249977165012959,0.219592591115575,0.112909087576748,0.152887039365977,0.140653856285541,0.16219395459178,0.209597867564097,0.151875707527351,0.250405688066509,0.252070138582098,0.160449377974167,0.113136062078755,0.206693695329005,0.203616347528114,0.1667615085989,0.183295971793192,0.124854102781102,0.135000623598136,0.244847340303577,0.12213866611487,0.107592131042169,0.178376041792052,0.108780924551438,0.126061977219446,0.158942420805656,0.167483894589193,0.160389842835392,0.193245323256392,0.164067517225443,0.181844448195747,0.198446470499092,0.176142692799075,0.155039384928165,0.16450114796856,0.159207148176356,0.154156446513902,0.142378830596633,0.0957245920514237,0.181496774409965,0.187287457116313,0.185274776636163,0.156701299092472,0.134658997894504,0.145590021181745,0.100162606426613,0.126467720295666,0.181880535527637,0.107301305438445,0.107546765138791,0.237752422056185,0.129596042087743,0.208275223275097,0.0564592354463328,0.166404451718046,0.164999883369961,0.226990186416332,0.162448606457389,0.221249094817698
"capitata12",0.189086869815831,0.225722563444353,0.143473872145876,0.246737866202016,0.144579914057463,0.104549412350782,0.279889271793717,0.137938144102184,0.465073764398491,0.200109733033864,0.106096047563255,0.302692028385849,0.219417031486798,1,0.162908427105924,0.122323061586693,0.175678818463536,0.263544711370608,0.203527089934325,0.150893728320872,0.220774963111936,0.490752760575799,0.15343156646283,0.181108286856689,0.109957158841421,0.100151855094697,0.0932090904556296,0.133605400352276,0.15598349703236,0.510443897158216,0.0978183520623846,0.17316022698143,0.17748157708229,0.105031585725087,0.129068807234695,0.0944316449105841,0.109519679365446,0.176710449384865,0.0798239500533397,0.133027632856744,0.160178193400408,0.216912673799661,0.126371486939674,0.137560808335305,0.150136053274646,0.149935033731055,0.137806844117388,0.142404910119508,0.466557804567663,0.151919412442812,0.131683289351355,0.10744001302716,0.194851030533799,0.187065611118413,0.190733356601338,0.180164961698407,0.0973931518473013,0.19997753186448,0.146870041051521,0.159951927301072,0.117670319532908,0.177014894643516,0.110315042571523,0.125361888225746,0.155037774296999,0.22091333478879,0.161177495999815,0.18574772001964,0.137347423144437,0.244111731296973,0.104709619879922,0.162480005990173,0.253516950508656,0.139122757482935,0.174453261833097,0.164252813822557,0.162503975658539,0.116355971068506,0.170080467806346,0.22191133044105,0.207013764305917,0.126611413397904,0.112162532820515,0.154401130257392,0.144100553444386,0.102461539186696,0.312945547853609,0.126479897052042,0.120410473481297,0.131791731712678,0.121950646354185,0.103600467970704,0.0577026692443309,0.162414713237656,0.162705437195062,0.114824378454342,0.273627171493356,0.354763338916918
"capitata33",0.23619261645745,0.310082291441805,0.289596947286222,0.274715947328209,0.37265178868559,0.193644857590627,0.326142091259095,0.191689173837184,0.162287961502459,0.115032708510909,0.242849445875768,0.0950387350943939,0.163031635472077,0.162908427105924,1,0.263579784826629,0.186895527339599,0.208065489647295,0.126265645938414,0.216251692923523,0.318771493693551,0.19871804726284,0.249318544235313,0.298441556411744,0.215546049762068,0.120021058185671,0.202945609427,0.136629121822825,0.256083722128106,0.163299594523222,0.312645521956008,0.185224019437421,0.281824553863338,0.149026877203866,0.171081549648411,0.224747468194734,0.215646540422125,0.182910141111451,0.130685459903982,0.256468177105418,0.18756811984044,0.271005291431398,0.136511204480208,0.281736471656353,0.224681016126713,0.299645135660079,0.137411548914869,0.272370495924665,0.097848514468991,0.227641518654648,0.251236572200058,0.221800782304147,0.278623968719874,0.333403835298056,0.249774418132552,0.278921145391806,0.147066641521705,0.221533881714851,0.408773860925162,0.136798220394081,0.247511212155202,0.394558435553199,0.156582002179801,0.278212517184593,0.337452148391563,0.241926463855856,0.226512334353204,0.276770313094759,0.272777090206119,0.206230818026689,0.303912920460926,0.243141948238335,0.188353143370284,0.217983171158596,0.261365510925197,0.281431191260252,0.216001793937312,0.164703870466993,0.304143994067912,0.219345301918029,0.313677897312104,0.164753971799251,0.124350226583671,0.278193673724867,0.101996138075045,0.338720867318562,0.164257932916454,0.242279042342209,0.166798052453023,0.215414679724624,0.158437254195796,0.207741565848256,0.13812917445384,0.242008295736149,0.280740786416651,0.178281888930578,0.29233147322985,0.265430524289
"capitata35",0.19343249035518,0.295143210129227,0.235846537734555,0.250838070587971,0.218125580643381,0.161610551635106,0.237883958951333,0.159920733729077,0.144847128567425,0.0808424330204394,0.134906641320611,0.0954450830105803,0.122771319060185,0.122323061586693,0.263579784826629,1,0.154879749822198,0.193686796748768,0.110473155941481,0.138671735581055,0.238382183314151,0.156372630478997,0.212376588617791,0.230087888354873,0.195053382929325,0.081690306241527,0.157460167513732,0.131298701215863,0.171459670437388,0.145830862401028,0.252061131954986,0.156341519914765,0.227006669667176,0.117459432035086,0.150933675571197,0.195907663540486,0.165759563301706,0.139189104386781,0.144635889916162,0.214259682949758,0.172757074918024,0.229613561419932,0.101343178362347,0.224207076349342,0.163799694292073,0.272996947935383,0.193742008998853,0.215033706910772,0.0889549728882877,0.223510011154304,0.190534102450987,0.185662130506835,0.254436581892928,0.298354246636975,0.317271873618878,0.162882182926051,0.113647678569661,0.167831690189288,0.271733819828486,0.113424400827321,0.212910565974075,0.332632866797027,0.111894722934294,0.18900752758979,0.390337505643683,0.21240538787445,0.166785294381705,0.267880554040975,0.184221968728275,0.153463877619812,0.147922766470989,0.235799365118654,0.162387132522012,0.154967813866548,0.30365613881608,0.268723529400793,0.185927632249597,0.122238714695283,0.292077875247408,0.170507014613245,0.379222424178132,0.125541312835308,0.115423720957259,0.330489711993605,0.101511056518676,0.201918157731195,0.128378027345006,0.217378591125519,0.138823483257096,0.160924079193357,0.144090599850668,0.341104095531018,0.123404878340493,0.176849956321964,0.285810868146353,0.180804846378369,0.152325291587592,0.303791788543609
"cayennensis",0.213276485600073,0.195196054335553,0.176250361215528,0.208406987572402,0.15458030731066,0.170229310354122,0.175677439497157,0.146467121711703,0.141474497083785,0.148170507138377,0.0960048598463652,0.145161770528705,0.12306241197916,0.175678818463536,0.186895527339599,0.154879749822198,1,0.126406817136177,0.10554866619452,0.112400950756744,0.193010994753136,0.18415087008029,0.175502504355538,0.178103474035024,0.150385707882576,0.0796421584679652,0.141027131460651,0.131180384155255,0.204092866477373,0.126490210651828,0.12089163503955,0.158212219467078,0.164769308485427,0.117925175919872,0.122278159535929,0.127583916313598,0.138693778427932,0.115992898908097,0.103530363131568,0.137073356609535,0.127111960661537,0.161810558718267,0.0967640760070693,0.158601143596686,0.161676780609103,0.165620157869608,0.103814938825244,0.16998484247064,0.159851421875873,0.161347098865325,0.15294356992968,0.140049551021523,0.178788493168613,0.182181110366565,0.171667016063137,0.150898154684707,0.113044864955917,0.169562091898359,0.153090887157265,0.12990974411166,0.149168075123019,0.175456957091269,0.0853305987720398,0.139272816491824,0.175960011891511,0.218964760001888,0.152465312259369,0.163118614831807,0.113836051923133,0.144073617562374,0.112249916366061,0.162698809606861,0.142135453981016,0.178342247810692,0.17910599758593,0.1551320172818,0.161792845961609,0.129372390265736,0.165626766518593,0.156096102507092,0.193647141635639,0.116340484213401,0.140227809918056,0.159681297252639,0.0798644815898503,0.112091323535844,0.135192011117695,0.151560699061557,0.166159426464607,0.134873430657274,0.147463652735723,0.106582308484115,0.0786507838174354,0.147388832597308,0.175336139746195,0.13757697436983,0.128861824452134,0.266817596328818
"chartacea",0.178105211179665,0.23094353324897,0.181119901440507,0.262804822022837,0.19988489669447,0.107632573381913,0.285081018674452,0.176144314102749,0.291198441592635,0.166289044704033,0.13873505816801,0.157316050127305,0.192071915470548,0.263544711370608,0.208065489647295,0.193686796748768,0.126406817136177,1,0.374030384263958,0.145723248757617,0.219876968475243,0.284476875350685,0.190731973277005,0.239022760782402,0.135359449163346,0.120573783981918,0.120449387711376,0.16121736202234,0.155113059279505,0.246176283695672,0.134038926662213,0.195764448004525,0.213529926530636,0.130927179029383,0.15444107214873,0.118793742750701,0.130980108791123,0.178883621220187,0.100347208857328,0.179187755355474,0.187420564421147,0.21382759595599,0.170688589872984,0.181954031360357,0.163643830911495,0.209332487537511,0.168104803944548,0.207537067259378,0.202494690159679,0.183873892783456,0.148009388080035,0.127812360676457,0.262227292567582,0.22468551992588,0.209329914014844,0.189656458459327,0.127253031257514,0.180011046793956,0.193310467004394,0.172065875303086,0.144873843003504,0.219901082713669,0.115519112759999,0.178887783406048,0.194716999259865,0.220474018191557,0.165735533959822,0.388000648690361,0.183072123062386,0.45705379762245,0.128012431275618,0.198895388565491,0.198259530198955,0.144951335065365,0.175659562935969,0.214159508897788,0.140447324551931,0.138985488520646,0.209687259761297,0.398447686999531,0.261754518005584,0.137526951824235,0.134633348184563,0.182515963504849,0.156728220271097,0.137239500785046,0.248053883552194,0.142250232234114,0.15198162263467,0.174160920361818,0.129273649473802,0.149477827006455,0.0753815314756409,0.178271013188787,0.194111153600186,0.153188734673303,0.211230775035521,0.249515560363755
"cinnamomea",0.131497732010335,0.138476942558268,0.112767348532532,0.212202629320521,0.111563052549042,0.089505681947919,0.168549944909111,0.105967497279297,0.225520174491684,0.119470910971344,0.090221141070829,0.122807602765942,0.130875320357288,0.203527089934325,0.126265645938414,0.110473155941481,0.10554866619452,0.374030384263958,1,0.0832133726179299,0.122898904774913,0.192370501489258,0.101388895372941,0.144855174540642,0.101026891965988,0.0812996297777004,0.0847243008803262,0.119873124254908,0.0938362710831915,0.176508428680844,0.101810657433277,0.135496778514533,0.121335103131623,0.0774773170899406,0.098648396105281,0.0749458809852,0.0762358089735236,0.105793852018557,0.0643023472381966,0.0978608338345917,0.121408920797017,0.143975491911566,0.084278971701225,0.144919627498579,0.096026017595173,0.131834060373994,0.110173779435556,0.101596603301271,0.138460127378675,0.117507711044775,0.144357713452814,0.0817027680944979,0.152890175578405,0.144814577790806,0.134063481251563,0.110422831451733,0.0766344786667301,0.119364983308528,0.103416847923873,0.0988930052299252,0.0862710364539014,0.124233814397213,0.0953239578507418,0.102022769275451,0.107540979470596,0.120856155961438,0.0986162584442908,0.284192640987149,0.140436952803992,0.354458717723266,0.0820542390814138,0.131532985964375,0.143391790894705,0.095992764412844,0.10362229844128,0.139729144737208,0.0858402228865498,0.0856355495518822,0.148754369871252,0.446654572321949,0.12464894863294,0.0953459339189612,0.0941404096917719,0.105901958460062,0.109228223668722,0.0963870173135927,0.131141555676064,0.0864041185843481,0.105230443575465,0.117692401646844,0.0747782305769669,0.081664324072664,0.0463277303962717,0.10241457116448,0.213838096618575,0.0934806855695816,0.116395701841967,0.143099074347452
"cocleensis",0.163591767727687,0.143555412327922,0.109126079226532,0.162711467375849,0.192747272140971,0.136563947371994,0.175198053785728,0.147375602175421,0.155283145426347,0.097320691099908,0.105123392996515,0.146206999069282,0.153696569417404,0.150893728320872,0.216251692923523,0.138671735581055,0.112400950756744,0.145723248757617,0.0832133726179299,1,0.153891204521544,0.144667239782452,0.142950831148553,0.156307283039522,0.133675208893787,0.111228877201873,0.102535048519802,0.112685428700211,0.13150800311473,0.125238361363531,0.111677380061103,0.120402578096894,0.164226862751189,0.157809756126086,0.138067972922193,0.125721438636172,0.156447364500505,0.116301241531066,0.149558112254357,0.136994206656671,0.151478929585888,0.19371584625603,0.143534182200043,0.122825042025895,0.148408810921843,0.144729123749964,0.093746807164535,0.147874690737983,0.107870831673532,0.165842949301485,0.128148470693259,0.105897127696863,0.175033850744994,0.132834526051651,0.156724146924613,0.258456388015341,0.125046090954154,0.119571267563629,0.12976408200103,0.144115451406297,0.156109214886418,0.135144336132899,0.214284348304082,0.137452124976617,0.179366126875554,0.166271737505215,0.155410894010805,0.151914145182484,0.132164127988134,0.154378155346352,0.100913835580729,0.159691690071737,0.142179270742996,0.133754245065034,0.160653775184344,0.160438641542401,0.1486522841084,0.0971533052366771,0.133360391911186,0.160546468489086,0.135320995882117,0.122598593691058,0.102245863367442,0.145597946521396,0.095976166827996,0.111433631617046,0.126929058447099,0.121948701350557,0.115030557987363,0.13179564429662,0.19516780097572,0.119806190031257,0.0728568266658201,0.140577557442457,0.140147205660845,0.127145858142066,0.157199577872544,0.166911022280706
"cordatoalata",0.25134744975389,0.303422215512352,0.195821747259952,0.334104385565441,0.270218231529796,0.175214108940178,0.335059223839867,0.177341833741143,0.184907584896017,0.144912223365819,0.185097094581057,0.191687242311555,0.160844230493534,0.220774963111936,0.318771493693551,0.238382183314151,0.193010994753136,0.219876968475243,0.122898904774913,0.153891204521544,1,0.247418387084627,0.232009040555012,0.297766988187839,0.173986854271308,0.103401401634593,0.261122341283836,0.191181091574019,0.212612351778791,0.227458904650747,0.212201674104925,0.181121672726871,0.28305559930118,0.137103145124868,0.161525155334546,0.208038592665681,0.193945852131184,0.141212161219211,0.126257308199322,0.235661213161534,0.155506137522992,0.251116018621094,0.176407485364863,0.214968328143857,0.234826130350894,0.251212577763493,0.181108941438552,0.200807165314567,0.175014356942099,0.2251724219388,0.188953552311941,0.163787482168992,0.325283982294709,0.298088930906994,0.355098524308722,0.236244252964,0.163847555539721,0.266144996801589,0.424312845790583,0.131254920871198,0.229774040218321,0.284209426503989,0.133319402026141,0.412206927180635,0.268009311235078,0.298233427384349,0.228890400035143,0.273766702137272,0.203736066564909,0.208382354761476,0.222768597438213,0.224671113029229,0.271610592204143,0.169704761135237,0.341146041866088,0.265804097001127,0.184448467297464,0.184449005155652,0.255481161005706,0.212520439284705,0.287017326505797,0.152946204089511,0.138802317918381,0.310366054317797,0.117626767620477,0.204550942054895,0.238938585792441,0.212785788152838,0.184837721809081,0.189606155955514,0.146423831324346,0.203735121528592,0.112567890168136,0.238605969270395,0.215260894913552,0.193761628645955,0.260321107812465,0.328720859433365
"coruscans",0.222603260098798,0.261563069272264,0.189479300781354,0.290615048757259,0.17975476886612,0.13356678297921,0.326274371091837,0.158168693360466,0.418620016214317,0.20259342922625,0.133558997577675,0.33549719387147,0.239528874545617,0.490752760575799,0.19871804726284,0.156372630478997,0.18415087008029,0.284476875350685,0.192370501489258,0.144667239782452,0.247418387084627,1,0.181799162590836,0.220111426991589,0.12302963073424,0.167376697773923,0.119395355642954,0.143054238959408,0.19121680541567,0.467249532053351,0.131602684164717,0.205467079214388,0.247551135859375,0.15075337054956,0.135788421811988,0.128655711507564,0.121794871537426,0.192054114126027,0.0863853916768492,0.158439624038695,0.184440027342,0.27049589213235,0.144935454244159,0.164012910641083,0.162961158301141,0.208073828066741,0.18365860662027,0.170072291435776,0.427923407882384,0.184157719281038,0.151327432841542,0.146398151417743,0.235637276978228,0.257981769154988,0.227632618903151,0.203529221868013,0.112325679106668,0.240043283927439,0.19091964104375,0.173275407813137,0.186987044983337,0.229099416610199,0.11473188509284,0.154248331943434,0.1931666417545,0.242203733396985,0.199043971335415,0.237422431117167,0.178070545901154,0.278205966869853,0.126821275998689,0.212256196693068,0.265573607242155,0.132616079294167,0.209997792651394,0.194798246289334,0.154005116983327,0.120214472018247,0.220208896295016,0.245459192308121,0.284578181722331,0.175091271071887,0.122597950640931,0.176499364980069,0.145566928407084,0.111930042346456,0.294253769664382,0.133890131472789,0.157450124699457,0.151768986359677,0.126111542525536,0.136541900693484,0.0795888120278533,0.177673741821972,0.232819127097676,0.141375503822108,0.311552981136203,0.382366469093542
