"","acreana","acrocephala","acuminata","alata","alba","aria","auristellae","bourgonii","brachyrhachis.aff","brachystachys","brachystachys.aff","brevialata","brevipes","capitata12","capitata33","capitata35","cayennensis","chartacea","cinnamomea","cocleensis","cordatoalata","coruscans","cylindrica","edulis","fastuosa","flagelliformis","fosteriana","glomeriflora","goldmanii","gracilifolia","grandiflora","heterophylla","huberi","ingoides","jenmanii","kursarii","LA17","LA41","LA48","lateriflora","laurina","leiocalycina","leiocalycina.aff","lomatophylla","longiflora","longipedunculata","loubryana","M18","M25","M27b","M30","M71","marginata","melinonis","microcoma","multinervis","nobilis","nouragensis","obidensis","oerstediana","paraensis","pezizifera","pezizifera.aff","pitmanii","poeppigiana","punctata","retinocarpa","rubiginosa","ruiziana","sapindoides","sertulifera","setosa","spectabilis","splendens","stipularis","striata","suaveolens","subcapitata","T18","T21","T29","T50","T51","T82","T85","tenuistipula","thibaudiana","tomentosa","ulei","umbellifera","umbellifera.aff","umbratica","velutina","venusta","vera","virgultosa","vismiifolia","Zygia mediana"
"acreana",1,0.219988121601554,0.158173119224125,0.257198480908709,0.190409264847658,0.20806045197983,0.244239458970186,0.160897347227732,0.286152642135319,0.206787974894661,0.130537682207997,0.12964750378543,0.138927049055218,0.232279422800096,0.201059409988702,0.181030205207212,0.147003262414611,0.224699587113097,0.140225841638358,0.224186870175291,0.182848645424094,0.206940415635245,0.228358219706497,0.196816542956322,0.124484471308501,0.219013694987232,0.114286421819693,0.212061002656486,0.208729944527544,0.120668975135658,0.199258499450025,0.155815436332485,0.225076445744927,0.166224886340122,0.158641365461818,0.261996476996005,0.192996426057478,0.082528493282296,0.179660911447133,0.14773942871977,0.151772653034587,0.208021728250851,0.143497426486207,0.164670029951035,0.221295581264459,0.240127732087549,0.137550867313365,0.211713534958479,0.166351130887026,0.178793714376802,0.147883654867662,0.140221728203888,0.252272927322833,0.2518772900741,0.156067572750392,0.22483737577225,0.171659116937064,0.174723309362323,0.166160757000577,0.240008999300823,0.19392008305503,0.210423583094909,0.213271536476143,0.211634314039499,0.345559225083466,0.237024267355083,0.314595549065384,0.218782888002488,0.0970018656435424,0.251118005938991,0.251412432036453,0.16681122846357,0.118507796449309,0.18395117078351,0.240228302202807,0.310822879899486,0.136882800242513,0.10982812076864,0.177640762971182,0.270582131783035,0.191505552602075,0.192836985244444,0.142964436128514,0.317687149421769,0.115986379263231,0.183419476214081,0.22540716386445,0.23982616666752,0.149474019014866,0.14965206232673,0.201553929125045,0.128060392730162,0.0946212089619697,0.150117553912403,0.147834836247389,0.105143561060232,0.104199237704728,0.252176196210362
"acrocephala",0.219988121601554,1,0.151296894008114,0.238141758636412,0.173214309029263,0.275571372599516,0.24333614360704,0.130527388048391,0.255794945025114,0.233488564607736,0.118472046787931,0.100039884158247,0.209848827690966,0.224649641562566,0.19822123261595,0.178207934281123,0.141032845177248,0.218542457442248,0.121636132026286,0.323032277418904,0.199985285559583,0.191554302381705,0.211304480338783,0.258064825212044,0.104363054042685,0.290586520448307,0.102475719435516,0.177493311532932,0.214367686330635,0.121904149781611,0.357917482348935,0.148600636248303,0.249825596258014,0.140130402448121,0.241032563891465,0.29052089341303,0.247134455091419,0.137856197080765,0.175235647974993,0.138192606686112,0.412242690749451,0.195698552872262,0.146593759869627,0.233355744767572,0.218161841853299,0.267269711749692,0.134083787000042,0.167776104970875,0.245203151136055,0.158547779937682,0.150295078887581,0.237540778681914,0.28370323866112,0.326134710813552,0.125741090275592,0.272231942056567,0.191793925406306,0.157648854504802,0.542540210939041,0.380012466738174,0.460148996217455,0.230732885184117,0.243181956973392,0.168575196308923,0.219576822941524,0.215650407295948,0.271411864682775,0.188822701744639,0.129165064112704,0.258998179586816,0.1468398474365,0.140013902005271,0.41524991793242,0.157345945374248,0.303474687786768,0.192822582083928,0.211757558976589,0.0904874368080888,0.265158161966493,0.284274273030703,0.243078574404715,0.199963130508598,0.12121351239388,0.221357566131022,0.118200701562863,0.332190560008821,0.215488197544328,0.327085781080881,0.125208758745514,0.138640997681561,0.221773958353019,0.140514037083117,0.0984799134255078,0.173564264850616,0.194771948079377,0.128155724688152,0.0980027209157058,0.275733583377977
"acuminata",0.158173119224125,0.151296894008114,1,0.193450758167437,0.137983721826458,0.159369295063154,0.210553076971391,0.154227788630301,0.175113131851137,0.152797751653818,0.122898756805503,0.110303463977282,0.144346171916334,0.183620523201631,0.177924516268539,0.166414344808016,0.139297325639258,0.174236561886401,0.126229693397889,0.164732824792564,0.195868734712129,0.163782237662275,0.165167748711935,0.152397762700009,0.0959932358544765,0.149616195009078,0.138047341607545,0.16738690075293,0.167988995236073,0.137057295685672,0.13753115438556,0.100675817754783,0.186572595244424,0.144509038418467,0.131189524001808,0.150951140346194,0.162992839812488,0.0887594457155086,0.136348036778386,0.152799333789728,0.119903256078531,0.217495199673372,0.119807710437332,0.172803341660269,0.19421607670995,0.181841464640441,0.123619113097528,0.168834443378084,0.169780119012435,0.147336257419945,0.192575496406721,0.141955352878534,0.196777034056933,0.207423638829943,0.133265177842549,0.188961249614632,0.177592384797433,0.15613134072869,0.127024052874328,0.172378229862228,0.132206256164417,0.183113805379906,0.149649302428569,0.17765276376028,0.211480840079702,0.191935414337075,0.150916219057612,0.193176532386264,0.11164201198142,0.223390894164389,0.108422656837316,0.142049220217282,0.111088086860827,0.143581702122791,0.187352222475139,0.203553350763324,0.109219573086069,0.246831126855184,0.163113255454319,0.1980455050397,0.198710400047933,0.148536838928587,0.149593026300578,0.15967071755353,0.134503330987836,0.146903068844045,0.197434856984264,0.185341507130679,0.112464525774018,0.112475964192256,0.163362174174245,0.155668780499139,0.103950642470654,0.134072207242343,0.132545836680926,0.101660374015824,0.0865764448647155,0.150365551138702
"alata",0.257198480908709,0.238141758636412,0.193450758167437,1,0.227289725032991,0.233096700876366,0.342433057227178,0.17591310854282,0.300294681988262,0.248240489892842,0.133986581073903,0.135787873419698,0.208418293134513,0.270030389029985,0.329487062405817,0.275399854133057,0.161739782414583,0.304820836044103,0.157974189200759,0.28357563348641,0.270208221077092,0.22696237753839,0.285252417142804,0.250580046953817,0.137157031217215,0.261335549660583,0.13902190834753,0.225142166363935,0.248592898389491,0.150529574516735,0.236904725728833,0.143710300213992,0.289609462641113,0.180892957423997,0.175069565834552,0.224733121735025,0.247894669395521,0.0890979298050603,0.199785250604327,0.191009579801497,0.173208186469635,0.260876632506869,0.137730997934324,0.250544145601561,0.303972582994735,0.250451743780829,0.137589174587684,0.282900968771065,0.195193407125442,0.202157789081043,0.240351874127954,0.147781536022178,0.364248739507404,0.318537571353709,0.181463511909045,0.315812536706421,0.246943173324438,0.219504298199052,0.174686847667636,0.270545246674563,0.207384052031011,0.301423978508539,0.348765759087757,0.271816029409786,0.274182261323149,0.330852271623026,0.296244922424272,0.294257268433757,0.100928109514159,0.307565263981694,0.157757539443378,0.203222553122431,0.135880775412954,0.200000143926987,0.277731645625088,0.261000875149674,0.156621788198723,0.140799720624845,0.293467143779802,0.310676299143008,0.299561859000947,0.282095769384055,0.165528936174514,0.277168558156506,0.148327013928585,0.222096937933584,0.321390505414106,0.282825100944658,0.12719778132387,0.159720895871941,0.236275788191482,0.127352860623513,0.128850044269668,0.212417438887619,0.174673455321486,0.132416792200418,0.128868558635193,0.23789928261574
"alba",0.190409264847658,0.173214309029263,0.137983721826458,0.227289725032991,1,0.153577643056567,0.201586182970396,0.176082509517331,0.220927568018108,0.289057767436299,0.237575084696896,0.199577429592662,0.208330207725715,0.213143806792657,0.253581166703692,0.267493906560938,0.126504113918772,0.209323778365525,0.190900389403381,0.1698936880386,0.217892613137925,0.176743053778534,0.21775147839425,0.163234085111048,0.177943836585499,0.291380960391161,0.126946738329307,0.155256556887897,0.175766433377475,0.136232715899145,0.149627620641422,0.235521510377971,0.226154020780247,0.185980074823385,0.226711660374942,0.174380593579538,0.130355375853928,0.08281318500814,0.204296653459699,0.145609022984765,0.235654962998181,0.182528680684056,0.131753316335764,0.196718079909702,0.214213141975405,0.172073480308891,0.237473632573585,0.206677294191804,0.234936060192312,0.309502204451489,0.215993701549955,0.120246757365384,0.212035088921215,0.179434120265884,0.179436668055716,0.192014604744169,0.188711623471749,0.192037820542144,0.236315200279532,0.187031787792571,0.155438401455164,0.207971006504006,0.166403576075553,0.198556503654739,0.19869577099527,0.225209169185838,0.172156074875208,0.26866675472384,0.101869354807445,0.222231332121979,0.233111542141366,0.165783995381128,0.108658305967528,0.174202053004589,0.18202132330334,0.210346396311259,0.128393580099732,0.0989892003365097,0.163428108467553,0.216698686811843,0.205809379380791,0.232588136688589,0.144847294463448,0.150243163848737,0.114059933045458,0.140568880441014,0.213528500189963,0.190711495577297,0.132733234869003,0.255773680333988,0.160950410044857,0.238992926424188,0.109484095024834,0.146851563814541,0.178714345454217,0.229672358821102,0.109155514189205,0.183408667650746
"aria",0.20806045197983,0.275571372599516,0.159369295063154,0.233096700876366,0.153577643056567,1,0.282279816203479,0.110966021041627,0.216044613517719,0.185712219139976,0.147030078050585,0.0871644701104365,0.213984612391284,0.201112726357453,0.173398776887002,0.197321114674281,0.137951090755808,0.199733115406353,0.122874539338952,0.237784112156607,0.185484286490161,0.221977096874136,0.189938904698131,0.174128332141755,0.108071680340066,0.218732183191269,0.124925642855309,0.241732363657182,0.306316605752065,0.121094344908745,0.200978262129945,0.137207268333776,0.212689184039519,0.137435300668833,0.148556143324326,0.22763406335891,0.402322393931679,0.075141358919861,0.145119222663724,0.131676625376541,0.139000338873187,0.180209483741904,0.110181175502856,0.17421666001403,0.224235723182288,0.236994274380954,0.131330417146037,0.175746274680149,0.261570889944688,0.213045115992512,0.170834358470244,0.110030359297802,0.242734885402015,0.337215598003035,0.137041735099115,0.244079894339377,0.181422440831825,0.16981898182178,0.207456624782646,0.299354840780948,0.140154718371842,0.223534678987853,0.223934788430134,0.236710889631285,0.206142443424561,0.185726257003072,0.313292338843429,0.203601499790823,0.0740677285761416,0.195690207205806,0.11504976395334,0.153772538620255,0.0941808780523229,0.235107489401952,0.310205870201565,0.168024876530475,0.148441590336196,0.095828411320318,0.237432204319039,0.238450882415905,0.293252432118275,0.164739193013125,0.120413834149628,0.230970663690329,0.134185750047113,0.200718402445393,0.190683313928768,0.321481457090811,0.0908157710406117,0.111530541280585,0.206564552663879,0.106997043765669,0.107635780173821,0.161135757507346,0.137305716827102,0.0951379376965369,0.091921651415406,0.159826433732645
"auristellae",0.244239458970186,0.24333614360704,0.210553076971391,0.342433057227178,0.201586182970396,0.282279816203479,1,0.224871840437694,0.254934204237163,0.222899691383367,0.146471949473766,0.113273740645374,0.227612746838304,0.317635969434559,0.256933636977004,0.273300562387177,0.166479817887552,0.325786742024857,0.179321773925973,0.310030500512915,0.271328874489348,0.20917664727236,0.270381030842807,0.231029760389153,0.135038714836462,0.254996088529503,0.175746599043886,0.245347465205884,0.333297776777024,0.148591234871392,0.226026418337974,0.148779820214148,0.313911672864858,0.194676943140289,0.164771073845021,0.235147932120108,0.278611106384369,0.0899031922223168,0.214776915652808,0.180404459667691,0.176643402612592,0.253372472971302,0.142198101915391,0.247299208229816,0.30051616713086,0.267444455997507,0.173256387963906,0.254240604689886,0.231083749407112,0.192988953712836,0.238684802704971,0.158485954630371,0.321082308510377,0.329509457247948,0.182964324845619,0.293481966481926,0.250761610761097,0.226609946180434,0.172825879025681,0.277380155225902,0.189727443438803,0.301260645613553,0.282413057461961,0.264548773393429,0.233170673700028,0.295645250589763,0.298902049728339,0.2648017910795,0.101048071509008,0.298138099689267,0.133069041759217,0.198011987943947,0.123593161708871,0.22029860516298,0.296689645071099,0.268264159465285,0.178759697523272,0.12455060770301,0.263076108131705,0.29213014341536,0.352963833562121,0.28044007302636,0.178336437687305,0.302762989572192,0.15714312202394,0.218004499065505,0.272534152237713,0.306969993491396,0.127515149417594,0.179559254913898,0.217695216018586,0.148192210134088,0.125685632883704,0.177558115458906,0.216786893474324,0.129806598284142,0.10949957110667,0.198327058061321
"bourgonii",0.160897347227732,0.130527388048391,0.154227788630301,0.17591310854282,0.176082509517331,0.110966021041627,0.224871840437694,1,0.124432542746429,0.12687872014239,0.146961799420364,0.122792658381096,0.0953317494573529,0.242672735989883,0.163869510210777,0.189069626506557,0.137598945043904,0.189511417909135,0.14041775329161,0.157866141007792,0.154967795298477,0.188857410510169,0.214029773458625,0.136532357367703,0.117046071057021,0.146718118125673,0.127452202244991,0.145811964760276,0.145910850895733,0.106251069988006,0.131631755940096,0.105073060487059,0.2005723231206,0.137892832465713,0.122897283923449,0.165182056324593,0.126657080289147,0.173282220975685,0.149859532147405,0.154028327751938,0.0975843796213256,0.15440132208487,0.119773570282084,0.185376776213634,0.162215930424014,0.16415452784932,0.132911211415039,0.171670770729548,0.134792541081691,0.150733298559659,0.139260867338582,0.137959075055488,0.208793953649732,0.169497827759565,0.135290147001459,0.141388918665057,0.146234913753662,0.130028009492481,0.10837297761203,0.163035869855211,0.130063333538527,0.185244537770685,0.145574849644147,0.145677039854336,0.18079737937056,0.194689595410177,0.148061243040484,0.186711996023563,0.101395202883097,0.212827210579538,0.0909218673106221,0.148615239108229,0.0930980937185865,0.14410131504695,0.16935794783561,0.177296006546465,0.111314425539753,0.107199485571462,0.133362442459003,0.18394127321141,0.167427150930354,0.232889239893489,0.168456154790283,0.130124633404946,0.142561204299227,0.135146218924662,0.149417986175534,0.178542831466957,0.158352471722724,0.151873362449877,0.162107285785895,0.162138573250958,0.123194415203126,0.158009732145336,0.174646136463659,0.111774842246539,0.0933138608798785,0.1451981753006
"brachyrhachis.aff",0.286152642135319,0.255794945025114,0.175113131851137,0.300294681988262,0.220927568018108,0.216044613517719,0.254934204237163,0.124432542746429,1,0.217297040440608,0.110375522493604,0.103806473827785,0.188612949862324,0.192533788921101,0.207097076125682,0.194141978324412,0.15418053665009,0.242915859360908,0.124745949841819,0.265803167174325,0.231378913006563,0.18641569313245,0.242467509407585,0.206794961003432,0.132175176108656,0.303334746599827,0.11891036658562,0.184004439803697,0.20051109931444,0.140848361166561,0.288345101132684,0.112000742115357,0.201929981597287,0.151376698211733,0.209051129595694,0.191132145619884,0.237056609370784,0.0783673078626194,0.175583011405304,0.162463622236702,0.145476766232582,0.229680488299821,0.122746199562449,0.175631566155199,0.234432152957732,0.223496647012227,0.112678853112938,0.228641919906439,0.165369022175428,0.21481876500222,0.183205031268273,0.107232640368922,0.29262076585149,0.318801618081282,0.141692329470146,0.293656901842443,0.222208264875523,0.19003429744805,0.187164391659672,0.29892281695047,0.182348160976779,0.269244904578299,0.394443972990523,0.241823919514327,0.298048044347292,0.25274561538475,0.381215573086055,0.251705849588169,0.0764721662271547,0.243836540310517,0.233196111395067,0.181616313787444,0.105247458938755,0.184105080565307,0.276169090768708,0.311800692973919,0.138846311689457,0.112684232058291,0.429266710293733,0.278043768837328,0.243830802900075,0.207758769487061,0.119759827500572,0.24303243699059,0.119755934927471,0.21752586021963,0.263290185162273,0.285365637484945,0.118475453772341,0.168418328205019,0.229414924746739,0.0921402730574967,0.112291372728034,0.126091359542545,0.13420025095292,0.101077791108751,0.108404696645885,0.206004676227611
"brachystachys",0.206787974894661,0.233488564607736,0.152797751653818,0.248240489892842,0.289057767436299,0.185712219139976,0.222899691383367,0.12687872014239,0.217297040440608,1,0.324442861731398,0.278689426013766,0.258297797198863,0.217056621272491,0.189663706611625,0.165758041054648,0.119324132153205,0.184050712843897,0.121754447145724,0.270075094695458,0.190566083622372,0.170238545960337,0.175621186682494,0.212345915256652,0.100080928898079,0.442904822662065,0.106134092039871,0.167505122937161,0.180316656619222,0.13721880215391,0.253257542118762,0.341633467372915,0.191709256158,0.148755941698813,0.329569451227367,0.201444598843504,0.180729091499548,0.0722056479051831,0.14378562573046,0.123127728745603,0.336886412885752,0.196455538275693,0.117835695524495,0.185229205850898,0.187239550274679,0.182503868472331,0.356052490363079,0.206963001961085,0.32450903604736,0.341359567453489,0.137898088150516,0.107810290030813,0.2618025537986,0.263033339200838,0.121612664373399,0.343881196062976,0.185780047202655,0.190990104960807,0.316800304785989,0.247036750729766,0.181847498001817,0.231103972196231,0.199054126674064,0.179579408299611,0.220246507776653,0.212916625466355,0.268512384250313,0.219460283481318,0.0808871862523656,0.230076710305496,0.313729588035023,0.158040485902614,0.113435342105233,0.141253332617531,0.213816439435718,0.188257723746306,0.116450040900217,0.0961537287675375,0.219487948160799,0.238354052982136,0.213585879046944,0.245823389187271,0.103001570604688,0.191832554106514,0.119609913995122,0.209645311256114,0.193962847044995,0.231773851918802,0.112083512687463,0.253939163959778,0.238618782958547,0.280818397363609,0.097237514354853,0.123480348353563,0.124546590033486,0.338213400364099,0.0910269789961611,0.167898361779981
"brachystachys.aff",0.130537682207997,0.118472046787931,0.122898756805503,0.133986581073903,0.237575084696896,0.147030078050585,0.146471949473766,0.146961799420364,0.110375522493604,0.324442861731398,1,0.232880279700003,0.177566343672648,0.152288397581996,0.126812985101396,0.142655753770884,0.0896492128781197,0.120465232851043,0.0821316638537959,0.122700827667381,0.157120430368927,0.111175755494103,0.12833385014989,0.140291781892176,0.121990441478417,0.293574533550832,0.0967323888460683,0.0975711083878058,0.0962549288630066,0.082923593158534,0.118136462661929,0.304351836788721,0.156118610159318,0.0931527517404375,0.287506965918713,0.129846794406915,0.113079181568859,0.10719967250391,0.106435855873474,0.12668782187288,0.314045561554536,0.117087595036187,0.0892277538249476,0.134869866850368,0.128872233223886,0.117827367144234,0.314126969520525,0.126981613957944,0.27108377362131,0.28787685126199,0.121589212094589,0.106457283495327,0.128437859903836,0.116647204973804,0.137808980812298,0.126163549758298,0.127692720168235,0.114445806671755,0.220566430059932,0.132255491140734,0.131872265493295,0.136571467594307,0.0977933257361542,0.162914912368007,0.146939339524361,0.125218438816542,0.0867986506202668,0.142054483850433,0.0886091758766535,0.150452684286286,0.284206668958007,0.108102882135792,0.0946327226796179,0.092538021839008,0.174752970883022,0.147340152980123,0.124499317619069,0.0756172671878594,0.0923301332052959,0.146116199994574,0.138985072292645,0.177821089810612,0.12309721555057,0.109040985899956,0.1728657099184,0.112666602276926,0.141509845682914,0.1334904323686,0.0941860164460061,0.241263163075514,0.157079019158372,0.370648472204008,0.0759455563763109,0.120285708519292,0.128475248969049,0.325218378354289,0.119648833582178,0.140533131535583
"brevialata",0.12964750378543,0.100039884158247,0.110303463977282,0.135787873419698,0.199577429592662,0.0871644701104365,0.113273740645374,0.122792658381096,0.103806473827785,0.278689426013766,0.232880279700003,1,0.176072010686852,0.114225943362343,0.107233011122769,0.098762438538774,0.096296701153361,0.0951194519904656,0.0743130468446703,0.0869354002225743,0.0873286901035785,0.102236973510197,0.105410138216485,0.0990287284854277,0.0847987084628042,0.249667098238088,0.077379225090588,0.0930161451698938,0.0908775630686567,0.0740692110613859,0.104490409066085,0.217862648241346,0.121138882057831,0.0891041148828313,0.23508821608122,0.128534704982932,0.0918632078040135,0.0621241671115392,0.0792048765760819,0.0950875156344172,0.228965739719957,0.108419655096224,0.0844259023702542,0.106265617606781,0.115240106014953,0.0979870047756918,0.230137933891475,0.12990042058633,0.23586454371922,0.263039296045635,0.105185369766328,0.08746085194185,0.109582887550575,0.105519511881869,0.0893418086970528,0.125191835466804,0.108213995096351,0.100898416674313,0.197495775554344,0.112092675249042,0.0885734502195119,0.110096161023854,0.0932806113767796,0.111607076136784,0.157624684039669,0.138537438935796,0.0847781297629474,0.101791224246596,0.0587840183964889,0.130726623400147,0.236453432125094,0.0825428626743236,0.0772569129793227,0.0671244111727477,0.139729388888698,0.105785934242875,0.0740991883285526,0.066989777104693,0.0841833018518834,0.141460713121316,0.0899903985915641,0.136565496772271,0.0856934994013343,0.0940301321571101,0.0675531312974491,0.106652511368002,0.107520664205439,0.0944152605627651,0.0696326717428795,0.24480577967568,0.107886605737863,0.234978620469389,0.0668911904200558,0.0756763152730433,0.0929255135456478,0.258369194821514,0.0680467553474939,0.104214947989804
"brevipes",0.138927049055218,0.209848827690966,0.144346171916334,0.208418293134513,0.208330207725715,0.213984612391284,0.227612746838304,0.0953317494573529,0.188612949862324,0.258297797198863,0.177566343672648,0.176072010686852,1,0.160558153373993,0.145999004482894,0.165256780669067,0.0898497006926552,0.153615322071285,0.106346962904738,0.17508991270139,0.158209782695656,0.129380367697376,0.128880562835227,0.119819396726021,0.0781438211466387,0.273570345255934,0.106987235636308,0.159763581463794,0.192956816468171,0.11368646210024,0.160971873844114,0.183697573151249,0.16614760686924,0.123583834128782,0.213056601034287,0.152795026472693,0.207756817012799,0.0527040699397838,0.11375583514297,0.149161951581133,0.212226313199042,0.152126176631805,0.0771065851501041,0.144067215106968,0.201681442373298,0.19961922756599,0.187179867731413,0.15827802243801,0.323486105558833,0.222017503064685,0.149339927835177,0.0768809839506069,0.196448415873899,0.248197217967703,0.112961221730448,0.196246474811841,0.188878751470466,0.15079822595251,0.262129250463277,0.23112489149455,0.105697759396125,0.260146706916162,0.194202266804256,0.136075884202189,0.134477559356795,0.159321179829611,0.19889840946747,0.157992252086579,0.0569140678495592,0.152573993642376,0.203006610715347,0.130206371811186,0.0812614144588524,0.151184287843675,0.221416500866696,0.12920212356028,0.101345068856701,0.105296337336156,0.206947903681096,0.166036346658261,0.276063980564018,0.174020444462714,0.0881173008190736,0.188141709727225,0.0943383497888563,0.181225375298126,0.169405078834907,0.214856460367308,0.0827974415815358,0.174311846734741,0.150969978282756,0.197957597087144,0.104673515682853,0.0972143165244111,0.119819573081967,0.192616505538878,0.0753235609271069,0.117957030200457
"capitata12",0.232279422800096,0.224649641562566,0.183620523201631,0.270030389029985,0.213143806792657,0.201112726357453,0.317635969434559,0.242672735989883,0.192533788921101,0.217056621272491,0.152288397581996,0.114225943362343,0.160558153373993,1,0.27862916287179,0.281698352232332,0.149970558653192,0.260628975593597,0.16238619624818,0.441842884673804,0.211386829329663,0.210787703444858,0.22319084442393,0.261848533481336,0.124542600567724,0.234357438761646,0.12813095590489,0.228991876821199,0.231921136236512,0.140808697164648,0.371830009745076,0.143252028343944,0.392292748474652,0.189236706096893,0.334319707946474,0.344315326763567,0.192263781560873,0.195134402619217,0.215455288213786,0.160378335561248,0.217813571608438,0.238410649116447,0.207321171217415,0.396710663463423,0.303374491350247,0.27845788695516,0.132079840611595,0.220761158940689,0.198607135354968,0.188552866562715,0.208668286726988,0.208998600384334,0.289309384441206,0.268945634226598,0.185763351595744,0.236905080327867,0.217016883276268,0.177392823633067,0.175440019599051,0.343143439468884,0.220863796626603,0.250492887280986,0.204787409214189,0.207322202290732,0.219918678196909,0.264427966731566,0.198714849632594,0.259223478096456,0.235697166340403,0.307085477097085,0.141692010436222,0.191260936551137,0.143385669161773,0.16091989437057,0.362722402629217,0.231368419467983,0.34815644570868,0.135198906847785,0.212505993278173,0.280514367212833,0.242576105666151,0.242133843478896,0.188755493143689,0.20799440894161,0.131601919187082,0.376724015196625,0.250166100842622,0.273267606016483,0.129417503099148,0.190367741939301,0.222018661252711,0.167845199808359,0.128438040167306,0.338973235999227,0.380976024059411,0.12244088560827,0.111150690615907,0.212806507678502
"capitata33",0.201059409988702,0.19822123261595,0.177924516268539,0.329487062405817,0.253581166703692,0.173398776887002,0.256933636977004,0.163869510210777,0.207097076125682,0.189663706611625,0.126812985101396,0.107233011122769,0.145999004482894,0.27862916287179,1,0.250850539912899,0.174026032058807,0.250374611761333,0.280653348606188,0.256986607953027,0.273368366605261,0.235618572800025,0.245794837997688,0.230819551969802,0.188000907028415,0.196647692371748,0.134463116866993,0.194250903534065,0.215270258786559,0.132838789704666,0.201425298098754,0.146856168415705,0.250579612559604,0.176095105379669,0.166071460164148,0.227910065872819,0.146270427565611,0.121213132574947,0.241493172774108,0.150292282792502,0.171730439101546,0.203485659278667,0.155978007391229,0.209366191405609,0.238316956240094,0.251909564745247,0.126092002937912,0.233480614939676,0.16839289028528,0.216664198537565,0.186843029413163,0.155618148857116,0.259879540943798,0.234294649514794,0.160402193933821,0.26225639936318,0.184644690648589,0.22207165679674,0.153470559658808,0.2379225539616,0.18797270592188,0.207434292834824,0.276085490921539,0.214406181594586,0.241157272283057,0.297193339884306,0.222785475023303,0.300420431589681,0.128877164845506,0.260747477075711,0.117194495555574,0.183865427454476,0.126155558998853,0.187404259361523,0.289078983410973,0.245031823183798,0.151323483500834,0.120763350230963,0.197643205843128,0.248302045846891,0.204638442734944,0.258632641942969,0.168909430651663,0.177393589256995,0.144356400900156,0.237564985053336,0.214526650587792,0.264290141534939,0.119989784350019,0.15933428131427,0.204587850268673,0.133060854416939,0.10973071764533,0.24484755620043,0.190864421454521,0.109272864122393,0.0984200035482803,0.22263268902972
"capitata35",0.181030205207212,0.178207934281123,0.166414344808016,0.275399854133057,0.267493906560938,0.197321114674281,0.273300562387177,0.189069626506557,0.194141978324412,0.165758041054648,0.142655753770884,0.098762438538774,0.165256780669067,0.281698352232332,0.250850539912899,1,0.149709853362004,0.308562740899844,0.186525434009629,0.238312706826388,0.24126341300819,0.20296360014451,0.257266366242723,0.18174719477552,0.134575162825067,0.226606409426139,0.142830371947615,0.205862547443631,0.247402490034725,0.16597524041261,0.195210634077217,0.144792648550233,0.259731407900426,0.253125160770702,0.150216972835742,0.203003120929122,0.20258986604272,0.0879627840084113,0.197477793805932,0.199317224546922,0.148643284256667,0.199725523546734,0.125583885160333,0.266561157600437,0.308850090269808,0.226685410353421,0.141401162390822,0.25473884321005,0.16921823496719,0.209766224458459,0.312040828575903,0.131873656669611,0.290847511919272,0.23887884059599,0.198412152048783,0.212156709499013,0.229738313493641,0.209703231551443,0.135172248476043,0.234238941693568,0.213436481347855,0.219792015338442,0.2044244392023,0.238438216608407,0.208771679283249,0.258661532637411,0.197750215422866,0.24094550319686,0.116323083945976,0.238130705205689,0.116920380257281,0.184027201395236,0.115487756764918,0.196831077218364,0.217114330547534,0.213107057401113,0.155910122915555,0.129999288378198,0.215459346781657,0.276960810774437,0.27943857912823,0.243370130667043,0.180701574423175,0.196695928375667,0.192969043332909,0.199150365482759,0.214131137964428,0.234465721651438,0.125681806997662,0.138249084207105,0.199997520838679,0.133904343466995,0.142794681342919,0.187829711324755,0.221633324005144,0.133624983538288,0.100015898584718,0.178501752292917
"cayennensis",0.147003262414611,0.141032845177248,0.139297325639258,0.161739782414583,0.126504113918772,0.137951090755808,0.166479817887552,0.137598945043904,0.15418053665009,0.119324132153205,0.0896492128781197,0.096296701153361,0.0898497006926552,0.149970558653192,0.174026032058807,0.149709853362004,1,0.151175426333413,0.103450794663204,0.132659773594672,0.158926883089887,0.133150660241595,0.200485012793718,0.139982796817403,0.0966811157565888,0.140080418629198,0.130808184495422,0.125557869377299,0.134583197068561,0.0870893245549149,0.134499255575779,0.0967056403184569,0.146765596228971,0.148100200343856,0.113479805032719,0.137702417669894,0.127219234344161,0.0707778960266213,0.110813325032908,0.145484917801796,0.0945076585398797,0.165079258688936,0.105681045048255,0.122359516486148,0.152175442884671,0.16117491792622,0.101493890150958,0.142230959368661,0.125325637292222,0.150417399378825,0.127154985325975,0.11267817681377,0.163178397852858,0.157613303159634,0.112473611985889,0.181771331574644,0.234239996826945,0.142664898611183,0.0967032464829343,0.150880916039589,0.123614019014491,0.157192974643478,0.136748752108724,0.168346963575077,0.163744912567073,0.183484266588673,0.141139032770652,0.169669267830519,0.0770639118876856,0.181914419103338,0.0903143188404175,0.141590234461683,0.0766578319516652,0.110722662745452,0.144308880736728,0.240866225756096,0.112868502164515,0.0929527909506224,0.129569742396537,0.17392800934262,0.157193680143731,0.157042698386166,0.092586769557299,0.156701971146126,0.0908328345041258,0.125057334969215,0.152812888686631,0.1500380008951,0.0918682043850758,0.128322538761948,0.124876323332476,0.106875045481387,0.0694966760436165,0.213387646410798,0.110725267680292,0.104565672916622,0.0792679135728599,0.118056930290732
"chartacea",0.224699587113097,0.218542457442248,0.174236561886401,0.304820836044103,0.209323778365525,0.199733115406353,0.325786742024857,0.189511417909135,0.242915859360908,0.184050712843897,0.120465232851043,0.0951194519904656,0.153615322071285,0.260628975593597,0.250374611761333,0.308562740899844,0.151175426333413,1,0.174224612629742,0.235103049948606,0.24159863734387,0.234107296668119,0.263827840170518,0.206461716380964,0.123709341900966,0.200403456898594,0.140821143893205,0.258360855680925,0.266268190760747,0.149872129476595,0.181033012248631,0.164224506545635,0.24485900839388,0.178114763270799,0.148777856831315,0.20870867584476,0.213676528193286,0.0922413587073675,0.203465540488093,0.158038441503235,0.143690527119234,0.265857037872312,0.146950328105502,0.306415862976037,0.30511179808842,0.259221275671716,0.153797897794679,0.247669972606389,0.1794068178553,0.205984655481836,0.2081770112564,0.143329338228037,0.255944985839032,0.265831534799333,0.176407229304465,0.24079793918777,0.212902441355394,0.253848954670993,0.142313044520137,0.224951055124178,0.175133239231319,0.2366692240053,0.258791324415091,0.258980852708513,0.208866330565679,0.27989627333003,0.250390181556698,0.232919928861157,0.108447770969946,0.240613849078771,0.113240129683702,0.196420627947761,0.111465635833557,0.241073639429908,0.203069163792032,0.235018835283305,0.148001488917248,0.122852527660839,0.229131831277807,0.235473159146578,0.23268884862721,0.253874608969359,0.18324855747661,0.253817573544248,0.145114586257135,0.160687988035579,0.238281088871782,0.284573074543961,0.148542075253763,0.145353019264075,0.164383962939606,0.106905719461301,0.150788182984914,0.198303171722048,0.200942355983712,0.0997774890683542,0.104900927383374,0.174694184431323
"cinnamomea",0.140225841638358,0.121636132026286,0.126229693397889,0.157974189200759,0.190900389403381,0.122874539338952,0.179321773925973,0.14041775329161,0.124745949841819,0.121754447145724,0.0821316638537959,0.0743130468446703,0.106346962904738,0.16238619624818,0.280653348606188,0.186525434009629,0.103450794663204,0.174224612629742,1,0.127813535452392,0.147264972269165,0.129187719643307,0.209170787786591,0.111990576036557,0.121338073196337,0.127898883861017,0.109384508254911,0.144770187280133,0.163934941505119,0.125928647310315,0.1101224488104,0.0902560004625429,0.154117514310325,0.141311683217005,0.0907187275333268,0.11850714409509,0.140801949783993,0.0598721891044151,0.136875520756615,0.146030649819299,0.100744959646276,0.12837200294159,0.0855547394127462,0.1254604565858,0.221691623698932,0.139058004378817,0.0972462902047041,0.157567638733113,0.12663886469873,0.133376379136935,0.170710733449551,0.101784248439203,0.184698633197915,0.141191903819746,0.156018203463486,0.138076415920256,0.150953153345901,0.171054279846361,0.0832164881241378,0.122102439593881,0.125797739527719,0.142488958726939,0.146964963658161,0.169742724671289,0.123852347119802,0.167533176349418,0.124806549888957,0.214753128452148,0.0717140283500964,0.140890961609676,0.0751244307485546,0.157166134369141,0.0700062458189472,0.12855629135245,0.123363777148187,0.126064325848038,0.0865897469374369,0.0811790912609904,0.122528870180893,0.174091678698176,0.149670770061996,0.156790210517663,0.128574681309792,0.146542302014994,0.0949867700455156,0.11193682440193,0.143208331640242,0.155030087484784,0.095059098630542,0.091960210834798,0.118149971189856,0.0778968730634591,0.108794342329706,0.117666300871125,0.148248368384311,0.0771710697334735,0.0803034996436917,0.118414941705015
"cocleensis",0.224186870175291,0.323032277418904,0.164732824792564,0.28357563348641,0.1698936880386,0.237784112156607,0.310030500512915,0.157866141007792,0.265803167174325,0.270075094695458,0.122700827667381,0.0869354002225743,0.17508991270139,0.441842884673804,0.256986607953027,0.238312706826388,0.132659773594672,0.235103049948606,0.127813535452392,1,0.217100696951542,0.17950891744366,0.226907029239806,0.37600637170851,0.100519321635062,0.317568923964278,0.118709512466177,0.178121841884016,0.268321757744701,0.120352079319968,0.447377803715216,0.147497470652522,0.343935052854041,0.172554342079181,0.401876567046539,0.372923182694415,0.231270784999039,0.16502801887526,0.206561424734598,0.141027438587621,0.217524757952626,0.206277518782565,0.182858198712157,0.383882581592689,0.271032774980642,0.283151170224171,0.15035957030755,0.207710348610761,0.205917052450665,0.175386943195867,0.180811382147144,0.195242270210821,0.293081639652205,0.353347768316367,0.139850345473884,0.333997231171702,0.174989535591737,0.178955459339608,0.238480532023571,0.444354669700686,0.235695613221286,0.220266448102506,0.263666891089654,0.184710774043947,0.209585979754728,0.266060936831578,0.317744636917088,0.273492238609111,0.200359769709206,0.274339452580713,0.13326685042079,0.137500951821997,0.146452385512879,0.163647946921933,0.406606015484754,0.211672801928644,0.352274533560887,0.116067740217862,0.284403087168696,0.298978775536506,0.240036230162985,0.272685794735293,0.218943276598747,0.228310531473328,0.124863021795755,0.470007259206935,0.279542336712471,0.351210634899425,0.109338527546909,0.127178250311279,0.262528090183137,0.136131284313691,0.112753979048047,0.304973079319432,0.357270114265843,0.115012744270622,0.0906154390140603,0.210456179318068
"cordatoalata",0.182848645424094,0.199985285559583,0.195868734712129,0.270208221077092,0.217892613137925,0.185484286490161,0.271328874489348,0.154967795298477,0.231378913006563,0.190566083622372,0.157120430368927,0.0873286901035785,0.158209782695656,0.211386829329663,0.273368366605261,0.24126341300819,0.158926883089887,0.24159863734387,0.147264972269165,0.217100696951542,1,0.192517867973435,0.240256375005082,0.194825558625393,0.114685843920891,0.226973202053556,0.142461231226241,0.174987494170419,0.206194161077145,0.141521820588348,0.185709375193252,0.126644886731582,0.242816947385604,0.153388352083563,0.152279637266996,0.174887875332158,0.174967275394686,0.0982177938114464,0.205997469295702,0.168575526663082,0.152354693106056,0.223287797711838,0.129773815166856,0.27924045897521,0.22416702434771,0.227317552819321,0.119462772595155,0.236993832119033,0.216753522035765,0.211828916161941,0.203204198420346,0.145188023416073,0.246283708896652,0.262280168303555,0.170065509482025,0.231168305408225,0.33360155601006,0.183083079887266,0.145674955455184,0.238754783592986,0.166017627904302,0.240961520485637,0.206398063781509,0.204311051726307,0.218396109477308,0.245158507742241,0.218150488062233,0.254445811777859,0.0992557570613225,0.244107923489085,0.113052989439599,0.154382952045329,0.131417528108593,0.186034651392942,0.224101689766309,0.262370718636584,0.138920976273162,0.109415773582859,0.249755787096699,0.245878039686675,0.245149110218116,0.238408481328406,0.157163918041215,0.203439496105538,0.146923981063772,0.192299803592945,0.232405298442481,0.222840402258121,0.130005911660719,0.156205639795404,0.193417075724439,0.145595002982675,0.119134173820275,0.158052213265817,0.157825634829836,0.116242399563132,0.104908925328378,0.193798052005048
"coruscans",0.206940415635245,0.191554302381705,0.163782237662275,0.22696237753839,0.176743053778534,0.221977096874136,0.20917664727236,0.188857410510169,0.18641569313245,0.170238545960337,0.111175755494103,0.102236973510197,0.129380367697376,0.210787703444858,0.235618572800025,0.20296360014451,0.133150660241595,0.234107296668119,0.129187719643307,0.17950891744366,0.192517867973435,1,0.206526654093549,0.16122330724057,0.21592349908868,0.17724024560969,0.102444752456518,0.316308979796005,0.299706958829855,0.127914810215651,0.183205745500958,0.262701764822375,0.200085041157105,0.163913752731708,0.123203153753501,0.226383447675249,0.150109049400364,0.0688720220268419,0.254110246370944,0.1328100489684,0.117832155193382,0.193408746049655,0.133119673583623,0.221524818426392,0.201059901137814,0.301779232582024,0.1615720219805,0.172477517166235,0.143739016527016,0.201145154349056,0.168608468377645,0.100615564144162,0.17707348715543,0.191231946418968,0.152498166836941,0.193761430195947,0.197450725541701,0.179447558865935,0.132524759660535,0.204017283153628,0.144433462750509,0.224336817099343,0.18825901613725,0.179234522231529,0.213796673334466,0.193296540695233,0.313093667746778,0.220448623125711,0.0810571936703068,0.210898871492343,0.10724697199766,0.174374857454915,0.101678285788732,0.29096365652339,0.177647749444798,0.193727337921604,0.121845096131886,0.112679227594668,0.163050647248568,0.229805666683012,0.171670048598911,0.185553713695505,0.139160140873648,0.248196764209887,0.112183286861934,0.153481370032328,0.186271735947864,0.208799244789393,0.143626192555481,0.157495178994876,0.168026803317982,0.103767564201978,0.14143711049616,0.168952613589081,0.166277135423428,0.0927478011439263,0.0902170471158905,0.196110802686999
