"","acreana","acrocephala","acuminata","alata","alba","aria","auristellae","bourgonii","brachyrhachis.aff","brachystachys","brachystachys.aff","brevialata","brevipes","capitata12","capitata33","capitata35","cayennensis","chartacea","cinnamomea","cocleensis","cordatoalata","coruscans","cylindrica","edulis","fastuosa","flagelliformis","fosteriana","glomeriflora","goldmanii","gracilifolia","grandiflora","heterophylla","huberi","ingoides","jenmanii","kursarii","LA17","LA41","LA48","lateriflora","laurina","leiocalycina","leiocalycina.aff","lomatophylla","longiflora","longipedunculata","loubryana","M18","M25","M27","M30","M71","marginata","melinonis","microcoma","multinervis","nobilis","nouragensis","obidensis","oerstediana","paraensis","pezizifera","pezizifera.aff","pitmanii","poeppigiana","punctata","retinocarpa","rubiginosa","ruiziana","sapindoides","sertulifera","setosa","spectabilis","splendens","stipularis","striata","suaveolens","subcapitata","T18","T21","T29","T50","T51","T82","T85","tenuistipula","thibaudiana","tomentosa","ulei","umbellifera","umbellifera.aff","umbratica","velutina","venusta","vera","virgultosa","vismiifolia","Zygia.mediana"
"acreana",1,0.255255121631074,0.193463092306436,0.205728704645804,0.222900370596643,0.211150188832945,0.308387604632,0.259367750812734,0.210373594402512,0.122053593228839,0.189453892506977,0.134998152728081,0.180339885003233,0.265987880166054,0.223711121480303,0.274099667800572,0.0932966239212893,0.336852280176902,0.18463364628499,0.250507281873135,0.173826574728915,0.138619337307121,0.198168217524902,0.233166671566362,0.237550447390881,0.179928098433899,0.188665157288476,0.238976864899954,0.198482558759162,0.155384384244218,0.151312305174656,0.158864528863002,0.250040124278473,0.182891061025237,0.0961217869136475,0.119448117769093,0.170441445382404,0.145036384324014,0.174512568270246,0.250259229178021,0.166621156830988,0.184508258514193,0.162242925638692,0.270145786442572,0.153731414470805,0.277075586285429,0.155034284525567,0.193515062097846,0.106751361669152,0.178802934658218,0.0929840807608422,0.135300762017021,0.25559633185015,0.126006651802033,0.149307007761627,0.22527359882082,0.206114474030955,0.147294728000801,0.165029156233824,0.174826675497445,0.359882854581086,0.28775407662857,0.190968263016576,0.250512451448871,0.199188557631852,0.279111471137795,0.146774600520163,0.219626384532044,0.275817549459918,0.247032292044349,0.207518749798371,0.235331008995106,0.141729932140958,0.197085723950453,0.161571821311828,0.22891141566678,0.166109218731547,0.161486078164835,0.256430328728079,0.170026369497335,0.158397318509979,0.25376944744508,0.220502539782726,0.254777383173996,0.181606670496892,0.154712104769021,0.239943789148316,0.254379790801476,0.0675911626277143,0.135752490747144,0.143239307733061,0.17735764980594,0.0611148927373915,0.349215234493083,0.15928693903752,0.145322727253663,0.228778026246038,0.174046944139774
"acrocephala",0.255255121631074,1,0.108805216856756,0.205004936814368,0.198017798164469,0.179190628848794,0.331820484342212,0.240032480766574,0.191396749767812,0.152107914843186,0.186761633938515,0.129650997396033,0.257612546393996,0.233774347380787,0.183079343712059,0.205181566595742,0.0771855650417989,0.425842398129382,0.134905312569334,0.284043933475638,0.151331429611775,0.129139128267727,0.222688244769679,0.237858821854684,0.134627877933016,0.215459587277355,0.172162715318791,0.199347171005708,0.265376140865676,0.130748205262587,0.117345628167367,0.208159273219194,0.2373096521542,0.257798266079508,0.0857029967165186,0.106189558398982,0.171219012155553,0.137655783900702,0.158374353748925,0.204824730759886,0.166509131697595,0.176205513087813,0.170821147421872,0.266328237901226,0.145935077404212,0.166815417368726,0.206933657854268,0.186526884359789,0.0900586872169963,0.210937087376871,0.0761806641717331,0.18459058497045,0.284260808750424,0.115827868332275,0.174085076915244,0.194464716470709,0.168733757630274,0.146003493835091,0.179426263131208,0.17041584827462,0.276204448466054,0.237357667203312,0.168123769849757,0.289270929529581,0.215467833279097,0.261309717136879,0.125439316579,0.199932069300488,0.169124225581385,0.231503952363371,0.19524077146705,0.210211125684275,0.141775146321639,0.19955286163746,0.199852842878517,0.224432923811823,0.155934819717922,0.15367297967491,0.285809155394104,0.153859614855355,0.15959913615953,0.268817818611167,0.157627901776575,0.169425240754504,0.173480858539098,0.136357627035945,0.214339555575031,0.185511402071693,0.059378241581179,0.137247616634213,0.173624214253454,0.161348860079069,0.0602087001242827,0.241901652745686,0.160583771128182,0.153137254608794,0.248586003202636,0.174122871621715
"acuminata",0.193463092306436,0.108805216856756,1,0.181191159646383,0.128024189822645,0.100852932156027,0.150376473477166,0.14669368172678,0.112741352685607,0.125171471154712,0.117134980439666,0.124674768567595,0.0965938411175986,0.137217466948786,0.131620480898018,0.128085309184352,0.067396888449665,0.153130102076097,0.0967137945600636,0.095853528875663,0.106246526870235,0.167999146821027,0.129164949690569,0.223398346143487,0.141810009692847,0.124967657066353,0.13612963081091,0.109095025983254,0.108382727964879,0.0913662625023778,0.115906737056745,0.0911457639022261,0.164720039459972,0.0994272466438981,0.0740787336306113,0.125966695223959,0.173964241576969,0.12816071060575,0.137859412956511,0.166876965421946,0.141376413801437,0.136552827180873,0.118677993114636,0.12590941373188,0.144456018492028,0.153585930665461,0.113188615848941,0.123406449664909,0.132170670343618,0.0797553919123783,0.132310374616823,0.147491527780278,0.121952395528903,0.124612619777997,0.132864470739205,0.105826562730913,0.181177466513697,0.140230221656997,0.135231123876422,0.119215612323359,0.190079453719547,0.166240680028511,0.144211162176727,0.163362536069569,0.182020891892778,0.163399072941249,0.106055079910723,0.22511432582401,0.140204666988649,0.160429497662443,0.103178973936393,0.109373130559507,0.0962709442467011,0.16716432830996,0.164367054113189,0.15453588379635,0.133482002719723,0.096283615061643,0.10906332203265,0.117742548794388,0.162597679634175,0.126336563589576,0.134173319884177,0.138282617182923,0.0948912616776038,0.157220916614443,0.131195199120447,0.158635228507914,0.0584598111777152,0.148599004173101,0.131626929822689,0.189879971108161,0.0343789457641919,0.164105126120934,0.0945130404363183,0.112258710820068,0.111041384775628,0.19817426679697
"alata",0.205728704645804,0.205004936814368,0.181191159646383,1,0.221523473808295,0.125972593410011,0.221160640683515,0.169272101247222,0.214802695753431,0.194269068870864,0.202421013812194,0.12576626933608,0.181143486030816,0.203037092532939,0.175786328443762,0.176450445210642,0.0878646805646795,0.23271544935756,0.134389858471376,0.173300191990325,0.219735839698646,0.273876561322449,0.236491736363328,0.307087066238678,0.13108122810322,0.217872498929411,0.170350887734507,0.159077280489709,0.15671157980966,0.130085606572334,0.148213341854024,0.163031492186875,0.305092814156336,0.141858644184473,0.113745840176993,0.161136417139706,0.188137409022554,0.153330947973378,0.190463997946866,0.170122384274712,0.184560365399128,0.233935433533066,0.135857231893599,0.21861222181438,0.17826769970819,0.152110025666898,0.155851538692648,0.195438380593988,0.163463059845642,0.182789713548364,0.253206096360467,0.187235200921505,0.251660955808376,0.29478801663839,0.221175197446596,0.149088372635766,0.274665210170048,0.286357747963959,0.149592638089615,0.167466077068439,0.201955935423915,0.191554424550933,0.259157641836882,0.220467806282317,0.22773469851338,0.284115141379132,0.175806067309775,0.244117652340981,0.148733507587163,0.26826423105996,0.164597945636107,0.18098005541601,0.155358554134946,0.204650530437948,0.363172810984598,0.223931478247001,0.164545862635123,0.113815749577111,0.215940791135449,0.175380784937425,0.185067850680718,0.229503861537591,0.141232762384619,0.155926807785809,0.130054628427979,0.339254746861214,0.211065320778408,0.166291494907304,0.0678651440419209,0.303379334719222,0.171581609992356,0.159923788149937,0.0839475535038832,0.195653230277153,0.158780413042838,0.11100065797604,0.200791848926049,0.298627053957478
"alba",0.222900370596643,0.198017798164469,0.128024189822645,0.221523473808295,1,0.160673507802686,0.209539803295835,0.208658770061579,0.199983217004657,0.227328431776069,0.27264642399625,0.241917844979382,0.236574132247099,0.187328034093944,0.207555378095146,0.186400843892742,0.0844234883966673,0.21642466484984,0.1368737985023,0.160175642488254,0.198253853359995,0.159765198101465,0.184881594104428,0.260246111606314,0.211725637515955,0.297916766618859,0.156569199871859,0.173654570492203,0.172111522156683,0.162643536839386,0.154368380718915,0.248067861088774,0.238513129610346,0.173955919877503,0.205649908178971,0.123344757257494,0.190601249007005,0.159132708932622,0.206046616598635,0.173853906880421,0.292319053356755,0.181018723827606,0.141961070950994,0.227242245866171,0.174353089080424,0.147295895357843,0.244152345211577,0.215371848641556,0.281680058592417,0.275216134844384,0.110143784376241,0.15516939304094,0.214767852720682,0.132824731544015,0.219614944897744,0.186883532704729,0.199222739423909,0.150054659141081,0.258285941010147,0.154162627529701,0.232379121209576,0.201878395567319,0.16605970290826,0.206490602962795,0.207873442745598,0.214957366502595,0.149694563807327,0.218523700897947,0.248341317062714,0.235909624252646,0.302850979472935,0.169174559298799,0.150689011278428,0.183478108590351,0.157518967535207,0.199482573130667,0.208200504873045,0.144457139634466,0.182346579206384,0.187158433998651,0.165536653187466,0.236683344029005,0.128959760642634,0.161255567726771,0.144326736408842,0.185937243983646,0.230323779865661,0.17266416617345,0.0678521579294023,0.265907920080504,0.165271808731969,0.251265137789698,0.0474242537777466,0.168680073732374,0.143795694710841,0.224691033481554,0.156151957009369,0.210278743206788
"aria",0.211150188832945,0.179190628848794,0.100852932156027,0.125972593410011,0.160673507802686,1,0.168288342736719,0.186196525938159,0.171637607718027,0.0961446218635664,0.141998686831881,0.121485632275095,0.16971569226813,0.164131422029746,0.157421012517059,0.168379794883486,0.0750467865561869,0.198244850802566,0.104403570313774,0.194843143550123,0.108530352120783,0.109892013708841,0.124160729180173,0.127346085954581,0.190879394404276,0.139917023609698,0.131367414803723,0.180981526113776,0.173013827710975,0.119766215410145,0.0911940216822737,0.106133285374052,0.176330503780463,0.224693546188115,0.064565096870901,0.0995775390600655,0.107673855500976,0.120502995646243,0.171815593236959,0.215892475627796,0.123100332485604,0.150863538438529,0.162290031674351,0.193848879521559,0.134284467077342,0.16770909066298,0.0939322655641026,0.138433087809047,0.0738167580216907,0.155562117901575,0.172020210302535,0.094353356625506,0.21476869066898,0.0959942902398198,0.124197555665607,0.157014592331099,0.13311182036744,0.133946170704532,0.130828084328075,0.165911797743355,0.175661869797031,0.16752126414641,0.0954384607276961,0.178561926310068,0.157438228296626,0.153994792191262,0.107316790425669,0.148178061557036,0.174608106374161,0.194747266206507,0.147838813389049,0.166356639733832,0.114046113592403,0.153116710818887,0.122156531352755,0.199296938214924,0.123643373525047,0.178312836870515,0.215855063175463,0.11930830835818,0.11321763515385,0.166375259847075,0.139906379850864,0.209109668254415,0.168592066880243,0.173734313588102,0.27316601760902,0.14895169350053,0.100444436493809,0.0849874423214226,0.114444815427525,0.0976509821929523,0.0555506666258338,0.166103640865344,0.122070132461729,0.093941776823867,0.185549020134469,0.117678794685582
"auristellae",0.308387604632,0.331820484342212,0.150376473477166,0.221160640683515,0.209539803295835,0.168288342736719,1,0.251384879497653,0.201151059001845,0.124963906618146,0.204311356740393,0.134488682501709,0.232538158692016,0.309079470261269,0.201841838121131,0.241741714789002,0.0837684066395983,0.402430095063019,0.161187697519256,0.299108958698437,0.147729087222883,0.123705723079059,0.239262593081847,0.250233258140215,0.172161573103854,0.208668460956713,0.213561188114197,0.246437727134529,0.275003981034736,0.141770739414485,0.13231245602934,0.234390611765088,0.245398993993295,0.248617240820814,0.0915398147550421,0.112227235062684,0.187623226000456,0.143135232410449,0.16957587129393,0.245349582654061,0.193066670482154,0.153447841379906,0.175786647883281,0.357268180497478,0.174451638084071,0.240036775347406,0.163548600256024,0.176945827962168,0.091380431201548,0.217753441810581,0.0750428629493589,0.138609482010844,0.306659643189973,0.0898384346052343,0.176259640214175,0.219398964304497,0.194405412681455,0.109683648320523,0.142353535757018,0.147165152132233,0.320708862795038,0.28565368282434,0.148869918528915,0.254427724532332,0.225526586592115,0.300874895540617,0.132290407233316,0.226598209664956,0.230727257253167,0.268884041232278,0.288666723321416,0.243651829074435,0.153801768603772,0.190966580167481,0.201758770761096,0.246150381155446,0.163764520732128,0.198533955112825,0.352481587630196,0.169407667224524,0.166962032592995,0.323232835282908,0.20120768739953,0.239862577321471,0.210383450335201,0.163666998886017,0.21463600158634,0.262395732707157,0.0564001880780633,0.148107222518031,0.143863059534273,0.168581652759162,0.0593889329860055,0.298305442846886,0.159634419761551,0.130821286731006,0.322651424773937,0.197278134787197
"bourgonii",0.259367750812734,0.240032480766574,0.14669368172678,0.169272101247222,0.208658770061579,0.186196525938159,0.251384879497653,1,0.185054238481681,0.134544807313997,0.153603709547481,0.131610285225803,0.146930113281319,0.203284947518398,0.245146287628115,0.309607500818216,0.0799529795536802,0.232613687673281,0.144751240012818,0.274317423619571,0.163822760248583,0.137207201573479,0.169606164379697,0.192016828349819,0.183932679672354,0.191746338108847,0.186840885669086,0.277746013152504,0.172854277362518,0.208385466101127,0.181743105370501,0.142528933127805,0.19761072645876,0.172585083367468,0.129673284979484,0.147755542669234,0.206513315433864,0.157576969847313,0.176862503378277,0.227564473753082,0.218972483173814,0.156844896018182,0.195468241551359,0.284716712141128,0.195600631313703,0.222784244223776,0.129003202656892,0.178730457885933,0.0965712749240268,0.164613237055391,0.0798237623115286,0.12245542832575,0.242767010654226,0.0964869568402301,0.158208861371201,0.252533368008113,0.23496421172218,0.149869211532784,0.162033696348233,0.232393078474526,0.240504534535133,0.298952891277287,0.173301064018152,0.263729623706669,0.228554613752526,0.210767541915796,0.209478590582019,0.202293877132947,0.253850290177293,0.230808620586357,0.207522463718729,0.225616836596819,0.15552009999684,0.179916843607758,0.172584485539068,0.207767365968512,0.190379120098137,0.200829676958085,0.284249393621847,0.187205695112201,0.16694465804906,0.244250570530687,0.211894802319242,0.269928258776825,0.232761426564084,0.134057135508084,0.229007369965064,0.182512963223984,0.0554165565991398,0.131876285741512,0.156373503698121,0.146250320120358,0.0579966392171119,0.225469159108326,0.143715762940016,0.144227393452428,0.205199190279213,0.174247901359875
"brachyrhachis.aff",0.210373594402512,0.191396749767812,0.112741352685607,0.214802695753431,0.199983217004657,0.171637607718027,0.201151059001845,0.185054238481681,1,0.104392501447481,0.182617467961643,0.125015804649049,0.175913827553227,0.206592037138613,0.442511315895851,0.188153854261208,0.0825309931919493,0.202582624622312,0.115544585055365,0.161552475834578,0.142385820793119,0.136046536679073,0.175091975671096,0.199674442980015,0.127570675323049,0.146666216090851,0.171943225983408,0.198136312131818,0.164599716722378,0.121078178465073,0.134663093486271,0.129462791326584,0.281458881313827,0.149163820370433,0.10041340166873,0.13472315042202,0.154641144762531,0.155863298226786,0.201633803862892,0.155798790747128,0.167302945459706,0.172307178133052,0.137346396679658,0.24203584478826,0.15707056800126,0.123555819195308,0.167430095579449,0.163911484415046,0.101031450059446,0.167593207566147,0.095929366510563,0.142563146362192,0.202917215168478,0.123641128822602,0.178947188913611,0.164226169957694,0.176698889331145,0.158655076509091,0.12841299802769,0.149296990299933,0.166443240032208,0.172627103700129,0.149209489806415,0.219479974300057,0.244061636354977,0.267347049936571,0.146329377709159,0.205408611712728,0.135521242193653,0.228652869322869,0.17844227599887,0.18057849593624,0.132797086015001,0.161522155933787,0.152873679316502,0.226824228165256,0.143848087335996,0.141474050886092,0.200457736347845,0.173754126478069,0.157202128040703,0.197382026959796,0.129445739874192,0.144085349034573,0.140529486554341,0.155728719833718,0.183548630296293,0.188124799617737,0.0958267174381185,0.151504083052841,0.201363719506621,0.136234020443415,0.0552675012662647,0.175032559080828,0.172224993285041,0.128377834361973,0.177441983791569,0.166265870703944
"brachystachys",0.122053593228839,0.152107914843186,0.125171471154712,0.194269068870864,0.227328431776069,0.0961446218635664,0.124963906618146,0.134544807313997,0.104392501447481,1,0.303740953101996,0.241068281149233,0.206460981812775,0.123195859268867,0.107727011016343,0.100161926699956,0.0539513620677117,0.125296020317874,0.077199753775807,0.132728724526719,0.154189996076543,0.224691042661496,0.113254089663854,0.156079352909809,0.0648764162794766,0.349778660358026,0.123101065129738,0.0757884533063954,0.105906837506125,0.0751826204033378,0.131003405079041,0.3452569027042,0.152993303401098,0.0780925165335501,0.239469689790197,0.112005175224733,0.126039293694656,0.106424126712177,0.133989767554797,0.0954985955046267,0.306430221177745,0.180984481990225,0.105353683747233,0.130234055200382,0.148863816214333,0.0783057570110305,0.336646858771772,0.101585975345989,0.269460687646872,0.27514124123402,0.211878195645846,0.109615856788512,0.120102975785796,0.154853046007543,0.150471075789828,0.0963925849146804,0.182081195816637,0.279375358038509,0.277159950013847,0.13858280762483,0.118025962403811,0.110914741747989,0.156563699850453,0.194940500379617,0.148705629000463,0.186989405632923,0.0926793007840522,0.147745795996672,0.0740401517706261,0.137483601794643,0.271054360021868,0.10307336998768,0.0915674090664604,0.129174127861536,0.210073819514506,0.114897450649226,0.116354798892753,0.0838611414179584,0.106586293891814,0.121933744730613,0.151907548720607,0.157770847721732,0.0879168542704194,0.104108185214769,0.0679799924073756,0.152143297921418,0.119763597874242,0.130850000439154,0.0644494755950014,0.293214728857369,0.100675297088142,0.272451978895691,0.0280721474832617,0.103206665749818,0.0808024036915994,0.314158518075732,0.115029568429348,0.153631148088003
"brachystachys.aff",0.189453892506977,0.186761633938515,0.117134980439666,0.202421013812194,0.27264642399625,0.141998686831881,0.204311356740393,0.153603709547481,0.182617467961643,0.303740953101996,1,0.282576918186379,0.304716169091528,0.184592255908138,0.133162489654633,0.157331155668309,0.0838310451479336,0.284023061698813,0.117841925794107,0.252168230415694,0.105255555845983,0.119040291542964,0.156744459826285,0.201324910617017,0.144181060437552,0.336650214900674,0.133000990784483,0.152012351431733,0.175610068217309,0.13808242469145,0.137165875953712,0.368277507239751,0.193055524436687,0.175309116651803,0.280528307263671,0.103848606538987,0.172651692636989,0.158647166965744,0.195512035568179,0.20425840756787,0.365742160613303,0.148079261775865,0.141265954351649,0.195457161898805,0.144153011637697,0.133735325752794,0.329868016513002,0.156278777250517,0.235130122595644,0.296670352884568,0.068497836968899,0.111895116869778,0.212316577892196,0.0887857071878652,0.148441217390491,0.136371639501016,0.1718642584358,0.117703341303531,0.249366051103435,0.145785422171062,0.166677897733283,0.14964789808893,0.114220421921376,0.182055712367781,0.180859901236894,0.220588604003178,0.138027968969462,0.171212039299526,0.145092387694867,0.188495111410081,0.346263999034372,0.168251308008675,0.103654889654854,0.15248199519955,0.191605206563577,0.171554086485779,0.16724947254283,0.118481908703824,0.254914808512371,0.135412363017267,0.135538993008377,0.261728293318972,0.120669328215736,0.142790210528397,0.165449753651933,0.150974195154265,0.168889148128142,0.178456360404767,0.0721658325770597,0.245541565052708,0.153932814662128,0.338563906696975,0.0427734373992134,0.211236221004692,0.13644053101135,0.307079022821653,0.244301401153608,0.149302481039853
"brevialata",0.134998152728081,0.129650997396033,0.124674768567595,0.12576626933608,0.241917844979382,0.121485632275095,0.134488682501709,0.131610285225803,0.125015804649049,0.241068281149233,0.282576918186379,1,0.233778672613917,0.151280122444,0.194626622875163,0.121495031571069,0.0724217382913166,0.140602291869111,0.114206023643906,0.110298939698154,0.104458779339605,0.139131460340596,0.140835121506249,0.140372295691244,0.11861225098192,0.312245631895383,0.164832288785457,0.150561249015033,0.153088593237123,0.100542692733984,0.0914455221104967,0.263284673571916,0.158529062110167,0.10569754403068,0.225795541941889,0.0843689710275762,0.110878570293108,0.116806654055193,0.153452668972547,0.182573099375647,0.261157116692068,0.114994299011605,0.131659839549108,0.164419379080764,0.132791955564027,0.114404852344154,0.252112242470008,0.128737670610302,0.21798089932955,0.255231404386638,0.0635319892710902,0.10961885223704,0.135899556148267,0.0740299603303945,0.0947794623335399,0.119080598927572,0.137495432505021,0.0985075886045282,0.247233277954158,0.110043878990748,0.11862190388768,0.149241562475052,0.100078880886665,0.134106067799091,0.151670609282794,0.131302869207114,0.12154881740089,0.179895380578705,0.121330588136311,0.155556689545118,0.295124242441886,0.132890426877396,0.0904196589600361,0.139438389590619,0.0999513166716454,0.195213570284341,0.163077936764546,0.099358883319834,0.119768228907071,0.0967137660328777,0.0976824147052074,0.171689055083585,0.119155744994072,0.11425159658984,0.127250707286602,0.12082479328645,0.138673853798656,0.114432560141026,0.0448133875683015,0.208568133310254,0.125595875820775,0.259534739001129,0.0600605646411234,0.134953192015385,0.110862136545567,0.239966911733784,0.116088006724811,0.159838752665538
"brevipes",0.180339885003233,0.257612546393996,0.0965938411175986,0.181143486030816,0.236574132247099,0.16971569226813,0.232538158692016,0.146930113281319,0.175913827553227,0.206460981812775,0.304716169091528,0.233778672613917,1,0.196910639073255,0.117167726271468,0.155549661217763,0.0584045899341485,0.27664684718015,0.0919957830359161,0.199686927820449,0.106635233965938,0.105880475928851,0.192296212707442,0.184922440698479,0.163671082710325,0.252033671906296,0.157784318831553,0.151241449275729,0.296132724591707,0.119067237333903,0.0968717304042495,0.310565033105016,0.178424300841678,0.310886490023603,0.174617565922549,0.0885014610564568,0.143710129957311,0.121872621863998,0.153495675516111,0.176430562547836,0.221538120155756,0.139117277817098,0.125037218107032,0.214839859828217,0.112845991589023,0.160883147134876,0.216595220552008,0.115775688573094,0.165268174011422,0.286512697881569,0.0537550559572179,0.0985615885058677,0.249839426868137,0.0852962706840783,0.189484809480412,0.129081585826375,0.14412768477135,0.102857744011102,0.205834470708075,0.134939444596747,0.179336830746557,0.142373505515419,0.114139672261693,0.212543903201546,0.172228506807571,0.203528584177634,0.10883321102515,0.141344731050522,0.131986049869835,0.183469321855998,0.268406130670938,0.225290538977716,0.106866363243719,0.161207053777747,0.160074802816134,0.16320714253771,0.183192063984608,0.147814296889963,0.314631301773869,0.121771314544853,0.128184358316795,0.264769597262321,0.109071051534199,0.146490095830273,0.134940242858192,0.148553140025261,0.175374129787414,0.171135132879975,0.059271248489822,0.193250985133801,0.149606945755205,0.205703212381895,0.170943434870979,0.168547637195568,0.150780437671244,0.182459772541995,0.255042033539475,0.120525821074191
"capitata12",0.265987880166054,0.233774347380787,0.137217466948786,0.203037092532939,0.187328034093944,0.164131422029746,0.309079470261269,0.203284947518398,0.206592037138613,0.123195859268867,0.184592255908138,0.151280122444,0.196910639073255,1,0.213898915203483,0.351604012618065,0.0655307853367623,0.290154633220771,0.141658029374389,0.181906994856423,0.166315804311504,0.145908406613648,0.23235383828555,0.221388336024054,0.155404897604172,0.141334205658674,0.252269435607391,0.19763663612722,0.199066040060815,0.1312860763723,0.136577161348816,0.158726190378253,0.232580959066145,0.176627916607895,0.114830937779511,0.12310176349645,0.184962569929954,0.132398201593575,0.182853597452685,0.198267233533971,0.190217669230596,0.163385110114604,0.149761156598186,0.258046688482353,0.178926921123836,0.168840211047359,0.153618861330521,0.181165178135292,0.102866380365986,0.145989781398815,0.079593464243999,0.127276469398847,0.223104298668813,0.109640989527658,0.166498939415983,0.201146186849277,0.190944388531852,0.140888668316368,0.135454184319744,0.140955363310626,0.276255541267277,0.238111263964252,0.125455596819986,0.229061259679196,0.223972872002161,0.230992558442021,0.135635206140737,0.22588692399508,0.187938350363232,0.24111211626036,0.206662065467771,0.186689063485459,0.132125929207888,0.170615483061601,0.171232782483192,0.24092926462781,0.169173254878137,0.196317092239319,0.21764126671316,0.185771944024562,0.142834663953211,0.233184169912391,0.190425566850054,0.227251685252932,0.163090432287095,0.174956721050318,0.227557411344891,0.2317693472631,0.0643193764666035,0.178641371589702,0.153279192368263,0.137478364265598,0.0548683557871127,0.253680246307902,0.14763497708782,0.130419269567037,0.230659760584451,0.192715746992562
"capitata33",0.223711121480303,0.183079343712059,0.131620480898018,0.175786328443762,0.207555378095146,0.157421012517059,0.201841838121131,0.245146287628115,0.442511315895851,0.107727011016343,0.133162489654633,0.194626622875163,0.117167726271468,0.213898915203483,1,0.286252019651529,0.0738583410266447,0.201478041033632,0.129105314663898,0.183294593776192,0.166704194742043,0.132925867542014,0.172849338948403,0.200891546758016,0.147271948624782,0.138978330363806,0.170078779959536,0.226565701188269,0.150674022501259,0.101909212366438,0.138816148318407,0.129241524052077,0.243719145286153,0.132535467117045,0.115476671900666,0.120766933411464,0.151564755981925,0.171316403266572,0.161949710120274,0.158629595514076,0.229993666834735,0.175081278559989,0.13867805878454,0.258271163093449,0.208807256892262,0.205433830902727,0.116111355884532,0.176857763512503,0.102149192839283,0.119532319151558,0.0881084078181259,0.144644809504049,0.18208094246264,0.113320589907699,0.121908535478342,0.234140998051617,0.171043283919698,0.126807171416701,0.174427282524912,0.159290588670938,0.213594976258686,0.289131862355545,0.148327730447562,0.191411382662092,0.213805234764063,0.203108670110602,0.141724803493306,0.213783165074815,0.268913048631646,0.231640681997848,0.21120111250384,0.140927047597838,0.138215816695798,0.151031011717376,0.133770806832257,0.204279589769017,0.161300481949611,0.152739153429458,0.2217046859602,0.151267653477756,0.171760825304489,0.193953941934472,0.145888351949159,0.154715745369469,0.21430403281269,0.135020931911387,0.200425345169122,0.176551148590926,0.0531274239122176,0.158893700888554,0.151923933600503,0.124266802894904,0.0432117557983881,0.205634577871619,0.152007947843788,0.135934433461675,0.154376588266077,0.19362402570184
"capitata35",0.274099667800572,0.205181566595742,0.128085309184352,0.176450445210642,0.186400843892742,0.168379794883486,0.241741714789002,0.309607500818216,0.188153854261208,0.100161926699956,0.157331155668309,0.121495031571069,0.155549661217763,0.351604012618065,0.286252019651529,1,0.0736536457150896,0.241369606910566,0.131374421316411,0.239968525751248,0.124623249882653,0.136274469784133,0.177941410913659,0.188663320608714,0.147968473139853,0.145299653372155,0.205712986257639,0.360505185288862,0.179453938613372,0.129718626699195,0.113079633245935,0.153080458262405,0.223384754712246,0.159116392516024,0.0969690979185886,0.11036475936912,0.137377728283232,0.147605840039992,0.165085828885245,0.201802020742316,0.231794462940114,0.15976372768249,0.158244848072313,0.311765228818871,0.202370403348404,0.329885852763358,0.158930344276355,0.163752456923761,0.0907866721063714,0.147376284844661,0.0794030125985296,0.162336315925906,0.212680612847651,0.0922944592403236,0.149168853376511,0.338819709675407,0.209961993443038,0.11388219658266,0.155792878732435,0.135667811289943,0.256896047422473,0.318401365437606,0.141138721079821,0.203254860885531,0.180611304979083,0.204012807026687,0.122091223068059,0.197198671963598,0.306409625355966,0.229274809493793,0.276813345682837,0.199767531970219,0.148538274911651,0.18840680084718,0.144683931591396,0.195228243706601,0.165151504126903,0.220969686818683,0.33531403862637,0.133904071569323,0.156121630359518,0.223345536584865,0.205624461282349,0.195706988644744,0.37001204120838,0.144048805691926,0.193864875695839,0.221382859807601,0.0548893010395281,0.13259751507496,0.139298683378239,0.142533933154813,0.0433831230060544,0.263609204173426,0.133824788031891,0.137369154759315,0.231580680428766,0.173316626330709
"cayennensis",0.0932966239212893,0.0771855650417989,0.067396888449665,0.0878646805646795,0.0844234883966673,0.0750467865561869,0.0837684066395983,0.0799529795536802,0.0825309931919493,0.0539513620677117,0.0838310451479336,0.0724217382913166,0.0584045899341485,0.0655307853367623,0.0738583410266447,0.0736536457150896,1,0.0797695189021513,0.0894904862027748,0.168002105255896,0.0575115805840317,0.072562180910668,0.16308244937414,0.0813576232905123,0.0708063760846332,0.0916755958733062,0.0623597039768666,0.073973584989606,0.0849152306685129,0.0717464985848874,0.233492864477751,0.0692442603943524,0.081694572058035,0.0907434136868513,0.0518291501935097,0.0611473321626827,0.0911748956795393,0.0755273883333649,0.0887987978591512,0.0934193042246217,0.107982201069384,0.0745403375279969,0.0639655447006643,0.0739521960861504,0.0946375448188181,0.0637599268347044,0.0555119328520444,0.0842196301239387,0.0644449545687668,0.0637211133725809,0.067386949902842,0.0681177789576889,0.0829977478634282,0.0767363764536004,0.0690014382249497,0.0654874765180798,0.0872441895957305,0.0645142471029529,0.070732361571785,0.0733828469293496,0.0818492332454996,0.140092903571104,0.108173873566757,0.0721047092679513,0.0772726417254006,0.09409676855164,0.0643230984163657,0.111674417816279,0.0872217487252623,0.100353337128452,0.0637721002306575,0.0719201592515117,0.118622907318418,0.0838223124739109,0.0661865423084411,0.0882293752528271,0.0637520208507843,0.0634037592417376,0.0761279173079128,0.0844659610974235,0.0635547108245802,0.0781203438030152,0.0646991607963476,0.0633864778297718,0.0697686255681396,0.074874915073807,0.0903671447761764,0.0731228978842556,0.0411888865834811,0.0809462489455622,0.0664292304281084,0.0688500342829505,0.0357903413916371,0.0699083512802269,0.270919294259587,0.0562086443607289,0.052913559802937,0.164821858254472
"chartacea",0.336852280176902,0.425842398129382,0.153130102076097,0.23271544935756,0.21642466484984,0.198244850802566,0.402430095063019,0.232613687673281,0.202582624622312,0.125296020317874,0.284023061698813,0.140602291869111,0.27664684718015,0.290154633220771,0.201478041033632,0.241369606910566,0.0797695189021513,1,0.165191699383748,0.36167366403084,0.169280392371768,0.154875896364903,0.234744396944766,0.278585107180681,0.176563294478211,0.229296907014346,0.195830688134225,0.23506657781936,0.270644188039816,0.177470828861406,0.123540605155084,0.309963470239939,0.285795185876021,0.248334900183025,0.104643254558993,0.127518332286603,0.166651205140822,0.146989715763403,0.170742496325574,0.265672759129909,0.176281718895412,0.156694618789142,0.172613517625536,0.312760846206535,0.144280017656865,0.210917145764537,0.169720388817086,0.207272964624622,0.0909573126926611,0.190754670170218,0.078024983895262,0.159660573816525,0.349033932217425,0.107785186747514,0.220153497126041,0.220869827597364,0.215960497897556,0.132501239270511,0.146682777138464,0.153253390085723,0.317858425665909,0.278527016086566,0.15347142543413,0.284679302411777,0.229548364773108,0.344385387337526,0.150172694265884,0.216958395311453,0.240209651946074,0.274342087716778,0.275457202699711,0.318261824093271,0.159644203670838,0.219253276844773,0.24100954895228,0.20793384734555,0.16659298276782,0.176693157895502,0.406206146040296,0.155362951654333,0.157407593474821,0.36008545874704,0.174580418922799,0.222150042667044,0.222982323247752,0.172126004362399,0.223647002328724,0.290968409560643,0.0641209172595858,0.15847407080068,0.165319045307135,0.154799950582191,0.0536042415930432,0.366786271630513,0.242581977422699,0.123349888941735,0.438641169899071,0.188760031982023
"cinnamomea",0.18463364628499,0.134905312569334,0.0967137945600636,0.134389858471376,0.1368737985023,0.104403570313774,0.161187697519256,0.144751240012818,0.115544585055365,0.077199753775807,0.117841925794107,0.114206023643906,0.0919957830359161,0.141658029374389,0.129105314663898,0.131374421316411,0.0894904862027748,0.165191699383748,1,0.120014532415539,0.106160664999586,0.0997923765422046,0.11724741250061,0.16300474290896,0.163107447263807,0.115423582793108,0.111883186335389,0.159682711517914,0.130641960538172,0.119622089995885,0.100975870396541,0.090168413086573,0.148198622281858,0.11475943566903,0.0897513828794644,0.0791602093488666,0.116737179459097,0.125270918538649,0.168690900431871,0.113946489892946,0.10935983116508,0.133290531733475,0.135937337790337,0.136865685148568,0.128447971632214,0.1062310206177,0.100972272555967,0.156536280229762,0.08208943385907,0.0905354048141708,0.0785615208212954,0.127732083554139,0.146379068729935,0.0734967126154833,0.0850013678841147,0.124032076484867,0.135452246929608,0.0914582855467893,0.129445680492015,0.112581590906236,0.158399539900576,0.159160797071029,0.117000941292692,0.133166234178696,0.133778123071377,0.148405278158403,0.0973915872541051,0.137268357665504,0.130003062449997,0.160309656860737,0.10811881359455,0.141456182675147,0.188247433351131,0.143796058340503,0.08751372526567,0.145637864358632,0.138730444765026,0.0993742859218908,0.13537571243301,0.136573574586394,0.109266384298524,0.133370894381469,0.141446169166992,0.127449550146213,0.109866638337253,0.100317506651598,0.156547195439034,0.120099014917569,0.0707551528014652,0.121947032474509,0.116285089324967,0.0909419320238566,0.0602323390043301,0.161437491430183,0.0870653680313228,0.0820534177936563,0.112889157371475,0.125379133153938
"cocleensis",0.250507281873135,0.284043933475638,0.095853528875663,0.173300191990325,0.160175642488254,0.194843143550123,0.299108958698437,0.274317423619571,0.161552475834578,0.132728724526719,0.252168230415694,0.110298939698154,0.199686927820449,0.181906994856423,0.183294593776192,0.239968525751248,0.168002105255896,0.36167366403084,0.120014532415539,1,0.122412501347968,0.104924487941582,0.140191417765614,0.177260656542211,0.127331984134884,0.220494701729138,0.139742761347298,0.223944928478698,0.186860171455527,0.124480742607219,0.0974713560471031,0.234000166439156,0.19892959575162,0.189681209863722,0.0680447020194468,0.0857167279355438,0.13463724244823,0.125746410596098,0.135165406065119,0.256072036039359,0.162514364779598,0.129940944478705,0.158805118797477,0.310147919067163,0.140318526880605,0.178206656457796,0.127934633527574,0.138805320930991,0.0690538923358575,0.242824681352287,0.0748290011114364,0.113621899786744,0.259055029358149,0.0654797323304454,0.161082547488722,0.185676860010119,0.17502303332925,0.153130945529855,0.147983861752329,0.151949232256046,0.228268099450048,0.249393544446878,0.149572411581245,0.283600601976697,0.196392636640488,0.254895913184619,0.105668957194226,0.153923683665919,0.209136036178937,0.21952923104077,0.240456556968379,0.222869047116082,0.129914361133124,0.165349291000448,0.21264234090946,0.149168069268729,0.129661924400027,0.13871426901087,0.398582697824966,0.161143933148308,0.129429864999134,0.294281875741696,0.161839245604253,0.149686275996704,0.228057537581688,0.123779095734287,0.195240078456439,0.19340687601902,0.0375638130878421,0.119254574089001,0.139086861518083,0.122399715506292,0.0428892351290767,0.24284515427922,0.293978402462534,0.112230202751274,0.323964432556274,0.15139416657509
"cordatoalata",0.173826574728915,0.151331429611775,0.106246526870235,0.219735839698646,0.198253853359995,0.108530352120783,0.147729087222883,0.163822760248583,0.142385820793119,0.154189996076543,0.105255555845983,0.104458779339605,0.106635233965938,0.166315804311504,0.166704194742043,0.124623249882653,0.0575115805840317,0.169280392371768,0.106160664999586,0.122412501347968,1,0.168618507660774,0.291616231416208,0.160427918456387,0.106863908421649,0.158322253491472,0.165281440134755,0.102972020633587,0.131960282973599,0.116004677385285,0.127875330165917,0.0971539522305306,0.175777560068294,0.0977059252594606,0.0732218174349074,0.205744371568243,0.146751233717428,0.103486864216989,0.139838983159022,0.122929803031304,0.126419094797379,0.180891877887096,0.105543844056761,0.166987353725712,0.131263769885601,0.108879099914507,0.111435924241888,0.144690616993361,0.110671662546749,0.101178724200314,0.174111295623602,0.119032772006209,0.148151013532681,0.142178797671929,0.119829584261628,0.140597421762824,0.192892238708578,0.190774641364519,0.121294800944332,0.136199289209132,0.184084868665401,0.134736619935536,0.132209646158138,0.156595249585776,0.174819495655008,0.185675104987635,0.123510255166758,0.176192022063667,0.134225422282845,0.182552691814422,0.125412142235273,0.116971890504612,0.0964811989937555,0.138761565456877,0.189676417689689,0.163746293839879,0.158117587165754,0.0993463902387062,0.128139235579699,0.142592651804717,0.152776903062516,0.152201043216216,0.117863240221379,0.151642214486755,0.0883927101002074,0.153730734069241,0.179282187029399,0.118627755992803,0.0624286550072699,0.165493595957479,0.0992047903559243,0.0965579487135593,0.0501976364145,0.143370060956435,0.0966373329406028,0.0870408762886391,0.124274205045594,0.182001912793219
"coruscans",0.138619337307121,0.129139128267727,0.167999146821027,0.273876561322449,0.159765198101465,0.109892013708841,0.123705723079059,0.137207201573479,0.136046536679073,0.224691042661496,0.119040291542964,0.139131460340596,0.105880475928851,0.145908406613648,0.132925867542014,0.136274469784133,0.072562180910668,0.154875896364903,0.0997923765422046,0.104924487941582,0.168618507660774,1,0.214843920906449,0.209709359700649,0.0919058934432386,0.19442775529526,0.12898931212777,0.13024520656582,0.151101636374285,0.102279414199954,0.177719694806452,0.109022501936719,0.23156698056575,0.0946303136335084,0.0811746700836266,0.136147379770646,0.142671147997505,0.152241440646909,0.136127617845156,0.144526489230277,0.156772507167453,0.238239481030057,0.110052817387607,0.175955763524681,0.168000087527593,0.0867732463316776,0.107520655612805,0.14469329475824,0.139036044240361,0.105024499685031,0.227324738404552,0.155422056491611,0.142778964211059,0.181965052933139,0.14451468313381,0.12562719484413,0.239118799821787,0.255150370416555,0.117771257321733,0.137745254964025,0.121933797494632,0.139282973484356,0.193741149422158,0.146174622104464,0.17029534243847,0.216406258781556,0.174226315189297,0.214810831917345,0.110957008676591,0.180318639524887,0.128160928030451,0.118255572011538,0.222601863263119,0.265571580185736,0.22993727624443,0.163510186186873,0.162530019895952,0.0803041242205268,0.115189943714856,0.143218159171265,0.163741284835928,0.14777271679204,0.0950333211515246,0.110286986036434,0.0998274606880667,0.236994149535826,0.167661615731151,0.0959266196832187,0.0591020425644469,0.178006440408381,0.116761081882681,0.111202106167132,0.0423970946789808,0.13415249431863,0.113513118259243,0.0957342585650562,0.120329936511393,0.243750066073815
