"","acreana","acrocephala","acuminata","alata","alba","aria","auristellae","bourgonii","brachyrhachis.aff","brachystachys","brachystachys.aff","brevialata","brevipes","capitata12","capitata33","capitata35","cayennensis","chartacea","cinnamomea","cocleensis","cordatoalata","coruscans","cylindrica","edulis","fastuosa","flagelliformis","fosteriana","glomeriflora","goldmanii","gracilifolia","grandiflora","heterophylla","huberi","ingoides","jenmanii","kursarii","LA17","LA41","LA48","lateriflora","laurina","leiocalycina","leiocalycina.aff","lomatophylla","longiflora","longipedunculata","loubryana","M18","M25","M27","M30","M71","marginata","melinonis","microcoma","multinervis","nobilis","nouragensis","obidensis","oerstediana","paraensis","pezizifera","pezizifera.aff","pitmanii","poeppigiana","punctata","retinocarpa","rubiginosa","ruiziana","sapindoides","sertulifera","setosa","spectabilis","splendens","stipularis","striata","suaveolens","subcapitata","T18","T21","T29","T50","T51","T82","T85","tenuistipula","thibaudiana","tomentosa","ulei","umbellifera","umbellifera.aff","umbratica","velutina","venusta","vera","virgultosa","vismiifolia","Zygia.mediana"
"acreana",1,0.225534340711483,0.166041522992683,0.181609218186683,0.202678726840483,0.129860090487297,0.19355130225229,0.144963279690833,0.156608019844226,0.12101390124785,0.183530875323081,0.13646058348998,0.0982916896307468,0.194817806344267,0.163782686149493,0.14688292475482,0.119966192642892,0.1985592299553,0.154594829420624,0.170031499849734,0.187304665132512,0.16887127244017,0.133726502713384,0.234480897404437,0.197403577427348,0.12953731033004,0.139475923882285,0.137287217762544,0.101255881085617,0.193675112951607,0.17134026507379,0.132107055469787,0.205454227391402,0.145712628161207,0.147448141695605,0.211386120886132,0.141092790858734,0.130112627358691,0.123996066189871,0.117905133205954,0.148789253642818,0.151005755660768,0.124001602826171,0.169948423019953,0.260955321146527,0.132253819483604,0.0930856439958603,0.107084855623031,0.142816885621052,0.142428064416903,0.108048409143492,0.115456128572098,0.240189548279976,0.160458976416834,0.106757942373854,0.140884230315538,0.15460173971522,0.156150038551485,0.153950942515398,0.209618285116514,0.17634728634302,0.181478831859144,0.180468648545677,0.123174737606819,0.179783604956475,0.17109293396082,0.141354102438269,0.176814179862687,0.166622294737479,0.263734363212213,0.149292209220348,0.0778241060683772,0.17277155721437,0.166255331765855,0.129130976151408,0.197720402534306,0.154239576343377,0.134208231520261,0.0819279587172105,0.145034565394463,0.12633386617824,0.171342748583821,0.115150955728881,0.120109644371375,0.156580187938411,0.193378317491879,0.207061285029768,0.147182692157368,0.0958785458642214,0.18830113435127,0.132109180298444,0.160597500651308,0.113610661312484,0.209996298590761,0.115043531292753,0.108102421140236,0.104718408590243,0.174205241069655
"acrocephala",0.225534340711483,1,0.184088274187831,0.186121442793959,0.237289838706292,0.148403853861012,0.234699960494985,0.169202983696189,0.22667325071772,0.153104826081899,0.202879280509775,0.152800115165632,0.126371689610504,0.217113723664724,0.177382981279694,0.142590098841479,0.155828786274911,0.351743545611524,0.195066580908119,0.196415547643029,0.203955560058633,0.197128659358633,0.159320121952138,0.301596454815512,0.236762928188554,0.1744062389507,0.125309205573433,0.170048609601488,0.11146076927418,0.207091351823798,0.187852278329314,0.174483518061734,0.201191971519959,0.202217427401275,0.174679316849685,0.251015433801827,0.154220122748421,0.162095921194323,0.171105637198164,0.124123592411074,0.156664571083135,0.174730927226482,0.159587541635668,0.201599706971113,0.242036925137443,0.149868610574662,0.0992240443126318,0.164304898490687,0.155500682396541,0.228993474461176,0.129585942970059,0.146812197538516,0.256513091874958,0.234681613387839,0.14433967031827,0.170934486811976,0.167412686543982,0.176133567783637,0.141803691865233,0.216579195248763,0.191918055970383,0.210900693620442,0.196608589039047,0.160846840573757,0.228691333201468,0.291533194894906,0.214021464210851,0.171703538795421,0.201117797766622,0.286619813413224,0.176556140706458,0.0755925249347672,0.210039817892283,0.256309114919355,0.157864553700325,0.300986653178181,0.170739844838072,0.156214585768152,0.0970834943097605,0.209401557348977,0.135741483653289,0.208593989266343,0.105779744596896,0.14169612675731,0.176302528564737,0.176848041180264,0.236386029013132,0.146427504614003,0.112225791648024,0.205723377586578,0.154810764001889,0.173080515713255,0.116701452627444,0.275345527210665,0.134666399313037,0.138020140815171,0.120207016081128,0.296160651026533
"acuminata",0.166041522992683,0.184088274187831,1,0.354302207642478,0.12243339766937,0.151890600866404,0.200489522876104,0.22412833870291,0.160038047275773,0.0530168857458734,0.244143947405131,0.108471326393482,0.104573220252599,0.283784610594359,0.133365113638746,0.259278574140619,0.295934959993019,0.217865987557623,0.198905774203958,0.151996821900517,0.192033987479533,0.230813247114931,0.202768078373061,0.211189769712026,0.176950493097053,0.216944249959782,0.154831470808053,0.167666142462241,0.152767528590622,0.10755920191504,0.311550488813988,0.138601509501562,0.301403150925511,0.234685433069479,0.187812401305258,0.167826492932053,0.137363111580771,0.148609503059057,0.124267381686454,0.196751116687072,0.11355777713244,0.302884309078619,0.197652809643346,0.237312253898145,0.181518886667872,0.18488519230793,0.117797379668232,0.158392814997877,0.163707810686705,0.181120165932325,0.334132052345794,0.187312676802443,0.247330790980623,0.245938803536749,0.209312693502412,0.243528742864261,0.123222329366556,0.207802323242379,0.139689963415283,0.261138740116593,0.153922688481763,0.190998093330138,0.261742687055932,0.121453562887499,0.164778421949491,0.22962148307542,0.177920697831245,0.195073932336002,0.238734346930215,0.224588336717149,0.253822671590049,0.0661930713331551,0.185542054018745,0.177587376002968,0.158823059247984,0.165563591230086,0.269132630260225,0.212030528289675,0.130719933190042,0.187171116470486,0.160366189383074,0.228306489597701,0.133851075127454,0.221279272142698,0.212975557342981,0.204969758980636,0.280347283166272,0.167654774274651,0.113908218827117,0.278940017051541,0.189001034118491,0.223635480830431,0.159063211419923,0.244104642152824,0.130381299992691,0.0971611170970644,0.122809171685302,0.192938690572642
"alata",0.181609218186683,0.186121442793959,0.354302207642478,1,0.138666532614405,0.16741403954043,0.210538554889747,0.202213997844782,0.223122600542049,0.0489802125622935,0.253853326898415,0.108014191485489,0.118909886102961,0.279779404670052,0.173297911854085,0.228039035588423,0.288569453662611,0.243849270390784,0.233684344968985,0.177338820019985,0.214722858216886,0.25676259057957,0.212173549701345,0.220730242300653,0.18566601284945,0.198733071175008,0.168395711617582,0.22758030434683,0.14749980516149,0.133656896300633,0.279881754481178,0.153623227031327,0.361358568883445,0.227336809132285,0.190452415976749,0.183535423255837,0.146450290882061,0.173345187155276,0.126240148134078,0.220133433776545,0.141229404210667,0.312816085534011,0.196184640510176,0.243925875443414,0.186668294063324,0.171199130179792,0.12323732017957,0.18830628210837,0.19610977117859,0.148396860491263,0.298746794698334,0.174752671888645,0.263754968040578,0.266087781499565,0.224182339139979,0.246536723298532,0.139349342656856,0.214880326948256,0.158016740856126,0.253107246845627,0.198950489687114,0.227546125806839,0.343918698854354,0.158992578182764,0.164133050637238,0.254261368740117,0.229191311028618,0.285305632853604,0.251256699992441,0.242177515718599,0.298581374865695,0.0611229602305026,0.215285187817193,0.167164680172857,0.144585511032505,0.187419593236376,0.277140778208631,0.202943851185001,0.136997054615034,0.268719539676803,0.211387705802897,0.243880041930687,0.134572677273478,0.208720914225164,0.203275650747713,0.202779400200372,0.268330495672807,0.163634990268869,0.110771325983103,0.302739667491483,0.183995854958722,0.228136299509481,0.176705506861639,0.262440019636921,0.154745400754933,0.103874702201998,0.142487017048157,0.222632358377707
"alba",0.202678726840483,0.237289838706292,0.12243339766937,0.138666532614405,1,0.125263868910405,0.177461964336368,0.106141303379021,0.168886247872248,0.437154178811186,0.218908146842034,0.473176989640679,0.253383728088177,0.157242250330606,0.195402389029053,0.123305647579447,0.113547784562184,0.197404832062957,0.100461859070498,0.114743185934853,0.1518948856995,0.13430015091359,0.125513037505901,0.345230988607594,0.143092665689183,0.198939116969286,0.107525714647481,0.119229487950125,0.0907886686800223,0.337267256488696,0.145018678101256,0.271744651799991,0.156444266582607,0.1462394247957,0.222266434941532,0.146861715856843,0.175784058856115,0.118936686324972,0.110202356553233,0.09662319108836,0.24810292156068,0.115235731540003,0.105405448867223,0.10685241319057,0.28956319898846,0.122805595841153,0.219302103393812,0.217123834422983,0.248683263883838,0.250841401304459,0.100076239200996,0.137526971771915,0.170628115967108,0.107398553791328,0.129019098805609,0.148922380263171,0.122579374055781,0.145954188917078,0.230301298237588,0.163382123051846,0.151159071259963,0.190238378819591,0.10555101470593,0.114336648432614,0.290051530803983,0.186738495167505,0.113694926398493,0.158339167321899,0.130274916115541,0.242596264734005,0.23405207207108,0.11808861505891,0.135819380458816,0.193996598061051,0.0761649337589724,0.323348241035821,0.131495943862828,0.135975577233825,0.0839419176991975,0.117266473739302,0.111955254983739,0.15605850945237,0.118750519288418,0.115959468608608,0.0758854794266677,0.129104539592432,0.14355232151003,0.0975088149151926,0.0935773334907377,0.324239947124359,0.134036637526816,0.207349307121534,0.0812664010623858,0.197812042480219,0.11667334016521,0.290683939427875,0.118755268867777,0.272811923506161
"aria",0.129860090487297,0.148403853861012,0.151890600866404,0.16741403954043,0.125263868910405,1,0.145835915010349,0.119185248413618,0.133933274161551,0.0575076803134829,0.153919494870181,0.0914603783784018,0.0589615572634649,0.169945503982851,0.10666540119957,0.142760101604311,0.12676653400174,0.152798989771735,0.119366836583947,0.147872559160832,0.163562915433869,0.126895496064203,0.149976997201972,0.158746940593896,0.169557827552668,0.0945851203911108,0.147654861702502,0.166407170332591,0.104567640837492,0.100738225457239,0.150135572499612,0.101102661883126,0.1717060035739,0.143631786345808,0.143692429855774,0.121631061351923,0.106654502618988,0.137469960339125,0.118805412138161,0.116750900776146,0.129234644474104,0.14053284079104,0.1003038553707,0.128638738754893,0.118823772287901,0.123820991974459,0.0858529013698918,0.116946076648634,0.139244054282028,0.105095557211093,0.108152027414811,0.150814248479946,0.158161903501637,0.163661136280428,0.124368860460704,0.146093876406608,0.0883911109875075,0.164001485877754,0.0823282616062712,0.143029391021957,0.13681580224166,0.130081709303109,0.141215837179876,0.147826332318908,0.150932118930945,0.17519280644122,0.109319429025031,0.149373481486747,0.133319538849999,0.164277326792774,0.113086432510172,0.0521793604587792,0.150349145400905,0.125394378464683,0.100781343041554,0.133420194508883,0.125695852938919,0.142595282117043,0.096155819626928,0.122807922000342,0.175846214219231,0.142494836282937,0.0908210274367292,0.138297127660485,0.093885676478187,0.126610111547336,0.160517615882103,0.129638284401857,0.0989828197720486,0.139472245417336,0.149287002731415,0.149604380333095,0.123660185925901,0.163696225947709,0.169645824466352,0.122879680692207,0.119085500011093,0.166588009912474
"auristellae",0.19355130225229,0.234699960494985,0.200489522876104,0.210538554889747,0.177461964336368,0.145835915010349,1,0.203392766693575,0.199308256826114,0.0953759764691327,0.245371510376454,0.149730908803391,0.312330502146115,0.267893839152275,0.366282537010947,0.167069336454461,0.155129996048022,0.248321213099438,0.190190018954182,0.159275136764512,0.226507820230116,0.193458334197778,0.176589218449406,0.28692111124489,0.19405232578112,0.129956909380952,0.139605791886064,0.159178700601381,0.132640772338211,0.170455578488785,0.230547412938029,0.168006678801347,0.234584455810473,0.171030322476948,0.175403545035399,0.196338620667182,0.159017450886022,0.13168102000971,0.186503510102155,0.148023312896573,0.156799541390333,0.182469483706126,0.132699870487874,0.24248968700846,0.24126170421798,0.138199485803607,0.118707751282809,0.163668205122901,0.167992722663902,0.155641597387462,0.150788016028674,0.145916289357324,0.231182142434194,0.275701559556424,0.137541201441306,0.157029090555819,0.178049177989165,0.198850218870756,0.14483057679705,0.204271276459876,0.220371108924803,0.430783054090573,0.217991109517432,0.14599471869644,0.19885597063112,0.23795510316993,0.174644972357195,0.2194475079457,0.183991496182656,0.289238256503815,0.162697213248147,0.292966291424154,0.172185797371419,0.19479987314903,0.121102323282632,0.222325164334822,0.205345082318467,0.146957470176224,0.0941404257089274,0.194260817186594,0.167976904222831,0.202569688159387,0.145137144029617,0.171476472244765,0.156264106846781,0.168773641936231,0.31542465206266,0.139464569357673,0.106078513083984,0.240056063435385,0.123823184817154,0.201172329627875,0.123613457119922,0.263670791390519,0.134590065429925,0.12206844727964,0.145045831847861,0.204434292223735
"bourgonii",0.144963279690833,0.169202983696189,0.22412833870291,0.202213997844782,0.106141303379021,0.119185248413618,0.203392766693575,1,0.170649019226826,0.0452321297998308,0.176420783783877,0.0912797615745556,0.139144627695605,0.260730192705547,0.126347213954826,0.187930458111596,0.258516946582895,0.171854399327864,0.155195103705295,0.134635318482632,0.172861057765831,0.172251844708271,0.23683485611359,0.16881782852701,0.135898407364429,0.160492021823971,0.136783719311017,0.151719185581783,0.162153828661307,0.0794040088842778,0.24926706273477,0.157849179070785,0.180815323291466,0.178482113283308,0.152207943861744,0.146776328097682,0.130664600011701,0.140417592935803,0.110372718098075,0.137673678831995,0.105970230433331,0.181789290953363,0.141786586916919,0.203199774236068,0.126301278656066,0.151083037426176,0.116240281920629,0.159624571511017,0.127648698623307,0.195919063468252,0.199743521963259,0.132708944620602,0.186511534762584,0.180230123035649,0.197257979289057,0.201664931151975,0.117949253216936,0.188890818574769,0.138303425880292,0.223038642688541,0.133518426314261,0.174932132027694,0.192223246584233,0.131971596899332,0.14379530754115,0.163578378305286,0.136672976667546,0.183117761082388,0.180483888268344,0.215236233610432,0.143635321983165,0.0502691677972125,0.148049434624214,0.129224154455987,0.105811969530397,0.148988923233148,0.21988368740563,0.151275526643306,0.0840189190945433,0.171927814193769,0.136557956016443,0.162954766314511,0.0752271301635469,0.211737191429399,0.157754950074761,0.163697999960484,0.216435602244753,0.144833792694545,0.096889764986958,0.17749349301182,0.133023093445682,0.146255958873397,0.116601062289659,0.167993563306853,0.136234999110107,0.0846777504064179,0.151685032658841,0.166540999328991
"brachyrhachis.aff",0.156608019844226,0.22667325071772,0.160038047275773,0.223122600542049,0.168886247872248,0.133933274161551,0.199308256826114,0.170649019226826,1,0.0755606619998731,0.150798977176691,0.125063246402622,0.113454801763139,0.258264235266357,0.35894824882601,0.177924461302686,0.161145670075327,0.201878744110265,0.144083641823724,0.151697438553571,0.222112552007294,0.148209578246281,0.155719291228347,0.228983479973177,0.166852507872335,0.127127585069658,0.183224390457764,0.187411602556981,0.103353858123188,0.110912722424069,0.180056936472068,0.131773966485761,0.185155466243246,0.178346629319535,0.143840377733438,0.167394139075133,0.190744483906207,0.151296575994995,0.133707418182226,0.115156474380556,0.141739871306331,0.161537120316525,0.124067254190927,0.163054877306015,0.156092859096654,0.158970227552469,0.101312584942965,0.151501408869914,0.166660146598583,0.147695204144099,0.136399282042141,0.134796120105795,0.256197469897108,0.158218075217879,0.180945813074466,0.192372499825415,0.148009765074113,0.162411848938472,0.112284535590427,0.147050415444957,0.151600716215902,0.190258096012274,0.141152595120127,0.150301325209526,0.228751174261506,0.195785107531487,0.16662441275115,0.204244702370301,0.15243140398156,0.260335852259459,0.173639405477533,0.0703796459210633,0.225650291186597,0.169755657156335,0.0896886624574858,0.193218561059893,0.158070496839844,0.161451802095766,0.120078534511859,0.144047373923373,0.154084947356947,0.186115206020977,0.0932026921307029,0.132160379187309,0.0966960488610957,0.139182918621129,0.180430780788588,0.120666420877622,0.109077072796725,0.189138618934132,0.127108319770779,0.138109684121834,0.100228574645303,0.27080042518497,0.134206377739681,0.141833792286547,0.117519511797102,0.210604811795986
"brachystachys",0.12101390124785,0.153104826081899,0.0530168857458734,0.0489802125622935,0.437154178811186,0.0575076803134829,0.0953759764691327,0.0452321297998308,0.0755606619998731,1,0.24301678228015,0.557595499319409,0.197580988645068,0.073931861339286,0.119731021677526,0.0507839732693466,0.0386692542016023,0.113761834048721,0.0491592260166386,0.0542134834531708,0.0770437810696098,0.0371441448348837,0.0453356377359767,0.260238823413312,0.077263193245514,0.207463349721162,0.0532084368686764,0.0408026558598945,0.0454592200633804,0.298483812612916,0.0706315780394339,0.333925206095223,0.0756439974360367,0.0890990607034609,0.234737190073766,0.0825230694999662,0.12052894392083,0.0481792602079116,0.0501262878109569,0.0382023855358535,0.27000933158758,0.0414981410430399,0.0318442629848763,0.039563328998723,0.202308386042432,0.0796766365352931,0.278904127101571,0.0892729723992747,0.22357371558306,0.202242308884496,0.0436336506780215,0.083298314199846,0.0810222739154209,0.0448361853260134,0.0669384532494253,0.0601967921415451,0.0702094437381964,0.0738716620433353,0.234535938375225,0.100786104532321,0.0750310655655544,0.108689264935435,0.0381763307062292,0.0470379973805693,0.208495559489564,0.0940372182757241,0.0766077171189896,0.0753788858100456,0.06036561588194,0.128295899153858,0.237100069654524,0.111812838619609,0.0581199912559879,0.0893223490347403,0.0319505485712163,0.250815822349931,0.043078285325307,0.0980560984507874,0.0433758969311082,0.0573708746013912,0.045864667586616,0.0837536267856286,0.0767613374037466,0.0729817316366896,0.0204830073141926,0.0471714719135145,0.0783564048773439,0.0558685875131827,0.0785136004828457,0.265581872956502,0.086153543769551,0.219369611011497,0.0248386367563119,0.085476741454692,0.0424303662363626,0.363192460262793,0.0475256504450376,0.185921261213147
"brachystachys.aff",0.183530875323081,0.202879280509775,0.244143947405131,0.253853326898415,0.218908146842034,0.153919494870181,0.245371510376454,0.176420783783877,0.150798977176691,0.24301678228015,1,0.258529766324038,0.19274446179861,0.22925380649757,0.126521774138897,0.187995708433093,0.187186713298053,0.219713071285445,0.200664220720555,0.149177791297171,0.201757949732422,0.270918198236001,0.174271409868498,0.233576285597858,0.186241889345692,0.323402746570633,0.149149656417181,0.215728345982653,0.129196411819542,0.128773544386602,0.287943028515819,0.381673017200233,0.236946746641862,0.180787001492343,0.413435363973152,0.245307754028721,0.117383801191936,0.170696600708934,0.148428661611798,0.143594424324596,0.336779093963782,0.20313605542255,0.207071340302151,0.27142391589243,0.253171581501377,0.140242000217261,0.307718916266437,0.144758301880267,0.312838586987605,0.298767649661138,0.23044033336021,0.134675493939914,0.288015445675071,0.310084167190592,0.139032493678764,0.170205120965803,0.134864900121594,0.198501281947003,0.244971321384023,0.297983187314194,0.172450540299062,0.196013401659338,0.357009821010068,0.132984354810232,0.141173904021166,0.243645141395291,0.1882529626688,0.181689034239132,0.240237117367571,0.275839417726749,0.367638742058933,0.0524818393156847,0.194455866772063,0.191090709016254,0.167219404443649,0.157067775885801,0.315667899425656,0.129588385879192,0.0778177760019212,0.20402099077346,0.148453553551041,0.278250254371442,0.085617126149253,0.197055970333648,0.358715089577276,0.285086521548284,0.345757924292542,0.123948466995437,0.109499312415889,0.361070179519134,0.130148369969851,0.516925079466857,0.172932717238395,0.281945450444783,0.144515455983121,0.295842568483933,0.129001822445145,0.171112341098661
"brevialata",0.13646058348998,0.152800115165632,0.108471326393482,0.108014191485489,0.473176989640679,0.0914603783784018,0.149730908803391,0.0912797615745556,0.125063246402622,0.557595499319409,0.258529766324038,1,0.23687391623291,0.12889185775783,0.180639183642418,0.0882001698601656,0.074066179333328,0.125418438508182,0.0987056770821051,0.0902042863664285,0.11205253447291,0.0847735289167075,0.0890839534672232,0.322349200595083,0.112360514452302,0.22799149133597,0.0869082701987764,0.091854168006435,0.0593282572759364,0.217101679097171,0.115420647398239,0.27522881919914,0.122873248452619,0.105313088292028,0.249060154542923,0.106790290258512,0.110770921247332,0.0873857269795255,0.095135544758364,0.0647909015714926,0.27930699376187,0.0793198789454038,0.0790660325807076,0.101087448470116,0.268988469356496,0.101831082603459,0.230911757778315,0.123227800762706,0.25337977014914,0.240832252474228,0.0915927060922376,0.113379645433306,0.126550991410619,0.0912259747041362,0.0900016628671456,0.116253153248924,0.100656510855938,0.109015522232233,0.22593716658951,0.15867619137759,0.103193405620586,0.148915978654495,0.0996300329848877,0.06824356393652,0.213456593882211,0.139628283568804,0.0959097010837213,0.110757418302516,0.100357559921793,0.17983997585497,0.254801647452408,0.13726278755154,0.098601640035385,0.114274680218373,0.0551826971594662,0.307716619209435,0.113706813181867,0.12528235099254,0.0518074336411267,0.0982811637363063,0.0745156912736938,0.142376520943951,0.092575048590892,0.100461433264262,0.0684693371016427,0.0887341806889055,0.129474362271974,0.079774874361692,0.0616795061106365,0.283588077248448,0.0910006870327021,0.24962152821711,0.0755296055946685,0.142288711223938,0.0604499518893969,0.292806787334863,0.119402619855545,0.159753765039851
"brevipes",0.0982916896307468,0.126371689610504,0.104573220252599,0.118909886102961,0.253383728088177,0.0589615572634649,0.312330502146115,0.139144627695605,0.113454801763139,0.197580988645068,0.19274446179861,0.23687391623291,1,0.119480202062921,0.467023364328373,0.0812015229998559,0.157884773340501,0.124911017264159,0.0676696653174717,0.0707679798500657,0.132162806396471,0.0800229545710823,0.0886690229028541,0.151555578253468,0.0903908504580641,0.17499576300112,0.0689880914698908,0.077737952494985,0.0775540817974523,0.121217762509476,0.118133748214173,0.19827848234197,0.117061298577322,0.101509142422767,0.183485191372493,0.103523138107616,0.109983034560891,0.0627328310047432,0.0900976343705425,0.0759388144860224,0.175721738180068,0.11094087243031,0.0983892558841243,0.0968690177083783,0.151501207390889,0.081223543067602,0.183573339798413,0.120495425370019,0.172878381325357,0.201460607014954,0.140478374655015,0.110057907938945,0.0963017852596634,0.0812645919487359,0.0992991407660355,0.0927689508824293,0.0932853713240443,0.0826578436762651,0.29326590814645,0.0965423930774169,0.0895191784528053,0.348193277637298,0.0794378382146782,0.0653442718112052,0.0996682428804068,0.101868234893283,0.0832272436071585,0.0961415377252714,0.0740148916566244,0.149089523297897,0.232045150365003,0.482697264952503,0.0875269570875236,0.0965238085716393,0.0434943106468905,0.121639069062627,0.104260194714673,0.117566169047656,0.0608594130788405,0.0880013771078866,0.0690936303351453,0.11825659574841,0.0992115348656737,0.0823676644783436,0.0711366829704709,0.0776341626173359,0.0953277954868195,0.081218347212973,0.0691038866956165,0.246059200905013,0.103711919781846,0.182476628934251,0.0630530502866761,0.117410825891279,0.0837738780189139,0.181983674255008,0.0628311616480402,0.104246186575775
"capitata12",0.194817806344267,0.217113723664724,0.283784610594359,0.279779404670052,0.157242250330606,0.169945503982851,0.267893839152275,0.260730192705547,0.258264235266357,0.073931861339286,0.22925380649757,0.12889185775783,0.119480202062921,1,0.19520719754646,0.351703420453546,0.204587174449531,0.248445627859961,0.180767658745621,0.196193806304701,0.283122789331444,0.23476430250384,0.206420074513335,0.236490285659968,0.205658870005507,0.192414974192259,0.201705913593026,0.194202383864932,0.169843467415603,0.127657191766833,0.278986797398982,0.187566965902216,0.294564442941276,0.251634990415125,0.219796274979971,0.204420769964272,0.156726203776649,0.146377361609034,0.141620995453765,0.19763408191713,0.146142515842872,0.228494340513328,0.179702745615093,0.301173796423641,0.197295031577459,0.183381092488143,0.131042054055684,0.198194160082391,0.175322126241822,0.165239056992324,0.187493447896103,0.210026440386903,0.280303060124657,0.222131825649045,0.193099813543488,0.253271269123283,0.173834985952773,0.235409923069627,0.129936403073211,0.241880583058119,0.177883144518378,0.227780781468022,0.224936417824599,0.154884129900547,0.183557638758527,0.251539648752687,0.272154197459219,0.240453768153258,0.22849845146854,0.277390160681368,0.185248577210841,0.0775083020043356,0.208082617662821,0.194153645449591,0.151796833307457,0.204392738566052,0.263117523167366,0.18474461087035,0.117658293362267,0.268082453058979,0.204542785170877,0.307167798362828,0.131886100046016,0.218562521995297,0.16581011143109,0.182431206302402,0.277334293066869,0.169025569935555,0.129766982825649,0.252004931226843,0.178439307264462,0.213617170654559,0.175167544691263,0.258301251124999,0.147906885165546,0.117236828861362,0.14465085238527,0.264708403305255
"capitata33",0.163782686149493,0.177382981279694,0.133365113638746,0.173297911854085,0.195402389029053,0.10666540119957,0.366282537010947,0.126347213954826,0.35894824882601,0.119731021677526,0.126521774138897,0.180639183642418,0.467023364328373,0.19520719754646,1,0.134134276727613,0.112324101423169,0.155212608264206,0.122200394157625,0.112410726414998,0.155247017475508,0.112350142476623,0.120961135472883,0.193038413967396,0.123797791428343,0.101124761151592,0.1309556365888,0.118602596794318,0.0929946929663466,0.152256129119982,0.151125531545531,0.124716478370454,0.150013285289086,0.134983251506788,0.121152531608838,0.124381345777423,0.143858650418674,0.105177544408082,0.119061525326305,0.0960140205507885,0.131401826316937,0.144871361186533,0.0820077396418385,0.122422027921671,0.1761077228116,0.122100405799823,0.0980853470364518,0.124588829513877,0.124922047690438,0.130032773581244,0.114543859625797,0.121998751131212,0.165628972607598,0.116202096725931,0.132887208488876,0.154455880520185,0.113517283969903,0.13236547596456,0.129078082283656,0.134458140743086,0.116661276557376,0.417199685727333,0.117126781275882,0.103682236934436,0.183969190687063,0.156224467251821,0.124326507453403,0.141780902870221,0.111007722408597,0.216005387005183,0.124138946986164,0.435582814445071,0.134227641523195,0.123534875177337,0.0692435396219348,0.161484409369738,0.125116361660157,0.125379224616576,0.0645586300165035,0.112869412921947,0.117124582478131,0.15220813646223,0.118585830433949,0.0971765134713225,0.0854069420621642,0.114762852431734,0.141112059099939,0.0941812610677004,0.0861240644218239,0.163129526427404,0.0824030601686419,0.130635722535333,0.0776514681723051,0.149773180046069,0.0971813054559435,0.127865100229937,0.0919273396623785,0.156205653435838
"capitata35",0.14688292475482,0.142590098841479,0.259278574140619,0.228039035588423,0.123305647579447,0.142760101604311,0.167069336454461,0.187930458111596,0.177924461302686,0.0507839732693466,0.187995708433093,0.0882001698601656,0.0812015229998559,0.351703420453546,0.134134276727613,1,0.18054140977096,0.186786766149389,0.16019312451326,0.145544148234647,0.223016601369923,0.155134152765268,0.203544211782957,0.176093314778009,0.130475191293134,0.246519040525971,0.162077054302897,0.162147136556432,0.116768901472686,0.0976267962237872,0.219107770439256,0.127875944594928,0.215855781887053,0.192275988863891,0.193377423865959,0.142608697481534,0.166551430921654,0.137460244740447,0.140388964925614,0.203322544079809,0.121554467677718,0.218577606517687,0.137176010719046,0.176455816308302,0.186142713385826,0.145762356417039,0.144198972672463,0.155512470474601,0.149241830338383,0.155725147560259,0.169994104946587,0.178550213253845,0.18038902920207,0.175879336580119,0.153271093401188,0.215609394801385,0.143297013866205,0.184937243610093,0.114612629080916,0.194862356865195,0.142227881837247,0.174275849832176,0.16188350737904,0.274006111622824,0.154669057431571,0.228455688451506,0.155680833837585,0.212011855590396,0.171793410009771,0.201306100434086,0.180620479814404,0.0521875360100286,0.176365844736864,0.146807050532234,0.109641983441332,0.155810411321565,0.195291680969755,0.152043612442467,0.0906682948073634,0.161889818514643,0.187782401642903,0.194076128347087,0.104882400155469,0.183564687646684,0.1185157767692,0.157961077370388,0.177556140216711,0.155627756072254,0.138451550257691,0.188475461416377,0.284336981693671,0.165622877917655,0.13859789579463,0.173540961334496,0.143745126757284,0.10384171437573,0.132730146716187,0.186903432773446
"cayennensis",0.119966192642892,0.155828786274911,0.295934959993019,0.288569453662611,0.113547784562184,0.12676653400174,0.155129996048022,0.258516946582895,0.161145670075327,0.0386692542016023,0.187186713298053,0.074066179333328,0.157884773340501,0.204587174449531,0.112324101423169,0.18054140977096,1,0.162960352772977,0.17312593991107,0.119919168503833,0.152135168509388,0.166865863616777,0.145779207379167,0.172670460883788,0.138385038267728,0.156701349926032,0.128735865388756,0.170436965766924,0.107363483645893,0.0770470735062135,0.201656166407234,0.123834620577148,0.218974388055445,0.20519987747511,0.144636151915207,0.146416452987394,0.125266915634544,0.133287536206349,0.127490988779484,0.145130363987793,0.0973937183986046,0.268079841986191,0.159297350048212,0.159285180328258,0.123556143140853,0.142635884519148,0.0887789345657998,0.146484702299104,0.132217194264361,0.146623988937863,0.451487148942587,0.136277506039606,0.18850028962744,0.180098280666186,0.230128835636503,0.167127115349944,0.129251370107465,0.159406167046012,0.161403600208571,0.184219218892215,0.144764853451788,0.19673030853515,0.173697488335993,0.138392786499831,0.114115155549154,0.150776205302997,0.121702044257779,0.201015768724753,0.155997068865245,0.199375814110435,0.298045517243736,0.0440000898771151,0.152094126536946,0.156404810011141,0.109499022541674,0.134310554490458,0.209529162002733,0.171241274209314,0.0816717081459436,0.137685423926783,0.161622750927597,0.147208708162465,0.099022635342873,0.171030010438656,0.147293530966462,0.146756297268083,0.198806112208604,0.120474080729541,0.102642451779324,0.255237877976915,0.161231910254799,0.147094617854653,0.126421006685066,0.188169592312129,0.125021787057018,0.0742311855922002,0.118202963957611,0.140464460157964
"chartacea",0.1985592299553,0.351743545611524,0.217865987557623,0.243849270390784,0.197404832062957,0.152798989771735,0.248321213099438,0.171854399327864,0.201878744110265,0.113761834048721,0.219713071285445,0.125418438508182,0.124911017264159,0.248445627859961,0.155212608264206,0.186786766149389,0.162960352772977,1,0.25441358430499,0.222292196199426,0.215457895094092,0.203052909073446,0.195751474368847,0.27711689064037,0.241853725138674,0.201794107183487,0.127589676897801,0.182680280166803,0.128530204785715,0.179910437527353,0.226351236691333,0.195585733410211,0.275740691695337,0.196657728633703,0.188767409857772,0.2290807103318,0.169129731398777,0.170017316339059,0.141749429152405,0.181828359442316,0.167586147624197,0.241387828145247,0.271935628413823,0.219082083489368,0.187112123615781,0.177574687964184,0.112489352678662,0.329164108012393,0.171339430513874,0.142613563555815,0.177651235182373,0.196970975725101,0.30116884968661,0.27366447258215,0.151034718153548,0.222314235840609,0.157396619460918,0.221394540023826,0.123850791203759,0.237221992416014,0.189215790769477,0.200888526682755,0.245611971805272,0.160328319367359,0.180762770780362,0.284340177366356,0.236105671213156,0.242172915679612,0.214078592429368,0.289092139179717,0.179939298270462,0.0727048141431266,0.277708442525353,0.198732866127458,0.182319682341661,0.234758656320282,0.19946800448809,0.139715666721653,0.170527162423965,0.207639616210096,0.16465444315873,0.222517934438413,0.108372124990617,0.197430343854244,0.190803699118186,0.189283241385714,0.25063425267761,0.179727525147903,0.106553093829674,0.27329507662359,0.156512258358733,0.204896445985216,0.133986751082535,0.243515876895388,0.153970243632306,0.121398012960255,0.12214169525147,0.235683115306779
"cinnamomea",0.154594829420624,0.195066580908119,0.198905774203958,0.233684344968985,0.100461859070498,0.119366836583947,0.190190018954182,0.155195103705295,0.144083641823724,0.0491592260166386,0.200664220720555,0.0987056770821051,0.0676696653174717,0.180767658745621,0.122200394157625,0.16019312451326,0.17312593991107,0.25441358430499,1,0.178542060394368,0.188567846496819,0.231318541322659,0.171664601621331,0.197085494966508,0.277232262726264,0.181468572405724,0.114919803016461,0.192437649426389,0.129865051274593,0.0891151063130582,0.200170213475272,0.133799223563687,0.193974935158457,0.171718935240725,0.151577625789735,0.226280560199013,0.103760889613947,0.146914893203225,0.160897466196944,0.157221128208019,0.138049852641787,0.170606843241612,0.153357260891343,0.19957214657461,0.155665924798816,0.184059616132659,0.0904513528885366,0.137469627655812,0.166439474015934,0.110030768268336,0.181216677319096,0.164890339290962,0.239862610173875,0.297166071972337,0.169549501112909,0.171820101198672,0.118773224446072,0.180146159587583,0.114165588395167,0.236156313105001,0.142115870739656,0.154997031863787,0.246667939938604,0.161563080884566,0.144774967610065,0.184536649396136,0.256525420100363,0.186634016053595,0.267803977103051,0.248396733658587,0.142898685062598,0.0516966278536451,0.278752616256913,0.138951167747494,0.153657942573891,0.17678256763138,0.198325830313705,0.116565806930499,0.102066563181156,0.167718593323426,0.164784740145797,0.193302379142662,0.0872914459485369,0.201434714147408,0.287148469685363,0.217487058415188,0.233706187777181,0.125654825685957,0.0903666592153286,0.169518805861261,0.117916143656389,0.189825929098986,0.147668746940427,0.202112539344012,0.130755756306269,0.0976831231576768,0.140848954827582,0.161925862747328
"cocleensis",0.170031499849734,0.196415547643029,0.151996821900517,0.177338820019985,0.114743185934853,0.147872559160832,0.159275136764512,0.134635318482632,0.151697438553571,0.0542134834531708,0.149177791297171,0.0902042863664285,0.0707679798500657,0.196193806304701,0.112410726414998,0.145544148234647,0.119919168503833,0.222292196199426,0.178542060394368,1,0.173163130918109,0.147764453400928,0.166208542192183,0.193552979690343,0.166050973873382,0.153879964790514,0.140092606291384,0.178039163469247,0.116875264081685,0.113043978668666,0.155181992042727,0.160049473881432,0.168536008209174,0.212144770961688,0.133683523158312,0.161950958488946,0.115328302144758,0.134321610970311,0.102250525585308,0.140636045013112,0.165766744393247,0.177619682575142,0.115109470907563,0.151211274189255,0.12908088203367,0.149553635454006,0.083710637894267,0.121857841138689,0.150827553412849,0.0983060074071648,0.113721769617286,0.14712579894232,0.198739117207204,0.167686552423682,0.127918533975003,0.156113686691649,0.126512560479872,0.181725361186776,0.0961430920429301,0.13889184832851,0.1553696285612,0.1568667721877,0.158022848455331,0.167771980074982,0.154321609678861,0.18414265444866,0.155383024641147,0.188819561750287,0.180773106266367,0.189639766852876,0.139024255948489,0.0636627951715625,0.165797453607407,0.135535557361483,0.107963433782114,0.161286028460629,0.169413047258243,0.136592299937032,0.120060359892471,0.183562058147406,0.15044055100126,0.195690698539994,0.0921266467892012,0.139655625764773,0.10914904154603,0.168477540698804,0.191806593825775,0.154464450198354,0.142975885443308,0.143752113938324,0.121127073314959,0.151047100592305,0.11577915642436,0.168659545016359,0.130406192867127,0.131058910449378,0.114535179850597,0.156185831933125
"cordatoalata",0.187304665132512,0.203955560058633,0.192033987479533,0.214722858216886,0.1518948856995,0.163562915433869,0.226507820230116,0.172861057765831,0.222112552007294,0.0770437810696098,0.201757949732422,0.11205253447291,0.132162806396471,0.283122789331444,0.155247017475508,0.223016601369923,0.152135168509388,0.215457895094092,0.188567846496819,0.173163130918109,1,0.215654691678039,0.196789420218864,0.223749559204105,0.172551140555189,0.168820987107414,0.162410874692176,0.16164193964094,0.175188068311614,0.144242432691687,0.29060379478029,0.166355453333932,0.256283034783271,0.235668709382412,0.187012321877477,0.198587919652768,0.165931187149596,0.143242719906558,0.134206050357897,0.144326990271542,0.167719341037931,0.182499700185055,0.147298233197369,0.234898628318915,0.182926942135737,0.163065653727168,0.119943482129098,0.175111740686869,0.205904460127372,0.155355342624228,0.146591674055949,0.194761767130717,0.227677975130368,0.205818290739389,0.148034951428704,0.210704172290372,0.20759718786928,0.210137598248197,0.153242641545182,0.19842682723961,0.183045972764322,0.243251043625086,0.184339973404143,0.163434550479647,0.211718486345973,0.228935332858949,0.189276175518877,0.238988464982917,0.237179337467865,0.273450671585532,0.19227192324197,0.0761444682915146,0.195190708614301,0.18408489734361,0.142126413045546,0.209944272928031,0.205123499633542,0.167979050918972,0.106661007506149,0.175559923628979,0.165199415545733,0.267420258060221,0.177118509752615,0.162980162808313,0.144132931078349,0.167783400418275,0.220046812556922,0.150176037327888,0.172603997857833,0.204579442353949,0.155216329650037,0.205239840122549,0.15304165087262,0.231056049759715,0.143112800428057,0.109373444987774,0.134173651790892,0.233305022633897
"coruscans",0.16887127244017,0.197128659358633,0.230813247114931,0.25676259057957,0.13430015091359,0.126895496064203,0.193458334197778,0.172251844708271,0.148209578246281,0.0371441448348837,0.270918198236001,0.0847735289167075,0.0800229545710823,0.23476430250384,0.112350142476623,0.155134152765268,0.166865863616777,0.203052909073446,0.231318541322659,0.147764453400928,0.215654691678039,1,0.257792404158451,0.191380005179899,0.208545688754643,0.157426171852601,0.128205737195494,0.163591745268398,0.132885766743515,0.118088468370373,0.261726650064394,0.167520274617902,0.228148415737999,0.173730929273414,0.20771327397362,0.209393836705037,0.124310416274959,0.205048010728144,0.133822405994109,0.152534230480164,0.121351322367608,0.184256334572685,0.231295902500186,0.275786074586131,0.223679621892927,0.158350235931458,0.10146583264656,0.159277180347154,0.1478376338455,0.131831368571632,0.166201161669868,0.137749161486238,0.250620577207454,0.23305592045389,0.124499743614316,0.195938178639377,0.108167964142707,0.193492623918726,0.115188098733398,0.260252007270919,0.185642006624002,0.170308524904635,0.290370335044211,0.132559831524626,0.125657103872663,0.220671410616466,0.219661269353746,0.173436030901956,0.265483437295992,0.236502187477444,0.150152250350497,0.0537475317091915,0.176548467446291,0.172939414149246,0.160427057400344,0.185086744477264,0.307063567504489,0.1201171259813,0.112852812247021,0.214540848221187,0.180907763756799,0.226455874845762,0.0912552501752136,0.185367135428085,0.297498775801094,0.214581315160395,0.237536767037027,0.158950621863225,0.085638363487948,0.176469482111751,0.126765034505868,0.224708004655209,0.237911363981834,0.246866183350704,0.115061748671935,0.0837495316189032,0.137020539156778,0.158013925718534
