"","acreana","acrocephala","acuminata","alata","alba","aria","auristellae","bourgonii","brachyrhachis.aff","brachystachys","brachystachys.aff","brevialata","brevipes","capitata12","capitata33","capitata35","cayennensis","chartacea","cinnamomea","cocleensis","cordatoalata","coruscans","cylindrica","edulis","fastuosa","flagelliformis","fosteriana","glomeriflora","goldmanii","gracilifolia","grandiflora","heterophylla","huberi","ingoides","jenmanii","kursarii","LA17","LA41","LA48","lateriflora","laurina","leiocalycina","leiocalycina.aff","lomatophylla","longiflora","longipedunculata","loubryana","M18","M25","M27b","M30","M71","marginata","melinonis","microcoma","multinervis","nobilis","nouragensis","obidensis","oerstediana","paraensis","pezizifera","pezizifera.aff","pitmanii","poeppigiana","punctata","retinocarpa","rubiginosa","ruiziana","sapindoides","sertulifera","setosa","spectabilis","splendens","stipularis","striata","suaveolens","subcapitata","T18","T21","T29","T50","T51","T82","T85","tenuistipula","thibaudiana","tomentosa","ulei","umbellifera","umbellifera.aff","umbratica","velutina","venusta","vera","virgultosa","vismiifolia","Zygia mediana"
"acreana",1,0.171491106356727,0.167216323741698,0.142391142096769,0.147314066515276,0.0848008844883557,0.139351378825115,0.175306872517673,0.153852384166018,0.131298660060497,0.103074280882232,0.130890079184013,0.0656409066219122,0.163380996867858,0.228920862807925,0.120447032666098,0.122040351891318,0.156301034817253,0.117472884796985,0.124533073622876,0.167607685090616,0.158843526387508,0.134692205705987,0.144801193505941,0.134572324441025,0.113185218173831,0.108191467613525,0.123459464875525,0.154138259779295,0.120722766400006,0.143893943276568,0.144249917295244,0.30596832198735,0.181266599834053,0.118034801615551,0.132857431370115,0.134866998625517,0.12288990015181,0.0811108833680343,0.200967141475455,0.13955690044788,0.127296149874115,0.117170914005299,0.283611972914664,0.128875915886283,0.136033118576135,0.113987172538723,0.146783919902946,0.119883809807351,0.140060327028579,0.0939724463718355,0.164217862824254,0.16998273953662,0.102800245903068,0.106341895875936,0.126118186145178,0.211755385035299,0.122960783004062,0.140948445565184,0.144104718972275,0.355292479761225,0.153356343747552,0.132954632131306,0.386519214614537,0.165323806703883,0.224592924310399,0.149499272871371,0.358615254967023,0.139193760085614,0.190757948911188,0.123876278351473,0.0926312874705173,0.17445978170564,0.152042039997656,0.136437174318511,0.16002459004572,0.102411665041729,0.114743717396359,0.115897781236547,0.108801855737248,0.152621978908934,0.142394732345465,0.0855749522054218,0.121075872254995,0.0875341618798412,0.110204992250177,0.165394713264273,0.123227043248519,0.115598000456341,0.369861320574855,0.153203326262265,0.190466641738429,0.104611342498247,0.137102064607397,0.195643357260566,0.119694433034883,0.0988927526759383,0.158906737570094
"acrocephala",0.171491106356727,1,0.265825427667853,0.217761203762922,0.216446263971759,0.131273190183793,0.207281840348643,0.269184730618362,0.199312836279466,0.150869656286179,0.14949055892613,0.126833982786377,0.101624500460538,0.189617046131846,0.192464042923522,0.204267805306549,0.159178787093031,0.215082916466904,0.190547352949959,0.184593862245975,0.245209325759901,0.193957442692979,0.215265075243048,0.193374420590355,0.181040278277259,0.166620197263152,0.164400063716328,0.177522790472998,0.245979570924335,0.1553576893123,0.194449323531891,0.139882444254164,0.205966636902019,0.163315324794488,0.194244262883149,0.152644798738561,0.164886590215554,0.176733667878527,0.0995219983641277,0.221234908667241,0.154765723302813,0.172197503512946,0.166945669921309,0.196041419933238,0.170613049690169,0.11147952461164,0.143687647991192,0.201076742912021,0.185273747833356,0.211858754739585,0.104328768256167,0.135527510615796,0.199287356752297,0.109830923380028,0.203813580372303,0.138618692331868,0.170134687550524,0.193654298746345,0.177837656354021,0.181266333516288,0.191655221109057,0.229291012368791,0.2098647629133,0.181989621250648,0.17108191306734,0.256363965012831,0.195972549795335,0.221230052781133,0.18192887560609,0.219503862339624,0.150488492961834,0.115637866599627,0.179113032757748,0.20632206718112,0.235225870907445,0.255934325038522,0.181168130636896,0.168857554858897,0.161442255961248,0.181850627122184,0.239466582321042,0.188762976784689,0.116298306182518,0.186033128248619,0.107408142780489,0.118988669150617,0.185611164058144,0.173044886656478,0.114230521106509,0.159939511888888,0.205111813581881,0.183025073342876,0.144470650054569,0.194295091865718,0.132792705644168,0.14175873224905,0.120484147275871,0.199661848023465
"acuminata",0.167216323741698,0.265825427667853,1,0.196504737995969,0.211869899883811,0.116579787598531,0.203203812813397,0.195286064056227,0.164559819999422,0.135329036945987,0.137774429963564,0.143433178212181,0.0738511600626328,0.214194961483482,0.178735816144529,0.18138675295366,0.153608134343813,0.221474771267184,0.180585668430094,0.232026512385958,0.234851643914205,0.232823025983194,0.233381261603312,0.187317604688016,0.189002046034815,0.13124933484946,0.150720903082028,0.168126476369319,0.217054733471924,0.161341184511618,0.224321648985118,0.17748958729978,0.23496536135711,0.185532351912752,0.179876857712841,0.149038116883994,0.137669577965585,0.168695484956444,0.0841495694821149,0.318419675173723,0.14196070405644,0.180587670297275,0.143887834626724,0.190191823738665,0.166614574509451,0.141552282143348,0.156233854523491,0.172337065787382,0.179961848370695,0.201304177280194,0.106796351181464,0.215395888969083,0.204748820343922,0.106060681470106,0.241603412963294,0.117070956402797,0.234747315652163,0.182953763762154,0.192196133570257,0.2069405861201,0.171632363100999,0.205713547732855,0.174215070250031,0.169755554807576,0.210244167074297,0.204363334197376,0.220425429399147,0.227891380968197,0.184640548983487,0.232617121908913,0.175463236552444,0.116671208211947,0.207580421636282,0.176314066079435,0.260089662429976,0.272407463231944,0.16920442891326,0.188282150416323,0.121658959918001,0.188221663913231,0.186795311839928,0.214936291800675,0.088314331146256,0.172006749526965,0.12876879365634,0.128176048257549,0.188905600702142,0.173754644050153,0.143068641648191,0.142080009035074,0.194876070202877,0.176079756192514,0.127047393643395,0.155430449588145,0.161374070427128,0.115115875373824,0.107620755240642,0.153415947518934
"alata",0.142391142096769,0.217761203762922,0.196504737995969,1,0.247303329334145,0.19728847791559,0.282706814954343,0.223505224205299,0.208726531762277,0.179369528146324,0.214460206072192,0.184475677978632,0.113906657497023,0.278237444384143,0.285204746125721,0.324885769007275,0.179788949640554,0.31547640625345,0.300143989256424,0.206008928449086,0.202973396788106,0.213310000962711,0.296632177625243,0.266300993919671,0.310338193834961,0.146670058458453,0.140822855240396,0.195955936560655,0.275607923791573,0.168736139456576,0.269496801175407,0.164165459439203,0.266304893994542,0.172592250842257,0.195647204940602,0.21338953179337,0.17270765868898,0.225290507757942,0.141465460421762,0.228262361932352,0.102063033034565,0.358091029851842,0.169288484158401,0.156754654049709,0.353705276542003,0.166601893694982,0.127663103797866,0.278312141800289,0.323118396391663,0.243057224096265,0.131865768970441,0.119107057896607,0.140462930839542,0.14343476005925,0.252755389087012,0.190563948557152,0.242393870561315,0.299383436247791,0.148558136709842,0.189839357312837,0.166178461261613,0.250815314434518,0.299505015256467,0.204486589463984,0.339345161168007,0.250328164440746,0.273304904513709,0.203095392563024,0.258667989749336,0.245522777260488,0.201833591283026,0.148828370792736,0.147610579449291,0.170707056722385,0.152809142720973,0.272232106507271,0.291214214991198,0.233532113071307,0.213089008727867,0.246056629747179,0.180399472849907,0.273170056456926,0.119728598859033,0.191798497201278,0.162370746267324,0.169332763989871,0.247273518186347,0.248071367834071,0.118792604180602,0.14908987634127,0.183029813165449,0.314602040417886,0.185583651525959,0.234926834634296,0.204072953428564,0.149616753888976,0.169788605830281,0.181971518919697
"alba",0.147314066515276,0.216446263971759,0.211869899883811,0.247303329334145,1,0.169549512855961,0.287868649834316,0.210902642658461,0.276910889796623,0.272625432752184,0.283213982391873,0.289485046152019,0.208397604977945,0.240531369422655,0.257610240399648,0.286584282379154,0.190927896947563,0.295352197644182,0.22035778672839,0.21146833060185,0.202417728354903,0.238557026120152,0.276720956307484,0.370687896671242,0.277951726221037,0.292010060009524,0.14206546417366,0.190030821702589,0.220110089293274,0.163078724999021,0.30300780635617,0.293338064362255,0.292709647232696,0.164475203007067,0.299607749146388,0.219292616913521,0.173189810558878,0.214197599341032,0.083206484157049,0.274950241936983,0.236978322006124,0.205791065344881,0.197281491481168,0.178007189627545,0.207546488703618,0.276185784560641,0.236832608246549,0.292453949862954,0.34538992210823,0.334942670824408,0.112057731134245,0.136261097641482,0.219471139770992,0.144128924063255,0.238268155392902,0.165717037498536,0.262300251950793,0.268025921415994,0.260318573775342,0.1782123719132,0.167049814737962,0.327264707881901,0.234550689089639,0.312983868030252,0.22421251028456,0.221258269468749,0.239285304286975,0.290310097663735,0.234933134188139,0.246032543103664,0.266747513106055,0.14111452218713,0.192632718792629,0.180602413265473,0.15469537541137,0.279495227572684,0.24078097268944,0.286305456381402,0.238474652189917,0.255477591526978,0.198844478475056,0.280336244533971,0.139843199530381,0.222845035979915,0.155099870773278,0.138395920515498,0.315638122512783,0.23700507918126,0.127114053487765,0.252088981917075,0.19209903879141,0.314513669102646,0.163720570825999,0.210336877542981,0.278810283473146,0.235897559646445,0.154664815065985,0.211122690486508
"aria",0.0848008844883557,0.131273190183793,0.116579787598531,0.19728847791559,0.169549512855961,1,0.202075010801349,0.182977535083835,0.120381862253845,0.125773112636322,0.14624390559849,0.127314747821604,0.0856756384970973,0.1462264831774,0.185047840074403,0.203519504241324,0.191400981348635,0.193321285142648,0.200100234259711,0.130087371500102,0.132090404317981,0.170924493808767,0.214319578856276,0.178569771797619,0.225987196673546,0.113432507399278,0.110571478654778,0.144658306021867,0.169958614745949,0.123773433418496,0.155478425859868,0.117488309174504,0.161573483925792,0.0909838047158158,0.121588303852343,0.15337887076262,0.102855860127051,0.140362469121766,0.076559532378603,0.13852036776998,0.0778944319296448,0.184678520265212,0.128736500343199,0.0883585457447007,0.189087960282193,0.105579008607085,0.0799584409825408,0.196626470575263,0.164809051375361,0.166343328641411,0.0917511736236926,0.0740465509543213,0.0879342514503332,0.10384730503944,0.177619859380418,0.101137047375726,0.129463293883738,0.197982532599681,0.121095330842454,0.112566225645556,0.123228098012843,0.14736837142057,0.214855525108726,0.106881923677136,0.213476290775869,0.147159385420824,0.221788683060892,0.1223584881596,0.228059320470822,0.145358648494859,0.133511454690552,0.112510433153237,0.0926538009756625,0.112280655277475,0.144932285198211,0.149322493289196,0.175750717551805,0.167605834467283,0.140533782737604,0.183921632083308,0.141865467676492,0.208766577538888,0.110155512194115,0.158352372475406,0.137791456330811,0.109118274988338,0.162971362416198,0.22432305523006,0.0984125172617956,0.0816618423743681,0.125126981553581,0.147075038585912,0.112782982484839,0.14089274445339,0.124750917332355,0.107149288042967,0.140008601521489,0.118491921251036
"auristellae",0.139351378825115,0.207281840348643,0.203203812813397,0.282706814954343,0.287868649834316,0.202075010801349,1,0.20480068370877,0.274394976288584,0.175719934452334,0.180791649468067,0.164519972113677,0.111386391684813,0.256340124255646,0.265872869682735,0.309018925770059,0.188763515312727,0.304745747367068,0.293328800059169,0.227133009478922,0.216617458328958,0.241754813518785,0.316680932150644,0.327740466514224,0.318968639646531,0.160468843821158,0.129327013531712,0.208968845810632,0.232285892327873,0.159459934927714,0.312952068197604,0.165655482819677,0.350825935170649,0.172584204950995,0.21147110153939,0.228688731377675,0.162260843180225,0.22458332707298,0.079298140541843,0.208911874974813,0.142076189215255,0.26917711375934,0.165632735106616,0.160436745126996,0.274223458901803,0.194328390267097,0.127665395437745,0.271827614463498,0.27116464431361,0.232087945216318,0.124872961461694,0.138591157371809,0.140742049240286,0.145096621906396,0.306074872086736,0.180543403065615,0.229814998448461,0.343830563217485,0.143957365103656,0.172531326686094,0.163300014359279,0.260192304266538,0.292093058160091,0.277944653461594,0.267282045250191,0.268548733119652,0.278426958511077,0.252671753125339,0.264062861681988,0.25919187516862,0.180304928940342,0.164869374304805,0.155790385379763,0.151797950008381,0.14211536189498,0.276300735621313,0.284596675497109,0.25738974087713,0.23402025586767,0.299763615176206,0.187856075417724,0.322137601509466,0.131191657955184,0.19941470924593,0.183955161804124,0.167325820485785,0.38025996085891,0.260858491227762,0.142387716722525,0.130265418174983,0.19866392085353,0.230287682952422,0.192520472743702,0.219731710252595,0.232772629289653,0.144232263447925,0.163344697043114,0.182551140332204
"bourgonii",0.175306872517673,0.269184730618362,0.195286064056227,0.223505224205299,0.210902642658461,0.182977535083835,0.20480068370877,1,0.20326847233926,0.16153407514956,0.190899726557562,0.138857791495392,0.114141975405166,0.17355581229066,0.222755463322753,0.219810168111384,0.146880794909315,0.197332500845011,0.226039097871115,0.159630720707696,0.291497342568501,0.223704326368734,0.243691761915324,0.178462174877793,0.229255685761246,0.155769658688569,0.124240559807922,0.166305519383018,0.243211650723035,0.143035554334769,0.202451003981419,0.247042308066419,0.242718111735349,0.220979330398327,0.16498523134026,0.157092957994055,0.187372768784979,0.193914586030104,0.116250431904098,0.29814706807083,0.182853341231427,0.2063047618246,0.192600147755633,0.263846353049145,0.203691480227821,0.123128910374109,0.186920589273033,0.182788916724528,0.202403551194742,0.234085770845146,0.09447367694085,0.223367036208198,0.279560381824178,0.101475853059988,0.206727473648629,0.111499073254587,0.225597748370932,0.201565620993101,0.250757068769673,0.173934205933213,0.269573576709703,0.207719323814619,0.221932575295198,0.1848198701346,0.211189467180606,0.240821786892046,0.219374638836327,0.227623551662656,0.213538465894673,0.187234777197411,0.157365756098515,0.0971382282820046,0.319583963427219,0.225656290567745,0.183758727861505,0.23009060603121,0.209692051971052,0.227430509456167,0.161659748580708,0.153528267239011,0.216112459767621,0.219322615742258,0.101667465702373,0.172387641588423,0.119077371324682,0.13455902242635,0.183144781795192,0.203719027601895,0.102702602464978,0.178760706155915,0.220330991224025,0.185587944803243,0.126858609020647,0.156316643011122,0.136396365746398,0.154141059498831,0.127346125474999,0.197469281200009
"brachyrhachis.aff",0.153852384166018,0.199312836279466,0.164559819999422,0.208726531762277,0.276910889796623,0.120381862253845,0.274394976288584,0.20326847233926,1,0.138655289830618,0.128310980264206,0.178787942600763,0.0956750349751963,0.197904692182055,0.171351232191336,0.184819664822925,0.16894157722748,0.198916898648053,0.157969933690606,0.18437040792055,0.232573167788738,0.231951885165108,0.200531718343917,0.27921754135334,0.180764221781761,0.1619113850258,0.160944962933367,0.193296890870253,0.20739577659776,0.190314035993547,0.183306081845733,0.17406821887276,0.262328151035805,0.19501924764385,0.185268230941318,0.172658256599958,0.188330640783325,0.185736633707265,0.0912230893907289,0.217451773402303,0.175369470715886,0.17686663592767,0.194810822788976,0.226116619380397,0.190857294611986,0.186672523068029,0.181116424114211,0.213200204454066,0.176711036602903,0.16666634658022,0.149725142513461,0.184612855716935,0.216743909849965,0.13733654250982,0.165533603630823,0.151127333356932,0.210876802622624,0.236522659177475,0.143866253513307,0.172462131840223,0.166693022815291,0.254053400842055,0.192992971784773,0.264272508788066,0.176754288946303,0.281368875114226,0.203261793919465,0.259584528588086,0.208020143219,0.266444195579517,0.153591440073808,0.140332268437351,0.185549339737021,0.197110785177707,0.159579440469171,0.204897376950654,0.149134019549316,0.182967293343122,0.171743906874873,0.160283943859519,0.1923876498717,0.184546488336766,0.126893677342785,0.201221484954983,0.117651525007019,0.146946386199442,0.212210334557912,0.181901905488344,0.142526746668897,0.153454537473799,0.222416414214736,0.146942361138726,0.147180045973563,0.170460529690805,0.206214344998242,0.126068306016081,0.137095391471675,0.267018285362716
"brachystachys",0.131298660060497,0.150869656286179,0.135329036945987,0.179369528146324,0.272625432752184,0.125773112636322,0.175719934452334,0.16153407514956,0.138655289830618,1,0.348347558316202,0.306154713032334,0.16860345439117,0.158930071147859,0.1772233741666,0.188851263859225,0.141764337410413,0.211857343530706,0.200619464030147,0.13557528191231,0.140377268162455,0.169849463877156,0.172059638955241,0.166151519291359,0.190670633203614,0.281586115223358,0.132004898621714,0.153741736753934,0.171225063160531,0.118843260710187,0.173792730879062,0.386064805112338,0.168942058762112,0.115019528337083,0.323933427155543,0.158155600124749,0.11991757030252,0.1718896100453,0.0797297247283449,0.154501845528231,0.295240061122935,0.167594670728928,0.130342711265134,0.128611664682059,0.169531813361479,0.123147799918277,0.319339192860136,0.190461566216439,0.311280206133856,0.33787863734452,0.088846185470164,0.10853698219982,0.108488465679361,0.104906541709759,0.155117397390946,0.13859939061744,0.164354843464761,0.167057619421429,0.236671229784423,0.148179633258025,0.120253740411988,0.190885166957639,0.169569459383466,0.144012748102617,0.176031898114392,0.179487690927067,0.1863657625069,0.156110785524325,0.197039004118708,0.166696178329567,0.35481244861263,0.107874195176868,0.132303973787973,0.111345418973477,0.117349838280898,0.176185238191424,0.152225907791878,0.159155939800047,0.155044911329866,0.183658805934333,0.134187037585966,0.208099718163241,0.103832665518714,0.119280933642294,0.131994156659379,0.121762343796532,0.181402637569489,0.162162484728565,0.0994680451157603,0.245572684548922,0.183018467889526,0.315466126891311,0.135364642109426,0.173090200566921,0.17123136351341,0.362576139571613,0.124088218574277,0.146858333875757
"brachystachys.aff",0.103074280882232,0.14949055892613,0.137774429963564,0.214460206072192,0.283213982391873,0.14624390559849,0.180791649468067,0.190899726557562,0.128310980264206,0.348347558316202,1,0.270851593687619,0.163050321976514,0.160113091079914,0.237880527412688,0.200286800555075,0.127924839410651,0.187801880406859,0.177413357529731,0.143987886110201,0.129860939938914,0.141984330565026,0.188039532302523,0.156771505244746,0.220584017323745,0.254698628166378,0.10011361605036,0.12450868501898,0.187347634539737,0.111358150943937,0.179308042065287,0.360044645202127,0.267091810325096,0.113158519122809,0.320459134573373,0.151709493814202,0.096521648264725,0.147874747985868,0.0698632067992257,0.169057968242351,0.277957627767933,0.222831994968089,0.134474923677638,0.106043895385314,0.187041685498148,0.117776128212509,0.287029267653713,0.189647195674081,0.328343328428368,0.34949429327874,0.0845306275324964,0.084044300803766,0.0856664842853589,0.0922327182854161,0.167784471078877,0.118124626586613,0.139940407547962,0.199318080916692,0.224164881986413,0.122541278476023,0.127432544524364,0.16243337696071,0.180518570667731,0.139966857025824,0.214721483792729,0.158739132103739,0.203681743674965,0.137652652409244,0.192059460006082,0.136608555591082,0.326156178859286,0.110805615727207,0.10164531668754,0.163109902610396,0.0948199001581029,0.175955687364588,0.171928822289031,0.174205718608085,0.165980029576574,0.367110882776958,0.123275368305319,0.22165784681969,0.118064144875858,0.125004865389613,0.189438065617196,0.102099004228949,0.169779238942033,0.182355160278238,0.0797660085455703,0.324173588683854,0.183734636725361,0.339680133063909,0.121444297262954,0.137547738656039,0.135776398163556,0.318757542031542,0.118941750724613,0.114382622421075
"brevialata",0.130890079184013,0.126833982786377,0.143433178212181,0.184475677978632,0.289485046152019,0.127314747821604,0.164519972113677,0.138857791495392,0.178787942600763,0.306154713032334,0.270851593687619,1,0.175506695955595,0.179240309658831,0.186507799752556,0.184239297677047,0.155005374272201,0.16333383166539,0.159641581712927,0.154289008339875,0.145989357094038,0.199279624879257,0.174693549895355,0.179662279061779,0.185754570402304,0.305984467852621,0.119772800078524,0.145321531513251,0.188915089884928,0.141240465717519,0.194936878007327,0.343228046286027,0.165814332778707,0.119597999434379,0.281821607167963,0.190638601089095,0.14303203404714,0.160953409537238,0.0734022363335466,0.152813054258403,0.248520432597137,0.161068054526603,0.130182032685824,0.123416386424099,0.17044010875248,0.178134190021386,0.232946865145573,0.207657202166941,0.280382701682032,0.284815994319542,0.0969684593977991,0.149242960672557,0.112210556560503,0.134171944047781,0.214107563320664,0.156240106906697,0.206077046050567,0.153898629487884,0.227358825798647,0.159101134392021,0.126754777525519,0.159335703229005,0.188081481528088,0.180287729772187,0.248544395203195,0.198056039050493,0.192115328162012,0.167265316108947,0.167082762873471,0.169971026655804,0.328965401765781,0.127283039094446,0.130245548955995,0.117020052360518,0.146723210914778,0.197870190531646,0.169235783145333,0.158804552849114,0.168827990689151,0.135150600630289,0.121004057416861,0.183756701361245,0.0950200776499017,0.144506036429863,0.119693886063347,0.12683763722827,0.175733295155403,0.159034969154644,0.0915325551949668,0.229724373086223,0.12466071246483,0.311643657546006,0.167676456153536,0.171366233225136,0.262995235943543,0.272847052827159,0.116843924850276,0.183709187057494
"brevipes",0.0656409066219122,0.101624500460538,0.0738511600626328,0.113906657497023,0.208397604977945,0.0856756384970973,0.111386391684813,0.114141975405166,0.0956750349751963,0.16860345439117,0.163050321976514,0.175506695955595,1,0.0785798177530387,0.0813770825614193,0.10029931355252,0.0992758141701126,0.104931669669193,0.130050188075871,0.0831880399373735,0.0922745699614993,0.09643803881979,0.102734383709999,0.0980576767701503,0.0962220625301941,0.198651852590528,0.0737054352850435,0.0921473049267423,0.094800793941236,0.0937716235066107,0.099741175261808,0.180718957055033,0.0901094421663094,0.0986826953278054,0.17365259083422,0.0842926450616907,0.104685496415834,0.138624303049837,0.0662217249499846,0.101802214746708,0.170093463340858,0.0764904760482596,0.0888968131006836,0.0722452283515795,0.100021736899019,0.07966844778251,0.15405939521395,0.0984229787999602,0.164962137268095,0.171877973249404,0.08400557621118,0.0792976972712766,0.0806904347529651,0.196654183449314,0.0782042989477941,0.0784652289321346,0.09415641718063,0.0738820756255638,0.174812000652587,0.0955684057874029,0.0692758276726799,0.0989723826182792,0.126186268758884,0.0765968944312787,0.0881362732666575,0.120373794359496,0.0910206372116993,0.0839975907325782,0.121493313922754,0.112862287112582,0.191769032265135,0.0791447855525722,0.0782604478119674,0.0736535561698036,0.127430066319177,0.0972560698066695,0.0939742330915346,0.0734984186119176,0.0878310844243354,0.0781680540386747,0.0816860504260393,0.129132474165199,0.086030631041298,0.0805802994790367,0.0696254367367758,0.0876082656646673,0.086377818020519,0.0983695652324708,0.0685879082764347,0.158576456568289,0.10068167551852,0.15225169604256,0.0649352958077564,0.097473096151926,0.0784609336377714,0.170953447681214,0.0843287356303407,0.123479384637313
"capitata12",0.163380996867858,0.189617046131846,0.214194961483482,0.278237444384143,0.240531369422655,0.1462264831774,0.256340124255646,0.17355581229066,0.197904692182055,0.158930071147859,0.160113091079914,0.179240309658831,0.0785798177530387,1,0.255053368906501,0.228268387578624,0.197414881071236,0.244629226625918,0.218914034653223,0.231290202055001,0.152000604398726,0.220052440236892,0.26028056106536,0.243885216910132,0.211120881401915,0.137896218447041,0.142439366639153,0.194914366355327,0.243674299065805,0.157241570217194,0.257600545789476,0.160954962741047,0.221875112839103,0.15307334192006,0.171407989797042,0.209099579747526,0.155897939142888,0.203916632175279,0.07770427311709,0.204894454293395,0.130225564150099,0.218101299180393,0.172803425570424,0.178581908137298,0.234510266411909,0.15604981119021,0.127392950327394,0.260293878270667,0.198947074050401,0.222538367503446,0.157724305881574,0.144570537241753,0.153233057477531,0.191847114530153,0.237129447784806,0.206626719496185,0.264942195054651,0.236471344672749,0.120548969158916,0.211486398336937,0.15533674066688,0.226731851042171,0.227257582403683,0.2376811712558,0.266023270704421,0.239085255043745,0.234449852962172,0.19331643255905,0.22659805817961,0.24353072635218,0.165334558186879,0.171262229491367,0.18168188727272,0.169843135308311,0.159713587044444,0.227250444622439,0.210857130856062,0.222780064824101,0.17391936339763,0.20278197318936,0.188093843932801,0.201281564512153,0.120956551253782,0.246479619691575,0.161798176869635,0.151770611340229,0.250379348425574,0.200712580366968,0.165387483507407,0.138129399733446,0.17809829095601,0.233108078623528,0.188656841656255,0.211320886562991,0.186276708090651,0.129181983998268,0.138188888511328,0.193096209957942
"capitata33",0.228920862807925,0.192464042923522,0.178735816144529,0.285204746125721,0.257610240399648,0.185047840074403,0.265872869682735,0.222755463322753,0.171351232191336,0.1772233741666,0.237880527412688,0.186507799752556,0.0813770825614193,0.255053368906501,1,0.304650232103191,0.201691270352689,0.287776307977715,0.300422981615262,0.219397732457882,0.159653791689318,0.223001631036575,0.309840567785526,0.246707671935268,0.3350689770564,0.144984892886454,0.126052199083566,0.182255650861694,0.218570722384259,0.141740566094408,0.28522924623469,0.162153710566178,0.224119635405508,0.151647051943474,0.168796724870969,0.234528707831289,0.118750126109192,0.25350485619282,0.0683052860351855,0.235851585134054,0.102304046930689,0.323053205823206,0.179276393717486,0.145715798768787,0.264315547027239,0.199492766740897,0.10789316647364,0.318646143760854,0.23935167491571,0.256989041464903,0.114408307439732,0.11391470151318,0.124164071668728,0.149814748534627,0.282968733364597,0.185419808015083,0.216467439326182,0.291131781270397,0.135022598920569,0.172285418979184,0.159351652737771,0.226707328649262,0.261067544297982,0.198029441349777,0.332228827560302,0.202007205155386,0.281466179382924,0.183533577864829,0.260158871170434,0.209300846095708,0.203446690596412,0.129565351032009,0.138300900360777,0.133160983392913,0.13523644338947,0.243217715686342,0.282942912776208,0.285770585298186,0.213583294600367,0.245035101689977,0.145168471068365,0.272802401090586,0.131168376189377,0.161652111751742,0.163659588010879,0.156495230978793,0.271919420403116,0.260059385781365,0.104665325121371,0.122461658393775,0.177147509261017,0.352715625841368,0.198773240699373,0.257909600003514,0.228995762756819,0.133002068828113,0.174247893896102,0.174685022685492
"capitata35",0.120447032666098,0.204267805306549,0.18138675295366,0.324885769007275,0.286584282379154,0.203519504241324,0.309018925770059,0.219810168111384,0.184819664822925,0.188851263859225,0.200286800555075,0.184239297677047,0.10029931355252,0.228268387578624,0.304650232103191,1,0.168533318125342,0.377739877716214,0.377668038775452,0.225610356992049,0.161396560756692,0.242121684765185,0.375543940724199,0.243176411295259,0.358080315896671,0.212792956181465,0.109881103121674,0.187761186900166,0.258210129790492,0.149967376151137,0.308064214823858,0.139706742372065,0.231931573667372,0.132278795997247,0.260490248529487,0.237850900746565,0.12462131002927,0.236775738391996,0.0717320211142436,0.256907160186809,0.0940549367785286,0.329119704789917,0.150196676817062,0.138563017169904,0.285710905335014,0.184939439638507,0.117554027981736,0.297003825740444,0.298842208810232,0.329010019112881,0.0956775397461608,0.0989027812732814,0.120488011049013,0.181749406531369,0.396064731329271,0.170590896157031,0.195001179057585,0.375167479586786,0.150440385942318,0.154459200977071,0.170098735700866,0.22155302257417,0.349211764284669,0.228386200391705,0.261621097449495,0.201780894235822,0.317899801417827,0.180749408610534,0.284396340204831,0.190970238802545,0.172553368976259,0.137141037967119,0.131995892601616,0.120924059906113,0.119111375438412,0.260940997928049,0.448780320489799,0.333269376436033,0.212735558782998,0.257993541560094,0.180589259744896,0.323816507122155,0.103074502946698,0.166669744015828,0.170903848070883,0.126315034414629,0.262612289880103,0.278402665327223,0.103298124381398,0.122666439284296,0.195069675343193,0.2958828668907,0.212416229912374,0.201988623778912,0.248423377944442,0.133741745537555,0.166397317167395,0.153849798511475
"cayennensis",0.122040351891318,0.159178787093031,0.153608134343813,0.179788949640554,0.190927896947563,0.191400981348635,0.188763515312727,0.146880794909315,0.16894157722748,0.141764337410413,0.127924839410651,0.155005374272201,0.0992758141701126,0.197414881071236,0.201691270352689,0.168533318125342,1,0.182641336701789,0.192284756690115,0.187647932851255,0.157317153084943,0.177816660446266,0.198930291595097,0.19706851464267,0.175584873925951,0.127682886165844,0.151738925407289,0.164208174197016,0.181939732531028,0.13252008095261,0.180955235708779,0.134468873382673,0.183165067648134,0.13423720565138,0.12773863996587,0.19573173219067,0.115732126644964,0.168357127493305,0.0756569635031117,0.168907610034478,0.112220527666752,0.19202247728565,0.174985262566437,0.138581770572084,0.194402416848118,0.1178366897752,0.0954263521548496,0.204284699382267,0.165881772518463,0.157058807419106,0.12515551814061,0.117833471226096,0.125848886350516,0.148170804807495,0.156128963046827,0.146546389872694,0.175708809101856,0.190169457195085,0.11288780004152,0.194885298424087,0.119621600427838,0.192495355370032,0.188634335900699,0.152018318713215,0.191560734863499,0.191524449352799,0.187608442534764,0.152079234450976,0.187771660029049,0.177154611426699,0.152602469075096,0.119126335343088,0.128337174778636,0.135135374738625,0.142186321700722,0.196000864917128,0.14802458564733,0.171635806299505,0.177608864893624,0.171446497421459,0.16213187243339,0.184783514196191,0.11225042694405,0.20993880848279,0.122808773042124,0.123425251410131,0.195600845695451,0.179410204357106,0.111214125690064,0.11588469383831,0.136935622473342,0.160691014298663,0.146212974447379,0.195338272945636,0.12545417737666,0.106582190471215,0.121134651197645,0.180158461016367
"chartacea",0.156301034817253,0.215082916466904,0.221474771267184,0.31547640625345,0.295352197644182,0.193321285142648,0.304745747367068,0.197332500845011,0.198916898648053,0.211857343530706,0.187801880406859,0.16333383166539,0.104931669669193,0.244629226625918,0.287776307977715,0.377739877716214,0.182641336701789,1,0.340530391405746,0.251354970184062,0.193255378296541,0.241369304888813,0.319581036066289,0.276349680622295,0.297353106580329,0.125597193951387,0.152709168691856,0.189189574942962,0.245663054337683,0.176943693012651,0.294794441108555,0.152769887798769,0.255072832602863,0.161962497029397,0.241883993057581,0.24105708109376,0.141413996068098,0.228783065110337,0.0814345130290739,0.231035347462226,0.127531539457852,0.269565434557235,0.158671109764299,0.155253380122535,0.273988404817843,0.188042033441365,0.110088886700764,0.305139741189564,0.296607860956965,0.298554809851463,0.129188726886231,0.114863642258178,0.133303226399616,0.158616327640532,0.307586526264976,0.219918477083398,0.271756822425063,0.317171464952886,0.163523552186961,0.208220565576396,0.15970012525445,0.268828338880341,0.319911232185799,0.206724128780739,0.263955239331902,0.209463427912604,0.286397401289894,0.241692217055914,0.274043252540068,0.218071720781127,0.201043529479611,0.194613114482598,0.165026657822745,0.150342416617658,0.141972088275355,0.29974932524571,0.346899135020006,0.271016089947364,0.196632417392063,0.308578132011147,0.167275303766466,0.349053590053496,0.118028990321128,0.191905098708619,0.160385797160375,0.163274488356513,0.280027453565502,0.230303003450707,0.120654975664585,0.162069469655332,0.211334217998402,0.259852377870344,0.215351315488408,0.242892104547102,0.236825161736791,0.136819489271403,0.158216529045448,0.198525910678185
"cinnamomea",0.117472884796985,0.190547352949959,0.180585668430094,0.300143989256424,0.22035778672839,0.200100234259711,0.293328800059169,0.226039097871115,0.157969933690606,0.200619464030147,0.177413357529731,0.159641581712927,0.130050188075871,0.218914034653223,0.300422981615262,0.377668038775452,0.192284756690115,0.340530391405746,1,0.206190818629588,0.161950957604619,0.184412207174993,0.329048312159067,0.224744599116133,0.359502715948448,0.15094623001611,0.110336662127946,0.183080457448155,0.271644636197116,0.151129746839745,0.273040080370671,0.163851631486758,0.211369827558769,0.138545590763006,0.193451537759686,0.210468548390863,0.127027895675455,0.231087104689051,0.0819622472145834,0.234102444021656,0.108896479217881,0.294512131581362,0.154099378079183,0.129682624537525,0.325694821517199,0.179625826590635,0.100054672224772,0.271089320849625,0.297922023293472,0.295072174843667,0.104391074429419,0.111214707758379,0.119340174560624,0.112856435919574,0.331945192675778,0.176482214328373,0.216370828367222,0.362729696329257,0.144971494021407,0.149015157399455,0.160051377346699,0.195831251666873,0.358723615697393,0.160360819483393,0.282162063985494,0.195695512667262,0.312069313565333,0.174265794839343,0.317950013279378,0.190134743360905,0.176283273818655,0.129761104371276,0.127746051122334,0.116105861808608,0.129535477255599,0.256257051270046,0.381935942446149,0.326822098565122,0.19323879588854,0.256306860601527,0.174061394173401,0.321770280676787,0.131911093304272,0.171650639642321,0.16655851759391,0.196164357582809,0.23443520944658,0.279143502484433,0.10114090925462,0.117607536696887,0.176099666980949,0.280771283176747,0.188416985608917,0.211387070264395,0.203299499769456,0.128598298140736,0.147327913037382,0.14365473575624
"cocleensis",0.124533073622876,0.184593862245975,0.232026512385958,0.206008928449086,0.21146833060185,0.130087371500102,0.227133009478922,0.159630720707696,0.18437040792055,0.13557528191231,0.143987886110201,0.154289008339875,0.0831880399373735,0.231290202055001,0.219397732457882,0.225610356992049,0.187647932851255,0.251354970184062,0.206190818629588,1,0.174058117577844,0.270219625090874,0.266933964176185,0.210022316405681,0.201155050776545,0.153425867382065,0.112296734548689,0.155207326166698,0.195943504527104,0.16820938580191,0.258015199165897,0.144504484614996,0.209156617188896,0.206694478638178,0.165820207469722,0.207184638281579,0.123714080541872,0.212699053567074,0.0684353405392183,0.222600323452752,0.0894360866729828,0.197922197262607,0.163950377818647,0.135739021168935,0.20500834036538,0.197931199257659,0.109742633639056,0.244996290014421,0.240433577394549,0.180289528798398,0.131206965425996,0.118151909022308,0.109243760400376,0.120554779237269,0.272959471017131,0.17485769779149,0.268927455467708,0.226261945247248,0.106324115336961,0.163008880538129,0.12776119936282,0.183957684775926,0.190873691946739,0.169471035641383,0.207615813549703,0.179257719901297,0.248430344119196,0.172660056961231,0.184840751300738,0.161160632132595,0.164242688222868,0.145389528472732,0.14202765703452,0.136538910717575,0.135434879756352,0.256758197548084,0.211335981289073,0.190902317912313,0.146775395633881,0.224672708593917,0.137959954027071,0.294251799907412,0.0963945928100008,0.195196513640415,0.129208890722112,0.140008687700822,0.221891037627317,0.184790248273949,0.137294611393957,0.116868873039544,0.168391223568219,0.195363960296649,0.157221421300619,0.213212389028493,0.192514233924822,0.109044758228902,0.114124924956541,0.129217387163968
"cordatoalata",0.167607685090616,0.245209325759901,0.234851643914205,0.202973396788106,0.202417728354903,0.132090404317981,0.216617458328958,0.291497342568501,0.232573167788738,0.140377268162455,0.129860939938914,0.145989357094038,0.0922745699614993,0.152000604398726,0.159653791689318,0.161396560756692,0.157317153084943,0.193255378296541,0.161950957604619,0.174058117577844,1,0.244443966781994,0.227343882721431,0.182817902679984,0.193097083779621,0.142633092868444,0.143692491075841,0.20689887686699,0.212149270613974,0.148818119970113,0.205765945189524,0.208558453009796,0.245919011467928,0.241716738980641,0.167480618102934,0.14494936578629,0.161798958444231,0.154205837759343,0.105789171210026,0.242708042712862,0.206618908831948,0.176977564998306,0.182180793134576,0.263053256231981,0.17310095542455,0.119407448814358,0.149935821196122,0.170882099942156,0.171599594896425,0.185968062560913,0.109247436005208,0.236803953673728,0.212500611319148,0.118106710080079,0.18466619549431,0.118415038950663,0.196897188571556,0.176732680157183,0.190997362878544,0.189276122959145,0.214753098187423,0.247594299660738,0.189545613128263,0.169287437960174,0.183059168853535,0.25494479416285,0.180590503229293,0.235898746744577,0.187800055757017,0.199359980273808,0.167716456606376,0.12245356503237,0.325024042987961,0.204092019922387,0.182596610976053,0.218874774505133,0.141790269277689,0.155080436689821,0.196379600325705,0.171909125013768,0.185951406379472,0.20880973516999,0.105142570971534,0.173738316451265,0.11411699463396,0.135021211921344,0.191188467936265,0.169009909467926,0.104807080019541,0.165305648036563,0.245869285323376,0.135002699405648,0.122753696274276,0.173097190847502,0.120183854060409,0.147820113669369,0.124538499863178,0.222761730631349
"coruscans",0.158843526387508,0.193957442692979,0.232823025983194,0.213310000962711,0.238557026120152,0.170924493808767,0.241754813518785,0.223704326368734,0.231951885165108,0.169849463877156,0.141984330565026,0.199279624879257,0.09643803881979,0.220052440236892,0.223001631036575,0.242121684765185,0.177816660446266,0.241369304888813,0.184412207174993,0.270219625090874,0.244443966781994,1,0.268459669120725,0.228299416878119,0.219538940778734,0.154210526799401,0.129249206047248,0.16627074123512,0.189933920602955,0.203158256370498,0.265361357544471,0.186732686552758,0.251175569134611,0.257000672473438,0.172121156836716,0.235835587798616,0.181619791018154,0.178591416607201,0.0785455299090119,0.268887828928795,0.212158630469797,0.178070776098245,0.188036201213009,0.24755055260012,0.179091527389578,0.133549588376017,0.151026793555812,0.208879257609883,0.215698839928858,0.210256689746791,0.132502556298003,0.202855240707636,0.167851732397138,0.135132649649316,0.229910588488999,0.173829866249195,0.290955080728315,0.181778807439433,0.165452534043914,0.176362903379674,0.151910383698442,0.314819823205801,0.213229938208955,0.194998757676064,0.206255122590362,0.227424443625778,0.200344853127297,0.210775768884989,0.244556030919684,0.201019490401013,0.175592871475893,0.129450289418015,0.236114401900162,0.156565702188634,0.199460395394899,0.268285710294367,0.200105666332262,0.179302776731716,0.14616030476958,0.21055906951942,0.165143163791442,0.247389871143711,0.140756511894791,0.206623538418693,0.120633506226479,0.150223610356842,0.227104995419227,0.180944246784764,0.122306484305486,0.137666250180637,0.22294198382568,0.202444263130688,0.134100879201653,0.180958509961798,0.179178063704835,0.12083205183193,0.13357958248685,0.218644491687019
