"","acreana","acrocephala","acuminata","alata","alba","aria","auristellae","bourgonii","brachyrhachis.aff","brachystachys","brachystachys.aff","brevialata","brevipes","capitata12","capitata33","capitata35","cayennensis","chartacea","cinnamomea","cocleensis","cordatoalata","coruscans","cylindrica","edulis","fastuosa","flagelliformis","fosteriana","glomeriflora","goldmanii","gracilifolia","grandiflora","heterophylla","huberi","ingoides","jenmanii","kursarii","LA17","LA41","LA48","lateriflora","laurina","leiocalycina","leiocalycina.aff","lomatophylla","longiflora","longipedunculata","loubryana","M18","M25","M27","M30","M71","marginata","melinonis","microcoma","multinervis","nobilis","nouragensis","obidensis","oerstediana","paraensis","pezizifera","pezizifera.aff","pitmanii","poeppigiana","punctata","retinocarpa","rubiginosa","ruiziana","sapindoides","sertulifera","setosa","spectabilis","splendens","stipularis","striata","suaveolens","subcapitata","T18","T21","T29","T50","T51","T82","T85","tenuistipula","thibaudiana","tomentosa","ulei","umbellifera","umbellifera.aff","umbratica","velutina","venusta","vera","virgultosa","vismiifolia","Zygia.mediana"
"acreana",1,0.224517945170804,0.174547932617675,0.25577815043781,0.145374702136063,0.177381849716657,0.272176823530319,0.134921517809269,0.231330973304266,0.154799552378667,0.129257397924787,0.109748244021173,0.117285974316692,0.221642624387024,0.252593893259754,0.206432929352023,0.181177980498368,0.256460747836626,0.197947105599713,0.186232693093847,0.213648882783931,0.224304105980415,0.21276949931896,0.248175806417901,0.1007644767472,0.177150246705413,0.15231098888887,0.206967539362502,0.159408087933884,0.196721046136251,0.220961878896789,0.124063620649353,0.23161532130484,0.182151845617832,0.193892017616564,0.157856386541928,0.150072928811489,0.139129116180677,0.158232571185415,0.214060199682578,0.192195966273676,0.200553357726727,0.133695477437181,0.222314799354605,0.178454460043097,0.150796438907301,0.140732087766229,0.230056934006372,0.180001294084855,0.174451407705991,0.0952182296040386,0.164422018972917,0.238487298992235,0.183367433879471,0.154008243257249,0.137810415743996,0.244622356996199,0.173811412686733,0.183470664826283,0.223786010579221,0.210472950614007,0.235461879945265,0.132983134766658,0.171484610997569,0.210201076704364,0.207195771482976,0.161006321473282,0.223693866692282,0.310271841636755,0.24239108684779,0.19983174816543,0.177930850714645,0.2259363258194,0.116404320466249,0.206449610318767,0.207386784499283,0.130725340640461,0.19745212867894,0.244752007004502,0.249858559204365,0.205637365818495,0.224859955733224,0.172021384015775,0.188976180966396,0.0768234333223605,0.157840295907534,0.215856755233361,0.248477821795139,0.121995634697116,0.221734962190049,0.147652142386246,0.142601729655268,0.11475990367473,0.191740895321766,0.163856270083017,0.123436243131379,0.18468605362528,0.233167901782242
"acrocephala",0.224517945170804,1,0.147245489194838,0.243592699945159,0.131611835370898,0.161659675571151,0.238172202209189,0.128621468863289,0.178264598484521,0.13873545936959,0.125161024311389,0.0873627960017789,0.106848149927811,0.271127442849234,0.208375730703992,0.228056395111413,0.172722176935382,0.387829601106534,0.209935924831402,0.175642537181253,0.19144391631945,0.171332719296281,0.238489591746755,0.250812589850949,0.10251278540778,0.142635531351624,0.155379243214123,0.168745277136063,0.156898185441179,0.164465298558418,0.193683514177263,0.100758839877376,0.218132304184771,0.192368728467458,0.178615145805407,0.139261183883379,0.11175440511725,0.192570848484473,0.148169766215177,0.176384687080042,0.158217701676771,0.243885610589059,0.131787450753076,0.189872780107011,0.18348575878943,0.13280884896274,0.136621996352492,0.219911602606636,0.151300184387733,0.154576215245417,0.149974087471919,0.170777735114941,0.187019189976108,0.217230344147353,0.145053832015069,0.122832273759468,0.185978328759035,0.247389556568632,0.189745449146883,0.211069053494465,0.19621079233371,0.233039967008553,0.159833484455454,0.174405877327787,0.191914198286298,0.219755321971531,0.167432245230501,0.199365957853791,0.189039934213797,0.255125968536231,0.174713026939683,0.228766681703864,0.187033843255952,0.10229614105104,0.210820102053946,0.248977432456223,0.12155056088392,0.174884065673986,0.23170814317763,0.199791735624255,0.253794398694138,0.224242842933455,0.145130909306241,0.155287689304298,0.0630426840215283,0.12035234758704,0.256777693828717,0.179710615577048,0.137765061391465,0.188634832404951,0.120762709868587,0.11885917649865,0.103123671940914,0.195834457386974,0.177308281708488,0.0917463910518611,0.17048952735459,0.185660301507232
"acuminata",0.174547932617675,0.147245489194838,1,0.147876505155059,0.0942804505211846,0.118471647077342,0.150733439771219,0.225230704208615,0.137733111461894,0.108541145629619,0.102713517963151,0.11504961767179,0.114838928853916,0.160959342783641,0.142345069874317,0.160463330699746,0.130569959501276,0.183448793976805,0.120338123319485,0.131270299492805,0.233689495680731,0.135838213991293,0.130780388883958,0.15551624005521,0.0829702984992079,0.122202594235129,0.133316411568277,0.125596285505824,0.1793779999826,0.106167894017948,0.151030575015581,0.0839077878003267,0.150150618181766,0.14783739352899,0.126279990227275,0.107708368187635,0.109314530395821,0.128322834999921,0.0921638015709209,0.117164925025525,0.109796194351322,0.156360870796081,0.0989870849382992,0.132260940152778,0.186859667680363,0.103557755546203,0.0907432674792106,0.165309875727534,0.103985124309062,0.0973484766283929,0.266532720249114,0.116250823505129,0.11904295515666,0.0932394768887468,0.100842570796789,0.0902498041201422,0.129223805095843,0.122435894156413,0.153672484705469,0.145296705015554,0.134037886084952,0.14534813682764,0.126431967152605,0.146429911768342,0.162076765943163,0.15813561982138,0.120954442922734,0.152114440743372,0.144944307890841,0.164173516637606,0.152946273258527,0.122046455860016,0.135298870274286,0.0975566742174549,0.135373379021412,0.177676177973356,0.0916914234151758,0.145627349760152,0.166316671916973,0.150994501356214,0.152740238946194,0.134185844502892,0.088272083476624,0.0985613332387452,0.0502723074458008,0.119654197753859,0.141672566380614,0.145855656681903,0.0757595677769775,0.147157759089578,0.0961354619580505,0.131007908541329,0.079750927814888,0.140782272008519,0.124276977556951,0.0813079681317459,0.113372002545919,0.121491852841603
"alata",0.25577815043781,0.243592699945159,0.147876505155059,1,0.14758301351037,0.266092923115097,0.254648204706287,0.15808878478248,0.212761230666965,0.175670861971514,0.166680387901862,0.126845633831975,0.1213972009874,0.257247839937966,0.229556360634264,0.222758527977806,0.225236217276428,0.308298048206189,0.228407495704494,0.205847712050112,0.243480430733242,0.211360049340898,0.266824515733707,0.323276099795168,0.10825118364799,0.195254619384812,0.168972664010531,0.240824902998306,0.203661617876383,0.208391864592279,0.24975306400845,0.133968682293328,0.244570914770015,0.185591164136378,0.212226721366754,0.166703786806331,0.120819504569315,0.181079445092345,0.231767015663543,0.262158710939537,0.201955673048355,0.232594971300534,0.139004919506423,0.280645294703704,0.171014889226739,0.112894395290163,0.156730124221287,0.284056227904404,0.187801454006112,0.231947574864018,0.090685628359066,0.265190782469282,0.272259865004182,0.22597309633077,0.149394898055024,0.122489572943014,0.316855207975298,0.128316007994861,0.237443787031976,0.283547979166257,0.285995600769712,0.378706327631502,0.304250918227966,0.210309100787856,0.279540221139501,0.284448364805327,0.215762167941251,0.258364426584473,0.196616842940369,0.300191078174913,0.228616030180293,0.213944312943014,0.221806650249691,0.102096562970616,0.286943457105137,0.230562461191399,0.127075693678195,0.281412810310135,0.303122082413859,0.271672700517643,0.27442652074678,0.264133506224695,0.211089999317198,0.165908305147287,0.0930958698056174,0.126959667139728,0.327099229995562,0.236337712401625,0.163908561126601,0.297973622680117,0.156358664661507,0.156766385055154,0.10929870229056,0.280794383481999,0.167174664849778,0.0959448061773258,0.139738686902122,0.260151267337083
"alba",0.145374702136063,0.131611835370898,0.0942804505211846,0.14758301351037,1,0.0837366246390844,0.148913175598075,0.0761022345134689,0.182177217794599,0.187482138952317,0.198131379756273,0.216922625584025,0.17500105909513,0.139744056461849,0.175368172723303,0.134191730235581,0.109330484888051,0.136848953424902,0.119504959727981,0.106580534087206,0.159458036307946,0.131178874520829,0.116572875590251,0.142552386964692,0.0927168114517592,0.194004286258063,0.0791939237037085,0.128713096803607,0.109205192780056,0.137956512708133,0.0984856132854946,0.202036491483282,0.247967501131157,0.124366032873784,0.185754841424176,0.132190439821185,0.0852552390766438,0.0731879701262002,0.0684848502117703,0.0987816803947588,0.203704650283406,0.116273874930785,0.0705158117170853,0.128653673706481,0.115581571449151,0.239055396313143,0.21202239964793,0.134251399408337,0.22799373313663,0.218514830189846,0.0580293099288922,0.0933771140064487,0.173088728915832,0.181513728978224,0.132320622512444,0.177122053441961,0.125356324619451,0.0922245369145937,0.217252561129677,0.15883105572227,0.101545276305645,0.11503712906948,0.103502120625438,0.0995998713309047,0.157300685614691,0.11039384905222,0.0850201227151717,0.160579626016111,0.11645800676779,0.155498731523423,0.233335951969451,0.0809694380939729,0.103277021597849,0.0980463428075445,0.110133724515942,0.128832028808475,0.0800408501953133,0.124079225851546,0.156952748282816,0.192072931485629,0.0950735021978641,0.137287132584379,0.111627066261361,0.0972644921734715,0.0427201866742315,0.126824169618,0.110152364229486,0.122757958051897,0.184623905204044,0.205893489472137,0.152325997781753,0.199031866488812,0.0703952704221646,0.107051976486912,0.0756837043059621,0.211769608752191,0.139308480107929,0.153684770265497
"aria",0.177381849716657,0.161659675571151,0.118471647077342,0.266092923115097,0.0837366246390844,1,0.157490790559584,0.0902006614197176,0.223221634038894,0.203178592205043,0.117741686923499,0.0451431311682287,0.104743585310604,0.168048625881774,0.185403719874675,0.162393391827865,0.150154937957668,0.241996770537056,0.17133441242721,0.196888025933989,0.15785391200841,0.151185931425783,0.213939057479267,0.346367940587002,0.0961118425433747,0.218547830307715,0.203908731470686,0.2361656081624,0.171416303400141,0.169018226225899,0.229204920364519,0.112455629645548,0.156861534399992,0.122199744395265,0.19696643849096,0.122163795051297,0.0803707652147061,0.250156330984945,0.26125881082934,0.340803491526122,0.140241098502302,0.195712693391456,0.124246738194791,0.360427687210765,0.15742437523465,0.08761549590541,0.123055313502532,0.270380722312867,0.139612929537885,0.35144225725848,0.0948639795118549,0.368066453324913,0.204018812046251,0.197508055942849,0.105998642750556,0.0767743759515805,0.307688147973089,0.0905858840796503,0.22400586503157,0.472640626569124,0.326438505243487,0.215031557533668,0.127916113085261,0.156560685725906,0.296658044094101,0.218528066087711,0.264773086092799,0.207504606327136,0.179593325738388,0.307882140793262,0.209143785150621,0.240476858114031,0.175691985389078,0.0965378677296849,0.397971571043305,0.205499113605705,0.110478737828981,0.503550034410827,0.305180770187148,0.177325987132343,0.266900141744355,0.236748771762393,0.211102724770214,0.137834907982844,0.0883952321870724,0.0948788325132199,0.462727666055336,0.220184560824165,0.120039518602149,0.266423818672612,0.127302654695075,0.119797366606745,0.108031642723894,0.372970858661745,0.147331491230162,0.0610217012858831,0.124074039961707,0.210340422129791
"auristellae",0.272176823530319,0.238172202209189,0.150733439771219,0.254648204706287,0.148913175598075,0.157490790559584,1,0.127445279425696,0.225602438903474,0.146352967470922,0.123445226782374,0.0998614068012128,0.106961093323196,0.223208688054581,0.245037133911657,0.218576548927338,0.183661024864925,0.282266440941384,0.179939653380235,0.162287103329356,0.247315687017056,0.223817650451692,0.241129535634093,0.303751272904653,0.126317377159197,0.168208898277727,0.150767532362924,0.198875586240656,0.165793378375738,0.185240176757915,0.196715019098674,0.113093892818057,0.27205667811163,0.1944468261151,0.172911317419278,0.146267750550887,0.116011984260508,0.176039764891308,0.154332284891346,0.192521725234985,0.193466164020434,0.223633775036293,0.154975948303247,0.227194488450908,0.216445143576804,0.136049874658631,0.128803750578193,0.220998075925269,0.17562542794665,0.171146095019069,0.092548311083073,0.169108283606022,0.234909441212412,0.178649030866902,0.165205438122498,0.151167561467999,0.207696535370214,0.128276343724905,0.185031373756387,0.196036412013271,0.219596881542461,0.229250368263282,0.145641499565223,0.190043039942893,0.28568150146111,0.215176650044519,0.171366049920569,0.241732468694318,0.179800409090265,0.266611172432311,0.200737773626317,0.201765361739776,0.208801465724053,0.133438094881782,0.204513284706709,0.236114290001981,0.149464128586971,0.16533659846156,0.224494469692766,0.237086472251702,0.216313626082612,0.251835507283524,0.173227607184343,0.173526388248752,0.0853379681088496,0.126769878560782,0.223614037900971,0.173130762357082,0.110953517843911,0.228180667099679,0.133952247021134,0.135331107045751,0.103189903693517,0.162893613874562,0.17775864389245,0.0995397045116625,0.162371446971001,0.247367190118513
"bourgonii",0.134921517809269,0.128621468863289,0.225230704208615,0.15808878478248,0.0761022345134689,0.0902006614197176,0.127445279425696,1,0.122639196179017,0.0984144139831026,0.0953687642634141,0.0658875885504409,0.0716787393002217,0.117722592612482,0.127360860406718,0.0990989410641664,0.101222298351092,0.14010075251888,0.0951189907169793,0.0970055041340153,0.229935563206649,0.136780447481117,0.115488233641798,0.141745543576449,0.0612482959085441,0.0940115000890045,0.0919316650604582,0.110808241936319,0.10231947083119,0.105523029404079,0.110607788078633,0.0684925077655957,0.129055137786196,0.129200285507345,0.0873953071102965,0.100931529525895,0.0952648941558896,0.113443843281593,0.0737180455685278,0.0949255148187493,0.089187086307166,0.159317020087561,0.159716449765888,0.0982474721648205,0.129809295929002,0.0765093893666989,0.0733801931572775,0.125777515662829,0.0949331568414747,0.0726509059874881,0.191772949470988,0.106194514170851,0.200311729260076,0.12431192050041,0.135540402665697,0.0879682850300765,0.121629131911109,0.104184957764551,0.140789578156142,0.0919499553460698,0.0999161470180734,0.0982420348616336,0.100556029128223,0.143599869583369,0.112738546981911,0.160818012407521,0.0797201000022498,0.115351930261877,0.0967526386502141,0.146780760706745,0.0992973819481731,0.082930291220895,0.139681321561563,0.0952318610478447,0.105039601814059,0.10533685582426,0.0736927979703344,0.083870072294034,0.124233392225485,0.127906510713257,0.132587807225964,0.13857090536215,0.0916754683058819,0.0870159601446094,0.0569835697595924,0.0892434544232419,0.103546364000075,0.0834694682696619,0.0876371355376655,0.11150105529519,0.107185081539933,0.102694774097903,0.0603661418102308,0.0866911623364648,0.0918995873126597,0.0735802689129766,0.0832761679914297,0.10031178015718
"brachyrhachis.aff",0.231330973304266,0.178264598484521,0.137733111461894,0.212761230666965,0.182177217794599,0.223221634038894,0.225602438903474,0.122639196179017,1,0.232616627823591,0.100925906679612,0.148682409406338,0.118844932885559,0.253507836534486,0.486877572784452,0.203287897647074,0.158719982802182,0.207944355372548,0.162189314001703,0.158537162757272,0.232831484457485,0.193249080887405,0.213711043080499,0.289476100216421,0.113632033320247,0.273418818153628,0.197334053515513,0.209042067874555,0.168648077073272,0.208165472522611,0.152774715876222,0.0960660784587328,0.272379836340148,0.15301930304448,0.209430859902184,0.219307440792058,0.113575346213833,0.178426582927267,0.118394185635865,0.166200155408952,0.189525602848447,0.194545825482833,0.142186241101337,0.217268713678604,0.221488627462994,0.190470999743609,0.165739753549517,0.209017387958483,0.190820996338168,0.164969001184882,0.082645018175229,0.155119761759763,0.202523585709042,0.193694932569755,0.17091185794047,0.144155366922135,0.196754149288671,0.133974429324729,0.234382568034499,0.237923150961254,0.189446454468167,0.183284284303035,0.135868852785609,0.159307896094051,0.274040638654099,0.167731592903983,0.126832692093178,0.208914370054629,0.19722602006031,0.325607878092875,0.266203537971552,0.156587692474292,0.201007621295694,0.126036948670232,0.181924099033736,0.18971185087878,0.148997844845159,0.172773801362685,0.302378861231048,0.247082240880295,0.18644436045386,0.188015523369761,0.177782074287467,0.162148863088493,0.0612768858936264,0.137122908189479,0.190961339545666,0.182395589291883,0.152867325105583,0.180605809046564,0.169673964327954,0.123559700306148,0.116026484224441,0.169967726297135,0.16335515031488,0.134971090471844,0.192221294964402,0.220303996418037
"brachystachys",0.154799552378667,0.13873545936959,0.108541145629619,0.175670861971514,0.187482138952317,0.203178592205043,0.146352967470922,0.0984144139831026,0.232616627823591,1,0.301324999449966,0.22372596411492,0.285261163503683,0.181867769093022,0.177906355009113,0.147843403280806,0.155448033015681,0.188155106609957,0.139939893152694,0.14704145272768,0.160080586158442,0.152041453854508,0.159620992423116,0.239437914860274,0.0873398383900852,0.355982151563596,0.178468924733344,0.16154876492073,0.135334008379696,0.146096702061559,0.154139637311583,0.31573100471376,0.153166879697284,0.119007160573199,0.326606230507404,0.173016798496278,0.0830319717891288,0.151731490412042,0.131969602130635,0.178063305853916,0.374346997767497,0.177687947895983,0.10573555268936,0.187371317666147,0.149669166810639,0.0960241096260544,0.339997999653804,0.151869292287923,0.265354930962575,0.287904267161912,0.102625717706265,0.129161527450727,0.13817711428171,0.117525216408991,0.128475095171061,0.0959447708120366,0.162474903998045,0.092819432021935,0.48561597770291,0.167537152368519,0.171578452138977,0.154017382058426,0.154164848785698,0.133511141855133,0.168891557372555,0.174169774523792,0.139960398610612,0.156829495809961,0.158588103241998,0.21189074069589,0.374735467714868,0.14167214124126,0.146749745185011,0.104334888433174,0.159377980899024,0.148804743290615,0.117898290155415,0.161693773593926,0.159611096697403,0.17668160667491,0.179860103180703,0.18214384326933,0.145909551757179,0.113242946458287,0.069759581499293,0.109679243664492,0.162413020208027,0.142352115478487,0.0832468510562154,0.278190187822339,0.12514602659441,0.281029552111903,0.101278219173056,0.148530802505248,0.154405860511007,0.314876606324617,0.114716092707251,0.148434929706476
"brachystachys.aff",0.129257397924787,0.125161024311389,0.102713517963151,0.166680387901862,0.198131379756273,0.117741686923499,0.123445226782374,0.0953687642634141,0.100925906679612,0.301324999449966,1,0.262734223309631,0.185133368943587,0.108847366569619,0.143510646530204,0.0994534772328717,0.121123796936006,0.140179311261808,0.113870915802904,0.111396395768114,0.115875838312964,0.101602289518648,0.117138592332683,0.154596349167241,0.0901884683058971,0.252397717113256,0.0920480102162117,0.110900897178927,0.104063907505602,0.0934313308186246,0.129985214838603,0.314173197900485,0.134189038357217,0.0934280878599919,0.305528445305855,0.104105514796569,0.0886825359120852,0.104693805204663,0.105618514446941,0.120818281685059,0.298566706379601,0.138889447946498,0.0783097299487919,0.141929778608289,0.102869250783491,0.0808071927500777,0.286900357321463,0.130475744852242,0.285654167186503,0.280849103120086,0.0681813227484037,0.11968906926219,0.141774742267983,0.115712950255815,0.0914654619546095,0.104453809149369,0.138472196769411,0.0844839435903677,0.26405832579487,0.129893836977449,0.126714735983602,0.146702291881124,0.139391385366787,0.119844493951592,0.132204051070096,0.127063636288506,0.123296400957634,0.137167497339191,0.0936743948021568,0.112535978300771,0.284047797931551,0.0913593639495225,0.105481979835473,0.0906120364721159,0.124850185165102,0.115994709023741,0.098650715937187,0.118294082729583,0.141787624471012,0.13953051542469,0.124052009827872,0.159838465535368,0.119847267748223,0.105245695132425,0.0566345305798591,0.101582811765146,0.141172070410469,0.132672659208954,0.104557608510937,0.249307186913234,0.0964238365031378,0.345445809512301,0.0746025073109416,0.126461540437493,0.0798998021177554,0.285121159921538,0.169759173183841,0.136160875418237
"brevialata",0.109748244021173,0.0873627960017789,0.11504961767179,0.126845633831975,0.216922625584025,0.0451431311682287,0.0998614068012128,0.0658875885504409,0.148682409406338,0.22372596411492,0.262734223309631,1,0.186409037622357,0.0975754070306805,0.175976042550405,0.107151607510115,0.084288221047621,0.0893608663307412,0.0735626344189497,0.0860744083256682,0.116321248955491,0.105579249244401,0.0900290616870639,0.100277797590567,0.0428927203685833,0.210285452698033,0.0621256718082517,0.0827128085241995,0.101114496684107,0.103387806440979,0.0752207780471446,0.231019818457452,0.13115757214667,0.0915862119359347,0.207537817780583,0.0861669148532924,0.112269986749041,0.0594227493691958,0.0588751643725665,0.0499147702687897,0.22886855787806,0.0963690341681218,0.039257536652807,0.0929637892235183,0.110775957562515,0.133885136470262,0.212031005617031,0.0946541325893921,0.224831293366171,0.221928201224136,0.0593660472140731,0.0617014417829412,0.0935016905155132,0.111534035956354,0.0816349248852301,0.0906879033616655,0.0696995365151697,0.0760168773715397,0.211092732080846,0.140436212877864,0.069892056929714,0.12682817607695,0.235405602037374,0.0791465987269334,0.105538603997131,0.0719208103053399,0.0623570286571872,0.0927273392605692,0.0855975117739205,0.0814910639908349,0.251731142939658,0.0633318835558665,0.0792051119136184,0.0837065206460695,0.0768176281726438,0.121039147895193,0.0808312342242054,0.0598761040475378,0.15356784881895,0.13620925891131,0.0885673614914586,0.0926073119415409,0.0701304061247597,0.0597476245360607,0.0634733125916248,0.0770769186640927,0.057383009433455,0.0833192804759133,0.0887893815161643,0.202017198403222,0.091965183154341,0.284485624049003,0.0484008140288635,0.0623854672997939,0.106770437246647,0.247249623472165,0.10647450882294,0.0960403913491084
"brevipes",0.117285974316692,0.106848149927811,0.114838928853916,0.1213972009874,0.17500105909513,0.104743585310604,0.106961093323196,0.0716787393002217,0.118844932885559,0.285261163503683,0.185133368943587,0.186409037622357,1,0.113876801879194,0.118882291383933,0.115253323751044,0.122067635927575,0.128283889749852,0.0941527793945065,0.108883822791493,0.121450917673526,0.125550900410437,0.113200989698648,0.12611912452179,0.0813290259973015,0.211731650998086,0.09100515150797,0.126507070808855,0.111741325722393,0.134017593450132,0.105254168742082,0.16496620555282,0.114699151438769,0.0930241460792742,0.193001989089805,0.0958572101324438,0.0819901025484875,0.092617174140591,0.0876882073428695,0.106247988692208,0.210001877619521,0.113962715801271,0.0773084857794238,0.155169464955662,0.149417517422098,0.089315114734406,0.188744397104563,0.11121454488387,0.20326791785555,0.210948473753406,0.0729678321453003,0.112015896840669,0.105271831370294,0.0948842971437106,0.0955546301999941,0.0906297345953625,0.107273109668961,0.0747620831604987,0.289918459242792,0.124137920208272,0.117407552116493,0.127612396516374,0.136983948265485,0.0962178728305654,0.138235136324049,0.10790149903534,0.0947817175629102,0.115063472874874,0.108205721204171,0.115239793739173,0.20660692183424,0.0991071167757974,0.112802534757662,0.0860636647467412,0.101852905884641,0.140613610368975,0.0839059126725519,0.095706564611263,0.159723180462335,0.159660204049918,0.132772021911066,0.149524642708146,0.114180622768791,0.11129526658257,0.0402035840184008,0.129589092639358,0.108769627768142,0.121128365141783,0.0808821053140105,0.243548225968656,0.113811831644978,0.203967782848344,0.102906246386641,0.161121816552384,0.0905122473649068,0.161777163186325,0.104490115776591,0.102114653204155
"capitata12",0.221642624387024,0.271127442849234,0.160959342783641,0.257247839937966,0.139744056461849,0.168048625881774,0.223208688054581,0.117722592612482,0.253507836534486,0.181867769093022,0.108847366569619,0.0975754070306805,0.113876801879194,1,0.234473199894893,0.349590384511048,0.172226385212314,0.241920175140116,0.171825463631545,0.170003598460326,0.197814013383348,0.218109574345398,0.210832671515536,0.270419251063999,0.0995062208257469,0.20456837774454,0.184921002337141,0.179264022226577,0.170828840985435,0.208458134015208,0.177671733456398,0.0826232340423726,0.22253497085999,0.193839654860566,0.172999816510472,0.167924582179831,0.132419382788156,0.203830133133519,0.129200914403348,0.179788671479127,0.167992973167241,0.264302676177747,0.119668044981351,0.183097391019604,0.191770745156696,0.122525030634278,0.10012577686133,0.18992219214997,0.148029881285172,0.148078196012285,0.11546707788067,0.149390417368652,0.192519200144005,0.142958649448054,0.126682044646832,0.132255365397098,0.218163228067826,0.131359242947808,0.232122668631102,0.198370402557884,0.232330360610271,0.19719053923982,0.175918913668213,0.180124056600186,0.187987584798164,0.195351772750949,0.157719368730484,0.210141374534705,0.221216868924338,0.22996639700453,0.191646408591577,0.175908434517233,0.193956787786685,0.125077867824757,0.195508700256097,0.191775356259507,0.144940733360082,0.170154130688433,0.188571393318038,0.208026796843969,0.215754046294894,0.172228540862321,0.131281121674925,0.1382255704911,0.0732332316547778,0.12088021626178,0.214766287705931,0.195550357200786,0.0957335066392039,0.180992138805028,0.159777604231694,0.127809531512224,0.10635823121847,0.175172304551896,0.206349075079179,0.0890222561598206,0.177028396863358,0.166656636633833
"capitata33",0.252593893259754,0.208375730703992,0.142345069874317,0.229556360634264,0.175368172723303,0.185403719874675,0.245037133911657,0.127360860406718,0.486877572784452,0.177906355009113,0.143510646530204,0.175976042550405,0.118882291383933,0.234473199894893,1,0.211490436224205,0.179683147285152,0.225608065644088,0.187793925900472,0.185843911683802,0.227324926899452,0.206777835794401,0.205005758024775,0.26193774494645,0.107320655035261,0.16575373049025,0.146699531545086,0.221201723602244,0.178065034784136,0.185272109088292,0.191606446333868,0.132906357647305,0.251291792265191,0.165374790727503,0.171447242253853,0.169178451779947,0.143435800735975,0.167353837353707,0.141488158182138,0.199756605270113,0.16758166353601,0.201313450637268,0.140942973086409,0.227938734419142,0.208711993654873,0.164487892531812,0.133230583398595,0.209230150841539,0.188151342559105,0.165107123801836,0.0897220393856324,0.183074410057681,0.228451689132588,0.20950675793458,0.177586405591443,0.132658010528755,0.234137569779091,0.157877947257554,0.219034995378479,0.241911662192579,0.192837279726174,0.195673731214848,0.16323309273325,0.178516526959216,0.246707151285613,0.210950716320389,0.166737787465288,0.240258120399483,0.195250207203237,0.22823643951586,0.172426623773912,0.164747074407354,0.195309669150722,0.148255789206924,0.195923920333095,0.229756316158758,0.139288747058416,0.166484570496302,0.312824485901225,0.246112650555031,0.177967516944743,0.186153469266164,0.210027001712814,0.186994704650325,0.0820065824329594,0.145422164326076,0.20130647541719,0.224844533620804,0.180562355129655,0.191986946482277,0.156758216414302,0.163999045056717,0.106715477805749,0.195196482691043,0.155915972498293,0.108796594958402,0.202446139419232,0.236017760427279
"capitata35",0.206432929352023,0.228056395111413,0.160463330699746,0.222758527977806,0.134191730235581,0.162393391827865,0.218576548927338,0.0990989410641664,0.203287897647074,0.147843403280806,0.0994534772328717,0.107151607510115,0.115253323751044,0.349590384511048,0.211490436224205,1,0.163797797400185,0.194743253743335,0.177333361116118,0.183737538438023,0.194739476008719,0.170122482030164,0.162694324480163,0.235040016129489,0.110980402740135,0.179654369825239,0.14789903659611,0.205456553466476,0.163865865566766,0.218609060207709,0.169304109323337,0.0983019198682038,0.210266232355754,0.177699361486781,0.16976374086115,0.138638699159559,0.128341706316717,0.189354891562335,0.162217366341715,0.197788196153172,0.146236352261225,0.266938461575063,0.109023198583794,0.197755860916622,0.191251529939696,0.110862903951101,0.112461599151302,0.226528697298543,0.146784133630957,0.166074594820013,0.0968300610847097,0.159624845333079,0.165958657754151,0.153604086057734,0.131115803178856,0.114313526398745,0.220484293644356,0.11119470919823,0.185536579042569,0.203459257683998,0.202645349458736,0.182925564183203,0.114189835279126,0.15559557800633,0.201888934826888,0.215468528784486,0.165323177089133,0.211274487509871,0.163425805247705,0.211725980538945,0.192962569940641,0.229433816834991,0.198805025152564,0.110197810573157,0.201544795829329,0.188381251481327,0.149520316059903,0.209049682905011,0.219555726877447,0.201054497549592,0.205839878421789,0.179970817550787,0.157657777788749,0.170588622225683,0.0885074056423999,0.127082133556769,0.201356615318141,0.174667973152816,0.0997464728863148,0.189627010185246,0.149394652551302,0.163928216112729,0.107533834125898,0.2041842758474,0.136170530089001,0.0998574187283882,0.126736201820137,0.163028469821772
"cayennensis",0.181177980498368,0.172722176935382,0.130569959501276,0.225236217276428,0.109330484888051,0.150154937957668,0.183661024864925,0.101222298351092,0.158719982802182,0.155448033015681,0.121123796936006,0.084288221047621,0.122067635927575,0.172226385212314,0.179683147285152,0.163797797400185,1,0.194550954739397,0.164274315397778,0.170364604279716,0.161144718990592,0.142746523422568,0.168503469677806,0.183466361645478,0.0970813852316559,0.138700392324173,0.116611106824194,0.153611692056598,0.184696510204841,0.178580686958087,0.196503466967692,0.104821471539063,0.16760929868131,0.165642560966926,0.129638328535877,0.129659560649671,0.115423870895907,0.127376484304804,0.145970800026723,0.163614476050915,0.171948108981572,0.166870406618474,0.132041966738984,0.181241426547066,0.145319293019276,0.115387654015144,0.128661977171234,0.188342136725823,0.138456480678305,0.152986380097278,0.116445302306131,0.143990503710483,0.176755512399933,0.139557952266784,0.116811478285947,0.0983514692754266,0.178929984547433,0.152026048186115,0.161155882548745,0.170718945038191,0.173670132664512,0.219508345403001,0.153611370960474,0.18021123363404,0.169022793108048,0.179949234202628,0.147412635821083,0.176034184841423,0.148545021264721,0.187506822785356,0.136705710081752,0.158436846543176,0.159007158515682,0.106795255560967,0.171305033475714,0.166232220189309,0.133941155037641,0.149671234334665,0.191916403407991,0.15977936497632,0.204060390578181,0.161511658281236,0.167129671211483,0.144474526940698,0.0887502285975494,0.147249799718813,0.183754586080252,0.164966119111676,0.0947913202069886,0.178412044275154,0.126791915919373,0.123740237577446,0.110913015172317,0.170760982020686,0.134946653272394,0.123787386085813,0.132944512007276,0.171471195888364
"chartacea",0.256460747836626,0.387829601106534,0.183448793976805,0.308298048206189,0.136848953424902,0.241996770537056,0.282266440941384,0.14010075251888,0.207944355372548,0.188155106609957,0.140179311261808,0.0893608663307412,0.128283889749852,0.241920175140116,0.225608065644088,0.194743253743335,0.194550954739397,1,0.183493712563287,0.204574321257483,0.216230596668122,0.241190903617339,0.290767781429197,0.327584062499134,0.120954275742857,0.203980421804427,0.184135198245839,0.241030257630692,0.201749598217971,0.194597055275338,0.211229122205493,0.141364877134223,0.233931846453233,0.196634920347413,0.204529037972936,0.159637911255218,0.117591213884334,0.212535936768957,0.174053050252549,0.251503295857005,0.207007214779974,0.249216074206771,0.142501020466152,0.272785673488944,0.240318968388627,0.124614045306351,0.157953123586388,0.24317716784951,0.179429216338026,0.194005870939615,0.111279615031266,0.208740886069987,0.210565139890928,0.188130492383677,0.141231501845756,0.147336081103245,0.242287234533334,0.192600748264914,0.2453957717095,0.252747995648617,0.227996109069975,0.258630467148415,0.162285524893643,0.222981073213396,0.243554905951299,0.315048101642323,0.20169416988292,0.272780681970421,0.246912243871002,0.358738286638308,0.235057848885546,0.271012980454206,0.230235547090314,0.153866321821856,0.251376133866172,0.320553761631173,0.147834289359495,0.209129625389264,0.256041152872153,0.231266156310363,0.348373219094064,0.307491587188573,0.189972493058591,0.183298058923216,0.0793754172342741,0.136894424541749,0.27399536363145,0.191283835399297,0.109943430353916,0.272564118191311,0.145864060031203,0.148109975107514,0.0962887381517301,0.241048218725812,0.175202425485582,0.113957657235922,0.141154044678124,0.213197237931874
"cinnamomea",0.197947105599713,0.209935924831402,0.120338123319485,0.228407495704494,0.119504959727981,0.17133441242721,0.179939653380235,0.0951189907169793,0.162189314001703,0.139939893152694,0.113870915802904,0.0735626344189497,0.0941527793945065,0.171825463631545,0.187793925900472,0.177333361116118,0.164274315397778,0.183493712563287,1,0.175137548377228,0.174925195458829,0.140633477067028,0.181401902561902,0.214964483604529,0.0953324639865565,0.14169507001257,0.113497957904747,0.142629375883677,0.169682257086497,0.229672163648415,0.397264766773578,0.10068708660484,0.17251517834461,0.145902158587527,0.124219322310227,0.148101864447744,0.108393408274076,0.115481081387952,0.203363860780167,0.204266228754079,0.142787957109672,0.152284635407645,0.0886093508640283,0.176331424842087,0.166159394122961,0.0913664518411312,0.134507723604565,0.189811604335837,0.158695631860902,0.15457128144587,0.0804532356749191,0.167457726572277,0.198206426495532,0.148105423173856,0.107254509489816,0.103570897189056,0.217172934604446,0.110366312627891,0.169276762608445,0.229941349047293,0.195151380817807,0.203907459295685,0.149013546772104,0.126968693965773,0.185864701904697,0.194855495449009,0.15802482288405,0.17182242570944,0.184805922869612,0.185933080019774,0.14802935952934,0.175220346004971,0.213271480974246,0.0953087173877473,0.196080037428426,0.180654291120174,0.122594329020357,0.190810822949055,0.203911895052007,0.198510443084155,0.199473029114517,0.182658744529612,0.16007272786382,0.152029045460245,0.32051599562912,0.115104397093796,0.22413320105283,0.193179505874583,0.117406487402685,0.172693306539917,0.121029178240844,0.157574191261926,0.0929834282800082,0.18588705031724,0.143278528978345,0.0973566427125208,0.15744518510749,0.183652071035193
"cocleensis",0.186232693093847,0.175642537181253,0.131270299492805,0.205847712050112,0.106580534087206,0.196888025933989,0.162287103329356,0.0970055041340153,0.158537162757272,0.14704145272768,0.111396395768114,0.0860744083256682,0.108883822791493,0.170003598460326,0.185843911683802,0.183737538438023,0.170364604279716,0.204574321257483,0.175137548377228,1,0.182793266378569,0.170450441410262,0.192421233650723,0.228570568139262,0.0855923751204442,0.162958029525331,0.147767806950209,0.195877346112211,0.163046273491795,0.169015097634011,0.191020155866531,0.0950846744156549,0.186905043549533,0.137463044926555,0.151327488968574,0.125493012117429,0.106588744057077,0.142172153773061,0.137658867321229,0.183886725421275,0.148146178839351,0.170273399881771,0.116248489431691,0.209337926596713,0.183513529115404,0.119905701728073,0.105101835749644,0.217332235647718,0.136660756545146,0.164372890003031,0.0885810031889487,0.20675219412915,0.174669014874338,0.179699869246919,0.125787626564767,0.12434885873541,0.198312281568164,0.0905289874645228,0.188100599989201,0.221864923498167,0.393447241019769,0.181097527076877,0.140655479688557,0.157690826332978,0.176300011135,0.1874702319809,0.178837922676057,0.170347558908053,0.177142948099053,0.218320996951295,0.167663030056788,0.147596178983622,0.168242111214595,0.124784658491821,0.205111416530615,0.345963858529492,0.109383764507169,0.210202335991389,0.204448350994694,0.169804910104585,0.197735509796073,0.183570696688512,0.193090305913583,0.13243523313471,0.0840942020468188,0.121544735966692,0.220645029003895,0.177376557265756,0.0981826123983809,0.177682643834952,0.121897161036105,0.121001568603006,0.0964979595196752,0.236604022179651,0.148487969648984,0.0790345775990165,0.130804834706628,0.170436172876227
"cordatoalata",0.213648882783931,0.19144391631945,0.233689495680731,0.243480430733242,0.159458036307946,0.15785391200841,0.247315687017056,0.229935563206649,0.232831484457485,0.160080586158442,0.115875838312964,0.116321248955491,0.121450917673526,0.197814013383348,0.227324926899452,0.194739476008719,0.161144718990592,0.216230596668122,0.174925195458829,0.182793266378569,1,0.22870555892482,0.167290727440705,0.265053674501384,0.0988789629613236,0.20342192333715,0.160096440924234,0.208529284251617,0.215053102203349,0.182221138193544,0.16839480795615,0.105130472542958,0.286865254076007,0.164594224464684,0.145506272327955,0.175416345902908,0.126659069696339,0.157443360515627,0.132347715212201,0.176151613096984,0.180847879430752,0.191941597528933,0.140665845641605,0.214918483120203,0.173114954773673,0.181070518185553,0.12068140707183,0.241146610347365,0.144905236282172,0.171358084647807,0.171706086849259,0.156604206197233,0.207069612163949,0.181167570884374,0.167864360096872,0.142384946067567,0.204264627978478,0.131300641249875,0.211551047786582,0.224182994769138,0.186881508394141,0.186780204142734,0.141711830547695,0.167440428116207,0.240515479610517,0.192683570508524,0.146288894326002,0.210076215761675,0.209633164184847,0.201452394555777,0.205785867145572,0.148335999401543,0.19105300846829,0.132684316250715,0.176387762503915,0.205779392534646,0.150086144029948,0.16475059217961,0.251955431531995,0.313913797465438,0.199541163333516,0.181424091563434,0.17037509811491,0.184225665855495,0.0748946578024328,0.130128662714751,0.187732008904172,0.203987207427015,0.147157112330086,0.191080487072254,0.147573889385519,0.142179253354272,0.0973963025609272,0.160899465050852,0.137208176887818,0.121053171144483,0.190884255087893,0.19223378450399
"coruscans",0.224304105980415,0.171332719296281,0.135838213991293,0.211360049340898,0.131178874520829,0.151185931425783,0.223817650451692,0.136780447481117,0.193249080887405,0.152041453854508,0.101602289518648,0.105579249244401,0.125550900410437,0.218109574345398,0.206777835794401,0.170122482030164,0.142746523422568,0.241190903617339,0.140633477067028,0.170450441410262,0.22870555892482,1,0.25402157096359,0.225614156966463,0.0981584655603231,0.193932738429109,0.171511626741039,0.232332858838834,0.172832406732294,0.202634907381261,0.157024682061029,0.0977727216526358,0.19272670148928,0.134797103230798,0.146570740136695,0.165131822891344,0.164976721159912,0.212815170559531,0.121070886378673,0.203741887993108,0.168547777365181,0.173718004015976,0.110440659379816,0.205590173334827,0.173531401681414,0.121628736083115,0.100685650839598,0.173655092474949,0.162929252573232,0.143093348434556,0.0856268052273968,0.158578655801812,0.175378303422435,0.185585867310411,0.173919233945353,0.153687151006645,0.185839687593088,0.140730833024797,0.195641613501399,0.172103744907656,0.168402133477167,0.158734453642795,0.137792404864779,0.183535728047191,0.201369503562833,0.163846735517268,0.152229819648305,0.194767989544046,0.199975886775669,0.206165884670171,0.186639118528812,0.12225695266531,0.183836125961356,0.197844437248784,0.160137902210499,0.191888785995378,0.147922259255574,0.146843508424609,0.246968546759736,0.197082229144866,0.217293201552779,0.206747970197338,0.189660392080949,0.144720811984561,0.0551289467739022,0.169114074261584,0.166624608830553,0.175591154723956,0.124164599411505,0.186792609730478,0.131546343122865,0.14259094836218,0.100167285051927,0.140078513188474,0.132080282842221,0.0995451157025038,0.153606346140826,0.160772083101888
