"","acreana","acrocephala","acuminata","alata","alba","aria","auristellae","bourgonii","brachyrhachis.aff","brachystachys","brachystachys.aff","brevialata","brevipes","capitata12","capitata33","capitata35","cayennensis","chartacea","cinnamomea","cocleensis","cordatoalata","coruscans","cylindrica","edulis","fastuosa","flagelliformis","fosteriana","glomeriflora","goldmanii","gracilifolia","grandiflora","heterophylla","huberi","ingoides","jenmanii","kursarii","LA17","LA41","LA48","lateriflora","laurina","leiocalycina","leiocalycina.aff","lomatophylla","longiflora","longipedunculata","loubryana","M18","M25","M27b","M30","M71","marginata","melinonis","microcoma","multinervis","nobilis","nouragensis","obidensis","oerstediana","paraensis","pezizifera","pezizifera.aff","pitmanii","poeppigiana","punctata","retinocarpa","rubiginosa","ruiziana","sapindoides","sertulifera","setosa","spectabilis","splendens","stipularis","striata","suaveolens","subcapitata","T18","T21","T29","T50","T51","T82","T85","tenuistipula","thibaudiana","tomentosa","ulei","umbellifera","umbellifera.aff","umbratica","velutina","venusta","vera","virgultosa","vismiifolia","Zygia mediana"
"acreana",1,0.230131207328555,0.140862988249952,0.184838390848327,0.184817169037737,0.127438002153677,0.257962809265477,0.215652441566742,0.234546962701817,0.184525101405517,0.153521514944663,0.188076014437553,0.12815949650139,0.286800308818727,0.324992553910775,0.247811329851164,0.256968679548149,0.196240427132749,0.174100655418795,0.16737986464301,0.224018227139988,0.187130214386546,0.13247457250573,0.195008498695779,0.204931654687002,0.180262577086186,0.204211940564568,0.228644863088977,0.225221656053743,0.155562217279919,0.242160173724769,0.216500322244024,0.244791467881358,0.156216595137317,0.236606136296284,0.155072061633976,0.201510143681424,0.187271408989121,0.204840403932949,0.109318356291374,0.158815539452618,0.186151665220376,0.183348119096576,0.228901668593967,0.179380037463431,0.204631945373098,0.165544452234565,0.0959406111089822,0.164920845334506,0.157100760725461,0.221990085541769,0.119282351784408,0.245464838803374,0.281112461300145,0.118765450001747,0.222407378967572,0.264472970278802,0.15017021122236,0.217906740379524,0.205029387362526,0.251117651282582,0.217949710804032,0.21473921719545,0.218024736218569,0.165477705831252,0.264591700366289,0.216483001629575,0.267026392477011,0.133754171766189,0.27452429402275,0.103695216090882,0.200920355544767,0.234718290493361,0.2200653923156,0.252071869640811,0.250239930981493,0.239373435054043,0.188665222500848,0.312252375769522,0.254800249836976,0.231780111524279,0.205279995983317,0.183551013015081,0.288110825239031,0.0769211490152902,0.143933292037384,0.151143851874691,0.189569954587116,0.208193609798612,0.27604840341743,0.198005958397622,0.197894664059853,0.111133750160429,0.22135303839757,0.183124580532885,0.120469591721548,0.144902582014854,0.257345794449955
"acrocephala",0.230131207328555,1,0.172204364215,0.261222456025042,0.216881536795566,0.128247155261616,0.331453229494376,0.236219724291116,0.206841136608026,0.184237501393022,0.291138068885153,0.176418292933965,0.148868670658383,0.260840723339813,0.328497610638944,0.223740233282003,0.285236108619028,0.219353934036947,0.150060367665637,0.178347000769161,0.232655943290235,0.176262000809336,0.137204716199061,0.182779545816959,0.184321294895166,0.183224608604423,0.267692283847604,0.215626292659622,0.207781169232214,0.155063112192961,0.236064474063988,0.152225900001925,0.343239940101186,0.164586219811415,0.177160690630644,0.20478487225758,0.180465600069522,0.19268679776976,0.218175592182749,0.149361908576549,0.161339393102221,0.211362581695498,0.235528202321962,0.235115883962037,0.197448259724724,0.233594331358206,0.151834144442686,0.0904308442130854,0.171181240456336,0.233464311853237,0.224857983727807,0.179735249518451,0.23216295283675,0.217950339134732,0.111379378522402,0.180001232381465,0.186090403169999,0.153260176829034,0.202787374385672,0.186056056298857,0.23146086941523,0.383424900467454,0.214336662090809,0.19619552163966,0.161061202267008,0.268811755188827,0.173834973186674,0.275064977319143,0.145527644693446,0.247616931755858,0.104962933776017,0.224117491811163,0.233383345565197,0.197218212677847,0.165160993928082,0.343380870651058,0.196788900868614,0.156141902452226,0.217526923129181,0.211868249236688,0.223473718616955,0.205580915124871,0.15823018621751,0.232134372233928,0.113327887602546,0.156367962800023,0.148725144484902,0.177498873128225,0.237257181504471,0.26192152041196,0.178474800358496,0.219374720998962,0.100054771147642,0.195628373996685,0.182816657349916,0.105101239044452,0.222919366321731,0.235253238353275
"acuminata",0.140862988249952,0.172204364215,1,0.155142136324872,0.141513365627622,0.112177690280003,0.156564272714546,0.144429426535586,0.184774391098801,0.119297728883187,0.105289353156683,0.165487852192992,0.126806498685102,0.197333635087222,0.217009300746651,0.199407967935635,0.19295138812632,0.174733624423185,0.096961782457334,0.21222884572769,0.149281266009903,0.168072260301309,0.107696650343465,0.137879853594033,0.141522515397362,0.124987657305807,0.180726439165709,0.178947371061277,0.144612674513656,0.112973735132964,0.158737342410615,0.121197928188393,0.171134225732906,0.128859448899008,0.126542377389504,0.117445842549156,0.126982739661761,0.142427537176518,0.17198606698124,0.110483149781558,0.118491961012512,0.191056491427481,0.193725887321762,0.220945064822651,0.145970600993816,0.196834362428555,0.139126731602519,0.0863680777979975,0.141009190287709,0.168525738070807,0.155306573373672,0.136454867034453,0.165050167811533,0.168433856318631,0.107591416921698,0.184065861032206,0.191814238009504,0.160455147816323,0.162107693099085,0.142108814378181,0.213785174826731,0.164130596453959,0.150524166889929,0.130180944668136,0.135302295317826,0.218503590258127,0.138462994221614,0.225705723297393,0.10166593040707,0.205532928252362,0.0794653866175976,0.249849526540437,0.154020114910911,0.274664652313687,0.112242434205194,0.210065705383203,0.157661547802186,0.167068869294889,0.176790255404911,0.142489146576233,0.186932921169428,0.163516061692194,0.13019153626263,0.212443477029832,0.0802545587326442,0.110021760027323,0.122370397772972,0.150019981876165,0.150528900408088,0.200429640702028,0.124728448374158,0.132442535363166,0.072531846655425,0.1460272319883,0.160240013346673,0.0958777942691022,0.120743577480949,0.208015302992767
"alata",0.184838390848327,0.261222456025042,0.155142136324872,1,0.177148559280591,0.118306965037676,0.221439417858621,0.231617863562442,0.222310454365009,0.163644539762549,0.130363207018925,0.168953863188497,0.126485021205668,0.262967678655733,0.298037630487675,0.228918912790115,0.167779962716142,0.211561504049824,0.119648764408577,0.165887969198183,0.240730519543687,0.198363053939403,0.120477332160651,0.17901624597463,0.177014215891847,0.142316326084119,0.171437789737658,0.260489017358815,0.215786230020956,0.158810957998281,0.212436937921593,0.160493996899078,0.216923705686906,0.171681703136203,0.164198152738388,0.120401929141787,0.218348799933611,0.186335116607039,0.208771520147751,0.11406265666073,0.149104196662043,0.184273893894709,0.159627510015289,0.217823060229449,0.171191851544659,0.230065478233688,0.15257592801987,0.105305148937102,0.182774990573458,0.151375081373363,0.251398826795808,0.0885510380091102,0.206700867963034,0.166493907559729,0.187271614435646,0.197172870602133,0.193793784057397,0.140182079528571,0.189738384015105,0.208783085264244,0.226801564567854,0.22589172079534,0.171469482920561,0.187517742312278,0.136076348687896,0.260925114794821,0.190421134865835,0.213614901665328,0.112140440665647,0.232659680676127,0.129266857399686,0.220133892628339,0.177041808952699,0.196512771379501,0.164162603688218,0.174315292271302,0.19120517360521,0.16199885360488,0.199687466309174,0.193948722517549,0.192486788017753,0.161941227987345,0.130089235794352,0.195482255058926,0.074916008947916,0.143689598487279,0.133634843330309,0.180107073434424,0.143121200950137,0.237249970316962,0.220536654195941,0.157794987715644,0.11636509865843,0.207073814211723,0.191798912838468,0.117060963189765,0.137558160878776,0.236186898340415
"alba",0.184817169037737,0.216881536795566,0.141513365627622,0.177148559280591,1,0.151043258860056,0.17693760103999,0.183219180831541,0.153684780692194,0.263816824338201,0.243591830007193,0.256414840634855,0.238872656393099,0.185175441754548,0.203816719326223,0.154262247310695,0.230217182334493,0.208607777238005,0.126167396366322,0.17861843586497,0.232460145991077,0.19134188211048,0.175899626349062,0.195834674045336,0.145888395247429,0.300822378800184,0.223438337870596,0.151196358220817,0.177480373239686,0.131355480250411,0.153790819695823,0.263637220954055,0.266896144853717,0.153078019724249,0.281639755002798,0.164449560775468,0.162060317611586,0.139190499936354,0.144527907742397,0.158736788278262,0.273661617496757,0.171910310349749,0.142045697273612,0.184458554463132,0.248603490866056,0.170200856581831,0.271386792366112,0.084145133162719,0.266748344175021,0.296805006996567,0.156481797370471,0.159307468822956,0.186216799141218,0.172718021262497,0.10694157065418,0.166481877455854,0.175233134099987,0.155906167717519,0.263089352726875,0.164630276485065,0.165874417616613,0.312691982835075,0.180135845895835,0.161917201689931,0.173484726342566,0.231708238412358,0.189410779750638,0.197420315144412,0.145345382077743,0.192086520393152,0.2189351117979,0.182540444941764,0.258089914705324,0.147231321726017,0.13836485132961,0.21430725723901,0.153500625679797,0.104838550483888,0.176948388331283,0.173102351157193,0.139182017412929,0.26340243720494,0.152868426287828,0.170454252883019,0.135244590402056,0.176145480225122,0.17287553067416,0.14622558499484,0.170042962499796,0.306135932128137,0.153386014352941,0.254663218662269,0.0830478101990158,0.176626432597644,0.164736802307047,0.227282619031454,0.179149556985962,0.241548178557834
"aria",0.127438002153677,0.128247155261616,0.112177690280003,0.118306965037676,0.151043258860056,1,0.131993441725774,0.111733811234477,0.12318720158423,0.124320060999278,0.111588957675387,0.0996830622979666,0.12724421036312,0.134818302569483,0.125733079606302,0.131081805614794,0.109138966561213,0.114048685955686,0.107664687168321,0.135761353477095,0.14901488077912,0.125807815794811,0.105887871196874,0.126745330846187,0.128556030539535,0.123100470708851,0.109350729179072,0.133595165464499,0.120869985516186,0.103899453339026,0.123261941364718,0.126851514376369,0.123640986850232,0.117293302022019,0.117356643922508,0.119935350283994,0.138512222259543,0.130201539340439,0.103488937385746,0.0821044041809043,0.119197676371375,0.113620745268128,0.107002107889249,0.111763235337689,0.129625283680952,0.130283645234224,0.0847102302469894,0.0684523407767932,0.120888666836381,0.124315374830042,0.115021921705296,0.0701802078371236,0.107894049505276,0.12348779129121,0.0857328023218635,0.135123372474801,0.151721006689941,0.123433135417425,0.134415518428468,0.10943344392975,0.137052999123803,0.134621236758364,0.136039683621997,0.121761232840024,0.113942502994527,0.144954512472576,0.125471510492848,0.122205428563734,0.090154475799725,0.119581424529766,0.0975998597024782,0.164297301514696,0.114288667355277,0.122234149590251,0.126643057378771,0.105983388191983,0.1195905404792,0.0843481370179008,0.148641978980318,0.136165367799118,0.10403951876382,0.138429835461369,0.112571056925403,0.131877339560773,0.0620153477173141,0.117682343074081,0.103604431821811,0.127337282605277,0.1217183187772,0.142856474828987,0.134759008155173,0.126558404400358,0.0878269395820203,0.126226746174104,0.127420514780812,0.101766131529248,0.0933433431320068,0.135449718210464
"auristellae",0.257962809265477,0.331453229494376,0.156564272714546,0.221439417858621,0.17693760103999,0.131993441725774,1,0.189251137169353,0.222750868808794,0.174548106463314,0.229774214125747,0.204347700715487,0.139917892799343,0.398567851836824,0.280658818777912,0.250927707952511,0.208475090679178,0.209383978363358,0.307706593949699,0.18418740092474,0.228244483297272,0.215924157337216,0.16549522768625,0.219175906267065,0.192023513879281,0.197925675598997,0.187230750257639,0.21211410295552,0.226569710989882,0.1945469759054,0.282060218066575,0.147183356610777,0.333496752894615,0.157659055733001,0.186567238115583,0.183533664200123,0.326156709941683,0.198891268342323,0.188620788018038,0.104439068311734,0.159156893317997,0.19730914543515,0.263390260250332,0.22951273103283,0.194241198969592,0.242346735120588,0.138347473815273,0.104625100719638,0.178808558613987,0.184139867847201,0.223482753123008,0.14053444479069,0.243652540893959,0.250700756550951,0.144754603926699,0.221371691744306,0.246524970913478,0.141393627454999,0.227281040086528,0.323540309418671,0.243551460686714,0.315019211214757,0.208906023805118,0.231648518195425,0.169132076834794,0.287769326276852,0.176563649038122,0.258997025647642,0.128831843085979,0.321273556243515,0.114397139420705,0.20904413921917,0.219014163934686,0.22080554056571,0.279881399752791,0.278873741727422,0.25902400326115,0.154989977706703,0.218047881385097,0.219622234477944,0.227003523073574,0.19234922471416,0.286655590054559,0.231034807011406,0.0979359298910246,0.168573925387704,0.167550838732662,0.203702232617881,0.254190562306693,0.233540822258313,0.1940076735644,0.189005899346167,0.133850257293126,0.228606075200635,0.192356476741067,0.119673766613345,0.17867191541114,0.253311213139744
"bourgonii",0.215652441566742,0.236219724291116,0.144429426535586,0.231617863562442,0.183219180831541,0.111733811234477,0.189251137169353,1,0.209498897540667,0.164599793424148,0.126128594023583,0.199606413225789,0.0946500818499579,0.237427449601576,0.306963179164549,0.223421633761555,0.212141828764284,0.22331190159252,0.114021922558055,0.145784591954782,0.236085499804139,0.153831549488686,0.11034444047839,0.157504408948453,0.210094512876006,0.150017316247113,0.19883332636682,0.225005996290486,0.196387806487957,0.147672193884989,0.205869436765296,0.161710117358196,0.202994442796265,0.171743908214615,0.16305225972137,0.141790971609754,0.15030099125793,0.228485122531948,0.19776881747333,0.123378223846356,0.202757252201203,0.20878812939757,0.179208243668368,0.249329552552628,0.153118145171891,0.210317538984825,0.137191105438706,0.0955722231396726,0.14478093526349,0.14234146969858,0.235526334826618,0.0947802849449019,0.213480050466511,0.182992692523366,0.124904999418585,0.198454551575472,0.17944302453095,0.15387732436249,0.191941077582091,0.163954580941007,0.215276303326461,0.243497188896105,0.16964446518501,0.160769207697905,0.156730300964999,0.237119721836718,0.222124727379389,0.215720906993187,0.140009176322509,0.250109150485424,0.106470816643841,0.243589699241473,0.168333039531609,0.186248375658367,0.151145425307309,0.195299728208565,0.199272182123128,0.168827876207436,0.163689239690988,0.198259465843699,0.18972583773888,0.198929725729014,0.135789104643876,0.192599864960782,0.0775647180528671,0.126006544831157,0.145027284449942,0.153714902624433,0.136792512785656,0.246451661410282,0.232790807489382,0.16808103490808,0.0896964079356246,0.187183739777763,0.159852538599856,0.132787705927097,0.180256397422466,0.211810049561451
"brachyrhachis.aff",0.234546962701817,0.206841136608026,0.184774391098801,0.222310454365009,0.153684780692194,0.12318720158423,0.222750868808794,0.209498897540667,1,0.167198171708681,0.124492494252323,0.20902445840546,0.112823083604634,0.351926096718381,0.381319611051852,0.361013169603873,0.233189477167162,0.225419907723026,0.188629063827022,0.193642832806472,0.202187848898357,0.205579315727177,0.106952648590574,0.187790640368142,0.316890645933941,0.135702459159951,0.240103824851778,0.315572471606989,0.22561016190857,0.169133594505319,0.299268530975961,0.14448682522939,0.214748157485918,0.143982669889623,0.205095326022057,0.160844918203357,0.210108904136824,0.243299838761098,0.327969677415337,0.10285586767298,0.137253119925618,0.208102758940759,0.273140521051151,0.269794940861447,0.170058127355708,0.292055856220785,0.201312994771016,0.102121570188296,0.177231425706801,0.197875540223982,0.293265881415865,0.109807325371468,0.252688529061569,0.219871499387551,0.153091854803202,0.295847710952909,0.2228308456957,0.164864601879631,0.214531764747671,0.334900867430985,0.369168690348152,0.231039438817265,0.171149025899481,0.21859766088156,0.136139299219585,0.320818540741437,0.178678052043567,0.314639602756565,0.123657247576817,0.31319056391919,0.0964383130092032,0.240821781671178,0.18388264769082,0.295877140876714,0.193715308217053,0.261020900758601,0.254078557067923,0.323602719191826,0.248572015607492,0.233562720532162,0.343466048519129,0.159719787257565,0.158804763917477,0.312998803105118,0.0722565205387592,0.120318772619145,0.189154000988413,0.210227836833021,0.192691772485934,0.331351659163802,0.182766705579281,0.171782735267073,0.104577649044296,0.243489251363526,0.210325199743503,0.100642588457773,0.129557638059636,0.304762385530791
"brachystachys",0.184525101405517,0.184237501393022,0.119297728883187,0.163644539762549,0.263816824338201,0.124320060999278,0.174548106463314,0.164599793424148,0.167198171708681,1,0.342521619068855,0.306971427253799,0.206853457638582,0.208540095640911,0.207744108883956,0.170694470229341,0.171396458626253,0.13978710922784,0.133278231189356,0.173365571067863,0.169800244499839,0.16129630799474,0.146021731468722,0.17293665464847,0.15464925840667,0.339651239199524,0.163236780179457,0.196790288119459,0.156959691258006,0.136806984502434,0.180956189452025,0.401514811481099,0.168806055729654,0.130731906622047,0.360408219383121,0.139186424225754,0.151665175543843,0.140184517378719,0.17428320553295,0.115650059272193,0.335099746474309,0.15923275344023,0.159242330746894,0.198062161136616,0.187013938459706,0.170325813332547,0.405079209900892,0.0684028504201654,0.301393140100965,0.297690012082484,0.186957088931143,0.101240625813025,0.167167202877602,0.180238140963196,0.0985756431503104,0.15899673433956,0.17009571459173,0.140527937032717,0.289490227261984,0.157425924522089,0.179209977800866,0.176724109397162,0.153928086918147,0.164165045219497,0.132372681902325,0.187175260642322,0.170202125558264,0.186960644240229,0.114462113350224,0.175892848893887,0.27961602205121,0.178070725148869,0.211567897286373,0.160024379960986,0.170790071574547,0.186719165600483,0.159270230036903,0.115295295255643,0.198116068244931,0.165182147690563,0.190156395852395,0.20791559335664,0.164952756666445,0.181263587402397,0.0851301495146614,0.149600920130746,0.137315453039281,0.159107354992609,0.140063609358604,0.322741319439414,0.140796729106107,0.327043689027576,0.0907952385958237,0.173975357165601,0.123051718143668,0.350963674793963,0.13568199039093,0.186671066890594
"brachystachys.aff",0.153521514944663,0.291138068885153,0.105289353156683,0.130363207018925,0.243591830007193,0.111588957675387,0.229774214125747,0.126128594023583,0.124492494252323,0.342521619068855,1,0.267093507892532,0.20168621564405,0.174007745631874,0.174294937749649,0.150088970645578,0.166742550073728,0.132529294934739,0.11449527627134,0.13680665989597,0.156750149369499,0.137755783727784,0.106778334678432,0.136821254231921,0.119924754047014,0.288598861603528,0.157993446170947,0.135544520715682,0.154052516632627,0.104447531904816,0.150634265981648,0.32329895887391,0.243650853369167,0.102370679644569,0.325802055034773,0.158764624116692,0.129461973464977,0.139587307930219,0.137735306954502,0.100931031019274,0.331359646118536,0.118891565658811,0.155845713931045,0.141059037409809,0.163841873180821,0.177275327272756,0.32067877972666,0.0713745528237362,0.272594589476585,0.289401890287844,0.142163145815772,0.10463209513703,0.144585722236645,0.138850433518101,0.0879354676341856,0.142289478756714,0.130193126743354,0.100486173270659,0.254602129443648,0.141409848042528,0.15995099939759,0.310526064694984,0.145363081277597,0.150904395378101,0.119023754888718,0.162199976992978,0.115135270500158,0.164456512135597,0.0944227022142271,0.170087744972124,0.265897519213061,0.136068010208904,0.177635633083758,0.181857920601221,0.114021907508382,0.252363278525198,0.151480740916157,0.101436659993244,0.132081870610424,0.184027661309127,0.143082247580121,0.188742060053497,0.119033207747473,0.150611154562107,0.0853341538214009,0.129751786228684,0.112565694956451,0.118878044293236,0.214577602080573,0.288722939449787,0.119907144084425,0.347749085790136,0.0780223401946353,0.140555551631195,0.125617178384286,0.294894970259174,0.151244989151588,0.145131064277161
"brevialata",0.188076014437553,0.176418292933965,0.165487852192992,0.168953863188497,0.256414840634855,0.0996830622979666,0.204347700715487,0.199606413225789,0.20902445840546,0.306971427253799,0.267093507892532,1,0.210753179152007,0.243840104626522,0.31479270898215,0.273112524708866,0.240823184966323,0.170859763846729,0.175045761757059,0.186026914179266,0.172205925774531,0.174078454733633,0.11668640627897,0.190390030358802,0.196183951627359,0.339064742508597,0.286551774687001,0.163486728500047,0.196791741978929,0.114413170609768,0.222076940727386,0.291719716776028,0.192871016164315,0.120097455649257,0.322618338430701,0.151312833756969,0.160969962260638,0.159008299400433,0.158337020041732,0.101925672145852,0.297792289176221,0.170227304953234,0.175710521848542,0.210260569646102,0.190196985380419,0.250191169502734,0.316446767858125,0.0617254011212888,0.433492578685541,0.369039518457592,0.217448047655503,0.150593282792311,0.193055697341378,0.182307569521851,0.102245235447681,0.2577098006647,0.175493784955769,0.138693784071979,0.287673425230761,0.177864019379089,0.204735594402339,0.227001517963585,0.164204029436313,0.16622121678899,0.156927534889633,0.259781723766114,0.137946940245636,0.293293402747607,0.143606209380498,0.305067686986361,0.239553162024133,0.216181623665667,0.247432950359556,0.242364959518271,0.143423129579869,0.247957433910362,0.21463409335774,0.178152840490964,0.199788329902417,0.174875639898906,0.237443984209465,0.199049110395085,0.143996413036199,0.270208361422314,0.0919484701827503,0.202306881105975,0.162737290233367,0.200491545117908,0.206359768133825,0.336869086446734,0.145698646626392,0.32081949442661,0.0756107361388354,0.177886782616123,0.157599817661935,0.25985693911327,0.130765335377457,0.2350112341496
"brevipes",0.12815949650139,0.148868670658383,0.126806498685102,0.126485021205668,0.238872656393099,0.12724421036312,0.139917892799343,0.0946500818499579,0.112823083604634,0.206853457638582,0.20168621564405,0.210753179152007,1,0.131253607186396,0.154461644000186,0.111271526905739,0.14012598673774,0.117626831803076,0.111106596780381,0.103185876846237,0.144747402887649,0.138600329539639,0.106227809509898,0.120906143177306,0.0999001980077334,0.228796408361186,0.12957790133747,0.120695518669672,0.121766186798475,0.115004108171071,0.103530820661576,0.208752108773392,0.137143175144301,0.12913579707955,0.227855951087142,0.101032801644225,0.135957171885722,0.0968133779762986,0.109304600966143,0.0925975431776248,0.207913961274761,0.120334914247456,0.124964717955371,0.113666851665741,0.144601768989779,0.134257927382763,0.190202856398032,0.0780306242722307,0.218253223235615,0.225419625355439,0.0960818531780499,0.0801961471250708,0.12815857192839,0.188402590307606,0.104223151113642,0.12806329741294,0.155687002195294,0.0869486259504479,0.219142195740365,0.131926085666391,0.145994159578803,0.119618743848881,0.133852726372257,0.131068287239242,0.101230789833184,0.171810209751154,0.129532154462307,0.142675291584889,0.0757427992206885,0.134280668837089,0.189479090077058,0.123969011075912,0.116164764818995,0.116384895116581,0.112284286837194,0.118778899972378,0.146851898424131,0.0847497201480383,0.130726565687181,0.136075360831504,0.109088960619225,0.167933836989938,0.107801155554995,0.13024248461042,0.0865763276918156,0.126922020820477,0.0994293805706475,0.0988753682647415,0.144969131892069,0.233179494563676,0.12536739521916,0.236320701170557,0.0723554700434687,0.109160361770775,0.127978266726542,0.187039392708949,0.102770741161951,0.126153396454512
"capitata12",0.286800308818727,0.260840723339813,0.197333635087222,0.262967678655733,0.185175441754548,0.134818302569483,0.398567851836824,0.237427449601576,0.351926096718381,0.208540095640911,0.174007745631874,0.243840104626522,0.131253607186396,1,0.44227085912053,0.3442570906622,0.256939473524834,0.20443645222152,0.322018030292688,0.22424527200817,0.239347772137457,0.201397101746758,0.140724650173032,0.218577215310145,0.314142277586111,0.178399876889715,0.252612351174115,0.326052273485688,0.239022091242848,0.214540756168794,0.300856022905762,0.168073782710489,0.223030071863103,0.19390573107411,0.225367878477704,0.177553563440804,0.345281226073333,0.230211116513729,0.338914657041779,0.104175693722543,0.158269273511726,0.239138043186195,0.410252513503277,0.28765182821924,0.205372582404756,0.30586243736222,0.205748520609501,0.0961024686483259,0.172896902376034,0.216913251583848,0.332215133945685,0.154022526790708,0.278041541485536,0.293740466065892,0.137892807208296,0.28790397510674,0.242252797510169,0.192027626265557,0.249971366740824,0.33481132526227,0.374343739373839,0.261461179295269,0.213187457231687,0.250289599258521,0.201153107692079,0.326047494996869,0.210460357086352,0.342203126264017,0.15182794581753,0.35489159031779,0.112856471754552,0.247057577157973,0.241278254901329,0.314701816608121,0.273119100882066,0.28868161438684,0.314132891747197,0.289555265760759,0.246703093581462,0.229178037522606,0.347699246275938,0.196839075400401,0.278221547938214,0.309591423783236,0.0991230265789607,0.136396136891824,0.180576801395105,0.222471009400762,0.184534816095462,0.341250319665705,0.227573896688413,0.184867427620574,0.133635274591486,0.272404343360839,0.209391923704885,0.121273202437569,0.139608671735232,0.309434422344806
"capitata33",0.324992553910775,0.328497610638944,0.217009300746651,0.298037630487675,0.203816719326223,0.125733079606302,0.280658818777912,0.306963179164549,0.381319611051852,0.207744108883956,0.174294937749649,0.31479270898215,0.154461644000186,0.44227085912053,1,0.39660406938944,0.342175270613446,0.238425599335331,0.17835079017668,0.207997528507532,0.270909329664249,0.217158522441104,0.139837251934044,0.245719450045803,0.364427604519858,0.219947007306226,0.36923105746798,0.309005332653332,0.285448868212462,0.16759104801756,0.364985129398204,0.181102131520421,0.241744622010908,0.186336838946926,0.209622126180263,0.231139577408404,0.224991836409601,0.263661433521439,0.350958303736214,0.129830578385417,0.162018324675831,0.252308608812863,0.295460470886098,0.295559284671859,0.249468275304639,0.338114186281429,0.229106782414632,0.096888272441883,0.191050134048247,0.271492101747803,0.41765899696445,0.223988408132546,0.292547347330751,0.327257840541826,0.127277110489044,0.321315935760098,0.25374109711719,0.175767383031352,0.264700861416975,0.261130040184571,0.389624460222637,0.312811668147736,0.230812676512234,0.246666839189987,0.18547343532345,0.351843090401114,0.222175262458691,0.401973878642081,0.17640139670984,0.418672527868659,0.105581588935663,0.251906652390888,0.271786255738226,0.331887891372804,0.18523687134088,0.374314859544054,0.358416208268284,0.317412775103339,0.271478909879497,0.257636534355541,0.402366368251917,0.223165060898709,0.175063989790287,0.378642933386187,0.114193659795456,0.14754407679209,0.185907794846597,0.272193372388388,0.216268457874828,0.360435768928115,0.20843546517727,0.193995924469693,0.0997823736347427,0.323366858024679,0.264965724043639,0.116704351083012,0.203658327268224,0.366921162323983
"capitata35",0.247811329851164,0.223740233282003,0.199407967935635,0.228918912790115,0.154262247310695,0.131081805614794,0.250927707952511,0.223421633761555,0.361013169603873,0.170694470229341,0.150088970645578,0.273112524708866,0.111271526905739,0.3442570906622,0.39660406938944,1,0.279020721586155,0.216329274149164,0.187786844409315,0.201727370116392,0.222103938276123,0.187957093104042,0.117987190512108,0.216356970604795,0.317035964311431,0.164254334766092,0.340313356097738,0.283871200832342,0.36855659672935,0.148698461443343,0.386624610685896,0.176404625967888,0.223522585941509,0.169831026156944,0.221221552318697,0.166623016929985,0.206854928176662,0.384095208868564,0.276285310732378,0.0919997392809001,0.155251291559725,0.206426843560415,0.219178579710438,0.292004761568914,0.184744543091897,0.35432059406308,0.224662667465272,0.177443758717331,0.194683538737202,0.194668655478082,0.276310502323377,0.139214889714233,0.331890564512067,0.223251661960526,0.125056748094094,0.360874311901951,0.262272904672437,0.158214992970661,0.267845136358797,0.246159131888109,0.39455194524414,0.242174010057904,0.199135449324546,0.22264995876037,0.137808118307226,0.327124994436705,0.196130690600146,0.432297174554765,0.203467524810653,0.475668661995755,0.0887466615374967,0.262706883761161,0.277348421487134,0.45089143511891,0.188222569686887,0.288965976438555,0.350069331873205,0.412564002390424,0.26024848614516,0.234336443881573,0.517036677686053,0.176553186406435,0.159144847492479,0.427083924239579,0.0744874797260777,0.135551567765151,0.162177575990603,0.380907429274022,0.23973257089704,0.303671489514332,0.186065269162579,0.191885188879259,0.102983279116172,0.264143024915272,0.344048801649415,0.121356412221906,0.175062579015519,0.298962654141073
"cayennensis",0.256968679548149,0.285236108619028,0.19295138812632,0.167779962716142,0.230217182334493,0.109138966561213,0.208475090679178,0.212141828764284,0.233189477167162,0.171396458626253,0.166742550073728,0.240823184966323,0.14012598673774,0.256939473524834,0.342175270613446,0.279020721586155,1,0.207902411385303,0.144496326495071,0.215216470589657,0.203205068759002,0.200606417674959,0.136738751435246,0.218302460098196,0.196743395500915,0.16781702180104,0.410035031755593,0.201089904082302,0.245476939396833,0.126832158134382,0.283125191145269,0.138896696419631,0.218150271829553,0.130206638658639,0.218131229438833,0.204796959579978,0.192874580135707,0.246233040958182,0.212276248319825,0.184121459196932,0.160701158746756,0.285250033802022,0.235642335630114,0.263194357267434,0.258941595798189,0.257462694814829,0.193713469931026,0.064066109641361,0.171224170359938,0.351625914597629,0.205371842907564,0.301477392256537,0.242760661878156,0.238899656545639,0.110507003430089,0.267457693856463,0.204731163187918,0.142750582187441,0.214256128053178,0.209202781056388,0.264591148306113,0.286728017483094,0.206609253368374,0.199168353446371,0.1800346138843,0.290693992753067,0.167658111934985,0.339591370899052,0.219987254227906,0.324063797904481,0.0965055044963776,0.254942248044237,0.344538476755968,0.250752911029247,0.140918436847571,0.388007276539118,0.233103706155968,0.202406293585017,0.287771876989304,0.224017736019024,0.284103463396949,0.256814752540747,0.176916389058113,0.297325551895378,0.173290184395274,0.151166679164962,0.237055253643279,0.2369604553891,0.279267149842991,0.263850935019916,0.141714630999384,0.184438834882344,0.077594595874722,0.18927684405987,0.205807479158136,0.123432314648925,0.193030942010529,0.239068892978742
"chartacea",0.196240427132749,0.219353934036947,0.174733624423185,0.211561504049824,0.208607777238005,0.114048685955686,0.209383978363358,0.22331190159252,0.225419907723026,0.13978710922784,0.132529294934739,0.170859763846729,0.117626831803076,0.20443645222152,0.238425599335331,0.216329274149164,0.207902411385303,1,0.15867835433503,0.195995230270113,0.206019069233339,0.190602194212749,0.129966609940567,0.188596618204339,0.207973490527893,0.171034068529153,0.270557153753956,0.185793617548928,0.188086933543452,0.144564862650463,0.197874264522007,0.16649930878644,0.234781865961186,0.157647237068818,0.209195429072489,0.140517244587604,0.143326462981838,0.158395916549762,0.155342893780497,0.118665756817467,0.176070633150928,0.195289794037529,0.182764932449908,0.220037827159141,0.183352095040475,0.206155466129369,0.144270597256669,0.0989087400380067,0.178679974861214,0.192300312424619,0.17560613848598,0.129166115389556,0.244608921663069,0.154601419150431,0.118728812023648,0.198007903136433,0.199919860969942,0.19519282109367,0.239697618555659,0.18860716984924,0.193029561945327,0.259196984921878,0.174996176897176,0.168470949123224,0.165700562914261,0.250367611231531,0.176407893028585,0.25966909223423,0.124244395978265,0.246741214942157,0.101889419144898,0.23816140848387,0.202679869903245,0.195169947531518,0.135632272211372,0.218931242992013,0.185590102144049,0.134577222511834,0.195195381650922,0.209582474707013,0.189631873310571,0.205339909582634,0.141853887670067,0.234978472648297,0.0946427464479132,0.137743688409128,0.169380321081404,0.159571110228495,0.17440647835907,0.240635481816785,0.162979571619372,0.145080685701762,0.0955965827855997,0.18099123898643,0.158425411494894,0.153519016561446,0.193353440714722,0.250045011945396
"cinnamomea",0.174100655418795,0.150060367665637,0.096961782457334,0.119648764408577,0.126167396366322,0.107664687168321,0.307706593949699,0.114021922558055,0.188629063827022,0.133278231189356,0.11449527627134,0.175045761757059,0.111106596780381,0.322018030292688,0.17835079017668,0.187786844409315,0.144496326495071,0.15867835433503,1,0.110175403557759,0.165954697283606,0.143992031579088,0.102879579580544,0.14467636211552,0.150070795358614,0.137395542426418,0.142886973183689,0.161205614741236,0.186558226306643,0.149774126074998,0.176109917228042,0.119323197161264,0.177361840516945,0.113042650101608,0.148822372322627,0.122098374013127,0.278373795853172,0.140968451198054,0.144643976896413,0.082372485480461,0.119868431961101,0.142619791135273,0.28432912925743,0.150514353681122,0.147315007166606,0.152563813420086,0.0950438491494153,0.0624268917333841,0.139436588153744,0.149786611359216,0.164639955858834,0.112032793501729,0.148584070979033,0.202602195209761,0.0949499629408389,0.144140699348026,0.15497871133527,0.0892749391395816,0.157983334188752,0.283357893866441,0.168149769318616,0.156260120171755,0.139185280435931,0.166307089218141,0.127686576455915,0.205103772530939,0.123678064732446,0.182956502263721,0.0977819764050897,0.185536268690896,0.0860993829425272,0.148307202426458,0.140864582124513,0.149784388212388,0.222553530172678,0.136260093564585,0.214957593126439,0.128946720387562,0.160742206801559,0.147446709357131,0.153757720085107,0.14546514998378,0.276367994804623,0.191401971472686,0.0771807058804013,0.117075291416715,0.107796754760093,0.150467565161411,0.119213779399451,0.178488109877852,0.1391389117288,0.131903713355402,0.110680963202434,0.165324900017375,0.139019912721185,0.0917038008215804,0.114291287715331,0.166507344508302
"cocleensis",0.16737986464301,0.178347000769161,0.21222884572769,0.165887969198183,0.17861843586497,0.135761353477095,0.18418740092474,0.145784591954782,0.193642832806472,0.173365571067863,0.13680665989597,0.186026914179266,0.103185876846237,0.22424527200817,0.207997528507532,0.201727370116392,0.215216470589657,0.195995230270113,0.110175403557759,1,0.170924620135603,0.200165008481509,0.139058389595105,0.200034376380132,0.152812260398155,0.141930225235737,0.215910222453828,0.159187216871366,0.175134684952721,0.110819719820691,0.177875444187477,0.14378369299778,0.201646552757458,0.126129217282018,0.136953698622177,0.151358203753488,0.158062719347572,0.160933634851018,0.14053998219354,0.175753366343677,0.128594867212441,0.198704143172344,0.181337056660768,0.18851548097072,0.168240564226561,0.229244308224095,0.152838084692745,0.0734658449898402,0.16192897202125,0.197751122448746,0.156553087944308,0.131023227749514,0.175576881625299,0.142607695839356,0.11807000162306,0.216798054723398,0.198695516802104,0.218823890218394,0.16534365498016,0.186924550339313,0.204785996191233,0.242770663409428,0.170116284058717,0.133304841774805,0.179605736905635,0.217937768625494,0.151127991745384,0.210368344073787,0.148497375746178,0.219618107005453,0.0835794026000915,0.215205178499543,0.204438698439243,0.210801424643385,0.158875144043272,0.209947077511151,0.165617961151616,0.155246173672155,0.198618503366788,0.168439268319034,0.182448090771679,0.195759381678058,0.133363251641579,0.210638772401304,0.087286583656074,0.141793922133689,0.207552890393938,0.15631564169714,0.196785791420634,0.190685186076173,0.180497472622756,0.213749993351521,0.0704000270403251,0.170824362853086,0.159814026659393,0.11983276904378,0.132294184933086,0.191145140502742
"cordatoalata",0.224018227139988,0.232655943290235,0.149281266009903,0.240730519543687,0.232460145991077,0.14901488077912,0.228244483297272,0.236085499804139,0.202187848898357,0.169800244499839,0.156750149369499,0.172205925774531,0.144747402887649,0.239347772137457,0.270909329664249,0.222103938276123,0.203205068759002,0.206019069233339,0.165954697283606,0.170924620135603,1,0.174341455851448,0.143557834057633,0.190366236320543,0.209180206297823,0.193243561589571,0.191246116988666,0.237838768536965,0.245520611998831,0.171753039023033,0.195608632673566,0.166629918496529,0.201958861675212,0.214106305877805,0.18334071142528,0.161971901347437,0.21302499620804,0.211979080824782,0.208265741616082,0.119198480420399,0.160070916804573,0.216044163422669,0.173937926969718,0.21196635245035,0.183870620081124,0.188674573920337,0.129764056149895,0.106398385582166,0.168674176144187,0.151206089373975,0.24839902056948,0.11820592709995,0.242762632200238,0.228969589475099,0.129527414980922,0.215864377277499,0.236883253003386,0.165978050023613,0.252854749571696,0.211155825561608,0.217326607862502,0.230722681816179,0.184104109492817,0.206103969140861,0.160539515744973,0.268397807851192,0.24404074300529,0.234815583771838,0.156659660714808,0.259785944754421,0.129273675514432,0.218831066436923,0.208071105910722,0.200425378251145,0.22244029918014,0.186710369650735,0.207855039259203,0.152716855931965,0.192649298420714,0.217204703738934,0.182226379465912,0.205687546130452,0.187012356369296,0.226951195266318,0.0867835152876119,0.159480754124611,0.139081880933826,0.192446581488453,0.13895628719496,0.26428223565027,0.199182735688956,0.199684163290888,0.130493273603727,0.252155688725001,0.24179952180758,0.136721183581383,0.186930417874333,0.223697338184582
"coruscans",0.187130214386546,0.176262000809336,0.168072260301309,0.198363053939403,0.19134188211048,0.125807815794811,0.215924157337216,0.153831549488686,0.205579315727177,0.16129630799474,0.137755783727784,0.174078454733633,0.138600329539639,0.201397101746758,0.217158522441104,0.187957093104042,0.200606417674959,0.190602194212749,0.143992031579088,0.200165008481509,0.174341455851448,1,0.149024248774478,0.215510456295913,0.156057012242476,0.161091355177912,0.197813641897567,0.173353493330447,0.167935348454963,0.179034576947183,0.195682610440943,0.163213474052633,0.241073984075082,0.144818072740433,0.191817533917063,0.153893518657501,0.164637201701658,0.154120087072329,0.135932580936731,0.152181936738403,0.142681781094051,0.191219259243247,0.171068799381491,0.194796777010925,0.207165485082684,0.249166168030501,0.143057638999509,0.078604686238181,0.200549226955076,0.190404497751622,0.184587889030661,0.138180617050447,0.16246888438365,0.199059233424701,0.137727106586161,0.215969481157262,0.213140300614939,0.114786723864667,0.178737926089632,0.193758820942624,0.198356014436681,0.19301724329028,0.19902046262016,0.18463806266173,0.165913815050882,0.283794392892106,0.132458495673823,0.22264236238811,0.142495608815806,0.217038033738401,0.101775392925272,0.207925805328292,0.231314660051046,0.207818100805978,0.140176896480527,0.208133130613963,0.200499302289683,0.12844479355548,0.191048709275723,0.199534154348444,0.180731807104055,0.195380378645224,0.170126565997524,0.233969715582137,0.119608953761941,0.141003099890915,0.205731139600159,0.142685729712936,0.158003045018471,0.194233331070177,0.204657808291321,0.170740608168213,0.101728892530501,0.184787276815098,0.15753857363569,0.123495384064771,0.16016473913409,0.2159218242708
