"","acreana","acrocephala","acuminata","alata","alba","aria","auristellae","bourgonii","brachyrhachis.aff","brachystachys","brachystachys.aff","brevialata","brevipes","capitata12","capitata33","capitata35","cayennensis","chartacea","cinnamomea","cocleensis","cordatoalata","coruscans","cylindrica","edulis","fastuosa","flagelliformis","fosteriana","glomeriflora","goldmanii","gracilifolia","grandiflora","heterophylla","huberi","ingoides","jenmanii","kursarii","LA17","LA41","LA48","lateriflora","laurina","leiocalycina","leiocalycina.aff","lomatophylla","longiflora","longipedunculata","loubryana","M18","M25","M27","M30","M71","marginata","melinonis","microcoma","multinervis","nobilis","nouragensis","obidensis","oerstediana","paraensis","pezizifera","pezizifera.aff","pitmanii","poeppigiana","punctata","retinocarpa","rubiginosa","ruiziana","sapindoides","sertulifera","setosa","spectabilis","splendens","stipularis","striata","suaveolens","subcapitata","T18","T21","T29","T50","T51","T82","T85","tenuistipula","thibaudiana","tomentosa","ulei","umbellifera","umbellifera.aff","umbratica","velutina","venusta","vera","virgultosa","vismiifolia","Zygia.mediana"
"acreana",1,0.219032722688064,0.151518862942878,0.192476412575297,0.141649334843497,0.140518787284307,0.250007052127938,0.117728841253208,0.191855834094201,0.112881763082895,0.182161482480992,0.179936600420725,0.0932545343713631,0.188300669961157,0.136685378013512,0.221081554074893,0.163400996440277,0.240576258837444,0.13476373157193,0.161114632561159,0.204243903907634,0.151637276917248,0.166697286535866,0.20102832602772,0.126536330556845,0.116138869014745,0.164884321493126,0.16885586190198,0.13047997889554,0.147687544603132,0.169128759721633,0.122441005770965,0.236272215592396,0.145145148376878,0.207357960908559,0.126316368602048,0.15571352940654,0.110905234388479,0.124661803019097,0.100063269217436,0.0848315020816235,0.166705141959635,0.0850330531612468,0.141007853713808,0.153128263790872,0.129461218933682,0.0888332873651873,0.149887329535967,0.139752708106796,0.111951507025581,0.159567504324377,0.143016394090146,0.150265246577676,0.266239822962199,0.136201264246352,0.279419985167642,0.158808470371058,0.177653668396429,0.121702199671429,0.134847910297965,0.187743291777143,0.190887247755746,0.15849570326266,0.166019317270119,0.130151562592795,0.201620040314719,0.231166737039574,0.15343999327679,0.163909904025853,0.191402643689707,0.170827477531236,0.232866806358084,0.17613987580429,0.183527081068924,0.167379032497964,0.305889612581447,0.190191386807276,0.153449255238205,0.121971448150243,0.186319723970262,0.164875253039223,0.177408362442476,0.165825892395053,0.138946570937578,0.108717888808151,0.138721832574073,0.14311036420444,0.308915117552671,0.167695642972285,0.151585161883379,0.132515464283072,0.150489400780789,0.12892588004944,0.143549913461263,0.0945072161970984,0.0799895261890837,0.131226349842897,0.20614151847424
"acrocephala",0.219032722688064,1,0.151820648514581,0.223409335272593,0.177604450378145,0.168022872121536,0.196552129100404,0.100931062125363,0.172171160457571,0.121186292069431,0.192876212718397,0.163903909360665,0.0920879452735428,0.184420682010969,0.200262700926862,0.168065739295553,0.1465249584093,0.353400196296958,0.142750818118758,0.158372625364079,0.211799772723265,0.143764220857536,0.188012363420706,0.247079906367018,0.117771101953553,0.140249579878588,0.196037369188,0.157782345043156,0.123520527207431,0.153209505453035,0.17376789701812,0.136543087373891,0.168183627727345,0.156508161024364,0.121405997503306,0.163537112973405,0.175859593375974,0.122233590215949,0.117623318576053,0.104200308929834,0.118019096809972,0.167041881937434,0.0932769652448474,0.145189309700486,0.163951668785669,0.134457703785349,0.0907676435805833,0.168287821112756,0.105722286556804,0.122229108643978,0.147513745284254,0.118117941669903,0.19441536246597,0.222733513646636,0.128760100110224,0.219230207552805,0.142205433072534,0.168472393300911,0.133525150155555,0.165360804467725,0.14887566076975,0.178862887432454,0.162028412813177,0.154405090231406,0.123818508143505,0.206355849739317,0.206312673793773,0.175157600332068,0.126825574936446,0.19281357373014,0.162027348029044,0.187421333359559,0.160331126709174,0.132213163696318,0.152064104266344,0.168858034638266,0.137631231572022,0.138389201649133,0.131014450154626,0.142169263541231,0.131787938008931,0.173263594791432,0.099954575648264,0.145609142563192,0.105190878662959,0.131948680144671,0.133623943755995,0.190571291154551,0.179564344364334,0.169326150406696,0.114627661119718,0.138499735893459,0.0915083621462475,0.162996140482773,0.0969763892492428,0.108175221413403,0.119547350339936,0.193482829644283
"acuminata",0.151518862942878,0.151820648514581,1,0.188079617872186,0.172466706526011,0.2203476650042,0.189949727558121,0.0846277365175583,0.222328438880772,0.120522684777437,0.124035998818218,0.147810665978922,0.0758947959550012,0.280472567293317,0.189136158534249,0.206171650600421,0.110498053644341,0.160243079104859,0.206765340264391,0.193557085007246,0.203225597509557,0.165873352351334,0.194350230815115,0.311446211642909,0.149230692896399,0.111450771632944,0.109473304723848,0.215531943415439,0.257082962308285,0.12841967616209,0.159392483566867,0.181259363187474,0.160533624101798,0.202364533351632,0.122497817410814,0.131010725648907,0.133775877536185,0.094007451813642,0.123666225261828,0.130482072214607,0.110673303652424,0.177567623277407,0.131093706795931,0.200185830280586,0.153863164068035,0.118915894608533,0.10886867092464,0.152788481113204,0.218317558359152,0.261561702771454,0.253519373102683,0.134094504636606,0.206946469367934,0.176577169265558,0.179782999100524,0.143454656610662,0.212572282576436,0.16261384953093,0.305582435445756,0.163253490225106,0.208100982847295,0.236642730559911,0.196995631626999,0.176726425358971,0.262088641211211,0.153336371606326,0.308457710907454,0.18616389332109,0.14962935067045,0.240815634266269,0.186433635889513,0.125369869035978,0.143035480234488,0.145228113189283,0.177652741492599,0.131424396026662,0.117828045325895,0.372587789080459,0.103999234360637,0.187062712487128,0.17248591526233,0.208493337222211,0.0936901275466289,0.197302488799104,0.161848700278385,0.149253155643422,0.134701895860965,0.151691775080696,0.172068779614755,0.178673158111803,0.137899195645735,0.222955295373486,0.0802340286256657,0.110834062170234,0.191816049984662,0.130505554505438,0.282953765810384,0.172932436072547
"alata",0.192476412575297,0.223409335272593,0.188079617872186,1,0.22673643971776,0.216118045862955,0.258340311359058,0.12729190219238,0.242016764767533,0.173696942551598,0.152531499475198,0.153189062621984,0.128532866314589,0.225834333335055,0.213013964283063,0.183561725838734,0.159317869921323,0.288592589303691,0.190727204533347,0.216087369684811,0.245544144456876,0.170836674740734,0.203416713762789,0.251392655832516,0.157992485579189,0.158563366260075,0.129679290436019,0.196610735108827,0.164451520816965,0.195141213518052,0.1966692254715,0.184102047513488,0.235294969001855,0.19259569566762,0.163128878796649,0.140208277352677,0.193496604110456,0.133453942263032,0.13658677523415,0.139846303312288,0.150569757296316,0.207054013064774,0.112959304860054,0.175012865356385,0.204661561399427,0.155179745143308,0.117916539186539,0.215184534212546,0.158326420699411,0.136239791545234,0.228521097045274,0.169855058792219,0.288329108755213,0.166383140359598,0.173874365851543,0.197983083784318,0.164104636654832,0.237173451563496,0.192363733262654,0.166338585755033,0.230049848901249,0.266171391933122,0.280059311505387,0.182970333438822,0.154901751067676,0.24802198618073,0.26173725712557,0.219327170556049,0.155078675808636,0.268492509876377,0.165460721950629,0.156447852547088,0.218354505732515,0.243391007962203,0.207560857792318,0.217689791011592,0.127307684490703,0.149028129628955,0.210260844315849,0.20786835107007,0.187134693690124,0.26793258523566,0.139319228708672,0.199064168862812,0.140825642034788,0.177722506933479,0.197370190005558,0.191646832942824,0.161020362724554,0.211066669813097,0.15275107010547,0.181118852137384,0.114010303121767,0.189468144173967,0.115503589187268,0.124967235820118,0.171023952071219,0.261179486209844
"alba",0.141649334843497,0.177604450378145,0.172466706526011,0.22673643971776,1,0.238666484734072,0.195775494552236,0.177660441387485,0.161193078560665,0.232167139167521,0.215431070215791,0.222918557609902,0.18780059625396,0.249921923590242,0.328444537364411,0.149756605647285,0.129896711705522,0.188922306083719,0.316639634414397,0.162275286974656,0.263143520554712,0.157797293942903,0.371584271658512,0.206922174397964,0.107702391569126,0.215626452421364,0.112964971908244,0.156251004315828,0.124996220118061,0.15297023266849,0.166406830035107,0.431035354834015,0.205513132898092,0.123891792501055,0.220497137033252,0.133387478596298,0.175860682516523,0.105670108565728,0.119839063841587,0.112835273273018,0.387878969070369,0.183392885780444,0.244165120317854,0.13665219935383,0.132438474798132,0.110688161032197,0.191893066016403,0.197154760334015,0.231841411027138,0.281985027931392,0.22178878917394,0.120316055336965,0.391891027391248,0.112115648181471,0.127203111969173,0.160573517294803,0.114012718623303,0.173964639667963,0.246968704862046,0.201787353950585,0.17322312720022,0.212222335906842,0.191313548243278,0.131967769469921,0.164742270891929,0.170778855384687,0.190644953446263,0.168346168793984,0.121774266586388,0.345967509707913,0.248447870010367,0.104783744565454,0.131503487219642,0.1198210255137,0.124232474721277,0.22870185248134,0.0880137455311677,0.109496288470094,0.0925120168524247,0.140872878114872,0.184481833788706,0.240544958988362,0.167883338184208,0.160306147355852,0.09165378092177,0.121009902616533,0.193022871053714,0.139736983081471,0.130958962802787,0.26009397385459,0.130754162747555,0.214385972530284,0.0894186637118696,0.141066362436358,0.116047305227658,0.373847109480457,0.113263338576189,0.207652124620377
"aria",0.140518787284307,0.168022872121536,0.2203476650042,0.216118045862955,0.238666484734072,1,0.232492603165048,0.124521175562932,0.37399751539711,0.121086330892615,0.106159182974233,0.137387282971531,0.120289578521737,0.304717841695602,0.278774508827384,0.215662367513878,0.167882227896203,0.214114079829288,0.378990565094131,0.447082376745404,0.287883219326133,0.193671958576819,0.222068974935015,0.225095645899812,0.235161492450878,0.149429726586554,0.111388318619178,0.230485464002764,0.19416845245316,0.197256357517081,0.160893777562669,0.260127306563867,0.229289770972397,0.431111750161853,0.239109192641516,0.160209394912223,0.193777699086504,0.10418010786831,0.14955901558455,0.157097551250971,0.192467052780774,0.146992594018142,0.186701155917869,0.337407213251745,0.246268068777964,0.166736925599461,0.141811242295902,0.197137840570968,0.236581515271074,0.13920144720974,0.430975131887631,0.14147508074297,0.306244883685052,0.282645670334393,0.432716745438854,0.13890868618519,0.118059455361606,0.25571307606989,0.171817959338208,0.163098915785372,0.241053690545258,0.313237487081224,0.200754275910175,0.209844371027807,0.229299081843122,0.200840834138002,0.258999868675044,0.240411742981101,0.194582481819117,0.357614083344745,0.218550688057619,0.161803664026471,0.176035724961763,0.212017756389766,0.20430620842557,0.152405770542165,0.144987244434986,0.177210455865747,0.112032367606204,0.25392837721922,0.214589154442971,0.350609753254669,0.117179692980257,0.339340313165954,0.327134879204448,0.159124768189581,0.201632255325303,0.222049372549414,0.154821723948177,0.198618904190282,0.219295212836127,0.4088037922816,0.113787085809483,0.160622819491355,0.0992137754606777,0.203275196487382,0.411818972032124,0.202800160242224
"auristellae",0.250007052127938,0.196552129100404,0.189949727558121,0.258340311359058,0.195775494552236,0.232492603165048,1,0.140361782502545,0.238504914167625,0.147984031501408,0.134495234619003,0.142307246824699,0.118794867224964,0.247453307622087,0.230003304788234,0.270568485033942,0.204770525438528,0.259930365243817,0.227381536649836,0.221271790230005,0.272419794775639,0.158319497457056,0.212635588354311,0.255733950096086,0.248342538171749,0.176522827079969,0.102422062613013,0.230524163446427,0.166692349363303,0.19825770096777,0.193297461543602,0.163414610161069,0.242106694364419,0.215584601288442,0.216173074273805,0.1533426946953,0.167262702075923,0.103051165864062,0.165786777378777,0.117991041749789,0.149847006380958,0.252310558146258,0.115495218455916,0.193116899860701,0.204750641151594,0.162054345578273,0.117747566505244,0.234859756041741,0.168127206440005,0.139390600525191,0.199870659820344,0.169765072207584,0.237534434601682,0.253612451953395,0.192732705922617,0.261367291087359,0.213006103996076,0.208300605791309,0.125609501776729,0.174358032204021,0.190118325274746,0.232380261748235,0.175559603519117,0.196611612459746,0.196371151126402,0.22091196217451,0.218003399344057,0.214246385822569,0.156484672511314,0.276641807181605,0.176344068628175,0.13998841371271,0.193851576195347,0.166105226313504,0.188730808668021,0.196679065803327,0.135511840147237,0.136786257805973,0.136605345090492,0.193156623180608,0.158936474318274,0.24592973717709,0.154700777621983,0.227237222434317,0.17190449923621,0.151888973137889,0.153119499823995,0.169887713759339,0.131653338626936,0.221129464567571,0.163134859756538,0.171064448658395,0.125406689797459,0.17162464372184,0.129654331388789,0.116873699767965,0.18284911484811,0.211871928396494
"bourgonii",0.117728841253208,0.100931062125363,0.0846277365175583,0.12729190219238,0.177660441387485,0.124521175562932,0.140361782502545,1,0.167558415260023,0.102611397623134,0.0716456854060802,0.0884354388913332,0.077960626170681,0.181906465613665,0.110846807157465,0.112107933507939,0.0971733532691062,0.150789457427715,0.120610532900011,0.111254275219648,0.109401031817927,0.151756932891373,0.199977316238235,0.128025751726426,0.197779943698006,0.10894000214051,0.0860312250031903,0.103766796669225,0.12334759879145,0.133562254774607,0.0988713555608708,0.0753892358350843,0.136534442969699,0.172811237273015,0.0867555130142233,0.116980631001268,0.106451680325153,0.0761672533131895,0.0754422157517176,0.125167266315734,0.0741367069079329,0.170188549312436,0.0618211505630859,0.112800289882256,0.133485873924722,0.0823532015684061,0.0897849783890707,0.111407884285516,0.128925001910476,0.0635230515542346,0.0963840298919168,0.10377836056083,0.174082948232154,0.097396060458344,0.106142344379116,0.134694614484075,0.109369785527308,0.115797194466023,0.0992567168349809,0.0828720161173824,0.220447094572363,0.132765178408574,0.141780324564767,0.120173570867658,0.0816815162904746,0.135030866749175,0.1659958222194,0.125015486098678,0.1175213504272,0.136739291577051,0.110501359701007,0.08380553080162,0.115015133729203,0.103507730368033,0.125630589236133,0.243936621987518,0.10390418784927,0.083758742532373,0.102080765771273,0.114876054880538,0.199447255876245,0.115513831435597,0.251445711790732,0.117918033451781,0.0709938691409294,0.104437346278005,0.124603558157758,0.121929461444068,0.0925276036717252,0.109183071411735,0.105897672853282,0.0931681024115475,0.0820671382089874,0.114371550553296,0.0571526405225315,0.0475357020955926,0.101117589818128,0.139418285363057
"brachyrhachis.aff",0.191855834094201,0.172171160457571,0.222328438880772,0.242016764767533,0.161193078560665,0.37399751539711,0.238504914167625,0.167558415260023,1,0.125364533149505,0.122619220250423,0.152333016660997,0.107357570301142,0.3498363469768,0.332281272410802,0.26388733510472,0.171957222545457,0.263148265531436,0.28059360936468,0.376384002336281,0.260815653073902,0.247141925656018,0.175263429248329,0.252853714839721,0.254743538220138,0.167448763525593,0.118686630869267,0.260701833084865,0.196851993553455,0.206914264976699,0.197027971434928,0.172122800505514,0.246342922621185,0.361127524443736,0.185235806740404,0.163905168948739,0.172227069706372,0.107466773875414,0.135027490035116,0.201614908701353,0.11850568801502,0.169424191867722,0.0957718960683087,0.362300153331344,0.261037098457675,0.168730494627893,0.206155616652675,0.199333746182307,0.285658654083685,0.13072950573339,0.398333565945923,0.184175923776304,0.264757686133638,0.272619655397441,0.359194767846429,0.188786698950959,0.126340779635789,0.270006303571055,0.176677593863846,0.155635921368852,0.285788063005869,0.312185137644338,0.217993016643562,0.274421699508205,0.212816074709663,0.236752658729146,0.231567811247636,0.333203458236879,0.220081846785956,0.286933183338235,0.240513757784126,0.152508700541913,0.187150452632766,0.20944292935843,0.247641577446922,0.178289711968067,0.152802532826928,0.157330240598317,0.156129955693637,0.315999239709563,0.209523125712038,0.297993860732548,0.12784786483652,0.32552130399847,0.222472563274957,0.166013223631325,0.190373905046678,0.219036413291764,0.170758541615873,0.217106369831931,0.231915653628127,0.35259333523536,0.124265822880902,0.166349686222959,0.0929101160196933,0.104874342717383,0.372564106713267,0.261627835382338
"brachystachys",0.112881763082895,0.121186292069431,0.120522684777437,0.173696942551598,0.232167139167521,0.121086330892615,0.147984031501408,0.102611397623134,0.125364533149505,1,0.297286736465705,0.25608301679399,0.180141765574168,0.138976705836757,0.107388191169718,0.11017788994671,0.0957397375381521,0.128400369772001,0.0969155223333463,0.105846620930378,0.125542296930429,0.122167103178418,0.141596040385955,0.197424951868294,0.102678395283024,0.260732281762766,0.0774311555430212,0.115200449393135,0.114434228665511,0.087729598305399,0.136302008491368,0.316417775475428,0.143171670303884,0.11231205318086,0.290366138810465,0.107718796962706,0.170279813851241,0.0781127040542298,0.089152417198006,0.133670506154823,0.326861108926645,0.109861397659083,0.0644437763016444,0.106323838371337,0.117419918852942,0.0979591551357352,0.295062010642705,0.122724369558076,0.27162687841715,0.320705934835408,0.106287416691039,0.0939101220218881,0.195825823424317,0.0918054454735972,0.0974486725305469,0.119113544847505,0.102074672060429,0.113171927475325,0.370083595724258,0.114818580344747,0.127545559086216,0.133026350784611,0.151402112379901,0.119358560926675,0.108770156395158,0.13103302743319,0.138408907594864,0.123709628652777,0.111492587866264,0.128642096516687,0.291621986557517,0.101820001971711,0.123797928435183,0.105609385169496,0.120180139010395,0.14122899211598,0.0910515865223867,0.111466093077781,0.101027517035911,0.115011533896217,0.107136055958537,0.193228373661191,0.184970000458023,0.113281825133102,0.0893494176515698,0.100055333391322,0.104080158476885,0.0968392214333051,0.131269146034644,0.2533471150076,0.113757756472583,0.277893481835361,0.101992707329601,0.118681482170826,0.0624177139843463,0.306332646243015,0.0980857102116461,0.151568702074175
"brachystachys.aff",0.182161482480992,0.192876212718397,0.124035998818218,0.152531499475198,0.215431070215791,0.106159182974233,0.134495234619003,0.0716456854060802,0.122619220250423,0.297286736465705,1,0.28676994217444,0.180990036103314,0.13846299378899,0.122283945155166,0.120260879268262,0.102609329260008,0.181966202971422,0.10926166381333,0.135137483434244,0.160871743107292,0.118011207770484,0.138413575555585,0.162442208358972,0.0991478431540821,0.257090589621636,0.123896885439636,0.131003307464137,0.101958846132202,0.111189863094946,0.131040230030301,0.306124679766807,0.136171445277795,0.110843784141578,0.291446957913107,0.112005384989886,0.141592708900176,0.0822212269441558,0.0878383629958351,0.0870092150194756,0.287134579246798,0.146124714009135,0.0863890425626785,0.103700872536968,0.111675031879134,0.0939557503232988,0.277383572866136,0.112667130436829,0.234496236310545,0.269044758912471,0.107929752127917,0.123908490584193,0.119142221208051,0.165431724623054,0.0965585744438698,0.138940205879963,0.163736415732447,0.135531238222612,0.198807013809754,0.142451061773942,0.149560186997143,0.118946046462244,0.103860603667395,0.11461837922424,0.110632328045882,0.148079872310424,0.167273897040203,0.125355993400254,0.125636737243042,0.131495921974797,0.296820790152088,0.14939440986781,0.137161104827315,0.122603909522588,0.125145402169719,0.107738582359041,0.152540875769013,0.103739332979864,0.103862644216153,0.131762189634522,0.0797420895513523,0.177050099010813,0.11750489338634,0.104704619354693,0.0773323339264369,0.10179247414994,0.0878117515407855,0.156010743498201,0.123096266343002,0.245555133784757,0.105439822755458,0.314617855264596,0.093572675999033,0.119298450563697,0.0872166359588706,0.289900220324666,0.102504893900666,0.149482166268084
"brevialata",0.179936600420725,0.163903909360665,0.147810665978922,0.153189062621984,0.222918557609902,0.137387282971531,0.142307246824699,0.0884354388913332,0.152333016660997,0.25608301679399,0.28676994217444,1,0.176343800679588,0.175636928595564,0.121736393493759,0.125546440805672,0.141851423939407,0.21473832526085,0.111252511903417,0.139737961502051,0.158698610393471,0.123833612243885,0.115772773244228,0.17193099827911,0.104297119318768,0.308638060125435,0.181942559283112,0.130551607137947,0.134102543947229,0.134044323187875,0.151593244897115,0.241212340677361,0.168800384334959,0.151588411056234,0.275255980980316,0.135753373763018,0.121493007405342,0.0973706785893116,0.0968678285611701,0.121779469041707,0.232452483140307,0.150517872774065,0.0905912889564708,0.129382226412915,0.177021732325014,0.144864900102991,0.226549054863914,0.133331992259034,0.263259889632361,0.244549825776968,0.138599894294859,0.116378809759528,0.132565454630949,0.173021743338011,0.126525641418407,0.14053793701254,0.115971267594979,0.142590776044125,0.239088670269044,0.135795647151772,0.145537222298182,0.162875195466642,0.160272110013483,0.143974202165581,0.111215775619915,0.150827936870714,0.187765388756377,0.167583704347551,0.124012134990157,0.134333791122247,0.326152712582438,0.192495358588605,0.147714324236309,0.153697337814246,0.169311880720899,0.138830379060747,0.160056520511457,0.156450380033131,0.106184792892594,0.166720851024068,0.12980561573374,0.194121330705706,0.110596626666799,0.158661362592833,0.106522595548101,0.135622284538292,0.116124841720525,0.185328326947031,0.17344673235338,0.275969251386881,0.175567664458375,0.300448697741119,0.103057383860623,0.16788936961572,0.0917369217640416,0.233817348487951,0.11482701120227,0.181346462969023
"brevipes",0.0932545343713631,0.0920879452735428,0.0758947959550012,0.128532866314589,0.18780059625396,0.120289578521737,0.118794867224964,0.077960626170681,0.107357570301142,0.180141765574168,0.180990036103314,0.176343800679588,1,0.105349819734267,0.109882736117617,0.108628638469662,0.0981917025763349,0.121163111799776,0.0939085507567895,0.128526304069446,0.122253569870324,0.0849109763442344,0.0908990624973123,0.111605008654208,0.0953026605015539,0.223808579064879,0.0997896452717914,0.0936505885774785,0.0877625793012989,0.153058867776597,0.113440789165202,0.160440617926021,0.125095668285289,0.105962943730673,0.184442435338361,0.0902253144182761,0.0843802308387238,0.110273494362213,0.0654968305154851,0.0650865518754976,0.173917599010458,0.115647524200979,0.0674117104596121,0.0840349524006571,0.10911494604772,0.0791209849883827,0.162714387402833,0.118738745910218,0.183350583941992,0.162033174819279,0.127542609974556,0.131855369284765,0.106438846310503,0.0942623177660095,0.135395257220135,0.100647298809198,0.0945136711047138,0.104358371665146,0.166234053172718,0.103652016652692,0.0816445108055909,0.106070235543923,0.0915643613506986,0.126926748203871,0.0787809483644328,0.111350867731802,0.101691710987838,0.124940562108581,0.0829247925009316,0.112030190858414,0.185901412501677,0.0867003134071567,0.116650065181693,0.0927940497481424,0.105822923914315,0.0977032171263297,0.0692476683740015,0.0832225291177762,0.10916444112173,0.0992517578411513,0.08631238916392,0.165748326070131,0.0674080473147016,0.108791345544558,0.0759591699207082,0.0779288063388206,0.0928617242668398,0.0893274903844642,0.0873096559804068,0.211422961206528,0.143939769499625,0.179918802647807,0.0638832895013708,0.0878582734321137,0.0753849491664566,0.144698048681426,0.102288214815096,0.0987385033884177
"capitata12",0.188300669961157,0.184420682010969,0.280472567293317,0.225834333335055,0.249921923590242,0.304717841695602,0.247453307622087,0.181906465613665,0.3498363469768,0.138976705836757,0.13846299378899,0.175636928595564,0.105349819734267,1,0.277091444810666,0.374684236202597,0.155928765735405,0.256885556292817,0.252706543088496,0.229160665923633,0.325232838873859,0.280039264288707,0.225859006703281,0.270072817957868,0.186060976315859,0.146571437014448,0.122728357065079,0.19765426382913,0.189391544955477,0.199188126283583,0.20698786832166,0.235719309874696,0.226247891509704,0.219835461420278,0.151413843523791,0.219772018707676,0.169639118578509,0.131644721667518,0.156697487300689,0.203472513961909,0.149601719711746,0.198803257206419,0.206363581200255,0.251876560777971,0.19084926023416,0.151730657413128,0.128500646072801,0.252852714299539,0.312362383579889,0.15015879777977,0.324233890005369,0.157985585415167,0.330569353745303,0.182439111425495,0.211052564977832,0.192778702083384,0.144239576855194,0.229410663571728,0.175476718439096,0.219613340501781,0.307237292863822,0.278426880549236,0.212297176576419,0.307365818874263,0.197614639046051,0.240446160719951,0.243799949337069,0.241755982451685,0.252613101837464,0.276777791752748,0.225440405063623,0.174987703390587,0.197453041571771,0.273768863019528,0.214254159278129,0.214755277394525,0.184444629813509,0.19636414984832,0.134211376833447,0.247582392745624,0.212571704709928,0.26086695205102,0.125667860609047,0.259969428322184,0.184729747705492,0.17641358311415,0.208141408539195,0.209349046550817,0.177876113840688,0.211077431195542,0.212011997613722,0.216878726446674,0.152745710321663,0.158611402268541,0.117383997536375,0.150782296753434,0.235831250321997,0.246255843476357
"capitata33",0.136685378013512,0.200262700926862,0.189136158534249,0.213013964283063,0.328444537364411,0.278774508827384,0.230003304788234,0.110846807157465,0.332281272410802,0.107388191169718,0.122283945155166,0.121736393493759,0.109882736117617,0.277091444810666,1,0.236241686517396,0.137810215811238,0.199419181714869,0.497768911404353,0.212790723931814,0.271001954088515,0.159654736982333,0.175233441461207,0.247279903836955,0.187216868755286,0.150759761415929,0.102722701255118,0.186587951385442,0.142286114322037,0.16551295103406,0.178453213894383,0.353631098953802,0.193034538593686,0.175926623202606,0.142295733777991,0.130129935015319,0.147458655941484,0.103014107261597,0.161078279686959,0.105987998220209,0.375647847726306,0.168947164389856,0.2655193211475,0.182377354700225,0.17353128172952,0.135347038950996,0.142958671005864,0.214439508319182,0.145350686970947,0.163390534804476,0.26487651442098,0.128202081496625,0.422005399001814,0.167543308130794,0.181882059289537,0.156052480263051,0.124043612632368,0.208147301928779,0.122600166772077,0.24212918640583,0.166181573536564,0.191080286416727,0.160413813923793,0.177454944386603,0.257612296921485,0.172826464627739,0.16978292777505,0.216489491918974,0.133492089623097,0.414056851327695,0.186817890917133,0.131195516125402,0.149321797742013,0.146312482572407,0.157632168197534,0.145711103709523,0.112749032076473,0.132650994587279,0.11816734267703,0.185133670112961,0.124465516421898,0.231978814096586,0.0982263694795652,0.201964446629967,0.132697229829213,0.117544582232544,0.144681102595851,0.19031576445868,0.121097796250376,0.178653044762536,0.139788341266354,0.155111485400158,0.109143139554851,0.12457449077721,0.152787773929635,0.378449393088651,0.171213559816054,0.175359062613106
"capitata35",0.221081554074893,0.168065739295553,0.206171650600421,0.183561725838734,0.149756605647285,0.215662367513878,0.270568485033942,0.112107933507939,0.26388733510472,0.11017788994671,0.120260879268262,0.125546440805672,0.108628638469662,0.374684236202597,0.236241686517396,1,0.141042612717363,0.192105611513939,0.222941148207738,0.231764245400619,0.220870167617503,0.162362210171459,0.1600101341788,0.306668257417716,0.197359157018019,0.149751295843699,0.10705310828451,0.19555913267649,0.130242164723808,0.188511067641533,0.181179455163678,0.127874560132533,0.178822864100033,0.217138699956759,0.218968066679551,0.134091527420615,0.118215220882426,0.090090190604016,0.149206044312039,0.102120008969488,0.102735997567406,0.168427647816063,0.0942492083278341,0.217412976864524,0.184969847210459,0.137780800654844,0.139646710249327,0.184081777802865,0.158790513938342,0.111721980751262,0.198839331884238,0.152791863369134,0.199974356576844,0.286852782688044,0.221009037414679,0.23089140013969,0.140290572275817,0.174304736935022,0.119438183560917,0.154097547533547,0.174875705278044,0.224195258638574,0.184350202295009,0.253297483321178,0.17177569170375,0.19816214258577,0.168407617085271,0.256394901299483,0.153587776965791,0.279896870802877,0.197558654052217,0.119654857350649,0.15228496782068,0.167731180210063,0.186815333495748,0.133319164068081,0.123627426147382,0.13077256220538,0.145984652410099,0.251749433468568,0.140605937682618,0.242730183850733,0.160652085376738,0.235448480512612,0.155705538655385,0.12280312557868,0.127162874787163,0.158761834678842,0.126541717539001,0.199668766766749,0.156209960552815,0.216168486696436,0.114591135102006,0.136545005521156,0.10244998185769,0.0969189945053281,0.215032842799022,0.144148849709421
"cayennensis",0.163400996440277,0.1465249584093,0.110498053644341,0.159317869921323,0.129896711705522,0.167882227896203,0.204770525438528,0.0971733532691062,0.171957222545457,0.0957397375381521,0.102609329260008,0.141851423939407,0.0981917025763349,0.155928765735405,0.137810215811238,0.141042612717363,1,0.216992336219254,0.138421540489353,0.203764053079624,0.155617004803138,0.14271675034698,0.113528290780864,0.176808149295354,0.177718032202522,0.149945186757528,0.103051300295069,0.138141147098109,0.149054691028012,0.16997599035269,0.141545458851981,0.0952030503201804,0.195869605984203,0.163237470420036,0.143747640800063,0.114625176401864,0.132780797213118,0.0957837192279485,0.108889922689431,0.101621377612505,0.0762041526686489,0.20108690828134,0.0732795893296647,0.143504712789499,0.158628958476102,0.150398195584868,0.0793157785613439,0.161650805413187,0.132674176161593,0.112700331298099,0.159404185897473,0.148269711699187,0.134107855914243,0.137840051750158,0.142398448244733,0.141517471222728,0.173763299636914,0.188663704312557,0.129703458272173,0.145214591435258,0.166572609899073,0.167051190414881,0.155461903388274,0.169299331751014,0.123436213887462,0.16677158837401,0.150180616482731,0.174008544760159,0.153083500393425,0.149025541712673,0.164650379909789,0.15002567740543,0.174745065452369,0.144745123663714,0.128104504721596,0.159010217672721,0.126787543482053,0.11714101371897,0.120886122383066,0.181603907388616,0.153039687538642,0.170616010519734,0.0987906347950823,0.22195535683987,0.118468614133889,0.142872847582315,0.124757269289936,0.164830783034092,0.200280053728325,0.151755763342542,0.147041690780462,0.125907258317819,0.137441970633074,0.141957030669528,0.0804796551103371,0.0651247331178859,0.136801609477046,0.157762624260381
"chartacea",0.240576258837444,0.353400196296958,0.160243079104859,0.288592589303691,0.188922306083719,0.214114079829288,0.259930365243817,0.150789457427715,0.263148265531436,0.128400369772001,0.181966202971422,0.21473832526085,0.121163111799776,0.256885556292817,0.199419181714869,0.192105611513939,0.216992336219254,1,0.191702056264881,0.236057088575967,0.239158131287691,0.182102503212907,0.190661323146478,0.268411162147348,0.164875224010019,0.152857865309619,0.177535802718976,0.166718255766068,0.167028502745088,0.197264106676166,0.195036324256697,0.151341474663494,0.265589845844623,0.19706892880596,0.176132260041551,0.212713493014901,0.209042946990514,0.141884905158561,0.11072207065951,0.173107401864555,0.120217715558526,0.20245505872158,0.0963657073001523,0.193512513463016,0.216911198804787,0.180685762223265,0.0956631353501153,0.195172651505451,0.194198964230567,0.118352146346909,0.192861110190293,0.160742999847987,0.241821108493949,0.257082466370791,0.18426794849748,0.212308518632437,0.150686268810945,0.238421124241464,0.144460271291519,0.174522701762822,0.23623198358727,0.23388468158182,0.194250957440035,0.26422524958507,0.150484042811577,0.237512126838649,0.245575782291563,0.259379193296821,0.191116443703574,0.222882324220675,0.215243607795422,0.19547386044344,0.206756068622708,0.202861939166683,0.236998206635727,0.207666067103268,0.182412422759936,0.170905164751393,0.19225216797601,0.223295649437296,0.18299428283526,0.257607961537733,0.124966521491145,0.22261781714598,0.12890458906966,0.173311892479525,0.160560151985667,0.244952268673466,0.204786746754334,0.181557629053244,0.191933678881574,0.193288609552527,0.144436957644382,0.20204879717796,0.109126670500454,0.117988395708354,0.161755141461632,0.257681872095037
"cinnamomea",0.13476373157193,0.142750818118758,0.206765340264391,0.190727204533347,0.316639634414397,0.378990565094131,0.227381536649836,0.120610532900011,0.28059360936468,0.0969155223333463,0.10926166381333,0.111252511903417,0.0939085507567895,0.252706543088496,0.497768911404353,0.222941148207738,0.138421540489353,0.191702056264881,1,0.288947562732264,0.25412595646861,0.161482774290499,0.161880083572186,0.211398816980096,0.199071545521726,0.126113003729153,0.0941266129431514,0.227781279446851,0.14993818299668,0.167236241750881,0.147015240344799,0.389973952503649,0.176970075880534,0.263763005111446,0.16887148180298,0.131154664489028,0.138974239765064,0.0874977709109055,0.161800136536905,0.128350790751289,0.370676743822197,0.147338750848352,0.235138715978397,0.220485078688924,0.189895924391721,0.120381155458,0.144861878874609,0.191751033222293,0.171855056049057,0.157833054457776,0.288740298827679,0.159794938992183,0.417157981658594,0.203595595255233,0.264426801843696,0.159296611086135,0.119545003804914,0.198903723309465,0.112486302838946,0.220296267876594,0.211634822852974,0.228048745036869,0.16155111216056,0.179875890397885,0.235959271057841,0.160260137550881,0.193935028477003,0.188463464297935,0.142593152335089,0.442253760569652,0.166333036335877,0.107347391764671,0.141005565989416,0.157077503638913,0.160481334365297,0.131655512353318,0.120383293318965,0.116451091618423,0.0964164602780171,0.209199624749604,0.14847258466616,0.241161407865381,0.0843293165791103,0.250940858373681,0.204926071811764,0.122426756052649,0.135526456392404,0.180924975804259,0.121168499487683,0.175716745264015,0.161541134627766,0.239501240561977,0.0844851215484995,0.124754871795129,0.132228762334002,0.413121446252929,0.249761121466476,0.191625950632874
"cocleensis",0.161114632561159,0.158372625364079,0.193557085007246,0.216087369684811,0.162275286974656,0.447082376745404,0.221271790230005,0.111254275219648,0.376384002336281,0.105846620930378,0.135137483434244,0.139737961502051,0.128526304069446,0.229160665923633,0.212790723931814,0.231764245400619,0.203764053079624,0.236057088575967,0.288947562732264,1,0.239266321153114,0.178254743141395,0.157333961832479,0.219976886778158,0.248315459414443,0.159137219387161,0.208028045120626,0.237990151886553,0.226491620618126,0.201904991424866,0.154299306147951,0.174465947146856,0.250981346578347,0.450251157575795,0.276172470716156,0.123240466819642,0.164979226443369,0.13409853365385,0.139535159226827,0.148238025061502,0.109559092158967,0.167524427600258,0.0991950268767037,0.402661463504391,0.242469393882484,0.291854665195859,0.165492504660706,0.193853582246435,0.212443444011288,0.113596135894948,0.337127965923695,0.185300985331732,0.205998032232262,0.297508372717711,0.43983818988953,0.216609206960288,0.119170189337002,0.282420898728832,0.152543828445734,0.162761157230346,0.23341698187256,0.367009641510077,0.207387368342177,0.257606523407194,0.247194963837288,0.248102922368234,0.213493898445144,0.286497793321015,0.178969188785483,0.283001143069775,0.21991483777419,0.152298662856349,0.197488006577166,0.213930670733459,0.206866934293569,0.179228262139442,0.157434750376016,0.173280972072577,0.157804995477211,0.280701242031728,0.203079412590572,0.337801546880887,0.107387833060123,0.398150665803635,0.34888861111317,0.155466754821691,0.175690412429064,0.234441679959478,0.207162616537737,0.199725089045696,0.243914856935847,0.401293061813447,0.156983283919989,0.167028302626492,0.109028752559109,0.113287941631875,0.371426484568957,0.211361949402506
"cordatoalata",0.204243903907634,0.211799772723265,0.203225597509557,0.245544144456876,0.263143520554712,0.287883219326133,0.272419794775639,0.109401031817927,0.260815653073902,0.125542296930429,0.160871743107292,0.158698610393471,0.122253569870324,0.325232838873859,0.271001954088515,0.220870167617503,0.155617004803138,0.239158131287691,0.25412595646861,0.239266321153114,1,0.157502534533483,0.250309227116336,0.261140906277251,0.203637344998931,0.156618397842621,0.124700044378409,0.258850798208813,0.134811658179101,0.166810594521287,0.176363686844046,0.295511666590309,0.231900549946787,0.208149427526233,0.172279573519869,0.173350714228982,0.168122373737315,0.115449131429778,0.163760335000505,0.133540951265136,0.164835721887692,0.170986136145582,0.160613081275728,0.219017504486629,0.18678226332483,0.146741795565547,0.129113868741097,0.214314580739095,0.192528789810358,0.148954592485434,0.248731666867767,0.164791844824985,0.270631550276717,0.170967723951584,0.194278300873579,0.18915287459418,0.185141029477524,0.21855130469345,0.151748903841148,0.173555498768101,0.239207591039131,0.233305246396406,0.188994102011625,0.19127834700341,0.189071083637526,0.226030071290025,0.24947627885825,0.240451861740367,0.201045988812688,0.297372507340083,0.214078171313083,0.171639388935915,0.199149993467986,0.26538793391976,0.194205054985748,0.180903748095431,0.227478895158954,0.130755055141004,0.127749988488894,0.227000229406886,0.155552316017869,0.24425665893998,0.123467054849387,0.247387389143092,0.140220054341509,0.155982437187658,0.1745264238997,0.29254868889213,0.133560478405075,0.192881988760815,0.173817588624227,0.187176741441005,0.143635378332721,0.169317826203794,0.130006117158251,0.151796328044534,0.201677617412029,0.240754162558924
"coruscans",0.151637276917248,0.143764220857536,0.165873352351334,0.170836674740734,0.157797293942903,0.193671958576819,0.158319497457056,0.151756932891373,0.247141925656018,0.122167103178418,0.118011207770484,0.123833612243885,0.0849109763442344,0.280039264288707,0.159654736982333,0.162362210171459,0.14271675034698,0.182102503212907,0.161482774290499,0.178254743141395,0.157502534533483,1,0.204148742999993,0.169857807799526,0.127671408581159,0.123903873289037,0.0926084421020989,0.145129309741892,0.186394391335714,0.153013438011862,0.171938349692516,0.127320693390146,0.1862198655689,0.16191036154057,0.133504416779753,0.149741073961011,0.167798842997969,0.130051107066844,0.112681517534452,0.214193126054329,0.094778683408846,0.146466639936897,0.0930552222146916,0.14729951771654,0.178951846288014,0.130649721035007,0.0735513976784572,0.168532867727919,0.244023989149192,0.115377991044351,0.180755781456989,0.126447691675627,0.256456564496722,0.124218879487575,0.14942160961413,0.135409141583837,0.114166988285379,0.18455643315779,0.165385045866642,0.156655352213166,0.228672301064915,0.191550826803788,0.19161127160719,0.16399873787902,0.139688128401986,0.179203566320946,0.186973633670919,0.163681582592975,0.168884800387494,0.154491751280266,0.162157412752408,0.14027681664925,0.160498854044984,0.191120769360675,0.155596075772471,0.137170515460555,0.156586205423902,0.148450346825659,0.0878138685787681,0.143103864708254,0.220295961525317,0.19490972640845,0.12422270058216,0.178328169013264,0.146852140883999,0.224789589427874,0.137349775774658,0.14550610072563,0.154496223927181,0.162318494995095,0.178943845986548,0.141238168321898,0.127169045886468,0.105139868952416,0.0766648026822053,0.0805128007504928,0.146390912418264,0.204726905165836
