"","acreana","acrocephala","acuminata","alata","alba","aria","auristellae","bourgonii","brachyrhachis.aff","brachystachys","brachystachys.aff","brevialata","brevipes","capitata12","capitata33","capitata35","cayennensis","chartacea","cinnamomea","cocleensis","cordatoalata","coruscans","cylindrica","edulis","fastuosa","flagelliformis","fosteriana","glomeriflora","goldmanii","gracilifolia","grandiflora","heterophylla","huberi","ingoides","jenmanii","kursarii","LA17","LA41","LA48","lateriflora","laurina","leiocalycina","leiocalycina.aff","lomatophylla","longiflora","longipedunculata","loubryana","M18","M25","M27b","M30","M71","marginata","melinonis","microcoma","multinervis","nobilis","nouragensis","obidensis","oerstediana","paraensis","pezizifera","pezizifera.aff","pitmanii","poeppigiana","punctata","retinocarpa","rubiginosa","ruiziana","sapindoides","sertulifera","setosa","spectabilis","splendens","stipularis","striata","suaveolens","subcapitata","T18","T21","T29","T50","T51","T82","T85","tenuistipula","thibaudiana","tomentosa","ulei","umbellifera","umbellifera.aff","umbratica","velutina","venusta","vera","virgultosa","vismiifolia","Zygia mediana"
"acreana",1,0.208932655318585,0.143464228409096,0.231823527199043,0.216683508362983,0.175220467513568,0.287275828757369,0.231696231331901,0.225226011566958,0.13602604478534,0.0760684827230159,0.197938394721055,0.19707050726895,0.254119287425697,0.232687106920721,0.245610311750338,0.244332958079663,0.241324800038079,0.138870388854911,0.223636762553743,0.221554501563153,0.268480071967313,0.242367723396767,0.232064772280432,0.186656096531034,0.22817827981366,0.116771179597748,0.153061552173155,0.196006115981704,0.198904140031982,0.198808422934151,0.207416850492815,0.239142017524848,0.173374690914579,0.10107238901749,0.155157604010614,0.234087345721559,0.148692620942738,0.200347226182452,0.169597458181,0.182877068437553,0.181320854764266,0.164815593058163,0.155795330890665,0.207333680462535,0.188242835992295,0.136013242583902,0.194325805840456,0.158153257654139,0.127806578129611,0.240511527819199,0.166646196772461,0.253406258329787,0.209945632487479,0.211842674135163,0.216883994697205,0.228975340618794,0.171080719020626,0.186676761654724,0.272185649805118,0.260279525330267,0.256765039290253,0.198462461902779,0.278657485318419,0.28075820324279,0.200842132067741,0.210408511622663,0.22574429435129,0.241036706212198,0.249198909952143,0.151082446774533,0.226298640026273,0.180599533236811,0.218215478920447,0.180004964582619,0.250360897408886,0.167453395417792,0.200192215796774,0.252190124278637,0.251567147504271,0.223371394478064,0.182671918146533,0.175276115707445,0.244679947283025,0.175330206519814,0.158374447295569,0.241132334770944,0.0983341063131658,0.155444645529559,0.189119385264384,0.184289840856411,0.214438743988889,0.148528760087337,0.171648558123303,0.255182871875619,0.152116905009492,0.159453399394256,0.249599102911868
"acrocephala",0.208932655318585,1,0.130210028660658,0.215291776546463,0.241991642860063,0.156394904099902,0.300535288554162,0.268913254651469,0.249548696610486,0.167682617133078,0.138289470538095,0.134153792819,0.1526961267905,0.223858449797222,0.224113701348795,0.211771807222265,0.190466644755954,0.176167395780971,0.330593550643573,0.221642198538868,0.337673805773034,0.257423045627229,0.225176545539803,0.205896872034037,0.168428439119303,0.199049126108197,0.159062680317848,0.204891347192622,0.241028412762898,0.196310671883845,0.1751851347215,0.163333224145992,0.326520513813168,0.140470467239776,0.19072620972292,0.159918194669913,0.197236971460158,0.115407978407112,0.231037237552067,0.118742442822658,0.257901190874178,0.307247496468382,0.159557485072095,0.209940592675989,0.217602942943107,0.197064053825939,0.108432966228105,0.220842219244764,0.162722579556869,0.219577046645591,0.200997731498703,0.168057329604252,0.198455447011606,0.205785835341613,0.259417390579308,0.16883870811786,0.244913660458787,0.144035050783999,0.127927785208512,0.178255811027242,0.25495753163805,0.259650346606177,0.159152323189101,0.236748447079117,0.307256522882853,0.269741083965626,0.284142247500112,0.183641448748377,0.19790518689754,0.264663371704052,0.179454471865073,0.209690371705795,0.160203728368376,0.196309798992323,0.169668220364573,0.209880036745079,0.282177591593154,0.13423999668753,0.165407682837027,0.202399095058944,0.222621281455865,0.304533916050298,0.328960184553366,0.207772572497686,0.178368357170004,0.155252341343478,0.22588808467579,0.229109191151951,0.119701214112117,0.342955877645588,0.175363222076372,0.187033352915668,0.115240237914982,0.184657958840249,0.203002696543385,0.167648035165289,0.239376637504757,0.189052693187758
"acuminata",0.143464228409096,0.130210028660658,1,0.143983742903136,0.138958500116547,0.122892542922516,0.144331454521649,0.124238772264785,0.128263839449162,0.0699314114863999,0.0547551544664209,0.0969810021739091,0.0896464628662678,0.134044426136555,0.115642534394723,0.128714583343714,0.129186419121767,0.123539430077706,0.108956990686231,0.140469811626372,0.130344402026773,0.121674842554478,0.137254132573996,0.107664298802089,0.120520091101465,0.0955542275909805,0.0859458967226819,0.107529168606002,0.113133274691357,0.104377795937611,0.156072151390102,0.10055753045753,0.129939388819181,0.120011253728298,0.0753741568627642,0.126494302727292,0.114007587451889,0.0926993692514494,0.126138825589225,0.110340829050028,0.116583123174036,0.111332343361152,0.093849475337557,0.0878319133716878,0.113561829426805,0.102663571899713,0.0733346467465794,0.113188251912726,0.0810268352431547,0.0784040263165399,0.116349717212564,0.0941638887908522,0.128912726065557,0.125988323157261,0.124763331134632,0.14005848879401,0.129747201675571,0.0901156576446229,0.113618286439112,0.124826441880743,0.126265297597661,0.129856403196515,0.112636632614191,0.132710760256801,0.146893553830324,0.122549711110325,0.138514256139697,0.129466233213904,0.102780025051378,0.144189148806179,0.110966854905933,0.120523198628337,0.100505075224712,0.125855363357795,0.14805453140409,0.121194862463588,0.101879652648189,0.110120995634292,0.110622006684337,0.157987695324783,0.126866812839344,0.110231986788336,0.127551211016573,0.11630082397241,0.122448987933708,0.155184257787043,0.122581655827686,0.0696819657625034,0.124866378248956,0.11745887540777,0.108620126625272,0.159707219805077,0.127267322399669,0.10319732602984,0.125518292929086,0.0665801387355333,0.0946450919811097,0.125927908239304
"alata",0.231823527199043,0.215291776546463,0.143983742903136,1,0.230434910368366,0.154286358112495,0.251955933954864,0.209716879721345,0.196209135457521,0.118326184672143,0.095001756759585,0.229499799069425,0.158398082379261,0.241543976779109,0.220087934693893,0.236721454020586,0.163996872190102,0.225093647949206,0.153990950834141,0.20738513569973,0.240654199048266,0.21598788879809,0.241419613357769,0.210931630849809,0.216952948119144,0.185782718937711,0.131063713662426,0.185837594441835,0.178178740474757,0.185469955429818,0.197272886316531,0.156447750068979,0.33562475654519,0.165360706571234,0.134424219748719,0.163723444534865,0.176450847994008,0.133567030104902,0.244257196282297,0.155502730968338,0.191984885209898,0.228237544331473,0.174130398261772,0.14943452619927,0.219297882511366,0.15583290976513,0.140221613452567,0.193604374330131,0.143897194135833,0.127668548713443,0.178356697121239,0.127096261888119,0.207685042672976,0.259977405379934,0.178517613293851,0.271248417101713,0.179984697516685,0.133295215305401,0.175004554692746,0.179141007292364,0.227783085522514,0.286911645377254,0.216356097548749,0.223761948362032,0.19464070053422,0.210292154937868,0.195608969238271,0.347471589008943,0.19664208916355,0.279038667310405,0.165806408754595,0.185937665199511,0.177968357067409,0.169462682605773,0.222234004568138,0.215080938281375,0.145307226329114,0.137657188598738,0.267436297146821,0.250565117922183,0.218881438439242,0.207033451592484,0.176737017033062,0.208302990047003,0.184514234661333,0.187294929740311,0.233906817838496,0.119982378885523,0.160672885695853,0.217929461562035,0.179247629702984,0.20650622224884,0.123573623436675,0.223051773746586,0.209514189607263,0.117548416735999,0.12020388120162,0.244259966576847
"alba",0.216683508362983,0.241991642860063,0.138958500116547,0.230434910368366,1,0.21606087025089,0.322783756862298,0.210714953622407,0.317048636233815,0.271531780880152,0.191657472013357,0.242052405132309,0.266928636944262,0.260237461202132,0.331427161910791,0.251743407472121,0.2096740707171,0.197261554534073,0.202052191986246,0.203927042742371,0.262156387634036,0.242280575064733,0.24521622633724,0.225137239574748,0.192890589220185,0.331583455474203,0.149584470496134,0.211683479990418,0.199725739585067,0.181310550951368,0.186439448421037,0.286296852474185,0.295295667757265,0.146944108252356,0.232945832356544,0.14669261268657,0.196473673497787,0.124614786478032,0.236869818855595,0.14025037643657,0.326654067099649,0.267867668432192,0.170149161078552,0.172863507562286,0.331469074494831,0.180452346548438,0.245087811900271,0.237989024205536,0.281446370572155,0.244952941462163,0.224689832802737,0.133415589199172,0.187524911950433,0.244649094595215,0.201802524317826,0.205663463600319,0.250869892096126,0.140486242805908,0.251861676710866,0.21510844685032,0.277437315050939,0.292572499047508,0.19532124659397,0.262592390097489,0.247194462043832,0.241939773485158,0.234631074775249,0.263856554647493,0.23781738912354,0.273659127189557,0.287423785232003,0.196866064978025,0.163703584252754,0.174359010196494,0.184013724090124,0.355528285995734,0.170246759515012,0.144907939705118,0.215914622028879,0.234969238238929,0.233819404105267,0.269835610978818,0.197516460940455,0.256574212479676,0.255981060808369,0.149574333873544,0.282672439791622,0.137620108358522,0.136909600314784,0.326410703915635,0.208044723659434,0.326154363559991,0.114310409824902,0.21857734799522,0.225648543428529,0.257325858007024,0.227081965109706,0.255257535057825
"aria",0.175220467513568,0.156394904099902,0.122892542922516,0.154286358112495,0.21606087025089,1,0.208093623146597,0.199236262354146,0.272910618541249,0.123735997806887,0.0502630742490714,0.124442411154583,0.144435203410359,0.295034029892294,0.2402506824829,0.182942387242195,0.224919247992537,0.137973417878278,0.157322466944819,0.221520140229041,0.151419316233672,0.184463780428758,0.173100600556994,0.130860238733215,0.146464532394858,0.173855553053736,0.0831449544529113,0.108501660438973,0.191059619438673,0.163867198419469,0.192130605330357,0.149298368230742,0.179508286564947,0.143442663680678,0.0646956653849163,0.123265295058779,0.268924683459697,0.103476459389011,0.212029833678959,0.127096454042867,0.185054757569216,0.145452317547068,0.169591472037358,0.0852356415777647,0.354611199446725,0.120032767737998,0.0734354977938108,0.182763152022231,0.08867107489221,0.0930674692152,0.213912236812224,0.113930504642662,0.142598138794397,0.300954458090961,0.173603846862495,0.241982036570127,0.300103372204652,0.110862159090208,0.1238063053208,0.2084537327415,0.244631597237018,0.229626603976513,0.134958584653823,0.187749483287845,0.220728011878951,0.14138695320792,0.191042463129219,0.250162710257731,0.309242582042133,0.172193626639019,0.0921706579064135,0.149587717042054,0.124350528790655,0.147135788414638,0.154469654682665,0.250844020633817,0.172079632287895,0.12741701874171,0.250342650884622,0.217229257300574,0.236033874919223,0.125652362140885,0.0993523513883397,0.299015338442614,0.299293029664817,0.13595192633969,0.295795621584995,0.0535232223702347,0.108270538602957,0.15135086517805,0.339342824931896,0.158254956072047,0.120557229887906,0.172060065643913,0.198432648919802,0.114760877129823,0.114450882843651,0.20747926861279
"auristellae",0.287275828757369,0.300535288554162,0.144331454521649,0.251955933954864,0.322783756862298,0.208093623146597,1,0.310865141000024,0.255695718154355,0.220712403422219,0.102842022619479,0.173908465606163,0.220819399266726,0.339085789281195,0.277512108084779,0.285777023515655,0.289736939587193,0.206521482088522,0.201001791302144,0.312220489688746,0.33953342364484,0.284592986149522,0.348753890211776,0.265690255926086,0.236781045086521,0.281905201985011,0.156230636747378,0.21265491771202,0.242476782950182,0.212762708264548,0.27342363244672,0.201031341703953,0.338627457333674,0.235212055091257,0.140382372392599,0.187642441438633,0.297858124838673,0.166595681808677,0.275461524711925,0.159702035206555,0.237676371912623,0.279455024491612,0.189466670270901,0.164793825997136,0.276771762194013,0.236512666717097,0.149501857730291,0.279166468102723,0.197799673821966,0.219130226342444,0.26707270266813,0.182155730093026,0.252307133626442,0.25918481844006,0.277635263969774,0.254830140007008,0.331842742050633,0.185975917690435,0.153969861275023,0.256543376675763,0.336363453500998,0.377609568637305,0.243466782101322,0.341782360219702,0.32837370048882,0.261832417152108,0.284928851182953,0.329506430156341,0.288900554243523,0.333188127781292,0.174926138200163,0.265838859895283,0.233532071762227,0.228442249791949,0.197870180483292,0.323638925520768,0.22228905065641,0.197559498942569,0.250746973567494,0.277493086364356,0.265738428451955,0.247593441494179,0.24166216507075,0.291798154497614,0.301365448355144,0.224573747862937,0.365565814014804,0.158288778343988,0.155271694997935,0.253858536658801,0.250605016553941,0.258357719188159,0.124969646437108,0.199051343963864,0.274232262953294,0.181338661415657,0.225792741016568,0.315789251753329
"bourgonii",0.231696231331901,0.268913254651469,0.124238772264785,0.209716879721345,0.210714953622407,0.199236262354146,0.310865141000024,1,0.237746583233426,0.178973057351416,0.0756291988075759,0.146629172042021,0.173204139207969,0.258630190070049,0.187868531709852,0.21226146469319,0.285825475711792,0.208018570899652,0.171700345253235,0.392137270340836,0.235292737357732,0.302057954951503,0.238576892185151,0.180100692494682,0.145813472548293,0.203029850201038,0.131401453572155,0.164734780754161,0.231835557991871,0.231042853305326,0.245881263884951,0.181796058560324,0.225177046960251,0.16569171197238,0.131928049303605,0.153590220136762,0.306647983680464,0.138744799063322,0.213077284512707,0.174905495002435,0.221851312045625,0.23474045961892,0.212405888610593,0.121445353404968,0.235917313435201,0.150472025212795,0.119665764888017,0.232990159125175,0.130888831330349,0.123841786061598,0.255288470681396,0.135273114602214,0.21780826002894,0.219248608578846,0.356820603038421,0.221513825737233,0.344254173021289,0.147675129817838,0.145917386098172,0.291127366267509,0.267696861515852,0.299372108017748,0.208298029339417,0.255775069103391,0.290835630152179,0.214071092069114,0.287982503592852,0.228570481641386,0.25813603043058,0.23479204577432,0.13991374067632,0.249810897636258,0.232782723698534,0.182066070980254,0.150938222244671,0.264001994352846,0.275947596488865,0.19814234928222,0.244034227879802,0.241295865263469,0.274289390162574,0.150303578616538,0.168995157600656,0.29373191178462,0.248232391684569,0.142465601203292,0.253800841858634,0.0852330020196894,0.138737488942877,0.185077785601481,0.245139239220684,0.263970843786094,0.116498208343235,0.175673717708431,0.249136091214752,0.145796002497194,0.182724881283436,0.229321333796311
"brachyrhachis.aff",0.225226011566958,0.249548696610486,0.128263839449162,0.196209135457521,0.317048636233815,0.272910618541249,0.255695718154355,0.237746583233426,1,0.184430898311111,0.0710353174262046,0.141932174520257,0.170394680493668,0.299127627255805,0.31261693525297,0.242981883299152,0.273551393487527,0.244459597171307,0.160063215542793,0.233588174547645,0.22562585767726,0.225857892689101,0.280546164569077,0.181253286388056,0.15282806180458,0.196939982156593,0.106775678134983,0.140569134916418,0.194317027472545,0.165597752380016,0.244513724979787,0.18251830520904,0.211656789091158,0.191333382048595,0.0991967604321437,0.156113745225932,0.246351708619346,0.129488213674234,0.216387157561657,0.206724604264523,0.204649380783513,0.195545765661714,0.197156084690261,0.119592478879194,0.368125566445256,0.166451809931035,0.106157938575435,0.210129804438916,0.11932344832316,0.103075164476834,0.279463522582175,0.125159734172428,0.221914659283987,0.242149466422103,0.218024033904162,0.242958616948145,0.35369988408722,0.119087973417363,0.132963751124783,0.29506816763435,0.317368545837311,0.29655032121392,0.169577249650247,0.252081197206356,0.292446117336082,0.18304529865058,0.251380959276914,0.26598607489512,0.281058547174848,0.203531265088765,0.127515278459657,0.198512285683983,0.185448569241246,0.171085674571182,0.149764011859221,0.3869410554032,0.248432118390105,0.174856538400997,0.250311533351444,0.252917092339243,0.272182481292057,0.153229163197299,0.168528916787722,0.296647269062618,0.308349253779793,0.138458616430804,0.270493375740579,0.06515675319068,0.145509715020152,0.173362546995421,0.260008221597335,0.202636850491366,0.14911429473751,0.169613769439945,0.23460675767532,0.153590358671029,0.215237446085944,0.254154851784208
"brachystachys",0.13602604478534,0.167682617133078,0.0699314114863999,0.118326184672143,0.271531780880152,0.123735997806887,0.220712403422219,0.178973057351416,0.184430898311111,1,0.266974300146995,0.255861734042809,0.255187817996422,0.252526451681201,0.177996964628018,0.162101819455231,0.207191803058161,0.118182168935663,0.133713929602493,0.191075301097565,0.132380016748343,0.15774761267132,0.221472137156006,0.150731095480484,0.112924526844815,0.399621901083069,0.101172396310562,0.121115222611043,0.144739141196958,0.145878792333704,0.116555248967701,0.34760514321053,0.141708654450742,0.10079793667228,0.318839622524318,0.0957050216303104,0.146560153347993,0.123980985121879,0.135179162279837,0.112023930988553,0.344363710948297,0.142135855845433,0.118616332033245,0.0983365630821563,0.169228391162485,0.105703731004831,0.330957956561356,0.185226790433397,0.261464001145664,0.251622101651239,0.191417549456269,0.0827914366754364,0.124777581902824,0.135920006116222,0.203014891865799,0.153454028722281,0.264956641855302,0.124023966451978,0.219897460904483,0.195842921462815,0.225080583224034,0.18884759788655,0.104699101070363,0.194670314230025,0.164900281897016,0.137786176816634,0.151048240076129,0.184323824456375,0.19063169249929,0.179391784574108,0.278678683352565,0.155992888250343,0.157153301740359,0.117837772518788,0.0973354870348555,0.182590730205688,0.142213146090955,0.102794020802244,0.149989301116324,0.137022635104892,0.146614987050903,0.16681839940337,0.139019297845516,0.228890760868427,0.198534837342065,0.0912427457764001,0.189101041335211,0.0612896142069209,0.08470909405109,0.28056801953061,0.153611051291998,0.33304536521691,0.0828787647526484,0.107066277793827,0.162292362180447,0.437063473875496,0.122388816278774,0.165814489893366
"brachystachys.aff",0.0760684827230159,0.138289470538095,0.0547551544664209,0.095001756759585,0.191657472013357,0.0502630742490714,0.102842022619479,0.0756291988075759,0.0710353174262046,0.266974300146995,1,0.196475327996555,0.162386733537638,0.0742947906285651,0.0856128229766647,0.0905190422600751,0.0615473380839889,0.0713816079659656,0.0990303163290317,0.0718998986839918,0.104992781824201,0.0823553420897278,0.0807871417460777,0.0987574818024052,0.0918232125385311,0.23438823551238,0.0856266365983399,0.0962617132273626,0.10085587739702,0.077501045468564,0.0705596217103601,0.268680911505645,0.116537225014812,0.0575422491838387,0.306471534447629,0.0783090817004325,0.0642654613107839,0.0701357643699033,0.0741641264711571,0.050854475662815,0.295632426743492,0.113971741264588,0.0598452437159897,0.158816466993977,0.122588448830203,0.0780397305666782,0.274776702305925,0.106273590497949,0.230516797662936,0.27883246531483,0.0633720984884412,0.0643323875663608,0.0786053008564697,0.0901439034058884,0.0865028944449704,0.0644382229937709,0.0699256841462191,0.0816328575294203,0.186709912455208,0.0609463724013434,0.0894959336863329,0.106875280689962,0.0797480960504551,0.0868814424237412,0.0795309786856094,0.0891245282559069,0.0987321301539539,0.0676890392198797,0.116835764889955,0.145206503817319,0.292167669671287,0.0824644170618935,0.0753617954527589,0.0886130250968902,0.079109463601557,0.0775942779254385,0.0530753013624583,0.0493525751521965,0.0610919552704053,0.0815911935332595,0.0822605177813474,0.17974039523465,0.138188627198708,0.0634372414207396,0.0498436115737833,0.0922722460492356,0.0908578581686418,0.153925020574599,0.0589937836213294,0.248001569568726,0.0524135097635458,0.23586713669349,0.048680538427468,0.079857253485007,0.0734476060266523,0.277534627458352,0.0667969628011342,0.0755704409680899
"brevialata",0.197938394721055,0.134153792819,0.0969810021739091,0.229499799069425,0.242052405132309,0.124442411154583,0.173908465606163,0.146629172042021,0.141932174520257,0.255861734042809,0.196475327996555,1,0.21224152074086,0.152865733895222,0.119409001134682,0.140446530251202,0.146647727877796,0.163049207742241,0.0957268786596821,0.155905650110716,0.148901989791957,0.14580204398112,0.155209531976717,0.162768005015412,0.119031443195675,0.25996304116194,0.0692383248725846,0.100879660370762,0.139562495485898,0.139977774920525,0.14132069745671,0.269040334014851,0.136778675246563,0.118781105027639,0.214291719415245,0.117798062109492,0.149866857987151,0.0835665365691139,0.147302669591468,0.0992955754611583,0.273032936516785,0.127934658873021,0.123362791906768,0.0770614797209114,0.148154997682898,0.124709535522078,0.241401167692334,0.144121104806551,0.231813765374147,0.227927519261614,0.142685702593795,0.0914581520637169,0.113557904300309,0.145226970709042,0.146922302681131,0.187618609423172,0.15094238248766,0.10485562591281,0.25687876275316,0.134233573238655,0.150110923724352,0.15834561842626,0.131434479347469,0.149360866834737,0.141230467837577,0.113990424574728,0.13977756998188,0.132539941771544,0.124314435228516,0.130140774942843,0.232351852759431,0.131824796918088,0.14140838523091,0.146528825702776,0.114403687485921,0.148102420821912,0.125548933197608,0.110520985886314,0.419201589407948,0.152708509361685,0.157579220333935,0.132550278658009,0.114906398148535,0.151387216968796,0.145821027500512,0.124492662170398,0.153585239002912,0.0509714141217879,0.127427407824269,0.233119144662245,0.139441432159627,0.297894165108007,0.0891823892895522,0.123267706054446,0.133848522182365,0.257335093532848,0.138870635081473,0.190563767377644
"brevipes",0.19707050726895,0.1526961267905,0.0896464628662678,0.158398082379261,0.266928636944262,0.144435203410359,0.220819399266726,0.173204139207969,0.170394680493668,0.255187817996422,0.162386733537638,0.21224152074086,1,0.217442357738733,0.164863298594994,0.212339869510372,0.198476208285958,0.121681843675906,0.121638691649747,0.135861336274553,0.161128557749099,0.182600746991481,0.207665296779456,0.146450214020415,0.132647072335742,0.314507690244548,0.0966161665219155,0.139314870755921,0.153273231466169,0.117894008320323,0.14993313370818,0.249268661475328,0.170218815036474,0.115899913029969,0.159848828301867,0.0971986972196473,0.193642948529026,0.10035186540609,0.169332616633193,0.11277987610268,0.241109508075896,0.124652790798916,0.131494635263609,0.0952643270610231,0.180100308600438,0.111568986222834,0.21357046374251,0.184888759774819,0.214240242235478,0.206863525798162,0.180993242066719,0.0998092084846065,0.15842327512315,0.152384959304577,0.141153644558831,0.174266836748549,0.226567980209949,0.148629336579355,0.202978173696322,0.186008370778922,0.223206296579762,0.205354471804236,0.133414805214523,0.268987646829891,0.200074539409703,0.131843416142017,0.156607112034374,0.170004997157235,0.228590831032278,0.164239813326225,0.192528216296443,0.201073996333127,0.17406688070248,0.148732842997235,0.124581761965979,0.199756432828889,0.11934001971018,0.137027606116888,0.172747622540221,0.160504684918389,0.157241446935325,0.152078092189468,0.155720158936525,0.256998425550809,0.198299541982326,0.105444949299254,0.238014697246435,0.0620215674718216,0.117346082253952,0.240136699893063,0.211644457546436,0.257503366492568,0.100746141816897,0.121306237048685,0.201632865331718,0.258340312926574,0.1229810273601,0.178310980636349
"capitata12",0.254119287425697,0.223858449797222,0.134044426136555,0.241543976779109,0.260237461202132,0.295034029892294,0.339085789281195,0.258630190070049,0.299127627255805,0.252526451681201,0.0742947906285651,0.152865733895222,0.217442357738733,1,0.285830227965687,0.266635436460698,0.318018639100923,0.248870200888729,0.13680228026089,0.25405047216435,0.21852829543004,0.258860709397802,0.329288432323851,0.217343218665693,0.245250871721187,0.281921548142536,0.118999812734055,0.156548225069252,0.200152957872875,0.18297748590892,0.205030212089655,0.195968588418065,0.256923790804006,0.17083344920031,0.0925899188933188,0.160846983399423,0.2622246674449,0.157059914846608,0.248446734133928,0.15508581304862,0.234271431678178,0.184820088687429,0.197497129935649,0.130988578427852,0.331226458893059,0.154829700687807,0.117110993115136,0.235419700126643,0.154989231037473,0.131137800871829,0.265436240075442,0.137411238396074,0.238363375253642,0.248710301016707,0.242822384456391,0.273747421713585,0.346075596791158,0.158106334169884,0.150067729929759,0.271539684994603,0.345086775827034,0.324107266074191,0.198459090792789,0.309315333223459,0.272190022711975,0.194466675355589,0.232362517312217,0.37448558158117,0.318637366238034,0.244362470203571,0.131307635992539,0.22636138072263,0.197237692773263,0.185429759358615,0.183777257264005,0.313878078179215,0.181705766947564,0.174165728790077,0.311865398582866,0.273163056291172,0.262504523330625,0.178304977435521,0.182739262643956,0.348443948087751,0.310933968894932,0.161877638759035,0.347810009675052,0.080198732043829,0.143495478866027,0.244009928436637,0.298284302278953,0.229935375471762,0.14770919978168,0.201803965206473,0.306219827118263,0.185463537247128,0.143803791464642,0.285604409298671
"capitata33",0.232687106920721,0.224113701348795,0.115642534394723,0.220087934693893,0.331427161910791,0.2402506824829,0.277512108084779,0.187868531709852,0.31261693525297,0.177996964628018,0.0856128229766647,0.119409001134682,0.164863298594994,0.285830227965687,1,0.241675240206964,0.215656486123311,0.162836280626202,0.162670789707036,0.205864422137127,0.209466702619128,0.20982018166345,0.213243851061037,0.196060459606827,0.171934106339694,0.192292901750892,0.121140697137413,0.17245695001578,0.199067255710246,0.189976160462793,0.178443773993403,0.174445331584041,0.237391722188796,0.1412804805779,0.105577703143368,0.135302966149775,0.215548731683714,0.111115098045961,0.239583247176557,0.15155000177146,0.184109987236546,0.192882935426172,0.19842242637372,0.179636265675018,0.340431842926975,0.133569293938261,0.102636014842944,0.22517146736449,0.148760692662446,0.136720125593744,0.195059446117781,0.118998710591509,0.189560467340555,0.286726875120938,0.173933144143831,0.213561356434763,0.257367004715807,0.132573854694743,0.140990518386303,0.192883155435527,0.259793918300223,0.258415758212892,0.206595776091111,0.252067031642507,0.199980000269354,0.208930088315952,0.194420736961306,0.233474205649755,0.274332953411225,0.243634556906452,0.149930697593746,0.181906371743526,0.187310807330183,0.191264923856412,0.162518069633161,0.337051034483998,0.164792302761306,0.134344525209237,0.206651778570133,0.270182902047786,0.23994429059388,0.195629234655875,0.158732600843701,0.278453694036864,0.24498755527783,0.159936087610336,0.279221937848702,0.0852976678864837,0.113581452156294,0.205090655505229,0.238526787032905,0.232363642353468,0.105085446073103,0.210591204760645,0.198967236639142,0.131522921056391,0.139459841536465,0.230565186965419
"capitata35",0.245610311750338,0.211771807222265,0.128714583343714,0.236721454020586,0.251743407472121,0.182942387242195,0.285777023515655,0.21226146469319,0.242981883299152,0.162101819455231,0.0905190422600751,0.140446530251202,0.212339869510372,0.266635436460698,0.241675240206964,1,0.251523019641882,0.177214232899653,0.174818507789615,0.210367159447124,0.20606485606739,0.209289328981917,0.25184814186054,0.248590657904417,0.18745881014064,0.242278215996926,0.148499898835258,0.216860266261434,0.251892636930768,0.22061086308221,0.182267646829803,0.178305295527878,0.239084856139107,0.157579118212878,0.119011143326594,0.167287595230498,0.182814721008122,0.109497569817168,0.249116072196114,0.139036882586302,0.17254440964047,0.232568693913033,0.193746626299767,0.157898595644932,0.206327106236822,0.153591206931133,0.137314712687829,0.283011158362922,0.192519565557003,0.136433508145332,0.272269892354558,0.124864771572188,0.251545436220926,0.209482455264542,0.20042523840084,0.207962873779733,0.223908452773702,0.151851508052766,0.151090399393679,0.266198320323263,0.32690249221811,0.25875911839814,0.186948266304988,0.333827302072495,0.236251071814145,0.23887120580797,0.234648196367476,0.230875988732457,0.23107536365851,0.256865428037022,0.190608265038125,0.224769800185688,0.164855092994063,0.189518736588338,0.201755396896936,0.247354027896474,0.157830951161074,0.167488931360767,0.212363969621638,0.244692246598464,0.199574321001061,0.193638510195908,0.212273532485982,0.235445052820026,0.202732548549744,0.163033341866577,0.244686172039513,0.0979341666313374,0.120294468261507,0.216575853577277,0.196885873094754,0.217218956726172,0.177648118954838,0.27496144703886,0.253361579907673,0.178764426250085,0.135218558049695,0.242985063875408
"cayennensis",0.244332958079663,0.190466644755954,0.129186419121767,0.163996872190102,0.2096740707171,0.224919247992537,0.289736939587193,0.285825475711792,0.273551393487527,0.207191803058161,0.0615473380839889,0.146647727877796,0.198476208285958,0.318018639100923,0.215656486123311,0.251523019641882,1,0.18314890371096,0.123888605148854,0.268405015533666,0.224349549922313,0.231043390338958,0.283777313976108,0.201390030428144,0.147018475355336,0.227062379539534,0.0984254079413466,0.143463100801995,0.182838985898765,0.178121162580766,0.200382240171419,0.178538702485144,0.200236111520036,0.163492039993555,0.0821991262971541,0.150586296942986,0.257206967984098,0.17220790882936,0.28885968909987,0.168568932285421,0.167828822212274,0.17900149955766,0.192842802818245,0.112716064618793,0.297845499059992,0.143545835104273,0.109160309596958,0.214475709738736,0.132936779698389,0.103548104611507,0.417123678276615,0.122297881915489,0.212642792230623,0.247362457001092,0.267117728442781,0.222659221436593,0.371916355675622,0.143746996055952,0.161779314647266,0.389507069707915,0.329579903898575,0.263662820224612,0.223686616995222,0.300076927962244,0.270338903763003,0.189596891054329,0.247584435823881,0.264376864583757,0.293550310726628,0.211976116724624,0.121356775608289,0.23213448673039,0.189434292897291,0.190539412185743,0.129467938180541,0.255413623198749,0.227477927516892,0.202693095024608,0.253023450887445,0.235112055824367,0.239729081358459,0.150113107083596,0.16613479063351,0.338825373734063,0.306764388259003,0.146372465199186,0.260063034369697,0.0735114901750026,0.147317875291973,0.173684237553911,0.288413336735278,0.247376024010968,0.126480356398515,0.151840938521891,0.251910930516037,0.222868565261536,0.156677730533725,0.252963575618325
"chartacea",0.241324800038079,0.176167395780971,0.123539430077706,0.225093647949206,0.197261554534073,0.137973417878278,0.206521482088522,0.208018570899652,0.244459597171307,0.118182168935663,0.0713816079659656,0.163049207742241,0.121681843675906,0.248870200888729,0.162836280626202,0.177214232899653,0.18314890371096,1,0.128324729098538,0.196025954735685,0.220281713450885,0.17758272540809,0.188483015520598,0.169757571963085,0.161838291638487,0.132023709737097,0.126799607282714,0.173194134363675,0.168117462695154,0.186155650055407,0.236978782437053,0.13631592289263,0.177372233219719,0.184141249660182,0.092570004841254,0.185528491709783,0.181183087837206,0.116384699572491,0.170253499841395,0.168894165356646,0.19670281170349,0.210795159115804,0.157357513512069,0.129723584999003,0.178735822719434,0.16517250777982,0.120517194298382,0.158235697875035,0.0994014119592938,0.110022711460705,0.189039917091087,0.128157381804354,0.175917200775859,0.191492314439979,0.184677723385758,0.188731389594075,0.157691888672096,0.109409680845616,0.188102683027996,0.166799007722229,0.180111601381555,0.210187984808243,0.172575290085166,0.191088629236652,0.180855878320011,0.18684380767985,0.191059794559575,0.198147239994211,0.159088732799283,0.189268786402459,0.132013660034818,0.1853411038655,0.152363746732487,0.139625481373442,0.157533014106249,0.197560477922789,0.158005348985242,0.136865200479419,0.179976686983507,0.193748094907363,0.183712620581025,0.13699395427176,0.129498576216456,0.172450709072064,0.149612848574854,0.169054813221485,0.196366468462558,0.067812737734293,0.224961455561196,0.150917373473214,0.140539573632353,0.153326539151459,0.0970287369801822,0.157070155781287,0.178657671690378,0.105878487003494,0.156244970865335,0.240828409757678
"cinnamomea",0.138870388854911,0.330593550643573,0.108956990686231,0.153990950834141,0.202052191986246,0.157322466944819,0.201001791302144,0.171700345253235,0.160063215542793,0.133713929602493,0.0990303163290317,0.0957268786596821,0.121638691649747,0.13680228026089,0.162670789707036,0.174818507789615,0.123888605148854,0.128324729098538,1,0.170090912847987,0.307005273294634,0.172345540811949,0.179112576493402,0.197585065081544,0.140001257849594,0.160362151648374,0.158055294996854,0.156460435869587,0.183806664225237,0.306160403316523,0.140933309321223,0.160475919672794,0.234425531424776,0.114246683285802,0.165096879071873,0.124667487040855,0.128823397093151,0.0840890061558941,0.175800713854763,0.12037402286578,0.214122854582325,0.277116242109721,0.128253563067087,0.157902841530851,0.154194853737935,0.139466603882104,0.103816683443856,0.191924093630173,0.126942432712967,0.125914543684488,0.160649091371468,0.128119858364061,0.136312491596213,0.149555699104012,0.17201889586304,0.118349588217027,0.226745024322043,0.104268102367358,0.146106235229868,0.190644652567802,0.176288616248959,0.183146486395805,0.126597478268873,0.167117153017028,0.217883744949506,0.288902506435462,0.24687146117921,0.154167675878869,0.158585001345921,0.20304698050686,0.159166163097957,0.136623146511389,0.165296379715362,0.156515004688439,0.146443177527813,0.187674544638216,0.192920641371412,0.107328904955955,0.120765237465505,0.161660225867272,0.145428160082644,0.219365775967079,0.235196659966426,0.132143723324185,0.129929962343422,0.113503862714678,0.173313064111552,0.165907488432277,0.0923306895584348,0.237072071794262,0.119274477769289,0.136954202955903,0.0796703354087588,0.14998150233916,0.126843564956587,0.169800135566376,0.148610023568216,0.161417376849217
"cocleensis",0.223636762553743,0.221642198538868,0.140469811626372,0.20738513569973,0.203927042742371,0.221520140229041,0.312220489688746,0.392137270340836,0.233588174547645,0.191075301097565,0.0718998986839918,0.155905650110716,0.135861336274553,0.25405047216435,0.205864422137127,0.210367159447124,0.268405015533666,0.196025954735685,0.170090912847987,1,0.268666479407334,0.255508953927606,0.243347870101964,0.200116905458179,0.207974215262945,0.182467667338023,0.132456959151515,0.194707762319769,0.222398729990753,0.24591418344065,0.325573712721384,0.153618391283454,0.214064334713938,0.250568866337393,0.184194621034608,0.190211874199439,0.345650284353579,0.115861377804489,0.216269773626794,0.183495930776177,0.191897215845079,0.222155718254654,0.184918959186504,0.1300049691444,0.260330096736422,0.189593991608431,0.109118007302761,0.222791458452693,0.11455421245581,0.1544521870549,0.243992020588107,0.154773574867238,0.199753958756684,0.234250319519113,0.334378308455384,0.209750592264281,0.34285109756471,0.124418800429452,0.134355916477197,0.280408060781139,0.241425676389039,0.241416726441226,0.2476411172681,0.226051690346314,0.234052184849854,0.205413900395659,0.27290573933096,0.230574247186506,0.224903534213552,0.237408607877974,0.130689578861322,0.237192171152661,0.235074799780516,0.187262735380893,0.170817768833911,0.233008108281066,0.259331170001449,0.195602204346207,0.21844599345891,0.262377321637334,0.304016558197428,0.157026451819147,0.167652184400381,0.233345536293186,0.255908944228819,0.213580935031464,0.297390651635217,0.0939673663010019,0.146899086476284,0.168179744344734,0.221396239681605,0.249061494603382,0.113494182509832,0.167229028802237,0.184837330612337,0.121371042650084,0.17465349040512,0.267045537241168
"cordatoalata",0.221554501563153,0.337673805773034,0.130344402026773,0.240654199048266,0.262156387634036,0.151419316233672,0.33953342364484,0.235292737357732,0.22562585767726,0.132380016748343,0.104992781824201,0.148901989791957,0.161128557749099,0.21852829543004,0.209466702619128,0.20606485606739,0.224349549922313,0.220281713450885,0.307005273294634,0.268666479407334,1,0.241910882622058,0.241148090415758,0.195494745796928,0.187642727998056,0.197700927330058,0.181135007636534,0.181954993241324,0.247397429126045,0.226201771734041,0.234141321819536,0.203680817598065,0.335773414588122,0.207940375518337,0.13677087016409,0.169927365216259,0.233341326471817,0.139431564396654,0.220556418192654,0.139153883479434,0.235175590936827,0.297067242132074,0.159314982119285,0.13912059030457,0.211453160070041,0.230548152064647,0.160657549574159,0.252131077447521,0.128947585198358,0.167023615242221,0.201475250139421,0.169247415858578,0.190897877814868,0.209107330120458,0.225829733640771,0.218255933119443,0.240721275550255,0.142931202488173,0.141009450863318,0.206433991889511,0.251214356678105,0.268225082478854,0.302700060326185,0.249844321011501,0.319301803632406,0.256090644286277,0.298955406934139,0.230653931318389,0.198937954114549,0.240360327591162,0.171145376480523,0.213557260584674,0.195549714208812,0.188547544388494,0.190328944015775,0.256337398464817,0.261958002857753,0.22559803882714,0.22481253334825,0.205373924813164,0.224640838632847,0.205536921535657,0.209463272597717,0.200955645686705,0.222642434539399,0.202197179914011,0.308823969853754,0.138147616680204,0.1414537366467,0.224980395648207,0.165024250327718,0.20719920836199,0.1005734959659,0.179310921214673,0.180518741289342,0.124330463030556,0.267266680316554,0.26944331057614
"coruscans",0.268480071967313,0.257423045627229,0.121674842554478,0.21598788879809,0.242280575064733,0.184463780428758,0.284592986149522,0.302057954951503,0.225857892689101,0.15774761267132,0.0823553420897278,0.14580204398112,0.182600746991481,0.258860709397802,0.20982018166345,0.209289328981917,0.231043390338958,0.17758272540809,0.172345540811949,0.255508953927606,0.241910882622058,1,0.244680744043831,0.216679082686554,0.203454283037188,0.209982948593596,0.129937373752012,0.175552752105292,0.199148434964916,0.184016480991746,0.182004582403669,0.17779430001926,0.280417167841598,0.152229264560516,0.139571943737698,0.150988267961867,0.242522116843785,0.13240431797293,0.227277406901233,0.144726765748327,0.210358438129883,0.210292085968785,0.181801333402287,0.178610521274586,0.246471132608822,0.160878203188733,0.127246612987349,0.207332240822524,0.155195200786056,0.170166285423011,0.244521324240417,0.157950447051324,0.228026087313828,0.222756350303244,0.259348939943063,0.21811100951511,0.262503408742965,0.144835062586093,0.143772564203421,0.246662259985834,0.271350632705402,0.286488329066472,0.175743823495321,0.251130337673697,0.266934585596871,0.202543167683285,0.245655788342234,0.238634642754815,0.22848574403799,0.25589481046129,0.162620137256383,0.247132066541052,0.184266278713449,0.196219423930392,0.172323577148081,0.27838680421965,0.182155756671882,0.188428859038735,0.241752879396139,0.239833906705932,0.231915108253046,0.211838928774505,0.179706392721955,0.2713672084724,0.22677926258428,0.1452003595903,0.26257026222453,0.157578109439138,0.13747142375929,0.221827966354357,0.221495941155271,0.207639772552222,0.123322491196081,0.154332771458164,0.244025463384477,0.159574845235582,0.184626498262656,0.236676897781174
