"","acreana","acrocephala","acuminata","alata","alba","aria","auristellae","bourgonii","brachyrhachis.aff","brachystachys","brachystachys.aff","brevialata","brevipes","capitata12","capitata33","capitata35","cayennensis","chartacea","cinnamomea","cocleensis","cordatoalata","coruscans","cylindrica","edulis","fastuosa","flagelliformis","fosteriana","glomeriflora","goldmanii","gracilifolia","grandiflora","heterophylla","huberi","ingoides","jenmanii","kursarii","LA17","LA41","LA48","lateriflora","laurina","leiocalycina","leiocalycina.aff","lomatophylla","longiflora","longipedunculata","loubryana","M18","M25","M27","M30","M71","marginata","melinonis","microcoma","multinervis","nobilis","nouragensis","obidensis","oerstediana","paraensis","pezizifera","pezizifera.aff","pitmanii","poeppigiana","punctata","retinocarpa","rubiginosa","ruiziana","sapindoides","sertulifera","setosa","spectabilis","splendens","stipularis","striata","suaveolens","subcapitata","T18","T21","T29","T50","T51","T82","T85","tenuistipula","thibaudiana","tomentosa","ulei","umbellifera","umbellifera.aff","umbratica","velutina","venusta","vera","virgultosa","vismiifolia","Zygia.mediana"
"acreana",1,0.206637511011748,0.129995106297438,0.311413985616381,0.244042793047047,0.156109255157782,0.23354012474828,0.202372129408431,0.210102903262263,0.141173433605828,0.184409301001565,0.199723396217403,0.133857508402565,0.236867806554577,0.216023492551049,0.26903631562108,0.166947759771206,0.198313724305189,0.0867137677504982,0.202668700423,0.208362314862125,0.155774790054102,0.238301404054496,0.21471532772218,0.191901328973801,0.203677461882251,0.173132267234001,0.265749650255022,0.249522293791581,0.164308532105532,0.290292110445641,0.0820228816490537,0.288193674816144,0.131543295620241,0.171843653416917,0.0875599646209464,0.206652139455066,0.117453298751005,0.123939006973196,0.172441130078883,0.177401609345097,0.26526255529242,0.201564431843033,0.275814747999648,0.201381625610513,0.106337100122082,0.0961859969860384,0.204587231360359,0.19197641177141,0.145869012271566,0.145563928738858,0.126300216421269,0.233504901939822,0.133553731988027,0.13749175780889,0.155595081318763,0.187487395328862,0.210091711934975,0.137855303631778,0.245481702007472,0.201667930018847,0.251400328993934,0.168249256084128,0.19842733266493,0.309787333644865,0.214015426238533,0.148700218863108,0.294392187241587,0.171629516625807,0.273953739687356,0.199934404359832,0.121291214790279,0.193042750770141,0.238286283449666,0.197662769536288,0.161394139821625,0.0848316938327128,0.167501873601029,0.201079075925172,0.233651776243842,0.21490392298233,0.153802816396646,0.136274957340032,0.256769840807459,0.215432036750427,0.174471474730227,0.213246345584302,0.130029823212491,0.119131662096061,0.240225761378988,0.0918618502476514,0.139526515940541,0.138619067170479,0.300887299249801,0.203046510055488,0.140000748109292,0.158731288766774,0.267366347923459
"acrocephala",0.206637511011748,1,0.0891168370583826,0.254288807481672,0.176321586624056,0.154580348229895,0.185692844970611,0.196680911706177,0.238380544955709,0.137178835830653,0.127835226222019,0.178274290575637,0.13375388195419,0.247040332599911,0.244617891641953,0.218129712346367,0.129295139738252,0.354152950165098,0.0853669815205132,0.1749293917627,0.215038336323325,0.154607707086166,0.254639718913865,0.19582439163304,0.209994046878117,0.169790724138033,0.126632500895526,0.168681670543542,0.194469325628559,0.13383540377818,0.198801898021362,0.257393168528333,0.26851622243155,0.120715082307598,0.146899798731761,0.0904948680602355,0.143529565349106,0.115713213595,0.137660030183769,0.131950015635255,0.158418885647048,0.17983086618881,0.0883921272344764,0.185992181664973,0.200514990199553,0.236305354060878,0.0786503910388652,0.182397449587707,0.148740416876045,0.207852579978071,0.179667854451997,0.112028831543005,0.195067637061858,0.135697974727386,0.130119390150426,0.163267360475612,0.156881660026971,0.212256685392072,0.136576850122032,0.203235651761959,0.197157906320234,0.27411571020728,0.185535099221484,0.177568736417192,0.227031068964469,0.187781835352815,0.142186495983514,0.21423105976925,0.170551341647847,0.226483805910128,0.145578467561692,0.102804492669468,0.204545341777833,0.20232202240571,0.167537584383173,0.155771339633246,0.110199919981078,0.183666002984585,0.161677758449766,0.200887125598375,0.160118746129395,0.142970580992692,0.119179176231589,0.205150927956928,0.203016056868432,0.151846704701289,0.243864214711429,0.114670134739734,0.108877520248881,0.197102256292719,0.0971608023488281,0.188065416396138,0.116001593571084,0.181364808722916,0.238901313458589,0.109691571637734,0.162421655010827,0.184584907017104
"acuminata",0.129995106297438,0.0891168370583826,1,0.0711379716651217,0.14984145364501,0.0987566046968647,0.119613193293069,0.0818522203205598,0.0824778290224598,0.125229146778279,0.058345994336563,0.066763540087018,0.0477664987199708,0.0968728695020334,0.0992662250921249,0.300552830654791,0.0667582811204134,0.154845579718001,0.0398040295324054,0.428636656824004,0.101070123544141,0.0551219411708177,0.0960835741891698,0.0745014554699452,0.0573487024561416,0.0822177836836715,0.0789800090029639,0.429155574436079,0.111213304994478,0.12611155626374,0.290784227651629,0.0362926429109569,0.13207954346875,0.058996337623359,0.0711579950917335,0.0548757059611234,0.090622576327148,0.0558838442487994,0.0560785049538525,0.0829029615376532,0.0791965941595513,0.0501406805598869,0.047328647799075,0.0574558320987228,0.0655665544767225,0.0396102628197988,0.054977315107094,0.0686942404224479,0.230908043792227,0.0610494204547462,0.0713586849995312,0.0526106543844463,0.0943183133028907,0.0676533985225479,0.0480814211724966,0.0762603671790578,0.280412559454694,0.0678223119394094,0.0930071383902378,0.130584497150701,0.0673620959447818,0.0810425418394246,0.247420180342299,0.0933306218464342,0.161801763058657,0.0699853421362808,0.0938919305287158,0.105673879086243,0.0988255159492326,0.135579570965606,0.0632687493502962,0.306151116041685,0.0666351297760207,0.0785549873927638,0.0507918835453921,0.169464323245158,0.0741566770613978,0.0712825781992154,0.0684628431166701,0.0575739046936424,0.0785767158152161,0.0570643841935264,0.0845086881460516,0.0959673244777891,0.066391625385586,0.0579357998112736,0.162152601263016,0.0965677197059977,0.0464838198933035,0.215418281258355,0.0691459773676612,0.0445268572645153,0.0573730259556575,0.305480798205633,0.0695948367673731,0.225699385439092,0.0630897607442518,0.0721962973784145
"alata",0.311413985616381,0.254288807481672,0.0711379716651217,1,0.182830171052263,0.210700108196094,0.189757624264798,0.179925056791888,0.26619528814314,0.123295435481374,0.322112064963595,0.228340603628284,0.134507877719151,0.310566953598971,0.185085522362897,0.242288787775301,0.167080008990833,0.176739775581551,0.126670660225807,0.171255660238391,0.200300781561503,0.238882883515913,0.277784439535902,0.355363618799898,0.298112507816847,0.232319940719806,0.149036930139691,0.211476805105385,0.209911263055748,0.134516832097247,0.315606376222366,0.0982085349093067,0.338213893425686,0.15890340105561,0.136794198187593,0.0827436598853598,0.19254741382624,0.142239630406398,0.183966741940187,0.147923996599119,0.153823084619012,0.543638564870702,0.129680241341051,0.528767045380027,0.279415744890424,0.101719135592112,0.08789306004749,0.191247888124692,0.141777596338752,0.207590128769007,0.234052208685884,0.173398049656734,0.286873341265571,0.145773600318175,0.179432522699704,0.148162373620925,0.140823933190463,0.318371521456815,0.126743738256379,0.275593001981908,0.250305115872959,0.462882132878209,0.173103354662369,0.22814382714186,0.284167436476415,0.329842490107101,0.163978773722112,0.298868965305029,0.181655498998048,0.29127637348367,0.249601983096248,0.080742291734171,0.248807862488781,0.328972931249824,0.284450804113449,0.158766435605011,0.0816859640067713,0.250884240238614,0.244968755345815,0.38144267494146,0.213478248491302,0.148558760660816,0.146541317274316,0.355713808600353,0.271913611855473,0.247294742096516,0.263730969675899,0.177505041776413,0.151981573388758,0.310950633204412,0.0888415055717384,0.174656097621567,0.119150224075293,0.25447907493805,0.271317269929367,0.0849574310326156,0.183110876722815,0.242775262896272
"alba",0.244042793047047,0.176321586624056,0.14984145364501,0.182830171052263,1,0.143563354313853,0.199234707492347,0.195222617097175,0.178784294441003,0.280512684179419,0.239642181529495,0.274481585315822,0.209830348782028,0.195030390910468,0.199844105212529,0.257322103021542,0.149012924924402,0.319688719407127,0.0833008272639469,0.249896249031848,0.185292646147352,0.137171820410608,0.198935733631911,0.177969545018692,0.14694252208484,0.297571589108106,0.156480479096832,0.236522039931931,0.181628981708001,0.196340622951177,0.241622969308391,0.182845603003118,0.240036148064547,0.110779404720583,0.244795767004625,0.088810063834809,0.163092051982711,0.0896485455026632,0.0957922952484405,0.121718928642238,0.250088720194719,0.153133328549012,0.130689730000206,0.160444670346551,0.184203971808996,0.0714229621108298,0.191814518856412,0.180365822487289,0.336070890821145,0.239330641941109,0.148044536885242,0.135471641320984,0.171501118059231,0.133869588404527,0.122312385301362,0.130594846223407,0.201024661713698,0.178940983895047,0.254792127584615,0.19984210253459,0.165074290613823,0.188603228547813,0.213346053275684,0.158913511095407,0.350214535585641,0.162504462642147,0.177244848594474,0.234369751160157,0.188492978686606,0.235605992927981,0.244248205763287,0.153787640951879,0.154257301044409,0.184964078600464,0.145967983642071,0.180658932722341,0.0981182481346198,0.15390144322579,0.149863242829804,0.167252043184098,0.148210221873287,0.199178329692762,0.166191821696607,0.196586543456304,0.191766882651363,0.134437431681206,0.205973248173363,0.127059723080964,0.10729578299297,0.31666264367548,0.129483122779217,0.238555821176071,0.127783720171466,0.244522276837441,0.190639955130394,0.275666497318475,0.114281048472377,0.145085505355076
"aria",0.156109255157782,0.154580348229895,0.0987566046968647,0.210700108196094,0.143563354313853,1,0.153899778463122,0.120008187306873,0.152751916512229,0.112993573502152,0.116347856591036,0.140877829370722,0.115641815003641,0.226077167644982,0.155689598044038,0.17495962163139,0.140482656242181,0.151442709062497,0.0601739865330178,0.170449778288282,0.155439879821102,0.136381464942207,0.179109305532048,0.182297893761623,0.163860962680744,0.191544142264455,0.142511048607092,0.135092097364874,0.181284842932287,0.17976228244631,0.142372566188004,0.0768988479671561,0.216952699913863,0.120438203587281,0.129278723559058,0.08291193131142,0.147819637868887,0.108452444247913,0.128688844476808,0.119522301644721,0.118879929345397,0.175688335729803,0.0767659575214631,0.15589360113989,0.157021077977164,0.079784035441955,0.0637246697126735,0.141961841961837,0.150323434239914,0.107871000106498,0.213946326170487,0.0933281421756375,0.205337048008691,0.101555799246201,0.13871865011689,0.123842897401517,0.12892169167936,0.180996158411411,0.165935067042055,0.156975204443688,0.174454243123525,0.233886859928971,0.104393946365137,0.143209773805442,0.203372431209532,0.135054673687726,0.125527615418545,0.172661954117569,0.128271067292324,0.177760543744857,0.115979267779229,0.0968786361184366,0.128020720348039,0.153659403186776,0.144868000977554,0.137351377833392,0.0664037911798279,0.131022009811869,0.185856964100583,0.150993035161718,0.138062811236154,0.132815191988382,0.108324796138262,0.1898774063189,0.148148350608782,0.165401463422128,0.247564035704459,0.105009741233651,0.15358112299674,0.191851242912467,0.0972670371613488,0.104160609848116,0.102510096805297,0.144271200564307,0.143817611543737,0.0770710731437843,0.136746388601747,0.129796897483127
"auristellae",0.23354012474828,0.185692844970611,0.119613193293069,0.189757624264798,0.199234707492347,0.153899778463122,1,0.166111501394138,0.193091654864396,0.129437270936698,0.116154563605295,0.171639157763069,0.135233343710929,0.223105326001446,0.216501933649303,0.250473476465122,0.120711841264065,0.198014329193924,0.089602192154896,0.16967854283242,0.200591692593673,0.137757912473364,0.208986556394648,0.200072764862127,0.165142451166069,0.171714658327356,0.100860633903251,0.225019593794552,0.204767751423863,0.160723017083034,0.263957710397372,0.10566662367185,0.254520980131416,0.146747112738661,0.128528570656327,0.0953073125107764,0.171202043970149,0.109751605402853,0.122721397637279,0.135076510484118,0.148792086850803,0.147107737936432,0.108514266793082,0.161475102600583,0.192174407786964,0.0956920453784911,0.101591211580583,0.192311057548189,0.164930586220813,0.136039582621528,0.141633314265044,0.106479771328716,0.190045249548141,0.138434526113053,0.116867707018831,0.171923696790375,0.194387400954255,0.151518783380853,0.137777730593339,0.242367254986123,0.198983795723081,0.21862035783113,0.179583340344934,0.202642966629603,0.212292759405806,0.212247672989018,0.155263627184996,0.220877388793003,0.171146950829241,0.271262709597166,0.154888079090507,0.124716912031167,0.221330105675445,0.145658277723541,0.157540770242478,0.147906828718657,0.0863039635876288,0.133471284119069,0.199006389599257,0.156802897081256,0.162264040806676,0.16608929871419,0.149003308527353,0.259764054140724,0.150042744036023,0.175984634841932,0.197166014393295,0.131494449933072,0.12149439731864,0.187501580720262,0.0977740232143504,0.170727528084997,0.123393573011199,0.242374066428335,0.148184189064315,0.119222060419278,0.121961709456795,0.165412267777647
"bourgonii",0.202372129408431,0.196680911706177,0.0818522203205598,0.179925056791888,0.195222617097175,0.120008187306873,0.166111501394138,1,0.173306800653409,0.111313283376345,0.145609652641894,0.170255921697734,0.125151078111395,0.192294772641187,0.176088524465026,0.17438661995031,0.137656067311961,0.152688020147514,0.149388688622233,0.130084514645809,0.171186787129094,0.112271542607777,0.17789634385422,0.164966817286709,0.166080799435682,0.157372695638561,0.151231405730416,0.141397014590702,0.205114772958782,0.160151566262402,0.148713918428035,0.0857068377024872,0.206609562080472,0.117217514890771,0.14257825260071,0.0885608607259189,0.123687340278897,0.107263310139639,0.096872984349915,0.124272124522845,0.16321493680151,0.144745506365902,0.10371771845907,0.161068607744948,0.145766681886293,0.0700760487121742,0.106773878918011,0.153072780052792,0.140337620086306,0.13690606614809,0.147208092886576,0.107561743055849,0.25699088956628,0.149218543141269,0.152364328731628,0.148476553606422,0.107632160273472,0.169627523415923,0.133229832839135,0.203564210959662,0.149997033842386,0.176100480401605,0.139667177413879,0.178928102512966,0.20575090415938,0.182514219571014,0.137380686163208,0.216658623671075,0.179552784683685,0.222748811602651,0.121723138340287,0.0936749885192489,0.154761595337343,0.18688738564358,0.155331653866448,0.127029163834678,0.0900121375311534,0.151962453801744,0.150123317982644,0.159858367601346,0.154751247823126,0.136809129009856,0.125444450720388,0.172778009102328,0.159431455924927,0.150134491912063,0.193512445791793,0.113213130908142,0.115021625723686,0.171176216155391,0.104848091785751,0.111355487076877,0.115823450389591,0.139755454805674,0.188539901652888,0.0782478238343533,0.143182516233215,0.168815870988447
"brachyrhachis.aff",0.210102903262263,0.238380544955709,0.0824778290224598,0.26619528814314,0.178784294441003,0.152751916512229,0.193091654864396,0.173306800653409,1,0.135646347232239,0.188361494072975,0.207024539724096,0.133502549775084,0.273230176674381,0.419251913319868,0.249614065134019,0.142644035342181,0.210002312813569,0.132584373794813,0.162225355043854,0.203788873338385,0.151761167380647,0.217257883181267,0.282878984648934,0.260258443700803,0.198173420234269,0.122709066534362,0.153968842279802,0.186292870828457,0.145022916932222,0.228972898693485,0.10307011698136,0.26313141917749,0.14300708066061,0.261611297838746,0.123106722613386,0.164944802911544,0.117676796278235,0.154076393962956,0.14496547671429,0.147401879722156,0.238137566444591,0.117206563974779,0.22520466489662,0.248184105876911,0.112541151196444,0.0959483632202873,0.210940021108753,0.148969452289214,0.159358407610386,0.205694443965288,0.149381612096452,0.253876449411229,0.142764210369459,0.168097915904281,0.133558870682995,0.134675229162466,0.255199027080831,0.127045434931069,0.183224554311904,0.227383606085682,0.278790586307942,0.147151685856055,0.189842526853976,0.232040365477297,0.287563978918838,0.143360982825419,0.307008901349911,0.174426219813211,0.30573791489584,0.231166336451532,0.0871342562942347,0.195088216969389,0.194714172424889,0.223107076507882,0.149464829432984,0.0825978898591376,0.199661737039965,0.207584186093872,0.304960129943687,0.184516970702992,0.162176830442133,0.132829557615633,0.256335008938381,0.211959856358672,0.198878139287045,0.244904760058032,0.144953630057956,0.132343834786519,0.223529784859289,0.0970736551189558,0.138250951201053,0.107690013979666,0.226837745794773,0.216375620785157,0.0980499140298615,0.166620184055715,0.267421748065612
"brachystachys",0.141173433605828,0.137178835830653,0.125229146778279,0.123295435481374,0.280512684179419,0.112993573502152,0.129437270936698,0.111313283376345,0.135646347232239,1,0.296619448265646,0.257055945562864,0.171184884672422,0.159417809750095,0.169216519747821,0.184600925108975,0.104987780543933,0.153417544078616,0.0599416919763786,0.158306732125413,0.125862719385528,0.0952028032547363,0.129497159852767,0.134306082931825,0.183429141183464,0.277915510135869,0.114091910825421,0.168813908248795,0.13996878355734,0.134735578864518,0.170663983350479,0.287772032044519,0.152502531351463,0.079581584987608,0.275302257074637,0.0545795833533251,0.115600844275637,0.0618159707692025,0.089680368673824,0.086060617660449,0.304416476446317,0.110440257798654,0.0655415671187071,0.11488372515291,0.120069021652736,0.0432109953863024,0.312611558069683,0.0972098633968835,0.282842894499299,0.271023780551597,0.0991308102967779,0.0994928237228297,0.122140277918285,0.0989297003365625,0.0768531893829716,0.0872087512156628,0.121227242056718,0.1272349415985,0.344650741835091,0.135774947624311,0.114932098866898,0.127324109867793,0.150509682385772,0.113512533320324,0.187989753544388,0.109727638176164,0.0986774639797144,0.139298831290264,0.119966623978984,0.155253603627194,0.279908055951101,0.133004192636717,0.105645796410435,0.124394935077278,0.093057076718683,0.155023607033812,0.0889836818804312,0.0844967741925772,0.116549716077737,0.115373044083104,0.105432942494823,0.114101029040215,0.086608243936737,0.132797492189179,0.113235851272554,0.0987737049477936,0.133379259193026,0.0756972142806684,0.0756415196691256,0.271424196678441,0.0926444586387877,0.273542806680561,0.0668775372188924,0.167228546304051,0.121899558859361,0.380289326407957,0.104385398765618,0.104353859171231
"brachystachys.aff",0.184409301001565,0.127835226222019,0.058345994336563,0.322112064963595,0.239642181529495,0.116347856591036,0.116154563605295,0.145609652641894,0.188361494072975,0.296619448265646,1,0.333395510475018,0.19535741573662,0.175713935156093,0.131901774899283,0.199880517236217,0.134879514220061,0.141038585040112,0.0683231517197895,0.128251372388269,0.157396910015279,0.133531010021698,0.168378140662139,0.214003534736935,0.164278770143315,0.331032506151577,0.149536398166695,0.21128503962447,0.135739150920583,0.104930197834543,0.249717457651169,0.27582326558295,0.201616755400094,0.121947314902305,0.298960254265592,0.0755999965573488,0.120542168499108,0.0910196192399223,0.098905042396672,0.13258031524559,0.307487322088507,0.315322585588542,0.108582506740614,0.342857429785123,0.174889678248873,0.062170147030254,0.272650740986494,0.127135959654681,0.274811882353373,0.303935229730915,0.13796965050762,0.147318143098467,0.237000596673143,0.122022515157557,0.128809857096797,0.0878287286247737,0.116192381567938,0.161181595499769,0.223492146021355,0.234678728429947,0.1440290314561,0.222240927650198,0.095165724207606,0.133759620275502,0.173474166225207,0.202560039842825,0.105282330944665,0.194589794195303,0.141425109127053,0.201772400708061,0.386887637653601,0.0640105963568106,0.14940630199497,0.217198125624916,0.192082656719518,0.125924188473899,0.0647481453452087,0.148950058560673,0.126211948168492,0.268134015790314,0.163433693873126,0.149813962170689,0.121200328264938,0.216434049909215,0.160599741554798,0.1374744098784,0.150584013371066,0.107706796504946,0.101380341044611,0.435257678793919,0.0737563910608645,0.32995510098025,0.0784296804144148,0.230316761316732,0.174996656792266,0.273962855378723,0.101081892444667,0.125239540791893
"brevialata",0.199723396217403,0.178274290575637,0.066763540087018,0.228340603628284,0.274481585315822,0.140877829370722,0.171639157763069,0.170255921697734,0.207024539724096,0.257055945562864,0.333395510475018,1,0.250188295362951,0.204755807464682,0.165681910929533,0.19283931261494,0.134630806392864,0.167654893826105,0.0985856388518365,0.149919102182579,0.157458861969023,0.11919066228592,0.2152392793422,0.244307526455721,0.206289253874866,0.313487635425876,0.154563164397067,0.14558983026904,0.193445616419629,0.144188967634879,0.1875424445721,0.289616923993411,0.216663892202013,0.117999799175298,0.297300628530297,0.0871142389342584,0.134591830468869,0.0906701467720219,0.0914945141467131,0.121437038709088,0.328726472105258,0.203242175267447,0.0925185401568527,0.201692080201137,0.189428430231643,0.0723916870627386,0.22571505477427,0.157559620137592,0.279382136624933,0.279113541063515,0.17115109242191,0.152828489360532,0.218402865644667,0.135697939235477,0.132042955239002,0.154923795178156,0.128928328079654,0.17951049159632,0.236683753875325,0.189771974745038,0.185585737074761,0.223840048589622,0.133513178900794,0.167159237874893,0.193415367500762,0.190700854604917,0.132249720896315,0.213966642298605,0.162320504146164,0.227001161318451,0.327348996353923,0.0799071913260893,0.171528677010616,0.223387577794943,0.184224692658819,0.144194297893063,0.0791467355901571,0.182117196184337,0.16389935347968,0.197862701665796,0.14716202285612,0.165725998993424,0.133624427578301,0.223409274414167,0.184450099061675,0.179298886871164,0.174027789266357,0.107206203899267,0.119848205468901,0.319824479480018,0.110553618784156,0.309412191331488,0.11845354696433,0.176595493772201,0.170605963601188,0.234783130560521,0.118696831981883,0.17043929981002
"brevipes",0.133857508402565,0.13375388195419,0.0477664987199708,0.134507877719151,0.209830348782028,0.115641815003641,0.135233343710929,0.125151078111395,0.133502549775084,0.171184884672422,0.19535741573662,0.250188295362951,1,0.163693361318752,0.1642103366345,0.127851188405285,0.100479393675844,0.133234055728491,0.0580000038637796,0.107345323941861,0.131141584377553,0.111974716675051,0.156132016573472,0.121141832142559,0.12742538375099,0.225243148981385,0.106416295091077,0.0860669253441452,0.130789560937921,0.107239658768391,0.113537347416724,0.185266560838291,0.153585707824949,0.148122901438223,0.200148717552276,0.0669146156068583,0.125810108860496,0.092896295040548,0.106236623981632,0.102688178018645,0.222131875705288,0.124466441926831,0.0866185991250834,0.107414033220017,0.139913321633652,0.113501869290328,0.201583664696263,0.156742178270901,0.208120334379588,0.248783414135407,0.0959495471381203,0.0882486132614052,0.126580941819455,0.143311274200881,0.101683833279272,0.0912826277919251,0.118486485012998,0.135266048360463,0.200956264930685,0.117854875978511,0.15828263479903,0.168879434590487,0.0800227953328288,0.109588845442393,0.209848929814164,0.140729471228434,0.107637486961854,0.137581734212499,0.137872698725987,0.18971953577687,0.198515862314954,0.0779473093303726,0.1280898437512,0.125141675325906,0.121827452993527,0.100497204864027,0.0731543422090199,0.104538139444973,0.154196734478761,0.132096533068823,0.189600766089423,0.162957981290484,0.12206672465637,0.136498042648184,0.125844646715801,0.136987619273331,0.125996388538133,0.102573977066817,0.0917681873649324,0.237965823719726,0.126240612996224,0.254655453911382,0.0906540466624497,0.127181936220749,0.147983047236149,0.158602918024482,0.0996628006760348,0.159040086801826
"capitata12",0.236867806554577,0.247040332599911,0.0968728695020334,0.310566953598971,0.195030390910468,0.226077167644982,0.223105326001446,0.192294772641187,0.273230176674381,0.159417809750095,0.175713935156093,0.204755807464682,0.163693361318752,1,0.271000788468861,0.375016376983716,0.145345113091456,0.194412010057683,0.102076999435522,0.177894920662571,0.243680246644329,0.196133068524937,0.240260582959526,0.274133426690485,0.309089010523647,0.215205779437735,0.140492678834118,0.186753476610626,0.259796894106083,0.169513968042274,0.228889312880502,0.107964340064644,0.305106554216997,0.140356843030977,0.141898591897981,0.12709641335627,0.216432233207323,0.19733673676381,0.149080003586595,0.159861815077675,0.157669909778514,0.264284061184295,0.114623472465557,0.254224518350461,0.302515000396409,0.0928423627520564,0.0841182296057602,0.230591313400778,0.159900157695185,0.205169338928103,0.193403366940128,0.133096139258794,0.242936935924198,0.151502989562444,0.13930922346902,0.16079155533712,0.143014737586404,0.248905316515388,0.165218190579307,0.215173511714627,0.214524136020907,0.34762278370079,0.139929984224946,0.202154125630588,0.239606668852789,0.240636738355414,0.176607090769905,0.253500507122047,0.173513152063928,0.289810493813691,0.180481400952103,0.0919801728969806,0.236435540117241,0.265987876789795,0.221083465433991,0.156875414149145,0.11171628447759,0.160570815583088,0.207744361305985,0.25699676522732,0.199241166341828,0.22468541859169,0.130325732850781,0.26512906430262,0.242586185007579,0.296484351757587,0.240491500754174,0.154680006815928,0.141207658921864,0.248758004029221,0.126285674759563,0.150095044695652,0.119689673515298,0.200301293809944,0.217291969230465,0.104371658104427,0.166764260235565,0.234848312185726
"capitata33",0.216023492551049,0.244617891641953,0.0992662250921249,0.185085522362897,0.199844105212529,0.155689598044038,0.216501933649303,0.176088524465026,0.419251913319868,0.169216519747821,0.131901774899283,0.165681910929533,0.1642103366345,0.271000788468861,1,0.222023135610821,0.12885726878338,0.212553550563779,0.108246970836277,0.163494175014705,0.207922586308472,0.160110233410132,0.20591790452223,0.184153237994034,0.227448430875164,0.184598610567941,0.133872591101549,0.17020352943727,0.195497097967051,0.149989179743394,0.214124795507895,0.0981119740412321,0.226795978184862,0.148426493002874,0.160010911553397,0.115475119816795,0.158616069810613,0.125175347053353,0.132563224121159,0.143259137479045,0.165129762696366,0.15117153507515,0.102381379644613,0.155845307398531,0.192620303788126,0.113187416216851,0.0924153365057467,0.199842504388101,0.156334896418014,0.166310099139636,0.145107814729609,0.119936818284973,0.186391979648442,0.158930480479246,0.137983479545553,0.142242175739658,0.174019321563663,0.210276298473387,0.146445752162935,0.220235725447813,0.201407669694842,0.217849476151593,0.155997240913258,0.176684126925832,0.2583346878637,0.185086881692378,0.164868457448107,0.219109522096684,0.197005721168232,0.304739720235761,0.178937104171071,0.119226405524721,0.172287261885048,0.223473669387482,0.146472243103874,0.15235541006789,0.0960679054216571,0.203347342521885,0.19619713510725,0.186058217527402,0.176912175417762,0.175739865938205,0.142638366333807,0.204590493485353,0.183145880268457,0.155137399806749,0.234413133884526,0.125723911162928,0.135012389464625,0.204452580697184,0.133488251663919,0.141782246111849,0.136077642185429,0.21544507425016,0.199825408713839,0.113448985381447,0.141005538904067,0.195422257628586
"capitata35",0.26903631562108,0.218129712346367,0.300552830654791,0.242288787775301,0.257322103021542,0.17495962163139,0.250473476465122,0.17438661995031,0.249614065134019,0.184600925108975,0.199880517236217,0.19283931261494,0.127851188405285,0.375016376983716,0.222023135610821,1,0.181184234064591,0.281333504168175,0.0828053886951141,0.390736194125734,0.196156706779538,0.126184989858001,0.194387686522165,0.221150738579244,0.194859556042319,0.271427489491275,0.160896266177943,0.433470485772469,0.190677652558933,0.198746854761536,0.451970685612207,0.0733477600566995,0.370227412733362,0.118126342291359,0.173802406767506,0.0814775387974885,0.164129447976644,0.0898436959254827,0.129411457814992,0.144570089498924,0.136753199788618,0.213312442653589,0.0935346742659551,0.213949378910337,0.180735697326966,0.064674118312584,0.090861553443827,0.147128024567824,0.30259492192556,0.134214207283898,0.159055505359105,0.19552385580136,0.235528867231136,0.116561135472375,0.104475653296546,0.119697950602622,0.32070488655387,0.236938843816168,0.131331727383573,0.252722160202235,0.191850346968089,0.257904054803461,0.385775464835539,0.192622047531224,0.294801643371818,0.222594012195683,0.143869876698193,0.273490896836954,0.168922985463643,0.298168411357856,0.211649677479713,0.346947297332163,0.152175135808203,0.298637516442833,0.181923998718912,0.182178889858415,0.101379336584777,0.142454150449825,0.186173147765391,0.242853532776826,0.183184703472011,0.19094199921501,0.138421554370052,0.208515998258095,0.185841314376586,0.177090533005686,0.285986125125454,0.111522334522584,0.0978358927616811,0.357699029276125,0.11542104807759,0.142179114482736,0.125950610149191,0.461183581321416,0.223533578670823,0.336631951055127,0.108466845588147,0.172117834693294
"cayennensis",0.166947759771206,0.129295139738252,0.0667582811204134,0.167080008990833,0.149012924924402,0.140482656242181,0.120711841264065,0.137656067311961,0.142644035342181,0.104987780543933,0.134879514220061,0.134630806392864,0.100479393675844,0.145345113091456,0.12885726878338,0.181184234064591,1,0.136998706043405,0.0583393911800677,0.158213040698652,0.132225409341519,0.106465446975161,0.160500444152151,0.235890243801697,0.146275647028539,0.146995523565536,0.372360145767346,0.180476043540358,0.123391779608545,0.163163668707779,0.235339482849828,0.0582460957677507,0.185482352868221,0.0873984347162274,0.141696576221401,0.0706119907479367,0.101117518283857,0.0918499139737382,0.103432578945229,0.0971024338117327,0.11013118196893,0.155104619050458,0.0786924417521333,0.16138600813908,0.140571999018187,0.0542219387066544,0.210213860994649,0.118365369459493,0.16260712746662,0.127789014812643,0.146631647718806,0.367334796969908,0.182892273759427,0.323919825653995,0.124086655906657,0.15237618244061,0.0995185727694116,0.135391885858353,0.143316854606327,0.24721156567549,0.134915589725558,0.177033063999367,0.111831476247613,0.127807696445559,0.148329945667198,0.145572234644155,0.134434381443973,0.214050677532772,0.127742465731638,0.206746037474665,0.158325323570833,0.0677346041458572,0.11059233875969,0.177045668031177,0.185504277236982,0.216311942624973,0.0776020445343748,0.130800722220582,0.11178040416952,0.158980182060276,0.11982610996919,0.125491258035962,0.135218085368188,0.207777788382071,0.131037943093204,0.131419493847188,0.17415791646686,0.097009100766556,0.0993832771502829,0.151547126894431,0.32494433267962,0.11082271189184,0.093640597533476,0.17161694451751,0.165962328830726,0.106853194754302,0.107152205973663,0.11384801422946
"chartacea",0.198313724305189,0.354152950165098,0.154845579718001,0.176739775581551,0.319688719407127,0.151442709062497,0.198014329193924,0.152688020147514,0.210002312813569,0.153417544078616,0.141038585040112,0.167654893826105,0.133234055728491,0.194412010057683,0.212553550563779,0.281333504168175,0.136998706043405,1,0.0829628311981563,0.215483726752461,0.198358836188835,0.103079406942402,0.191597849424002,0.197153294717787,0.163124179170583,0.145141738848085,0.133025751718936,0.232329046469793,0.168120877671907,0.168686071206766,0.209767918749865,0.193765515859516,0.253453168761499,0.114892913750591,0.128726962702039,0.0913332933367988,0.151278690085386,0.100402288732446,0.0933204245477601,0.123913780697403,0.181898263472704,0.135644608495188,0.0821111467920897,0.134280007107107,0.154382284832216,0.182472619652042,0.107966084877931,0.141184300249774,0.181174506105995,0.14181968868776,0.143612753472624,0.144817716535466,0.211066677958464,0.146440001810365,0.119502967514797,0.125393890633908,0.258735714617902,0.14338478689139,0.140466609202358,0.183952879986991,0.151972460150364,0.211149172015889,0.262490412668965,0.182304545837395,0.331384411698248,0.188396772336984,0.129069549033477,0.22025919397526,0.192294259381066,0.254907458174202,0.161534954147834,0.1793706879465,0.139641316401043,0.191857572646986,0.126109279605031,0.200263982764037,0.102078012025084,0.111282972097316,0.157288514988858,0.17638123167723,0.147110275377656,0.158534661026481,0.113911614821264,0.173783916182719,0.128887618162945,0.112852578021229,0.203385378140232,0.102879744466013,0.0800680410289457,0.220775597205236,0.131669446202682,0.159563132786531,0.0965899092623333,0.250929692444951,0.21163254274319,0.172246377602381,0.112743986459965,0.171237378863424
"cinnamomea",0.0867137677504982,0.0853669815205132,0.0398040295324054,0.126670660225807,0.0833008272639469,0.0601739865330178,0.089602192154896,0.149388688622233,0.132584373794813,0.0599416919763786,0.0683231517197895,0.0985856388518365,0.0580000038637796,0.102076999435522,0.108246970836277,0.0828053886951141,0.0583393911800677,0.0829628311981563,1,0.0572707293673656,0.10549731118165,0.0752147251024767,0.105097618295319,0.123848593539911,0.117457981735396,0.0924156917067644,0.061004599361678,0.0625424342339504,0.0925489485318486,0.05579904747997,0.0844325933904342,0.0616933477034151,0.107883943878247,0.0846924959262644,0.0656657348820793,0.0632720272177288,0.0778842503639011,0.271082867208787,0.071549085674335,0.0715575307732887,0.0856007625299366,0.102134298467416,0.0571683602789735,0.175023236123098,0.104344591238773,0.0674953337740326,0.0374608585344457,0.123563098448245,0.0709639165333289,0.0633507339061722,0.113664133323983,0.0655217954046408,0.11393036793558,0.0759688360639279,0.0858574358124227,0.0766918385525358,0.0683020272656914,0.0946007990510203,0.0558006639382608,0.0781381552159614,0.111630078583618,0.116548054092682,0.0613897374981067,0.0854730984358813,0.0896336519911811,0.122888044661593,0.0896373205774506,0.143579931022627,0.0799033232209422,0.157576488910286,0.07999698224634,0.0462052719871326,0.11184951234342,0.0865121497695026,0.100224622129329,0.0677870040541467,0.0485183531616315,0.0702323067814165,0.0939496234566878,0.108157213080354,0.0747558860368681,0.0759947683804621,0.0592433589965681,0.101640338437561,0.0895342787742042,0.0776266154456661,0.136052243352306,0.115515857573663,0.0639571995181692,0.0890855886950063,0.0488413822606374,0.064794846490158,0.0736486992362548,0.142225842317955,0.0923924753898757,0.0408831792170365,0.0793776903971704,0.0828044723195481
"cocleensis",0.202668700423,0.1749293917627,0.428636656824004,0.171255660238391,0.249896249031848,0.170449778288282,0.16967854283242,0.130084514645809,0.162225355043854,0.158306732125413,0.128251372388269,0.149919102182579,0.107345323941861,0.177894920662571,0.163494175014705,0.390736194125734,0.158213040698652,0.215483726752461,0.0572707293673656,1,0.156390121512023,0.117163210491182,0.230262832278465,0.151079733534013,0.133009011723071,0.185669761059522,0.171907400828614,0.45564710381285,0.162002658810221,0.217752682557136,0.391484750415936,0.064508267065708,0.2223589365896,0.102901971522307,0.131923580167544,0.0828415848262726,0.130194658580078,0.0801763815855601,0.0959461220893757,0.128206208519818,0.124467751266955,0.165769457326624,0.0797849062636995,0.163308292747338,0.158137555850068,0.063183486763492,0.0921003143075717,0.133727332033415,0.319031569444914,0.121484449942434,0.135001194481102,0.102992444630373,0.165712321302342,0.0999446170495207,0.0971786127705854,0.110597810070165,0.310722640941828,0.177076275413627,0.146033229002326,0.203122118139869,0.126129134754494,0.17339680112188,0.255110186799262,0.151250952474845,0.245328112911275,0.176858090924244,0.162704103282418,0.184239211171272,0.140478783308929,0.208264438222621,0.135772747632397,0.237030498423799,0.172477147873447,0.177096005304874,0.176924649063844,0.203963291258008,0.117159412356393,0.138806208333063,0.133319912306826,0.144934452402458,0.129078916381375,0.138832762109472,0.137092437152108,0.185838607481989,0.190332237357239,0.143147120099299,0.26188570124167,0.104907165676281,0.0978845179902674,0.300434128827594,0.1196905063413,0.125496523090626,0.0959983797250783,0.368354826980432,0.17130660529414,0.249035242083495,0.0984095413062458,0.123199676899379
"cordatoalata",0.208362314862125,0.215038336323325,0.101070123544141,0.200300781561503,0.185292646147352,0.155439879821102,0.200591692593673,0.171186787129094,0.203788873338385,0.125862719385528,0.157396910015279,0.157458861969023,0.131141584377553,0.243680246644329,0.207922586308472,0.196156706779538,0.132225409341519,0.198358836188835,0.10549731118165,0.156390121512023,1,0.144257868360364,0.220484188078805,0.207601887064611,0.172260820338901,0.186253412237586,0.115835081975521,0.156302240420408,0.215247403650335,0.167214293069711,0.219902238241326,0.106160108235833,0.234628938770178,0.123696250264795,0.134235490134855,0.109172250738934,0.174290535462716,0.114440788891824,0.115189762575965,0.15345036966604,0.14118011349179,0.162095919016431,0.102014105000133,0.173363455653934,0.205507067205073,0.087971598917396,0.084794456448841,0.200824480403748,0.177793013782563,0.134559197328068,0.190144884697397,0.122217127886708,0.225519954732219,0.164203765981366,0.133414212780254,0.147781186137741,0.134279872129451,0.190804776769069,0.143558944380427,0.199681737488239,0.193630484984138,0.232401213912665,0.152649277286522,0.217280197678346,0.21000258795887,0.191512019257959,0.136401300576904,0.244224181855714,0.154117547881087,0.282518375619694,0.147072815405198,0.103984701012409,0.167871608693501,0.155269835267565,0.161194959915349,0.150270899730493,0.0952290347569653,0.133234264925066,0.195413520177825,0.206567796393951,0.18354767719683,0.244515076936417,0.133001633625505,0.185469054789,0.190222112876483,0.16641342206726,0.202116359754351,0.1349521070688,0.124405458632937,0.190665921242482,0.0965729674918225,0.114919492698514,0.126321431256353,0.19715656915092,0.197458112645581,0.113153404025072,0.142287574732321,0.176469460649248
"coruscans",0.155774790054102,0.154607707086166,0.0551219411708177,0.238882883515913,0.137171820410608,0.136381464942207,0.137757912473364,0.112271542607777,0.151761167380647,0.0952028032547363,0.133531010021698,0.11919066228592,0.111974716675051,0.196133068524937,0.160110233410132,0.126184989858001,0.106465446975161,0.103079406942402,0.0752147251024767,0.117163210491182,0.144257868360364,1,0.256376226929533,0.180504882007435,0.175996702322983,0.145999310226111,0.102791891792071,0.119816586630228,0.150654903215033,0.106711115867617,0.142395076551142,0.0830113221397149,0.191010997701797,0.125460563002158,0.10981580689418,0.0655738102839019,0.130525867249564,0.113428661321933,0.123244049395821,0.118718230261912,0.115912237614569,0.192815682438053,0.107010383237043,0.204788800537761,0.195831475656224,0.0734895485720019,0.0648829687563333,0.136491718537678,0.101210429969812,0.165809336128693,0.156060382910504,0.100418516620722,0.153359521350713,0.104308712549897,0.13918361593958,0.163789030013321,0.0794017833714671,0.168826039645233,0.100747376363374,0.153163312400975,0.165904341669727,0.202992107100315,0.0822212620394238,0.144506648277528,0.174069606484461,0.168508701055101,0.137961778196377,0.166879771157588,0.131119719041244,0.169674798528991,0.144552744103186,0.0607468156570993,0.186894319099902,0.153415017355006,0.167686881620231,0.0903593086668281,0.073750431201413,0.119226455506704,0.133531913889534,0.168616485909378,0.16190585886688,0.120656438969249,0.107929627040279,0.185374263214624,0.170039967912203,0.149011921966417,0.149276371662195,0.136092505810759,0.11439316011106,0.141784710023555,0.0756906093194392,0.124069336792331,0.103096456067914,0.151237457096756,0.156382146687125,0.0585079995091193,0.181625459836804,0.144209120527585
