"","acreana","acrocephala","acuminata","alata","alba","aria","auristellae","bourgonii","brachyrhachis.aff","brachystachys","brachystachys.aff","brevialata","brevipes","capitata12","capitata33","capitata35","cayennensis","chartacea","cinnamomea","cocleensis","cordatoalata","coruscans","cylindrica","edulis","fastuosa","flagelliformis","fosteriana","glomeriflora","goldmanii","gracilifolia","grandiflora","heterophylla","huberi","ingoides","jenmanii","kursarii","LA17","LA41","LA48","lateriflora","laurina","leiocalycina","leiocalycina.aff","lomatophylla","longiflora","longipedunculata","loubryana","M18","M25","M27b","M30","M71","marginata","melinonis","microcoma","multinervis","nobilis","nouragensis","obidensis","oerstediana","paraensis","pezizifera","pezizifera.aff","pitmanii","poeppigiana","punctata","retinocarpa","rubiginosa","ruiziana","sapindoides","sertulifera","setosa","spectabilis","splendens","stipularis","striata","suaveolens","subcapitata","T18","T21","T29","T50","T51","T82","T85","tenuistipula","thibaudiana","tomentosa","ulei","umbellifera","umbellifera.aff","umbratica","velutina","venusta","vera","virgultosa","vismiifolia","Zygia mediana"
"acreana",1,0.168420736241596,0.155634699457054,0.202214742159653,0.223880604554237,0.158492008145516,0.253378856685846,0.212891662587333,0.2048716884767,0.210790679691841,0.235552744064971,0.182941753954304,0.169351473992065,0.205421051461484,0.20392233599021,0.237134707211067,0.21632500119808,0.189906687597919,0.369357819765075,0.213129344993257,0.274013656882624,0.20100351085859,0.279606713567603,0.266758846321992,0.180157618062974,0.145405748891629,0.157978530136272,0.186822247409566,0.261350523910412,0.172277298759724,0.202981295265642,0.17571923097946,0.2160381095358,0.160484136741804,0.234272703286037,0.11879731909409,0.0729479683350816,0.0858922381515904,0.197398225932634,0.225903209479744,0.210661479448231,0.197233533301018,0.182877892378177,0.218416716166093,0.21150174258387,0.16889634186398,0.168097431399932,0.190995029130517,0.195074343225301,0.171164367847722,0.210546536581467,0.201509468028951,0.185586339793397,0.153210030359409,0.131028693082153,0.184927801549114,0.175731202028839,0.181750180913895,0.141538734903965,0.167334664023431,0.360852414865431,0.210538805196186,0.297699586369244,0.243465756334665,0.252354311819679,0.204475028391702,0.168501342061272,0.251793571557786,0.252858574186588,0.243897953268339,0.142147305929865,0.12883563451216,0.209899294492539,0.178052969590969,0.198302783789686,0.242205779432548,0.184080742791422,0.151009108696613,0.259070853844681,0.232654377885779,0.297246008055768,0.246137014332603,0.15853998982774,0.22174496170379,0.122110185205449,0.177837278830878,0.270662717607971,0.11091288484822,0.184093198352306,0.269037971657415,0.132665036058428,0.183899331367979,0.151132125982737,0.163415956185961,0.165188322600615,0.157712417765991,0.14719981161798,0.210002744901058
"acrocephala",0.168420736241596,1,0.134167570611652,0.209167715128557,0.144065016430512,0.118976494917547,0.220887917124007,0.196639232039246,0.19250799349753,0.0775564397270671,0.12241682396338,0.154312034054154,0.139359166373905,0.188220199303651,0.204405393143513,0.217185819031304,0.148060247579386,0.176794821182922,0.13031761225195,0.194639943731189,0.196199463831818,0.249884847145519,0.157876497283518,0.189977807358037,0.178644019450802,0.137916612574459,0.0895967400466676,0.256321395020752,0.149738907717876,0.158979097696771,0.199004532172966,0.151275216502925,0.172965626522867,0.115712369228436,0.111145482890401,0.121773119048782,0.0809735316680926,0.0619388810880074,0.178397675830516,0.240370647437892,0.180529811136985,0.165810261972423,0.151449354178588,0.207891200001532,0.169699026151814,0.175964122744978,0.101548344310606,0.208486235832108,0.149378475126989,0.221539463525367,0.15270635206417,0.187241123591219,0.211160317581838,0.210495324039357,0.149095242648827,0.172335190548144,0.146312813425844,0.236938396804334,0.147600815488081,0.237220186576086,0.133726843044775,0.237430584580059,0.171347640144767,0.208285112238383,0.162568563715676,0.268644714920836,0.166151982310622,0.185454480376478,0.189709492341542,0.146116938927756,0.12278115592899,0.120407204739938,0.173776123629213,0.150350030715341,0.158141028350185,0.198313796291132,0.160767221710014,0.0980296976905115,0.176472332463693,0.185516706428501,0.144796084456199,0.22744964481373,0.194745766560947,0.198086707146079,0.102022812201332,0.158067859586244,0.200140820002057,0.122036421794201,0.153597904117307,0.179338316873035,0.147588635909938,0.156154685789638,0.118521806415829,0.157990697093483,0.17795002315934,0.118321181949053,0.158278303987189,0.193544804066246
"acuminata",0.155634699457054,0.134167570611652,1,0.189070172445044,0.148507051168552,0.12244905236461,0.197926529044528,0.175706959463564,0.215642308201975,0.0756320898231586,0.108071442135404,0.182808393873652,0.17675096207325,0.245884951970226,0.215292912678576,0.155103624011817,0.148949223281757,0.164475105906076,0.108846607257816,0.18337281341065,0.190174926385211,0.213734485078951,0.192400980303881,0.19309767411742,0.199135968196948,0.124180222014853,0.0871076179890815,0.156068474849252,0.134014915467975,0.181059534639294,0.179625385891926,0.16592671775234,0.142584490039204,0.0974491156104677,0.0915442664166696,0.110878031383924,0.0966472440225691,0.0474787559784513,0.173051083156931,0.198375641765678,0.143156097087509,0.253733782553509,0.199540658136579,0.181869860454447,0.12856283819301,0.179626902089736,0.15379548682096,0.232015168223668,0.186499760947026,0.1291596825875,0.158331675099219,0.171297813900697,0.176901086374163,0.148056806938351,0.137374626603495,0.147257390429432,0.165763817325359,0.130219532838641,0.123725178288069,0.188954452446795,0.117754842417746,0.168899898935634,0.184590521567919,0.187807026476891,0.167768666811825,0.179324104436116,0.188707211979018,0.160530025917852,0.133388599752068,0.153924227762312,0.13149299887335,0.131144876698816,0.152588006575889,0.160232787832427,0.186396256461442,0.183022093297581,0.197833571442346,0.141994549190746,0.155646624895994,0.179625082271956,0.123711703292853,0.183055242546153,0.14795619911033,0.122941402402021,0.118001804007484,0.196672673618356,0.159750535731197,0.0981287584602936,0.125801229335782,0.149218771734325,0.146426555327097,0.133328123534314,0.12589428842661,0.152342787028923,0.131277419264787,0.110284356336307,0.157210159128663,0.152694829793224
"alata",0.202214742159653,0.209167715128557,0.189070172445044,1,0.198386456996498,0.152526928050204,0.292240896684077,0.249729704408214,0.267630008393136,0.104731850370989,0.181227952214202,0.210915596101475,0.220414052551732,0.225219302662205,0.316737478577211,0.280840440742432,0.22129834296422,0.221980771275519,0.160812105422618,0.243020150325333,0.307209293696584,0.234289932255537,0.231258171470237,0.283052747077527,0.206911942612493,0.160923670429061,0.128144274386401,0.193730584445057,0.20629190655587,0.202692798209892,0.213551463836906,0.197964686869449,0.229299685860216,0.160844764060394,0.174172569899682,0.218077111725087,0.144779181555542,0.121922049622271,0.197896544348225,0.223494292131974,0.19719178887548,0.298817547197571,0.197186833395795,0.254098448241212,0.221790560550468,0.223513101760535,0.149833310520496,0.212775415827157,0.20169854851886,0.23082293103818,0.200404214002802,0.188151527853147,0.311779733054376,0.237507446422259,0.181405968032802,0.193493099778184,0.286474590565361,0.173631967576889,0.155579815550837,0.232880320833479,0.209593310612086,0.311417559102483,0.226451679609075,0.255708638732916,0.241812379693088,0.312027900828656,0.229520024758953,0.262808075236391,0.187232198812603,0.204566860611064,0.168324503735389,0.221383275028151,0.244777598826425,0.201371411824152,0.214172701662577,0.233956019895993,0.214908195610334,0.175725140816415,0.241956105498913,0.273587129309994,0.184042734542756,0.250774669125051,0.227035223236417,0.2331208770987,0.122629915914331,0.205603637582361,0.2409218796225,0.147336219584805,0.198163238411553,0.217948181007946,0.194681888369675,0.169879817413639,0.163404484329212,0.196687998122676,0.170236281643656,0.151566379949104,0.23375893415592,0.272906994940292
"alba",0.223880604554237,0.144065016430512,0.148507051168552,0.198386456996498,1,0.322495206719014,0.198823937663509,0.200066911069241,0.184980155282875,0.19773854862676,0.271939502787669,0.278275778647356,0.252125322920253,0.180610603382733,0.218114443032455,0.161659896232754,0.202516618616734,0.211493125343799,0.163709876264164,0.192733655427991,0.223523907331877,0.181716620833875,0.189011439688056,0.286775734451689,0.170486459639535,0.248188161315916,0.103510683970427,0.156536874583247,0.166266468161343,0.163038890487091,0.174372378916312,0.274669073924194,0.239115624762225,0.127553299686939,0.225281784127343,0.119422407772876,0.0808496450655722,0.059179788613174,0.181806645895981,0.176082638344587,0.303331446612673,0.181856276814934,0.182246300188653,0.188353637142504,0.18624952857621,0.162174837932175,0.263878137297609,0.186681223525191,0.298825931077499,0.281903451175443,0.216916067464872,0.179794046694199,0.170826547778387,0.143671362637411,0.129737888480448,0.15522561257369,0.164392588071402,0.140883611805302,0.253408945876343,0.158190303966626,0.147909963203472,0.234024223014107,0.21757058770363,0.181988828011662,0.18341230850462,0.173346369285538,0.184994940243771,0.251247976837833,0.209807452771318,0.323589853808482,0.243466498591458,0.117640329231259,0.152106873863589,0.17819819985482,0.180974651259558,0.187993542241487,0.161679188411409,0.169877168221778,0.183983686796401,0.196605509436933,0.167371204643876,0.217396538090056,0.179227900268436,0.147416834597397,0.183384069294312,0.16184769673717,0.176569105928918,0.112430167250351,0.126317789674041,0.392125455968552,0.112894941579389,0.225387621168179,0.14237611004754,0.148175276507657,0.150362088703034,0.269758012816408,0.184782809005274,0.196274425385118
"aria",0.158492008145516,0.118976494917547,0.12244905236461,0.152526928050204,0.322495206719014,1,0.203078915122846,0.203076734652874,0.192191099320286,0.0651276622193107,0.12153720765754,0.167905974024174,0.172959309673008,0.172885995021958,0.185293278072638,0.163619870254248,0.194552862853122,0.197140129711613,0.126152457195501,0.18258172762698,0.194314104452677,0.186525409145851,0.155562908059206,0.276973581052235,0.166464764663653,0.100553746282882,0.0956512982185827,0.175841044413112,0.130505440011937,0.193995074390249,0.168329587829383,0.114485580404549,0.239749323241872,0.108904650430003,0.0906016605371369,0.124628396212966,0.058171791181457,0.0620798237148561,0.164074194364262,0.18342564306832,0.123174110269556,0.163040432076793,0.1633073948253,0.194557098655078,0.129645511245403,0.135528235209301,0.11446124652013,0.168790003159703,0.186240889827698,0.199511222342658,0.202382593736637,0.230905489787435,0.148231313432679,0.158799877298773,0.158412644072203,0.146010436327945,0.144017199714231,0.104707345410538,0.131295929678855,0.155286839718567,0.111335546752234,0.172252873591624,0.178313218206838,0.150539808984022,0.171527338744217,0.152872507267222,0.174081112909252,0.251589606586244,0.155376693462689,0.27319397503538,0.147170662508357,0.097046976015758,0.130303504111719,0.20491971573753,0.155440558606725,0.171916807457639,0.159524587334474,0.163290737627,0.161279803519595,0.183187169212929,0.113911080587078,0.167303709013891,0.155871963686332,0.15693373301153,0.236814058253469,0.183964401952263,0.165893910816116,0.108257780689567,0.128274891255289,0.264360174073936,0.109739335989327,0.0978030428661971,0.161372359100375,0.122647383948897,0.134123695011353,0.156566436794346,0.187968129376794,0.157076840969163
"auristellae",0.253378856685846,0.220887917124007,0.197926529044528,0.292240896684077,0.198823937663509,0.203078915122846,1,0.284952087678674,0.461947796838288,0.0935152135817555,0.241676455315755,0.301639704543914,0.344310878108443,0.362911776520286,0.316318619126277,0.330364511674041,0.194913615882223,0.307824076890169,0.178068188020253,0.236524321141951,0.380232221719673,0.268328520101654,0.218958476897414,0.319665311317545,0.228789103785068,0.14086491399911,0.162837875736651,0.243052323008351,0.259618626598663,0.373802080950834,0.275850964557409,0.220615261542503,0.263713790348215,0.153488812723226,0.179950013262508,0.142217351772211,0.101214254678668,0.0760409089885341,0.258090629702322,0.352447093344547,0.198221608801985,0.272804397653994,0.206675120783296,0.324977987759908,0.276585087654033,0.314531227687054,0.17529321080397,0.335938471782843,0.250347058355228,0.26240975680073,0.276486729400367,0.377505318099712,0.244232642036964,0.373428390581917,0.246928874759924,0.225473706410895,0.225561026332686,0.146938380449158,0.173239770046564,0.359130833889942,0.209253357938535,0.331890377155697,0.268630043292359,0.293397283133982,0.401500258844392,0.33623553200893,0.228225450821945,0.245718737441971,0.189348402079884,0.24372870084977,0.189677780417963,0.183779573359561,0.285473926785249,0.342024746770218,0.245548059706622,0.268589983619861,0.310945517501604,0.14882339334133,0.295032479561528,0.30573125196659,0.184021154938658,0.301806099887703,0.22302590311859,0.355026061570773,0.163511289714794,0.274248949533518,0.295759474855918,0.143484572142749,0.267821299731247,0.242233920256449,0.212627085319772,0.150677695103852,0.179824548691352,0.178538876905189,0.185696268866082,0.220404262323433,0.249644532365275,0.233892572684505
"bourgonii",0.212891662587333,0.196639232039246,0.175706959463564,0.249729704408214,0.200066911069241,0.203076734652874,0.284952087678674,1,0.232289497744459,0.0998331715381103,0.201159806123361,0.248895301919699,0.212577219622597,0.290398001894023,0.250897485602306,0.257643790195009,0.189319516388046,0.243620264677461,0.155122524568163,0.233745328499421,0.305424250687797,0.239768414492684,0.19891354960998,0.284370566846041,0.226479639616737,0.148184712626621,0.135326837411589,0.228204624397503,0.19834565160293,0.206120587285531,0.234161160628965,0.229379150621955,0.243111802601573,0.186062150589396,0.135964829855603,0.145009374223608,0.073030115167744,0.0706334385890237,0.207959679536865,0.261756986355906,0.159232782322911,0.219124286433329,0.205300939116364,0.251504475822888,0.200304315737991,0.223152449685027,0.145677745279159,0.295174430795298,0.209782138200815,0.271264774958016,0.23290932619639,0.232846846576295,0.20332295223039,0.22859351957574,0.220256096545183,0.196159484491105,0.193849994267742,0.147440288179019,0.197910026274142,0.204384613185578,0.185856756509514,0.337210652357082,0.26886859712878,0.282781063631917,0.21945202459702,0.291049435977739,0.225864719955551,0.262446263107498,0.199066118744063,0.227638177392248,0.19536133105678,0.126899769050602,0.296863896373718,0.267852500052634,0.194557287778963,0.223528101468781,0.268552451172023,0.157332530058075,0.262582900211661,0.29748580488061,0.208938526904118,0.233692420391404,0.239561451427949,0.235457321506817,0.155647194414542,0.202101351761154,0.229067097940031,0.128939352842055,0.17515523286571,0.295877916990552,0.196307941260516,0.139783013781649,0.211338609158552,0.187965140975837,0.19056352453574,0.227729385334721,0.225743518700653,0.214567061874151
"brachyrhachis.aff",0.2048716884767,0.19250799349753,0.215642308201975,0.267630008393136,0.184980155282875,0.192191099320286,0.461947796838288,0.232289497744459,1,0.0793344251036077,0.21883947886723,0.327258025282451,0.41409271487559,0.343099216922739,0.29448010947319,0.294597797655978,0.186292425412063,0.263321056226889,0.132055468281005,0.217663354596808,0.349622981483175,0.269135702268299,0.183668307378981,0.265557775369165,0.213594967285068,0.131609076103717,0.146891804348055,0.23033068922007,0.247656391289768,0.440959004419109,0.231548469482482,0.179038633108972,0.212490790766561,0.164440355553544,0.140226486379741,0.157165322040486,0.0795630828948805,0.0589413128780876,0.252761639688501,0.340467539331059,0.170495245222319,0.284685934609399,0.20697842044077,0.267956540415104,0.244147900273902,0.305698469266033,0.195515453119981,0.342015884575577,0.271326390139723,0.225103179418593,0.253311237967352,0.368029930931968,0.220265719457038,0.427176624275696,0.226156680493176,0.202611179873795,0.210755573832638,0.127187899546201,0.151077838402701,0.304695966841104,0.173637706928038,0.294713501326986,0.232707044083382,0.233568365609918,0.382173347453908,0.295172219998672,0.186380892027868,0.216377187816599,0.161288548834141,0.226581584604506,0.170260488153392,0.141904961517062,0.226515983442712,0.316165989274695,0.238579560012998,0.22449484385197,0.283950662013236,0.146377575969463,0.242806546913203,0.270269811192118,0.13926095219565,0.262041073545262,0.178240230413476,0.380178408709994,0.160991474384798,0.293206296586391,0.216316881453803,0.132246126172202,0.252945301675692,0.20153918793022,0.204914442864908,0.120223229875991,0.192479027125375,0.175832036639751,0.163746572079355,0.177545288749367,0.227727876870283,0.197890378899005
"brachystachys",0.210790679691841,0.0775564397270671,0.0756320898231586,0.104731850370989,0.19773854862676,0.0651276622193107,0.0935152135817555,0.0998331715381103,0.0793344251036077,1,0.360684281072909,0.243233535577824,0.162396744761848,0.0883610112580216,0.0756143834311594,0.190478000733445,0.0997457608919434,0.0908659753042664,0.215165882510723,0.112162346833118,0.13802003973807,0.0665489051417864,0.160453796355287,0.121479617297437,0.0877266576271507,0.231385610652002,0.115380685554112,0.0847023783325124,0.175292585637863,0.0673127573649611,0.0851217224663732,0.315993104184767,0.115739926078339,0.140987016165793,0.382992722917706,0.0738880361462834,0.0414495709107988,0.0413315302376707,0.112261364652845,0.116396568641365,0.301994347907776,0.080622432131072,0.0647725636456978,0.0913652542174057,0.0995498468389468,0.0982679025069582,0.309393733527929,0.0925411009980234,0.231249369011035,0.217348720427647,0.111506445078196,0.0828208816712831,0.0805880468846329,0.0614134672890732,0.0560400185705782,0.0891534743838144,0.0920552402669597,0.110781907892053,0.190836850085749,0.064749448856673,0.284881467320327,0.0930832154778426,0.191564813732986,0.126081329251238,0.116579240442243,0.0896932249009943,0.0994315355995687,0.178425934036325,0.12878069380525,0.128940558456545,0.260270354478562,0.0798698489701099,0.121668345890666,0.100063993331384,0.0921979486746876,0.125931983444009,0.0757273418208401,0.0786626850695869,0.134757410447336,0.177493502349929,0.220583029937734,0.131773371483298,0.0868141152988114,0.115265742660391,0.0535965056319105,0.0575970567084936,0.0965211027734832,0.0645403680727225,0.168879940875465,0.223903673471071,0.0726719041412726,0.301192136475817,0.110669509648359,0.104893403833618,0.0874838535738926,0.30040218286714,0.0628340149043324,0.116411922654023
"brachystachys.aff",0.235552744064971,0.12241682396338,0.108071442135404,0.181227952214202,0.271939502787669,0.12153720765754,0.241676455315755,0.201159806123361,0.21883947886723,0.360684281072909,1,0.34892656791463,0.303493626966529,0.19410734253006,0.157892856119093,0.242593803476823,0.148559254853665,0.144140693602281,0.203213188517269,0.166831977153184,0.284378091479961,0.151192255340014,0.187372455609138,0.235954830041662,0.131703668554139,0.25486650182807,0.203469605385727,0.14808831376412,0.299788413199678,0.202571624558671,0.140662530990347,0.415220721090881,0.182676719239556,0.185809491911588,0.424328001557892,0.0839999440901154,0.0707923201922079,0.0482727811840354,0.156314335947285,0.283323978733671,0.35742211943407,0.14635292545078,0.131302147451343,0.163957385883931,0.250297065523583,0.207186065680916,0.360633115200648,0.171189854641563,0.327559988806592,0.302466226132223,0.164737376307705,0.175088116376322,0.144807280650116,0.189888510274448,0.14523244344855,0.125384166644923,0.161804927784283,0.145132384025111,0.215376038016776,0.169430596506189,0.284464945374892,0.235620966644108,0.240471365279033,0.174162106812706,0.241649188449945,0.19778590170324,0.15040953182748,0.194018685182437,0.200495623009734,0.186590381480718,0.290456663490304,0.102299535382699,0.1916163632096,0.19679066128394,0.153991713120347,0.173331897786176,0.211944077665313,0.125726174717304,0.259534952161774,0.253668369152126,0.251996613109657,0.207163802617838,0.129598958338249,0.239791114334571,0.09924525853194,0.145500979990242,0.14568763306728,0.10015285058765,0.230640766556082,0.287882628929704,0.124918588081289,0.298907620611587,0.109678042592405,0.166556488678846,0.10825358961714,0.371731411005522,0.12320060594433,0.142330572633188
"brevialata",0.182941753954304,0.154312034054154,0.182808393873652,0.210915596101475,0.278275778647356,0.167905974024174,0.301639704543914,0.248895301919699,0.327258025282451,0.243233535577824,0.34892656791463,1,0.446080227979629,0.30088869551853,0.266899383637839,0.262418179169539,0.166744386945472,0.179618328557395,0.132831730156951,0.186255367804281,0.322013622779901,0.233860191955547,0.171565538254539,0.248384811838607,0.206284793552818,0.267703321891928,0.151570594815486,0.195406463388805,0.204139403022322,0.342731070285381,0.231880460311171,0.32087131828992,0.187838366462954,0.211851292094354,0.270643249167686,0.121246116893225,0.0849213453141883,0.0591592792021732,0.193473048508342,0.341993109573169,0.308136758646844,0.290659475114558,0.217431514028111,0.199435373848941,0.222554176914387,0.2641344470124,0.351283097565397,0.267180503267159,0.424514546207354,0.329795942948286,0.211964975087597,0.252504302201261,0.207639758867159,0.257203817362868,0.184235159028704,0.18511436835017,0.179474700312385,0.124624740633035,0.290586366139797,0.266236118035346,0.13653835441217,0.264334191632138,0.255952555894743,0.22354611491527,0.271529854195019,0.266935831009144,0.181082600528717,0.190887030786816,0.147933490760717,0.182414804990572,0.338408713467765,0.122068494837599,0.220596525204571,0.235484036733683,0.27586904966619,0.210314298388874,0.306389639191567,0.132491824649907,0.250359524983257,0.263214622837767,0.135611570692196,0.255697472060229,0.189361982891339,0.248075001911839,0.1215766752674,0.250026424277697,0.197885821550009,0.109847335486319,0.25630667135773,0.300334431129095,0.200396807334447,0.258339212834247,0.192031272762472,0.155922714944211,0.168334897901037,0.31295208343546,0.180533811813727,0.19145972949744
"brevipes",0.169351473992065,0.139359166373905,0.17675096207325,0.220414052551732,0.252125322920253,0.172959309673008,0.344310878108443,0.212577219622597,0.41409271487559,0.162396744761848,0.303493626966529,0.446080227979629,1,0.285794416711531,0.255628471712281,0.26638535577675,0.165949029313079,0.176470309989398,0.122351002241229,0.177495375603429,0.331398103569453,0.234008574811464,0.169313451821546,0.233352800857825,0.172736599266763,0.197715604700211,0.157927959037447,0.186596081243588,0.20458127545143,0.481158931624537,0.186691042482194,0.252741287029356,0.17026234163693,0.130618066092965,0.219655326991243,0.117828575013558,0.0635220031778767,0.0469420587496047,0.173952365802102,0.349533795031282,0.310655113417313,0.256646823172401,0.183203877161255,0.195228334735875,0.222293390489056,0.276891099421215,0.297872612230117,0.268968130075168,0.393533873884291,0.284540722700777,0.184843770483742,0.316977901398306,0.188718473215536,0.339550698042191,0.219979124662513,0.193624641020874,0.180186554014484,0.106119941941918,0.228535785079135,0.375140211635898,0.139957948560937,0.264421317029396,0.232450400344539,0.2007780677714,0.351403036347006,0.248962307900093,0.154791796844753,0.165522838233649,0.136244246503256,0.174326276380168,0.246553934076558,0.119052085391555,0.176556359976758,0.310973891222782,0.276999027234804,0.210698829380963,0.313291756747269,0.11873519696832,0.232866449716102,0.249413893908826,0.139279735935476,0.263616327013518,0.158882992508694,0.331871673618146,0.121536707130051,0.245795060670935,0.203241480641513,0.0932159571100247,0.24440496955273,0.26567597160179,0.181698029307799,0.194842865928994,0.153237444675184,0.143159236360846,0.132956723149247,0.259429326359247,0.16145146377576,0.166977082000527
"capitata12",0.205421051461484,0.188220199303651,0.245884951970226,0.225219302662205,0.180610603382733,0.172885995021958,0.362911776520286,0.290398001894023,0.343099216922739,0.0883610112580216,0.19410734253006,0.30088869551853,0.285794416711531,1,0.282981611488699,0.280000941139847,0.173379259442844,0.27359725198942,0.147308283780337,0.200175020621546,0.332753198819093,0.257388823557373,0.188939588348195,0.285908415604958,0.202367918048094,0.129303474523153,0.144383567141802,0.246445454408629,0.188234748097068,0.297031215400792,0.239659691693641,0.215574459686674,0.263079804779731,0.272178659000992,0.125001446418041,0.137649834503096,0.109412384362267,0.0532142259722086,0.220288717166159,0.302607148064651,0.164620894407859,0.302240669167153,0.231587494225394,0.224495393727647,0.191741889912608,0.23246169291218,0.168174726816398,0.348620318052905,0.261545688959105,0.241946940701762,0.298643993730733,0.287953939649706,0.231319733656621,0.251857851743309,0.197443178152341,0.351667677878906,0.182882343959029,0.13133355971126,0.182613413294632,0.269238163012068,0.180960990387187,0.283984333875636,0.252916446761384,0.24778314519388,0.267036231166984,0.323682673631903,0.185685433725905,0.236988146841306,0.162066372777808,0.196299989237588,0.322861265048875,0.145823117335691,0.241747518989698,0.292873175052902,0.235105715249231,0.229668283450063,0.302546783160102,0.133664060812759,0.264087798673088,0.279670181942276,0.134045644116162,0.233310272075554,0.17381615618682,0.247997612604131,0.134820830856011,0.25782914348531,0.231996102350091,0.104456491857474,0.200584515711552,0.235377695838892,0.201670027852487,0.151738091326858,0.145269563725571,0.164690617934331,0.16999012245029,0.215299657583212,0.240261899750947,0.202455861225436
"capitata33",0.20392233599021,0.204405393143513,0.215292912678576,0.316737478577211,0.218114443032455,0.185293278072638,0.316318619126277,0.250897485602306,0.29448010947319,0.0756143834311594,0.157892856119093,0.266899383637839,0.255628471712281,0.282981611488699,1,0.263237606434051,0.200573496383457,0.2665819314088,0.147588738225011,0.227191127941405,0.296554242710578,0.283856875778572,0.185431904419428,0.243485905824936,0.213472032112018,0.131701495514702,0.12750635780886,0.225900339113481,0.19020246542313,0.270399859054949,0.259653724260573,0.177628149904475,0.249049599375396,0.144449622411796,0.125424248328312,0.150150783156201,0.175765194918921,0.127323829577459,0.199844560579155,0.300190314024044,0.171966066579449,0.283431601006607,0.251870825334159,0.228951696220757,0.192288423022316,0.245345855369358,0.161087536294243,0.265761040643279,0.276601174298105,0.210598955667476,0.250311934491136,0.278265924216215,0.233626430663152,0.2877531052999,0.247375914831494,0.210681026804408,0.191367817946801,0.139709820666515,0.176032560659922,0.306378602580741,0.151088669933458,0.287078863532247,0.231509542411662,0.246472024598735,0.341255553895096,0.264399070099681,0.192463150608887,0.210058757811937,0.170348851721088,0.207426131091972,0.182031096116585,0.268008039932334,0.186651328579303,0.233138213942886,0.202892251821314,0.246582905273518,0.261398560207974,0.143408626498534,0.232461529085144,0.23573355672645,0.162663926726774,0.249607373548982,0.197902222231558,0.231263508102963,0.162565971718252,0.273599258347978,0.236289448613246,0.139693872106883,0.198998656188386,0.203821540340159,0.22269242040284,0.118343772380588,0.168511573892204,0.171165258074348,0.168306502173369,0.147324338563533,0.2331233045438,0.205428224967861
"capitata35",0.237134707211067,0.217185819031304,0.155103624011817,0.280840440742432,0.161659896232754,0.163619870254248,0.330364511674041,0.257643790195009,0.294597797655978,0.190478000733445,0.242593803476823,0.262418179169539,0.26638535577675,0.280000941139847,0.263237606434051,1,0.186177410724823,0.186050192397427,0.182522112960125,0.220921041718311,0.374439523593599,0.227549503861899,0.205213467076781,0.256290972648063,0.212568458581043,0.146797544701036,0.142025114434838,0.1931937461536,0.240922328517928,0.284713208030105,0.208702622605054,0.215763496819653,0.200896402729922,0.183851269672852,0.194171952399316,0.147441824961814,0.0727221289547135,0.0622900953514318,0.240820934918543,0.306142001391789,0.174963093115579,0.223889262350669,0.185173332902736,0.216349218833916,0.250839608386005,0.298223758605186,0.123151848987367,0.233945613988426,0.269408257356469,0.212292244298109,0.211976496706786,0.227447147016447,0.225232906198293,0.249374870133472,0.16999505400399,0.174183885222678,0.206243755840859,0.144469878175025,0.141020086166077,0.275972568340348,0.247656793359932,0.333677767416415,0.27141424997733,0.260532675883909,0.307496202563187,0.296007950806731,0.226728564655981,0.249000998293587,0.219219179344599,0.174280275078928,0.15225834731857,0.150279453521339,0.217422265890802,0.242001796639861,0.177267599974092,0.244200989466666,0.267421794876692,0.137771053431101,0.249650255397182,0.347314030008563,0.208343041827227,0.251488617654811,0.196264856200284,0.27724142560831,0.130545739446933,0.221055332204978,0.218718630195603,0.178730808772031,0.351640543976785,0.231116413292424,0.208327419194806,0.193090043130039,0.161749935317519,0.196472642585964,0.173900395212245,0.188416702890596,0.192823734076662,0.260071099887895
"cayennensis",0.21632500119808,0.148060247579386,0.148949223281757,0.22129834296422,0.202516618616734,0.194552862853122,0.194913615882223,0.189319516388046,0.186292425412063,0.0997457608919434,0.148559254853665,0.166744386945472,0.165949029313079,0.173379259442844,0.200573496383457,0.186177410724823,1,0.231888753957921,0.135697429762762,0.199656493222706,0.220715113482666,0.250430379897361,0.177097162041905,0.217465675495493,0.199750240709172,0.145713781613783,0.0912346152400051,0.189776530116093,0.155970179979745,0.177782103520744,0.18432454055149,0.13870236074208,0.253583161672241,0.197812020783485,0.128365625440368,0.145743945086084,0.0849637099268245,0.0755945607100533,0.211916616795581,0.209726411442629,0.145772397625363,0.174612841983244,0.21489934419971,0.194819677957446,0.124842563424145,0.157960977416241,0.103591926755372,0.191564750560195,0.171688827915161,0.192891418677915,0.252294678268692,0.206491634835136,0.158913098526272,0.149706534797269,0.159766652408711,0.17331065562764,0.161188045238583,0.152138545128999,0.152215895911157,0.161742813154763,0.149679140619431,0.209790880344627,0.187418961656142,0.200204940297836,0.191296404237708,0.177954777775056,0.245601727763559,0.253046913941127,0.171657816646949,0.21231907573219,0.13736635183527,0.138944441158044,0.206883806758541,0.174178996301027,0.169459852696279,0.20837995343212,0.165360601260701,0.216969491643951,0.154670113380008,0.18571221808764,0.155055446303596,0.220989895903999,0.200188868341945,0.154975557701493,0.206248104581488,0.171039449413021,0.200613741168253,0.140950832345857,0.162363394289698,0.185723099676992,0.121421255404511,0.138593386479691,0.163749332885846,0.18615042071483,0.230706142707352,0.150046426596032,0.22070735304626,0.210252032516056
"chartacea",0.189906687597919,0.176794821182922,0.164475105906076,0.221980771275519,0.211493125343799,0.197140129711613,0.307824076890169,0.243620264677461,0.263321056226889,0.0908659753042664,0.144140693602281,0.179618328557395,0.176470309989398,0.27359725198942,0.2665819314088,0.186050192397427,0.231888753957921,1,0.175920831110355,0.242333084022545,0.226984659397062,0.205177882152752,0.174283543498466,0.206162935860191,0.195448974714984,0.137419355378056,0.108120654582739,0.257839738942137,0.167837968650005,0.187875928768191,0.194430854882795,0.155806094537744,0.265439346787597,0.15437957260133,0.137572714330101,0.147415262653824,0.0931935736519654,0.0604864055209378,0.271818607068428,0.213498255329841,0.170290134181306,0.186506393702538,0.196250740654914,0.307759451339909,0.17938856488229,0.171082425986575,0.126329705373524,0.196614512615871,0.16438946318346,0.226502850733531,0.325012827167417,0.307107366450392,0.186441652201718,0.187851211138353,0.20406894815649,0.193969470642993,0.150356521648644,0.13322832790284,0.19695341358092,0.236828991837575,0.140660383424504,0.224777272389256,0.18988682856959,0.187699756529293,0.20955695408131,0.231366505170141,0.212773600771711,0.229376090556293,0.185899849188604,0.273997134701037,0.159789946361787,0.143975666149259,0.202166212352832,0.2748135776435,0.195156716410719,0.221863206044785,0.164366925661277,0.157913254132663,0.235527151319637,0.191893574510288,0.146155630707836,0.2481831058357,0.208435806305924,0.169514580438507,0.200493209260838,0.169875228224302,0.225063198281909,0.148572755372963,0.13592683602352,0.220826328582132,0.136135493944967,0.130229296463471,0.161838579084317,0.183127160966659,0.164488385401495,0.202591015999326,0.213027025087112,0.20246035480759
"cinnamomea",0.369357819765075,0.13031761225195,0.108846607257816,0.160812105422618,0.163709876264164,0.126152457195501,0.178068188020253,0.155122524568163,0.132055468281005,0.215165882510723,0.203213188517269,0.132831730156951,0.122351002241229,0.147308283780337,0.147588738225011,0.182522112960125,0.135697429762762,0.175920831110355,1,0.170436251493805,0.193919463671099,0.154852622979561,0.203119733478294,0.167232585813616,0.143200650270027,0.110586792628915,0.141226852362364,0.148734156104755,0.233793845076669,0.118099534499893,0.148405085978518,0.142946825905064,0.185077781867123,0.126644127709305,0.21922899175448,0.0829448353086776,0.0677074268040626,0.0558267305698589,0.153775014870022,0.18796323333875,0.136684834349373,0.124655599494399,0.103235190721942,0.248427169750071,0.15051874724656,0.125778551182145,0.0950864460985549,0.131295060470258,0.137658728074739,0.119255881778024,0.160459689972363,0.149090310482619,0.144450339633718,0.129354260727467,0.127602155168843,0.12056468726208,0.126325457965718,0.191034546696074,0.200019485950614,0.201063484293155,0.31796562719624,0.155584536642219,0.279996102540242,0.175119785305676,0.161812975339817,0.150821015723169,0.144339198210308,0.191609062362951,0.205471044836997,0.170252774536845,0.102183983765093,0.0852319462081644,0.140079195223535,0.170204953216205,0.121095195893027,0.19576316732277,0.12586381716753,0.103686840788426,0.198716513390289,0.199085079039885,0.290133874779217,0.176787613196498,0.196959639732691,0.153717688746577,0.084768340820504,0.115947335823638,0.134913497962313,0.122744589333999,0.163219019834359,0.158803324193513,0.113058277326211,0.149156535100762,0.0849928707647255,0.122033681035425,0.120687893306589,0.118754873593766,0.0992525942978248,0.133923391338695
"cocleensis",0.213129344993257,0.194639943731189,0.18337281341065,0.243020150325333,0.192733655427991,0.18258172762698,0.236524321141951,0.233745328499421,0.217663354596808,0.112162346833118,0.166831977153184,0.186255367804281,0.177495375603429,0.200175020621546,0.227191127941405,0.220921041718311,0.199656493222706,0.242333084022545,0.170436251493805,1,0.257612605961071,0.22228447410894,0.227790200484006,0.252684884093863,0.193280028427987,0.158883275218539,0.124049928638785,0.219960414398911,0.248225572730366,0.234540566944829,0.204273801335833,0.170545636946323,0.219554351319865,0.152735552089747,0.16569782625062,0.185903897979178,0.0867360356629854,0.0895000101232565,0.199453382108389,0.229881218583289,0.17893941759895,0.195833872223176,0.187505185833643,0.243155125505396,0.206522398789733,0.180772240529677,0.132179010312847,0.204184060696673,0.197106382381634,0.195719152637332,0.197126344118457,0.196214300892109,0.218541606214256,0.189776461825995,0.182044418966941,0.188775850876238,0.178652849247607,0.177056583931292,0.165642526077179,0.196398245049421,0.150169877246454,0.229834985544267,0.217431269499306,0.231873840749081,0.205671021602305,0.244186371948015,0.199022966036071,0.23401841246882,0.189065642728658,0.218877348192418,0.169038175419239,0.135047152977012,0.228390139304855,0.244677694359636,0.224284768279402,0.203529783433947,0.187713704464605,0.173465964144987,0.280036532118703,0.241347934119429,0.190437663654962,0.230185452107164,0.203908605842386,0.18941541586711,0.136439551591583,0.177962377591438,0.209305672498981,0.117958393193034,0.175701708428224,0.203499858496613,0.154906035964113,0.163885376309852,0.2110175334874,0.239664336783463,0.183826803794817,0.167122421428498,0.157840266503386,0.212531608093249
"cordatoalata",0.274013656882624,0.196199463831818,0.190174926385211,0.307209293696584,0.223523907331877,0.194314104452677,0.380232221719673,0.305424250687797,0.349622981483175,0.13802003973807,0.284378091479961,0.322013622779901,0.331398103569453,0.332753198819093,0.296554242710578,0.374439523593599,0.220715113482666,0.226984659397062,0.193919463671099,0.257612605961071,1,0.267381795520116,0.298830352996704,0.308549785145039,0.236118670560546,0.14834933886197,0.174308188119667,0.215859469154555,0.295331543195129,0.337879783835908,0.241027895735372,0.254927335997941,0.271446157523598,0.210363790991947,0.224796113157672,0.149777514864459,0.111876187441571,0.0845005556863053,0.216472669491454,0.32922903947161,0.219088313040934,0.247494676452839,0.209369615762661,0.280220608037757,0.309190268958166,0.308938266106624,0.188505769750377,0.277160992223548,0.274833524377848,0.245888860244918,0.27273300131099,0.292693574968247,0.232080516309691,0.304097422268241,0.187010552980276,0.230099742595341,0.240019256408561,0.177626473442749,0.173361358638342,0.263514851305994,0.299560432417091,0.389033326410503,0.332403207592784,0.28425525903244,0.372622971939229,0.320254380088714,0.242213483565671,0.251366364063224,0.21738462786496,0.24225922015936,0.201575098581762,0.167181910530502,0.263117596447267,0.288003199105783,0.237365270355455,0.257607078069169,0.337389517522358,0.184150902210364,0.342149812946564,0.374860245653262,0.265011460103617,0.284958600791462,0.215886473595241,0.414090413799345,0.144442837651145,0.243137370441336,0.252903840821177,0.134277322888723,0.309777065242625,0.234663786409627,0.204293851116942,0.213363031273819,0.207891938770317,0.201779573365473,0.18498084850736,0.22272432784373,0.205955427504238,0.272256020133648
"coruscans",0.20100351085859,0.249884847145519,0.213734485078951,0.234289932255537,0.181716620833875,0.186525409145851,0.268328520101654,0.239768414492684,0.269135702268299,0.0665489051417864,0.151192255340014,0.233860191955547,0.234008574811464,0.257388823557373,0.283856875778572,0.227549503861899,0.250430379897361,0.205177882152752,0.154852622979561,0.22228447410894,0.267381795520116,1,0.196510662652885,0.22718277170162,0.226727142303141,0.13290853962253,0.131184838764883,0.356619725886262,0.159293990989167,0.280123482688466,0.244222173387413,0.152852915574291,0.191338690256851,0.124751613303643,0.114271346834565,0.172577389234828,0.129597598949698,0.0530287642872815,0.182685562457524,0.349888518511037,0.178929998983963,0.267039094304245,0.240179915226232,0.249909436161907,0.172809725389645,0.205306446243149,0.13465290325901,0.28697811954355,0.21100490102122,0.261649284786403,0.244439404890699,0.27239073819491,0.20186742716741,0.229098767972719,0.207268796457425,0.188229189577041,0.185299005579321,0.132563503860458,0.162505472509452,0.282804803816411,0.143946276917871,0.261750542264226,0.211716202050615,0.225146899380987,0.220290370774196,0.259240438729121,0.207389476179124,0.189515336739578,0.165329874243788,0.185027680517224,0.146663648278158,0.130583673181652,0.203883837929083,0.20828825392215,0.179285066004629,0.219109730632406,0.221418852458966,0.166570192046766,0.184506648027059,0.219266420641404,0.148449623958041,0.272363490458197,0.177786897939525,0.189036598425933,0.182578197542069,0.258274663935435,0.258234298994695,0.13636165914347,0.17571916258222,0.199388219417184,0.217515303964364,0.127377523611223,0.17222105053906,0.162807353084982,0.152462118869709,0.154216689681576,0.221740784837526,0.17019972185899
