"","acreana","acrocephala","acuminata","alata","alba","aria","auristellae","bourgonii","brachyrhachis.aff","brachystachys","brachystachys.aff","brevialata","brevipes","capitata12","capitata33","capitata35","cayennensis","chartacea","cinnamomea","cocleensis","cordatoalata","coruscans","cylindrica","edulis","fastuosa","flagelliformis","fosteriana","glomeriflora","goldmanii","gracilifolia","grandiflora","heterophylla","huberi","ingoides","jenmanii","kursarii","LA17","LA41","LA48","lateriflora","laurina","leiocalycina","leiocalycina.aff","lomatophylla","longiflora","longipedunculata","loubryana","M18","M25","M27","M30","M71","marginata","melinonis","microcoma","multinervis","nobilis","nouragensis","obidensis","oerstediana","paraensis","pezizifera","pezizifera.aff","pitmanii","poeppigiana","punctata","retinocarpa","rubiginosa","ruiziana","sapindoides","sertulifera","setosa","spectabilis","splendens","stipularis","striata","suaveolens","subcapitata","T18","T21","T29","T50","T51","T82","T85","tenuistipula","thibaudiana","tomentosa","ulei","umbellifera","umbellifera.aff","umbratica","velutina","venusta","vera","virgultosa","vismiifolia","Zygia.mediana"
"acreana",1,0.277983619841077,0.0970788443647073,0.20387421114618,0.19850568883618,0.124606221444323,0.392254122872491,0.114257320006123,0.198545972752452,0.250085783387921,0.119298854587552,0.203491492019578,0.204945881162716,0.162372993460109,0.278341615660676,0.194530160071211,0.210236449970534,0.157477520969179,0.183022521025006,0.138158657604259,0.177694175604006,0.280629157354519,0.26075114337791,0.271589042054107,0.126420427424626,0.148070480010426,0.191352544828225,0.165561380921136,0.1210780962787,0.210433099947243,0.171661050637545,0.20458078231214,0.21928104293063,0.210535356963306,0.357367888543116,0.140893950618576,0.139517329700085,0.0989512400437247,0.107863424393606,0.224361487118541,0.3716898350008,0.229808735352426,0.166681032831752,0.189897016378645,0.144730307066839,0.086961134879391,0.151423318690289,0.193450584309965,0.375270956168601,0.155994501891751,0.0998299643949424,0.175409093029818,0.16722317523094,0.192762582957539,0.198402272779837,0.367830938316962,0.171351642177178,0.154904413371479,0.135858109273185,0.167646765587657,0.248261648630726,0.168111174332428,0.16850263698267,0.161404147187873,0.195528768225813,0.175038586590079,0.164328057618864,0.202425323384928,0.095428383944817,0.195173283743429,0.0954650525513063,0.146064099114737,0.164814967411752,0.153396189427982,0.429128077079691,0.187516206061939,0.138542176448496,0.197679273814961,0.140061859463241,0.199714299236295,0.13953555293905,0.255050836110716,0.11528374252911,0.189479460104046,0.179901518995083,0.135203733164788,0.150297080210203,0.0908184961574647,0.06713807254263,0.218975239074658,0.141510323198206,0.11173201522259,0.214796614242162,0.157502427686347,0.157833449602459,0.0961411131122458,0.143423482580038,0.130799932019858
"acrocephala",0.277983619841077,1,0.1658462932962,0.17179079668347,0.253942723775653,0.194897967301092,0.210999349237984,0.181392110413194,0.219850734732925,0.148787124845028,0.181356985926057,0.22671831446577,0.223864182982983,0.198737456387122,0.330980257143842,0.253063980387705,0.185346322888456,0.263047256273498,0.203845133243038,0.161445853676218,0.23250154412944,0.257797282674097,0.280910559853089,0.29505794614771,0.155672225556294,0.142116555408826,0.19560197687284,0.186355864856264,0.139440495704975,0.205180436298832,0.229171630398797,0.158232368897832,0.255882155145077,0.22258887897069,0.11387880913121,0.212836598868226,0.185719783528693,0.182401230208817,0.178775291804068,0.165880287724705,0.192541353262025,0.285433700655392,0.181336901072662,0.223871508259933,0.20886329466341,0.116295352269633,0.130983742992993,0.25238647076089,0.125755170569565,0.234257372199849,0.123948844946563,0.193882894709145,0.215855051671498,0.283885285094648,0.207789293844282,0.122357076916074,0.265853495386608,0.188442874131071,0.157358234817043,0.182594287625561,0.23503219420669,0.227214428133209,0.202293004100879,0.194829859701713,0.239355709590255,0.237849021291554,0.322962416138974,0.278501536757519,0.104584196361849,0.287674217802429,0.109293841091767,0.193820874559526,0.282623974316694,0.221518618255334,0.201273039163426,0.269964532421374,0.15778785018089,0.183808912613142,0.159670721798493,0.225902892587068,0.165929982228614,0.204661487007555,0.132265679295921,0.216118819567233,0.147202975905412,0.169983537244262,0.247238299359855,0.112337778982021,0.0842692968187806,0.264259342271446,0.178922829353774,0.189236996994213,0.185097211852809,0.17333339163332,0.193695978700657,0.107169221450866,0.228110440201218,0.181545451570888
"acuminata",0.0970788443647073,0.1658462932962,1,0.109486112916515,0.164595322917842,0.166170165478705,0.1068447558816,0.241334435549597,0.168574391296306,0.0543304685487797,0.156037512880039,0.105290221294322,0.107815842932165,0.163056535077251,0.142195520211297,0.15522738756492,0.094756754779447,0.171248187124462,0.130720728215734,0.137484023454356,0.151414995313353,0.105590275323682,0.199405794337934,0.129920294514649,0.142096739599613,0.122475538927469,0.124606385358908,0.13558632988181,0.149235635237069,0.114769324706114,0.188198545217745,0.0909872314925895,0.196493613607871,0.129364256128656,0.0353539700114161,0.144060552551149,0.121093239370646,0.127632188817187,0.152926904359173,0.100882993947339,0.0940809298728099,0.142745415644458,0.172845264065212,0.180319758867522,0.155249798467406,0.118860029200923,0.0799565671412834,0.12817158960327,0.0684472001304268,0.157631202961819,0.10397794758436,0.146195088006503,0.157653677534407,0.163036122945986,0.124555919107679,0.0455185184854471,0.389918582361186,0.17967647788576,0.110292829835747,0.133365137880159,0.131443862317619,0.175228703207831,0.165691961212786,0.165772640873092,0.155025359236853,0.166290387329529,0.163449046407662,0.134684600154023,0.0626527768869967,0.210689486800006,0.0817397387397556,0.145657690236633,0.173768388787831,0.203792669883318,0.116992320716566,0.213567009034567,0.128864867115198,0.139249003497861,0.200736732462813,0.115830364258678,0.1051695981698,0.110684156059544,0.10546819181395,0.152390493807499,0.0848381042669202,0.11698337410529,0.175057976361554,0.0834707654947378,0.0744291250118635,0.14224891238564,0.116545287287007,0.186298536785447,0.0708096376457067,0.183423230214261,0.134361545313031,0.0934179306168239,0.186222887853352,0.137371394168986
"alata",0.20387421114618,0.17179079668347,0.109486112916515,1,0.192918699128669,0.113557903672721,0.222696266858735,0.116675697928497,0.149122231333695,0.148886671532821,0.132143098303597,0.214888423467951,0.164775914227782,0.199620578166754,0.273068248354982,0.174328608963301,0.172547686157115,0.149288132647608,0.153246930141239,0.149602021292506,0.188034116067483,0.235917316067049,0.207103154849314,0.20664846266345,0.11845893238201,0.165699894038203,0.143159815891729,0.137970957955062,0.143009582762622,0.190459978965221,0.14745007400578,0.175459445654429,0.194147971034049,0.172731765534716,0.130873509192976,0.115220711063397,0.107786215764758,0.0794968487435406,0.0943097114992857,0.16294018652645,0.182116956970077,0.222996360861873,0.131127707168804,0.142814673364238,0.128151372365655,0.0871013194254441,0.114095442972241,0.202005197569537,0.140239928605898,0.139841582665594,0.0790559635363656,0.147069550816813,0.174070357106844,0.164155651166062,0.156856872279534,0.154649023973023,0.151776103193876,0.156501506183496,0.111841026209127,0.1580526078521,0.189526655811418,0.20173917211567,0.162420662506738,0.132605498808425,0.199976588556207,0.175539692294462,0.160261344103912,0.18498270438892,0.123721942779354,0.18769388784913,0.117291466199512,0.138780628263111,0.139416322237149,0.149798585439201,0.194125457850374,0.171852835190488,0.153552973294608,0.212409272439381,0.124022613017533,0.18436390066182,0.12420423763066,0.202972472274764,0.100988704246429,0.145278948806988,0.157658207130685,0.16467684373996,0.160943332349354,0.123291755654118,0.0802714604844387,0.167972745937218,0.130032298600439,0.132002703581441,0.156548949787955,0.131092293398287,0.120762733057218,0.095338059823916,0.122889853127421,0.128560117896138
"alba",0.19850568883618,0.253942723775653,0.164595322917842,0.192918699128669,1,0.241071807565548,0.224668480598748,0.198278860902762,0.251624968003528,0.234087628533691,0.284360926033846,0.270096909190748,0.312943159277867,0.248473576118197,0.267406199010709,0.200268156335861,0.187373025273726,0.20954939581784,0.19184686575516,0.162689185011,0.260962438000571,0.198370490305638,0.341269770224454,0.236580931988927,0.139360320216188,0.273000796442374,0.220707517914826,0.204116632716047,0.194382988927954,0.224432800255526,0.187013489376822,0.288841351277512,0.30809541594688,0.215299333404707,0.193345177768969,0.222947480423789,0.147402787303195,0.120486971848535,0.142555939404446,0.150584847770759,0.292070048469189,0.241706956760721,0.171038981241233,0.20626850492166,0.181886877510438,0.112453169607772,0.221543166301601,0.202909483158368,0.220375993176416,0.334307373343963,0.127169516788652,0.188592528024513,0.205604751069312,0.248273866250763,0.199688705374363,0.143416624410542,0.225720720114344,0.296404788062328,0.262276993069781,0.219545092123017,0.242416285141321,0.243771912781498,0.223212506252248,0.198461100326746,0.243935893716602,0.212648867584542,0.236804495936196,0.235191491559224,0.118624857656654,0.262856128050486,0.237834192845616,0.189164853065927,0.212749342969548,0.24270345168273,0.167588214398789,0.235819285654777,0.280893847703911,0.225285437224016,0.179551727329788,0.196243292245259,0.13679916039492,0.207765172507691,0.137924333129198,0.209982032462406,0.152047192849204,0.20016476623208,0.222530517025488,0.139960290827225,0.0993216715561304,0.348774622764418,0.166952377049787,0.252772424407647,0.133228629279085,0.17300411934709,0.186884557943131,0.223844456278275,0.165080462749691,0.203426434794313
"aria",0.124606221444323,0.194897967301092,0.166170165478705,0.113557903672721,0.241071807565548,1,0.101282798360015,0.155475832592544,0.239284081120292,0.0613089988110327,0.149680168000211,0.124379143936962,0.184526123763152,0.144204749933241,0.164070741229257,0.130921879227024,0.118408602765832,0.151411395965527,0.175106601170415,0.129561825294746,0.197440530358993,0.112452387025133,0.257013712456659,0.125284472953034,0.116160393654431,0.13171857754586,0.189817479800776,0.143649323454809,0.120482126098959,0.134969708343652,0.134306913232585,0.123829233949971,0.272077232051346,0.126227411650554,0.0371761638788825,0.152150058990069,0.136597285570196,0.121818176389201,0.207013815578579,0.0917837776360826,0.103122453910093,0.173130134794636,0.178735000728449,0.203665798235334,0.124081442350218,0.115182596481101,0.0717987173596217,0.160513020770794,0.0491682449348053,0.196878466488818,0.11869724094498,0.119685434250976,0.145411378241454,0.309424747518784,0.189592457334379,0.0444003865211553,0.206895359399918,0.299681729014294,0.145343424080718,0.144324936052309,0.13837763181954,0.151263988191501,0.26395998888015,0.145154070303494,0.210409215929838,0.129108568795411,0.311961164595708,0.131170659279962,0.0672962530351576,0.239336138628671,0.0892609433561515,0.145067480762686,0.238730652623013,0.276631380244757,0.102109245916616,0.168199311852316,0.21638539393949,0.131965580408675,0.221815525585223,0.132638810208006,0.0772947755026513,0.0893340393882268,0.100883221590542,0.189949650277781,0.109647363432129,0.177606790948746,0.214421417994069,0.104194302166352,0.0983053347418443,0.142414543579275,0.108296616786818,0.135815967903177,0.0627012792834298,0.127623953791226,0.0981280268481214,0.0870368972354907,0.194600545656335,0.13499748670226
"auristellae",0.392254122872491,0.210999349237984,0.1068447558816,0.222696266858735,0.224668480598748,0.101282798360015,1,0.136106747471201,0.140254886448252,0.200602449024739,0.121902920448244,0.155535212078182,0.160116491550974,0.190597632856239,0.269436030513694,0.192301088509967,0.194848882414666,0.156212792217784,0.163897356107441,0.145542876773286,0.190466283183943,0.263504841346956,0.231890049501904,0.238361408515495,0.115528225483961,0.142883878643505,0.1503678617642,0.138386369503419,0.138038722215867,0.18578647372859,0.14757175089882,0.150970031762763,0.174533994184468,0.156427100049981,0.33785626965619,0.140424463358635,0.104518626386727,0.0934109543757669,0.086931815915405,0.218544203385889,0.305372704904412,0.209488538352337,0.129980014711979,0.141295069846782,0.152685435570009,0.10200384434851,0.112616710491396,0.161565571792721,0.342267656953339,0.142327738980878,0.0938164610587391,0.153889925758974,0.185734194633452,0.166682507592891,0.160322020270773,0.346241609673746,0.166117551277401,0.137500629748102,0.113563725318452,0.174625715123726,0.245232880204246,0.16668422036473,0.130818861837494,0.146764410211999,0.170462884884803,0.182877318178711,0.138732584304198,0.194065786820199,0.108627170950654,0.16837366408749,0.101590141656626,0.139884242219444,0.159538537458936,0.135056745180394,0.393477296982934,0.180226401068492,0.131410087974335,0.163999091125182,0.13693676821369,0.200843105762935,0.158120414550694,0.254428396741576,0.125139816341533,0.131695191303426,0.176327762314276,0.149924849018642,0.153381136942731,0.118481502759799,0.0795471010858834,0.16462751969005,0.134881257792144,0.11501532615734,0.21915060808487,0.159356633280369,0.137931896382054,0.126034170026229,0.123865962606512,0.136835376128349
"bourgonii",0.114257320006123,0.181392110413194,0.241334435549597,0.116675697928497,0.198278860902762,0.155475832592544,0.136106747471201,1,0.168589846933259,0.0629870036522331,0.140617071797288,0.09624816073669,0.124150748123264,0.190626199087741,0.153302858069271,0.155357023596066,0.126452154627004,0.200040362766286,0.144221199876349,0.137526600669839,0.177837360555171,0.100477228706832,0.189836579350305,0.161753427225087,0.118667928463388,0.129949394922659,0.142488325719933,0.149246521515956,0.1388494163715,0.14402373435199,0.17426991900584,0.119023262563304,0.19613830987833,0.137653538852723,0.0553337157479243,0.149120122545552,0.129209578733638,0.157534469410882,0.142842907190031,0.0883801907290103,0.116691723464023,0.159100708419949,0.178320400018883,0.233030107888393,0.149512555880818,0.101207494711022,0.0860645888570995,0.139112748979459,0.0662458502673539,0.180822899777456,0.097248121485573,0.149513293877266,0.217957428956377,0.198160568672645,0.148354725004167,0.0493058318943193,0.256097966810184,0.181084257152199,0.141392242633814,0.170313717313135,0.187199621307266,0.184212952949603,0.159227902075423,0.194972584297763,0.182306909685247,0.191643127881882,0.171617487364775,0.144673437474595,0.0958465549430416,0.230111884996456,0.12705069098668,0.162391708359088,0.234837412872537,0.176400718181936,0.164465440078908,0.251188314531285,0.140433794090718,0.1177266494656,0.231062313220599,0.141557886457046,0.090567019199722,0.115193335750285,0.107518574776931,0.16638065264753,0.096951483067331,0.139091402297277,0.155697112001725,0.0980988037330111,0.0793314442690043,0.158157500342524,0.137887473364162,0.168212406453895,0.0646417138216814,0.165533448545828,0.124456826833081,0.101911524904423,0.157634209680221,0.171486862915902
"brachyrhachis.aff",0.198545972752452,0.219850734732925,0.168574391296306,0.149122231333695,0.251624968003528,0.239284081120292,0.140254886448252,0.168589846933259,1,0.0823334277541214,0.236464526662227,0.192543396271591,0.22481270231689,0.199894531100907,0.36366473207801,0.187385583207425,0.188497727713022,0.197469196156452,0.271773404196947,0.169431079027125,0.198373023789108,0.132712349793436,0.296766044301611,0.173267870870305,0.137068160144646,0.120334701220953,0.200418151481473,0.197763708229091,0.151988735256093,0.232946447399529,0.195483168015717,0.252371667401027,0.377038608078115,0.161859623579484,0.0551236595782288,0.156650323596555,0.186520245070619,0.142992822927883,0.186402425149492,0.104919408235006,0.267159280103969,0.209836072941513,0.172126152581588,0.274377487177073,0.179397866629766,0.116403582687148,0.107608993917202,0.201088056612282,0.0756074916424412,0.256553065392286,0.109510063098674,0.209567518017592,0.246944567019953,0.2833055523874,0.214759928407216,0.0616361781545517,0.2299145968021,0.246642877027205,0.324412206227399,0.181290555792378,0.193061866172426,0.223774993961097,0.301141145778288,0.183897139177951,0.229379491366236,0.214603901046841,0.214218232116499,0.212974243116591,0.096350927408611,0.360472537933942,0.104913804240977,0.182489771170969,0.214511506324701,0.30615469850754,0.151009349525065,0.224582287101401,0.187089842314835,0.140750604297589,0.262125175910305,0.195661355381727,0.104288505032571,0.124821980158743,0.12725279013676,0.359146949377936,0.11803079424724,0.18293218278262,0.20682911829553,0.121803586604779,0.0810518513918799,0.207361408970106,0.171919590451517,0.140075285754387,0.0724246286039788,0.172117914908671,0.147622864789211,0.107242159280076,0.223883717278042,0.18677620641755
"brachystachys",0.250085783387921,0.148787124845028,0.0543304685487797,0.148886671532821,0.234087628533691,0.0613089988110327,0.200602449024739,0.0629870036522331,0.0823334277541214,1,0.281864520329821,0.272168823802089,0.185464903200803,0.0968561813533543,0.170579381261776,0.165747712217498,0.154724647076171,0.117804400235427,0.10240137793484,0.0647899862914879,0.1369470267702,0.423933602121924,0.151700133564603,0.279694706895581,0.0754884677350311,0.25848400595147,0.101871212573899,0.0983269495862441,0.0639704891357632,0.142562018938809,0.109049193938262,0.333429947761364,0.111583223964465,0.131098720481186,0.391773888644128,0.150253253430843,0.0958966061095635,0.048818843372392,0.0556969125340155,0.391281437580656,0.394021038137152,0.106564417371196,0.0738490931547756,0.0812166871712443,0.0716017380906086,0.0398101821245338,0.323689036868381,0.0996537631222506,0.381103925975032,0.229209880292845,0.101398216973892,0.111858839603917,0.0855318472462587,0.105498480596372,0.102818414359918,0.218704469995921,0.0947338351851214,0.106398526569578,0.225494797151559,0.115197672580766,0.176980112894095,0.102240374859388,0.114389702042735,0.0786316695974098,0.121749276708276,0.114174876092919,0.0932130394547526,0.0978510958147759,0.0660703321026214,0.0994511452103162,0.238953096487883,0.0901774314508262,0.12849127158274,0.0824443901734634,0.237620919429802,0.0975486623811264,0.0933963139916349,0.133459251973239,0.073515059426963,0.123820600153247,0.0980021091463746,0.384650938056782,0.0733219818643457,0.103087812695147,0.147510236817058,0.0725318337293421,0.0861629458976984,0.0543815225764927,0.0451177858564942,0.264252963837081,0.0846250960158527,0.230970803965019,0.23736420711301,0.0734622652156344,0.0966510144985991,0.292027645906646,0.0696445640256557,0.0957529945846109
"brachystachys.aff",0.119298854587552,0.181356985926057,0.156037512880039,0.132143098303597,0.284360926033846,0.149680168000211,0.121902920448244,0.140617071797288,0.236464526662227,0.281864520329821,1,0.365083772661015,0.256134698782527,0.154839681961543,0.186924971216156,0.156578934392494,0.2031572036683,0.158327922014736,0.188167719748598,0.122016491161059,0.139097720570048,0.116383793484885,0.213405128306293,0.150496527553167,0.110455269889559,0.281443871964983,0.141836712775499,0.151837611162983,0.123115143205491,0.253093743240548,0.14898900520056,0.348671211761154,0.20543528781545,0.145653890938845,0.228964521504938,0.151020605226767,0.125097586282385,0.105902099283428,0.153589585763128,0.12950207759665,0.344305781671165,0.161766941091661,0.121031978358221,0.26979899885899,0.129220240003749,0.105537481625177,0.29404662566891,0.179878386705604,0.205022108570673,0.459239946557827,0.102760172645139,0.143791876493625,0.225412296734188,0.178156428074865,0.165229038586395,0.0466962955901524,0.23064118770777,0.203034637787077,0.319579579991238,0.126642962976261,0.170957795174316,0.192188525022429,0.197646994513335,0.15159199435605,0.155804945251743,0.164390660048407,0.167288835073139,0.169038352816129,0.079540445821818,0.217473346912254,0.291333433776243,0.147627397519445,0.139715304864241,0.221992019080335,0.119373316877845,0.15179377826919,0.176524627661415,0.141065838323753,0.202559887963013,0.130945238579413,0.0920458200270118,0.13838026705895,0.0961162630537352,0.200550556835712,0.097670094002034,0.126804057707289,0.226404278422388,0.0961332827829038,0.0714157864097431,0.290333008565276,0.137178917028869,0.347559370532668,0.0657057842105895,0.138148848852179,0.145899311540862,0.28849824680863,0.276871321008391,0.16480013965126
"brevialata",0.203491492019578,0.22671831446577,0.105290221294322,0.214888423467951,0.270096909190748,0.124379143936962,0.155535212078182,0.09624816073669,0.192543396271591,0.272168823802089,0.365083772661015,1,0.3574513836011,0.155458127873598,0.184111951393579,0.155991977967745,0.196197631897651,0.161665772741144,0.1379167261539,0.0879877096584056,0.137928128436584,0.154965370074843,0.186129888107092,0.150735051616409,0.0887330538699702,0.288737967071147,0.117912404050337,0.11411886338648,0.0871480077183754,0.251779919940534,0.125223046139916,0.377774859561605,0.170962598117265,0.195125131655912,0.250612870925309,0.13080645025455,0.0904488891959022,0.0859103077871311,0.111926599821605,0.155026547499364,0.369059333755623,0.182302988141286,0.113251544972004,0.192967916026856,0.120376035042129,0.0570304715289708,0.250253531909952,0.201035758215331,0.257599781814402,0.348783656036291,0.076257360742617,0.116589958994706,0.187988636985175,0.159976656778208,0.127886859893931,0.104719401783102,0.14975720184939,0.166522958387538,0.288031195245433,0.102919163939584,0.203431570195651,0.137562774748979,0.151430649347015,0.123017910058309,0.177478445137304,0.148805703609051,0.154410637264338,0.16989000940141,0.087044505851821,0.208918454686758,0.224727269214733,0.131136404814429,0.141838763597351,0.146802905129392,0.175809324168297,0.158694669782695,0.142205047070433,0.173411791338964,0.145777273939005,0.119434921217297,0.134785346534334,0.193369779893282,0.0946459053478166,0.182214554859142,0.112039572162355,0.103961003760344,0.153040060674207,0.0848100739784737,0.0539290235012215,0.292869124088423,0.131333900602031,0.286032680767548,0.106105383095469,0.0984859266220818,0.171956004728052,0.231894335488456,0.131312935643352,0.134871736151369
"brevipes",0.204945881162716,0.223864182982983,0.107815842932165,0.164775914227782,0.312943159277867,0.184526123763152,0.160116491550974,0.124150748123264,0.22481270231689,0.185464903200803,0.256134698782527,0.3574513836011,1,0.15658808620909,0.234324058271539,0.151685716122889,0.162425279593455,0.160719791693476,0.190958554748676,0.125053905097351,0.175402559097322,0.149088740633639,0.266357806929119,0.153521373074767,0.10451785791834,0.221037917342586,0.181378501536484,0.149132971103762,0.134587159089239,0.183396355097818,0.139324283037192,0.318800132677241,0.292124440961586,0.232492749987135,0.169287072169491,0.122895996201341,0.135071938190259,0.0982463502348866,0.128879905364757,0.0943326449468849,0.282601540330916,0.196388610002635,0.121555560194745,0.195676003187767,0.113280000720034,0.0995065488152101,0.206517132878242,0.266406600552012,0.183068101974172,0.301850900262312,0.0859484695311351,0.17623638043246,0.200580774309058,0.248211679182255,0.175480697329622,0.0877162762755169,0.170737368232432,0.204223709104341,0.289799370153908,0.150721797814945,0.162008543636558,0.16390438453008,0.204022733811968,0.125562308698223,0.167291951176863,0.155506955355294,0.177334087654996,0.182235789116216,0.0770811237729126,0.207257848972596,0.179984465148549,0.144458572057512,0.134329542059902,0.277278707252531,0.139922375703808,0.15887764339422,0.210645208530699,0.151636182984258,0.135120042728169,0.165401866042494,0.0882039227877845,0.156249756914558,0.0910797441432337,0.245733885838855,0.137151157803469,0.148372707443175,0.141778482962592,0.105689717278539,0.0644697558258859,0.266803545954895,0.203154762326854,0.213014999998257,0.0860025456832907,0.112096482319826,0.195503226652027,0.169828234195508,0.153230708930282,0.113575010967591
"capitata12",0.162372993460109,0.198737456387122,0.163056535077251,0.199620578166754,0.248473576118197,0.144204749933241,0.190597632856239,0.190626199087741,0.199894531100907,0.0968561813533543,0.154839681961543,0.155458127873598,0.15658808620909,1,0.25538970418144,0.434462901857957,0.153001351634615,0.179570777515728,0.196876768662496,0.149676958616346,0.257798220678295,0.161408938216492,0.255850092880885,0.204238675635731,0.162562844922713,0.161491824507984,0.198029936550628,0.228943940479509,0.179999854577372,0.166611549280442,0.188012330328409,0.171137818976981,0.236628688741419,0.163093705277478,0.0748569184482248,0.173075157588044,0.144125444447317,0.129795522788552,0.133144884817785,0.129542293012605,0.152253104873827,0.194891888729415,0.161858785159748,0.192762978653381,0.196406522006315,0.128265330280452,0.121472964566565,0.197795941489374,0.0931676055817858,0.182733579541425,0.0934597113184504,0.185995700503907,0.179064549220957,0.217949847241698,0.190524705061539,0.0802387177130045,0.229649247329162,0.204034477715196,0.150874910145692,0.213941772732747,0.239947829240117,0.249683107149668,0.170844154171934,0.183439691702958,0.210661966547759,0.217950024367706,0.190317304551581,0.213135785696574,0.11205763800852,0.239353307961485,0.115530563904657,0.191085551839168,0.193174113473129,0.188565986315594,0.142492043085581,0.203668596317427,0.152480644626641,0.170507941106675,0.179193862046366,0.199640415814712,0.105920461577904,0.153786562339123,0.150102462631814,0.198652331888528,0.148753502056852,0.217363912206898,0.233288621748231,0.167569820093184,0.096881144032113,0.195505082057864,0.162030225651679,0.199591422876439,0.0905275839382529,0.210001981874461,0.139698891755514,0.101062140994621,0.176443587168215,0.17407096123093
"capitata33",0.278341615660676,0.330980257143842,0.142195520211297,0.273068248354982,0.267406199010709,0.164070741229257,0.269436030513694,0.153302858069271,0.36366473207801,0.170579381261776,0.186924971216156,0.184111951393579,0.234324058271539,0.25538970418144,1,0.267050953399353,0.249137937485756,0.181400202696551,0.235828230853788,0.164927536900538,0.239409661576853,0.302582175148554,0.321634206309988,0.299579780663347,0.150205298269185,0.186229263825209,0.198002462243016,0.187544482289665,0.150299564085615,0.210094888127168,0.173109244429196,0.215231491958467,0.294913566643941,0.204161467665435,0.137880509785591,0.195679927883746,0.153234940456729,0.130289712862338,0.126814198427521,0.183360449583542,0.220565972565752,0.294285464845831,0.1725315301113,0.232385772907344,0.165497810205016,0.130049827492437,0.119326357407,0.220478578763105,0.169328882630695,0.222389626526767,0.121318039230736,0.227985143844247,0.244891557927265,0.259327638947699,0.233165484669045,0.155622299890603,0.202823363263408,0.209963709499796,0.169079774194971,0.216440911627231,0.260788800091874,0.239671267278875,0.239992406828153,0.165315912685909,0.270681329510132,0.237983712067656,0.188521495523967,0.219447165975614,0.137329408544226,0.234833408193753,0.124394146885635,0.170064582661458,0.225608348564666,0.238899605205483,0.246969512186051,0.210294343442751,0.176529766849996,0.208292990872266,0.183393664317952,0.269090215918229,0.147923104950028,0.265292866648804,0.140149615820096,0.233528241229626,0.187651031352776,0.17356508689587,0.193337299863344,0.146518534042876,0.0839317623205312,0.223829959748652,0.1694099508937,0.130470841495637,0.239686784436683,0.185383780521773,0.15595395147205,0.124826215744701,0.192720369110155,0.163204926763059
"capitata35",0.194530160071211,0.253063980387705,0.15522738756492,0.174328608963301,0.200268156335861,0.130921879227024,0.192301088509967,0.155357023596066,0.187385583207425,0.165747712217498,0.156578934392494,0.155991977967745,0.151685716122889,0.434462901857957,0.267050953399353,1,0.160243017446427,0.186380815679922,0.191634091582363,0.137421375204577,0.222125964378149,0.177054654874273,0.260122954830996,0.263820749842528,0.145845342120959,0.169947398636575,0.187538123271098,0.171655885420943,0.141103015924762,0.194826507309071,0.309540260747673,0.144502766246173,0.198267519996891,0.28318669273715,0.0865453682121122,0.159014702555106,0.141096266186566,0.128285555174534,0.120011440264299,0.141249833262681,0.145085772016995,0.204624092477284,0.14916057868415,0.1719642594443,0.241795213098724,0.0905411472068045,0.10687473870777,0.19180353596326,0.104882484298541,0.177307283969324,0.120263448992118,0.209365998535571,0.194727176325724,0.207534301922403,0.175809569367031,0.097631291284115,0.215965921058689,0.164095190920513,0.150177495096068,0.177172667251965,0.215143174940578,0.207158130791802,0.165144887310887,0.182843967020921,0.228125553636494,0.198008062960446,0.19667977517454,0.196692032631826,0.100913012812803,0.214280504850239,0.0959388424116001,0.182572582361069,0.192875060634044,0.162756534318528,0.164894025755023,0.21819801971971,0.156150504076916,0.174067959467894,0.139814674072054,0.197486387635312,0.119333807368727,0.16083655325656,0.139086147985118,0.189325316905174,0.151806073175727,0.167299539746101,0.188775113796136,0.132741715106525,0.0770457461080987,0.234541202269463,0.277940192602316,0.185487265135446,0.124956005064744,0.19286356442399,0.174949805581144,0.0964486255527438,0.154587958129997,0.150029890047803
"cayennensis",0.210236449970534,0.185346322888456,0.094756754779447,0.172547686157115,0.187373025273726,0.118408602765832,0.194848882414666,0.126452154627004,0.188497727713022,0.154724647076171,0.2031572036683,0.196197631897651,0.162425279593455,0.153001351634615,0.249137937485756,0.160243017446427,1,0.116149949242223,0.278678395668546,0.13583264753958,0.276270442309416,0.196112042769648,0.214050850168087,0.206474751934524,0.105035857482973,0.142566783535522,0.153182691953119,0.165683039660559,0.121076222760601,0.264960228376508,0.13904141236869,0.189803888279003,0.211978967840967,0.15025148043535,0.10637756111508,0.137670251953936,0.119940801855019,0.0906250601052285,0.103827023542143,0.17486295775438,0.24040949451696,0.188971239556062,0.14780917441212,0.237330712977041,0.126679083379341,0.0974643409176942,0.12366922648392,0.226720698581854,0.121855486398446,0.234843543632482,0.0837594684882113,0.169039146004432,0.25559152805774,0.19163064315589,0.158704872686979,0.119679243072428,0.167042192565112,0.180940564678013,0.163853701748966,0.161357886483613,0.246454250664256,0.180122199477105,0.169070793415249,0.134026862290861,0.170928422357065,0.145897024562989,0.140660986248247,0.177389087966299,0.0877141626723445,0.181715518189083,0.0971403029880977,0.130484157262819,0.140890064692729,0.173454736229537,0.179667846426575,0.170114935903564,0.139162262558581,0.14262001960969,0.218825041239542,0.271254618125337,0.11417527548981,0.18552880777417,0.122329968811402,0.212790607571586,0.181218097628657,0.142953390707786,0.137491673329151,0.0995137753742863,0.0715544505905229,0.18408055768753,0.128615347272949,0.111537345826817,0.153469233291217,0.121574218992229,0.118753423112029,0.0880109268704594,0.136994394976906,0.147460950549541
"chartacea",0.157477520969179,0.263047256273498,0.171248187124462,0.149288132647608,0.20954939581784,0.151411395965527,0.156212792217784,0.200040362766286,0.197469196156452,0.117804400235427,0.158327922014736,0.161665772741144,0.160719791693476,0.179570777515728,0.181400202696551,0.186380815679922,0.116149949242223,1,0.154354101018699,0.185789668581066,0.210481704931718,0.12539524861829,0.213355181170612,0.186772538246067,0.14896278268982,0.132382493206956,0.160688719316467,0.183607424714967,0.136819201890925,0.135212660736554,0.186440302114951,0.137258499932461,0.24145541096716,0.162987208991309,0.0711894033440448,0.14609636574321,0.272536300126934,0.132054035996471,0.157358638121079,0.126035860493784,0.12544437130517,0.158411793636884,0.182839974937268,0.185510870202764,0.156429051606014,0.111420132861696,0.0996284556724945,0.190306540729144,0.0884362469671356,0.160613805214738,0.248202117787467,0.15720850002432,0.160610267243614,0.186110311392752,0.164681747494331,0.0807078809160054,0.259699493212652,0.178754398343367,0.130755789109743,0.164119015715023,0.163993649165569,0.199570743675922,0.331428757377237,0.166182084848149,0.171024595034354,0.215497437883267,0.169905778282044,0.205566759218542,0.107492720455815,0.270810085312256,0.115430816209783,0.154352576123563,0.244763943383385,0.179972912824072,0.118219158794491,0.245593055332537,0.136152152016917,0.135912352179357,0.135865121086969,0.140795855309492,0.10798138372835,0.152207285906562,0.123905761553318,0.166554900225223,0.102386726449554,0.15263172513899,0.22634438698749,0.102397458912693,0.0894955661898793,0.21147203226872,0.149939559148518,0.157108907266215,0.0888022925873641,0.221204848707193,0.191556411881498,0.129787665999969,0.187894073439147,0.365957443007264
"cinnamomea",0.183022521025006,0.203845133243038,0.130720728215734,0.153246930141239,0.19184686575516,0.175106601170415,0.163897356107441,0.144221199876349,0.271773404196947,0.10240137793484,0.188167719748598,0.1379167261539,0.190958554748676,0.196876768662496,0.235828230853788,0.191634091582363,0.278678395668546,0.154354101018699,1,0.148505703366203,0.22771676487303,0.148600301625081,0.282837379068927,0.188777024745043,0.118604783327923,0.114307898992666,0.176004255794127,0.203753116752615,0.137610746979895,0.189178411913352,0.160624684539039,0.231692521244172,0.300447807649079,0.146948622332694,0.0773126675403386,0.163650353045346,0.18245252433093,0.100193896402287,0.129991569883309,0.123194282304034,0.207246676742083,0.184546522908284,0.144359597860984,0.24180406247521,0.179326562560461,0.131004670361405,0.111750035919919,0.188495945923463,0.0933980786780206,0.200120650789644,0.0928021241128034,0.218444261548747,0.24624860127301,0.229570748240421,0.176318029527747,0.0870476103364737,0.204364937601304,0.179938787996224,0.222176239283753,0.164091153921371,0.221585523925277,0.197472425270433,0.215403911630593,0.210286553297704,0.175262131061266,0.175554013979402,0.176385178923948,0.173494764108741,0.103664823197116,0.258778073841035,0.118293468555729,0.163402823442457,0.170918719417306,0.234369404333125,0.160884420604102,0.178650984105289,0.15130774421646,0.128543962135014,0.278499671218185,0.200687477179664,0.0872119111241949,0.133324873327737,0.107284101199426,0.297637874918456,0.124149455306052,0.155318013692515,0.167833006745009,0.109037839769701,0.0864155273904716,0.178744801016171,0.175334122154976,0.144193175300203,0.0900575363138777,0.151623185501612,0.130650301133997,0.1092885260275,0.186888287487799,0.143440866234362
"cocleensis",0.138158657604259,0.161445853676218,0.137484023454356,0.149602021292506,0.162689185011,0.129561825294746,0.145542876773286,0.137526600669839,0.169431079027125,0.0647899862914879,0.122016491161059,0.0879877096584056,0.125053905097351,0.149676958616346,0.164927536900538,0.137421375204577,0.13583264753958,0.185789668581066,0.148505703366203,1,0.175239421349574,0.130551140765774,0.212342331462932,0.165522929266096,0.182633858394788,0.142035719592971,0.187430284981962,0.164732407726083,0.176117289908326,0.11627473717472,0.172078704746938,0.124306907113475,0.196341070613022,0.130689912508679,0.0577228265535331,0.133822457142264,0.152996242138416,0.0977841148486515,0.115243038840002,0.0962303394167016,0.109706010452223,0.166957557996319,0.166023917921512,0.17799147743736,0.142881023885876,0.125261896010489,0.0965170168251786,0.147551069960583,0.076551419208289,0.155089292400016,0.0884338123743927,0.158788821426229,0.1472178023276,0.215666541830869,0.171970835625687,0.071582783450857,0.189791530104139,0.170768375470672,0.104476538210705,0.160797901475208,0.137384848897939,0.179744614668545,0.165925701782332,0.155347917632413,0.14742016939089,0.159301583070166,0.171745248651876,0.170692413953334,0.126977362677362,0.204493261438313,0.102774342373887,0.123523643450795,0.16153563825346,0.164696845792581,0.106456723303975,0.18175761117371,0.117758298054981,0.142239487929062,0.143260048473911,0.174925061717839,0.0847221034812521,0.10699236130673,0.130782390772225,0.174878108731478,0.10914860156507,0.175865474474762,0.154849677123653,0.0853659181256026,0.0968674819921272,0.171999149455015,0.1467870876236,0.129073789444919,0.0787615158039132,0.171431181029476,0.131964125077157,0.111208796108605,0.17939960702124,0.155853296263173
"cordatoalata",0.177694175604006,0.23250154412944,0.151414995313353,0.188034116067483,0.260962438000571,0.197440530358993,0.190466283183943,0.177837360555171,0.198373023789108,0.1369470267702,0.139097720570048,0.137928128436584,0.175402559097322,0.257798220678295,0.239409661576853,0.222125964378149,0.276270442309416,0.210481704931718,0.22771676487303,0.175239421349574,1,0.209952563685329,0.302473520495762,0.248718344237836,0.158528710432527,0.172728498186561,0.196644098672168,0.189946056431324,0.199201710961644,0.197226778257992,0.189616458038494,0.145436345706868,0.251049000541311,0.173650047787753,0.0971148708736801,0.192736575606482,0.131433527783626,0.171041960158357,0.157355974120697,0.164354740046424,0.180346917961389,0.234475528164245,0.197619091112964,0.197028610943897,0.180761344347007,0.148773456438611,0.103085942161758,0.238730131380263,0.113141834379967,0.181321925733977,0.109273032494076,0.188370586261543,0.185279732877562,0.266533541879719,0.193110758945711,0.111402100565857,0.238161434802145,0.232518624916965,0.138010340794185,0.206496827573163,0.246020727057862,0.221017139662928,0.19354773448356,0.195643143233281,0.197041304627037,0.240498830614776,0.208333723614984,0.224590669275855,0.133773735699845,0.270284636546477,0.132316585628067,0.19787400597358,0.213124714284281,0.216489008844006,0.151970425336572,0.235520300389454,0.176183879062243,0.15814492328377,0.164812729841504,0.245612300887926,0.137581180235437,0.187058765200331,0.17496935275062,0.216655854284723,0.193671924529618,0.237692674917493,0.222875115100941,0.129452089736688,0.121955396142294,0.224255212499783,0.172948115874372,0.25547954885584,0.134756426692974,0.219796771918684,0.134552794077987,0.120779197924401,0.181256602285987,0.191839791687311
"coruscans",0.280629157354519,0.257797282674097,0.105590275323682,0.235917316067049,0.198370490305638,0.112452387025133,0.263504841346956,0.100477228706832,0.132712349793436,0.423933602121924,0.116383793484885,0.154965370074843,0.149088740633639,0.161408938216492,0.302582175148554,0.177054654874273,0.196112042769648,0.12539524861829,0.148600301625081,0.130551140765774,0.209952563685329,1,0.296747174050554,0.37470606122908,0.13345331455765,0.220816924128109,0.148975359898943,0.143598907156261,0.170388159595378,0.198738710652239,0.158982783570366,0.140957128124695,0.188802300739004,0.175838582506532,0.232662609232055,0.170812665619346,0.0928885239693039,0.0699681694314581,0.0892910197631526,0.445222186753961,0.233123456101437,0.167937941299798,0.108504801785369,0.117200870641853,0.120485696750096,0.0645748064662639,0.101343318973219,0.152797011556286,0.272533412151198,0.1242077870713,0.10456274213282,0.141226491560201,0.130954823311476,0.161107209099666,0.142227121691808,0.254753117823781,0.154990219255344,0.169107776513239,0.110448447189967,0.169143028022218,0.307190338488606,0.156892134146095,0.143102719917093,0.127234787928947,0.154944505013057,0.142127984884963,0.151091484847999,0.143694674461173,0.0852452552446252,0.183399267560061,0.0800734117989437,0.122615778009567,0.17088418988187,0.140434659532025,0.29130681170482,0.144477700306185,0.147198277965457,0.159417706508475,0.125892935931578,0.195961130487576,0.129102534535864,0.458850427410969,0.11013443831387,0.14296669879951,0.192210212362085,0.130938544215489,0.151205864377326,0.106356436110147,0.066769548778453,0.176086173941716,0.134314368921488,0.0926416073455009,0.497638986449083,0.134371796840779,0.112924649410542,0.0835015587098757,0.120164034807201,0.115537481633271
