"","acreana","acrocephala","acuminata","alata","alba","aria","auristellae","bourgonii","brachyrhachis.aff","brachystachys","brachystachys.aff","brevialata","brevipes","capitata12","capitata33","capitata35","cayennensis","chartacea","cinnamomea","cocleensis","cordatoalata","coruscans","cylindrica","edulis","fastuosa","flagelliformis","fosteriana","glomeriflora","goldmanii","gracilifolia","grandiflora","heterophylla","huberi","ingoides","jenmanii","kursarii","LA17","LA41","LA48","lateriflora","laurina","leiocalycina","leiocalycina.aff","lomatophylla","longiflora","longipedunculata","loubryana","M18","M25","M27","M30","M71","marginata","melinonis","microcoma","multinervis","nobilis","nouragensis","obidensis","oerstediana","paraensis","pezizifera","pezizifera.aff","pitmanii","poeppigiana","punctata","retinocarpa","rubiginosa","ruiziana","sapindoides","sertulifera","setosa","spectabilis","splendens","stipularis","striata","suaveolens","subcapitata","T18","T21","T29","T50","T51","T82","T85","tenuistipula","thibaudiana","tomentosa","ulei","umbellifera","umbellifera.aff","umbratica","velutina","venusta","vera","virgultosa","vismiifolia","Zygia.mediana"
"acreana",1,0.261421233025181,0.123534366518294,0.250889057693438,0.283903427644652,0.16630260476657,0.1989586866717,0.194750570151301,0.167642500848187,0.212505948686073,0.19535258148454,0.205078952727633,0.136631207973801,0.236563535617009,0.337235862498235,0.17333980707612,0.2704669007816,0.233175332629758,0.196658693657085,0.165462172298067,0.200978076202673,0.167521064551177,0.176683235034207,0.209322940722101,0.162642251539749,0.124649892954186,0.131394707227247,0.310233211719224,0.148414412232235,0.266870872608026,0.189572054774822,0.175600935280708,0.241901141453787,0.0792101679591655,0.210078096229815,0.306702055179994,0.324848336744049,0.137581969219656,0.123588634733635,0.243186620709957,0.252123067580032,0.214248633790736,0.145863467697314,0.281229038619921,0.183299071906302,0.107356987073453,0.124529376993981,0.223382637143129,0.150851702416786,0.156412897704051,0.157190603019292,0.237834446823988,0.291092634386311,0.101175212734743,0.138432881206383,0.174904598165186,0.211259713934993,0.323244737922718,0.135584186044438,0.143856350685761,0.228013655964955,0.241450030419329,0.290241282753531,0.293369819936643,0.167411114469723,0.221375685697748,0.252804322073542,0.278789194046717,0.229441453372807,0.229730479972332,0.300812013357415,0.247162992846033,0.15925830430541,0.181755355963209,0.191937778743681,0.160527809499062,0.187354691397699,0.116119881068162,0.17611264145525,0.171876706767835,0.160719541347703,0.24214619462734,0.13127095177505,0.230760372189679,0.118570185027411,0.155188031004494,0.23599076416532,0.136352385153555,0.157529066041712,0.247730715151318,0.174671770349988,0.179279371035101,0.133460256193884,0.168003877373137,0.201568081082185,0.183414701017502,0.127017879895478,0.266901061079964
"acrocephala",0.261421233025181,1,0.155414663264279,0.213438074732325,0.295986053178937,0.194896705958585,0.194618798358996,0.192423351439214,0.225303456154085,0.25689888062901,0.238784746564268,0.223887955086276,0.13630882983354,0.136467560119189,0.300676991538863,0.195350040845964,0.224131025973737,0.373968848567199,0.228327702821869,0.168449754254093,0.246976321171768,0.25801166328346,0.280075023381135,0.215117611074095,0.178255420009542,0.123702020687109,0.111078242702794,0.290435055433599,0.210576091870749,0.315773929523807,0.239363172526401,0.155810575898538,0.260826025652581,0.0759963539074621,0.237219266792056,0.254198943593758,0.292881435502425,0.20360613900444,0.215658731910414,0.288186334727861,0.211327064070227,0.273180882411681,0.155335450739869,0.269767130510702,0.223346007669001,0.184910343842633,0.115168191784095,0.270956272088425,0.166345972940984,0.191765978158877,0.153087144206745,0.183983803271017,0.300837670886577,0.190248158516469,0.200818261947444,0.178845777640457,0.251645511509494,0.259387942045787,0.166188203810727,0.180374938003489,0.232821225262448,0.229869673345529,0.246003417385385,0.239076655426408,0.262322734290401,0.232125161296472,0.221408473206168,0.222441075978119,0.251055345569797,0.242937628784046,0.247928978463464,0.233753300960734,0.203618062234866,0.257200891726414,0.205074757845867,0.233034335027557,0.192447290951219,0.156978673213709,0.197682562025662,0.219419531437595,0.21457833792418,0.266310089403357,0.13813641677182,0.239079190733522,0.11005651273042,0.165574052581341,0.249976773777835,0.19062543180603,0.219047939296785,0.271200889952714,0.203647713630586,0.176468238145333,0.199058364266903,0.223008764641739,0.270216383463524,0.18286671620997,0.143683450349696,0.272424834358627
"acuminata",0.123534366518294,0.155414663264279,1,0.0896365347387183,0.139067633624591,0.118520446391862,0.0938725803631645,0.111548927363172,0.103328657012208,0.118203646363366,0.131243074317382,0.0900159705816028,0.0865015981473074,0.0696770694636684,0.160448403867604,0.116422575327354,0.0865985476394891,0.144647948149814,0.127538977646628,0.0805657528591271,0.108183100443972,0.155296192856397,0.168130590278858,0.0984763122213439,0.0896776987124037,0.0730125036523624,0.0843207626448071,0.15034764500044,0.114454901240245,0.172401518758947,0.123424042316162,0.0586164775565884,0.111108930675521,0.0377277133681132,0.118796763115258,0.130584002385392,0.132058337055729,0.106772539110694,0.137253780609328,0.134626562825982,0.105813002407732,0.111412426094275,0.0930861397745662,0.115634742149014,0.101784616923997,0.247707156234592,0.085625171268743,0.131184411416097,0.0866710793566721,0.0676491104190637,0.115536879105697,0.0948077813467768,0.13960734884767,0.0935010187991717,0.149425588822576,0.117711827105372,0.10017444367846,0.125999812908051,0.0989667855265598,0.114717142221786,0.136064027546682,0.0965265301923239,0.13082479344,0.121662777661489,0.231677944196207,0.254699536656076,0.150160645863396,0.0988725213356746,0.146330108426159,0.115960775314597,0.124354613196784,0.124922986562292,0.0982157813162922,0.151812322035243,0.13465654525073,0.133475976607037,0.0917528646108846,0.17125406150002,0.130320309686468,0.103803574669756,0.111868575240547,0.139434696444819,0.0673248355486677,0.128115424519763,0.0674064419540597,0.086367531295078,0.13444145672237,0.133987036833516,0.139427060483868,0.120481490121821,0.104625066663046,0.110498707984826,0.155144306432387,0.141791096572434,0.141566452825546,0.0926249537928124,0.0999016869803814,0.15489841106478
"alata",0.250889057693438,0.213438074732325,0.0896365347387183,1,0.243933292464594,0.138391260941259,0.260622882924157,0.154683695983846,0.155551493085614,0.1911832615622,0.151197273714642,0.180932314052625,0.0865013325181131,0.181302755907386,0.195454391696221,0.147440329293086,0.236218982302599,0.183225065822433,0.190702958132193,0.186513208394716,0.275145993639193,0.172297854949423,0.155865931196842,0.262715152852364,0.144544472751327,0.138472776926122,0.127703174819642,0.196531754124807,0.172425246342232,0.219108698060541,0.174718594026761,0.190560435024401,0.262128984695936,0.171290536926787,0.175786565437433,0.192280880716361,0.188364726876526,0.111061838063254,0.107996998242878,0.170577178285712,0.189492796337782,0.210196417792114,0.151054457355385,0.21268334119496,0.163016500159869,0.107737946900919,0.1158242728989,0.200843114360704,0.113353598187115,0.146990525218745,0.117947933874665,0.132993089454082,0.231326242723005,0.150594729127843,0.120487566389108,0.117210287067664,0.278637375071754,0.192789972434342,0.16727531481019,0.176155636515245,0.169283963708266,0.269400435227279,0.249406278522726,0.171728349591636,0.170992852499336,0.208268657797709,0.187840281490565,0.31898189357429,0.182470600117147,0.236310029082308,0.187042731195364,0.157977584887227,0.146996833388108,0.163898452223879,0.184236193499056,0.15852261653288,0.141871938600096,0.235535880539553,0.143025354102409,0.153776425796302,0.143198289054961,0.214318412120026,0.0949688412438677,0.182876714133338,0.15528328439913,0.162168508276922,0.22125451368048,0.136411670685946,0.14370105482312,0.20197030984164,0.161906696001049,0.195189280533933,0.109759524533717,0.145543012756924,0.161004901469106,0.153712383400549,0.106364819113732,0.213339108856005
"alba",0.283903427644652,0.295986053178937,0.139067633624591,0.243933292464594,1,0.232988104476988,0.282217599712704,0.207263698761905,0.184481189685296,0.370915938915236,0.31513179060686,0.337556857267754,0.234369614114326,0.157178427905044,0.330595898914858,0.196625800080665,0.239114445989858,0.232019592434391,0.246204720453258,0.184840284000927,0.236510412915754,0.27061739558895,0.221640774594914,0.230951160584171,0.207246951877912,0.231783865534546,0.12601140036086,0.31579657855616,0.235447398871171,0.280631157353564,0.218929498797909,0.288957894968887,0.275007236771507,0.105758104717062,0.407496337900246,0.315192930790534,0.329237772905907,0.177438392731223,0.164400897763142,0.28291573364254,0.366000064808321,0.276526260161181,0.188421519931971,0.283158337903816,0.250870208460602,0.135774644395051,0.216379915289898,0.285424320950614,0.28815201048223,0.281587482779447,0.18331978711381,0.190440564778334,0.308579148424909,0.156971837222734,0.19574117144335,0.171480166471633,0.24134089182679,0.300483713616397,0.275083953600698,0.228490786794061,0.227549014284603,0.250629233917318,0.281151339211466,0.275244728313595,0.225791786087017,0.240329470361086,0.260285840663808,0.278751038361839,0.295019976200116,0.319478516498355,0.42448790350565,0.283895698877158,0.242309614848707,0.217036531400836,0.226456073515474,0.232804579660773,0.187320768609927,0.165531929415095,0.29991044790881,0.215224465485941,0.196747493268836,0.34228755120209,0.12972629861065,0.312443187161432,0.127023225219208,0.160990765732333,0.297101630797401,0.244210907448768,0.171047442075972,0.446828282338827,0.175956538980642,0.317819813310419,0.180583493734184,0.204461560633289,0.228044507314975,0.310897270684378,0.166728463685146,0.27834452158392
"aria",0.16630260476657,0.194896705958585,0.118520446391862,0.138391260941259,0.232988104476988,1,0.128480871681048,0.179372948170544,0.14717850024666,0.17908043397527,0.147058968778681,0.17717343236821,0.101994213874289,0.114058066505465,0.248505945593665,0.13043851108606,0.154866139825744,0.182718052906842,0.152177171203237,0.089570255492732,0.186110624299742,0.175820672997348,0.160778605686236,0.136420903135189,0.146281183695164,0.11383169625546,0.0966154316347743,0.227883310163688,0.152165582234204,0.22201548710031,0.154678905347751,0.102204205686412,0.229701123501363,0.0537028970520142,0.187123374768037,0.193827251480673,0.240032593085755,0.199790407188375,0.126874481757889,0.185449225673572,0.148512489438795,0.230628221803261,0.095099275348039,0.221919519544785,0.208926750005387,0.103459626032092,0.0882961308656052,0.293562797245068,0.131271512969286,0.11444142473116,0.148595905609915,0.19701070225501,0.221466888406084,0.107993785972794,0.197342568924486,0.166084165687669,0.157980868690014,0.234640604271741,0.137205966531448,0.166717362615865,0.167514366106925,0.164480953146317,0.174903493617976,0.185346233362665,0.151307426835163,0.15820673228829,0.18971808807111,0.156945123098724,0.208323662724369,0.171608157156973,0.197971229222714,0.225605204605393,0.13401063388143,0.183647182990145,0.168314281166338,0.230134190352408,0.130306870409299,0.0786881722766618,0.207251668188602,0.159042202100318,0.219546553959997,0.187181881529535,0.0936935559218881,0.200009118892338,0.0697203298695638,0.12666317912419,0.201021153955263,0.192754773342118,0.18244312781427,0.180320227240148,0.126569030922629,0.152016120348204,0.161362690627537,0.232550370786255,0.19978152100503,0.171966874180627,0.137509560725635,0.166037244694897
"auristellae",0.1989586866717,0.194618798358996,0.0938725803631645,0.260622882924157,0.282217599712704,0.128480871681048,1,0.142748201939216,0.163253209325811,0.156347306614648,0.143925964373567,0.157935904778306,0.0994645307454375,0.138118729306263,0.21891015861283,0.151339072355783,0.20026997046873,0.182810087068257,0.217720922402227,0.233591569744792,0.262951200893924,0.177859313285668,0.147961773108313,0.261766481020531,0.157337857744715,0.129986111238908,0.117232891308542,0.200323585099968,0.246699089132771,0.186923938147121,0.206178280103154,0.219806493585144,0.227176287435728,0.178156565662812,0.170054335737319,0.173314471907617,0.199530280249781,0.128542095053733,0.0952123077034444,0.185435109528379,0.158040161426722,0.1956977419826,0.166535071433127,0.214710045585055,0.165561865873172,0.103119523862141,0.11065053952407,0.212689665315381,0.110825693763184,0.163153223089746,0.115066570980428,0.107687921003661,0.189677848094146,0.124056058089176,0.128715150381738,0.125693761421089,0.175627845744252,0.151642978487642,0.180933780980029,0.163509702406533,0.21766969862084,0.246676489880893,0.169042366027824,0.154350873139261,0.194593634847633,0.180683001201381,0.157107831019178,0.263503541801097,0.166351421120706,0.265654638374924,0.190735128233033,0.156912328934158,0.174164288661076,0.161168565779382,0.155728662054095,0.176903777746097,0.15758803286495,0.242765927608459,0.147708438897189,0.149694141366898,0.148876419446612,0.226547533002194,0.0943091145196722,0.160662004128743,0.17987097358063,0.155557831429441,0.201216166440376,0.127748802633776,0.112156411873444,0.313774815283354,0.150443270862407,0.194705754862184,0.125061663891795,0.166241594866449,0.143310067415604,0.1283621731137,0.106981162633559,0.208137694073408
"bourgonii",0.194750570151301,0.192423351439214,0.111548927363172,0.154683695983846,0.207263698761905,0.179372948170544,0.142748201939216,1,0.168966625609993,0.183745160177773,0.172821858125387,0.151517487515242,0.122684259368561,0.123543915622058,0.262643664384491,0.151745390690563,0.168268900445857,0.201147413285738,0.213230272099372,0.118410629921537,0.164054815077068,0.175697470612973,0.217244673574287,0.222288039766625,0.178943717833609,0.114217434085533,0.105834910878111,0.207859025947542,0.241864997816159,0.219448965386769,0.210353268709537,0.127899523250814,0.223459798877606,0.0518303067426642,0.170691845587344,0.189093252951117,0.196145484481862,0.196431541231327,0.175077913874082,0.183741615597967,0.193076196772044,0.252898938226625,0.134671782201194,0.200703517567743,0.192093288640815,0.139370283370038,0.11180748459587,0.200070465592482,0.138030097095433,0.108575921464401,0.165767043488289,0.135247579789165,0.345019180336189,0.162081185603656,0.179566773364819,0.152704488502511,0.170396725944104,0.308920386361841,0.18429065857619,0.181987138506972,0.171707384728323,0.171751651704147,0.204462708385493,0.263249267830062,0.180268033106916,0.19134663996374,0.170116424910043,0.190968928165252,0.191606056540331,0.16564274854385,0.180710122832322,0.191467422217814,0.15298925008689,0.263947046713167,0.197170597693526,0.20826627246522,0.119798578767725,0.102187009714758,0.186321909148381,0.161613236561232,0.227006710201344,0.187366740552514,0.122969603079771,0.179687277315713,0.099959391758367,0.13946283252591,0.183269524402242,0.327643493167438,0.157727512086188,0.183873199764155,0.146574716388677,0.119930519711301,0.162205131805873,0.154626038683418,0.376378490492525,0.284629469130628,0.140241861340189,0.262896470388267
"brachyrhachis.aff",0.167642500848187,0.225303456154085,0.103328657012208,0.155551493085614,0.184481189685296,0.14717850024666,0.163253209325811,0.168966625609993,1,0.158306462798579,0.176039898981716,0.132468228512777,0.177819158289757,0.161228210208656,0.331221427134295,0.246830647242949,0.152819474155972,0.242589611152514,0.188690211991495,0.143829353198234,0.177668991235116,0.151250668017855,0.255252742020807,0.186407901802566,0.140587407683032,0.122276624606098,0.162206831078373,0.170098758367608,0.195067512732843,0.194661498634108,0.227199704642572,0.142995630346294,0.22308572469972,0.0661160389640403,0.199930521718477,0.155864207827676,0.172310766041988,0.158570797254105,0.152764358303084,0.156488836379624,0.156689769468142,0.198489309094696,0.102712434725593,0.2236409601044,0.193315649511346,0.133083987433171,0.109864670119956,0.220299122314954,0.138604235523066,0.117806234164646,0.138216478643513,0.11209427854864,0.166481937335806,0.141760528559688,0.140441294229563,0.211921078032837,0.156612607089344,0.173773562713999,0.125408068440053,0.146342366181286,0.260596010433542,0.159655455887748,0.153196660718171,0.165191596282121,0.192525127362567,0.214958583690592,0.144875381216628,0.162969330880361,0.154700303533871,0.190538564712908,0.170934376034367,0.131851664468425,0.147698324557031,0.182293717970141,0.229850151666851,0.191441428397629,0.125692734462597,0.116121964648302,0.176113143050499,0.14852700735057,0.149613652223901,0.195984947219639,0.126960330629634,0.172176460589572,0.108189878377899,0.123448320351934,0.192566870801539,0.227965684396484,0.127981403363009,0.164939288436511,0.138193061861762,0.204735677611987,0.14632465038154,0.210344801894223,0.169437366549501,0.109882468360029,0.126606086290786,0.201517760542784
"brachystachys",0.212505948686073,0.25689888062901,0.118203646363366,0.1911832615622,0.370915938915236,0.17908043397527,0.156347306614648,0.183745160177773,0.158306462798579,1,0.387784940846034,0.345712531384702,0.209236618421351,0.176233148522414,0.252707148077559,0.200950634200814,0.244941730693456,0.206651897285244,0.211434901818256,0.111639493230104,0.201923551504022,0.190251290017857,0.231910669462792,0.185460014751704,0.130380863179271,0.293826954849438,0.0948560405919998,0.23270078237333,0.17656490922618,0.258816710242479,0.209619642937208,0.359406078834277,0.203396179960325,0.0719759306446172,0.416981908975532,0.256351620060848,0.234365397685721,0.159421695119296,0.14257124800689,0.199333862768487,0.443096147789088,0.216143160216733,0.130205866575338,0.211645624119378,0.213658019762958,0.133651566414431,0.337421562871753,0.203447390449705,0.290798026180112,0.270710193780271,0.145914926410143,0.164778297229469,0.270053095567693,0.179524224190605,0.1378364717774,0.139080193685215,0.178066488363656,0.219327427208916,0.298684736534316,0.156458054982519,0.16456611585313,0.249646644771934,0.341802740590337,0.236028863585286,0.179619938001048,0.214858645665199,0.194915287216028,0.190816299113393,0.212772337302484,0.209314886731342,0.385854231424223,0.181164583703803,0.14021593686689,0.193174403789045,0.266620465066253,0.185695897857429,0.134990292994742,0.124368791697668,0.195082918520416,0.179314056314147,0.177663216680415,0.248254011783001,0.0958053529438299,0.210711834566866,0.0951471808519795,0.140747465250582,0.274015225792158,0.184453604217717,0.21713681669532,0.355604755769081,0.142102048731581,0.332042401648944,0.150604258314303,0.159809790966939,0.208288581741828,0.412709180061053,0.125399740680321,0.210791796990298
"brachystachys.aff",0.19535258148454,0.238784746564268,0.131243074317382,0.151197273714642,0.31513179060686,0.147058968778681,0.143925964373567,0.172821858125387,0.176039898981716,0.387784940846034,1,0.299864135355816,0.194238417785319,0.114180891250813,0.215376677702148,0.182493839663497,0.156619701880635,0.203367192643194,0.205794439995508,0.12556013877758,0.16899150440524,0.154570314117424,0.236464366097761,0.173458394262642,0.132823002405094,0.261859887966876,0.110146250772793,0.184077441269606,0.155922681708817,0.245416896271277,0.201839285046099,0.31544880525351,0.217059653676242,0.0512002624096284,0.365868021772306,0.164931064757555,0.189419375358668,0.169309268427005,0.154760752771685,0.184701655996369,0.389304335375763,0.209369415206792,0.119155609928287,0.212770691843577,0.164514402186267,0.129900423647087,0.344241365131715,0.187098658287183,0.285866002632604,0.260938443273197,0.15310957365876,0.133614924455174,0.239954363867492,0.112187265581843,0.16281621824948,0.172191547909198,0.184021740180352,0.206201435478844,0.262195388287448,0.141274472325144,0.174015822067452,0.157451077739172,0.195061956725806,0.177840895136184,0.1863741667711,0.219457394561534,0.192875730235058,0.175721789924713,0.179410942715805,0.170728281790237,0.376684109563467,0.14616768101536,0.157158740888579,0.235593990503202,0.160122003501808,0.163102295717642,0.144494049561595,0.0863263663605703,0.176490419499315,0.171592701576583,0.161631308732499,0.232864807704565,0.106795946621289,0.190755418135808,0.105658998395665,0.113342585927544,0.195627096789937,0.163507257134045,0.191474403790414,0.320570907913625,0.171111118316871,0.361716730353752,0.208200487781642,0.169881264357501,0.213386273702335,0.357189033775915,0.149464050452325,0.247738648363208
"brevialata",0.205078952727633,0.223887955086276,0.0900159705816028,0.180932314052625,0.337556857267754,0.17717343236821,0.157935904778306,0.151517487515242,0.132468228512777,0.345712531384702,0.299864135355816,1,0.190875379363229,0.117829346738408,0.180903944036828,0.146905205504368,0.195659190030503,0.159625270511997,0.175397755610679,0.148907899909698,0.187711693430191,0.179411115111302,0.159400886891004,0.173649179930909,0.123123361833144,0.274720549139705,0.0949133616708894,0.193869259643404,0.156148505614705,0.214956978888784,0.175365877780146,0.288293202675632,0.185684161165773,0.0854040174623231,0.33415910735323,0.187251085246964,0.221875126385734,0.131488097285563,0.125402339868021,0.182397032959174,0.322959619803343,0.194786554141847,0.127660596690525,0.235920708556485,0.178017934224223,0.0910666105419179,0.243339133085899,0.187949632200548,0.294943745735646,0.304466414790079,0.11007513249825,0.112231987387205,0.175093035592089,0.111739988513006,0.109819337909385,0.113450612045393,0.181173174090911,0.18820881352018,0.254639928625772,0.160094098837497,0.152873610050029,0.191099537055235,0.189585568004826,0.17164379796943,0.150193338386029,0.16145793578322,0.171131655050947,0.213489018523534,0.229324074549941,0.190407262406316,0.337074273769334,0.155905409479868,0.144133888502652,0.142115071170072,0.157878498420928,0.15812835994611,0.126285649288418,0.137819983174727,0.176384712539112,0.179386175230103,0.14807280018931,0.210835878715096,0.109378257710365,0.212043564190423,0.107146355778306,0.169256473446715,0.196899264472328,0.172039529433018,0.121944247956551,0.325419792980064,0.140325084690848,0.307955806982213,0.10328539509785,0.168386626576918,0.150365500027262,0.302931671202693,0.0910882178480902,0.15408288547563
"brevipes",0.136631207973801,0.13630882983354,0.0865015981473074,0.0865013325181131,0.234369614114326,0.101994213874289,0.0994645307454375,0.122684259368561,0.177819158289757,0.209236618421351,0.194238417785319,0.190875379363229,1,0.0869330875858849,0.146981358304974,0.102988101133799,0.103385154895488,0.140063725314516,0.126717598711536,0.0749665661835644,0.123292690685996,0.103518504033718,0.190960411339,0.115800563025809,0.0954758818677558,0.179671995500881,0.0884792055076992,0.141845929002669,0.100098832023802,0.14981713137199,0.0968738494539933,0.17165495669579,0.128836921929302,0.0577101122834298,0.219055760129253,0.118678609244225,0.133824835466191,0.0955943568842171,0.0765572109786097,0.102966495512819,0.21517883539786,0.101537732826818,0.0752654426121368,0.133472530790146,0.108225042013704,0.0907044761236467,0.180037304742023,0.127421826431084,0.190916204307419,0.17593246231241,0.0987114746567799,0.0921073431532291,0.151157013020531,0.102374109340733,0.0912460683781238,0.104592036556657,0.123974671299825,0.107900735265651,0.168182342462153,0.085824745538782,0.106487744965275,0.106566169693745,0.149784243983628,0.139901502343242,0.117193789609627,0.131742140339807,0.111772327484502,0.100237281235536,0.147345628289894,0.112068881896428,0.221634053186264,0.0934225429559697,0.118650666035434,0.113947058814984,0.220312368469914,0.137250737872894,0.104605591981856,0.0700002202796247,0.116182731950096,0.109701027579523,0.0940659722805948,0.152710955332807,0.0908257601815471,0.101137995864612,0.0695832881130339,0.0982538190642044,0.133749114967096,0.186954902005038,0.0895082609046477,0.212081499694494,0.167273790793319,0.181303012810276,0.0775908358159194,0.0943373602292315,0.127697077161584,0.188307931742804,0.086845762499522,0.114059121936188
"capitata12",0.236563535617009,0.136467560119189,0.0696770694636684,0.181302755907386,0.157178427905044,0.114058066505465,0.138118729306263,0.123543915622058,0.161228210208656,0.176233148522414,0.114180891250813,0.117829346738408,0.0869330875858849,1,0.159767566804968,0.415932216747862,0.175800241787615,0.188164466855498,0.126652811200593,0.103314201261514,0.190834476865883,0.116382266290956,0.109901458564412,0.169016847384851,0.113122289683234,0.106669697471548,0.144462002963267,0.143063730252816,0.120522120240711,0.179743072106106,0.132777152101829,0.110805329221994,0.16680664811511,0.080075401737794,0.133927292994746,0.127562790829063,0.132164927832587,0.114207253164804,0.0839273210529727,0.113431622459687,0.124081792091195,0.147783892759635,0.097893484326565,0.163687659959189,0.123681609053025,0.0849034093238371,0.0777110343181752,0.159887058239081,0.117706439859293,0.140113117554668,0.148070034243972,0.0939236617474409,0.145570828145643,0.0848712159678498,0.0956243503836727,0.0907235302244648,0.103881577707507,0.147118532243843,0.116657389440114,0.122809036702476,0.14764988161356,0.148425778917441,0.204930627881522,0.135801070620995,0.122951663828628,0.14034787215903,0.106906496999926,0.164258679207591,0.126497634722576,0.163433467011876,0.124509165715642,0.0928339401205048,0.127255705778763,0.127523129675563,0.108836602478475,0.11828438620727,0.120237179638217,0.108007339561492,0.125406296784877,0.103955255154206,0.101459899689874,0.146452886880534,0.09228620484014,0.122595771550222,0.0993965288484125,0.134923886023723,0.148913220521059,0.0947518380912234,0.0817216215615923,0.139151916633106,0.122354829384947,0.120784244769701,0.0734354996699506,0.187382071517508,0.11706413490133,0.114669286329022,0.071580109258391,0.190696096862041
"capitata33",0.337235862498235,0.300676991538863,0.160448403867604,0.195454391696221,0.330595898914858,0.248505945593665,0.21891015861283,0.262643664384491,0.331221427134295,0.252707148077559,0.215376677702148,0.180903944036828,0.146981358304974,0.159767566804968,1,0.214339519700109,0.275222741677501,0.291953459422117,0.228819178831144,0.131384983697121,0.221543094090506,0.224305846490855,0.253280890248966,0.196388946753235,0.167557688662443,0.140989996650835,0.118655541375984,0.444324185319651,0.191790843594629,0.352337017597704,0.217877182408554,0.158505782278285,0.267519788433622,0.0674140317092425,0.253747116559536,0.422034993609908,0.450589013318289,0.196687690963738,0.184004477561874,0.346578448798653,0.236347953316734,0.263423046176046,0.199279999852828,0.3151963676111,0.229694693800728,0.130209015627591,0.11672041445055,0.269566146314446,0.152657198240632,0.154212147649688,0.155884299465603,0.245567352706908,0.367184232855337,0.163003520521282,0.223471716234584,0.194040289537628,0.225313087022104,0.43856662938511,0.143194863461945,0.152348147460084,0.200347187468802,0.227788804761034,0.269669959062432,0.348664442153965,0.198747803284976,0.238349712745661,0.307740900424148,0.231324042953856,0.268563603870538,0.229909644480287,0.42432757060631,0.335922515302781,0.175764819545864,0.246609910980323,0.24546831599768,0.217800893026174,0.168652157950716,0.117204340006932,0.203357822691658,0.204877518381116,0.215573552203121,0.272064586809594,0.123507872349386,0.267278995886446,0.101098949370751,0.145837968762198,0.259228366186115,0.225065873671173,0.248211375927259,0.318622533548212,0.163252308615746,0.181872007522067,0.259821391250655,0.192129454916983,0.282461964434217,0.222245863631993,0.183449527572546,0.267689250834058
"capitata35",0.17333980707612,0.195350040845964,0.116422575327354,0.147440329293086,0.196625800080665,0.13043851108606,0.151339072355783,0.151745390690563,0.246830647242949,0.200950634200814,0.182493839663497,0.146905205504368,0.102988101133799,0.415932216747862,0.214339519700109,1,0.218079954172071,0.284858368166924,0.188163883281461,0.115978119429015,0.189836769835288,0.146089592846579,0.145056060891712,0.189328398413315,0.140030200966307,0.119946521778016,0.17753597732397,0.187170759621528,0.160415624633075,0.209587061635954,0.174934911426279,0.111972595872564,0.193022820711744,0.0649891676183042,0.172827857382747,0.211939659304206,0.178200721878346,0.133382888834151,0.12094988755768,0.160186350658936,0.145130465257154,0.190729569760408,0.115194378426653,0.206774216916251,0.164530865419545,0.122315330420457,0.106252296338789,0.208514920693435,0.159956297905782,0.134439124839848,0.128680399366033,0.125037200682366,0.190614559958774,0.123639273844158,0.160734758602195,0.133575023132255,0.160272365695119,0.155798394144302,0.125076213331476,0.137948178835503,0.149913670921669,0.168602959893272,0.252818402128578,0.16739469715103,0.170290196256166,0.198385398609214,0.143698366013037,0.147394385968788,0.169400549723296,0.190436630186239,0.164632940586078,0.132527924398141,0.155366731024295,0.166283629847112,0.155822710799556,0.151331863199346,0.150736565149824,0.126625920251117,0.183817147423295,0.164138241540742,0.141019203148297,0.194211090675125,0.124717753103768,0.173422100288216,0.0977269281661685,0.133921897169504,0.19177757782881,0.124626748329731,0.11995743169407,0.171600825939095,0.164815739928205,0.14719589516994,0.124428514502757,0.222008150048861,0.148757856254137,0.116591317638639,0.10189972631482,0.181384142570749
"cayennensis",0.2704669007816,0.224131025973737,0.0865985476394891,0.236218982302599,0.239114445989858,0.154866139825744,0.20026997046873,0.168268900445857,0.152819474155972,0.244941730693456,0.156619701880635,0.195659190030503,0.103385154895488,0.175800241787615,0.275222741677501,0.218079954172071,1,0.208484409566592,0.185644833908068,0.178158940976689,0.26787579484048,0.178179053442899,0.159096269690609,0.198815580320716,0.158714614608678,0.0997249503491272,0.098038854788007,0.252755835932804,0.196669715784362,0.241296708592665,0.204690132435454,0.18098651612077,0.228494100864148,0.102853270186905,0.189434258732108,0.260130710959107,0.276982391268508,0.145532994058748,0.107319078618868,0.23049618178573,0.238905331446626,0.225759875212646,0.136880635303887,0.276070455389011,0.184376286657189,0.0892159234638133,0.105351433208143,0.216043726704281,0.129647059981594,0.168837233272167,0.143328693302769,0.235480065132529,0.261205722376593,0.111023056849042,0.137868089307693,0.131507422689937,0.244675585140596,0.258312979744192,0.142439279047822,0.160694903700041,0.164311708613079,0.231423100688164,0.345853396524542,0.242389371657818,0.168513945547257,0.187534818037786,0.22078626499632,0.303440660789379,0.213678159996868,0.201025729503746,0.236042543253788,0.241383019598862,0.163374099376081,0.149720304572193,0.200996366553516,0.154918158014943,0.140812138082726,0.204477467408581,0.141179870838113,0.181638464008253,0.172559301910371,0.239845006266812,0.109088856922243,0.252633503914949,0.124808356993812,0.120630760385805,0.204832255543293,0.127531131878973,0.143240151236688,0.226783245405484,0.140132091191069,0.169607423967821,0.114131732584057,0.151326788334056,0.172712598246716,0.143100056649457,0.147456944387259,0.194163851361767
"chartacea",0.233175332629758,0.373968848567199,0.144647948149814,0.183225065822433,0.232019592434391,0.182718052906842,0.182810087068257,0.201147413285738,0.242589611152514,0.206651897285244,0.203367192643194,0.159625270511997,0.140063725314516,0.188164466855498,0.291953459422117,0.284858368166924,0.208484409566592,1,0.245257319006988,0.153213510965553,0.235951735268995,0.233032796579288,0.216883543626561,0.218120654266728,0.151197917041581,0.149109772308035,0.130322907509584,0.214360351012367,0.218104430987365,0.263580933247051,0.222035624884053,0.141630731846571,0.296121652832327,0.0782358686382933,0.17403130151921,0.199972880825113,0.216293010568249,0.200991494431539,0.229523600900108,0.220693562628701,0.203487125463127,0.249740201861958,0.156145990878711,0.242612417297206,0.220958639745124,0.171198456873218,0.144108030954705,0.236287853578452,0.189047874967543,0.127250936025759,0.162011540000109,0.165128245496901,0.240460261754457,0.161070620764068,0.186049666978558,0.285049946363305,0.197760025335665,0.211032374157178,0.145425912151893,0.165044072554032,0.239015303538895,0.213730703937264,0.239034711947029,0.215859885509468,0.214068182466243,0.32105484031521,0.217201927029789,0.207831752383464,0.203112642506229,0.202632437814752,0.183004281996513,0.158736583011061,0.201857552959246,0.224106872436145,0.190925836690349,0.232131738990924,0.152141455004399,0.138253822869228,0.203675677154857,0.178856535094013,0.184520727497949,0.282220153454403,0.116848828430509,0.192849740443435,0.111064862275601,0.156004957095521,0.230011604555875,0.175289012572153,0.172453204216453,0.205134243320745,0.222128603791021,0.178367140064432,0.152134705820035,0.181081334190713,0.224334811861808,0.136419512907805,0.203904790429096,0.227703549501216
"cinnamomea",0.196658693657085,0.228327702821869,0.127538977646628,0.190702958132193,0.246204720453258,0.152177171203237,0.217720922402227,0.213230272099372,0.188690211991495,0.211434901818256,0.205794439995508,0.175397755610679,0.126717598711536,0.126652811200593,0.228819178831144,0.188163883281461,0.185644833908068,0.245257319006988,1,0.132544798042027,0.203321397919876,0.185472855635349,0.200619505416516,0.196902738409337,0.146253456172267,0.112347540955153,0.114736048810038,0.225695459552132,0.177620444584277,0.230817305304599,0.211275789991593,0.142994544804748,0.227371733242751,0.0756154441922767,0.177209577028318,0.186831762197434,0.213767450939021,0.148308088399256,0.138699395688504,0.211945593515254,0.204640185352762,0.221523753154318,0.131847884839186,0.239880923957758,0.191829565445016,0.143728042263869,0.101980826797416,0.228676115213501,0.119568767702047,0.151831960899912,0.151778435294712,0.130285418174979,0.228447106501127,0.136383963078377,0.164749527722615,0.146007588741276,0.243084558573313,0.204993985912903,0.143294537071643,0.163217902651542,0.203687024047872,0.197957846482489,0.224754103041344,0.174679154457901,0.202631394853533,0.1999861946233,0.201488425940368,0.201600177425977,0.230218361678957,0.211816050197857,0.222623875850325,0.176822414201846,0.16611222791323,0.195977358444628,0.178485624431836,0.192073850535108,0.143579655429431,0.130365794991799,0.172380720268415,0.191336775429437,0.165593677863529,0.249599823002972,0.11207761575929,0.213094311627092,0.107717918827277,0.166113866562678,0.209978249495367,0.140907230333301,0.130980354074423,0.225020702783383,0.170817654162552,0.17189948585073,0.142013733030351,0.166790639450081,0.191028456256487,0.139397553253425,0.156332056027808,0.219753074643147
"cocleensis",0.165462172298067,0.168449754254093,0.0805657528591271,0.186513208394716,0.184840284000927,0.089570255492732,0.233591569744792,0.118410629921537,0.143829353198234,0.111639493230104,0.12556013877758,0.148907899909698,0.0749665661835644,0.103314201261514,0.131384983697121,0.115978119429015,0.178158940976689,0.153213510965553,0.132544798042027,1,0.210830580005227,0.174901345449438,0.129080912037733,0.217130862347992,0.154698911914549,0.0904651582737898,0.105486094781594,0.12718724204833,0.248487887104882,0.130530790112251,0.178418162127619,0.151897641796418,0.199282724156283,0.146023484537016,0.122418132026431,0.120937940926644,0.153510356826733,0.225361758280818,0.122295724148482,0.116101342037792,0.125956902506264,0.178696994679631,0.13677659199766,0.142854146399976,0.137744519483723,0.0913129225249116,0.10643177964175,0.146743883888269,0.132755364348662,0.135555571594414,0.14539938593519,0.0865242902421408,0.150444890225042,0.127078493971229,0.123392545281982,0.126671333518239,0.153365477749241,0.127407492682662,0.164683195486922,0.143915856811797,0.15804930939281,0.175676861619437,0.14260173201956,0.116269151631777,0.157371325333579,0.155948470943769,0.14184759389856,0.178213500930501,0.158364545139699,0.218664528213701,0.126839082918443,0.135593584641941,0.224862887371638,0.136624221042643,0.115714416199889,0.140500063491109,0.11388042220878,0.164838933454859,0.123628767821108,0.110507367392358,0.106680343123465,0.162049054477567,0.0886630470667827,0.121709101033316,0.181131769741765,0.142604128561384,0.157460997437068,0.115558386598843,0.153316603721765,0.153470931645319,0.171226806348803,0.186747742395088,0.111082262771789,0.135081426279605,0.119753599227131,0.093763585494782,0.1434832823426,0.187426803063294
"cordatoalata",0.200978076202673,0.246976321171768,0.108183100443972,0.275145993639193,0.236510412915754,0.186110624299742,0.262951200893924,0.164054815077068,0.177668991235116,0.201923551504022,0.16899150440524,0.187711693430191,0.123292690685996,0.190834476865883,0.221543094090506,0.189836769835288,0.26787579484048,0.235951735268995,0.203321397919876,0.210830580005227,1,0.20137783443252,0.162253122242782,0.322132577591754,0.154698062115155,0.13234655329223,0.126906893839051,0.223514309415995,0.234107766490779,0.210205056964239,0.219186996873205,0.176208136013356,0.266904323358991,0.143886710807567,0.197401824251117,0.17785977437375,0.212646770680963,0.15480054506288,0.129127888976347,0.222137039286638,0.175997594517186,0.225887665118058,0.17503295134645,0.223130502227833,0.213627531719996,0.108338392740858,0.116733500994667,0.215343044491818,0.142015294614299,0.167780900614357,0.133467192309682,0.123364434991755,0.194881619451002,0.129523623531772,0.172510151136997,0.153994605303171,0.200922968719787,0.166640805234928,0.253239409984356,0.166552543419559,0.251492539331975,0.267418220526922,0.200248094088425,0.195351053382371,0.216064899416572,0.195984970440119,0.182682160026607,0.273056648403927,0.222588002238751,0.27547551819596,0.180902555962433,0.162260131033729,0.183221907954229,0.189857351976185,0.172927631306061,0.247840749986094,0.146303927272053,0.307005855776477,0.167054432928265,0.163289060726288,0.271205589742622,0.232449806046384,0.113710345584747,0.188703905147396,0.166319624276026,0.174962120384333,0.223612888209863,0.14578323751653,0.13299953843943,0.229004773062143,0.172867131003278,0.227167983839816,0.127351471545141,0.179535944672752,0.16393801706195,0.164703706906833,0.119263151009427,0.232111197953887
"coruscans",0.167521064551177,0.25801166328346,0.155296192856397,0.172297854949423,0.27061739558895,0.175820672997348,0.177859313285668,0.175697470612973,0.151250668017855,0.190251290017857,0.154570314117424,0.179411115111302,0.103518504033718,0.116382266290956,0.224305846490855,0.146089592846579,0.178179053442899,0.233032796579288,0.185472855635349,0.174901345449438,0.20137783443252,1,0.242901452999952,0.189990092657924,0.197358152975081,0.106983694885073,0.113198955510277,0.220004542823293,0.204044427980259,0.224370476565862,0.200375274065063,0.131752330297794,0.212202619624589,0.0941349218331254,0.191685903684586,0.206326874898205,0.217516088921725,0.183612663191622,0.124824131198316,0.209781063583076,0.180317031825935,0.232268964962255,0.171852488436948,0.206108411790742,0.231706268037664,0.114404112840764,0.102565959274569,0.220558974791577,0.178039496329003,0.130642557280669,0.129123885200763,0.171234969107962,0.196483834214139,0.146367732086942,0.166892135366463,0.141947443035555,0.17395823927961,0.222485454708621,0.162007146836419,0.212956393017783,0.182143142536673,0.185568116151291,0.199653938280634,0.197631514311595,0.195317540281216,0.184047081218235,0.218339497090016,0.174758717801454,0.245041320051551,0.217751434554723,0.182774019171407,0.180451427107643,0.191059388414402,0.186983991825144,0.189098520182335,0.220783768895071,0.127309656516684,0.152405337303786,0.213481952513651,0.162149466600015,0.173436169699813,0.192505934794401,0.124993566973291,0.189761229905964,0.107937437613952,0.143731931216043,0.197492531407384,0.219769493213609,0.154534671084087,0.190249626645625,0.156906457071517,0.176811403378553,0.158693647342868,0.186143873515525,0.199142893299634,0.12972851054257,0.142566623086125,0.214550031825676
