"","acreana","acrocephala","acuminata","alata","alba","aria","auristellae","bourgonii","brachyrhachis.aff","brachystachys","brachystachys.aff","brevialata","brevipes","capitata12","capitata33","capitata35","cayennensis","chartacea","cinnamomea","cocleensis","cordatoalata","coruscans","cylindrica","edulis","fastuosa","flagelliformis","fosteriana","glomeriflora","goldmanii","gracilifolia","grandiflora","heterophylla","huberi","ingoides","jenmanii","kursarii","LA17","LA41","LA48","lateriflora","laurina","leiocalycina","leiocalycina.aff","lomatophylla","longiflora","longipedunculata","loubryana","M18","M25","M27b","M30","M71","marginata","melinonis","microcoma","multinervis","nobilis","nouragensis","obidensis","oerstediana","paraensis","pezizifera","pezizifera.aff","pitmanii","poeppigiana","punctata","retinocarpa","rubiginosa","ruiziana","sapindoides","sertulifera","setosa","spectabilis","splendens","stipularis","striata","suaveolens","subcapitata","T18","T21","T29","T50","T51","T82","T85","tenuistipula","thibaudiana","tomentosa","ulei","umbellifera","umbellifera.aff","umbratica","velutina","venusta","vera","virgultosa","vismiifolia","Zygia mediana"
"acreana",1,0.316186066090259,0.255057036864709,0.206246411508596,0.195511485345236,0.23742605616547,0.200124322318376,0.192923818690648,0.253123372424755,0.126172081778493,0.22764356200624,0.125275619349476,0.169272946511772,0.197173288490061,0.22181182466845,0.187376877444562,0.238975751766921,0.243174451097443,0.227519945792435,0.214135484761495,0.189435310421502,0.169155790459836,0.179673507719929,0.246165726538296,0.18532748833496,0.187713952287418,0.239168690483026,0.190367844850244,0.296645367294938,0.138939068141086,0.110608084052039,0.221647160273408,0.261491852060836,0.195090753980312,0.158562735704435,0.170286457711385,0.14306775818927,0.193856342437935,0.143278938782604,0.235169537244145,0.181556036155107,0.211478196109538,0.196272832496338,0.240166589601385,0.229006708877596,0.281746482886104,0.148314444496168,0.249062206221537,0.149686196392015,0.157037694822581,0.139169736361374,0.129613124644092,0.227702876597091,0.199997887231506,0.106549488578063,0.294681011701039,0.209074672383462,0.172105848253563,0.190496937297809,0.214496236944003,0.199839446149034,0.225564271655762,0.21186459520572,0.237382578332188,0.238219351363396,0.257885700041983,0.169769045906972,0.218948532901835,0.193581327857064,0.206810422330821,0.110310154941802,0.1853278903413,0.201898620507322,0.165238292398135,0.159814819286897,0.162623106326677,0.192879258308059,0.110034783982947,0.243390040699527,0.177582276584468,0.235306372430261,0.290167057341541,0.150736591775887,0.253112765158021,0.103293691291853,0.108529407100784,0.184542238038991,0.16255699851562,0.15035185230738,0.193970551212149,0.198868631603576,0.15686632878686,0.179297924486818,0.131917690475399,0.213754532733363,0.129595007583412,0.0998287620932826,0.16598632076824
"acrocephala",0.316186066090259,1,0.286805445867272,0.248717844802268,0.235784440824987,0.339480585499307,0.218314652190429,0.305307724139701,0.26498354333068,0.152658847489781,0.197268357803894,0.15811127188075,0.252780727050724,0.19784853531495,0.207888596977625,0.16390001232596,0.265893961079575,0.365253540041319,0.328678827930325,0.241817814581434,0.202966919203833,0.172768837342247,0.260203984846584,0.277656308813778,0.188768150353747,0.209195564511612,0.298223561200861,0.209934641642512,0.287190839266704,0.199678138008988,0.123083374081815,0.259042424118486,0.342104622316268,0.21820485897179,0.273750934205451,0.228070823590228,0.149840811518463,0.206652503470359,0.183201809981336,0.320829668937996,0.205475059438662,0.162230805800072,0.279286202135144,0.276464788993745,0.235907158617996,0.264691078522215,0.206690575424745,0.212299783466577,0.167899040684807,0.197695023489875,0.157504045081249,0.139569164870708,0.335382650681966,0.295732264515635,0.117040716427678,0.351233602688104,0.249696953608033,0.209035186362672,0.234379917908974,0.285767187002752,0.161181514912338,0.344585874864304,0.217044465900731,0.281516222818436,0.327694433280829,0.299580122996836,0.190791877837961,0.314334658703067,0.234990322105698,0.219697464216887,0.118679451330819,0.223381090675688,0.19693733388803,0.198071986658582,0.183606068471409,0.198797003333005,0.199277060922039,0.115478626557467,0.285079625708956,0.215004844942933,0.286746377636915,0.249331411599503,0.25564657254128,0.283088997944888,0.11505389129589,0.158246271017182,0.218687909407082,0.175670796084348,0.141683532827093,0.209759221847723,0.211705834242726,0.235019649618691,0.243100034071766,0.129904874153755,0.297184916360595,0.131378372277733,0.131538847006361,0.197851561085412
"acuminata",0.255057036864709,0.286805445867272,1,0.188969728190435,0.15728628110824,0.281131006356332,0.176937559497949,0.245762519430232,0.300859704119596,0.124419659020356,0.130294270312723,0.141104960184092,0.216058795918817,0.20707141298503,0.192264933491889,0.154795152399733,0.27680501871881,0.246277807405113,0.297008869983216,0.317141876592328,0.180390564189318,0.147363402196315,0.180459626829898,0.291337811588705,0.170168259017634,0.194782621801672,0.271157154152051,0.160033734918902,0.197092768422127,0.150358626641546,0.109292493864657,0.180821605806005,0.293278181040142,0.164788535005277,0.178752637210627,0.212160515454551,0.137235738355041,0.218734935763482,0.19594540417551,0.288020708404212,0.166161580456011,0.139194007442088,0.237777489833121,0.223267681472161,0.217827872754402,0.212394279212027,0.179203773160014,0.290133790770629,0.149728357567217,0.159154899878626,0.112353146394558,0.159693464247914,0.282471398224182,0.242706334307444,0.0928596949997178,0.295799954028633,0.217987719232023,0.183803088205506,0.216186968235984,0.228284897518355,0.149394102138435,0.246956746482806,0.31093941239549,0.269664000627625,0.281522224548206,0.243285267551468,0.140934282254201,0.227303746810508,0.173349013064111,0.205271835974887,0.0997187062833258,0.184077776874548,0.204410426202636,0.153997760290986,0.170147681655133,0.17876259447465,0.208161140556599,0.102142909043714,0.233913929374763,0.195484082932492,0.250971202691782,0.198899804615012,0.175751872514306,0.289204736038663,0.11469654049442,0.153247528714206,0.194876503859599,0.194995702132364,0.21772584286577,0.185281178488959,0.234940565552774,0.185828355420959,0.205904225130865,0.11653508241113,0.220976857687909,0.113171675311691,0.104997109899178,0.155765157020039
"alata",0.206246411508596,0.248717844802268,0.188969728190435,1,0.2036987685669,0.240188865968745,0.205482182094299,0.220825638522135,0.181214060933766,0.147536466540193,0.143278435860257,0.132687377332157,0.153085228301459,0.194145398982004,0.197419648364199,0.168654312671077,0.247397175263074,0.251311337365421,0.200351626845923,0.173824810974341,0.202895692571457,0.129791977873345,0.194593072508585,0.241772900869264,0.124243577102084,0.1595980607506,0.211923818476509,0.161759429485907,0.187631919142228,0.194180657100326,0.119236601031724,0.158924831660741,0.241369788074632,0.189949401362906,0.175316380187796,0.172288397350454,0.137555505127099,0.205105744598654,0.136156888773966,0.233198736090429,0.175546016263784,0.167497954233174,0.204157900509092,0.241775545653473,0.219635147661313,0.190155955414618,0.145668742488131,0.185995732659897,0.157583337445262,0.161153873324393,0.127815104382517,0.235392692352171,0.223762229359285,0.208706841126628,0.143725815187656,0.209633082602283,0.225353602009483,0.186516572492753,0.181540161167349,0.242759516060191,0.184944262394755,0.264091370203182,0.189829750984765,0.305317573176451,0.214845704053837,0.279988845353409,0.184441566895777,0.233327691689963,0.153626676322613,0.182844838107083,0.114253414776413,0.194599794072575,0.186580546024586,0.198365503780471,0.313083704191153,0.200851716676984,0.16155246643053,0.101088074637475,0.209571336027342,0.216991442251664,0.291618089258277,0.188511750066402,0.149188463495874,0.189908475282288,0.128362681136579,0.150167529450617,0.209910016658588,0.156748267808827,0.108096428758905,0.211251218043792,0.199058544072233,0.172034556541791,0.248287804035257,0.146801698817716,0.243784561446264,0.118049142798313,0.117146987278856,0.18020964851897
"alba",0.195511485345236,0.235784440824987,0.15728628110824,0.2036987685669,1,0.210551415239447,0.2418630100285,0.181212144538446,0.190470231765959,0.274904228565168,0.254847394044142,0.26995757765539,0.239184273920084,0.220895733198233,0.203188310677464,0.161158429874693,0.166267696317379,0.208171430363719,0.184737637050719,0.183069534111897,0.217805973348207,0.146963608807307,0.218156308440327,0.219776702564358,0.16302945613453,0.251634498402004,0.190949102650322,0.167474272145943,0.156562603745759,0.175791987751485,0.150515317506822,0.263254347454933,0.205572180143173,0.16923499682618,0.285093479807614,0.160598495307701,0.138780144581906,0.205174359609884,0.161727424348202,0.190577778730507,0.311847532051248,0.208112838208521,0.194505549035598,0.233576812367457,0.180012735014251,0.174394257609588,0.250256588447033,0.157622318516904,0.26708385103199,0.283764178407842,0.131344535707968,0.121631162399864,0.183827502631636,0.190776035412632,0.123052868226185,0.163837660229679,0.227418221330191,0.17023043448191,0.302488501566073,0.195047137257047,0.194569943909208,0.219544283629472,0.182701431276003,0.167437891038884,0.201509558476574,0.243606371950947,0.145011996636664,0.213786705738362,0.176722994175166,0.179070414710645,0.211343880148405,0.142993350279272,0.214356987164807,0.201470751790071,0.139635698142964,0.194986381754624,0.169076877473493,0.0926790062084079,0.191803271815011,0.168613231709705,0.221629573410999,0.224521956892035,0.168933976787085,0.157894275037709,0.129814602496461,0.128435251546434,0.208035432917813,0.172533022139997,0.118086311324683,0.306743638525653,0.154408710558444,0.271511958026033,0.175823155458682,0.17330812840298,0.178146951465044,0.211088690244499,0.113357685002309,0.186702500810296
"aria",0.23742605616547,0.339480585499307,0.281131006356332,0.240188865968745,0.210551415239447,1,0.16684221735991,0.330369747722969,0.224161450915452,0.161452636027604,0.195321654279234,0.136002152329221,0.245247431650446,0.206182936733552,0.204122741861843,0.174220046887839,0.306093141150514,0.465341403455587,0.375884280583116,0.302396897032692,0.189528420356241,0.160577511609807,0.287550342694796,0.23807171164594,0.143328863336647,0.233854079519198,0.372154694548119,0.184717641219655,0.231118269153277,0.227717489917597,0.126692426089635,0.220535498061635,0.416556689321888,0.190265107872847,0.22496612359658,0.203479245699182,0.111885886672601,0.230961527626208,0.157300249012336,0.3699105344229,0.170231749130922,0.18105603103778,0.407014260114768,0.233280683679136,0.182094237372248,0.25089552942459,0.205609363973285,0.216480655660249,0.154966760387476,0.170072052872694,0.140089794653913,0.210393366971146,0.519863127280956,0.386576239986152,0.128963149360808,0.330658143870257,0.27757184830387,0.190610165657435,0.198532821988299,0.317662779535356,0.147038680675768,0.329900676275332,0.173898717298572,0.276881299333305,0.300786250808093,0.261760179408792,0.188320033743968,0.387746146543205,0.295292174865219,0.200458105111338,0.116350401562726,0.227857497152482,0.158267408416859,0.180801696268853,0.239879511997739,0.205979939561113,0.163133374059975,0.100900984079338,0.212947324912862,0.170412355182534,0.391352747938487,0.203774842874444,0.274018640585534,0.37321415150882,0.128428229899988,0.14671018421213,0.283694145441465,0.147476842976515,0.1746383115026,0.173522235302243,0.188238261617509,0.303971117575054,0.386835601504302,0.138717715988315,0.355939615990713,0.105025166412917,0.138907638977947,0.148393037934955
"auristellae",0.200124322318376,0.218314652190429,0.176937559497949,0.205482182094299,0.2418630100285,0.16684221735991,1,0.20223009023742,0.198585776926926,0.160082115482239,0.16785598676469,0.169093344442695,0.201480561567199,0.285898186778341,0.236506211258347,0.192285095125228,0.178265813705149,0.249558519533121,0.183481884735649,0.221348168120317,0.199653684289903,0.173640079191744,0.198130076135877,0.272292013852177,0.167172120335811,0.16872657254019,0.200473021634519,0.162642081244079,0.184237375393838,0.225139148931514,0.151147735921273,0.156704997036982,0.279810262590213,0.171618532335735,0.242152738225509,0.18085745447067,0.180567548402298,0.173427568477878,0.200344391517484,0.189304866518,0.189866626713951,0.149632994874352,0.232464133923193,0.222975404260326,0.188741172016145,0.196251690449155,0.160669631570826,0.197367382584099,0.17527826626068,0.182804884080323,0.140964017945468,0.119532169394773,0.196523991408637,0.193747147261783,0.11420770585089,0.166656868549589,0.204332237844051,0.208397075127286,0.19681804490144,0.211805549661029,0.209283560405633,0.267286338938691,0.222340069549919,0.233782448869565,0.239206927868141,0.232387732482447,0.142313557558873,0.286646295585446,0.213192126346686,0.277625839304683,0.119334371664716,0.222692994149665,0.191488969364119,0.190576401274014,0.146555387617706,0.280931784134743,0.197662162196774,0.0999158715491728,0.197377729417373,0.227722410783784,0.195991567396746,0.214814305719326,0.191600072788798,0.201198073203831,0.157952198539525,0.16793349667856,0.19309400053331,0.182450741261439,0.111243690846608,0.199852563865409,0.177311828345853,0.177308164446313,0.173685987587194,0.170547497454042,0.187990521076101,0.141236924208213,0.147181071097047,0.213954109886212
"bourgonii",0.192923818690648,0.305307724139701,0.245762519430232,0.220825638522135,0.181212144538446,0.330369747722969,0.20223009023742,1,0.198323326159444,0.142653906651829,0.156623878646283,0.161976496783415,0.271952460582542,0.210819604225022,0.219622596791456,0.190653958901812,0.182609213242018,0.327840997225828,0.298056306178563,0.227389358194589,0.203965022751357,0.140626277763499,0.224746853620454,0.250708196937948,0.180714680933741,0.208124338282429,0.329430095835821,0.174895823790928,0.191485743203622,0.207239331945141,0.119542026080997,0.232929077570987,0.350676220841769,0.162622198986069,0.202591577320381,0.20253969786588,0.111425060427361,0.192894078359348,0.166634469296118,0.305957101226692,0.189647662682785,0.14190578379445,0.31060811283946,0.226295460353325,0.213816220444439,0.206682035079501,0.215980351460759,0.208683306365631,0.155118345004925,0.172747923306203,0.122414890211206,0.15781211028886,0.325554673739899,0.316131586743295,0.126903457682659,0.248334334970978,0.228860042278191,0.169791148804171,0.194946840337033,0.261151489218869,0.13516476769057,0.30590442782225,0.215087339850705,0.234667730435084,0.33124790106176,0.263929794605077,0.145496017968894,0.29374887303318,0.259362595143357,0.196584889932201,0.137874475956931,0.148910945675218,0.188460165416427,0.187439332574228,0.179334180425981,0.215101767494112,0.203030182890191,0.094026328554598,0.210880689067989,0.162451260190169,0.261945873538173,0.222476375744541,0.314196981971833,0.348949630467756,0.102479678751861,0.128496022085777,0.198209619882047,0.196199094040925,0.16868694906172,0.182577320073335,0.182222970340536,0.207697186431722,0.214681866682403,0.16376397865385,0.251515277736307,0.120951652052671,0.112509087440761,0.172048038139485
"brachyrhachis.aff",0.253123372424755,0.26498354333068,0.300859704119596,0.181214060933766,0.190470231765959,0.224161450915452,0.198585776926926,0.198323326159444,1,0.105016243098565,0.202261835255019,0.123375098671841,0.203020263509895,0.205633876678452,0.21309276641534,0.163375750466923,0.207474048758652,0.228112421725508,0.222130837797133,0.218450793310321,0.166997241559548,0.1279584369931,0.157684886009591,0.317622719418583,0.185670203011063,0.160592694590317,0.190777419993048,0.160556715153317,0.25194296655303,0.13790297688974,0.0935742062574519,0.146634324902928,0.289230228759417,0.184481675893507,0.148097958621055,0.136589457013258,0.139737526426064,0.19487046538335,0.134898694990555,0.213228708124917,0.174300715932799,0.117890533890107,0.176512026516648,0.232022759518858,0.171925977952167,0.259649858310343,0.191534384020067,0.448033480326572,0.131679881169068,0.149336076395872,0.153021850214928,0.157001861766428,0.252647228387844,0.185537202342418,0.089283410315649,0.229692300340419,0.219022297881463,0.17417259196283,0.184068793024994,0.196694575850868,0.115268791691832,0.201597408601602,0.199325021726913,0.244033383062639,0.245919295466203,0.209676109029053,0.171938318599669,0.238660995287775,0.148816491182159,0.191999145099884,0.0917326181162697,0.200346775972241,0.235759721860807,0.171305870276069,0.16482343580325,0.146090876405816,0.177906622305741,0.0869298502684733,0.199801830817759,0.160483651259171,0.24252020355067,0.216415539686678,0.15257146966654,0.199648288802511,0.129760723331246,0.113878666059645,0.174549425469791,0.167748586815948,0.280480047328907,0.169983084574944,0.227301064668217,0.165202458391355,0.193083543871445,0.145478635710148,0.204055119463888,0.131422022172397,0.0935974258450749,0.155828896651988
"brachystachys",0.126172081778493,0.152658847489781,0.124419659020356,0.147536466540193,0.274904228565168,0.161452636027604,0.160082115482239,0.142653906651829,0.105016243098565,1,0.390982195748887,0.311824247287085,0.200314594334809,0.233230285149913,0.149727765639549,0.131826811247346,0.142317160801223,0.163544996254305,0.126180253441673,0.131679728373642,0.132774838336675,0.261454070057384,0.1739829218553,0.149247159093414,0.10594482131503,0.273557752453845,0.133080165166629,0.104214188091915,0.137820924042332,0.198883191750372,0.183743121504999,0.370268495620074,0.16206588344112,0.126228298946211,0.407309977723855,0.135091199378598,0.117636042051373,0.161312952705226,0.113834825231545,0.145466039754802,0.370943073827142,0.106579432462364,0.268836256857172,0.150753186086217,0.145030936818189,0.143883574259833,0.359569935492832,0.109127432957761,0.276282814863172,0.271892466691876,0.0867321780349898,0.0691917826630123,0.140957924198104,0.181644248231208,0.100438127139105,0.122662810765481,0.145947454887587,0.121001994349324,0.256747980138922,0.175666118718586,0.173157943370878,0.214344873136623,0.136877108015106,0.123401668724581,0.134542965838826,0.235169672338278,0.180301680259932,0.249988215739803,0.241182289159243,0.197980906662223,0.318560787607882,0.165865703023339,0.117390714522651,0.168432575078173,0.0912532837817596,0.216229819009954,0.13916049925669,0.0654411941226785,0.189976518373206,0.143236108957269,0.15179162753137,0.163496002176898,0.139310069330194,0.111993709838022,0.169726840438234,0.179868817337074,0.256908482840498,0.114200081775118,0.0665468206704313,0.259680168813244,0.0904702517546479,0.312228396121891,0.146390229585485,0.17248263051138,0.144016481420548,0.329726849472089,0.194250347381483,0.13104138637428
"brachystachys.aff",0.22764356200624,0.197268357803894,0.130294270312723,0.143278435860257,0.254847394044142,0.195321654279234,0.16785598676469,0.156623878646283,0.202261835255019,0.390982195748887,1,0.288840034141964,0.231547532928582,0.18096540441366,0.166419467826548,0.152754247717903,0.20324818644161,0.203084830338728,0.136288662589648,0.146186106743125,0.125787991285736,0.208114275652266,0.144573224171184,0.186445069859809,0.161032544771054,0.29362337166212,0.1392518501714,0.148435062257033,0.22665354070781,0.17056352700785,0.136135016254018,0.369471990339315,0.18005685872242,0.147613660404519,0.377535246128097,0.137711125031606,0.116485297828359,0.16853560261356,0.103492595593555,0.156891769291533,0.345607429164382,0.106624957579917,0.22559264183662,0.172710562430698,0.14235925474206,0.211954839090531,0.351020055891724,0.227653232595907,0.260327020614141,0.282379092749182,0.117119907166757,0.115039161192852,0.180066624927007,0.169394072063202,0.0956268014813236,0.242003217186628,0.139399454225509,0.105534411784634,0.288586574804059,0.15488532203281,0.153855969915972,0.187552530779821,0.176258964815005,0.167149193889635,0.157629052697263,0.166342040651916,0.12697599725232,0.217986275118208,0.196115435219861,0.159218648865337,0.282010369921369,0.14749354929178,0.142839976833083,0.15906897932042,0.128758051135654,0.186229673397433,0.130598059051329,0.0898955108874337,0.150949786102752,0.131709464452079,0.162638228141138,0.301092729315719,0.148450799468538,0.139119346407321,0.100536328282,0.135398060975195,0.188640828042292,0.141573901982707,0.124113740718848,0.259550404534611,0.133820840391433,0.317458821976791,0.150784556249197,0.133475968798742,0.146781306938189,0.305507826984018,0.126892843384641,0.120279835762618
"brevialata",0.125275619349476,0.15811127188075,0.141104960184092,0.132687377332157,0.26995757765539,0.136002152329221,0.169093344442695,0.161976496783415,0.123375098671841,0.311824247287085,0.288840034141964,1,0.225010282465809,0.200191815277627,0.134036478208717,0.118619392911757,0.122028445180923,0.163626195676028,0.152308603362828,0.140375114080237,0.156437246664697,0.153198143975561,0.151123191283564,0.163121899096885,0.122303230666732,0.270076788623706,0.130872645065794,0.119553021424264,0.117744818875817,0.126108449231558,0.11800094225278,0.268734019370057,0.161854865198076,0.133305259152302,0.32817577157981,0.12051518908601,0.132348507147553,0.150218280053194,0.118530222835575,0.165733374265376,0.328527657731782,0.148274856736252,0.151023420523079,0.147062486620476,0.147157490723662,0.122703005292068,0.293227782838761,0.106858758938201,0.284895040290518,0.268865501945707,0.0993677434010063,0.0959550834055415,0.145230018979178,0.179574306441915,0.0988688654988952,0.120308093912847,0.143082927004584,0.13907804650284,0.325705877692935,0.168093161104377,0.135384701542597,0.167240012019342,0.140023842153738,0.158218150223024,0.154249285454581,0.183271018341838,0.133062485386155,0.167462374921182,0.147950322838882,0.157613482543787,0.266707538390735,0.154133988403252,0.136571027624946,0.141028886769074,0.106674833523255,0.162590990020697,0.151077155284737,0.0763172032468906,0.203006102360189,0.158645948972088,0.156261574037598,0.22118487040566,0.146267370225632,0.122194529656973,0.0933416939621694,0.107642270940549,0.154792935971556,0.144177923334478,0.0736967011663143,0.268096580121104,0.125173027750106,0.290791776993616,0.131402090268878,0.127115672005275,0.132647275219082,0.260434216380503,0.126890802451392,0.158097380356656
"brevipes",0.169272946511772,0.252780727050724,0.216058795918817,0.153085228301459,0.239184273920084,0.245247431650446,0.201480561567199,0.271952460582542,0.203020263509895,0.200314594334809,0.231547532928582,0.225010282465809,1,0.218969900114169,0.152222048358321,0.126634564319735,0.16243902912202,0.237815683761226,0.229085968176852,0.246724006781229,0.150714147128964,0.105277527427548,0.179792263862154,0.211459417459962,0.147872893989249,0.34406275515323,0.212348476320817,0.13560859850566,0.171896218436222,0.131548054832477,0.0753007586827789,0.256903418748362,0.273887216324181,0.179563271546988,0.275516120143393,0.159068845507836,0.105685575238007,0.161613353322524,0.227367801916512,0.227592585949153,0.229196662361558,0.106310223163692,0.223201645035088,0.200255710365562,0.181215928196494,0.178015227422514,0.295570748270511,0.206507271582885,0.221059369138143,0.26460338277172,0.103862820630706,0.147505682453043,0.259534989873181,0.24998771667831,0.0786229751771114,0.210619179150789,0.191997423635142,0.266332577561225,0.265464955730012,0.184293971752289,0.107049025428601,0.233284408286062,0.178455627186617,0.205436995956047,0.264373766600378,0.174265187080384,0.109653642892387,0.209430119540412,0.194424725884528,0.156054357576836,0.178649180577078,0.135637339274056,0.160380828219043,0.144835436393955,0.124798157665974,0.17607470174913,0.144291493645825,0.0666454076190467,0.16147080999051,0.131947959235885,0.210335149707574,0.162810922938155,0.213136852013765,0.30060108079765,0.0889517573012432,0.113611064605354,0.154848605012547,0.164121819219934,0.150610335325898,0.245909258117852,0.185336290127885,0.274205952578021,0.230713770479697,0.0832753853988972,0.213107354473239,0.191407628692548,0.0844793565218234,0.168135791179964
"capitata12",0.197173288490061,0.19784853531495,0.20707141298503,0.194145398982004,0.220895733198233,0.206182936733552,0.285898186778341,0.210819604225022,0.205633876678452,0.233230285149913,0.18096540441366,0.200191815277627,0.218969900114169,1,0.236003519565475,0.205134319645614,0.205539216237154,0.216264692709957,0.18182792353823,0.230148270712177,0.193151171099931,0.276829470741605,0.211055054283128,0.267239616590114,0.158682664223257,0.182331233157621,0.187712528103378,0.155423945820004,0.194840095636235,0.23747600546283,0.221262095194447,0.175614840302941,0.259167141707175,0.15199294984026,0.284916690577237,0.174226832031653,0.167960975537027,0.221859688663866,0.205606640815712,0.197169156896105,0.223083369146943,0.161886726407049,0.284352353754479,0.27129712109001,0.191211577532305,0.198993250846111,0.191714104487857,0.20069069657209,0.159496236723774,0.174708395409928,0.135485897444061,0.128051882169564,0.192003038020429,0.213567126041833,0.153001960393901,0.162987207686468,0.206985772457865,0.194770703367069,0.220058313036829,0.220295024785011,0.233081915163814,0.294218430556755,0.201299296879127,0.183446855847591,0.238429433722468,0.228820699785915,0.133275559176629,0.345043615348053,0.335815946260127,0.325529751680384,0.145322397499721,0.202224605479193,0.213203494960861,0.217740916549641,0.129829234291502,0.375042252648494,0.244046901443572,0.111126628065952,0.207946144104522,0.205911840796745,0.257090115407861,0.214492489783649,0.19228785656513,0.197533500490062,0.179605756844937,0.227281109706628,0.272783153462529,0.190908890470843,0.145751636347177,0.183268101765659,0.161571832699041,0.173340251944271,0.173975460362248,0.298213488950508,0.178851434847088,0.113627339066026,0.214375054072777,0.214536559560535
"capitata33",0.22181182466845,0.207888596977625,0.192264933491889,0.197419648364199,0.203188310677464,0.204122741861843,0.236506211258347,0.219622596791456,0.21309276641534,0.149727765639549,0.166419467826548,0.134036478208717,0.152222048358321,0.236003519565475,1,0.202046290513641,0.191672139751239,0.229809830839601,0.203221516227462,0.186764707671122,0.190004676006542,0.166730080070438,0.185636875397183,0.227350564162578,0.187676551843842,0.202179506337216,0.215911945054438,0.154858558725356,0.198565569592212,0.184127014794564,0.13720133923483,0.15963741249424,0.227423999558437,0.176426143722057,0.200420479651947,0.175566914278778,0.149532882479404,0.187917547466859,0.15250715258064,0.225268664092765,0.203303834095271,0.165430483105662,0.229895263982159,0.244631716159983,0.189028362721879,0.238949694540217,0.151383795514728,0.183531056360462,0.183431003511947,0.162876192322874,0.122407952762009,0.118077392767412,0.20360555029416,0.216183338237973,0.14852006636394,0.21145107706568,0.209074201460884,0.158909215506162,0.199100192061354,0.231183604254531,0.172573386217152,0.267107573588726,0.179788519237005,0.186015946727319,0.223212119772029,0.234642407600758,0.146021207343243,0.2413778871729,0.17795144500586,0.209516774671333,0.119366627479688,0.170577776671649,0.168372322884423,0.2214090556884,0.225898358389105,0.23222977097389,0.190847783215453,0.110783982335053,0.19186208979232,0.225704060179936,0.198557209848905,0.212382087750729,0.159681139449346,0.187543308639477,0.161276793164574,0.143789904171011,0.203280066731861,0.184090425090382,0.133325695252882,0.199464495255257,0.181641991553273,0.174060459574672,0.170388059142558,0.168127277359016,0.208279936741146,0.124290915032912,0.13016733770012,0.188446520931516
"capitata35",0.187376877444562,0.16390001232596,0.154795152399733,0.168654312671077,0.161158429874693,0.174220046887839,0.192285095125228,0.190653958901812,0.163375750466923,0.131826811247346,0.152754247717903,0.118619392911757,0.126634564319735,0.205134319645614,0.202046290513641,1,0.169518890682291,0.164647154533234,0.149677533468381,0.144663747478648,0.200621751297947,0.136859226598152,0.115400823700791,0.241009706072777,0.178875199505108,0.150549088295693,0.154145327170978,0.1345018599543,0.191151878116341,0.1234523661117,0.147052992093025,0.12463665602087,0.180646682278697,0.153464612487865,0.155209140646685,0.148193332569597,0.126815110710206,0.17130035563662,0.124836065864539,0.197606615917989,0.166352869398663,0.159148986070489,0.206719272820692,0.216347740285073,0.182859783364089,0.18060579837694,0.102253173850542,0.175699878229328,0.127480578051192,0.125119872483776,0.130333173937467,0.117438911105197,0.137473640674937,0.139159676956193,0.125286405460709,0.139534148446905,0.182678510791389,0.131354226777235,0.15418115393862,0.144067213877176,0.136260971028428,0.19397225152313,0.228146014042899,0.16474651742291,0.182789220466069,0.206290184868513,0.153779848597764,0.182472980254759,0.141516217082783,0.175693006641803,0.0915691545821863,0.159837264257739,0.176378923167395,0.162738571217134,0.16463828864046,0.163971439818004,0.194720911376589,0.0939564300015933,0.1924945290126,0.147098781457521,0.16991748884233,0.194974294605413,0.111347358394736,0.158690793474391,0.105013927869773,0.121202096534904,0.203654308428653,0.182232359633206,0.147090331867746,0.164918018635108,0.146211369696722,0.120930983860261,0.129069282663093,0.155387007500324,0.146739269512958,0.125307870545801,0.0969065838921618,0.169164390466436
"cayennensis",0.238975751766921,0.265893961079575,0.27680501871881,0.247397175263074,0.166267696317379,0.306093141150514,0.178265813705149,0.182609213242018,0.207474048758652,0.142317160801223,0.20324818644161,0.122028445180923,0.16243902912202,0.205539216237154,0.191672139751239,0.169518890682291,1,0.224696958580275,0.201867957906939,0.275374601434582,0.163799159230169,0.154629810666242,0.181922491500583,0.242107215663928,0.13627041606386,0.154034955748846,0.195756964199309,0.181349260819543,0.227938493169415,0.173566696677277,0.131678592571504,0.158852574404378,0.222014766205144,0.18612460467776,0.177050233074855,0.193777522348763,0.153077826134856,0.213137305463985,0.129700937445475,0.23493085882422,0.159946933233665,0.132087824513051,0.232621861639471,0.243081172125498,0.230839881565507,0.262782538404533,0.151476134388154,0.213018644897182,0.130165177215393,0.156592234027117,0.189355976618693,0.18235916933785,0.221986188100241,0.194329286808256,0.124634982650938,0.199815495655346,0.20432803263119,0.150267186169586,0.180762586784429,0.233789634143005,0.179443521562639,0.230531220775841,0.217852183905023,0.246130357949771,0.245848844067404,0.221747469953332,0.194717475705292,0.221815703481039,0.187835742948267,0.168524105088337,0.0938997073317895,0.208097961496476,0.194748128482896,0.186337544106028,0.218295871177566,0.185613113442954,0.201553604422051,0.112176269593956,0.234740055624737,0.17599023504755,0.260817751744063,0.213362146651027,0.156670721635129,0.1787263440674,0.106949064232622,0.135817323165819,0.213059379296315,0.155010998032444,0.150602490388532,0.194394004732513,0.213433569941363,0.174933402124349,0.275106500682997,0.126340276813129,0.194241133045693,0.118626256857484,0.118706417866741,0.141250521085072
"chartacea",0.243174451097443,0.365253540041319,0.246277807405113,0.251311337365421,0.208171430363719,0.465341403455587,0.249558519533121,0.327840997225828,0.228112421725508,0.163544996254305,0.203084830338728,0.163626195676028,0.237815683761226,0.216264692709957,0.229809830839601,0.164647154533234,0.224696958580275,1,0.388596118827398,0.325721396463175,0.200969252796325,0.175741795511133,0.303760050876031,0.281403379731698,0.154256221093418,0.272195920165335,0.34268875104949,0.225662692450632,0.221848845934983,0.230090414061293,0.115836207174762,0.194194880580689,0.459275197896851,0.200271040403291,0.239130963926759,0.223411454421695,0.140988132096129,0.223718106801293,0.171034781751105,0.364344200464103,0.206180667472821,0.152578872860717,0.411621170926666,0.266134298675052,0.202110866797174,0.237160298037982,0.202790615445423,0.234527768446523,0.156327079398909,0.171102037669184,0.137859120481698,0.148238075527526,0.471231370230321,0.432144030741747,0.115694822767485,0.279138374316711,0.270920961356126,0.187244226922413,0.211631431413037,0.30190767025206,0.151518001695611,0.362821986523552,0.192367060440627,0.262871762557934,0.298073005142086,0.32109945202037,0.14450558244035,0.42304949263073,0.290969502735655,0.256824246629612,0.143045262585968,0.200428962863044,0.189260908222877,0.195877177846641,0.178280639482594,0.200466466992923,0.171254538128662,0.103738851137279,0.235713543433634,0.240981689876792,0.340298799143565,0.221362691884152,0.304767293494818,0.336040139772403,0.111422521103379,0.151992078569001,0.259302656113214,0.154236693570842,0.169443848757968,0.191419154226698,0.186231287021843,0.295245819244585,0.282532505950881,0.148624985570059,0.347522102263699,0.11492145244506,0.155666383972012,0.206859047913453
"cinnamomea",0.227519945792435,0.328678827930325,0.297008869983216,0.200351626845923,0.184737637050719,0.375884280583116,0.183481884735649,0.298056306178563,0.222130837797133,0.126180253441673,0.136288662589648,0.152308603362828,0.229085968176852,0.18182792353823,0.203221516227462,0.149677533468381,0.201867957906939,0.388596118827398,1,0.270717491183095,0.193546040729238,0.135788474483394,0.25758977614442,0.271186072860257,0.158084016742683,0.283021954160238,0.345885152850031,0.189203553413867,0.238047383402905,0.249139190094186,0.101267295819067,0.165414202423204,0.401609532930273,0.183397148162702,0.21091026385225,0.190035419186065,0.131386237889618,0.179290119225787,0.198819926165593,0.438263797564558,0.169287787668739,0.205484746823836,0.337144081396012,0.236024021263969,0.197535565970257,0.203680058836775,0.169848863350284,0.204296117700103,0.172282153340784,0.156750263891832,0.118986992878945,0.244618354891862,0.408012227209708,0.35678200273686,0.0994917615624506,0.289600096019211,0.243065813906673,0.20512949147954,0.200848852643259,0.269315046215461,0.134286924060222,0.308786145105491,0.190302624184196,0.227417452860304,0.270830918603519,0.266126018223529,0.129514545277312,0.293462426205541,0.22888729793665,0.204012844145136,0.121573600781964,0.183282590820749,0.17473927361721,0.17241127643101,0.171487731375328,0.154705810463331,0.188008125809127,0.0895159632214439,0.21418304690634,0.185849662535675,0.329457050497795,0.168944941653151,0.227660256653464,0.336774245706786,0.0899155625947964,0.144870172311003,0.242517993046212,0.155687262947431,0.178701615529205,0.183606794423665,0.21849972434302,0.26620697125535,0.272921048671674,0.110373029358803,0.332787960112497,0.114826107331841,0.125194033715268,0.154470843486302
"cocleensis",0.214135484761495,0.241817814581434,0.317141876592328,0.173824810974341,0.183069534111897,0.302396897032692,0.221348168120317,0.227389358194589,0.218450793310321,0.131679728373642,0.146186106743125,0.140375114080237,0.246724006781229,0.230148270712177,0.186764707671122,0.144663747478648,0.275374601434582,0.325721396463175,0.270717491183095,1,0.192721459844391,0.143925363629151,0.166201264070297,0.247620753798778,0.145073728126941,0.186995899541902,0.246092660033122,0.15648450764579,0.193186716278748,0.153881780676425,0.109936588826793,0.175325662215503,0.278885360774633,0.17461274316689,0.199677263468755,0.180932303738288,0.145468335241808,0.209557740939788,0.186269762816209,0.262815653261428,0.170401867854692,0.128579615853828,0.23410907272071,0.218147764412629,0.199164897170456,0.225175256886247,0.156973131824458,0.224413864369061,0.139566437956168,0.162556676364949,0.111508386372485,0.151608702351185,0.30840412907533,0.238884572065967,0.119431708332816,0.232601117212333,0.225893770142317,0.224872872152882,0.175475333233815,0.199748667132959,0.163833567696169,0.242910087387589,0.20050300967939,0.23372030810274,0.242878131865214,0.208689823531753,0.148767596156824,0.233560755362135,0.205606030303528,0.20698784608578,0.0950647214856081,0.176308500113147,0.16714034634501,0.161073737900912,0.147110562118752,0.181477670623238,0.17070055661883,0.104836772872778,0.212738793099272,0.183522796775932,0.223256497365247,0.187030834601645,0.172909194960453,0.239648677826119,0.117005393901665,0.141121337236243,0.202817536897843,0.148304208672943,0.151628543322369,0.172713916921214,0.204104151627036,0.183043683797198,0.230102000736688,0.136482218984222,0.222545683842796,0.130735539285137,0.106170534943069,0.147802596198421
"cordatoalata",0.189435310421502,0.202966919203833,0.180390564189318,0.202895692571457,0.217805973348207,0.189528420356241,0.199653684289903,0.203965022751357,0.166997241559548,0.132774838336675,0.125787991285736,0.156437246664697,0.150714147128964,0.193151171099931,0.190004676006542,0.200621751297947,0.163799159230169,0.200969252796325,0.193546040729238,0.192721459844391,1,0.122354938288523,0.175764626634463,0.21765249764319,0.175899565443313,0.154207340110563,0.181191191372825,0.171267634155729,0.178732809395589,0.130950532681153,0.118298674838063,0.146275053118492,0.219997643913386,0.187362977968586,0.171955847926811,0.177629826851037,0.122086513170166,0.164699416891985,0.126536925135203,0.199166207006342,0.181372443496866,0.175236668260805,0.189175907407157,0.210229512191841,0.21071030610836,0.1782389220249,0.130684994182673,0.183929743647881,0.169581640027765,0.158324180242564,0.139790954708024,0.121350387768883,0.182624138862282,0.199435906974197,0.136556474441308,0.184514085069858,0.220565966658728,0.14323099069971,0.190320221989808,0.209253994941493,0.168201707278676,0.244612750944468,0.197827340425611,0.193970870528574,0.206878543608184,0.268956209993502,0.16691363195182,0.203460671434994,0.152508499382755,0.184662015925151,0.0967841654224959,0.162292606984399,0.255850275977925,0.155558514136225,0.140215007862086,0.166524204109025,0.202212084966259,0.0904858368663702,0.211277566471263,0.181054350838275,0.21320491822482,0.190395128397481,0.142947215839982,0.188236248146101,0.140426139242074,0.11884456652647,0.254909423166934,0.152485676006478,0.100532583952004,0.20284213383501,0.14636609390169,0.170894747352191,0.15034755857649,0.154391092178363,0.183739429234345,0.126542361463568,0.106574149503464,0.205300502802703
"coruscans",0.169155790459836,0.172768837342247,0.147363402196315,0.129791977873345,0.146963608807307,0.160577511609807,0.173640079191744,0.140626277763499,0.1279584369931,0.261454070057384,0.208114275652266,0.153198143975561,0.105277527427548,0.276829470741605,0.166730080070438,0.136859226598152,0.154629810666242,0.175741795511133,0.135788474483394,0.143925363629151,0.122354938288523,1,0.230304714832022,0.165095536649161,0.138086582029436,0.136706810861633,0.148574408890812,0.210031413402217,0.169543999012998,0.270763524763159,0.244655374221403,0.123114017869762,0.155473131210776,0.104949043150238,0.218401160653277,0.137351634895869,0.129924381661221,0.183972322866335,0.10557504781106,0.153597999358815,0.154160655693384,0.104431533562872,0.277514477323569,0.170207442028586,0.191844366315713,0.150094783477139,0.110672017949411,0.180653281816185,0.124066704969172,0.167290191922545,0.0885482297794027,0.0812795513974517,0.153420547744248,0.179908670789052,0.0930700160370293,0.130267449219676,0.145760922672722,0.11146078737845,0.157085358341373,0.145549574256372,0.200245416614207,0.240938851876855,0.143467779841157,0.181335479116682,0.167904190756072,0.193907889295323,0.109181449281448,0.29434570399555,0.385165748285694,0.278488946128599,0.172937645253987,0.128055649477171,0.146453172648324,0.152679013678528,0.109609715641558,0.261221882235284,0.156326465979236,0.078687511721266,0.165679928899514,0.168608681776821,0.149018321105013,0.160631508827848,0.140747076726755,0.113927501588092,0.170732717353112,0.247473144393449,0.247300377764051,0.154414203869196,0.0912936022709449,0.124052826572881,0.141081803052957,0.130509254559609,0.122879540643526,0.213354224317195,0.119381205410729,0.10241596810053,0.238358640469521,0.171704925627994
