"","acreana","acrocephala","acuminata","alata","alba","aria","auristellae","bourgonii","brachyrhachis.aff","brachystachys","brachystachys.aff","brevialata","brevipes","capitata12","capitata33","capitata35","cayennensis","chartacea","cinnamomea","cocleensis","cordatoalata","coruscans","cylindrica","edulis","fastuosa","flagelliformis","fosteriana","glomeriflora","goldmanii","gracilifolia","grandiflora","heterophylla","huberi","ingoides","jenmanii","kursarii","LA17","LA41","LA48","lateriflora","laurina","leiocalycina","leiocalycina.aff","lomatophylla","longiflora","longipedunculata","loubryana","M18","M25","M27","M30","M71","marginata","melinonis","microcoma","multinervis","nobilis","nouragensis","obidensis","oerstediana","paraensis","pezizifera","pezizifera.aff","pitmanii","poeppigiana","punctata","retinocarpa","rubiginosa","ruiziana","sapindoides","sertulifera","setosa","spectabilis","splendens","stipularis","striata","suaveolens","subcapitata","T18","T21","T29","T50","T51","T82","T85","tenuistipula","thibaudiana","tomentosa","ulei","umbellifera","umbellifera.aff","umbratica","velutina","venusta","vera","virgultosa","vismiifolia","Zygia.mediana"
"acreana",1,0.399172904700189,0.0919047721842535,0.184794525419816,0.214183277790552,0.126398437506849,0.225572212155752,0.138229765320643,0.30415181518645,0.135528966127998,0.191571621093245,0.17400295821884,0.0958431358488847,0.158334900016211,0.431671474974997,0.170807437700916,0.167847417853461,0.407836707263216,0.152832648613355,0.135001224432371,0.147461537870956,0.150763063714306,0.179801396060696,0.189139530212908,0.132310490410027,0.141091562756689,0.159872549386559,0.146860069387506,0.149329591995383,0.158566441537681,0.171162438847923,0.142909332511269,0.251771134274228,0.125320954421111,0.139838021370783,0.161713747719265,0.189187058671534,0.249393598131022,0.147763351606582,0.154657380963274,0.146735482613901,0.20236568508091,0.106778025410507,0.164099173182753,0.386357104836581,0.155612370406235,0.150475397858354,0.160125216215979,0.0792834671476521,0.148328724878045,0.114150896025616,0.0833315998322679,0.1724672286192,0.165574157837803,0.0971808525986177,0.171619426331434,0.174638488342659,0.269223862660531,0.16033556040313,0.140356995514492,0.158377721013385,0.239064299231237,0.153007641811619,0.370208826863732,0.169708882177683,0.186531831833361,0.36588342070225,0.201784240431278,0.164454106862156,0.190291319700581,0.18657994167317,0.106754092487273,0.125659649043405,0.129709494477214,0.233602097568926,0.259459779862574,0.11175893840364,0.165047836683824,0.167928037047291,0.236980074941443,0.171597086915183,0.17395944132615,0.101636125112941,0.191466966637894,0.122904082743432,0.107612538065766,0.180449319590799,0.178121970457017,0.151106860310158,0.187514145798917,0.367587760958964,0.155141647902852,0.0781547177082016,0.15836290850581,0.150817692819895,0.0726404420012523,0.114987480756373,0.228601485795372
"acrocephala",0.399172904700189,1,0.0870992432860014,0.188156500235777,0.207284243366798,0.11455251550544,0.247283035050862,0.125498396022204,0.275821591601158,0.161688786656048,0.159035924446772,0.175767318907886,0.078856664931727,0.169592417320268,0.428271371160472,0.184247220417825,0.185038915444216,0.47645968461887,0.151545809915548,0.136141259651751,0.145389915936925,0.159732408624976,0.152178638939109,0.227417369836222,0.1271152050149,0.149628609378336,0.156374360022617,0.118218534941862,0.147672340946285,0.1792616633765,0.157889253279311,0.159402390307404,0.249962708567824,0.107068718590331,0.130986534639907,0.152822781277153,0.195558556596308,0.198907776233008,0.141913848802296,0.169038666054223,0.143954749919325,0.191790158651336,0.101987367852254,0.169092983186478,0.423607835838928,0.13874943306061,0.177094207566537,0.15972233545515,0.0829245769568755,0.110754078726149,0.115081793695159,0.120034130747463,0.191784157516971,0.174007366494943,0.0884393448656673,0.164680259192241,0.196162540444248,0.309836413316572,0.183556780186762,0.153591434805942,0.1703657417054,0.219269590547784,0.160223926819933,0.389945806894976,0.181061695575921,0.163472136957395,0.419204546720395,0.232459535540487,0.191551032056725,0.186687266346852,0.201093647734055,0.0999354626264046,0.124181414516537,0.135830934178732,0.217765266466768,0.172161370624434,0.112698223320944,0.175447144509364,0.161608528492702,0.209030095797062,0.172130304066118,0.176056257824432,0.0869872706533652,0.147988666235131,0.112727918724916,0.120084036473601,0.20238698514666,0.192801063399387,0.17134545763112,0.188793392997247,0.408779049941581,0.171234132421299,0.0755567178987314,0.127136051216074,0.16592799809591,0.100226024390342,0.117933582446895,0.186410092723813
"acuminata",0.0919047721842535,0.0870992432860014,1,0.0960315090427381,0.100964773761209,0.0782200603861887,0.222948066143046,0.0630238076045041,0.0743592414486341,0.0644780920438112,0.0749251155077133,0.0576280490362093,0.0597258283368858,0.101168158672159,0.0813482941840959,0.0788202601727444,0.0967662175959548,0.088456037209683,0.093712197118977,0.0776469934405833,0.0706777923524469,0.0860049703595671,0.107239226224431,0.099322664785249,0.0865026185837624,0.0710926560828412,0.103016735082136,0.0842249330937107,0.0729871776051901,0.0753444523465263,0.101330086031709,0.058691597105571,0.0789649524221112,0.0756687735004556,0.0828934088546343,0.0753283409510517,0.0831263193713973,0.0917138185338219,0.0919569359369033,0.0841176059678414,0.0762359723419121,0.0849730785102299,0.0526852997060462,0.0836002291864197,0.119014699406699,0.0764096275380385,0.0758034137928111,0.0914658392075505,0.0740698889626079,0.0704898892122261,0.0870673543303118,0.0824199429967311,0.0937243024624714,0.0731542541902654,0.0651227261552232,0.100547844849863,0.0759561321905446,0.0765925492951315,0.0639153911552696,0.0459269091798868,0.0714049518564472,0.11158571156198,0.0891273828119917,0.0686145330626586,0.0892695774070626,0.0850797374855395,0.0557394295452144,0.098920200592202,0.0912833956770015,0.0948985047111244,0.073636061501314,0.0672911288457718,0.0787316679285808,0.0568646916234829,0.0762207954138065,0.0991619942472566,0.0698041484292774,0.103046344332145,0.112622611297707,0.103993056369833,0.0978572729800188,0.107989888705606,0.0747412812618297,0.103255285883137,0.0866933187492881,0.0757748167407988,0.0805451448149625,0.124086718245183,0.0747302893542901,0.07819618025451,0.063311126942329,0.0921971939883565,0.0737226992283131,0.0863659576404607,0.084319831708469,0.0425993218394723,0.0857716747075298,0.0840436081341282
"alata",0.184794525419816,0.188156500235777,0.0960315090427381,1,0.221710827271388,0.155659638577459,0.249062126230554,0.204951983026144,0.23427718249641,0.134033173499904,0.171858149276189,0.20299177814221,0.0984382842759218,0.282089340104646,0.192678569903711,0.223799350398392,0.217447077789554,0.207011075749417,0.163137951003522,0.1967975905379,0.211163588922026,0.215166295993392,0.216237090292133,0.274378650868438,0.16317238888909,0.149893472319476,0.170016397650327,0.193691769222934,0.186584875319119,0.174765937106218,0.185079352075643,0.171881997322534,0.223063414636317,0.230360698482286,0.163564354505528,0.22515856395463,0.206608664850314,0.174074101757366,0.200574092328318,0.179670030332473,0.16992154097707,0.221386415752123,0.137723651452665,0.189257793048741,0.166842258520373,0.179171780799223,0.10245828215329,0.238164816777302,0.0884739690221824,0.201769805615858,0.12501178119292,0.178324431789071,0.193719041620167,0.156169801134555,0.156779965545426,0.324299136244482,0.209081345073739,0.222473031340889,0.18744737971963,0.090458414081046,0.187948191966014,0.338171675869661,0.291091591819876,0.130291552329066,0.257572989592915,0.226618371839192,0.119760542952004,0.289157791320667,0.263913995734653,0.227758078039552,0.174545498694257,0.147447169527381,0.197237273797552,0.141996808922421,0.186723692957835,0.250756174139273,0.160871541184513,0.195383108926168,0.224208764337008,0.247436147902986,0.252858187251727,0.26363556211182,0.0885032313733964,0.217769480981269,0.239132401336643,0.170447382194707,0.207551710693221,0.215673556847182,0.209551819348383,0.22362508969606,0.12970435403757,0.213606268426949,0.0891578281369781,0.199173181239522,0.18428867013922,0.0890166743757851,0.223147893877869,0.255433288370844
"alba",0.214183277790552,0.207284243366798,0.100964773761209,0.221710827271388,1,0.141530592436829,0.239593190055238,0.155994627629724,0.235218117098522,0.268286281030156,0.316635825140546,0.238024673632916,0.227204045449264,0.224460131753142,0.257669132860298,0.227784185353991,0.199444657599292,0.280761781221323,0.197178743762114,0.14538570063558,0.179558059317857,0.171386124153412,0.224446453316531,0.245622993966492,0.150188136716174,0.296299210040663,0.249927836240446,0.175238550915949,0.195487665617416,0.21006772303256,0.221252096786062,0.278501414999386,0.271198829100311,0.130598082956526,0.288886909811661,0.225528680192608,0.209453344021351,0.258534605417907,0.161150933291353,0.231812729102157,0.284798732384771,0.230050842101426,0.0971324595910493,0.246446752165488,0.139873446104269,0.237958950229692,0.192411529284658,0.18228728688969,0.194284395440863,0.30797597697152,0.132209658900736,0.113473916991346,0.280381959696474,0.206042309794895,0.129491038072708,0.20109213700706,0.307404600528012,0.260646159587109,0.288482266847737,0.0928230901889334,0.22333799327409,0.304650503109139,0.235737682528094,0.118813307801523,0.254902034742637,0.224588800234279,0.160980223862934,0.225669940219766,0.240018811690454,0.298983802974615,0.292506600265786,0.133181731924751,0.176990448881731,0.119853447278039,0.16387248801584,0.208978529879211,0.148899717423464,0.212242928172736,0.199020746580501,0.183934981436222,0.201681293885278,0.253391026122322,0.127614159884843,0.252027151234212,0.143041105297194,0.18946289322923,0.175685764094163,0.256415463473758,0.251945359457522,0.401039201539513,0.118624746421156,0.32613357486812,0.107560231117337,0.222232577597705,0.266518883195557,0.185440676115733,0.147963022933752,0.278371432306112
"aria",0.126398437506849,0.11455251550544,0.0782200603861887,0.155659638577459,0.141530592436829,1,0.137334266338331,0.114667865997675,0.137673471407622,0.0941085679220562,0.126161766631182,0.107654602666506,0.0650705549613657,0.128648432559438,0.141850380119994,0.152265065922616,0.103846800689144,0.139000828075053,0.0923438575887315,0.191041539821399,0.111692131500018,0.130763532146608,0.124120142573595,0.152380831216916,0.109930632901732,0.0946866537622852,0.116741992885574,0.119727472706345,0.108367734858421,0.130252713001843,0.112949443507946,0.10018024747394,0.139527445081827,0.105309521922594,0.149141943219631,0.117003368074414,0.155227336467472,0.125218216538009,0.118665857323995,0.104653770931278,0.134969344552008,0.130365314325332,0.125039664053855,0.113999074035022,0.110258496711022,0.110839280030065,0.0748343008866148,0.134733567065219,0.0665221628869694,0.10711434819876,0.143055886757078,0.0961095391093291,0.117474984034846,0.110160106285611,0.0904699147538739,0.123447121481781,0.120150963713791,0.156260527532419,0.141312588208092,0.0616947865046395,0.121762784762892,0.133224957004501,0.125157105790681,0.0939222969663133,0.131493490929398,0.115317306255455,0.0939843818636991,0.13596774027382,0.128310964314988,0.126564142611653,0.121633793500129,0.0884575294120458,0.105166432979628,0.0834393117572527,0.137850854100343,0.133222650069563,0.0989308688883046,0.141225849850033,0.139648742587215,0.130712287047316,0.140269981502175,0.157893109757716,0.0693104687306834,0.137768095667859,0.137114882503615,0.0943896961461586,0.151652658246054,0.119570580007085,0.135593763106417,0.118866401278122,0.0976402319889545,0.11535868961924,0.0806227847204915,0.132754537779127,0.120220870921487,0.0695915926961212,0.0963375104874163,0.138866295848273
"auristellae",0.225572212155752,0.247283035050862,0.222948066143046,0.249062126230554,0.239593190055238,0.137334266338331,1,0.157858041917401,0.222962759532855,0.145338530963268,0.15001148158724,0.165507206320867,0.109397997450792,0.241185857283801,0.225507488057972,0.20442881370343,0.20721511284305,0.249993481096205,0.186027222249957,0.181853651685884,0.207313899393604,0.177645472821361,0.191113041090911,0.290352876141105,0.214945226534778,0.167649371947158,0.170821706433151,0.169289602810138,0.233171721003676,0.176239895781116,0.172453523167751,0.147668465195644,0.249600525186303,0.143667170799991,0.150554275038138,0.159771191333164,0.222552312386317,0.188749072336712,0.17997631376239,0.175078345972546,0.158763546105383,0.23200802989127,0.118668160820679,0.192491274036813,0.199577394231221,0.164799288196861,0.142187242999893,0.189588287960101,0.109886733380129,0.184309344580476,0.162351677139557,0.121682232984288,0.240143212298606,0.153247254155777,0.163188296479817,0.206093373331983,0.216705773658914,0.260918136411599,0.180257127731705,0.124919718723491,0.190055996642847,0.280527680794978,0.193001648411464,0.168991285158292,0.236405554574577,0.245208188477751,0.167553341494022,0.263248258130648,0.215250532144656,0.224289224117862,0.181839128570727,0.157243704146904,0.16348780415432,0.114763761654195,0.183828681185688,0.236231256345208,0.137313888232358,0.189288534300357,0.219599101806613,0.233370113255281,0.211719959437684,0.254473578804961,0.128140525172096,0.209669441439708,0.151782631379667,0.192083436492912,0.207589437308142,0.213421886610824,0.178899777438229,0.19646339100226,0.147903364706719,0.205525005409195,0.13844136420268,0.170286435851274,0.17811165065944,0.0765998635406155,0.147877089164234,0.246095011968613
"bourgonii",0.138229765320643,0.125498396022204,0.0630238076045041,0.204951983026144,0.155994627629724,0.114667865997675,0.157858041917401,1,0.158641783652049,0.105078759311886,0.151327939911103,0.132258841144432,0.0819792661320918,0.159884931385657,0.139847126966161,0.173105893275187,0.116890065578063,0.169492309319484,0.114230412446101,0.145627670856614,0.292075608857809,0.216218215536863,0.167844105633368,0.189252024843906,0.115017649664163,0.114326268739175,0.15023153508909,0.15698467397632,0.151037914154989,0.138825902265566,0.137823018877774,0.142594526917434,0.162342593910746,0.120674658550905,0.140301553847678,0.134024779522007,0.150221583592,0.13194848764332,0.129527751091073,0.126172570981385,0.124294042259476,0.175711951210245,0.139400734180223,0.135264857669751,0.112002950970371,0.153447914984504,0.0891599259092428,0.178915923787314,0.0737593845586569,0.235814291501105,0.101347920027938,0.101261310320917,0.159545975645772,0.1287533633649,0.0901746113625464,0.147067294102888,0.190795901747899,0.148565875385373,0.257992078522907,0.0603672581564041,0.157601456210316,0.172930674956388,0.15718192068955,0.0917274303845316,0.170253976092872,0.19010604008353,0.0867493478817763,0.169905622636009,0.175568225140465,0.162671918975956,0.139447298561497,0.127316491696933,0.12782870926671,0.0904504457452241,0.124509879945753,0.165255817320755,0.142499679549323,0.154320690717205,0.143894015853168,0.196147967471841,0.193429813423671,0.25350173300233,0.143541808242201,0.241678826189275,0.138697095553263,0.100257934407357,0.213677913083331,0.17476808592638,0.146874057885628,0.168166603622772,0.0840592311039641,0.246892325658711,0.0696646209031554,0.156276857843571,0.130489427567153,0.0837241978427475,0.115164849148454,0.179737177846062
"brachyrhachis.aff",0.30415181518645,0.275821591601158,0.0743592414486341,0.23427718249641,0.235218117098522,0.137673471407622,0.222962759532855,0.158641783652049,1,0.164200024193652,0.193277543554615,0.188710462927872,0.101433611279694,0.185632472746785,0.53433097153795,0.207190259583985,0.151305277688683,0.285943259257691,0.186023715400895,0.145701134449177,0.171268716713188,0.168606749653995,0.17698710419978,0.231097969525573,0.142086164898767,0.145659076396061,0.145848568326356,0.138677728876041,0.172858149184391,0.189765313996986,0.197920420680512,0.195159604394653,0.278068140606119,0.0953325326887787,0.163950462045413,0.199271097673953,0.227280890414548,0.167841994792881,0.135866329549578,0.24006156781666,0.170594826698259,0.27460038464837,0.114124393406034,0.206148429174544,0.251995190313532,0.218635382849331,0.149768831443582,0.162317328160714,0.0889109328665139,0.173215920724551,0.146492260990976,0.119102565514296,0.21880413383974,0.193048584161861,0.118956511027821,0.163560370316439,0.2201985547912,0.280813873640816,0.175660989590435,0.133371716136827,0.214648469452326,0.255791165705833,0.200674629120593,0.257803904919125,0.209214746535185,0.246040409637201,0.264989199969048,0.22422391373898,0.185558263229517,0.241126503071491,0.189889362199839,0.102548820799113,0.14505938643587,0.158735291587856,0.202993939252006,0.197869198118045,0.123248986947175,0.186678821861543,0.167602911019243,0.234061460802256,0.214513225247647,0.202974679583819,0.134217802694425,0.229808106159073,0.133936665738382,0.107301525498575,0.171421141019472,0.187492432837868,0.164815413300192,0.18733570393103,0.192530504349287,0.201637698946094,0.0743380832014325,0.189083584076043,0.202195759907447,0.111120641117491,0.11880203888791,0.269237647695066
"brachystachys",0.135528966127998,0.161688786656048,0.0644780920438112,0.134033173499904,0.268286281030156,0.0941085679220562,0.145338530963268,0.105078759311886,0.164200024193652,1,0.322786125387282,0.311988154079248,0.188048206879498,0.110580343566278,0.170353585985184,0.144009470434999,0.12229375956774,0.171282688695313,0.100915303089732,0.092974020787494,0.107951770848295,0.137816284041703,0.115784282988664,0.144262338634748,0.12062035287642,0.300413965982259,0.116847326470386,0.108812676364887,0.121165345137085,0.119946477852104,0.114553157967876,0.357252879472651,0.152512531951691,0.0857031468755089,0.2997086986114,0.107975523437036,0.127305448826576,0.15941022371005,0.111038369845272,0.102385043960532,0.312150538321457,0.125561088892074,0.0925975674384626,0.139608574050786,0.170470218538789,0.109351008227673,0.341280149233147,0.119408665690422,0.231855728156884,0.257191078879604,0.099003256645621,0.109039812789269,0.119609581267636,0.110895148298795,0.0810568820092933,0.130371739817242,0.121758518007814,0.170733785440136,0.364635304512948,0.0838117856702101,0.123178976978749,0.131784123617969,0.165756185299536,0.113042583617511,0.117156726276772,0.130734711204364,0.107911828355421,0.133379632566389,0.124397003803776,0.133351835989943,0.31631879255008,0.0714458755350969,0.0881782113629054,0.0939315114136764,0.115059066422789,0.117119984642479,0.095319836151314,0.129983162462174,0.136575178087312,0.153222691258436,0.139444827926353,0.155829965373124,0.0769123588432491,0.136379933538749,0.127103504990842,0.0839584364130871,0.125726591878911,0.138462714994858,0.137808273366705,0.250907967344115,0.101394027101067,0.305600184092164,0.0895883279067759,0.112980241861964,0.126960137247465,0.323571488244932,0.0869282045175098,0.128816354793178
"brachystachys.aff",0.191571621093245,0.159035924446772,0.0749251155077133,0.171858149276189,0.316635825140546,0.126161766631182,0.15001148158724,0.151327939911103,0.193277543554615,0.322786125387282,1,0.301795024716802,0.196642802728489,0.174935378648147,0.1806951182888,0.162980318043092,0.131899127469037,0.190840091834931,0.125406025779888,0.142766745508055,0.133657169581201,0.183941477895643,0.160264147545306,0.15977659373199,0.110278988532952,0.288992144090788,0.191539073759451,0.141148241327758,0.147010856106261,0.138206399020649,0.270963169267327,0.346634001681927,0.231309865222835,0.0966702247679607,0.337290435302361,0.169953119223691,0.156232162569168,0.166025472986482,0.122562393146563,0.211873729012333,0.353479564985609,0.180010539089191,0.107964573798148,0.221783685461215,0.132811264820311,0.283427257140369,0.296834134445166,0.126809398286139,0.215232912482114,0.381399860027459,0.097468988209812,0.0871302753721702,0.21844821398294,0.277305773434006,0.0849869340403017,0.167153342660509,0.197994834817934,0.201014222511427,0.280717997049839,0.075021059906846,0.153673989687392,0.219687253983994,0.190243958550287,0.115741312890667,0.188451170340225,0.146729411396472,0.135696365564046,0.15163133395389,0.153565887289364,0.21817589862276,0.373847897833699,0.0883674264227886,0.150700925207788,0.105386680093728,0.149092066806865,0.136678269163362,0.114029865677572,0.159677267956363,0.16657681761927,0.154149602426787,0.19391355817496,0.199514572794464,0.0827843143385767,0.195570487417822,0.144224664531012,0.0880268527616271,0.122348276582283,0.171072714469284,0.232023622334707,0.323196964957858,0.12388069114817,0.43286414291837,0.0750069978671103,0.189705225810155,0.213974746145885,0.280318043956547,0.123107919359178,0.191604789559158
"brevialata",0.17400295821884,0.175767318907886,0.0576280490362093,0.20299177814221,0.238024673632916,0.107654602666506,0.165507206320867,0.132258841144432,0.188710462927872,0.311988154079248,0.301795024716802,1,0.165661043100912,0.150846037318558,0.185665382789044,0.139924672400825,0.126185703267139,0.208631026475172,0.104822215867671,0.110731763386384,0.120639482647254,0.132884504799545,0.116627515352369,0.150823510810308,0.102532124977767,0.263041557610542,0.0996440396524885,0.118776774406014,0.113624719819932,0.111684441047717,0.113113184329687,0.258335611798621,0.182868668729523,0.0996514558437794,0.265105964072134,0.119349871709296,0.1657550585461,0.142269210081416,0.102732629164053,0.1186426335915,0.264153919228085,0.230640464648163,0.110667967885282,0.133485180429871,0.233665369086068,0.107621196095654,0.269961669543693,0.140742616727411,0.20458727160946,0.262171396432349,0.0873079363961072,0.066321909714494,0.136508665215897,0.115767962005133,0.11384123042859,0.165218445110397,0.122146055895671,0.215672607483727,0.278180737581106,0.0937738240509204,0.135363120635633,0.16457563516104,0.157214403500323,0.197386942289505,0.141595395342952,0.142595852619431,0.202388674700557,0.149383058336442,0.124462384619404,0.157005162373678,0.297972680225592,0.113693978880927,0.12279585684039,0.106667915258174,0.283822771474403,0.143291391382826,0.0910069713355265,0.130027132566029,0.133074518953319,0.201669249028115,0.1394981660567,0.182913790136956,0.0614851064464101,0.127817173430622,0.150205100222743,0.082806424735835,0.102913385502542,0.148722856486487,0.153666274796409,0.233978694785969,0.156217945863022,0.280306867998912,0.0603001540133339,0.115873899866896,0.121967644283299,0.225886298146642,0.144387572348392,0.128708564796576
"brevipes",0.0958431358488847,0.078856664931727,0.0597258283368858,0.0984382842759218,0.227204045449264,0.0650705549613657,0.109397997450792,0.0819792661320918,0.101433611279694,0.188048206879498,0.196642802728489,0.165661043100912,1,0.0967831550929377,0.0775359208292595,0.118100985895319,0.0765705568672129,0.094639921656913,0.112414326163944,0.110907933265813,0.258443907717848,0.0864930660419617,0.118243796777889,0.109767587693392,0.0910604123748252,0.177053567948608,0.121088042393136,0.0776478410135287,0.110639412254662,0.128105652155485,0.135802857722156,0.202671346284747,0.100656102636463,0.0656008802945866,0.183431485020722,0.120132377823459,0.0967150754659588,0.0911296878856433,0.117586262943623,0.126021706002879,0.17909411140824,0.0964132459674047,0.0505096139211379,0.0888897910387914,0.0564553365868574,0.123099150598125,0.134787384320747,0.103470959891364,0.175697331555932,0.22071330990033,0.0868889870490557,0.102822617467947,0.10385252031895,0.110097833263641,0.0710966831207153,0.0942606067454589,0.123578994586427,0.080777975083026,0.190920841801091,0.0444795656650148,0.11687639310964,0.114670651371416,0.126890953982205,0.0534991140841926,0.110987462601832,0.124603036123859,0.059391105341725,0.105491106970764,0.100868431977536,0.144885156995846,0.194035257648578,0.0837601737553781,0.0820074205909321,0.0703496683366542,0.0709781995942586,0.113118521131125,0.125487528995395,0.088038390265896,0.101992135470914,0.0960253955476177,0.0911507530589073,0.133978494010289,0.0862596504104183,0.142047727729282,0.0693184795731394,0.0725673643996583,0.0830125600078001,0.104604540242944,0.0773393894553091,0.229882726409042,0.0620266597518134,0.191625920651383,0.0548520915743379,0.152523687391204,0.107258618623613,0.140224425470867,0.0653419785325747,0.115614355822613
"capitata12",0.158334900016211,0.169592417320268,0.101168158672159,0.282089340104646,0.224460131753142,0.128648432559438,0.241185857283801,0.159884931385657,0.185632472746785,0.110580343566278,0.174935378648147,0.150846037318558,0.0967831550929377,1,0.170419178747001,0.383360925631539,0.241244519997647,0.189277083331579,0.193705526355066,0.177644731765203,0.160785326569717,0.190222006598161,0.261969429273607,0.243803109085746,0.140984587349395,0.146460155622753,0.208116888202489,0.21109432659949,0.208091360300255,0.170249803203556,0.222071542517025,0.146677638911788,0.24285930469273,0.229129776168036,0.168366250626648,0.269180781922877,0.217903868538921,0.184637690266311,0.206533092450876,0.240453844053407,0.146624465457149,0.1935132105304,0.0841890493164883,0.260444569286493,0.154329115761194,0.195335225562009,0.0604951054945803,0.1846468794691,0.0736132961228697,0.2129425404832,0.103551394559383,0.138253400636041,0.272767566271433,0.161944464021373,0.0869137574785231,0.307647532866997,0.25954695946248,0.257341526224896,0.183806436653881,0.0689377544799997,0.166407900976091,0.338595309085166,0.287864593499381,0.0903529300335677,0.309530263687607,0.172521485310201,0.106970209016061,0.218517285402139,0.280110297994495,0.341791648359181,0.146752615169814,0.123824938572516,0.196502760728405,0.106842524874067,0.195978054683643,0.232212760930134,0.14595767729778,0.287432859219568,0.291100618386869,0.211077679476428,0.232811627683444,0.230219654757043,0.0948199105997765,0.271543623630132,0.326353159307306,0.133398067064887,0.133597283073506,0.235759881446741,0.221613991486686,0.202624060849478,0.129710849072625,0.248477734976665,0.119701038302474,0.2154074704599,0.231587386886843,0.0799938989863865,0.354526736036727,0.251000537303951
"capitata33",0.431671474974997,0.428271371160472,0.0813482941840959,0.192678569903711,0.257669132860298,0.141850380119994,0.225507488057972,0.139847126966161,0.53433097153795,0.170353585985184,0.1806951182888,0.185665382789044,0.0775359208292595,0.170419178747001,1,0.203917326918172,0.155259298861266,0.392832682829369,0.193025942641106,0.135928906287209,0.159968615374751,0.153211218743025,0.16436724994026,0.230349989161647,0.143094535432604,0.137158024748604,0.15741352979939,0.14245839424453,0.139343223430117,0.201920332857044,0.18883664535363,0.164899387013071,0.281784987496824,0.100444231182113,0.167037287019282,0.16869930354014,0.217239327514538,0.194800904597514,0.132607347474119,0.193087204327111,0.169547387398676,0.269809985867749,0.108794827182233,0.183595691522943,0.354253821654811,0.224039660655571,0.166974292340393,0.153835397633062,0.0819433666713755,0.131721254366655,0.131817925611512,0.116843143184704,0.201902024142641,0.201047231551807,0.197255598352117,0.1530593060324,0.209909402956753,0.310613657734192,0.173748030307238,0.137212626716969,0.205284108340452,0.238386848147667,0.174988776444595,0.333547620098054,0.176196389116627,0.209991729675068,0.358456641462131,0.207030501474807,0.182544389167295,0.215230457131124,0.180139100394006,0.0914483935838703,0.132863697501564,0.137194317729062,0.24120502042291,0.17089377809102,0.117597713933902,0.175711340261296,0.17142518947526,0.234565651255053,0.174277051161553,0.183201979358005,0.129852099230162,0.192923274670234,0.127216458460625,0.118903706862999,0.158656910480052,0.184539204035484,0.171050432413066,0.178700694842056,0.333689239591386,0.19738218329027,0.0848050811977921,0.171925326337534,0.17369524330233,0.109242601100742,0.105274287188411,0.247883263624716
"capitata35",0.170807437700916,0.184247220417825,0.0788202601727444,0.223799350398392,0.227784185353991,0.152265065922616,0.20442881370343,0.173105893275187,0.207190259583985,0.144009470434999,0.162980318043092,0.139924672400825,0.118100985895319,0.383360925631539,0.203917326918172,1,0.239485100757277,0.212486583771885,0.227490351796784,0.183252773029067,0.174042145480364,0.163643599324448,0.191517213651006,0.257680066300853,0.129050889394236,0.157995397993441,0.198575527270765,0.196705244384502,0.196551459322314,0.17236932833665,0.188209552353984,0.145542025415783,0.245463103039339,0.129792488595698,0.165254705476745,0.212234723280986,0.241029562232603,0.17842508843713,0.184089964713968,0.207461452846741,0.160133184838113,0.203501691294647,0.0907388055981486,0.228658775805924,0.126676463406215,0.209137924272631,0.0753549796673736,0.191731927575451,0.0762034473784726,0.197472396864064,0.105768527689443,0.109625083117711,0.247429941695821,0.141979237413522,0.128039141630666,0.19579136634597,0.268148161202853,0.270432173186887,0.168535648439194,0.0932860378137441,0.168686597274732,0.245310667085354,0.23473586334823,0.104034830535679,0.277631424259643,0.189762841926692,0.136377964839098,0.229790384890061,0.264405505419732,0.270883162320247,0.17747692572082,0.155543032968527,0.190811111521111,0.103488627778869,0.167649378433107,0.217101713127855,0.138026456900985,0.251610461509959,0.186757338322057,0.225506614436977,0.240133564577394,0.221507003723115,0.0983223625451492,0.252180253077051,0.186201512894415,0.133694821565095,0.175315077021234,0.244450422092955,0.209262184431799,0.191517871396215,0.11088072251421,0.201394472744373,0.0721509502463029,0.220244324402428,0.205896746274289,0.0714943724920944,0.140154375563079,0.224179195717526
"cayennensis",0.167847417853461,0.185038915444216,0.0967662175959548,0.217447077789554,0.199444657599292,0.103846800689144,0.20721511284305,0.116890065578063,0.151305277688683,0.12229375956774,0.131899127469037,0.126185703267139,0.0765705568672129,0.241244519997647,0.155259298861266,0.239485100757277,1,0.171684645789396,0.201519987000341,0.141034897790324,0.128561976162223,0.182559042055143,0.163584762812638,0.200427115119559,0.129555387192888,0.115881410057849,0.147615014969894,0.182286233204873,0.155251208116519,0.133132788380693,0.165938663558128,0.128046099819659,0.196167324998745,0.124128858757562,0.131323120993083,0.253419462978517,0.221957559189858,0.160980957123447,0.161525356375093,0.198297139389277,0.120848836152716,0.155154056528302,0.0766888378910354,0.201127396782369,0.147326571812119,0.153643863793726,0.106269610795937,0.200050416721255,0.0784273832867144,0.125967229083806,0.0969190307851044,0.21659008894628,0.218974640611534,0.124989634872137,0.100867972439456,0.191008984689402,0.227045562762488,0.204063886654027,0.126134616073241,0.0894963746968508,0.156093637221637,0.238349363399401,0.180413924642743,0.13434485059791,0.241967175358193,0.150698895502871,0.133978385580215,0.215175448556491,0.27942844920948,0.226408435629468,0.163229058885376,0.12611257674185,0.164534998919968,0.0927321736284305,0.216196695486787,0.203041651444523,0.120628342731658,0.241437713880642,0.200065664186746,0.173014199922652,0.178722767826954,0.179057457253538,0.0895973649172097,0.176983326619088,0.143698333638632,0.0941281499029917,0.134186775996208,0.196565607384633,0.193318599156979,0.169509681036517,0.120509056828291,0.174795089559843,0.0634611308988854,0.161056547036688,0.195323454364244,0.0668742050875577,0.168712849983959,0.159497073989801
"chartacea",0.407836707263216,0.47645968461887,0.088456037209683,0.207011075749417,0.280761781221323,0.139000828075053,0.249993481096205,0.169492309319484,0.285943259257691,0.171282688695313,0.190840091834931,0.208631026475172,0.094639921656913,0.189277083331579,0.392832682829369,0.212486583771885,0.171684645789396,1,0.138650272573875,0.167756357035923,0.175398082523621,0.172598546315141,0.163735701642685,0.220360123727069,0.162259126719128,0.18878146321054,0.165229696623646,0.157318540218251,0.170556787137,0.175030889971894,0.176449175312772,0.132872714631672,0.280469560439162,0.105092432701264,0.141953934353826,0.166302228864905,0.24458015064436,0.243581384663456,0.159765483967887,0.159731416803436,0.158826729327398,0.233172520447304,0.121524555890348,0.204382483783281,0.421117158746788,0.165214460483986,0.19432755176651,0.157268436984665,0.0987722921884267,0.176528138002795,0.127795876342876,0.0983389214559815,0.250946963620814,0.194431534642563,0.132502081162121,0.187006794102995,0.21962571571249,0.344046383934349,0.221163630477193,0.167728265910614,0.177884601197143,0.229042242184737,0.205217836419358,0.396384688424248,0.198331909747003,0.187640486808893,0.418309667546135,0.239833060110145,0.188035172671018,0.225305741241221,0.207060706128319,0.127343047758168,0.150501218696127,0.133508539915656,0.263307727766142,0.184155780818808,0.126773315486918,0.176624314499578,0.195073800658734,0.249156645772543,0.207627121803095,0.180164245233852,0.0902067491353032,0.203453787172391,0.164072135769738,0.166101348135306,0.169935663878667,0.229121997747605,0.216763753908467,0.212199013085726,0.360091254803198,0.192054667841979,0.0850189960963675,0.161557285318573,0.208408441011632,0.0870068391578334,0.135385768531202,0.199447375376391
"cinnamomea",0.152832648613355,0.151545809915548,0.093712197118977,0.163137951003522,0.197178743762114,0.0923438575887315,0.186027222249957,0.114230412446101,0.186023715400895,0.100915303089732,0.125406025779888,0.104822215867671,0.112414326163944,0.193705526355066,0.193025942641106,0.227490351796784,0.201519987000341,0.138650272573875,1,0.110371591291662,0.135004617683697,0.15918322209735,0.224661981496515,0.173806812348038,0.0997261963514005,0.111581769282349,0.198747180502335,0.142946291730094,0.138074572900244,0.160830723895209,0.225429341459623,0.106745908939051,0.211221701399678,0.145377564338844,0.117821344683624,0.233241981066172,0.191298787647025,0.148168922413761,0.201469154475252,0.252949774185935,0.117637477547564,0.203552262966113,0.107408691717679,0.266127900030822,0.112413235877099,0.221693616680806,0.0722004338331684,0.142901155572689,0.0915512620817586,0.172883245080951,0.101435837625839,0.128537089753445,0.258383955975465,0.171224536647482,0.101744944091347,0.152840365796451,0.216762116494943,0.160114291431386,0.130423744068566,0.0752574906886445,0.193285173489213,0.235607150321008,0.18516995591167,0.0885918851652235,0.199872835547122,0.129395508959401,0.123666385095986,0.17391404364879,0.217219478073155,0.266712431660653,0.125001984019485,0.106878093078908,0.144861595347417,0.0895969651830173,0.12441050303426,0.176564375823855,0.187687528129737,0.21455136104597,0.178784092513351,0.149659429461701,0.172530233912468,0.173212899014971,0.14498746223108,0.192263763434077,0.185959680529692,0.0937983379466082,0.136198111861213,0.185201411884453,0.148735433033445,0.175497878302998,0.100840654123503,0.157506681235273,0.0693573355373286,0.205325822084006,0.18896148967185,0.0611055199815003,0.118332026857157,0.238739850212501
"cocleensis",0.135001224432371,0.136141259651751,0.0776469934405833,0.1967975905379,0.14538570063558,0.191041539821399,0.181853651685884,0.145627670856614,0.145701134449177,0.092974020787494,0.142766745508055,0.110731763386384,0.110907933265813,0.177644731765203,0.135928906287209,0.183252773029067,0.141034897790324,0.167756357035923,0.110371591291662,1,0.157781290422473,0.148921749569633,0.170088448404534,0.196852353302866,0.127585254217866,0.118862011156083,0.125366891601943,0.210558341913203,0.139508968086169,0.196906733786708,0.148850031081003,0.103853107584851,0.166080807366888,0.150000547677006,0.262063672805645,0.155133805422182,0.193180385843967,0.15320567560771,0.134512309589597,0.138316934000856,0.130741383666365,0.160064597617738,0.0805497954946314,0.151759221334572,0.118164126197498,0.134880266188729,0.0729328641115029,0.191761382102273,0.0899896675431676,0.151817867378981,0.116173093919819,0.109379045126027,0.172921911447296,0.113027846141219,0.0998467828823268,0.179570430110277,0.162286155973537,0.194859713019865,0.147184241064925,0.0696685451372387,0.115500995969392,0.183851371167228,0.16090452502966,0.110785848891696,0.162584261902274,0.151507309260998,0.100625323714064,0.187763908725229,0.147108136729916,0.171071426877401,0.126893339899774,0.110250195923799,0.132358714501002,0.114671738927878,0.175677887876577,0.180831525208556,0.112465075566451,0.195392924060953,0.170221159824461,0.204305574453276,0.187404005575371,0.197443811596737,0.0760410721628389,0.184895505513275,0.146395699977909,0.10344195991352,0.150781943509275,0.147240496730516,0.148085792410212,0.14363289632581,0.11705812987626,0.15192925253891,0.0724643274841906,0.23833961458704,0.137124334298435,0.0791629204406978,0.161057829824443,0.172511698351345
"cordatoalata",0.147461537870956,0.145389915936925,0.0706777923524469,0.211163588922026,0.179558059317857,0.111692131500018,0.207313899393604,0.292075608857809,0.171268716713188,0.107951770848295,0.133657169581201,0.120639482647254,0.258443907717848,0.160785326569717,0.159968615374751,0.174042145480364,0.128561976162223,0.175398082523621,0.135004617683697,0.157781290422473,1,0.158725107770238,0.159447427181551,0.201552600311849,0.130154461820357,0.132802822945076,0.141316987804079,0.135519892911672,0.167241554061781,0.190665639765669,0.149953759279172,0.145624537650593,0.201872633238247,0.112401415502243,0.115982871558519,0.138880763132599,0.166915157347191,0.129171523422058,0.155150070937331,0.139569574169918,0.150768254739339,0.173696622922398,0.132574265904978,0.160120365452476,0.115062939577656,0.157219950371247,0.116097673693739,0.143434711145212,0.116597109584358,0.215907986406348,0.110610664148508,0.0956340217518994,0.161602016682147,0.127275671280602,0.127443084424612,0.161443340993465,0.179144522269131,0.167375218682515,0.250348952500661,0.0861715795577153,0.180041483838208,0.186924127740565,0.151103005556757,0.115316861831549,0.204251919270582,0.166418320826123,0.12988429803645,0.177314577206905,0.147333594317081,0.187269008054424,0.125953124825981,0.13651803563987,0.12149473013187,0.107077380013921,0.14135417229174,0.174874223739942,0.134727714352657,0.144646114589731,0.149703270574233,0.186417342687026,0.204740461432849,0.211075248234039,0.122001960640526,0.184363991821502,0.106511643202934,0.110289024828617,0.167554683745718,0.163092498021797,0.121484010446295,0.16504358871894,0.100804368835016,0.195100583013,0.0811691683606983,0.172527260728966,0.141597270573365,0.0721789698968365,0.105264677955877,0.190079401322088
"coruscans",0.150763063714306,0.159732408624976,0.0860049703595671,0.215166295993392,0.171386124153412,0.130763532146608,0.177645472821361,0.216218215536863,0.168606749653995,0.137816284041703,0.183941477895643,0.132884504799545,0.0864930660419617,0.190222006598161,0.153211218743025,0.163643599324448,0.182559042055143,0.172598546315141,0.15918322209735,0.148921749569633,0.158725107770238,1,0.20592535741103,0.180374835405077,0.1422116739262,0.132723804709123,0.14696002793327,0.172358975942139,0.165561886557978,0.1715622793063,0.17522993760616,0.139328284723319,0.168983655254684,0.146579066297484,0.131055022150987,0.153521865260424,0.182985428910122,0.163641805108921,0.165496426340484,0.152356912882676,0.124491251234886,0.149888643536625,0.118220439157351,0.173520371614264,0.152576259180197,0.146250439661581,0.108636301983033,0.177744593531125,0.0969924903217275,0.194566681523996,0.111214143540104,0.158143466076143,0.169898524891527,0.117085686407019,0.115574692098056,0.176403360308477,0.166103145181283,0.186351752506943,0.147033673068172,0.0736659220717241,0.133815020288917,0.219458370707036,0.163507220103782,0.117332649863136,0.196512500518084,0.153667832174493,0.103438694481413,0.22561458483616,0.192087563665085,0.17037580084464,0.163731207751541,0.127275306629748,0.138968472668145,0.108306287371935,0.15263946392935,0.200932550634839,0.137107921771788,0.173680392996167,0.219389845812914,0.194947273673978,0.235380036081138,0.210994410588287,0.117610516835134,0.184618324743434,0.189704403287411,0.0946301137586168,0.190833857403709,0.198137717417523,0.186258138934174,0.167338189363035,0.100431178560696,0.23274044352995,0.0725423212463513,0.150850884797769,0.137902391901157,0.069820120403003,0.174499529355904,0.175088584943742
