"","acreana","acrocephala","acuminata","alata","alba","aria","auristellae","bourgonii","brachyrhachis.aff","brachystachys","brachystachys.aff","brevialata","brevipes","capitata12","capitata33","capitata35","cayennensis","chartacea","cinnamomea","cocleensis","cordatoalata","coruscans","cylindrica","edulis","fastuosa","flagelliformis","fosteriana","glomeriflora","goldmanii","gracilifolia","grandiflora","heterophylla","huberi","ingoides","jenmanii","kursarii","LA17","LA41","LA48","lateriflora","laurina","leiocalycina","leiocalycina.aff","lomatophylla","longiflora","longipedunculata","loubryana","M18","M25","M27b","M30","M71","marginata","melinonis","microcoma","multinervis","nobilis","nouragensis","obidensis","oerstediana","paraensis","pezizifera","pezizifera.aff","pitmanii","poeppigiana","punctata","retinocarpa","rubiginosa","ruiziana","sapindoides","sertulifera","setosa","spectabilis","splendens","stipularis","striata","suaveolens","subcapitata","T18","T21","T29","T50","T51","T82","T85","tenuistipula","thibaudiana","tomentosa","ulei","umbellifera","umbellifera.aff","umbratica","velutina","venusta","vera","virgultosa","vismiifolia","Zygia mediana"
"acreana",1,0.263022225483651,0.277107168984724,0.282166967098486,0.318939877057116,0.180786964699048,0.288777534969012,0.176102808456389,0.194596096513312,0.0859298946358763,0.131655305563226,0.238573339070663,0.217823105994433,0.302652625460788,0.370619798554231,0.262294167314809,0.194041679085554,0.223789995821843,0.20782022722952,0.129240785788851,0.212658521194222,0.222255159285415,0.233143014004593,0.13070696560565,0.208011404580257,0.202585361822121,0.236942701292023,0.222068051260147,0.203043939287412,0.151339008661814,0.204025316702454,0.246386634205658,0.19790093659625,0.201771768400353,0.275355696997833,0.0807050399965054,0.0995607678827868,0.155794740721565,0.0968321661440009,0.168961079911314,0.224429788274765,0.297914072829391,0.144934664514929,0.152839173423839,0.247342044225513,0.171828100563419,0.169658438443721,0.165345037731654,0.203436326960632,0.174744526595877,0.261525912931717,0.331548047429322,0.216583617712712,0.220188286575152,0.156522724789665,0.288070768883244,0.167258837691807,0.139545339229207,0.280973721820357,0.273438269252009,0.216425515445922,0.265822809558218,0.294551927075733,0.280837094235503,0.267447619958805,0.345392010258063,0.175092531263543,0.311657499481344,0.137781938285834,0.224239432563016,0.400315532260079,0.169841473701204,0.171022833156777,0.206167909752648,0.318437197159658,0.463305754818992,0.186358464780719,0.235273554136419,0.216171134744947,0.18180865136109,0.179031276865524,0.157330508910765,0.332133248381851,0.0941041401971322,0.188002812684811,0.239548139905673,0.216314617913225,0.224351480063275,0.211769328954058,0.216681961564274,0.202375087123593,0.24615514712581,0.322512190790608,0.267689316251508,0.255203679568698,0.121356789143181,0.339136163520719,0.222630640381225
"acrocephala",0.263022225483651,1,0.226557070684332,0.266439843601872,0.313018983074031,0.158116996337341,0.295253752407175,0.224668128372981,0.211696193993634,0.104775009656015,0.174000724023243,0.197016334767507,0.203985507915817,0.231148018890739,0.263753040821,0.24019352624128,0.197449753251462,0.222692203016918,0.208246287882163,0.195667358173015,0.222517302106747,0.223554280330271,0.246219203003351,0.177684017037067,0.151107982478007,0.183057015275012,0.232263387409365,0.209917253769167,0.163675637312062,0.192553730035246,0.220057464688975,0.171054038608923,0.226674093231342,0.242785555647091,0.183590982877282,0.110212975140159,0.140582234237809,0.143929432015152,0.220132322251896,0.180495269393188,0.209915289706075,0.227813892185354,0.194785614386794,0.198916509244407,0.249457740912223,0.230379091146305,0.178924498379816,0.189867963190654,0.175482712737906,0.166644863237107,0.205554544560856,0.188015685887131,0.206575078702563,0.192883147894618,0.222148075201497,0.190147130962391,0.202700414139761,0.151361241997494,0.22696955417911,0.2589705941493,0.238325329295539,0.285174248222257,0.248659498910082,0.270310785885021,0.179376256231476,0.26842402891109,0.183916163024259,0.30167185109443,0.121045200334157,0.241300031516836,0.205030015376253,0.188505592327149,0.233179876932009,0.204843796853259,0.1952318741603,0.264390512508867,0.157091238708403,0.188719334719374,0.237765774900892,0.188952632982575,0.212695912361778,0.208406631844639,0.249544894272183,0.110702665085584,0.191337097517079,0.179264516538032,0.257764654244651,0.215303733287559,0.223801163633121,0.233898248414811,0.193281306825494,0.227503468043089,0.142595792395783,0.234802186678935,0.20727134391825,0.14227151714744,0.260661601333168,0.222381100698671
"acuminata",0.277107168984724,0.226557070684332,1,0.246608484072804,0.254244388462067,0.236970064292928,0.300768873412017,0.172954195010793,0.177230973253913,0.0842490836097134,0.155077127614401,0.18728334250609,0.256616414639553,0.244450755734047,0.282470376125075,0.246462918401747,0.153102111965724,0.174567105372524,0.220429139122112,0.125091580131259,0.297862266274518,0.244007706373752,0.242420529637576,0.103524976287343,0.122529629303542,0.167144402699193,0.227065788491335,0.256817362927295,0.238456490876382,0.139075420400995,0.204352243855139,0.169227218652409,0.164237568333331,0.186263030866962,0.214027669294056,0.0847817111975073,0.103398824383515,0.140376224893814,0.112315528686941,0.187097393101052,0.205983878817689,0.206526754619355,0.127669250706196,0.130769784053781,0.242284507928752,0.189736955632153,0.157916439257778,0.141643204859356,0.168898195802948,0.185654399076931,0.202641393968199,0.193534786694638,0.184656403862638,0.175114965748545,0.170330214296363,0.201495536530441,0.153301674577555,0.127351567030796,0.262659291354658,0.21201623805646,0.22578601022718,0.257037303423143,0.249285302082459,0.232140036869862,0.150842891247198,0.309254065638426,0.171363466023332,0.250591792299727,0.126246130895867,0.204637819376316,0.222698445666995,0.170420541988029,0.148082993377074,0.153998075219996,0.29144741483043,0.285303314428573,0.132561229339178,0.253376195326156,0.212552484726312,0.234671900803487,0.135856609578945,0.156622914954738,0.250726070138098,0.119037931342306,0.175185909632767,0.191706573623104,0.218190264402092,0.199365676236612,0.232333975575998,0.204807287108518,0.19277235929543,0.24144166966937,0.205927111696867,0.208183243998068,0.256361191137652,0.117552754619104,0.274125069936025,0.196318218282224
"alata",0.282166967098486,0.266439843601872,0.246608484072804,1,0.292425989723523,0.146964675432502,0.331491335591587,0.182821841096762,0.240902011199272,0.12685225943735,0.163546378488924,0.204015023380546,0.213657874028163,0.240755045714691,0.255203667381463,0.260039548725515,0.214766349118186,0.23579849567804,0.245183523425376,0.17923354185482,0.288735549426974,0.246996394838521,0.289010224476093,0.154161008088765,0.189765323645056,0.208001664031174,0.278160119110104,0.255754024862013,0.183834772294103,0.166637394767588,0.222539477057756,0.202398073432095,0.233611842867333,0.219024945379397,0.234008915041744,0.0970836253302866,0.114702568026787,0.180759992301917,0.124731271284632,0.173634617814575,0.224920653462176,0.291287780773107,0.172178297890729,0.181175367227858,0.266012779877379,0.202895819608493,0.182106203608618,0.180688851754516,0.201445742348876,0.161933530340087,0.174925724659033,0.213887497221798,0.228142933718519,0.187298481238041,0.201751610581282,0.241920095896185,0.173944434149171,0.185242334483159,0.273413337328884,0.290675645777007,0.245239049227807,0.283782079086918,0.256716041463739,0.266251904309728,0.214052301281183,0.296598881642552,0.181608917910865,0.332498295525196,0.13095496265695,0.245714906067522,0.218319473020874,0.214392926807125,0.214720980446353,0.195421959262508,0.261993317865745,0.296504861076363,0.175327790892703,0.243622163039404,0.200966060858171,0.24346645192825,0.161322477503504,0.238411353211599,0.287053837453947,0.124005656271792,0.189469359685763,0.262664705386922,0.277305089249886,0.222974806148039,0.225003585205266,0.249396762522823,0.195751247235165,0.246854047668898,0.20425879122582,0.278450708768103,0.249643084778718,0.128289029775232,0.267025144529988,0.31582986972194
"alba",0.318939877057116,0.313018983074031,0.254244388462067,0.292425989723523,1,0.137107932925945,0.276226426539639,0.16874473270966,0.222957536071928,0.208495629950408,0.285821496081291,0.306501555458887,0.279349667105406,0.286783392280979,0.295948568278347,0.238122174814776,0.193286793185316,0.222612655223096,0.211028433253371,0.149406424349617,0.223436646196548,0.255176697985247,0.268479874947968,0.170363327455233,0.218001174998454,0.295481484189063,0.261549196917574,0.222933775452427,0.153943235660014,0.157960300606068,0.217004070584515,0.351679333976512,0.226696258681239,0.194332363085169,0.366824365831064,0.0918058662721943,0.103620838624058,0.172401524073143,0.176781406610018,0.174066203975336,0.367330450262962,0.242733773608318,0.134227306331819,0.16614798502209,0.277082689143666,0.214097439447974,0.273985315337849,0.184154908326124,0.316920581090753,0.270180521075875,0.185840360109997,0.248386065712392,0.234488128328958,0.194809388727434,0.206646049485614,0.286370503402408,0.170905316724727,0.170265214547556,0.451097413000108,0.295394718914238,0.250984699189585,0.305118792080693,0.271570082647858,0.273579711735633,0.256156498864297,0.329456235937408,0.164335554955505,0.258659716083664,0.139522380974729,0.255637328961696,0.37074056358598,0.166454276102332,0.189352806654831,0.173726570818231,0.287846172058341,0.312992441868107,0.190649264071128,0.218639932511976,0.217336691307917,0.20010636657666,0.141180883008113,0.198768369919382,0.319227279620645,0.121131209407925,0.182343210886719,0.187359328534594,0.237622852540002,0.217386248261954,0.223516241338406,0.330917261024233,0.167366823302686,0.350625984502633,0.247346439666335,0.287517246205993,0.230959012804211,0.236358177901353,0.324486734874532,0.269474663781758
"aria",0.180786964699048,0.158116996337341,0.236970064292928,0.146964675432502,0.137107932925945,1,0.268331026643566,0.160737521029897,0.109974678494372,0.0536895374820089,0.103504645878179,0.104122888043541,0.140413191651882,0.150924250040439,0.159708605259761,0.179192498728835,0.113532379595256,0.116670207828815,0.155056593456397,0.0807167332701009,0.287153584737968,0.125181065747683,0.142972955888491,0.0745086859389951,0.0766068560066306,0.123537116471462,0.135617555648154,0.152011554754852,0.338262806017994,0.0987831776108985,0.141950539928478,0.0917444529952444,0.107362818433951,0.126357111348508,0.14473311642723,0.0438079434243489,0.103383139756478,0.0852909939107044,0.0706288895281242,0.102831716210508,0.111986608126759,0.166004831458012,0.0824761605260804,0.0975642263919793,0.147407914182483,0.10789292011929,0.110537688809721,0.0869710985058423,0.0943456677822992,0.132409514953664,0.142375076681559,0.114565389908845,0.150128235193072,0.132020710595974,0.102836499493029,0.115454540504811,0.110457757989118,0.0925839271756566,0.145992639838444,0.144574729675414,0.158861885749954,0.161516715687838,0.155739553442654,0.156865973062311,0.121184601943999,0.207618602300098,0.150526897505492,0.171780745812826,0.220990178713804,0.152937987516624,0.131349106898794,0.126284336913842,0.10916750409893,0.112456562801028,0.314519685489184,0.191084444667011,0.100718658844174,0.185177936755207,0.156807599524512,0.317195034818925,0.115806403320864,0.107128436874947,0.160483872384239,0.0745351920085952,0.161897657277367,0.112645092854263,0.159588077814699,0.131528339110271,0.12975267042826,0.24594207809656,0.128595307809874,0.162171872012745,0.155851541276753,0.127991708731272,0.165134043104773,0.078840857683626,0.162492789647343,0.241093256916382
"auristellae",0.288777534969012,0.295253752407175,0.300768873412017,0.331491335591587,0.276226426539639,0.268331026643566,1,0.229301064284674,0.183686449999799,0.100873622166889,0.172885901961681,0.203496590481388,0.20719911519018,0.243655134634031,0.283036177285184,0.28485625320044,0.194489557688877,0.204392708060666,0.219836456373079,0.139117205044192,0.274286083813762,0.215101125563785,0.257538457034981,0.148665098287809,0.14381764014394,0.188285677305024,0.207587571963492,0.251253825787881,0.221518296644771,0.165279183753796,0.207569725714804,0.169151740882631,0.221548027420956,0.248295278036735,0.225442102997605,0.0998793650098756,0.142220219003644,0.168987756817626,0.140615486571381,0.177006747712647,0.190597437836678,0.251754735499926,0.158798412530083,0.182049588297241,0.265680905749806,0.177636443129819,0.187122632343465,0.152241977249403,0.175806496509066,0.194276957585806,0.195815844941397,0.189954715958032,0.236356333714228,0.209638212002316,0.156323880933042,0.201795719607005,0.198332617848197,0.15759570052204,0.226874082331481,0.278016941670639,0.23985253478351,0.272067443161155,0.272773867886383,0.296070595379679,0.204467911678797,0.34539250881739,0.182277667434311,0.327793824291283,0.191170114309777,0.281634740576262,0.213972508511819,0.18529247350245,0.222198665606344,0.18133155832565,0.241086247784223,0.30128084474107,0.160510001232704,0.232458197294332,0.24433594703014,0.209614820283726,0.216026981294795,0.190898419180162,0.269011952774113,0.102207938694912,0.186427091375337,0.201992709016303,0.22547297669084,0.206917277899077,0.206946677556809,0.2429002693941,0.212321852373728,0.253827599196762,0.188314289749254,0.234104091166797,0.233022168339562,0.147636274579779,0.278422007752457,0.263863646913825
"bourgonii",0.176102808456389,0.224668128372981,0.172954195010793,0.182821841096762,0.16874473270966,0.160737521029897,0.229301064284674,1,0.168158846030342,0.0675539255625178,0.14213308565867,0.143998161819937,0.182429201897324,0.173108795654558,0.183066845997727,0.19014865652577,0.173816028852513,0.170264952019578,0.154804327932581,0.137936057879329,0.216226077709447,0.167254319089828,0.221325660878251,0.149401046001239,0.11394960986067,0.179175239265386,0.228257041083978,0.172344334829649,0.167122999505543,0.148170245683709,0.185021420804169,0.12354206535898,0.160873407293787,0.165214061676092,0.15634256585746,0.0763711054792605,0.107687821634779,0.12215395645013,0.105280427614405,0.13600583994319,0.165504155139726,0.20400724739793,0.12860394611514,0.145863816763701,0.193631353112338,0.18469015733898,0.138200298836858,0.158287878523209,0.143707586962805,0.125494483617165,0.142759361441144,0.124849828884366,0.167924872094495,0.16023170107028,0.138167933619259,0.141381238598397,0.208057048173628,0.129002728040576,0.156799843380687,0.171580575256264,0.181440695166116,0.200306579462586,0.177060082706272,0.193026116716559,0.144104465790215,0.199628218986648,0.169653072501263,0.270211935564232,0.162787931113138,0.204048416701248,0.138011400727876,0.189803179694889,0.150254108629571,0.130140923354503,0.149553739276002,0.186755647280328,0.112737324477037,0.159383924478817,0.152453326790518,0.148027764660481,0.150232270643967,0.165919451821519,0.171410793916717,0.103610169809338,0.117337663256198,0.160579780982478,0.160143768677667,0.135216861077593,0.157644389591012,0.176099248091451,0.152178377178372,0.217964591725446,0.116281037739429,0.220279613710857,0.169528887207394,0.127933192364401,0.218348498375802,0.165882608705449
"brachyrhachis.aff",0.194596096513312,0.211696193993634,0.177230973253913,0.240902011199272,0.222957536071928,0.109974678494372,0.183686449999799,0.168158846030342,1,0.110891231363122,0.167558654207832,0.158756330791435,0.191823387532877,0.297065209354052,0.215583250657232,0.182897769415313,0.194142626630357,0.338474930584479,0.165489886963065,0.135649539415299,0.190798299492119,0.207598372670903,0.222546228356943,0.281685401380971,0.384399317921851,0.190067535488881,0.233372303545373,0.182581260817988,0.109545292294793,0.240723190193655,0.26485978365253,0.190711680163645,0.35357884540704,0.201570481575027,0.159276527254161,0.144658008630717,0.138774592420178,0.166187325421344,0.0964437733024553,0.122768772250715,0.207805003002076,0.154992509162619,0.123603571036232,0.17002375128771,0.220257799045621,0.214173140609818,0.19277870854154,0.15309583934545,0.247694550834567,0.157661313664291,0.172340034310892,0.34671538103768,0.322121224859939,0.159617235023609,0.21390134218813,0.337767012600068,0.191523236807587,0.181120521549624,0.204709044366127,0.249495710945952,0.186341366551475,0.185010347680614,0.249782175726378,0.206488979813303,0.22761427726664,0.21237881081216,0.160068370038298,0.258914103042243,0.105465061689292,0.348021252124809,0.153490890013798,0.180804872697696,0.351019306319022,0.143985282426493,0.152783159458115,0.201806065135007,0.278354266288923,0.136686724756265,0.14015098784909,0.203438262245698,0.11362734630961,0.145501531950189,0.185276974167672,0.338793438793972,0.149960845678109,0.16775695914065,0.165341344157944,0.188424787938442,0.159589947582383,0.151305085738261,0.144574462378147,0.186400863189962,0.114278353149087,0.220914238125146,0.172694718026625,0.316273918632693,0.230241230745169,0.197157554258506
"brachystachys",0.0859298946358763,0.104775009656015,0.0842490836097134,0.12685225943735,0.208495629950408,0.0536895374820089,0.100873622166889,0.0675539255625178,0.110891231363122,1,0.284022926495309,0.233594769368564,0.168810376810711,0.0887493847841455,0.0904770095556007,0.0854714381442022,0.0860663992039397,0.125381322425566,0.0754202313950591,0.0808778244159673,0.102182695319329,0.158044686987756,0.102935320130007,0.0924306791700503,0.105764888668948,0.267099131385881,0.161593940404853,0.0865228124416159,0.0633981934931085,0.0952474666082235,0.0963545743937996,0.320739310640201,0.120543783590286,0.0978573834847774,0.265983999054016,0.0923640394927155,0.0643706013795727,0.0942066426580821,0.0896762295872712,0.0851728562311561,0.307269591323702,0.12000115284593,0.0622711745626735,0.0953444474406422,0.102113577724942,0.102474203747064,0.32116651136999,0.108591542104586,0.251622199626504,0.231613202198013,0.0704106458358452,0.101056201142659,0.0904299707941193,0.145736984995245,0.103841320370061,0.106780137679781,0.0914234725924645,0.0877014215580521,0.213779607373887,0.0967008482477247,0.089307712657028,0.117539050026376,0.0949209310689983,0.0994914572185134,0.110025310067722,0.133200300990354,0.0652199671358971,0.0972082672451442,0.0472009619481373,0.107964312214,0.260701066824825,0.205477266678882,0.121544026923397,0.0787020282970696,0.0746941468665903,0.134629442340841,0.102503165542179,0.067738157282022,0.0875289690378875,0.105685699381575,0.0677322709042921,0.113559686157321,0.0903394140682818,0.0886575309727389,0.122353699593835,0.0754873651006906,0.0921153404246232,0.0821666075228487,0.0893306292499689,0.216162675930621,0.0743376288078994,0.277852466330174,0.0595339688159419,0.0959980006824769,0.0771907975074247,0.335301747906707,0.110935841877804,0.0907493366978868
"brachystachys.aff",0.131655305563226,0.174000724023243,0.155077127614401,0.163546378488924,0.285821496081291,0.103504645878179,0.172885901961681,0.14213308565867,0.167558654207832,0.284022926495309,1,0.298893044779686,0.222590832116881,0.134114401447707,0.150862030329196,0.160881221267145,0.131444267959825,0.14815803927041,0.157763322599149,0.11736195427843,0.158137780840579,0.141548563286606,0.173981302563406,0.1556307095368,0.12093993206817,0.298170748508974,0.142341142896956,0.141358431803158,0.0977603372551325,0.111259499642076,0.178890536134761,0.320611052569368,0.154469376332575,0.158094078986937,0.321478171663578,0.0708076299127138,0.101466748071799,0.0984878392275177,0.10789346089213,0.102522861292591,0.348692540910474,0.128658428114133,0.11808973713538,0.11428674203295,0.157216670427132,0.164613944698465,0.33337875029467,0.151766828932058,0.285951096174643,0.268480712012596,0.108903219097287,0.127518329093987,0.137121813729784,0.101775952208777,0.164764956741245,0.146603341217901,0.154167028585479,0.134030259038184,0.288767526758748,0.149038650819735,0.172671718057541,0.159846518206476,0.147922866953659,0.162195491032019,0.123317242596074,0.153385559022307,0.123940064851412,0.160442254465797,0.0888118750556372,0.171043007401592,0.30066380349909,0.111928415193673,0.154376101909952,0.114872615938847,0.142995870989367,0.142313359490768,0.108833243888889,0.109653984178263,0.144501817992092,0.155355298709834,0.0934270246039373,0.183009050743149,0.185646979787703,0.107465692346999,0.128033543345288,0.186605681124164,0.151500303244164,0.145748540954157,0.131936478951074,0.270161749020638,0.121813837948241,0.326922202758441,0.103251346180771,0.15451907785246,0.123122763385794,0.308133389322492,0.154450539030755,0.151654982514647
"brevialata",0.238573339070663,0.197016334767507,0.18728334250609,0.204015023380546,0.306501555458887,0.104122888043541,0.203496590481388,0.143998161819937,0.158756330791435,0.233594769368564,0.298893044779686,1,0.321643978897859,0.190046965183556,0.1777773339198,0.17723506674888,0.162672634067576,0.148800136295072,0.186856196413251,0.108958855004253,0.179033795432937,0.123993933716574,0.207221388122598,0.0945014601452875,0.157286624133536,0.310245740107011,0.181574793678659,0.172533549501191,0.13080769134176,0.134297619343251,0.226491082658642,0.357195853150238,0.213954712191692,0.187207467806624,0.302460266886624,0.0871781388942984,0.10617574840691,0.101854022173057,0.0985687357305421,0.120127302303215,0.300287753512791,0.183245462126843,0.114346626147462,0.119442001955292,0.186300849050735,0.161597628995628,0.325314769874232,0.144793847073964,0.268347246467954,0.266990024071518,0.131744467802753,0.188738984961706,0.161080990900424,0.148469011918001,0.139436595878653,0.167103238258333,0.137489585739397,0.103384918254338,0.369494514960918,0.197369829423372,0.221231569540693,0.166846294387801,0.154469363724022,0.167047336370583,0.161597788499055,0.195014755332183,0.111693138795393,0.225803987319903,0.0847037808025596,0.197321854332684,0.328324640383685,0.156892720817642,0.176686349489818,0.122037084897193,0.169822935314184,0.22918319109594,0.137192131946708,0.153155904353193,0.14143916132365,0.240653804829774,0.12306771905628,0.176515079151202,0.211967222575535,0.0787810724890028,0.131641094894084,0.139778529980885,0.164902219591928,0.154615140906959,0.159144315835579,0.30389535666682,0.133677663165373,0.338537388769319,0.139934735179748,0.192826860636756,0.266044524385262,0.274971697829097,0.189194906976023,0.158406646495814
"brevipes",0.217823105994433,0.203985507915817,0.256616414639553,0.213657874028163,0.279349667105406,0.140413191651882,0.20719911519018,0.182429201897324,0.191823387532877,0.168810376810711,0.222590832116881,0.321643978897859,1,0.19218319310297,0.258209982669997,0.220467767317299,0.203832824296043,0.148938892332774,0.199426290404923,0.127228331487522,0.221815756410794,0.163285513128832,0.175566978682798,0.124908354796971,0.11701419781826,0.330781122447985,0.211106340282321,0.183285309380001,0.16484146146926,0.118472612848059,0.193725523243361,0.27168166616564,0.212518969736283,0.15128772537973,0.256428686462871,0.0586162837380218,0.0854847291368101,0.100162138864314,0.0923190129609688,0.142977473924414,0.25574695397682,0.217724862608292,0.110691637849831,0.13466521760611,0.191644976845073,0.13881435485781,0.270881519414933,0.120498900736744,0.241576389678906,0.235415435476045,0.17285948312574,0.145605638375286,0.1642081392315,0.148849004996732,0.157054973859239,0.154136952108563,0.147716266934451,0.0914892435143695,0.329190754110268,0.194621608144004,0.231942783400548,0.172576759092692,0.246145711736991,0.195913127641925,0.146081062778063,0.240348580995782,0.156102096120695,0.23485419828238,0.116794618385721,0.154806751030392,0.295097059912826,0.159510132756046,0.125633087633556,0.150088087501232,0.171621227325392,0.238230938761236,0.127175274397172,0.172620751657614,0.158202289908786,0.1994125769578,0.124670104143283,0.15670841732965,0.181804216438511,0.109440186323055,0.155358110720371,0.203216350389527,0.172392773575164,0.141990553512666,0.139800348858587,0.239209273014366,0.184562533998612,0.305583018369682,0.160559968732027,0.202834651374867,0.355696139975118,0.200227834987699,0.219996677466092,0.162260061728146
"capitata12",0.302652625460788,0.231148018890739,0.244450755734047,0.240755045714691,0.286783392280979,0.150924250040439,0.243655134634031,0.173108795654558,0.297065209354052,0.0887493847841455,0.134114401447707,0.190046965183556,0.19218319310297,1,0.325206846709934,0.269499868098649,0.205324622024316,0.294077162780965,0.19319048082564,0.142925479861426,0.21140744621402,0.216858806818066,0.256655162864159,0.198773281113141,0.265944384331885,0.176575736539091,0.19769884147475,0.183590351273345,0.186772011678377,0.161002058045517,0.258349588098726,0.178311589425909,0.260797571355987,0.2284565658685,0.189020506422344,0.112154856915568,0.0980208003411111,0.15619622396885,0.110555638705108,0.15455357455096,0.198961839714119,0.349445267148199,0.121952307904297,0.183193856625848,0.261163360263581,0.173519502901362,0.16408572944087,0.186702828778118,0.211886885553924,0.155083982331874,0.269512549335244,0.329693477006483,0.439207251496339,0.187161798118969,0.161043520806384,0.321652979989065,0.138171828877907,0.145568165840641,0.246099916274187,0.321146329829225,0.219593071213847,0.251260938413211,0.306058213193709,0.281982095359119,0.229499276816239,0.347575371779705,0.171824975029046,0.262853550226439,0.121066700478869,0.310000904428561,0.243973271381232,0.155659679943581,0.274109147050763,0.171047720771205,0.20113340784275,0.347086157606488,0.214646879550062,0.211329660005893,0.166205092492923,0.202626961504799,0.126953801365093,0.158244906471093,0.246317058109271,0.231848937875415,0.170584399192115,0.162845642391251,0.196005697086752,0.191345352222991,0.20185979634282,0.199154893876839,0.168986487736704,0.210960395028546,0.187761185722758,0.232186799405286,0.233139713020675,0.251126227081068,0.285962050402237,0.198656565557352
"capitata33",0.370619798554231,0.263753040821,0.282470376125075,0.255203667381463,0.295948568278347,0.159708605259761,0.283036177285184,0.183066845997727,0.215583250657232,0.0904770095556007,0.150862030329196,0.1777773339198,0.258209982669997,0.325206846709934,1,0.305682971685483,0.276756958572963,0.260676694392872,0.198345027899737,0.18943765234254,0.237270436307418,0.251360712591706,0.228756717188059,0.165606637901596,0.171163896153192,0.195179893192061,0.236875576531775,0.214484179848323,0.216405713801197,0.162910958480274,0.205217273044704,0.209838532188746,0.205337375525263,0.166232531493964,0.237377959409231,0.092677614059131,0.104405501540986,0.150829907548827,0.112053055704429,0.171556526129538,0.284630998133212,0.271927296623276,0.141751837120234,0.159771236268936,0.252403193966712,0.191453116190829,0.178658444948743,0.159015506602466,0.261649676711997,0.165673819956043,0.224614756556282,0.305777434750381,0.243952972963603,0.21765266645896,0.235918267335986,0.24964362321417,0.154135894072783,0.131429271738748,0.313154095618028,0.276371101452325,0.228965516721317,0.279188269915227,0.402737203865918,0.280677686033402,0.20356005436165,0.387388282900869,0.177457589100349,0.274890005802048,0.122594542024323,0.240968250700821,0.296534504437008,0.166305431335022,0.219049030948402,0.198500302316976,0.225462252157347,0.3830844707158,0.158918586060247,0.23628123544642,0.208799562656255,0.202553464635609,0.174496926488375,0.203948857927881,0.283755822362329,0.117433009156464,0.199001112967523,0.196264225816175,0.232451442769038,0.202842796065726,0.214850754092583,0.199425409597634,0.208006797439064,0.23922893055029,0.207905422860152,0.246835728441664,0.264258309479277,0.136324871891389,0.349201996668331,0.233775095887141
"capitata35",0.262294167314809,0.24019352624128,0.246462918401747,0.260039548725515,0.238122174814776,0.179192498728835,0.28485625320044,0.19014865652577,0.182897769415313,0.0854714381442022,0.160881221267145,0.17723506674888,0.220467767317299,0.269499868098649,0.305682971685483,1,0.210642003669704,0.183610625999859,0.229791450234277,0.142586504623488,0.233673157340069,0.180795551348084,0.258060471986909,0.152090484538454,0.142119666855968,0.179011471247225,0.206434608967765,0.196685180484174,0.21914143741525,0.149106271557734,0.194842191667803,0.165433593706055,0.195223192862216,0.198270635088064,0.18167254032747,0.0780015633951185,0.110454580558646,0.111915021253478,0.106109167103547,0.150601420973048,0.194619381916102,0.271812624759429,0.139786713905212,0.153841346087359,0.204729993471386,0.155039311811918,0.179856915781688,0.176200622990506,0.141950385475971,0.158464732746234,0.202930643205309,0.172232353559688,0.240191540726251,0.197515330662598,0.164857197209452,0.19807523991763,0.177178385669807,0.113257354064622,0.217086259577417,0.302120583506534,0.203364465818465,0.24056006764233,0.208707401423406,0.320840964082029,0.185105374643637,0.294081732125743,0.212942254283073,0.259938177144195,0.138442541521789,0.205727929941327,0.217230834915346,0.16903111196406,0.18244992519213,0.199052183177534,0.206033967177101,0.319703664356314,0.145123787832974,0.211507599455189,0.213329908365397,0.182051629832222,0.167608297460175,0.171571074171362,0.228049335937881,0.105803516531878,0.180452597601284,0.215359110255215,0.186444873824622,0.171464834477599,0.166975536744608,0.203542397232973,0.213766653516618,0.198445424855565,0.197249715356887,0.213063127891349,0.2395631022848,0.127495047017436,0.252507968468777,0.208778455293804
"cayennensis",0.194041679085554,0.197449753251462,0.153102111965724,0.214766349118186,0.193286793185316,0.113532379595256,0.194489557688877,0.173816028852513,0.194142626630357,0.0860663992039397,0.131444267959825,0.162672634067576,0.203832824296043,0.205324622024316,0.276756958572963,0.210642003669704,1,0.175555614565354,0.186081549679221,0.197958653682379,0.193492337965255,0.152730543539697,0.197225123020812,0.14741537822467,0.151307213522267,0.22155938624715,0.214563378505113,0.176845921455467,0.144939631333711,0.152291810888527,0.200802905032398,0.126821002000904,0.21840166029001,0.160011457098759,0.129490913385072,0.0880597284437879,0.0949212423466492,0.0967728661200456,0.108620809370333,0.139583119014262,0.183068738443568,0.180205893765113,0.133733386465256,0.155518437556013,0.177901890920519,0.152415845797319,0.147412872636508,0.157547233125363,0.166236706732329,0.126409433006802,0.164749202794541,0.13767694507309,0.205118904891991,0.172799249879916,0.282250587033661,0.142628087842085,0.149684384985361,0.124546919781724,0.219324796666081,0.236581182875427,0.241283000833674,0.201040378814847,0.176864283471878,0.216087684773983,0.163610787748561,0.240174862758867,0.14432018787259,0.242123097151399,0.145225115928103,0.198997361645987,0.139844213880138,0.163018560468469,0.16945619834497,0.171268792606775,0.141899190223592,0.202420466604743,0.134024831237905,0.117181404248713,0.159937370470077,0.179026452063844,0.149427435447273,0.154313722212562,0.184744105670664,0.102414591597533,0.129610848843878,0.185183425347231,0.171186831659908,0.151282401239859,0.143909781518663,0.194649682762059,0.160708591592457,0.166388445536352,0.0965282416744313,0.188176043229623,0.20576487358979,0.11337065424745,0.200293437254885,0.163208543792206
"chartacea",0.223789995821843,0.222692203016918,0.174567105372524,0.23579849567804,0.222612655223096,0.116670207828815,0.204392708060666,0.170264952019578,0.338474930584479,0.125381322425566,0.14815803927041,0.148800136295072,0.148938892332774,0.294077162780965,0.260676694392872,0.183610625999859,0.175555614565354,1,0.147026008522095,0.141370482589824,0.208547731002694,0.201708737676812,0.259302817767876,0.224157475568998,0.335677267370062,0.158852985347348,0.22624874864211,0.141555899765288,0.120123792371203,0.221896468765907,0.24319990002651,0.182663012421859,0.340525567138388,0.205533545290356,0.197194072404541,0.159500858034231,0.128136393401088,0.161716015782799,0.101617876202145,0.137796779441722,0.232527538610507,0.214967938681225,0.129001902448904,0.179345535921246,0.206752754590394,0.198303677379484,0.180254683206255,0.163777005579607,0.299195910982335,0.157613381654837,0.139944696742965,0.370726995509909,0.303194391610709,0.179509938302057,0.203667484800105,0.36253041091318,0.19106620057676,0.169153596358973,0.18498740227307,0.253515753461579,0.192009789371349,0.203278581951457,0.231095310773441,0.251460700649121,0.218307253241917,0.219687996002255,0.149744240289674,0.281616054590749,0.103238843781191,0.43041337000365,0.182306762671106,0.196599515827505,0.383205896450097,0.186233691454234,0.161181956584303,0.230741431233433,0.321435140765869,0.131540472882456,0.183181304446779,0.215543836823105,0.16417966793855,0.163169839738957,0.204903140358341,0.286604191700532,0.156079027102723,0.136259134797619,0.179671239546309,0.189178495222393,0.18460202100519,0.185224500611953,0.146746589075101,0.189335928054194,0.126116176186487,0.207322139834773,0.149888054000552,0.250197577092052,0.245694901638367,0.196618095802059
"cinnamomea",0.20782022722952,0.208246287882163,0.220429139122112,0.245183523425376,0.211028433253371,0.155056593456397,0.219836456373079,0.154804327932581,0.165489886963065,0.0754202313950591,0.157763322599149,0.186856196413251,0.199426290404923,0.19319048082564,0.198345027899737,0.229791450234277,0.186081549679221,0.147026008522095,1,0.137967453862551,0.194500166898076,0.151717729200042,0.22366977134527,0.118996853908238,0.133080427421099,0.16190197654876,0.185473297182517,0.197413710429716,0.180350229371304,0.114849275650693,0.214684086235051,0.152855560441435,0.164877158396098,0.201670233713162,0.167097826120131,0.0744784786547579,0.103529038980998,0.129622097827022,0.111762687243737,0.14204102754491,0.145334848858247,0.213229993205887,0.285124609301617,0.129260934158454,0.205664426715253,0.153553807365096,0.16423646626486,0.147089396609332,0.130034104669539,0.161012804851826,0.18974423863973,0.145560741038403,0.163232603056027,0.138678883084886,0.167663151680351,0.156885859312591,0.125696413871277,0.137356333493025,0.254555877675117,0.210325166011176,0.224262513764714,0.201707177190442,0.197965564709564,0.206076097520701,0.150286867181017,0.254339773804213,0.163104443361968,0.2227040594598,0.136218998266043,0.186670849234339,0.164426125841951,0.149385775274482,0.166057941873882,0.175240005489155,0.195315523822752,0.206627716191465,0.130839581670232,0.193846551573906,0.170813065463103,0.186837718299008,0.131857066694948,0.172475618665827,0.207650732586878,0.0928477913405438,0.177814233357392,0.209525855756799,0.225699477426257,0.166268555713779,0.164876426530493,0.183279293158476,0.182912669311686,0.207336613839131,0.165377328162963,0.195489509889249,0.237392386910814,0.111594657826314,0.205522542556502,0.203931640571501
"cocleensis",0.129240785788851,0.195667358173015,0.125091580131259,0.17923354185482,0.149406424349617,0.0807167332701009,0.139117205044192,0.137936057879329,0.135649539415299,0.0808778244159673,0.11736195427843,0.108958855004253,0.127228331487522,0.142925479861426,0.18943765234254,0.142586504623488,0.197958653682379,0.141370482589824,0.137967453862551,1,0.147790561445748,0.159920725834736,0.155361739338985,0.130502310201249,0.115847451463889,0.150697510363921,0.129663267510786,0.14512165356595,0.106619035214932,0.126467503749545,0.142779419436641,0.106508901069464,0.148321433917281,0.141135350080451,0.0970457999590245,0.0846651991045669,0.0844457420036728,0.0959229701020083,0.0935608048073964,0.119629898760502,0.158741514130955,0.149076319603394,0.145734169684697,0.157850806831396,0.174916798361794,0.10638938560271,0.126952029976304,0.144232408287774,0.13221036275238,0.128294778077254,0.103488614038492,0.112814805953097,0.145409581426305,0.145096305185721,0.236919133972866,0.131557496948602,0.110328444491777,0.128448518175916,0.186570852686001,0.170989515952825,0.152404576358745,0.153721824551148,0.146749705842806,0.179250661568714,0.122126621909216,0.176230489912197,0.138174951293625,0.161693214865765,0.0828506020886097,0.150776019285257,0.105900907073016,0.132450177686711,0.158123269884466,0.154688950786396,0.131254938600876,0.138963508297208,0.111006715378105,0.100412305830676,0.114253229485022,0.129440592265302,0.175039208489505,0.136125296354552,0.150158367845046,0.103643688846628,0.125945089816907,0.114542224342033,0.141565152015892,0.139170580497341,0.127981892929923,0.121239151891336,0.118247685429101,0.112894844621812,0.0697397518249857,0.145991475935044,0.114563196360984,0.096565290236802,0.165219181013892,0.136609692769143
"cordatoalata",0.212658521194222,0.222517302106747,0.297862266274518,0.288735549426974,0.223436646196548,0.287153584737968,0.274286083813762,0.216226077709447,0.190798299492119,0.102182695319329,0.158137780840579,0.179033795432937,0.221815756410794,0.21140744621402,0.237270436307418,0.233673157340069,0.193492337965255,0.208547731002694,0.194500166898076,0.147790561445748,1,0.181431646177345,0.221569911896067,0.143233188717168,0.13247384965313,0.196429719258958,0.203588700262263,0.222939877214662,0.393005092517948,0.153032216512033,0.201186245439431,0.139628077646727,0.220939103125751,0.16803746100375,0.162997704225836,0.0858236930356345,0.113140800083351,0.1210687940289,0.120379814835464,0.169525700369279,0.175555653902222,0.243979679139339,0.139071282509252,0.176515039302835,0.233573009033021,0.168952091795986,0.175937294687619,0.155818116428672,0.143940476905048,0.137279498471939,0.158387561899797,0.150884435956418,0.205570668887066,0.178523714532204,0.158127830378687,0.175204538147962,0.163791179058734,0.12803393995266,0.221485492387403,0.204262584150026,0.230066533029997,0.244663483384829,0.204824226379293,0.226139069847081,0.153672329786738,0.23456776416751,0.188367793607449,0.281412414173113,0.138712240541039,0.199682371016486,0.175043235111774,0.184008639684181,0.174460100967827,0.153823692517842,0.370295320250772,0.225033599989013,0.128338755532304,0.172129293947629,0.207354275107166,0.329317309174947,0.144303017140214,0.227723236627224,0.205403742804514,0.138797418263637,0.149356038138494,0.182361040411718,0.23237330709009,0.178703732034411,0.167350074731122,0.221924399809792,0.177562939001751,0.243127499316496,0.141220640757916,0.220716379090245,0.213901489815674,0.125097096465302,0.214560035213571,0.202303899204789
"coruscans",0.222255159285415,0.223554280330271,0.244007706373752,0.246996394838521,0.255176697985247,0.125181065747683,0.215101125563785,0.167254319089828,0.207598372670903,0.158044686987756,0.141548563286606,0.123993933716574,0.163285513128832,0.216858806818066,0.251360712591706,0.180795551348084,0.152730543539697,0.201708737676812,0.151717729200042,0.159920725834736,0.181431646177345,1,0.230404720555623,0.143318188777249,0.164771376097415,0.19846808894216,0.282839768775533,0.178551739420022,0.131786125756298,0.155887708823241,0.181844072192886,0.156374388925481,0.187475840931663,0.150102348736532,0.23696510164467,0.0837278834857265,0.112811085733204,0.160917061944571,0.138858187921856,0.146217037953179,0.235066385103917,0.219959232129025,0.124259603730972,0.144989649480855,0.262998969374635,0.162150047134602,0.142625673653032,0.17988616019193,0.198160784649424,0.154714591565248,0.167373454940225,0.224435097698595,0.233113781956369,0.148121506041524,0.161698015075408,0.222709936639236,0.172664363361522,0.16120924698862,0.206098857633384,0.209366930726729,0.187322903265553,0.237215257601149,0.248711016793357,0.227273736810386,0.167904546082597,0.230973629464639,0.140033048506578,0.206866484651944,0.0918691468118435,0.204281767808677,0.208960654862327,0.241010758077968,0.171873363548656,0.167205740333622,0.184834393992533,0.275131817952525,0.127994275428903,0.20737258581826,0.166622735055879,0.188904399741116,0.161341584545296,0.135502587417518,0.252546534281033,0.10622960416906,0.150801785711644,0.160739105512277,0.181000904527762,0.235107887075463,0.247344991687021,0.167229234151453,0.170111952779882,0.226599383864214,0.161406788034125,0.200024957067211,0.188927651702896,0.118819312049793,0.301564881230283,0.204366566785008
