"","acreana","acrocephala","acuminata","alata","alba","aria","auristellae","bourgonii","brachyrhachis.aff","brachystachys","brachystachys.aff","brevialata","brevipes","capitata12","capitata33","capitata35","cayennensis","chartacea","cinnamomea","cocleensis","cordatoalata","coruscans","cylindrica","edulis","fastuosa","flagelliformis","fosteriana","glomeriflora","goldmanii","gracilifolia","grandiflora","heterophylla","huberi","ingoides","jenmanii","kursarii","LA17","LA41","LA48","lateriflora","laurina","leiocalycina","leiocalycina.aff","lomatophylla","longiflora","longipedunculata","loubryana","M18","M25","M27","M30","M71","marginata","melinonis","microcoma","multinervis","nobilis","nouragensis","obidensis","oerstediana","paraensis","pezizifera","pezizifera.aff","pitmanii","poeppigiana","punctata","retinocarpa","rubiginosa","ruiziana","sapindoides","sertulifera","setosa","spectabilis","splendens","stipularis","striata","suaveolens","subcapitata","T18","T21","T29","T50","T51","T82","T85","tenuistipula","thibaudiana","tomentosa","ulei","umbellifera","umbellifera.aff","umbratica","velutina","venusta","vera","virgultosa","vismiifolia","Zygia.mediana"
"acreana",1,0.266328497784035,0.124451063272718,0.233940999288428,0.191807783771973,0.106501089805602,0.235984949448449,0.119614136864516,0.195781933147462,0.104036070472575,0.191448618564531,0.169659291531032,0.116637463148959,0.227468196750633,0.172680209162843,0.224484970548565,0.216699889316362,0.256733421291611,0.144231374921287,0.204599643634708,0.305276904358446,0.157669676243684,0.214362328917529,0.276836043699771,0.233845172194586,0.233743982422574,0.195961019654537,0.178557452131551,0.169122936021184,0.250296210715903,0.168020761091249,0.108396669393707,0.226882040462306,0.229366881363956,0.150806441086905,0.159052442637631,0.172192708032296,0.130321271784154,0.172393539102179,0.137142815079758,0.144235555868703,0.207627575433456,0.206034166388293,0.17556477013222,0.214265524328537,0.202932134812196,0.148513891583767,0.251956966520263,0.214580864437643,0.11645005488555,0.129090057371072,0.165267541464031,0.185025972998507,0.163579256650086,0.190953350913116,0.218092926795325,0.253053203109065,0.201522681732492,0.110863244566218,0.246687207369125,0.237577852532468,0.257899746867304,0.183429754799786,0.199455551459997,0.21127314855063,0.230379895210392,0.110080425676067,0.240450005818191,0.126415736709197,0.230369348623807,0.210335099717443,0.235188728846239,0.192244531773684,0.187980897566879,0.133389064985866,0.266770551588249,0.162522691277709,0.14118748233082,0.203553814318519,0.125918936129014,0.138080835616688,0.136157441539161,0.207461918532663,0.185705489044934,0.090786948008926,0.154649305720584,0.230508412611136,0.205391345924139,0.124710324873092,0.188971117274884,0.216205152571211,0.147203282052126,0.216258212751725,0.266973519606357,0.189935879184315,0.0896294885890897,0.212275118886717,0.233777363778336
"acrocephala",0.266328497784035,1,0.153892932499056,0.281393003773503,0.179602568980148,0.104015409546522,0.257383266879625,0.129887256652723,0.192334678674646,0.206469763132149,0.201042484287699,0.290885238548038,0.117407390598799,0.238683599671116,0.150325546962297,0.189325819303478,0.252344302537809,0.527001306376176,0.132266126971184,0.212003271022088,0.29154510955088,0.202398191034477,0.243002408289034,0.272989260286223,0.221466701579431,0.22886740439006,0.313330346282773,0.205181994656457,0.167047293758927,0.29679590634508,0.147955016545261,0.085968860992754,0.231460329578011,0.287289100503875,0.167351644184445,0.156131665521723,0.138842277087259,0.120339748870817,0.13060891785856,0.138264874345339,0.15009747996018,0.222091099263488,0.279106016932249,0.153761684224558,0.270301359484073,0.282412182450492,0.115309222478617,0.2592934128944,0.179393928791057,0.109951898179568,0.128629039323062,0.180276865129369,0.234107660888783,0.235801031226812,0.155572508879111,0.24587359356881,0.252765254874065,0.195406113601892,0.104398334859407,0.305264782476185,0.305318249554208,0.266896592977061,0.169352054654361,0.176080271138461,0.211121265168012,0.218947060818522,0.225668041811913,0.270654041423463,0.12771539431977,0.327564418084382,0.198454475642258,0.287627981142046,0.210976777304103,0.187867947461947,0.303847252461779,0.292816328807573,0.15531349429441,0.134524288616096,0.215687574893459,0.154282388029723,0.130425394104338,0.171125180951945,0.282291951119058,0.204966667150026,0.107918981212707,0.186270481650835,0.247434051411382,0.168246159943778,0.106447282353609,0.153713698434255,0.287529877749086,0.153697894011572,0.227750596762039,0.351034166876409,0.211998511340982,0.106381179819006,0.266932660607961,0.185667448947758
"acuminata",0.124451063272718,0.153892932499056,1,0.132551609085285,0.137360350710312,0.131470065487463,0.148023807226409,0.0675894711935053,0.201124938864265,0.105265430640652,0.126303753148756,0.110734752141468,0.113864256206916,0.1934864880248,0.158534066186111,0.157692041971533,0.142403853370269,0.147785352263315,0.141419585265235,0.221074520759622,0.170207134901452,0.133989148017268,0.189637934617265,0.176847994432887,0.25159226161064,0.144056276752566,0.130312142028528,0.14175916560361,0.181926323490088,0.190151708086995,0.162526334082488,0.0987777669356172,0.153676090085154,0.156760012733437,0.130639294301505,0.158103504898314,0.117530449584416,0.116836137308217,0.159250660205605,0.104240757553174,0.129510525817799,0.150500608836472,0.126736170496934,0.198812033218388,0.144388263971526,0.129563612747116,0.0730262425449691,0.202901358649647,0.159697788548787,0.115149214622609,0.180595069168159,0.151028611675119,0.185471335794582,0.122676321471657,0.15639197734626,0.134273062253211,0.122139014290873,0.145620592075087,0.108326184230987,0.155047989623733,0.175848973995925,0.150218658815928,0.163085950037551,0.140457043344173,0.219131199939997,0.16764854156582,0.0809911221257996,0.152704434064567,0.0727697368441737,0.147272731884905,0.145054855414895,0.134833657214796,0.169219597514888,0.121676998228836,0.0913700873120354,0.155165779744965,0.122732669951797,0.188210719881487,0.145571654409949,0.082296481453806,0.134304178761079,0.0766071450773556,0.133941885548154,0.185010865436415,0.131651835299789,0.183549692601396,0.148144752540246,0.13774651378482,0.10372412362164,0.131746062919695,0.155913879652975,0.10888743971341,0.123091329996051,0.161803371737659,0.186091737943547,0.0593750140173816,0.138194860279715,0.151033353519798
"alata",0.233940999288428,0.281393003773503,0.132551609085285,1,0.191886999361364,0.133711100478119,0.258377894307438,0.360524419595051,0.214979088247118,0.155388857001082,0.178951064978163,0.234635208870032,0.11203949241787,0.251895174185077,0.154609219465896,0.233836037944555,0.298403669783749,0.291519765492776,0.151110529509189,0.209225227436996,0.258781483703835,0.152063229711567,0.197240065333976,0.271005838460716,0.212348013757682,0.206857651928065,0.193359287010266,0.179972109446869,0.151858897523703,0.268937550352247,0.182996579637966,0.0951414247301775,0.196054687640215,0.248296632368913,0.142730543673173,0.17206538415705,0.170217461102899,0.142956422171223,0.158047833692938,0.145285482203716,0.160331447440182,0.295793970250769,0.282285019346194,0.152954381688208,0.249912193121791,0.302746025458207,0.140230715515549,0.253155811801101,0.180703534565172,0.109141646851883,0.125590560437659,0.172091746297942,0.171410764559205,0.182464849196491,0.178600025467051,0.211377284408277,0.302881657525154,0.178362228374209,0.0898723243091473,0.26681430366777,0.261376272442285,0.280306559394077,0.245743207292501,0.18148557372134,0.199773823313404,0.245321029114652,0.165930428813486,0.266110172158184,0.328880022644947,0.234835883828887,0.248896526996331,0.244423357140397,0.179307802862028,0.250823414147994,0.152521090014958,0.254242912891097,0.19803782273358,0.145332907617112,0.19384546347553,0.356464089389184,0.133120035841289,0.368450468736534,0.236490074038129,0.183464254005746,0.119600080181976,0.160511145384077,0.225676420930915,0.163003617821022,0.131586661303066,0.158646335697402,0.241760662409167,0.136208052437456,0.230451250842129,0.362014996271234,0.268268206685669,0.0527692651911289,0.252130042163385,0.201231077037449
"alba",0.191807783771973,0.179602568980148,0.137360350710312,0.191886999361364,1,0.0984727717001315,0.220787671947263,0.112092201789849,0.170884575095024,0.249639670665255,0.216341518535073,0.260215708688197,0.2068886887189,0.166697291314124,0.151504495543038,0.137863598508494,0.122051969855473,0.204571377421778,0.130204824258037,0.142113262925243,0.248462421337912,0.156620860763352,0.173832360244904,0.177010854325155,0.154164956237976,0.236738468141735,0.139245675653673,0.132143554690568,0.136058745778836,0.155382411007601,0.125252364956011,0.189648054168781,0.202672713033971,0.182291066785357,0.273934267464683,0.149012825442414,0.128621580377216,0.12212883649256,0.113664342954474,0.107392992163797,0.278781973896551,0.152374031381845,0.157654531434828,0.143496824651534,0.13034924772788,0.184600399662859,0.197798198848135,0.142790988740687,0.249407063140645,0.207490398496371,0.116809370315673,0.150012057399911,0.172757615330389,0.156133774126645,0.112404177171405,0.111775553007189,0.19364090055495,0.151742981137822,0.222563852073564,0.15823771028284,0.154705416778231,0.183457932045041,0.142484603175579,0.178971516184179,0.188314812697911,0.163896854321171,0.132721671272993,0.167051589681772,0.111437525078637,0.24346916221414,0.227569979313923,0.125632035623896,0.223857405469756,0.131963143954793,0.13156186432173,0.169856124676172,0.154429494525543,0.115530157047304,0.116336409589795,0.120098135980009,0.132341492603765,0.154307026243997,0.107936521872904,0.152979427848443,0.081022544174023,0.126491721126073,0.147456484866146,0.127080914657778,0.0853811107296894,0.256294065250953,0.134886234430335,0.228591903081676,0.116255187466528,0.207182978557696,0.126331450814676,0.154808365055672,0.175353189472294,0.195253259976074
"aria",0.106501089805602,0.104015409546522,0.131470065487463,0.133711100478119,0.0984727717001315,1,0.127507772265417,0.0615028976486661,0.149122937155021,0.0773384254993453,0.0891283363410507,0.0896412394657391,0.113831515604938,0.156305328762889,0.240476300088273,0.16544925458197,0.133714318947609,0.166347885399381,0.126548605810234,0.14243459898833,0.111393990884283,0.075207445033606,0.142876149022253,0.126574076911019,0.166870137269093,0.0987064897026814,0.08816598957583,0.101963574846137,0.128973781160417,0.14153280583382,0.155927973894514,0.0652546768425851,0.115069944325073,0.113888437997781,0.0837683622149816,0.13096826032975,0.113442862823619,0.0855282014913254,0.154731911719002,0.0905160037679112,0.107902388090528,0.146095963059523,0.133184604178221,0.153080387751592,0.136210902698167,0.0958030850606098,0.0560329532413904,0.198532344848815,0.122089492025487,0.0998300626934514,0.178538678260498,0.128659586528573,0.132428195073412,0.0715816797903091,0.165700198081552,0.114920595617531,0.0964598117761647,0.093856644898735,0.0790356606490163,0.123369341273725,0.124869284086171,0.131439174947231,0.151638105562982,0.11372958568577,0.175835640373374,0.127178729477252,0.0549826631035618,0.122476437111594,0.0675810213162472,0.0927513335451808,0.110429677073665,0.0942478189874856,0.102973797926017,0.115832340753386,0.0669965567233222,0.123674993290829,0.0808317619063892,0.153023579327815,0.116751029082529,0.0573432944527027,0.325085154529408,0.0512846527011644,0.125099483238299,0.134493576991583,0.114720154554405,0.127064236449221,0.1598634184217,0.10320159022925,0.0706655426313744,0.123408120198208,0.128083668521953,0.0783503348847158,0.130883403978449,0.117204223511713,0.168095230567675,0.031179674363814,0.112662040574313,0.10407039679336
"auristellae",0.235984949448449,0.257383266879625,0.148023807226409,0.258377894307438,0.220787671947263,0.127507772265417,1,0.138697811599368,0.203575329825886,0.16994504876572,0.158783036145325,0.187746001921658,0.118479124976608,0.235365543482799,0.185353466944358,0.233820057397805,0.16954388880496,0.317755482408949,0.154460295593692,0.191126624858108,0.253593891273375,0.21594904357646,0.27501195475603,0.264350317040363,0.181567056687113,0.180333353990487,0.194171025936696,0.179425415079874,0.175661256136946,0.249699764123967,0.193905060535861,0.0944450427824294,0.266924039696987,0.234024702612978,0.185735321078292,0.193141548801366,0.20397540434926,0.153885606365974,0.149712157518172,0.140934941211494,0.181183663779199,0.205638365901424,0.236587455355606,0.154527485881429,0.211091043607402,0.235125438467403,0.141617204228987,0.199816037058989,0.164747871195474,0.111878821573858,0.144464689815603,0.193308562655291,0.248192203551862,0.194998451259227,0.138522313381706,0.17233799169901,0.270494537411107,0.175593515519457,0.127811616212098,0.214498680608207,0.244127503203715,0.216198851760881,0.177418049956142,0.247071291076205,0.23417767964484,0.200232246811199,0.162227405902876,0.232539996824506,0.158664646773327,0.257629965338172,0.184084914441318,0.201175325903974,0.243931128407086,0.154298372316694,0.197546279532028,0.241131076817794,0.236501608583914,0.146925367394639,0.169751261242057,0.1506292770913,0.158055872738178,0.18723222147616,0.180713589590031,0.184976831007464,0.116961291776126,0.183706701156903,0.201249621131817,0.180327172267719,0.143553247354459,0.191525327292782,0.17364521717299,0.152259720697941,0.152477616197172,0.283369680614298,0.15555913733486,0.0627886802729018,0.214925274519322,0.272975177832964
"bourgonii",0.119614136864516,0.129887256652723,0.0675894711935053,0.360524419595051,0.112092201789849,0.0615028976486661,0.138697811599368,1,0.0911698971614682,0.154495122254802,0.0757621529603146,0.0982162829685689,0.0647927764034125,0.0921182746610986,0.0794066897488921,0.0995519088809528,0.0874516224593872,0.140666647132827,0.0802646226822605,0.0960235248487549,0.116001350990536,0.096847729139884,0.105485289756539,0.113074989323174,0.124430441307687,0.0871187379761248,0.0925949587985924,0.100472095941615,0.0750578504948214,0.121718052284723,0.0893944561841376,0.0439785674755854,0.092645067518224,0.101905322334523,0.0739453780553407,0.0838646015755314,0.09482430135646,0.0836991782069631,0.0766011057503965,0.0690163725902003,0.0892442215300219,0.0911638568870595,0.124483707219731,0.0731554053872851,0.0968226394494226,0.129051026252833,0.091225877388617,0.109795728304083,0.0939686284616232,0.05424309979353,0.0625407617765467,0.0901627924233727,0.0948086167877534,0.146055129981106,0.0824227343863685,0.0844270582301,0.154991361011159,0.0863158316660954,0.0502571416761684,0.109239632623613,0.109132492507424,0.0890922297587148,0.0826859531923436,0.106291477451361,0.123079069402561,0.0878367282588633,0.159563035143321,0.114477832291401,0.568445575202419,0.12711561547255,0.0885009318340639,0.0987398489403977,0.102629272618249,0.0723108593298084,0.162059557690094,0.103364561103289,0.12512931984607,0.0867572176276744,0.0921874301231961,0.507448886929801,0.0674256245495225,0.433550179470628,0.0858791122267125,0.0922145407989205,0.0459811116736574,0.0758237724771129,0.0873261746334926,0.0701534332279998,0.0759558033227549,0.0707938468389991,0.0856016102858439,0.0704172191104903,0.0804870004564045,0.144562454831712,0.0887808498019205,0.0308526588323757,0.115414859656709,0.108765867998983
"brachyrhachis.aff",0.195781933147462,0.192334678674646,0.201124938864265,0.214979088247118,0.170884575095024,0.149122937155021,0.203575329825886,0.0911698971614682,1,0.120549180062011,0.162219100991126,0.140896382579343,0.129003257658098,0.32845625529236,0.387562906876269,0.326212441074088,0.221769095544568,0.182023161518821,0.169048830926386,0.232949352673711,0.230420104030461,0.144025767995107,0.215712157097669,0.255313237041373,0.221186458816844,0.158823423571277,0.159701013454073,0.177277295588955,0.214990347308698,0.247350974553725,0.261542874945409,0.0945715208803513,0.207492712545812,0.242392753948865,0.176625287791761,0.246484534237309,0.130233495301663,0.107342627654283,0.184070112709681,0.134708430599265,0.175240321805461,0.239251029963038,0.181587901494314,0.202455900409534,0.234736080270825,0.184392863477392,0.117010234239786,0.25372678352755,0.183427863779597,0.135661415820548,0.185843835873344,0.193970817691082,0.250023754920726,0.121888002164703,0.196321905724602,0.201231060986238,0.194592404505447,0.168576395984144,0.154261007389036,0.203334122515312,0.2088511559323,0.252208665139503,0.202095253431611,0.195440860326137,0.215699385511815,0.233109999918273,0.098704690991887,0.206915587694953,0.0941959384681689,0.180269084971514,0.22027629302429,0.200919792607849,0.186792485711602,0.191383350474152,0.112100567987889,0.204758417431218,0.125317605101613,0.17734251536513,0.171187827081033,0.113557347590611,0.190833144348937,0.124902300346608,0.170395709621891,0.242744021117776,0.143506059207542,0.222072686719539,0.233063726958695,0.160658526955099,0.129368102907521,0.200788545435393,0.173661632841302,0.120655499847185,0.20207391955658,0.219334416062681,0.223031376322414,0.0595872231889269,0.165641626163529,0.216422800640446
"brachystachys",0.104036070472575,0.206469763132149,0.105265430640652,0.155388857001082,0.249639670665255,0.0773384254993453,0.16994504876572,0.154495122254802,0.120549180062011,1,0.300836080107695,0.409778721895263,0.165045831509064,0.123880806431517,0.0980592280028927,0.11196167075801,0.0858738895252684,0.197928214651502,0.0863177213554138,0.107244147979248,0.168177470200881,0.140793323250307,0.124638552615251,0.155919248301885,0.134643667162839,0.264267703326764,0.118691339809554,0.0829398605684755,0.0961076236598719,0.126772732469212,0.0783734572141868,0.285402124993609,0.104075340466448,0.17079021145367,0.326642740677002,0.114179927109977,0.079857704445055,0.105365371428146,0.118090240678665,0.0620114473122221,0.352654753740145,0.094407134845093,0.153439792950027,0.0921731010221171,0.0904748759295841,0.415106922038959,0.319085746459467,0.106665877796945,0.252436428747137,0.216462528203615,0.10600340442743,0.107725940640968,0.131959923322743,0.379893006330638,0.131996430535181,0.0847022098916064,0.162691888056668,0.108623361324931,0.222804234741901,0.13663583322305,0.113832141987498,0.0987224595163996,0.125430127209783,0.149653437285883,0.181363827778192,0.106971109584198,0.413359674363147,0.116085163069594,0.133566444119141,0.221536930892337,0.282719204847232,0.0825301316809469,0.175558537205908,0.0758107394761954,0.26468235243524,0.111105231195489,0.18148715719515,0.145120340825924,0.0835162089827099,0.132617543128889,0.0914974468207224,0.147531998796776,0.0818502776416924,0.0889672445331658,0.0723869384695964,0.101323703587902,0.087935674628931,0.104141058952974,0.0760775768576359,0.214241063205647,0.101286394369097,0.286162749045886,0.0807732474857055,0.384571432489034,0.152446137312536,0.264932491692892,0.146915933803019,0.12379693112732
"brachystachys.aff",0.191448618564531,0.201042484287699,0.126303753148756,0.178951064978163,0.216341518535073,0.0891283363410507,0.158783036145325,0.0757621529603146,0.162219100991126,0.300836080107695,1,0.311548591148719,0.199021602056193,0.176323272506255,0.13747967798841,0.158418172057231,0.182801021654432,0.214439675381611,0.123656684453719,0.174423867147765,0.228494531884468,0.122387677447108,0.17618524028544,0.199360619032974,0.233225503341313,0.333432672829996,0.124815913807502,0.148732980749823,0.135498338909153,0.222165111134143,0.131581348297889,0.272224617490764,0.168476655327538,0.241807547808333,0.315861893036916,0.144826631584765,0.140037537223456,0.0770089552674725,0.109179104053294,0.131277815216848,0.342420304912248,0.160226206113288,0.165698885716226,0.117520103320152,0.174033322110824,0.128613998186029,0.29354341406587,0.192059505862415,0.332707033273264,0.232992399718191,0.174246259480269,0.134494020838317,0.149316949380638,0.126851961193858,0.202605334712656,0.168537616457031,0.177863893674234,0.131093947186831,0.216528306956306,0.216406253127273,0.190730929959806,0.202469681172602,0.143799045234804,0.231987248686005,0.140338210431579,0.152076091506736,0.0761187438156713,0.176793395325873,0.0708152244293608,0.137276248198844,0.342013022829932,0.175941931743943,0.15954723741659,0.158727877395485,0.0893926719388938,0.207445866756485,0.10160499401339,0.137857440687701,0.190198008017159,0.074942196804871,0.140414809128843,0.117694560899822,0.186366029243013,0.142260336422878,0.0827076681946452,0.127330178271653,0.170955392388217,0.171107635178998,0.110295366477455,0.237736442419446,0.195389538905288,0.284589671304009,0.197982926860294,0.20674283859013,0.132799167559769,0.251286169168268,0.137737546798327,0.138417267066712
"brevialata",0.169659291531032,0.290885238548038,0.110734752141468,0.234635208870032,0.260215708688197,0.0896412394657391,0.187746001921658,0.0982162829685689,0.140896382579343,0.409778721895263,0.311548591148719,1,0.194068502916755,0.172111196731557,0.11076243724728,0.149450924687055,0.203273039538391,0.27026132439477,0.103748549113786,0.160668427740543,0.21290884513423,0.151072535381346,0.14694430565305,0.205373816153114,0.151520108651327,0.30642777387554,0.20473311392334,0.148087232553402,0.122775760226111,0.211278240476166,0.105551039249285,0.21858813900777,0.144225066696461,0.263930880499329,0.28884686910448,0.127200344558193,0.101044619013115,0.0902738802945682,0.129401033506433,0.0942867336854592,0.318482227265677,0.203319865376257,0.235698242561923,0.109728943724805,0.21777639680605,0.340504552249954,0.248221265299437,0.181294831450242,0.306070142744465,0.227807010048444,0.13725670616939,0.134787013345974,0.157924251351312,0.259241559806415,0.170749912580961,0.21880308117696,0.199549343667468,0.118922946335105,0.194063649449149,0.252988203275214,0.222668190472765,0.253709101411514,0.145802333591745,0.141286839916542,0.161400138234971,0.190596451504799,0.272442397976861,0.265293903503459,0.0926216197422338,0.183625710304733,0.349373306421249,0.21452892760006,0.176970215972569,0.151042755952413,0.161670075146684,0.220127854124956,0.14015303536129,0.111202364685231,0.172379795540274,0.0962155960411523,0.107796689699326,0.134724815241935,0.350711894713157,0.122121373774026,0.0980368924772539,0.16076906312915,0.179854660671467,0.153613262008267,0.108593293414366,0.239503251677586,0.319182604041014,0.294691772885123,0.21445290501175,0.389551541733789,0.160943726061496,0.192717108590485,0.21693016914797,0.147956350440364
"brevipes",0.116637463148959,0.117407390598799,0.113864256206916,0.11203949241787,0.2068886887189,0.113831515604938,0.118479124976608,0.0647927764034125,0.129003257658098,0.165045831509064,0.199021602056193,0.194068502916755,1,0.121722431027303,0.121176009901415,0.141488827290781,0.108847054422299,0.141072375999088,0.104684390299682,0.135013816250792,0.132833863661178,0.109738755958135,0.141281904434235,0.125843037196756,0.150879538207656,0.202732217949505,0.120377784807642,0.123635789269422,0.133225109454408,0.136099746023667,0.118489907089974,0.207982875607249,0.130771679589692,0.148029748121344,0.227469905468953,0.124478431077238,0.0981317244042333,0.0925500956591194,0.13168896659873,0.0978232596301553,0.1899772395305,0.126453829484934,0.109223928578797,0.124026162211065,0.126035328422093,0.0746101327556696,0.156563094607342,0.125522598889036,0.210837837716255,0.201473398213448,0.0878899704585956,0.141219194603374,0.109355152208318,0.0695125031287358,0.140291525054851,0.105845631098727,0.12870426916458,0.123393958433032,0.193362024003492,0.127654798560693,0.141074163151132,0.150115677499506,0.115881143292415,0.131259136118285,0.137579489560647,0.120576626926498,0.0705749063620892,0.127902826851833,0.0593075039465639,0.110246845941756,0.230328106827578,0.131752586639619,0.11612296460616,0.100127878149249,0.0588134608073301,0.144615829395727,0.0964309132359661,0.116755479210704,0.132112021241318,0.0590920515324961,0.106663519526933,0.0984863759395788,0.113118508932833,0.145936553033773,0.0734371527922683,0.122725070588527,0.136756023493137,0.10488664874536,0.0736149650403573,0.199772152426635,0.13728210242814,0.176418670478278,0.110903402763146,0.106973848336246,0.137102295430964,0.153200915004261,0.1569563417245,0.110577914530946
"capitata12",0.227468196750633,0.238683599671116,0.1934864880248,0.251895174185077,0.166697291314124,0.156305328762889,0.235365543482799,0.0921182746610986,0.32845625529236,0.123880806431517,0.176323272506255,0.172111196731557,0.121722431027303,1,0.243075633542237,0.444202655707633,0.298963908903883,0.220785967141093,0.158831878821886,0.253409799309836,0.26289371624223,0.141144316171303,0.260660875922423,0.376476334289538,0.262531328196886,0.188564076218025,0.191993056748027,0.205938901398483,0.221653959944901,0.281986697875914,0.202995812736704,0.0962867165991414,0.216151031836256,0.273198684201692,0.158120925333567,0.190482649975158,0.154123289870418,0.105405481606154,0.18753777041724,0.138173903956541,0.174684449125146,0.331247310568927,0.247354976509787,0.212335150350189,0.308901827430312,0.220520151769846,0.175841376489652,0.327743347981151,0.174065031675517,0.122897832030163,0.199992284264002,0.207446897066773,0.285933984257564,0.136139796588915,0.211503810939981,0.26847975425024,0.280553845384937,0.196438465508633,0.116509323202877,0.312171466528497,0.266443603180739,0.292249388236914,0.208184691422531,0.20322350085972,0.229121819704647,0.281398304329894,0.105644994573225,0.235345407413021,0.0936198550799265,0.195986802644184,0.355389734494111,0.243172138600361,0.20263523748854,0.318472560635596,0.120818670342237,0.240646511229639,0.145108982169578,0.203083865569394,0.199556908160388,0.127511390343907,0.178274194778509,0.121424279946449,0.223025402697923,0.21829790894734,0.262166138776121,0.234516908068489,0.38365341484438,0.183776523517561,0.116997134599151,0.147527607299767,0.24045315915432,0.134261375097878,0.36606354762347,0.287602353769461,0.30862615611258,0.057396617657609,0.261381055709937,0.17783378137746
"capitata33",0.172680209162843,0.150325546962297,0.158534066186111,0.154609219465896,0.151504495543038,0.240476300088273,0.185353466944358,0.0794066897488921,0.387562906876269,0.0980592280028927,0.13747967798841,0.11076243724728,0.121176009901415,0.243075633542237,1,0.376266679021878,0.18477747244139,0.221604987167172,0.129690174042102,0.187009766676682,0.204113882744773,0.123445222864566,0.194133741621571,0.220617313529399,0.215496078061292,0.133106711792928,0.122234189066925,0.16411280733635,0.188587451892302,0.215182401062975,0.196892258739393,0.0770652692126697,0.186158459244204,0.192573096119473,0.13649409862653,0.188188563683843,0.12915316898451,0.0873537752337176,0.189399581837451,0.0978048196631256,0.133048488450212,0.17911758544104,0.145990359491858,0.177482091709212,0.175490793646486,0.195288238401396,0.0942603616350673,0.193343119385229,0.159988574137345,0.117239159570801,0.131396823631744,0.163698617297021,0.196174439598747,0.105190341182344,0.176767923052644,0.15248594788416,0.184176277570999,0.135067580911771,0.130539665939144,0.154905603568909,0.172627305289741,0.161212895629048,0.174493489840519,0.169418021554796,0.194490538218396,0.185260220220865,0.0785365494221869,0.195223792170263,0.0979553778983822,0.142628579655446,0.169224732789921,0.140636335659646,0.157669116651716,0.153292104436184,0.165164803134191,0.176880429924823,0.130633266837716,0.137314293885771,0.159401211676624,0.0882690203054122,0.281076040592873,0.103557124922401,0.148926121407623,0.189326341838403,0.111788016971474,0.18341382640618,0.174687859241657,0.140371732301229,0.154892731127747,0.160259965988568,0.157682796779653,0.102979656071245,0.140252125306307,0.197953063031848,0.179889652487885,0.0556509452440246,0.132933036630022,0.211694870698121
"capitata35",0.224484970548565,0.189325819303478,0.157692041971533,0.233836037944555,0.137863598508494,0.16544925458197,0.233820057397805,0.0995519088809528,0.326212441074088,0.11196167075801,0.158418172057231,0.149450924687055,0.141488827290781,0.444202655707633,0.376266679021878,1,0.265346866860092,0.201259372913726,0.159507268819799,0.255506658805347,0.242597525339953,0.137020331680797,0.240439199306388,0.336432810920914,0.271155632868242,0.182828089182534,0.152109322668455,0.204006577095872,0.192655080668742,0.283532091806164,0.236491616247809,0.0751523633854533,0.210990536948906,0.231098224334069,0.148457291180196,0.2448012130232,0.175534387191216,0.0977900282959764,0.252530278757556,0.13396985491996,0.151090469342624,0.288589328996244,0.242776047685036,0.187458028552166,0.273455492753612,0.255579767061454,0.172599313652923,0.297030524032441,0.190333734951939,0.128563599219062,0.160901935016812,0.184776476334122,0.229646814839935,0.111365867202121,0.24666324107887,0.231943913511297,0.275234374016021,0.200290123349075,0.138643729920201,0.267450635118509,0.255489792954751,0.280880747062379,0.215495909420201,0.209479142380213,0.250230411680793,0.246880807055687,0.0859898603194542,0.227070223092384,0.10852453582161,0.165210136808137,0.290883501477042,0.205386730286356,0.212164180120284,0.269913615413397,0.158708169883921,0.226967954043439,0.142204281413521,0.210787790510674,0.212795503779529,0.11218964494497,0.166415582276338,0.127182385766904,0.208083066441632,0.254145119940763,0.145830135071933,0.206158496831214,0.268080668411327,0.176594045514333,0.181774030888205,0.168688047663592,0.250226004279717,0.120815418006777,0.25939856204089,0.264806609072724,0.278764151028111,0.0505139817758404,0.243856276495436,0.211357912363175
"cayennensis",0.216699889316362,0.252344302537809,0.142403853370269,0.298403669783749,0.122051969855473,0.133714318947609,0.16954388880496,0.0874516224593872,0.221769095544568,0.0858738895252684,0.182801021654432,0.203273039538391,0.108847054422299,0.298963908903883,0.18477747244139,0.265346866860092,1,0.219895013429778,0.112769618259796,0.268486491233896,0.26837532159648,0.117580916290037,0.217657297638362,0.31278895711909,0.247023404009401,0.171257273633438,0.205841905242964,0.231125786477182,0.157934326928549,0.330460210672425,0.173283985225185,0.0685661595256959,0.180285376384175,0.272069097832537,0.131207759768867,0.139673110003981,0.121863356199979,0.0882057573777977,0.183017048635511,0.117381496911185,0.109983604594793,0.438718012558641,0.274070425396082,0.155841764299915,0.328694881422853,0.298755483639435,0.121157174640575,0.337626856653297,0.155128684848044,0.0924166122158581,0.169510548489903,0.158210325174058,0.168924519788692,0.0951489256626641,0.221969242682208,0.298018497234753,0.206164587687089,0.167392030836133,0.0899390671024361,0.306910394642352,0.302824865482282,0.2618615849966,0.183065607466836,0.148305175349905,0.196056546807049,0.296194950653853,0.0949200900147757,0.241420128054288,0.0770458386192907,0.173541466120158,0.32692170368169,0.297397076721955,0.15341293589495,0.491896653522919,0.0847929675498899,0.269529005319396,0.115004186659162,0.160424599077081,0.225082223092531,0.101081826440809,0.153774734420733,0.112989973129858,0.310511640706533,0.20943141120921,0.143306201779258,0.20343441282847,0.266358486615888,0.168100990402265,0.110934812541664,0.120516286423588,0.311231672951792,0.0902688882053491,0.365172286285378,0.392931667099779,0.429957431903775,0.0438338911786083,0.253094495255609,0.150851342729103
"chartacea",0.256733421291611,0.527001306376176,0.147785352263315,0.291519765492776,0.204571377421778,0.166347885399381,0.317755482408949,0.140666647132827,0.182023161518821,0.197928214651502,0.214439675381611,0.27026132439477,0.141072375999088,0.220785967141093,0.221604987167172,0.201259372913726,0.219895013429778,1,0.142386452075018,0.197314467519712,0.287841107541483,0.219637725054023,0.23607354977123,0.267065051788689,0.258101341548415,0.233512560017144,0.252473904653751,0.188019031901624,0.148474597674067,0.292433859757062,0.146273570998102,0.0797905559942155,0.220126617045405,0.302730720288632,0.180612500456905,0.170617797665286,0.152458377355568,0.125274241069942,0.140830081437123,0.121719740469885,0.168846159104496,0.20237371225912,0.248291964506163,0.14889286013807,0.256527111787784,0.264317646305829,0.112459696032172,0.237199594375249,0.199185580980913,0.113142055128548,0.130790944900285,0.175946619764817,0.219053893089261,0.250699387658263,0.15420256509185,0.216089555237532,0.261241837039513,0.169958624078002,0.101673041588163,0.262725940387404,0.280573202439555,0.25726596346268,0.168794473180785,0.20971834001402,0.222306191304814,0.210409551594524,0.224435085299793,0.266414061090766,0.13026324669849,0.359317154222636,0.209719119260034,0.222386960110883,0.214772773756811,0.19407235334685,0.322274900508201,0.31814481616269,0.178454292465156,0.145059376209977,0.22349062061442,0.135082797563108,0.196106068656578,0.169240573570142,0.256446730726637,0.172283737397478,0.102221699672614,0.163099969467443,0.220192398241221,0.187840553494435,0.125022269299662,0.161926916250996,0.261822117357481,0.156572078067431,0.212974682943958,0.35184685512461,0.15908631242422,0.0487253132862533,0.245734195919509,0.20029508864793
"cinnamomea",0.144231374921287,0.132266126971184,0.141419585265235,0.151110529509189,0.130204824258037,0.126548605810234,0.154460295593692,0.0802646226822605,0.169048830926386,0.0863177213554138,0.123656684453719,0.103748549113786,0.104684390299682,0.158831878821886,0.129690174042102,0.159507268819799,0.112769618259796,0.142386452075018,1,0.129289213308349,0.159292302098682,0.133919894304073,0.161745407855996,0.143956996994586,0.175099778585948,0.157224930206276,0.106062517174193,0.145259889824071,0.133626964378909,0.154563519724206,0.228916840476069,0.0787386046221437,0.187390367661176,0.142740012274193,0.10943500709177,0.146763045346175,0.143246140063047,0.163090099028248,0.125450833690777,0.141524422607473,0.124670630056395,0.139644299749576,0.151456633205232,0.143813832352774,0.143273665609676,0.124731355745487,0.0903940457039933,0.14534445540595,0.156846280556082,0.0905839763416563,0.142130205245775,0.133116173556646,0.166739386429878,0.103735781370374,0.123785880753361,0.107763376046342,0.128056368973692,0.17756607246394,0.119566714500472,0.14798483033516,0.13648032347543,0.134880594130543,0.146054030781715,0.154814551018256,0.174587728775411,0.128435483167121,0.0861903980019787,0.151741640247919,0.0800853507921073,0.133118686918745,0.118403601389807,0.130416078880215,0.155117886818771,0.101754450930189,0.0969542143213973,0.153433261781736,0.108278240873765,0.173340114783361,0.123590971049049,0.0780613540370304,0.142360578380449,0.10045308172824,0.14547674623047,0.133593301548323,0.0840262938358234,0.121367919496872,0.12874456424694,0.120135337201515,0.10301080166958,0.142394553055376,0.109326026625213,0.0968214566763068,0.124425100045325,0.155418127947379,0.128010928493931,0.0531969063476671,0.128928640213885,0.151807407123025
"cocleensis",0.204599643634708,0.212003271022088,0.221074520759622,0.209225227436996,0.142113262925243,0.14243459898833,0.191126624858108,0.0960235248487549,0.232949352673711,0.107244147979248,0.174423867147765,0.160668427740543,0.135013816250792,0.253409799309836,0.187009766676682,0.255506658805347,0.268486491233896,0.197314467519712,0.129289213308349,1,0.215906199423437,0.22092612774951,0.262532059726866,0.274146543532361,0.308660118362653,0.186772791565933,0.238641602691331,0.2075500051037,0.197363123322347,0.275576231458404,0.190853650169886,0.101719825833854,0.174812057797323,0.251319499096181,0.219958596198226,0.196718993744667,0.134482561562081,0.105545093231767,0.183303443274619,0.12212363364617,0.122046607180974,0.242617651760286,0.212655891355415,0.204644806340345,0.266431179308581,0.152603364097442,0.104023405639171,0.276467498697838,0.184084009432248,0.145251071818773,0.158490449742374,0.213842832699502,0.203961197172604,0.1230608776384,0.221297077925981,0.226376047850928,0.212399193998331,0.171159273195131,0.100402495455909,0.258193397866333,0.241039782189629,0.238471680375412,0.192654962202047,0.177120615013534,0.252542006676044,0.22526200300315,0.115660137921539,0.201790309585261,0.0882535214315727,0.177640503747929,0.236193170948683,0.242139283234293,0.186333299139106,0.216710612192707,0.107535001817926,0.230396082489238,0.13647945494722,0.190348440450199,0.218896329103688,0.107767798468091,0.167500346579559,0.10523167792629,0.22495854217963,0.21316194118964,0.138247063027022,0.203969559025037,0.261656883340599,0.167547914973544,0.111642287369061,0.144909298106271,0.255791141351552,0.113832752347872,0.257780676470687,0.210501558602585,0.252681455249534,0.0564431771896408,0.224895172333633,0.1647897317878
"cordatoalata",0.305276904358446,0.29154510955088,0.170207134901452,0.258781483703835,0.248462421337912,0.111393990884283,0.253593891273375,0.116001350990536,0.230420104030461,0.168177470200881,0.228494531884468,0.21290884513423,0.132833863661178,0.26289371624223,0.204113882744773,0.242597525339953,0.26837532159648,0.287841107541483,0.159292302098682,0.215906199423437,1,0.170667752927045,0.239556904313948,0.326284378991757,0.259546662125927,0.213392685439371,0.220154565783685,0.214143643118117,0.1718680332599,0.319750192338339,0.180867683660644,0.10780835858817,0.209480318337182,0.2928615904211,0.159447312372356,0.177545956743025,0.145982570110163,0.121143152454399,0.162299904630981,0.17075391289886,0.192822021546572,0.259605045522183,0.305666128068235,0.183718346968895,0.283474788791643,0.253121134005702,0.140496078100237,0.310566721070939,0.190763673214945,0.10529190544816,0.186487771328544,0.198528617817441,0.208148165428176,0.149065166160003,0.177979247959817,0.270495615412851,0.273487082282257,0.228396145365785,0.138310868424342,0.331260936338112,0.339376146190415,0.27026172369761,0.20504243780677,0.212576802448479,0.233265031643379,0.260519830200841,0.136692583620155,0.291479243586371,0.115206757228855,0.242263151801619,0.251182470209129,0.287380325466805,0.224030244005941,0.222263591579029,0.125641760706959,0.294503732497559,0.220627173741532,0.160949672074673,0.207946142335123,0.129133041133623,0.18232095368717,0.149015489593222,0.244717158436098,0.189218190601355,0.102036521973464,0.180417808053274,0.251411103863744,0.167026361357457,0.136875904913279,0.142498846324138,0.254533912539515,0.145321774871024,0.209832818265161,0.326927790671619,0.217067019499297,0.0554770659877417,0.306578042833141,0.223401081182358
"coruscans",0.157669676243684,0.202398191034477,0.133989148017268,0.152063229711567,0.156620860763352,0.075207445033606,0.21594904357646,0.096847729139884,0.144025767995107,0.140793323250307,0.122387677447108,0.151072535381346,0.109738755958135,0.141144316171303,0.123445222864566,0.137020331680797,0.117580916290037,0.219637725054023,0.133919894304073,0.22092612774951,0.170667752927045,1,0.261416371446042,0.184890801832895,0.118930036313872,0.125616753126716,0.245363019635653,0.170287272799383,0.143937612178845,0.187181387708168,0.150569186047986,0.0612791145359517,0.189528719493535,0.197034650680656,0.196419044378462,0.143248412902542,0.124076232471805,0.14810286537218,0.105371907595651,0.105418767749798,0.145391507281982,0.167233412036239,0.189704145817419,0.132690519280453,0.139069421068151,0.16685273856066,0.0965775634700246,0.127284161946493,0.142760207913785,0.0980173867107304,0.101247944344005,0.153763621013324,0.200961535191137,0.157025934455209,0.0869022635430602,0.143427110780788,0.182852937814856,0.162321480530205,0.100096022939744,0.176511381520946,0.154829831143653,0.151808439871109,0.128487457168828,0.188764126121573,0.188812428775648,0.167627104834084,0.182389145959839,0.185773464512827,0.119936907528684,0.187273416014774,0.174900745963605,0.147552270507019,0.240542055962209,0.125333566298919,0.136894098983531,0.185187089563468,0.163025809686517,0.120479496806667,0.134945524374595,0.0947566606425728,0.139568633990001,0.115318143759625,0.132098560161711,0.14863604761034,0.0641374463750349,0.160050470142781,0.139369823005414,0.147534737368766,0.125586342902112,0.150564072345595,0.142170495594781,0.117348084265399,0.0956625138469789,0.228334443964422,0.121945023400535,0.0640856867689723,0.152354615411815,0.152848890297386
