"","acreana","acrocephala","acuminata","alata","alba","aria","auristellae","bourgonii","brachyrhachis.aff","brachystachys","brachystachys.aff","brevialata","brevipes","capitata12","capitata33","capitata35","cayennensis","chartacea","cinnamomea","cocleensis","cordatoalata","coruscans","cylindrica","edulis","fastuosa","flagelliformis","fosteriana","glomeriflora","goldmanii","gracilifolia","grandiflora","heterophylla","huberi","ingoides","jenmanii","kursarii","LA17","LA41","LA48","lateriflora","laurina","leiocalycina","leiocalycina.aff","lomatophylla","longiflora","longipedunculata","loubryana","M18","M25","M27b","M30","M71","marginata","melinonis","microcoma","multinervis","nobilis","nouragensis","obidensis","oerstediana","paraensis","pezizifera","pezizifera.aff","pitmanii","poeppigiana","punctata","retinocarpa","rubiginosa","ruiziana","sapindoides","sertulifera","setosa","spectabilis","splendens","stipularis","striata","suaveolens","subcapitata","T18","T21","T29","T50","T51","T82","T85","tenuistipula","thibaudiana","tomentosa","ulei","umbellifera","umbellifera.aff","umbratica","velutina","venusta","vera","virgultosa","vismiifolia","Zygia mediana"
"acreana",1,0.153256313541634,0.169063757050096,0.238071272105323,0.190031086599036,0.1284573832892,0.214867568131129,0.16745096210634,0.219225200965535,0.136468162122252,0.162525177670154,0.208417698762515,0.119060234599486,0.241622190609865,0.214282607903632,0.193450204587018,0.153434209489849,0.209332542714424,0.16758853976338,0.178616226653739,0.224559288307641,0.217049441585083,0.165823376852817,0.271862256488759,0.162120017028779,0.177984257125552,0.152131099465485,0.125252163396057,0.159858347399764,0.211372084069519,0.201396634263803,0.148335691335864,0.259145101502256,0.2106283563219,0.176871042567743,0.19097237825292,0.194458888422097,0.208168635782478,0.198303125081032,0.133598123563423,0.210714918362659,0.2347333681001,0.152282332854344,0.220388597218877,0.204304918121379,0.165412076594157,0.128969822579146,0.264587975609451,0.214341844537828,0.223048033958251,0.201313538163377,0.18645463387309,0.247664090275615,0.161502773340111,0.188906292848463,0.219458223788136,0.23924597544244,0.159236482837224,0.150106207896049,0.220497993580348,0.191761735084221,0.263831515275878,0.202690394172853,0.183977270572767,0.23241973259889,0.21610839408823,0.134956276285083,0.240882981252367,0.148131457976962,0.216463754602268,0.167448372326347,0.19584060607953,0.158563731882579,0.204267806756847,0.186270567452599,0.257328466253115,0.206385834691096,0.171122757082407,0.199293460170645,0.253075898307598,0.160725066470123,0.279355254913469,0.18105497228386,0.0996580956634731,0.142178751779596,0.161631116235667,0.194768804248276,0.188708632526698,0.0495638808552421,0.199337515264742,0.101495172218397,0.171120243676857,0.176442267510291,0.221646827581973,0.297572728917018,0.141809535482123,0.171786096439592,0.200471863551665
"acrocephala",0.153256313541634,1,0.157301903505823,0.161764725409482,0.138627849079147,0.133817656672256,0.15029268358696,0.112052389493185,0.145236661860031,0.108414132300274,0.148197054199347,0.111140804022508,0.102416087434679,0.163515431296216,0.165206543196595,0.155593860414384,0.10722369517676,0.145203199342811,0.138764558389511,0.149717315762825,0.166854209367735,0.133021853656069,0.133111350532096,0.146889913839208,0.125217631094936,0.116260257402574,0.122321340598327,0.0939756756877926,0.115541046631118,0.121931070035524,0.109015564514155,0.126759472350942,0.155530820874927,0.121152985593125,0.153456442264473,0.137649457836017,0.121058054439109,0.125495198416663,0.112239115387806,0.0943603402883781,0.152763716775028,0.142205206993576,0.131401907539688,0.141002539520147,0.120341395110187,0.129245728213249,0.117951133735745,0.110960416842401,0.130394429023576,0.118988923223556,0.123415722213817,0.0988934398869425,0.152154054672046,0.11230686424177,0.131565468082049,0.125279327495427,0.129727892483155,0.130297035725538,0.120201511871121,0.126913679303055,0.143947767424966,0.128224641194744,0.149517558396182,0.157412029799041,0.159422851191565,0.143046707178081,0.109244921078023,0.182212679503917,0.105347640604508,0.186590919475829,0.12022223048559,0.129298192786991,0.139256205221525,0.109124136985924,0.0959559664481086,0.150402500128024,0.0997057468503804,0.125937000748137,0.123911046421235,0.128136650696769,0.100638367319855,0.146268709840807,0.104883288610198,0.112453512652891,0.118261082281503,0.113146033586848,0.161366565414302,0.140039442418075,0.0682263777710304,0.150444175253971,0.0894174598297243,0.128996141846347,0.0954582221684386,0.16756646170859,0.157903534672709,0.0851863760005094,0.0848443054159988,0.123334029649035
"acuminata",0.169063757050096,0.157301903505823,1,0.229405654538312,0.181641937766927,0.0793434945789882,0.245341014931893,0.154157422428896,0.222553346046908,0.181381083381125,0.155180833583152,0.199353573614674,0.0953410661772526,0.232219105296831,0.189655085942793,0.236000282048719,0.164700054246208,0.138817832554048,0.136080594275837,0.121808596816589,0.185887371410338,0.295413646268688,0.124464161664086,0.222292875043363,0.135502204490003,0.178930306271389,0.116999420459896,0.104450227050825,0.220592566489718,0.236945628624893,0.30160639499787,0.167816680769243,0.203070337894321,0.228955591968492,0.170916070344502,0.17586442523633,0.145791095099813,0.259440423302733,0.220366614483933,0.163672830698834,0.195284899689211,0.219242087806039,0.125986312502087,0.207401991567225,0.197736638896927,0.147141035601243,0.108250225872047,0.286731409124961,0.183129354358253,0.230188254871917,0.205849943567725,0.296693014667907,0.25346343748403,0.114429271815968,0.181957829078798,0.225146704145685,0.226041426241321,0.21275328483541,0.127794843193949,0.231376405850165,0.176553197996201,0.212227056598338,0.239786204831401,0.182539406348336,0.229553299811529,0.23221822318884,0.139157356901589,0.216929857336151,0.136715826194414,0.170068745881149,0.192907595941289,0.182131711220386,0.129752611227677,0.193108802519062,0.237326543690777,0.169674571304227,0.179916314163824,0.136633322233164,0.142268413058492,0.266419478161266,0.142649875570586,0.158979235624044,0.210158911108607,0.0788658326287165,0.136437607440377,0.173370849545511,0.153553177548977,0.17302916776123,0.0466192593903066,0.227626055687454,0.0755987093307847,0.18098327341695,0.111030283900985,0.276487790525862,0.301721768006196,0.1702481784299,0.199155136559735,0.220079288647919
"alata",0.238071272105323,0.161764725409482,0.229405654538312,1,0.258820162052274,0.121091708326233,0.310909706671063,0.179682240940177,0.21936152831281,0.160881776708738,0.18731727042837,0.180742528277224,0.124332428320173,0.255029085599346,0.242227859929508,0.211915949802975,0.191720958435524,0.190082953309396,0.23067539237152,0.151049638421043,0.242900153364252,0.250191489110603,0.214421505984423,0.271753167241673,0.176978436421452,0.216566819976788,0.15453220092108,0.197822707178441,0.211195859825947,0.2372619183993,0.244943027827914,0.179249544557055,0.279130133395868,0.238729647508915,0.214305351459816,0.21813171807845,0.161121466375052,0.234685794361296,0.199135915177876,0.177328466746942,0.225379455132977,0.227537464295339,0.169975103149539,0.239307333963244,0.305078986423436,0.194293563117312,0.152058242296607,0.242924001792416,0.219689148737172,0.230802871229032,0.242870370081344,0.227707043450919,0.306146083869118,0.153347907872762,0.223063894331312,0.212255935983205,0.259105030664363,0.18626046358787,0.165054547920371,0.227276283041519,0.218880913366643,0.27435213617648,0.246430875965594,0.207034906343686,0.278094014533762,0.259913319804931,0.161524431230935,0.264191726042083,0.164807751080361,0.271711102641427,0.20484998872134,0.192347167216023,0.179122750239173,0.222963192543614,0.212084865982216,0.243073759832759,0.195731897968987,0.195842255551427,0.19087425603004,0.293982645492955,0.154326304994188,0.206803709712239,0.203361099284153,0.0990780303827757,0.148499394069436,0.157431046129564,0.239336669201135,0.197867396501502,0.0604518613096182,0.267224921017207,0.0849691268021341,0.195697780451751,0.13695381579587,0.250277131047045,0.287521485461594,0.160802072689573,0.203825657956418,0.251710649391445
"alba",0.190031086599036,0.138627849079147,0.181641937766927,0.258820162052274,1,0.137366541771673,0.261673110891448,0.145585600518397,0.188993007577305,0.266468669962362,0.306429818795954,0.261944155395288,0.230994091560045,0.255354969942355,0.221372365252568,0.208293998575499,0.169775955624656,0.30769446734686,0.159549351017767,0.182643427256316,0.267101043069437,0.230732053434173,0.181944659900972,0.202628649810701,0.174503588290493,0.313877705286204,0.136082397446789,0.108953761205062,0.164554823320948,0.175523681641007,0.209547457229678,0.280200293671427,0.21050906159925,0.170142448016121,0.318975386499358,0.183121226575865,0.135080231240053,0.185098182446391,0.208972850077261,0.19721550207234,0.295546280894551,0.18431687073398,0.167912477134425,0.205741168647765,0.252227970844658,0.16522667620004,0.29520596788098,0.205760507244861,0.292828654646324,0.308572304969603,0.194153622309017,0.178239624582313,0.238971229805048,0.290404370795805,0.18240263590722,0.17444817064673,0.22924848862526,0.183180326659765,0.269319235378224,0.179994560346431,0.328303712772471,0.222948292388514,0.25119873964535,0.246223894026019,0.207680215617354,0.329321597297077,0.187290211731403,0.203404943747085,0.112250688132368,0.368937052704747,0.310084427783122,0.175990782942244,0.219896964059454,0.171762359698592,0.200265596515893,0.27328418014384,0.142296909217655,0.152522651352197,0.14670714734364,0.215846158013031,0.184235076878154,0.20025964182161,0.16985955747028,0.13903264789122,0.146621713257885,0.139577682622941,0.181392585094588,0.198613065502545,0.12545960101283,0.362182215585245,0.118185777854343,0.287572873241464,0.115331655121694,0.201587865929741,0.250785248367761,0.268742725021239,0.142962571385708,0.179074331992783
"aria",0.1284573832892,0.133817656672256,0.0793434945789882,0.121091708326233,0.137366541771673,1,0.138166416566127,0.122084840776781,0.117632514522783,0.12755402141216,0.0954011253624042,0.0831974908169464,0.103635635131989,0.125302689464953,0.164096345302358,0.138659659282579,0.0934985528384454,0.15615777719694,0.170384499663045,0.202387335320702,0.165427341418224,0.140352968808992,0.12321641479165,0.120429160026485,0.127480723854297,0.090331677806358,0.124507853081482,0.0794803986098283,0.0833390962560768,0.0930871921774043,0.112532526927647,0.0963560774120502,0.134932680828491,0.0951484316887403,0.131208879558044,0.135436899739145,0.102983000365808,0.0874200797214561,0.116655008636574,0.0839188583359033,0.0998881605087094,0.138008430548485,0.158286588917134,0.118300537355655,0.118587811588239,0.112686380033384,0.101242316145612,0.110103499205435,0.0884074561784725,0.0861742710740188,0.104252201329464,0.0794323464853648,0.130693546751212,0.131353896573407,0.114653810211712,0.116481586977383,0.131359150770982,0.0869865203735325,0.10789190524237,0.102455631374126,0.149718855075493,0.11161542217357,0.128608213167391,0.135707500591988,0.0901534549451741,0.139764379106775,0.163269456159717,0.149915089965661,0.0967480373693339,0.179800003394108,0.10849999331548,0.100073401310602,0.133394411151161,0.09787220448754,0.0738798535818776,0.139039697687696,0.0788835841947496,0.126532187456348,0.127305515681846,0.105078795731,0.0869958746872895,0.108193444771771,0.0960903365779386,0.105006139314028,0.101058074969874,0.103957278163458,0.152122553716717,0.149421643967359,0.089423144308852,0.115406443908319,0.0752571465241864,0.124226811699035,0.0861935538903706,0.123714018136649,0.145821731159763,0.090542291974366,0.0732337099826216,0.106166047057978
"auristellae",0.214867568131129,0.15029268358696,0.245341014931893,0.310909706671063,0.261673110891448,0.138166416566127,1,0.190452140187215,0.306613116951133,0.147137741744738,0.303556647210222,0.25875862628083,0.119366831202033,0.292646100891468,0.217663997668855,0.231003548435155,0.173755830772341,0.221374887230606,0.214264071208305,0.217993274602738,0.246464564639274,0.35693958563348,0.176729071867435,0.334652783088328,0.17273273117542,0.26989503159191,0.138408261225551,0.155427229766329,0.353189894253751,0.297948878932008,0.410283598703355,0.268624470114671,0.306589383775712,0.31172225412298,0.241320270581426,0.211898206486322,0.148448858326538,0.30211628314886,0.275545658763031,0.180332452250354,0.241966226363008,0.324174253589282,0.16846977789792,0.242209920860163,0.22321898953298,0.177556570636948,0.149380365299317,0.236750470371319,0.286172689330614,0.290577314020722,0.306464814309062,0.475505597104758,0.434244970924543,0.191694056657092,0.205788956935654,0.27888884647749,0.316143586687888,0.317630026354898,0.172644000220571,0.32371990278145,0.262803809520953,0.268772901612281,0.290236566892878,0.276399374994078,0.264807255551121,0.374530189226085,0.191699971056747,0.287011293630939,0.13559309730942,0.280587505479629,0.237447386392652,0.203269255835466,0.187744760509111,0.224156924861317,0.484689346990762,0.251532275001391,0.183200495086648,0.182898975160406,0.195620369618716,0.392295023481247,0.249523472373093,0.238186700059238,0.230873537746243,0.131662631125213,0.182754355972904,0.162512272366783,0.218168434627848,0.207360380554657,0.0906596637526285,0.358557170361436,0.107883230283827,0.281957286868187,0.127003869341657,0.268440493667229,0.388356375085933,0.245238763568308,0.257855384074416,0.260759317105706
"bourgonii",0.16745096210634,0.112052389493185,0.154157422428896,0.179682240940177,0.145585600518397,0.122084840776781,0.190452140187215,1,0.191169932229668,0.100308885865883,0.141416549490858,0.148790437830677,0.108166961385409,0.173474117302393,0.148241990949575,0.175832726462355,0.155458019952039,0.136058057515587,0.141657022579265,0.14086458468843,0.193430658666669,0.223539560965248,0.149961461473117,0.195744817226025,0.167842339238832,0.145930989547373,0.148022477456665,0.134679802422233,0.153704708854583,0.162473341138174,0.319002711845848,0.15179675404127,0.172543259870598,0.198183240848582,0.163139184744318,0.215248891636593,0.126502705570838,0.160947450268761,0.201945852100565,0.107361275227142,0.162565821036471,0.185451792206059,0.113994143193,0.180696546648532,0.19102707274991,0.15460565725023,0.133847217069215,0.188143614827544,0.165817130455437,0.202415261019024,0.182879490653662,0.18780359994347,0.199100346019179,0.159146101795845,0.165085641826435,0.169618387181916,0.191859050660038,0.160212220088121,0.186498584581475,0.182007396217363,0.202303732435428,0.182802839029584,0.183319790814952,0.188169163392426,0.203162251253538,0.178065647789388,0.160135267310155,0.215561433133476,0.136378527058088,0.163338475743267,0.23060764549541,0.141566185460875,0.17611814434312,0.182475120069531,0.164174886443634,0.172737131146235,0.138047100440094,0.216972420645666,0.140654151927282,0.18711946615268,0.112112225107102,0.149491171300706,0.181304597696908,0.111338702710968,0.123690120416676,0.152615903210578,0.147292732686485,0.186907045183893,0.0643705600358204,0.161609349853851,0.0657225394843456,0.201919999233486,0.138599594131157,0.200580957548356,0.192404554239083,0.124080468022009,0.164809605086002,0.210454132567586
"brachyrhachis.aff",0.219225200965535,0.145236661860031,0.222553346046908,0.21936152831281,0.188993007577305,0.117632514522783,0.306613116951133,0.191169932229668,1,0.156899385538847,0.19772158642666,0.308841641541813,0.108903159545754,0.306683502096868,0.194453389469472,0.241539654999645,0.200916646067482,0.142616504363704,0.128293767187986,0.150841210201496,0.20326479717918,0.317956443281519,0.169760772811136,0.410416344029896,0.17251554082462,0.241838080753959,0.140730442355952,0.161596427884396,0.338436413109277,0.324064612969153,0.327758410329034,0.206932977610308,0.253529558471177,0.239277503306901,0.203025141630711,0.197835816836518,0.180216217387892,0.274390964736078,0.272637810970487,0.13786417279921,0.27579365382012,0.268922816697549,0.127803376607771,0.255345864627892,0.259954238742299,0.230955463258246,0.144954734623879,0.244057427219538,0.311316167035672,0.347903374675905,0.266215307842631,0.298945772862456,0.352166422400688,0.242818948609173,0.214423489803183,0.293859809952673,0.356325218315441,0.314777763621023,0.130772165643545,0.337494866309852,0.191989006274086,0.297694144655385,0.248424788459277,0.208823331267339,0.324804241527941,0.284371048498163,0.181718397112953,0.237228733227281,0.136073201842548,0.20896453919404,0.193237350070956,0.17457991041266,0.157725983997138,0.293240340120172,0.312491671907159,0.299640538851094,0.316092232278195,0.178918393966481,0.210571861540017,0.403474552106796,0.198775454380734,0.19606649317929,0.250047058801241,0.0842312931174659,0.155244117493136,0.238530294872998,0.15967741457112,0.200205338693851,0.0477070335503995,0.340918480304161,0.0759242346331253,0.227640715508663,0.248832822072453,0.291026240452492,0.36839477807632,0.237354742009768,0.264000712079828,0.408615300106975
"brachystachys",0.136468162122252,0.108414132300274,0.181381083381125,0.160881776708738,0.266468669962362,0.12755402141216,0.147137741744738,0.100308885865883,0.156899385538847,1,0.349970556159377,0.279898862045397,0.218191710153106,0.151085155136999,0.149759192681506,0.169791055475805,0.137894773803572,0.123118332989926,0.160583097347464,0.116223609815156,0.158447893665884,0.169193593640434,0.102112792405544,0.188696460161901,0.106703084496973,0.319541320535629,0.129010561112714,0.0867128108714448,0.139888671663688,0.184530959854341,0.141319697521761,0.413547485275673,0.177577215061435,0.130805839809361,0.41711419115717,0.131881976122632,0.115713993942978,0.152713671187246,0.164462890136582,0.136145877623489,0.366589529349009,0.171338267996495,0.115735688678009,0.169327842304727,0.187995755195563,0.136471482965351,0.335684123650125,0.222792645240653,0.299466120478458,0.315636538525287,0.125450456555279,0.20004239774179,0.175168130688332,0.130569075151087,0.170935072542133,0.186855798134742,0.163170185918233,0.133089571267921,0.238193635420136,0.134958607947541,0.145928423100998,0.150864265494033,0.170148028288843,0.147239680649249,0.171301953091285,0.170524040715677,0.0949502390193435,0.181974703707808,0.164293393692451,0.175011411329577,0.323758814124695,0.146518616473573,0.117249527007741,0.137503860735918,0.134329485713327,0.132562305829342,0.118071502504649,0.129904612386139,0.129380182658802,0.155519376837969,0.124661607397042,0.184822364196517,0.149400567759586,0.0790205196370974,0.133172509756833,0.12769031075572,0.138298611479806,0.121719596110211,0.0372022956204097,0.296226461050523,0.061465768485429,0.30033869031185,0.149878901439285,0.184011917687736,0.161149492775789,0.390639866785423,0.114035090680357,0.170472308253263
"brachystachys.aff",0.162525177670154,0.148197054199347,0.155180833583152,0.18731727042837,0.306429818795954,0.0954011253624042,0.303556647210222,0.141416549490858,0.19772158642666,0.349970556159377,1,0.318392102336138,0.204541469464247,0.220790198719348,0.152389294151168,0.176964213872792,0.129901332124277,0.149839466152256,0.125409809984492,0.126388875093723,0.16577273639098,0.237723138662207,0.11212943456563,0.186015942736973,0.129852131407586,0.424559227965027,0.0986498302578368,0.106973811103431,0.203081366595869,0.179666883315474,0.28497622760234,0.58598215736968,0.187213750566283,0.21063311761312,0.382342623728496,0.173517419327609,0.127597435784117,0.186531773710579,0.192357664156558,0.134510623266144,0.395522424943261,0.205030165282582,0.117272096316348,0.153664738986394,0.148700855460552,0.124677430926382,0.400923686934438,0.169899541942425,0.337607005839293,0.440040516024362,0.227270832916851,0.260037540752475,0.235410915584907,0.167726495532344,0.15745455455131,0.154347987238446,0.214837093867606,0.164678333801792,0.255452274234444,0.17973981086845,0.21065546364337,0.180501350427129,0.180819051942716,0.180859863216688,0.180270394617067,0.248020295611015,0.134801135062505,0.19324476160251,0.096686095097452,0.196358250597758,0.354498822585913,0.14671176444799,0.12243852363141,0.158969483416028,0.248284836076782,0.21325638125501,0.127832165851989,0.143190024686446,0.146691840436496,0.236461938121844,0.150252079721401,0.177657952073025,0.159801855238078,0.0828460401102583,0.125767325550112,0.131869524041934,0.151390322116391,0.160995100349129,0.0525989556531732,0.379250086413552,0.0889252891597422,0.380647176575308,0.097186099332831,0.179073541328529,0.269048787007939,0.34835967479666,0.176968698147286,0.164772640632884
"brevialata",0.208417698762515,0.111140804022508,0.199353573614674,0.180742528277224,0.261944155395288,0.0831974908169464,0.25875862628083,0.148790437830677,0.308841641541813,0.279898862045397,0.318392102336138,1,0.192579673637195,0.233843446081739,0.165220121718578,0.176709634688955,0.16695299735544,0.13169476042619,0.138057023773104,0.146401553689857,0.180846662012841,0.254411184927344,0.138099170730676,0.273384452300491,0.131315135008058,0.323359822105455,0.132816834092774,0.100239445495141,0.189033587971429,0.186565457114176,0.206341026757933,0.330998918391571,0.19222034129064,0.212555858586561,0.326298203018189,0.155109920634574,0.134323732921778,0.225448756373791,0.231112181165253,0.133782534115338,0.352189215141864,0.235995397775556,0.134617243204939,0.24986451316859,0.1912258547017,0.211181945463524,0.270521180307801,0.186347612727727,0.593717696965383,0.42906890076557,0.257001262216057,0.253687314182238,0.3264093587947,0.189647662030267,0.174456055679034,0.170822393504975,0.426339529333256,0.170845721074031,0.235972259546729,0.18203485656781,0.175535024353002,0.216209735846742,0.211094852900906,0.167113578891831,0.226430706180382,0.231617113798696,0.132697143791137,0.199531192787511,0.105140197584453,0.166665189089645,0.312511336872418,0.160838892076704,0.13159530881147,0.283493742985249,0.284786779715698,0.263462601570021,0.254569156503877,0.15507829157388,0.226813423043341,0.389208576303451,0.258193049742883,0.207240010673395,0.212024652821286,0.0673309387914956,0.134929036320123,0.216821741704304,0.168594384538374,0.159277069357978,0.0383627425143476,0.330595892996297,0.0746156529922534,0.32722536528664,0.128767775101386,0.187242900489424,0.215800578434186,0.337215852045938,0.199232733283502,0.205181835828772
"brevipes",0.119060234599486,0.102416087434679,0.0953410661772526,0.124332428320173,0.230994091560045,0.103635635131989,0.119366831202033,0.108166961385409,0.108903159545754,0.218191710153106,0.204541469464247,0.192579673637195,1,0.124924914016454,0.149764615026077,0.134118853215636,0.108905000491913,0.126892665791139,0.102722310317791,0.128068116471578,0.149697706928654,0.108205639054022,0.104569934277385,0.109655017751108,0.0974596506654078,0.195366802649862,0.1050226773562,0.0743033884863823,0.0966347313881666,0.146779763038974,0.115498270664239,0.231097639271356,0.116926963090173,0.114145880237639,0.264889111364877,0.148147708862106,0.0990150792035478,0.101716778201118,0.14034237213736,0.0898764745905022,0.215031110610731,0.115074360831823,0.14883231335916,0.137963618798459,0.13661256571028,0.120608343995034,0.209088573743198,0.136790277116925,0.213608699912003,0.212913704421546,0.110044987849619,0.109168351286254,0.14308548180849,0.143791952409405,0.13154690257253,0.107335319891428,0.127666257230511,0.102404266988026,0.221042813939187,0.103280530134835,0.150393096271568,0.136383336468541,0.111792109912268,0.129032062495154,0.0946655382968297,0.129962437962253,0.095632495362862,0.141291879089667,0.1068045926546,0.134004768227065,0.239608165157072,0.124163685741653,0.127531872415263,0.0968954851716223,0.0834790356851493,0.155166610570464,0.0824168868442521,0.12412417509431,0.120193207208916,0.1201191643317,0.0969011854452312,0.154955464513015,0.0953751216033636,0.110256489653744,0.100753493024295,0.0895994687783572,0.124751192802933,0.151320490036973,0.0605053003032211,0.210291609709559,0.0713059730321722,0.241952189686691,0.0871670092022282,0.118264956868493,0.11428874615855,0.200711474707836,0.0997372780853885,0.117039508481145
"capitata12",0.241622190609865,0.163515431296216,0.232219105296831,0.255029085599346,0.255354969942355,0.125302689464953,0.292646100891468,0.173474117302393,0.306683502096868,0.151085155136999,0.220790198719348,0.233843446081739,0.124924914016454,1,0.21902622699094,0.280752535135755,0.190393186051379,0.17408649925184,0.163882438272811,0.169442158071644,0.286994928435628,0.290933663179183,0.171929300131912,0.272058516600515,0.166822113037981,0.262338470396169,0.151394392527506,0.138784397988942,0.229147677857945,0.260363698723713,0.279453598114759,0.209168396783305,0.284099109553488,0.244031584097724,0.21602295937434,0.247161368948156,0.152728512935475,0.252874613229275,0.248928436249586,0.156773738379561,0.243578300183844,0.241652391183774,0.163307208256135,0.259624645639489,0.249788497760145,0.239786831750979,0.177221780702725,0.224157229506419,0.256678943268629,0.317747140323406,0.240834955640167,0.259771460460802,0.311571629868719,0.176293467062263,0.207045012771831,0.267800350354087,0.289338121795934,0.213859154296402,0.168940820366967,0.270750176000369,0.23473798891919,0.245670726473027,0.278163221403279,0.248280835041496,0.253581502901521,0.262067481794245,0.157983285316884,0.265086927392745,0.13982350909429,0.252177412984963,0.213692988252123,0.199572185097488,0.152354639894672,0.278614653022381,0.245235669067622,0.300097533052513,0.192075045548839,0.186842622573306,0.180696339896372,0.324643671827686,0.169697914753896,0.218915708653038,0.223960928975766,0.0971624730721455,0.187682275063957,0.172614105753775,0.193358632815571,0.236643931094231,0.0605536761165877,0.269568346360629,0.105521330396786,0.214861015355113,0.143588797485693,0.291245537711479,0.34889446359027,0.21252378999402,0.189674429382038,0.238787035915992
"capitata33",0.214282607903632,0.165206543196595,0.189655085942793,0.242227859929508,0.221372365252568,0.164096345302358,0.217663997668855,0.148241990949575,0.194453389469472,0.149759192681506,0.152389294151168,0.165220121718578,0.149764615026077,0.21902622699094,1,0.217939282601577,0.152937871646424,0.186574777254512,0.170722880290427,0.213718351700135,0.218980730608629,0.209164890153859,0.204053549702193,0.213363413205645,0.201691832206448,0.19202788016093,0.169256221698115,0.125665133756081,0.158015613357983,0.200128980637874,0.188817397516965,0.1500767887705,0.256150917864597,0.184081648013691,0.187569497739822,0.204091424529768,0.152792958084349,0.185307567307548,0.190530068554116,0.110013484470692,0.234536408180087,0.237257574103602,0.189745470853586,0.221583925693463,0.230555940640895,0.158527232297336,0.133768099987645,0.181556877732992,0.179708567018483,0.168893442671947,0.189620042266562,0.184640545800438,0.239821228645833,0.157494115903361,0.195340211557166,0.180536000767829,0.231560000489768,0.204653005978253,0.14302238931924,0.181269655394473,0.215890267557302,0.221215500917219,0.244446085937996,0.200993628060624,0.2042896083954,0.208197170300973,0.153587813098965,0.251406167063447,0.154226843238046,0.232533378771714,0.170337642153607,0.177221658591073,0.166621684025474,0.180982889278361,0.168035332214297,0.222281887247399,0.147329682685303,0.148912581750845,0.168142414346984,0.214962381439521,0.125815569579206,0.200843248728548,0.161519159931302,0.132087570770306,0.18064375198579,0.138519733730741,0.222557586186111,0.219174977768192,0.0794218566747354,0.212378170472835,0.0975815634319565,0.17660061387886,0.119329610141844,0.191902191247642,0.212181541578424,0.12862999382418,0.146786243614539,0.190942259338079
"capitata35",0.193450204587018,0.155593860414384,0.236000282048719,0.211915949802975,0.208293998575499,0.138659659282579,0.231003548435155,0.175832726462355,0.241539654999645,0.169791055475805,0.176964213872792,0.176709634688955,0.134118853215636,0.280752535135755,0.217939282601577,1,0.174063372847666,0.149700988003198,0.191050290855753,0.176411594742854,0.210654192785561,0.262782693054563,0.164108938204693,0.21630849996931,0.166208842338493,0.191069245489197,0.165875943686615,0.136164459259528,0.207949810092931,0.206538315841737,0.233893151578894,0.172516714513755,0.245133754326606,0.220589416270137,0.21513703319695,0.202221833356685,0.162487157452171,0.231495593920915,0.312087876792406,0.129591171037234,0.217013372645787,0.207980128643914,0.14567450761432,0.246509610398496,0.238199599777127,0.190316360972906,0.154182703175099,0.227823601951944,0.221168516792899,0.20967145584304,0.251053909747965,0.237000849636438,0.253320910669828,0.141706024383012,0.240065792032848,0.233278577829719,0.229565418991402,0.207365691130549,0.135099424938321,0.216604168335854,0.197396869853915,0.257310246727263,0.233679258109313,0.187666204943955,0.223924039467877,0.208958761240267,0.160320307258542,0.261614802892818,0.17166476170993,0.214622774251176,0.217132457744253,0.171591899442498,0.166291194383623,0.211881968354213,0.220651964593213,0.224678463777659,0.202945608646158,0.161542840685096,0.196051443458361,0.247759553493288,0.141471513472841,0.200532574100578,0.258178906554012,0.0903256948164293,0.173586833865493,0.150851134595776,0.217611500071771,0.241473588382005,0.0656193427288991,0.221678452534046,0.104129137712959,0.24137319165389,0.122155891081286,0.254096581139475,0.253782369439285,0.162254841465861,0.221695327374248,0.226945464086354
"cayennensis",0.153434209489849,0.10722369517676,0.164700054246208,0.191720958435524,0.169775955624656,0.0934985528384454,0.173755830772341,0.155458019952039,0.200916646067482,0.137894773803572,0.129901332124277,0.16695299735544,0.108905000491913,0.190393186051379,0.152937871646424,0.174063372847666,1,0.24576025018456,0.124964832571613,0.120090776914903,0.182382016989801,0.192956927423973,0.139147698670438,0.195473003905787,0.108833137725368,0.179040273466916,0.128150044772862,0.1441699354244,0.174761516069638,0.195050447597914,0.222464953364016,0.146037740035819,0.172859830465261,0.233652721813236,0.180760460646068,0.201865632483885,0.164761187699461,0.19257667292234,0.219802144333092,0.114690841955161,0.172239218107132,0.165019932655666,0.112629015263095,0.149347870893464,0.185400937124832,0.1553700091944,0.122815899029234,0.200640783816671,0.169828884175795,0.249330520557495,0.175650916213801,0.225608540476853,0.225937902027873,0.125753571514636,0.159814468362044,0.188816310415679,0.166699693256969,0.160121140823448,0.153586549036136,0.180832306698652,0.164036556964423,0.23055643715705,0.367867648296217,0.15181787682373,0.193248873584718,0.184087755695579,0.392802585482723,0.176960310947486,0.109016081821285,0.175551483233492,0.171511841870374,0.112886702594302,0.10945079877375,0.23999026693768,0.19832831949357,0.20082720521013,0.143766233603942,0.167679274273624,0.428972433897016,0.211952737625655,0.136682284000595,0.147399293085324,0.166365903300251,0.0888198982133866,0.11026390106636,0.129531259354216,0.175851156404209,0.175517204832697,0.031493071217068,0.1772582386196,0.0730957586241431,0.142344993894475,0.128981050678809,0.225118954240988,0.192494071663064,0.175476117565639,0.158493077460058,0.311171761848651
"chartacea",0.209332542714424,0.145203199342811,0.138817832554048,0.190082953309396,0.30769446734686,0.15615777719694,0.221374887230606,0.136058057515587,0.142616504363704,0.123118332989926,0.149839466152256,0.13169476042619,0.126892665791139,0.17408649925184,0.186574777254512,0.149700988003198,0.24576025018456,1,0.140619980816081,0.162301119436941,0.190011749217396,0.189506085185769,0.157204419955086,0.232224050503871,0.140118712908212,0.154656152102293,0.127929465913309,0.0972088058476169,0.126304224288197,0.146449632096188,0.186398669102057,0.139786627481443,0.181027157846137,0.185801016976592,0.207809939996662,0.169320606133397,0.154024196894573,0.142183678649159,0.166024166295548,0.162190501142984,0.172414329382035,0.165195006553901,0.163757257160589,0.141525488027893,0.156686497980219,0.152258284374688,0.146707612993113,0.21287059071852,0.143624188210694,0.135572117469274,0.143633534363739,0.132817031969863,0.206071261283761,0.329928766967962,0.142546034004395,0.15256589829976,0.192586059849838,0.121352315340608,0.169534419866482,0.160336796870561,0.341483334387464,0.184928564841919,0.336005384821726,0.276436606454524,0.148470360411502,0.327086682508959,0.319527422037511,0.190025048188603,0.108628836347274,0.335294389411693,0.169566861278702,0.119942165404136,0.259408828257487,0.17838701401241,0.129039514619665,0.184012589709318,0.123451280441624,0.13862221399462,0.264166398885297,0.194376601406783,0.166736354923147,0.191591779652079,0.134794629402702,0.189121825530565,0.119151288712094,0.134480151868733,0.194243061816263,0.160777354500147,0.13668174011204,0.182555601066783,0.125359292366492,0.166947942380106,0.130676385075545,0.156679560311671,0.184604998979727,0.147260194507603,0.125482972469645,0.227344062934422
"cinnamomea",0.16758853976338,0.138764558389511,0.136080594275837,0.23067539237152,0.159549351017767,0.170384499663045,0.214264071208305,0.141657022579265,0.128293767187986,0.160583097347464,0.125409809984492,0.138057023773104,0.102722310317791,0.163882438272811,0.170722880290427,0.191050290855753,0.124964832571613,0.140619980816081,1,0.233143064107277,0.199791479172429,0.185683302356041,0.136393055260832,0.151015352379104,0.148482545658562,0.123804551554578,0.143191405391496,0.189758076010871,0.127947101509685,0.124336129523545,0.144038354056773,0.121724120150349,0.181856280791786,0.156558933221573,0.158632331901639,0.165237111467265,0.128725464407328,0.15016173407338,0.154652672136293,0.0986230964622826,0.190310683709552,0.164856947096054,0.162241584141609,0.171673028331344,0.182902737956588,0.195855060995078,0.116757168953953,0.162121454217084,0.144002941943106,0.122249588381044,0.168834643172201,0.153344212758875,0.176715661315397,0.126130635314522,0.199016856771739,0.15671808691275,0.182723520117096,0.112070900514322,0.133898613482677,0.151435882870349,0.162128852755456,0.15901167559894,0.169032515235911,0.160362498306526,0.148850161706168,0.187406763529775,0.124063904180666,0.182086900736041,0.124790828909261,0.17830334365455,0.145558581804411,0.139555587495948,0.144756409345586,0.146655112930924,0.133192860045843,0.169246765444208,0.127263451318771,0.146700972227338,0.148479939723121,0.186810437974126,0.108378319220716,0.192710148254275,0.195028686710574,0.103502432541778,0.128209118344103,0.132029636643253,0.170866527334804,0.176872535353979,0.0732965973188744,0.152244543677056,0.0774907113982463,0.136453676114699,0.108890790702169,0.141112307979092,0.162657639854511,0.105340834444403,0.130515418209072,0.13868779074467
"cocleensis",0.178616226653739,0.149717315762825,0.121808596816589,0.151049638421043,0.182643427256316,0.202387335320702,0.217993274602738,0.14086458468843,0.150841210201496,0.116223609815156,0.126388875093723,0.146401553689857,0.128068116471578,0.169442158071644,0.213718351700135,0.176411594742854,0.120090776914903,0.162301119436941,0.233143064107277,1,0.178252445241999,0.171192154347151,0.139382435071301,0.148245516059195,0.172793924175745,0.136917832994394,0.136372738460945,0.124026123606294,0.126142390170736,0.147591222830105,0.164794589644128,0.112332105385845,0.185699215934691,0.142883726809033,0.141298613189383,0.184698094643234,0.138151893844685,0.14458968233908,0.178024446194113,0.123649497925042,0.160812939847162,0.18198018382255,0.155625755210415,0.164105725193295,0.170857881146625,0.146250374296057,0.120166273881567,0.162542899848909,0.146816357329339,0.125318375140329,0.158082173620612,0.139359533502394,0.182581834758481,0.140861678287083,0.157218872592364,0.150116275718347,0.196523500081198,0.122992673246717,0.136092460333485,0.143968806711854,0.168334752771143,0.175303540892228,0.183343417050041,0.166482939594519,0.141036924534245,0.178220223966789,0.14239333482932,0.184073789539303,0.130631997925032,0.188988985780863,0.145880956652431,0.195996908341838,0.154114771251096,0.144420824295971,0.134537066286607,0.177517650662611,0.123024928799598,0.173144022561985,0.157512511258012,0.186631334180129,0.128782477510693,0.162508434947827,0.173703310348901,0.138445131426765,0.149245468215424,0.149617802581995,0.161749243642779,0.187912807957769,0.086315722826731,0.145820577268726,0.107888417713532,0.144742338735058,0.129961922963021,0.150151486726735,0.174931713891723,0.109558048942919,0.107061631367017,0.138654522507104
"cordatoalata",0.224559288307641,0.166854209367735,0.185887371410338,0.242900153364252,0.267101043069437,0.165427341418224,0.246464564639274,0.193430658666669,0.20326479717918,0.158447893665884,0.16577273639098,0.180846662012841,0.149697706928654,0.286994928435628,0.218980730608629,0.210654192785561,0.182382016989801,0.190011749217396,0.199791479172429,0.178252445241999,1,0.252321726401457,0.181310284258338,0.244463481913793,0.190346065042506,0.233498238183406,0.15825926041026,0.175582306925514,0.176906855717979,0.189680905890639,0.206032223593849,0.164588441854178,0.241058065835628,0.190738054819273,0.203583333907236,0.219714306295915,0.154856851943753,0.201810823315178,0.246376376945023,0.163392459745113,0.231400175560565,0.214572801896137,0.169108448221499,0.230553228582483,0.245652592357984,0.212046782521072,0.147112942566494,0.215222910776895,0.20557394873845,0.172844131545398,0.216125728051518,0.194609134111022,0.25031037806466,0.171471734765943,0.217964070832342,0.204084411895851,0.231303747720022,0.194144780499491,0.160873625041306,0.221035514475255,0.321111852707342,0.230533543800098,0.218765159952219,0.240975238260535,0.206101717454364,0.242124401507958,0.188591312935871,0.226985594173531,0.170069863959915,0.247529281040256,0.209253108980354,0.177814395070704,0.264486866708762,0.192291721911745,0.223082297980473,0.268989511524326,0.213208543565428,0.185713559581169,0.179257408364135,0.225718667621789,0.142145711882253,0.204302373358127,0.240702740990874,0.11257031941554,0.157122495987767,0.153730934559976,0.19475309344861,0.238671469690837,0.0925085472867158,0.249316790824986,0.100961881420982,0.202543883145,0.152906363514631,0.224964052896977,0.273710505608424,0.154404257552216,0.181762394405167,0.211026837697956
"coruscans",0.217049441585083,0.133021853656069,0.295413646268688,0.250191489110603,0.230732053434173,0.140352968808992,0.35693958563348,0.223539560965248,0.317956443281519,0.169193593640434,0.237723138662207,0.254411184927344,0.108205639054022,0.290933663179183,0.209164890153859,0.262782693054563,0.192956927423973,0.189506085185769,0.185683302356041,0.171192154347151,0.252321726401457,1,0.181899090982791,0.311765982232282,0.189354718724463,0.292832469157147,0.167775997474292,0.164802746178823,0.262419721611322,0.27925400756305,0.336424176002336,0.237125901052825,0.289457764877892,0.301949133760759,0.248869497476774,0.233432221357994,0.186324403862565,0.343467012262143,0.302194957498092,0.155097472798628,0.257564690273154,0.287049392896527,0.182201020925561,0.25443728890358,0.334643226592988,0.200709256279724,0.157250063748354,0.261986728700749,0.233335546110045,0.299853135939795,0.327749876347677,0.337534950706095,0.371432250511812,0.204531112014298,0.245225873512006,0.265227334028551,0.306845017129852,0.251675477944334,0.201659457436294,0.279735167818991,0.24994496208646,0.294243457307116,0.288431994646704,0.28189746677064,0.337705601612147,0.379214968437574,0.171558190836203,0.30036143817717,0.15984554196141,0.268208506746971,0.237221635295802,0.192357164490216,0.17500231998378,0.269069770252578,0.342639905012251,0.22809172095006,0.244102843570334,0.212612376612938,0.177191779944822,0.367273776155122,0.169564918408594,0.232562568264846,0.282965545835294,0.0999147018105016,0.182066616009029,0.266847936915022,0.216621341591946,0.240237962373245,0.083056840002503,0.288147894586545,0.0889497931976136,0.290980697113564,0.189896672281344,0.300010556937918,0.407770881108916,0.200136303381182,0.278407113362887,0.32442454308151
