"","acreana","acrocephala","acuminata","alata","alba","aria","auristellae","bourgonii","brachyrhachis.aff","brachystachys","brachystachys.aff","brevialata","brevipes","capitata12","capitata33","capitata35","cayennensis","chartacea","cinnamomea","cocleensis","cordatoalata","coruscans","cylindrica","edulis","fastuosa","flagelliformis","fosteriana","glomeriflora","goldmanii","gracilifolia","grandiflora","heterophylla","huberi","ingoides","jenmanii","kursarii","LA17","LA41","LA48","lateriflora","laurina","leiocalycina","leiocalycina.aff","lomatophylla","longiflora","longipedunculata","loubryana","M18","M25","M27b","M30","M71","marginata","melinonis","microcoma","multinervis","nobilis","nouragensis","obidensis","oerstediana","paraensis","pezizifera","pezizifera.aff","pitmanii","poeppigiana","punctata","retinocarpa","rubiginosa","ruiziana","sapindoides","sertulifera","setosa","spectabilis","splendens","stipularis","striata","suaveolens","subcapitata","T18","T21","T29","T50","T51","T82","T85","tenuistipula","thibaudiana","tomentosa","ulei","umbellifera","umbellifera.aff","umbratica","velutina","venusta","vera","virgultosa","vismiifolia","Zygia mediana"
"acreana",1,0.199407032699946,0.160522379241987,0.224754346847342,0.106973113886978,0.18126674961165,0.194381412664132,0.178808011726674,0.162418474693623,0.110283703825019,0.134748221412026,0.156414152151618,0.11560330141688,0.16711949876513,0.199399347572217,0.124696982791907,0.176676411061091,0.225377638067443,0.130585992120799,0.149339083716534,0.17467361575017,0.117725525472874,0.181788305320601,0.238027016543426,0.155845849445503,0.158666008610509,0.17049110033185,0.156719868468396,0.195308667261025,0.166753637714859,0.186800223942674,0.126929311724498,0.16800434423476,0.169798957018778,0.13621879345594,0.126675051558259,0.185079712619358,0.136594815000141,0.150495907373138,0.134216669974437,0.153805680616053,0.174106119491028,0.143067162642058,0.155411143404686,0.173490295217613,0.152459044551289,0.112452621420777,0.367405491172992,0.140582685512905,0.162446765881257,0.10859526493505,0.137387714916935,0.183683866178973,0.191449941917244,0.175240696674058,0.165815013473605,0.106139535890867,0.123677182575546,0.166780641982104,0.187740217836221,0.186115265006328,0.162660189617669,0.148061071473209,0.318961673393923,0.19084695226705,0.181744744193109,0.166473531206855,0.212276342706397,0.139152287247483,0.208878940858566,0.122390872915252,0.163797781986469,0.208286961387891,0.115284931418064,0.188034542850192,0.210776664534439,0.195207604249043,0.114962636543122,0.18200548547711,0.177295871796362,0.158866152619226,0.214357255300037,0.152437478327745,0.162996744551277,0.0998356041905298,0.153796876131242,0.173100171900298,0.170202137187033,0.141438617873463,0.173964483428067,0.145611419800759,0.12052384680059,0.156257987857873,0.200025078401783,0.186420169720398,0.106560835982016,0.177364207670793,0.189258222662975
"acrocephala",0.199407032699946,1,0.207034824344031,0.316132158423691,0.151732228408339,0.191724079531571,0.323105740670747,0.212240915482487,0.344987436090438,0.125370255072207,0.136495238843211,0.174648286389178,0.221906192439548,0.236835983548182,0.179526960848356,0.142412853149453,0.260146360580059,0.294140913920131,0.190653427201682,0.211898747716373,0.274361328437757,0.16358989426175,0.203141028432304,0.415261539101558,0.359022004783581,0.170226897675178,0.252843507528893,0.187955550192952,0.235966641179936,0.198424769168313,0.227203422155228,0.270538610811824,0.261820937818922,0.255163180654399,0.212111429703843,0.161922929359045,0.230193044807124,0.159729136537589,0.271840142211929,0.170398443681519,0.189770947417386,0.22683768045512,0.175689159671477,0.221067836358393,0.207826634021251,0.222149300268156,0.108987196333538,0.346558106860199,0.23434445067582,0.19184896433332,0.152701768677756,0.248035463964213,0.268581401905408,0.334194467919325,0.242892146786632,0.248792826854938,0.22030979029189,0.125771883546236,0.265910929514812,0.296549587667975,0.216659922188739,0.198225214188079,0.243383173609438,0.157204667861068,0.273215059639495,0.199126744997978,0.227041633192454,0.259751860652697,0.263089301017811,0.250450653130252,0.153497704599917,0.213707327363345,0.287725129564875,0.134391213498271,0.176409927597919,0.286566691523758,0.24605388334123,0.264094388947318,0.198438309588477,0.245521318231969,0.223981863526691,0.303685894938232,0.27910276998389,0.303040583539786,0.119195277876247,0.179948883760914,0.320775259577668,0.240776392051228,0.185583793451609,0.177904748033693,0.26053098515986,0.136990457920495,0.211890491463811,0.230087247098206,0.226142511795138,0.154675664369557,0.150244956835833,0.354057768446477
"acuminata",0.160522379241987,0.207034824344031,1,0.204110809004618,0.116968602292947,0.172815636161281,0.198645421053659,0.169318976070621,0.175684058221257,0.129031962541597,0.113482811989015,0.236203551574901,0.144125763981069,0.150394433583828,0.158366860168836,0.120643453810396,0.182175946373921,0.200407632451283,0.194226130954147,0.151826891850259,0.207520930082907,0.104898531751942,0.166524680559851,0.239999476211498,0.171829945333322,0.142764967000246,0.191603508853877,0.147841915551562,0.268982685672587,0.160740540134598,0.183825741431317,0.152324912276334,0.180932236092985,0.167966930569251,0.14607305151783,0.12527047842752,0.303761630872812,0.12603227133256,0.172179141523864,0.149171295064466,0.140264565742938,0.176685130237051,0.201742084667274,0.159759965116913,0.174839962048374,0.160267393158898,0.0976286850177618,0.159941176392003,0.149701585427465,0.185665965553544,0.120044948687509,0.180990882050874,0.177217540563776,0.20616350805974,0.186696604023679,0.154876078696155,0.121933243122157,0.139730350784702,0.187717738225111,0.186568904036265,0.202980307943885,0.166819443585066,0.18077004570996,0.148033996321393,0.201916832703909,0.152454612420856,0.172224857000582,0.225107093860598,0.175677920375171,0.182358769112226,0.119118194912355,0.201750841719294,0.182279727373592,0.119959631477924,0.200174768819752,0.176353800198165,0.225576003642377,0.149556228860523,0.171524376771871,0.200454198765113,0.21548874775071,0.209346365246034,0.166136806741417,0.166079282331199,0.11973112641201,0.144272785478962,0.181639452671646,0.184231244735851,0.156299546094739,0.161136167011809,0.169176452522,0.117134341383078,0.134367035443807,0.169022303884006,0.150189202216413,0.13736230116551,0.155399536718414,0.193649197063237
"alata",0.224754346847342,0.316132158423691,0.204110809004618,1,0.160360074757064,0.185508511138184,0.331512958676246,0.242971320603432,0.261166586303209,0.123869705323352,0.149377785467376,0.194023766176026,0.247915468936326,0.220243559442093,0.206729727283221,0.14137230280258,0.277887379210591,0.285911079476511,0.226890017135121,0.200975818992348,0.248631835172186,0.179791679895403,0.205364718766583,0.355271019618434,0.249894400391947,0.179073869664325,0.294688651745505,0.195819705553611,0.244607325231147,0.226305624210912,0.25374491151547,0.182853292161912,0.26686028509987,0.253431452563211,0.213906741912346,0.160273523435665,0.24576001728518,0.155997269521711,0.244428038836816,0.214575706585409,0.21974952863889,0.258407345956187,0.218796094863083,0.232520072252482,0.228710528398339,0.262380293252383,0.1252134105703,0.225262506259553,0.234308304074789,0.225996807616417,0.172149151057781,0.267785871821561,0.302852966027713,0.301600950576614,0.303394984902275,0.248020193588079,0.175110795770562,0.147523772119857,0.282644851532824,0.292760339186436,0.246266161427873,0.239992548168609,0.240390974281177,0.153122540049608,0.27643317151014,0.209424212634953,0.314851965732284,0.314109628656266,0.222514409293455,0.399666870175362,0.169501918662109,0.262950597370461,0.251683324177186,0.127994628358435,0.198555486498823,0.318253851516966,0.246273928477713,0.202455964165896,0.193669708859511,0.340167615125044,0.230517096292717,0.274077587506941,0.257861928146371,0.223005440142559,0.128294806890226,0.182330100998901,0.229769834296326,0.255918155273974,0.150158685323478,0.181255991545303,0.273685143891112,0.195118360570173,0.156889715373736,0.309361808051991,0.248396951073151,0.155602430061513,0.15138262541461,0.360567585458762
"alba",0.106973113886978,0.151732228408339,0.116968602292947,0.160360074757064,1,0.102192362017311,0.13581006738498,0.158549769841338,0.113567459794233,0.236308369760583,0.185536417392507,0.22600888720049,0.190664277739852,0.321417819717051,0.100802204851967,0.223512221987119,0.122886415550483,0.160714843029768,0.0913039935178842,0.184348835699664,0.152033986862086,0.180921144095453,0.132334685622197,0.159473732343454,0.10619498880013,0.229387373733521,0.121138072433797,0.124005105813668,0.129859021718706,0.155682205406241,0.125133994294679,0.21960188697833,0.229460335377249,0.102002876681828,0.241347564735339,0.243637647404673,0.109239929222475,0.10983223074103,0.122770171426848,0.174868942650508,0.229466197418814,0.219503563334996,0.0953749854128077,0.114883245646993,0.129809433210159,0.105614821433562,0.198938180558451,0.126427258967802,0.213576529703042,0.223391907864467,0.0897498685710366,0.120229003607716,0.180256826923022,0.121530772821273,0.12633049254918,0.166549699221482,0.219440103454937,0.128279975063624,0.241680446008935,0.121988070161632,0.172810118169948,0.15020053365715,0.140870388620199,0.118457272636789,0.12208085338003,0.126104008828479,0.103157549464763,0.189605859754879,0.177559462837955,0.128569505214592,0.239013166356081,0.127531808666677,0.11878116852541,0.0720108983382087,0.103898420782283,0.139229260568221,0.10916600727477,0.0961219374889649,0.120492731277913,0.137335300264288,0.176242506272162,0.184157686612124,0.0947012709502713,0.116356626615314,0.0741515258082119,0.0942788393086942,0.124064832768658,0.135709301227487,0.0845486457965701,0.249091344031993,0.0966089105698645,0.208292487735613,0.105510538867735,0.173758535402223,0.107521186124096,0.20394614681107,0.0939499382630729,0.144733937903261
"aria",0.18126674961165,0.191724079531571,0.172815636161281,0.185508511138184,0.102192362017311,1,0.212024913259461,0.150602705202005,0.176592202526824,0.0957986644220567,0.108288694853829,0.150197817038044,0.149160093227748,0.130357552733354,0.151378766988025,0.104408547815797,0.225450039645958,0.184787869041929,0.127901708791928,0.150559690003833,0.178766570132322,0.125359819481539,0.156786040842636,0.209453902484449,0.172913211807469,0.168349338775001,0.170824919690438,0.132144872931105,0.217027112320749,0.167276637497149,0.174429637687682,0.145144453909532,0.173301627605931,0.168871390361882,0.130527640714786,0.114958335324286,0.195365118199179,0.14461369041442,0.177104413253637,0.177367452994668,0.127431007485823,0.159314361169475,0.175911112793499,0.163848242512955,0.170052939842822,0.148414084557804,0.0894093351164278,0.178858824847204,0.134824214523388,0.148508087272934,0.115779732485845,0.156223781308755,0.162963146063285,0.168697185431254,0.186033580062711,0.261032456041697,0.12131967392203,0.0908744537492288,0.161090346960061,0.162486232105728,0.185593881736622,0.158175202326185,0.166240753936831,0.111918705768232,0.211578532181043,0.16457209978287,0.165194864593098,0.214726367549305,0.132106645910442,0.180472695898924,0.121566584352502,0.152894482623835,0.186847081050315,0.0985198158682593,0.208793527301911,0.195144187689772,0.240486919756878,0.115812714908325,0.153290063013715,0.164302582180909,0.173487446683113,0.190149132107037,0.165288407002116,0.160788074376883,0.130029106938447,0.15314853336861,0.28894288211263,0.222441229752416,0.130003990790921,0.157343339871023,0.157698114815741,0.101215661286604,0.149647258542636,0.173492580892288,0.152665621689474,0.119661596833343,0.13415507828733,0.187465696174443
"auristellae",0.194381412664132,0.323105740670747,0.198645421053659,0.331512958676246,0.13581006738498,0.212024913259461,1,0.252374159299521,0.304572101603056,0.11019171716511,0.142709219671808,0.162535366852888,0.462851233206012,0.176046834259566,0.15903886156113,0.131117877134536,0.291757769188179,0.266143268614876,0.288655247083714,0.211433236133308,0.336913269386425,0.152259320221194,0.197465835724022,0.418417771439085,0.379203309587014,0.167622900634989,0.313925582269212,0.159368509606116,0.260821788396875,0.191180449266549,0.275364579103878,0.273940943986911,0.283692198597571,0.299840176494988,0.223758718053572,0.161234430277637,0.263186896843233,0.169753603469597,0.30115533870283,0.158557323656713,0.154690381967101,0.216577007185685,0.230619517582293,0.246241918334364,0.242265415223288,0.335764578613404,0.115519181721007,0.259545085627137,0.326508872734732,0.216051607519067,0.155786603857756,0.353344979229734,0.304797812272145,0.291767478945126,0.34220352021402,0.213203092869145,0.188223535418056,0.133885102837804,0.278616580380976,0.377893127135207,0.221621858402691,0.215231760791219,0.263597272831811,0.149636211862123,0.346482882478265,0.178674341565387,0.202501357743341,0.291785472510679,0.268496807496974,0.295624863684913,0.193688761960611,0.225500308522592,0.325391175035064,0.130337214680888,0.172528514699198,0.363090152684287,0.313737057227137,0.247477818916836,0.228262087931487,0.350754210374898,0.234966814765458,0.299654976680118,0.503374707892534,0.280111791652696,0.145627217778563,0.201987240328522,0.219958217026395,0.289419408871977,0.172679445883714,0.18160106942662,0.41173818954263,0.113226598805953,0.171276397995289,0.250382324695766,0.268767801940391,0.158659966221909,0.142825726196888,0.50114188654611
"bourgonii",0.178808011726674,0.212240915482487,0.169318976070621,0.242971320603432,0.158549769841338,0.150602705202005,0.252374159299521,1,0.200572775702433,0.1002360319431,0.128251997487089,0.148564312547863,0.168070628357285,0.16313942518478,0.142082243086647,0.113667847528861,0.186213539400497,0.206869290513482,0.153847845352589,0.151227663109135,0.189525626287448,0.136921149976401,0.16243589700633,0.245473245028831,0.17552576426029,0.151397112423396,0.195934148024392,0.155802815203205,0.180279665788293,0.173408531162193,0.164476053780583,0.171433247823716,0.197663691868765,0.163603687824769,0.162271731040226,0.152178481790077,0.18476202047698,0.161531056256229,0.166700692816247,0.134128237054301,0.135352352436827,0.214866657531231,0.136920102792059,0.189419605502557,0.158438276340648,0.187946397116865,0.120809516799774,0.190195432038988,0.170495856862997,0.150312285453412,0.134671572580355,0.184253983601909,0.221154550577609,0.178958090561472,0.374298855909242,0.168347306657783,0.122819680358336,0.125040789985511,0.224072430118762,0.190031548817274,0.171734331374184,0.159083741612886,0.241060735933369,0.124905244302343,0.191427797591041,0.179711591819261,0.178385844979631,0.209674000080237,0.151649481230756,0.192366315307782,0.156636912815505,0.174288924625194,0.206720785283889,0.0999726992366388,0.151962249131888,0.26063737156019,0.179332694688062,0.132035903605648,0.155655060140507,0.221911789281097,0.156738064491663,0.261545292333227,0.199153099484277,0.175512937449074,0.0934857379684398,0.197433394688649,0.173014652330483,0.176970837766681,0.144747426191177,0.164027765053415,0.168417933531637,0.107652396604857,0.136227909742868,0.236133408467125,0.340543655922741,0.123166255548408,0.15012618446188,0.239453170229133
"brachyrhachis.aff",0.162418474693623,0.344987436090438,0.175684058221257,0.261166586303209,0.113567459794233,0.176592202526824,0.304572101603056,0.200572775702433,1,0.11067442094146,0.139467740888837,0.165301631120568,0.22372720721222,0.192377291757637,0.156606944399039,0.118230730351266,0.222023815169627,0.227107942132788,0.180958632941763,0.197370898383763,0.213527675466337,0.128982136308896,0.209716232870991,0.30248954248276,0.310853452899824,0.138089890287121,0.211794979286669,0.146103318211543,0.207457094490232,0.188824626046404,0.224015512047086,0.271519505331329,0.190427631360477,0.228731447699451,0.1943839037246,0.138820185026903,0.235294189977611,0.158907441308578,0.253205052637015,0.126900334520153,0.175076834824277,0.204989833235016,0.173461150729526,0.220285848373352,0.224850327193756,0.24242919395271,0.0953087592105246,0.276242110836401,0.172582163059375,0.164796999681943,0.160435794446695,0.256006271061352,0.22680214579173,0.265785275404024,0.221736113069624,0.225203099607505,0.180515784172278,0.120412069143095,0.221577262538624,0.28041177855308,0.191938329516097,0.178794487839728,0.234880899453709,0.139498617298258,0.304806330006253,0.203898617242316,0.176390456014603,0.248365157563495,0.196417349084983,0.220207779434512,0.143325941575803,0.16973784171838,0.318751178309047,0.117587641710391,0.166773194151437,0.252975528368254,0.25770641184521,0.220007764462218,0.189589117724604,0.222332915585743,0.222622228363715,0.273112796299138,0.270595259629052,0.284607713538208,0.119577112512532,0.196623548021282,0.177288076201874,0.235540300762973,0.161439720621775,0.169299116636005,0.240228892618986,0.110066799035809,0.179847177480565,0.214447040237928,0.234865246844297,0.131188222180135,0.160733589872066,0.281583556688914
"brachystachys",0.110283703825019,0.125370255072207,0.129031962541597,0.123869705323352,0.236308369760583,0.0957986644220567,0.11019171716511,0.1002360319431,0.11067442094146,1,0.293435781804844,0.299395461050401,0.170344830688059,0.142162742198866,0.0980473661267745,0.127525611032699,0.110262258520508,0.128926937561442,0.102608522906139,0.162971612658406,0.142937432846112,0.109408583377402,0.199593703321082,0.140587639162959,0.0924930630472709,0.274710870074537,0.121268607241974,0.108231584765356,0.126266723868688,0.13786922822167,0.132410922858722,0.336968885968587,0.139579336614853,0.0929503981565867,0.297874887299001,0.119455484240525,0.132099786999208,0.0980742906612864,0.132571136044994,0.125107469302468,0.350634176324531,0.166153321937962,0.0872405245109245,0.100385996903243,0.11312492409328,0.0963924516426441,0.342403509746691,0.0954676023898353,0.274714177062664,0.253814619031347,0.0711983482956472,0.107271657803417,0.128207240801971,0.114707759503844,0.112235015148051,0.116635273869731,0.127454269621424,0.0998980980881157,0.23630726499312,0.115556948577979,0.117623314575506,0.137346593473695,0.136685301669983,0.101048867373075,0.0993743322061108,0.102035644030205,0.0868457230549003,0.152401143980516,0.145400744403564,0.136973059081113,0.281733396978508,0.117223170420798,0.0938320372432044,0.0912545300867554,0.102064821735363,0.111523999313453,0.0930587007215212,0.0911946856560446,0.14482653309719,0.122142733617639,0.150792509974941,0.147335814048161,0.0829927340076448,0.104352519779301,0.0691708284882588,0.0759322957084856,0.127685132960356,0.0975278863094931,0.0783241590670259,0.239979412878974,0.103870551785742,0.283236918064339,0.0682156321254468,0.139188329178646,0.0979187440197392,0.319391340845085,0.087991407085955,0.138323550790962
"brachystachys.aff",0.134748221412026,0.136495238843211,0.113482811989015,0.149377785467376,0.185536417392507,0.108288694853829,0.142709219671808,0.128251997487089,0.139467740888837,0.293435781804844,1,0.269807815442545,0.198695418700714,0.112134009089746,0.122733573706375,0.0913504906097275,0.121162569618786,0.144673529691626,0.147313211444824,0.131716783140932,0.130524327164544,0.112216013793503,0.180191391092776,0.171840081496205,0.111300235551844,0.290177168086633,0.148685390494749,0.123777468615886,0.121505126611601,0.116341318908702,0.18721644690264,0.325977316858259,0.129938045100701,0.125022731855392,0.312086808448857,0.109209030960557,0.137787015210429,0.0983589237481687,0.148134151233064,0.107736482062049,0.331090241569958,0.161709919658486,0.100260964578177,0.124115584998648,0.126368454661395,0.138951097089224,0.421613169595205,0.123441754091514,0.263391154500224,0.269346255668039,0.205274739694484,0.170887800575754,0.143534050414392,0.124941502466189,0.132474919627707,0.123607438693704,0.0742055875595131,0.109491152728856,0.256696996216277,0.191009274857906,0.169756403311392,0.167186141105404,0.136505141175214,0.105232476518304,0.146513857273001,0.121035139471495,0.105261700875047,0.148809943425587,0.152650148820769,0.164070110215843,0.289854308635026,0.141829640271626,0.140548675418449,0.0994576190578166,0.124299461515617,0.136830444024297,0.12302973838789,0.105509286512803,0.129439658770322,0.126804230319125,0.134322296790624,0.180924899734146,0.112206143876565,0.114403168894089,0.0686477055217195,0.119043474953292,0.14658246671641,0.121630089155383,0.111610098688628,0.25830450139501,0.155681466505553,0.285748068006193,0.118174057065046,0.151323648526089,0.116829754216745,0.326675569207766,0.140886487840456,0.189854905445079
"brevialata",0.156414152151618,0.174648286389178,0.236203551574901,0.194023766176026,0.22600888720049,0.150197817038044,0.162535366852888,0.148564312547863,0.165301631120568,0.299395461050401,0.269807815442545,1,0.188178021952585,0.158955069201068,0.151206146275453,0.130161020995603,0.152107024523509,0.183129868751195,0.132925860213804,0.158585790430172,0.184091115309769,0.137755049485662,0.159229911159434,0.187497134282114,0.147482630810366,0.285358546816996,0.143792118175615,0.127683503643857,0.19575439506155,0.130215695065507,0.142142788302958,0.292383888368368,0.175008937784414,0.127319975685686,0.289678762142029,0.163552069743922,0.224746755939904,0.119566319926128,0.1609445889573,0.155539473474364,0.315115549117192,0.186946054424985,0.122864967381613,0.137028113853081,0.13261476328555,0.171596826673433,0.246654939940894,0.154898234508753,0.271664941883084,0.283510751754835,0.0931971311609951,0.132343980118989,0.170219927283245,0.187905305254273,0.156064259874539,0.139126494175001,0.129855164296952,0.145194449893565,0.266574117104526,0.143843517946923,0.169513022265381,0.169326464312248,0.136789067647952,0.166122073978315,0.145053047695522,0.185995264384868,0.158170622487564,0.198740450110976,0.166788954922138,0.213663778570132,0.272109905213576,0.161359404067668,0.132440129298351,0.0866259380312319,0.127719246279961,0.143842627635289,0.147213587189356,0.123607426889764,0.135255127819501,0.177546527957311,0.18540473581555,0.197090260575742,0.106538862369064,0.126032255671692,0.0941577951943579,0.133283123607551,0.147809236372714,0.135141908409912,0.105271289914921,0.310471038914314,0.115894230330973,0.314501582906708,0.117155413093385,0.184552289211015,0.142496302670622,0.260863681502854,0.149892124742306,0.143902245774392
"brevipes",0.11560330141688,0.221906192439548,0.144125763981069,0.247915468936326,0.190664277739852,0.149160093227748,0.462851233206012,0.168070628357285,0.22372720721222,0.170344830688059,0.198695418700714,0.188178021952585,1,0.124454987989642,0.113361436406332,0.0815704795656871,0.27474600647187,0.181191555336382,0.21345047467021,0.163005068298551,0.203584347407141,0.15326977528355,0.151217946320839,0.330265872448548,0.275364096819594,0.219893894780054,0.249386589717024,0.111375724509984,0.18915448756966,0.135327157077034,0.203980967031438,0.253313594015714,0.237193364925677,0.248188958254122,0.293709044525176,0.132225959364834,0.228837544712323,0.120050606476342,0.251756029977495,0.106138901877908,0.205298478862223,0.158059167293977,0.160973436368219,0.204323032047663,0.20622064017721,0.333146409389374,0.172941422826088,0.161307835527721,0.437756751498396,0.268141489029183,0.131475852602034,0.318489527790592,0.233887444251177,0.265589843850854,0.26504550917385,0.172896300624358,0.126442137363963,0.112179937612458,0.375028673797519,0.349450795884819,0.181480437370205,0.14332849332949,0.234623221214946,0.0927058241900206,0.23367880400376,0.124869669215538,0.173501988233146,0.255350016943655,0.17941152188063,0.172438537358849,0.231397814196437,0.150594245218951,0.248584680241069,0.156544522825924,0.128416843017544,0.315020289448709,0.249342850626545,0.180143405743613,0.13187519399454,0.298095282611548,0.180907526393285,0.276502019827076,0.502577442445618,0.194343504824447,0.0922802883875639,0.164391461130681,0.168581990851513,0.255530904853803,0.138965581335984,0.229139402801151,0.326314706771918,0.174363303381484,0.151686237444373,0.20973349722939,0.174592142823318,0.261234182540444,0.118087273432933,0.439594705567737
"capitata12",0.16711949876513,0.236835983548182,0.150394433583828,0.220243559442093,0.321417819717051,0.130357552733354,0.176046834259566,0.16313942518478,0.192377291757637,0.142162742198866,0.112134009089746,0.158955069201068,0.124454987989642,1,0.168074551195394,0.161633649928173,0.194015910080104,0.226999533119789,0.144192085701472,0.185832042499933,0.202836477923779,0.191672004659308,0.158750363844798,0.238052956788637,0.162396233968707,0.147977274815259,0.167614384329633,0.133174787630965,0.176990879280763,0.173597576302644,0.195812598030464,0.231868784906678,0.204614200193116,0.156309121368291,0.159210309090582,0.196658685637249,0.168227055690636,0.121883554464504,0.167620431448451,0.187715599572532,0.181858082155032,0.298709267234929,0.133740605214166,0.180469860546567,0.159942872549987,0.15614626414099,0.117993664001607,0.187801390956498,0.15365340062362,0.141048427895588,0.108100294234859,0.158258458434137,0.181626019721448,0.224460838458381,0.181124412925843,0.191385258646143,0.213248472279982,0.138928751760373,0.188243818287295,0.171215406115092,0.189666626769895,0.201621944429978,0.178684877859996,0.122994176488882,0.202772371974747,0.138459648341725,0.176805211476755,0.22355462227623,0.243992393968397,0.183579133415539,0.143471223807271,0.160157781820412,0.185246170111229,0.0905723579753402,0.131340189573583,0.178439389188588,0.176525668700161,0.193696992558154,0.173269917721601,0.172006086023624,0.20030302285845,0.213865924063786,0.159331721780486,0.178553972825318,0.0835448614770765,0.109645994102376,0.1487783368776,0.160663019687683,0.119184994175828,0.1913780549606,0.168626033926796,0.152117325469471,0.149517117716681,0.197869858993417,0.171620443872387,0.117546419204749,0.134641367323597,0.191885898862676
"capitata33",0.199399347572217,0.179526960848356,0.158366860168836,0.206729727283221,0.100802204851967,0.151378766988025,0.15903886156113,0.142082243086647,0.156606944399039,0.0980473661267745,0.122733573706375,0.151206146275453,0.113361436406332,0.168074551195394,1,0.115006252183743,0.165192048166529,0.196968279208103,0.122853827042096,0.139221573302362,0.181984782929579,0.160631970360234,0.195408365110652,0.164022348951243,0.154953589604453,0.164841368177161,0.14641783671408,0.150237965442986,0.188972927001464,0.186677833688059,0.156097304426554,0.118757003707832,0.137286125412489,0.170264643029781,0.146709149851054,0.111042744872849,0.166537764343336,0.115599415353267,0.149311360204015,0.137824514341645,0.140478128150945,0.169917102138295,0.158873495411039,0.158411555059858,0.190773420634154,0.141358075581041,0.0956486199668517,0.167602763244898,0.118863364563606,0.152631174147326,0.102921133527785,0.125943704556974,0.188921522750239,0.172412382863087,0.156932663670741,0.152751786428285,0.103309253651513,0.118936069218657,0.172790966117946,0.158434947691654,0.224905974237782,0.163221214265056,0.139024660888998,0.151245503807327,0.187693422550958,0.172967192801219,0.147617958285901,0.236283446534333,0.129531812787257,0.205107850318005,0.120794484803329,0.145086167918873,0.176594096344731,0.125213924350106,0.160518250391422,0.19746799724099,0.162803306039178,0.125075481793389,0.193816450910826,0.194611338620451,0.159317284177975,0.195558861597587,0.116878586078058,0.140902460029136,0.0873998626600787,0.145477769482053,0.161784299129169,0.182677591693869,0.143964044464449,0.174368618384135,0.134400863660666,0.115487912578204,0.145790163687762,0.157271340919944,0.142579147996456,0.105934550957399,0.157649506134208,0.147144366821798
"capitata35",0.124696982791907,0.142412853149453,0.120643453810396,0.14137230280258,0.223512221987119,0.104408547815797,0.131117877134536,0.113667847528861,0.118230730351266,0.127525611032699,0.0913504906097275,0.130161020995603,0.0815704795656871,0.161633649928173,0.115006252183743,1,0.134021433269553,0.13664669189755,0.0823985615519796,0.244297624168249,0.181954096145375,0.379641365460423,0.135195149951145,0.165436541924321,0.103503337644235,0.165238797846831,0.123153114749428,0.141507749437122,0.122861149306905,0.137845001786885,0.114750606085912,0.129724668719139,0.197132153966381,0.131540063668372,0.148176188084131,0.443101711165883,0.127869114083325,0.163219046369109,0.138351990625475,0.226394479800248,0.120617480714527,0.198591409596599,0.0905237712741069,0.118936337836479,0.112357732080051,0.0963778705304419,0.0925826295902808,0.125711596240836,0.101966905180931,0.0952458289535558,0.0897268120260203,0.101815987156882,0.153361191340275,0.150353656651334,0.104269626763258,0.170856301510255,0.310709056210916,0.130672657790909,0.161400709015138,0.131890704724676,0.15113931234599,0.136830702219636,0.150962035094103,0.124945333723109,0.108482594651534,0.126335647482467,0.100246593280651,0.187881190189903,0.354728629088971,0.116566514135118,0.115511728907198,0.132175566717151,0.118452128222788,0.0907322906070482,0.110149925203947,0.129371235188959,0.104962506124193,0.0848474035436476,0.133702573583123,0.133023241534964,0.168558594408504,0.134762632780787,0.092129872894303,0.122783675077866,0.0765860765740031,0.0947266752210269,0.105281807050525,0.110102540331509,0.0941352033089383,0.154193786308044,0.101298348603353,0.112867284041832,0.141623326705882,0.193789210859642,0.104025036360145,0.098583285748952,0.107297620237364,0.153109272815857
"cayennensis",0.176676411061091,0.260146360580059,0.182175946373921,0.277887379210591,0.122886415550483,0.225450039645958,0.291757769188179,0.186213539400497,0.222023815169627,0.110262258520508,0.121162569618786,0.152107024523509,0.27474600647187,0.194015910080104,0.165192048166529,0.134021433269553,1,0.24910703674509,0.173089913116636,0.180411902565832,0.259063404664626,0.193950300977237,0.190248530341807,0.321917838772424,0.227976481335905,0.205612679658902,0.264115271617624,0.144539835363789,0.224571679153908,0.167466222408876,0.242026072310137,0.193636190040361,0.265101209169245,0.228915845904045,0.186208780840594,0.166490165460779,0.253951579703802,0.134500680734551,0.264168334486555,0.168758029916496,0.158708170074937,0.220641912065175,0.188166403829144,0.242845160874335,0.200576122231802,0.24650963195582,0.107789505193526,0.217055701050978,0.213428380611652,0.185240553134262,0.15051813876302,0.255438838284328,0.251281765296197,0.237013392078351,0.247533821237641,0.221357982062139,0.150943202883671,0.142299534159441,0.260891889557366,0.257841144807471,0.223377187890098,0.173468501430511,0.237072409293949,0.127716546990145,0.236590004317484,0.167683316039038,0.224878915747478,0.2734505727657,0.174138489798012,0.230664399683902,0.151114030665267,0.222447477422307,0.225425342249338,0.133224723203776,0.175850246526688,0.305156243084243,0.238339297505796,0.159128817395115,0.187721275125294,0.270789398678348,0.218348514276261,0.286298348423799,0.259669674109732,0.204126814880044,0.105101082633559,0.170580789918151,0.213082618065004,0.241885798500246,0.150744036028902,0.18639360629699,0.232407551767559,0.112928346610066,0.188131908468053,0.248096837865893,0.172802438028384,0.173247538902413,0.145870160882825,0.283342797817761
"chartacea",0.225377638067443,0.294140913920131,0.200407632451283,0.285911079476511,0.160714843029768,0.184787869041929,0.266143268614876,0.206869290513482,0.227107942132788,0.128926937561442,0.144673529691626,0.183129868751195,0.181191555336382,0.226999533119789,0.196968279208103,0.13664669189755,0.24910703674509,1,0.193296426506886,0.208985780483177,0.233633105135681,0.164254296741693,0.245255129240404,0.327444170726145,0.240555124189667,0.190419372930582,0.233988660988473,0.193665728897655,0.247841794990544,0.224109965171632,0.243762860821252,0.201686042425594,0.229712986123006,0.247164842156762,0.189013606266683,0.179342827914325,0.199415204826963,0.152308198014563,0.22963774156798,0.17215834408242,0.207454318151716,0.238804503304649,0.187481491752421,0.228352976321717,0.244664361963015,0.203694815071612,0.137513959503647,0.225150076528853,0.197536168388079,0.213743443207559,0.136645517420889,0.2489754946237,0.255870357569465,0.253958575265418,0.204528144412496,0.252232865732829,0.163022493167014,0.14066212083872,0.241141016842773,0.225832582123578,0.251034698472029,0.24935935732731,0.237111513943618,0.167652649832397,0.225413067651773,0.186474243776161,0.211113829977182,0.301920148340814,0.207048401012201,0.257503355704015,0.159275735821547,0.221747520149994,0.268409215441884,0.140607072706379,0.197433721831356,0.255347567986944,0.226564878433432,0.159975349806417,0.228621502574149,0.229353610345141,0.234748258208393,0.312013159976852,0.207393689025095,0.267203567476344,0.135491914264406,0.175309638674497,0.274237868399129,0.238677914204691,0.150689872387315,0.225438411169725,0.211171911023763,0.146545106728303,0.179045165837299,0.270966199851096,0.207295432547606,0.150165578005625,0.172305245634506,0.254028121535961
"cinnamomea",0.130585992120799,0.190653427201682,0.194226130954147,0.226890017135121,0.0913039935178842,0.127901708791928,0.288655247083714,0.153847845352589,0.180958632941763,0.102608522906139,0.147313211444824,0.132925860213804,0.21345047467021,0.144192085701472,0.122853827042096,0.0823985615519796,0.173089913116636,0.193296426506886,1,0.12680272849578,0.176717735247804,0.1118187922055,0.156142706895703,0.273211183475568,0.219508191483535,0.123252513805114,0.244921936765751,0.131166908437795,0.230104266059437,0.137268686367931,0.249241625426172,0.141448491157127,0.14984185484559,0.242999036972132,0.141680479033633,0.104884393883514,0.220186681337912,0.124987374644099,0.217285639760411,0.116399945011907,0.117614634782317,0.162283086468637,0.186067355573309,0.161167929490689,0.228643316013537,0.283206436857788,0.0934394399716438,0.175624951333081,0.180293793962009,0.22037293850803,0.174732066972235,0.280148888181235,0.166603092184976,0.190715598697253,0.213959422608198,0.18703666669294,0.113799217365284,0.0990247894151167,0.184578761343918,0.35546170805248,0.161090896487663,0.208643597781328,0.168321820094231,0.0973722481246414,0.243024798786398,0.135382990151938,0.181083263657356,0.190770996767394,0.359918688950348,0.287152028293593,0.0992728341641214,0.222358721695464,0.202267696978708,0.103076678447011,0.149541927227084,0.191100487903808,0.196214379085126,0.138235653441802,0.130430521998321,0.203456467653851,0.172818695372343,0.188073103831346,0.325839326014899,0.17993933558827,0.105916158706901,0.135601788892734,0.19606637638124,0.20502278251221,0.132245562142725,0.130645577300935,0.40854958901599,0.114673563573501,0.114548718512451,0.156715592850526,0.163729308777678,0.103370201019133,0.109414089387149,0.34482113770842
"cocleensis",0.149339083716534,0.211898747716373,0.151826891850259,0.200975818992348,0.184348835699664,0.150559690003833,0.211433236133308,0.151227663109135,0.197370898383763,0.162971612658406,0.131716783140932,0.158585790430172,0.163005068298551,0.185832042499933,0.139221573302362,0.244297624168249,0.180411902565832,0.208985780483177,0.12680272849578,1,0.213624157715031,0.258865219223331,0.211682959058362,0.260298629638495,0.161973820058237,0.172734332240027,0.19221633014695,0.130499236935249,0.176618145428956,0.152750702848928,0.16815807260466,0.192252963633172,0.293773193706338,0.189635437383538,0.164805053559532,0.383272445644763,0.165793398550131,0.169806082257335,0.233799866963941,0.240685202448626,0.200707002980556,0.243184515361233,0.13988566083342,0.164664231397896,0.173915874560233,0.146127532034603,0.106637471269084,0.177906646368654,0.188193989751926,0.151732473662808,0.123053187139774,0.18531732757478,0.229256545488296,0.218539900336943,0.195134403121163,0.196041050683515,0.254717735914358,0.142534174227728,0.194556915538682,0.184439112945155,0.199420103774282,0.186583476042935,0.19156738543259,0.144601475717244,0.177814671644129,0.153500437731661,0.146652770464126,0.287780493927975,0.276783250108116,0.164815776050612,0.185914884748734,0.169328891535486,0.218453373751507,0.097930959761229,0.133132885594481,0.201730596198819,0.186890939557199,0.160595132709161,0.201011733867073,0.219330598012576,0.213320922555918,0.208377387616934,0.167110117380069,0.178697864098371,0.0945431568020137,0.138561163983583,0.171071332974627,0.186101450849833,0.133551725381748,0.195208127654536,0.171697689040472,0.137790787263744,0.147648736549367,0.277944056987793,0.1521105666415,0.155492600253765,0.153631600985853,0.245101383363722
"cordatoalata",0.17467361575017,0.274361328437757,0.207520930082907,0.248631835172186,0.152033986862086,0.178766570132322,0.336913269386425,0.189525626287448,0.213527675466337,0.142937432846112,0.130524327164544,0.184091115309769,0.203584347407141,0.202836477923779,0.181984782929579,0.181954096145375,0.259063404664626,0.233633105135681,0.176717735247804,0.213624157715031,1,0.162747700600732,0.217058838431018,0.327272244174489,0.347502044644691,0.191289927486365,0.22900803202086,0.181260561360245,0.253859879081369,0.214594566785648,0.217326458634077,0.206300249604192,0.260981758579233,0.209169017303773,0.217970173259066,0.167106794798736,0.24793154530209,0.179969135392985,0.25233247585081,0.180979715558345,0.173336320196238,0.227557430448186,0.27091165310265,0.190404937383153,0.220965807313673,0.187063251325203,0.128470931333911,0.247152930115729,0.21622123763667,0.201075948702614,0.134288121649409,0.229495134855207,0.279522197978665,0.322262026803683,0.238653768713471,0.221947966619848,0.212846339154176,0.130108262387875,0.257274992009588,0.274599225733804,0.244953729862763,0.23315743749496,0.263218722641529,0.193099184977309,0.232892675661017,0.198936862067966,0.154356070403756,0.279794051410159,0.273466390622862,0.232655674302916,0.155096805809091,0.187465463153571,0.227937090497037,0.129114983259836,0.168761947512185,0.242023576745484,0.215344089592788,0.218184927692877,0.217392456767497,0.297663138006645,0.250320468941894,0.29266238897468,0.276765925579613,0.253643612372307,0.106576261288842,0.162480170989909,0.230553806097582,0.222651614704805,0.195783729995793,0.195513619063288,0.345331422588352,0.118334152583217,0.159487497144095,0.221460527459254,0.196985299456341,0.159555072993899,0.150546328219696,0.349196308752587
"coruscans",0.117725525472874,0.16358989426175,0.104898531751942,0.179791679895403,0.180921144095453,0.125359819481539,0.152259320221194,0.136921149976401,0.128982136308896,0.109408583377402,0.112216013793503,0.137755049485662,0.15326977528355,0.191672004659308,0.160631970360234,0.379641365460423,0.193950300977237,0.164254296741693,0.1118187922055,0.258865219223331,0.162747700600732,1,0.169707094792949,0.206505196719309,0.121855006353143,0.20810959946261,0.161853999229001,0.115527014191511,0.141993723272346,0.150347739504982,0.123168562419482,0.138224240078075,0.239953414373079,0.143146523828787,0.122298892041537,0.431067025864378,0.135456223555081,0.119393989307389,0.181477167936925,0.243868366854973,0.125418919510116,0.229071136230503,0.0945662505071136,0.124670294320373,0.129676303007531,0.157303638039918,0.104202653277007,0.145358789502511,0.155519258612796,0.129547882415702,0.0902238545400439,0.148940085261815,0.18427127949661,0.156924287598663,0.148410624209156,0.187275669768267,0.247367325586291,0.193501785090292,0.159551509901455,0.162994699650573,0.193711701663294,0.165099189517808,0.14333989673076,0.112763046064019,0.138698158071658,0.157497427829811,0.1120344360621,0.215855989648062,0.395946848186221,0.166731786947176,0.144119540014702,0.145623516326812,0.139584530631765,0.094380873782614,0.105753182691237,0.170656109228979,0.125644672607041,0.113021003422756,0.162339312860668,0.170954827959176,0.193319100070024,0.156179302243534,0.127820038885131,0.125102505848277,0.0662237386989071,0.107561916474272,0.14300731881836,0.160993827556931,0.0952823689485853,0.170299659353449,0.11576093706081,0.121857808146162,0.11976831694886,0.233909917304531,0.105437185690449,0.125349287370477,0.119621962682424,0.180021498345169
