"","acreana","acrocephala","acuminata","alata","alba","aria","auristellae","bourgonii","brachyrhachis.aff","brachystachys","brachystachys.aff","brevialata","brevipes","capitata12","capitata33","capitata35","cayennensis","chartacea","cinnamomea","cocleensis","cordatoalata","coruscans","cylindrica","edulis","fastuosa","flagelliformis","fosteriana","glomeriflora","goldmanii","gracilifolia","grandiflora","heterophylla","huberi","ingoides","jenmanii","kursarii","LA17","LA41","LA48","lateriflora","laurina","leiocalycina","leiocalycina.aff","lomatophylla","longiflora","longipedunculata","loubryana","M18","M25","M27","M30","M71","marginata","melinonis","microcoma","multinervis","nobilis","nouragensis","obidensis","oerstediana","paraensis","pezizifera","pezizifera.aff","pitmanii","poeppigiana","punctata","retinocarpa","rubiginosa","ruiziana","sapindoides","sertulifera","setosa","spectabilis","splendens","stipularis","striata","suaveolens","subcapitata","T18","T21","T29","T50","T51","T82","T85","tenuistipula","thibaudiana","tomentosa","ulei","umbellifera","umbellifera.aff","umbratica","velutina","venusta","vera","virgultosa","vismiifolia","Zygia.mediana"
"acreana",1,0.240697210416451,0.126933256588329,0.161214620801677,0.184193915969607,0.0770322692829808,0.155080993939829,0.170046903665291,0.146058738338326,0.135556419598257,0.134425410909772,0.065694859458431,0.0815281902086495,0.138961770002054,0.169464176075481,0.15779049321864,0.165175929410571,0.226529941019726,0.185109613774284,0.0675395409846768,0.161955443444559,0.139899286251035,0.167633569926002,0.218432325279415,0.113750631920362,0.13240316422724,0.113096700166046,0.163411132431667,0.146022671536795,0.154681565844948,0.140272490929032,0.105077245504512,0.203225530296681,0.0791150751312195,0.132453588354967,0.120959190814563,0.126022567607612,0.147975015377218,0.0870669736290765,0.115945481659788,0.111759581619272,0.180717804338004,0.0939424489268808,0.176504743524604,0.141967860531567,0.15313943426341,0.0770069115062102,0.123393212535619,0.107717804677007,0.0624189819149031,0.102179681529716,0.119654766642791,0.138031551979034,0.182130124312055,0.115756769532064,0.134717553811783,0.131792574370957,0.14796878570971,0.1409163592446,0.147532245809408,0.152270087530741,0.193415753971629,0.126689528780859,0.255027584725993,0.208256612228744,0.147285867456146,0.121711703523462,0.154184746752291,0.175551544444079,0.177972779491498,0.130097441989999,0.148488355035331,0.120382985310183,0.111907401682955,0.128915916895599,0.198394889218917,0.12700701008548,0.119780211728134,0.144286286781824,0.141481206197957,0.170422587388701,0.177620907281505,0.116768425025943,0.158094771624419,0.101252326275777,0.166995198670258,0.200086059993372,0.293732982263625,0.0962195334975754,0.178345862690827,0.203505763526397,0.100667650616296,0.140556921370197,0.188759700815517,0.113309989145854,0.0897586251011219,0.132259257297067,0.139363876136769
"acrocephala",0.240697210416451,1,0.217003538583746,0.230235762577184,0.216655049268007,0.134827848486243,0.172013675002532,0.191920430315054,0.179092290924619,0.16415200399871,0.232694389294431,0.0615875516029061,0.100439774592162,0.216040739598023,0.270206729486981,0.157675233521501,0.1527550739975,0.542481524201707,0.212032861221136,0.0971188992687136,0.191641674770339,0.251846177988799,0.20373466868183,0.235966860203176,0.218939360146337,0.133266082606082,0.131286219214138,0.164383140425072,0.171555394748048,0.261819705425555,0.167267682626141,0.20462668885682,0.270965404576826,0.107799231886393,0.171542431750056,0.190316140558005,0.247489498315498,0.20172248722153,0.107826886207189,0.126476563239428,0.237881808099939,0.290094247744347,0.121754763454613,0.155983651517045,0.182982653556658,0.207923692650054,0.0842035166265218,0.142103145849082,0.114753196036987,0.0857825998834377,0.117564735399934,0.19030733593871,0.259548598410976,0.16572567590977,0.22307197645009,0.154957372298484,0.190039811126825,0.195496072276311,0.160317557704395,0.200403943247982,0.252798856343585,0.288284679129639,0.251870373270653,0.231277321575173,0.181736668085366,0.220416726817034,0.118657196967726,0.208291160569774,0.217029134249625,0.279131835027656,0.225361881732577,0.166115767109959,0.157516048008853,0.167600356869906,0.144042708503922,0.296935721716465,0.168040991097535,0.138693180898243,0.137511372264021,0.220973957436637,0.24462368840937,0.162422870654011,0.116589491737752,0.253622251041944,0.108062967636483,0.154900008747865,0.202736837408207,0.281877633478321,0.103955852736435,0.181799703006856,0.265831608095466,0.118114271341835,0.110852587898452,0.187406074448376,0.128025465767368,0.121991751926891,0.171340378167228,0.196939906705366
"acuminata",0.126933256588329,0.217003538583746,1,0.167393717657516,0.15903339680904,0.117389780314439,0.132484403095047,0.145183878510689,0.139686116915408,0.11987738564373,0.146537946274756,0.069297874396995,0.0662139175346325,0.18767983169035,0.208036349783089,0.131403060827776,0.144478659254962,0.219043982310966,0.138052645436468,0.0593296723872714,0.152222097557399,0.17867238447115,0.160501893697753,0.164229814012842,0.170222468797717,0.14914695933853,0.134135804237046,0.118218541426365,0.169167002729439,0.154439362112987,0.178822607471596,0.148439151796764,0.181701880376557,0.0603767264581844,0.127965334045696,0.150068002742223,0.178348792801056,0.131496604641234,0.0853150699536431,0.0992366681127193,0.135873303826706,0.233735224875744,0.101855774435337,0.17880920184869,0.157924425704526,0.16776134182313,0.0696199181535304,0.152551270570985,0.0991221543015931,0.0429529702383568,0.121143671092244,0.169369341710684,0.179402650995167,0.130906424484665,0.124205904733619,0.14468122237837,0.121083565790406,0.150968786148432,0.144970656610053,0.177121526290248,0.187321305771097,0.163786019365642,0.17013182504475,0.117856212799543,0.197487165649119,0.157272600157619,0.127668701788819,0.137351082222587,0.220913614871308,0.235523956345325,0.169444025842216,0.15183996496192,0.137818189534284,0.189047527530961,0.113866992617276,0.210015561679731,0.1490492615714,0.106642042120397,0.112910255952889,0.154649101653236,0.196192882571251,0.146195372236078,0.132883754458488,0.187529145685337,0.108685395555748,0.153558456280791,0.15485401756588,0.164064417182567,0.082827731411064,0.127072613421421,0.168675673103427,0.100891789126064,0.0945776525698623,0.156352385756142,0.110881398712409,0.117692338458677,0.152887047365452,0.143543134297247
"alata",0.161214620801677,0.230235762577184,0.167393717657516,1,0.233329127677115,0.118510432567304,0.224165841149129,0.190686442997349,0.222326358318787,0.187340769008425,0.166159810516451,0.0777250788535042,0.0735174288779204,0.209984536621012,0.244580109090832,0.141231783833734,0.204217030889052,0.279839286537887,0.168210068527639,0.0878863410618818,0.190150254489112,0.196167308126616,0.170170576850445,0.27140482393656,0.290852200470896,0.163927208050814,0.186177317127169,0.143830005832677,0.26145655536655,0.220074834670704,0.184013799621739,0.189483441995892,0.233010307469139,0.0592889515228883,0.171545790293128,0.183262681276353,0.203106990369167,0.156086648738648,0.10748562051221,0.127283055944611,0.208786752371455,0.216702476602639,0.157665713269684,0.245560257478816,0.197721591141344,0.169519781875517,0.0830342176925012,0.201548334260616,0.116487327509194,0.0684480282036987,0.18329112677487,0.187087352102501,0.259584402365797,0.177725970140198,0.212358065771285,0.182020519523086,0.124736159156392,0.201445650363044,0.157247697687302,0.18377760744836,0.205470859946169,0.189848067979524,0.208407057924633,0.166000565579025,0.264346710900378,0.200832927871047,0.21365916104235,0.197613748628623,0.23112585017834,0.282096550614247,0.204612703633877,0.191829823372347,0.169977792621173,0.12081088497193,0.183257442245131,0.257458300784068,0.147833690272486,0.0854071430095479,0.156059802198371,0.203167853540721,0.236924227743895,0.262048391671671,0.19779998636694,0.24062228190549,0.13533867036758,0.164070118236409,0.227332664526432,0.166276147125281,0.13923863203971,0.179322065191962,0.193308936214587,0.13166083671906,0.11161990195361,0.223224549384956,0.181918767834521,0.108841490185912,0.167081091806487,0.332095304260838
"alba",0.184193915969607,0.216655049268007,0.15903339680904,0.233329127677115,1,0.125599210295664,0.199771982984981,0.200248751015116,0.183683254668055,0.259947821307456,0.274845471824657,0.179893705172565,0.206130657932936,0.19631326581285,0.229134963233864,0.160221611338139,0.165055292948629,0.262744160505751,0.180855953822444,0.0814570663467048,0.205866726055892,0.187624176176069,0.172842108023338,0.229719655500353,0.183602952697399,0.263474177708525,0.158201839000249,0.163596001580846,0.194622669660562,0.183721934643765,0.195920079534012,0.273876677974316,0.251716613087069,0.0762213880675095,0.313822735454266,0.185063098769506,0.20805945279547,0.162368099914432,0.114601432433552,0.127982419820991,0.272946324277567,0.244272942602912,0.133192189135925,0.209180597055856,0.218992044543072,0.174939467473872,0.189025470535451,0.179602903136988,0.260234043048595,0.163936240546606,0.15255395839854,0.200619757823155,0.212038910486264,0.179835661624598,0.148553521493315,0.182542662384721,0.157291713064601,0.212313793749845,0.294039547759769,0.188756303688975,0.214384767357692,0.216832215652685,0.184927720819914,0.196812367919518,0.22496864277621,0.217774310545047,0.160668944553854,0.200889872846518,0.217875364487496,0.257915924519213,0.311661506037344,0.167864245346452,0.184374186972867,0.133286103138091,0.175520883800658,0.244919423675631,0.173811075340392,0.140959000688858,0.150388789518983,0.201274320929959,0.210530598149248,0.248097590205256,0.141528579724646,0.181940258382642,0.115745332855507,0.178982644083158,0.20815093929397,0.173631607993198,0.132578267606591,0.336251127786744,0.197419949107682,0.220386634509116,0.11278403411795,0.224734684500133,0.135928711853735,0.219490405918956,0.193858339830446,0.195431570161866
"aria",0.0770322692829808,0.134827848486243,0.117389780314439,0.118510432567304,0.125599210295664,1,0.109411701429301,0.120487308900345,0.115648121517612,0.101981646551939,0.0986073472462387,0.0345349473480747,0.134315983338944,0.0974780678126838,0.150154760756837,0.0809623279139936,0.112002279403885,0.145375261437866,0.138282624460811,0.150762077453544,0.0863614377085278,0.187063369854423,0.138001930730318,0.117697911578185,0.104449537294427,0.103742854858319,0.120115993602544,0.125889090660671,0.104544665485166,0.129182424400216,0.0947269677332533,0.121273205296849,0.125848043720414,0.100812450296692,0.135828809330622,0.0858435808021535,0.171510726031915,0.0843963981543084,0.0562690224508954,0.0823500707593513,0.108180858357748,0.146914968940288,0.10185748320491,0.113800949476873,0.105056644466033,0.152989266149569,0.0511522266780159,0.0836247366764087,0.0544841948798734,0.112970473235988,0.0969014848088252,0.137326483384816,0.132614124162198,0.103112963308715,0.115947533230787,0.105022444119328,0.0633117449420415,0.116465025866401,0.0702488521412323,0.125064144915293,0.124498862015249,0.148312578610832,0.105517579644941,0.0767457203984114,0.103385849557959,0.183166312744323,0.100792503618845,0.173388249703722,0.125835956949219,0.164981214800909,0.105042869619483,0.120203600127984,0.116334833732116,0.0783862811850016,0.0825842653142522,0.131009449881167,0.0709984725132116,0.205098452727958,0.111473231437984,0.0944294693014663,0.128672107958891,0.148303287644186,0.109384673271011,0.129552012236135,0.103117805356077,0.078924432714521,0.133597161579606,0.100775936789438,0.0673387084841026,0.112466386409704,0.119248608576622,0.0615139404348713,0.0598205491334922,0.135570714042552,0.0869416239977903,0.0972468315694881,0.145048665440013,0.125248387996873
"auristellae",0.155080993939829,0.172013675002532,0.132484403095047,0.224165841149129,0.199771982984981,0.109411701429301,1,0.150422247574881,0.233640335716397,0.147767290711056,0.137032190808108,0.0617950235873955,0.0646576092617469,0.173363634540732,0.213363531046992,0.121626051012393,0.216459504155218,0.202175469834452,0.155134277064282,0.0684165243238,0.185264827675865,0.141462440404523,0.140400478164652,0.204851278933957,0.16982972957882,0.165995947297261,0.180477464451514,0.136869199286254,0.20262557475426,0.198085135396344,0.186438257493367,0.138661225350227,0.221617465086045,0.0498196554398703,0.141696536519993,0.160711379339706,0.149941957391039,0.147384409819342,0.104858748912942,0.118005369587189,0.148308739261205,0.198243055867512,0.175813483024212,0.222950755226019,0.181695928188688,0.169896441221011,0.0876241839885309,0.337744706341707,0.10884635674305,0.0450416455936947,0.187470609429996,0.196849464140352,0.211601781705382,0.216315766605816,0.174761697784989,0.180535180732297,0.121202605572663,0.197476897641539,0.15681952314522,0.179123957020662,0.197329098148151,0.167846532334163,0.18954087896062,0.150233442744722,0.224673479874525,0.169276182894756,0.178724019213155,0.172185881017584,0.189759042733956,0.234253311588793,0.158043900954412,0.164162366142104,0.178919650932156,0.110180164572447,0.156843652450168,0.221612519911331,0.121197206243228,0.0921297906967396,0.125986304911118,0.192884026352531,0.182680873311751,0.188708622665796,0.179266699389073,0.201264892270381,0.15069869471468,0.141992525728764,0.19349859669363,0.155461721765331,0.137801997104582,0.1642009833069,0.142975316466165,0.0873881885034666,0.0966443949228044,0.181141788907453,0.325350376269056,0.0925936890823287,0.156618236955681,0.215058893459704
"bourgonii",0.170046903665291,0.191920430315054,0.145183878510689,0.190686442997349,0.200248751015116,0.120487308900345,0.150422247574881,1,0.22932262553611,0.182180770287662,0.166985161544972,0.0544513326209636,0.0919995082390313,0.208277830994981,0.204710788690582,0.126966368560194,0.169199356079968,0.221573890506158,0.199695400961379,0.0930832018522189,0.183545595259117,0.159572251910679,0.194887279897292,0.192446182357625,0.156270183971562,0.178841582091285,0.142647500848051,0.185064866201361,0.172301428066089,0.160751948607207,0.158699144919811,0.163616072355719,0.22864868034908,0.0845377095056135,0.168767502676265,0.171766204984068,0.196667466406668,0.175144059973352,0.086323260860497,0.114939227807812,0.157040235012694,0.22494406992017,0.125960090309737,0.16470759521967,0.17481933611031,0.217222536881465,0.0838311138181195,0.143126413106101,0.121297141359408,0.066700387408453,0.145894189081784,0.151923696336221,0.210685796296568,0.155863667905456,0.178463877784601,0.178539972127828,0.113034514011322,0.253502956010062,0.150009158745243,0.162791600024582,0.200781684868553,0.158111707933796,0.16198652122547,0.135395346218774,0.195028673701664,0.214783656135363,0.211714794469611,0.186815873910279,0.194606390750041,0.191526266690234,0.169542071164882,0.171847448678427,0.164986969002469,0.127055573083508,0.201006954868271,0.193481466481286,0.128866319335255,0.121334948927171,0.153195720006557,0.150611757773339,0.191750876360843,0.188553596900982,0.144586814817691,0.193144572906451,0.123905451437912,0.13494911076588,0.233562384749506,0.224571410782288,0.132270448440171,0.181174916720681,0.182903274590807,0.0993855676671075,0.114583983826071,0.177282050729136,0.121289095952777,0.104244109450194,0.142111864716244,0.216112372102609
"brachyrhachis.aff",0.146058738338326,0.179092290924619,0.139686116915408,0.222326358318787,0.183683254668055,0.115648121517612,0.233640335716397,0.22932262553611,1,0.183803863084967,0.176908842401332,0.0835976150476794,0.0671860350498621,0.2818054195671,0.424757805819794,0.211010772052615,0.25477439140352,0.216727284915407,0.185323617686328,0.0617490060161032,0.173430161976457,0.157415693050892,0.140746769109456,0.183422967488398,0.175416143811713,0.183163236716974,0.178732011334022,0.148259199599508,0.191949753572333,0.193570861257266,0.147487651083818,0.182902459606616,0.233503227710298,0.0550314159602959,0.159451437594311,0.194193164276733,0.18856547665888,0.170022796541872,0.110982702239323,0.108947860604731,0.273265982948047,0.215878953260125,0.16709291277544,0.179508930078747,0.203241557379365,0.183745951360027,0.0750859053488479,0.166352028185163,0.102262918707592,0.0340537859794104,0.202687543433662,0.170147144401971,0.202254894303279,0.196711996245426,0.196653663720577,0.197767146022617,0.149495616828394,0.235475841843643,0.146529502484193,0.165513791781014,0.180245329348465,0.163537525644713,0.207139227860723,0.163648015619176,0.245046221784434,0.175042065023611,0.253886115031744,0.168369395442293,0.213171463855098,0.266948330203145,0.167784741967774,0.184654847224824,0.208820740067486,0.119570974224417,0.23022256489514,0.289671042481062,0.105893430172595,0.070902116062248,0.148948049386033,0.210528142895194,0.212861774215572,0.223155119101499,0.184030734531277,0.210903014629794,0.184008727881587,0.157315737011181,0.212950508109108,0.196768497044252,0.153114164313817,0.177587137436294,0.164242127859925,0.0970904653439076,0.10340896722037,0.174259013587222,0.152811071336562,0.0987283317671631,0.148271629719292,0.345966268257689
"brachystachys",0.135556419598257,0.16415200399871,0.11987738564373,0.187340769008425,0.259947821307456,0.101981646551939,0.147767290711056,0.182180770287662,0.183803863084967,1,0.344424803390726,0.202546197698467,0.164427543242594,0.152464679265178,0.169749417366541,0.112515891188959,0.143675612579581,0.168000345483524,0.163053956513959,0.0717231074347928,0.151188442506652,0.173304209673905,0.13984855567663,0.165310458280863,0.13623408929749,0.27583749958937,0.156405338106341,0.120469824201722,0.146348420277804,0.14802244174132,0.115566423380818,0.385832463621822,0.165866345079036,0.0554155462777858,0.322756756399743,0.127155423402413,0.17042553350521,0.137415704649786,0.066335765631443,0.114003272263104,0.357187398390867,0.167732801863845,0.119770199785667,0.145362726625769,0.162101530340902,0.134654777796237,0.323678706234602,0.125886877061388,0.242601421790636,0.178584350311826,0.138214972457377,0.186998548314412,0.16088191106716,0.122380362354271,0.162025096300501,0.165429972808019,0.112716781421536,0.153641953142,0.293613435513854,0.144259313316596,0.17885310442361,0.128884040033945,0.139628704014482,0.106876490209418,0.197167387096147,0.145418410182236,0.138787282677666,0.126865201526757,0.183450329106213,0.173190956857267,0.333389868272938,0.129877992400033,0.127054674008922,0.10500929113828,0.131926927221221,0.163955180478606,0.118086154428316,0.0820661293034321,0.127132091256225,0.171137713467381,0.185725423765208,0.157093492295888,0.149017859882982,0.166506890539089,0.0825169420739651,0.131675489049708,0.168467229871642,0.166916483593021,0.0912165072638715,0.258667953632459,0.194760480174569,0.257546156570136,0.116391056656557,0.141315313459397,0.10570470459947,0.311765661304783,0.159237498686612,0.180253257420999
"brachystachys.aff",0.134425410909772,0.232694389294431,0.146537946274756,0.166159810516451,0.274845471824657,0.0986073472462387,0.137032190808108,0.166985161544972,0.176908842401332,0.344424803390726,1,0.204278436081534,0.156963273305727,0.188458325421621,0.221494974256915,0.117645623018401,0.129220488823617,0.249990013915827,0.157715341375887,0.0538857603738033,0.165789509626123,0.228579136410677,0.127020923833379,0.162806984868266,0.198352018085679,0.317642864893055,0.154155503267275,0.135319333322021,0.125532188603034,0.202678895403817,0.118519743306585,0.516317026572879,0.291547829382346,0.0763039622363127,0.348121240352023,0.204203135485446,0.30371274762419,0.146878707206354,0.0752914152566901,0.159321506067075,0.396640515252049,0.235575307943944,0.119958911215833,0.139153657341126,0.178408171339242,0.166251240396482,0.287894202895832,0.120404693040097,0.2329465840688,0.174849337351022,0.156520667047434,0.168741372748336,0.200193429393475,0.145781492069618,0.186260722982244,0.139985731373843,0.136115593651077,0.151873905637132,0.232545576255538,0.186329268554149,0.186022089318407,0.222085719829736,0.309653014639021,0.169407935283863,0.161260247695744,0.193442072856657,0.156382907354622,0.137079696982532,0.203137502520345,0.213529431454661,0.354638572105713,0.128188738292924,0.164767946276476,0.130208479839425,0.157611298405266,0.23944871180468,0.134207290248013,0.0582986794892662,0.231299322895716,0.261419737313858,0.282187553050818,0.19927086830537,0.119022633084918,0.270078713972051,0.115181928577753,0.124544005006539,0.151157314237984,0.378429025652612,0.147626795032533,0.271210696918871,0.16765670601493,0.303670091914299,0.0846932737341679,0.131570611918663,0.124968603919776,0.279366288939513,0.134104952982638,0.195312257284633
"brevialata",0.065694859458431,0.0615875516029061,0.069297874396995,0.0777250788535042,0.179893705172565,0.0345349473480747,0.0617950235873955,0.0544513326209636,0.0835976150476794,0.202546197698467,0.204278436081534,1,0.124895805811401,0.0689741336207685,0.0633017384833249,0.0539971058782049,0.0767364535884364,0.0719114477975503,0.0518262904256461,0.0274987743907511,0.0775487836436914,0.0527966697589449,0.048269870727912,0.0907750454368645,0.0580236237572218,0.195502573487109,0.0583523234905283,0.0706771412715551,0.0820457510785038,0.0634200701058934,0.0671695827980703,0.208362209098272,0.0717725454500517,0.0150775262815104,0.230691446956877,0.0629328995712438,0.0573736902476695,0.0727260623941196,0.148072260678638,0.0461477310417574,0.214355184759205,0.0665626469366014,0.0554343928945957,0.0684769301301963,0.0658937202238175,0.0668110032650631,0.199177914527365,0.204260423715833,0.202960117523112,0.1611431955817,0.0637345081522511,0.0608329018710273,0.0672318264448519,0.0594870133386782,0.056325732672654,0.0568835907218051,0.0646933396905375,0.08479791904936,0.183497113464479,0.0605418307174678,0.0665259099281884,0.0628735223813892,0.0532923286695582,0.0670772641483067,0.0777020198945039,0.055627127060543,0.0579491988671255,0.135062501902994,0.10371341802152,0.0726459481917163,0.22887919936055,0.0683138400644944,0.0480298121308107,0.126373905026342,0.064857690517097,0.0754956945521144,0.0615418583052017,0.0495811384034507,0.0595113543008298,0.0710366786211764,0.0597568743187837,0.0977886547073432,0.0634551606850242,0.0572103736747366,0.0675779196544598,0.0745725718386758,0.0774359822598383,0.0538129155858487,0.0546810369813835,0.194315781580108,0.0689809738912192,0.207383242338714,0.0379467350730788,0.071429219975376,0.049497983723836,0.188966851356256,0.0601106818626301,0.0677298684136122
"brevipes",0.0815281902086495,0.100439774592162,0.0662139175346325,0.0735174288779204,0.206130657932936,0.134315983338944,0.0646576092617469,0.0919995082390313,0.0671860350498621,0.164427543242594,0.156963273305727,0.124895805811401,1,0.0643987211038884,0.121174687805138,0.0711756472464368,0.0615502081711401,0.114098590724615,0.165461948661672,0.167422095346883,0.0838398040046585,0.092966172475184,0.167155966578117,0.101364287086817,0.0640352299917154,0.150586330807165,0.0546852421397226,0.119579183177203,0.0852087735556554,0.0635049584707132,0.076394026032833,0.15033061126337,0.10135344736197,0.264966043627931,0.180064171174817,0.0694511604260167,0.125335836238914,0.0529548456867939,0.0548282827400961,0.0605306776512508,0.152501957159361,0.112240876955217,0.0581533178676226,0.0659835152043056,0.1377463512043,0.141601151252857,0.143197274916657,0.0585444907497469,0.15104132380085,0.266053859766633,0.0567516790660858,0.0820257949764852,0.0809006177897663,0.0740012362945561,0.0580041778523448,0.0648537880780631,0.072715635007832,0.0794995427474906,0.172267768219471,0.0684597352926927,0.0920276978292698,0.104430991353435,0.063512421227807,0.0836664060882256,0.0975066197641243,0.185638713849647,0.0491520349828681,0.19182710959646,0.0855092799008522,0.14902417300194,0.177974141095654,0.0869438865043756,0.0916866174773748,0.0685334091151646,0.0713761188739237,0.104569838189487,0.0539054630047436,0.237918391612444,0.0600359884244749,0.0901140215058284,0.0690511703871188,0.106729332788012,0.0489626898689466,0.0732445141187237,0.0470609326953494,0.142910364702621,0.0922344121537394,0.0580621042899289,0.0385638411274657,0.206336649286259,0.119123663380198,0.157747406750013,0.055248766758981,0.139226838055013,0.0680568669707522,0.170072413011664,0.0884232376624964,0.0692776257661255
"capitata12",0.138961770002054,0.216040739598023,0.18767983169035,0.209984536621012,0.19631326581285,0.0974780678126838,0.173363634540732,0.208277830994981,0.2818054195671,0.152464679265178,0.188458325421621,0.0689741336207685,0.0643987211038884,1,0.373159388643497,0.3052352436464,0.158056041110255,0.244464028937065,0.163690257223545,0.061990997173911,0.189180213933657,0.197225599882738,0.149046727269529,0.160995260423271,0.199270044077351,0.193676950489999,0.161861529093026,0.111221719046271,0.173705796206478,0.196021962556518,0.166518100990939,0.203223412871566,0.256957694789357,0.0602130019739758,0.165575806296856,0.279156501256381,0.195714344929681,0.165237110811745,0.122802937063974,0.117441131918946,0.180902124918757,0.238144357896493,0.117496416773781,0.170991633890641,0.277131482346576,0.146347077436567,0.160211688307828,0.175331952375595,0.153545831812141,0.0354382053224103,0.151802422069659,0.219836282562855,0.190005074473356,0.215160155661319,0.190379932289677,0.16974730220078,0.144685793180042,0.296721713351903,0.137095782504531,0.184670428796374,0.191701855994159,0.183552316789668,0.201754689809886,0.193345047062218,0.208515848323814,0.193164399559071,0.234299253896091,0.152779034326589,0.209627949089847,0.237246283171044,0.206804183222185,0.145217401812649,0.25763313509096,0.12988685648658,0.276123060441808,0.266244932161854,0.148625441861754,0.0791495140386038,0.131803577033334,0.233030766137202,0.270051109803687,0.208036667770435,0.151752639727933,0.293283395655461,0.114658119581797,0.147134099068989,0.169623592469277,0.195634728653268,0.122072116789133,0.153330172909352,0.195704700751812,0.113228416050849,0.10059313838505,0.166469875318835,0.183228569182579,0.0959749182783993,0.216897699128201,0.213496293025392
"capitata33",0.169464176075481,0.270206729486981,0.208036349783089,0.244580109090832,0.229134963233864,0.150154760756837,0.213363531046992,0.204710788690582,0.424757805819794,0.169749417366541,0.221494974256915,0.0633017384833249,0.121174687805138,0.373159388643497,1,0.27752922709667,0.25606839881641,0.291575534943796,0.249896687381036,0.10119122237041,0.209241219724534,0.222998695068597,0.20444897160162,0.256538299790322,0.191127643600529,0.212477991975356,0.177920343575153,0.200051286672438,0.200740606483431,0.254297661569217,0.18715649174987,0.195020699652383,0.270186136861137,0.109438677012965,0.180521932868923,0.237145807692697,0.258466042283908,0.148486368644434,0.111138899102872,0.126641185427233,0.216700744199579,0.293731522070311,0.182585614198339,0.188372308338928,0.257887074959175,0.250857115289433,0.159643112845152,0.192138322938127,0.124444345277388,0.0949208549339736,0.179947216220275,0.203104637151995,0.236678012346607,0.208987515502537,0.167379181415396,0.196928895951403,0.168817887231901,0.214058238488094,0.148473502880959,0.218875411937379,0.211415671475473,0.247068641199911,0.209785415184388,0.222483207147574,0.259729521920115,0.260793907986126,0.172064499046898,0.231902932001586,0.246135093239769,0.344272881419837,0.215543220329512,0.227487612230814,0.28797678406417,0.177157445484828,0.189826810916032,0.325780793220575,0.142148144905006,0.135111046579521,0.148288561519718,0.249804046301854,0.240736519333375,0.245160197813129,0.144261468397736,0.264458150415041,0.21834043167248,0.196961221319617,0.223477800199761,0.233119585445409,0.136559053845387,0.2051127310571,0.251053120080245,0.119378611420686,0.113894557745099,0.206754096585277,0.246495492903748,0.127432099061145,0.204911918166895,0.227296737145951
"capitata35",0.15779049321864,0.157675233521501,0.131403060827776,0.141231783833734,0.160221611338139,0.0809623279139936,0.121626051012393,0.126966368560194,0.211010772052615,0.112515891188959,0.117645623018401,0.0539971058782049,0.0711756472464368,0.3052352436464,0.27752922709667,1,0.131416984500967,0.169992867189135,0.125814415948612,0.0534634975823336,0.139258912319118,0.139646754494168,0.110284254347514,0.141223369343771,0.109575794452292,0.133172664498209,0.10259521692181,0.0992816016457626,0.133093258110202,0.134743212925327,0.132030198024554,0.107732268885954,0.162992974642874,0.0462409111958588,0.126874021336296,0.142231031445093,0.130377498949886,0.0909425545038099,0.0935577688698898,0.100393068925865,0.13126354363059,0.145195545985484,0.0814962420488926,0.134829168763936,0.154491161954021,0.11353350102101,0.0976421951834634,0.111255004605571,0.122532441132452,0.043139862569142,0.0896028528621206,0.135138976367629,0.120222537727173,0.118641796652443,0.0954105867505827,0.105444152780843,0.145746443779369,0.164245039581006,0.124965028965094,0.158083086107225,0.146315338823422,0.176945779513836,0.107993450556658,0.149341159621641,0.155246306510019,0.145511489589165,0.0963537111343922,0.126893842380748,0.144808244112317,0.167691768271406,0.155425075233996,0.133936453483355,0.174683614089327,0.116363862819399,0.15441260296259,0.168986655118831,0.130307007600598,0.0871142238688579,0.106311500249076,0.146126203785702,0.155809944350477,0.145791638352429,0.0834172026775719,0.156880474166188,0.0833259028888413,0.118057722101079,0.142210994033125,0.120253981315967,0.104157454180173,0.125093728322558,0.156135956075014,0.101385779189445,0.0940664677569568,0.137236789175597,0.112217999277898,0.106002483396586,0.170988865462251,0.123137064943025
"cayennensis",0.165175929410571,0.1527550739975,0.144478659254962,0.204217030889052,0.165055292948629,0.112002279403885,0.216459504155218,0.169199356079968,0.25477439140352,0.143675612579581,0.129220488823617,0.0767364535884364,0.0615502081711401,0.158056041110255,0.25606839881641,0.131416984500967,1,0.180326728952041,0.167581539682487,0.0843107884271571,0.167202186314815,0.127406628287245,0.150332316560445,0.221481758496953,0.166471421743037,0.16561709349772,0.17200959506544,0.120713982901377,0.206713545461433,0.190652708654574,0.149265878775549,0.121615482621094,0.183275814434213,0.0550858795190357,0.160670744049855,0.167113079320301,0.159666042829228,0.176930011089419,0.104224314062321,0.100310841950786,0.127827588302399,0.187593771787216,0.184276492735569,0.274654492055827,0.203216908566003,0.181634246394341,0.064221342338588,0.18531371911375,0.0959013446850948,0.0461501760372119,0.182948691837941,0.161679009509692,0.180859699727561,0.229199341657426,0.155322298564482,0.169164345758393,0.0927185558457476,0.165366939871409,0.157088293158008,0.154177300947252,0.193118101895622,0.122064437420155,0.166716839996015,0.157880247676373,0.203405378345585,0.164411089394268,0.195498825935161,0.190567006227214,0.204287823927352,0.209364388209624,0.13511507744793,0.172053086132114,0.177174374575081,0.0937728987575483,0.160438117642192,0.185058441782415,0.118518731750879,0.0847350595222543,0.146697590712702,0.151109942446934,0.184003798858022,0.185822754894651,0.192124939997476,0.161969962905204,0.273064609639078,0.138731778690935,0.1779407119967,0.144460629285049,0.140161869393939,0.183827313299937,0.157960848761983,0.0884573506351692,0.125201267214225,0.166913637216041,0.163695393681224,0.079000060771492,0.142480800688826,0.196339843752395
"chartacea",0.226529941019726,0.542481524201707,0.219043982310966,0.279839286537887,0.262744160505751,0.145375261437866,0.202175469834452,0.221573890506158,0.216727284915407,0.168000345483524,0.249990013915827,0.0719114477975503,0.114098590724615,0.244464028937065,0.291575534943796,0.169992867189135,0.180326728952041,1,0.231910139627451,0.106912301089768,0.187483319437171,0.268442876785731,0.227217677673323,0.251244027522477,0.238280827828506,0.173601718569937,0.170000327950236,0.172229933699658,0.198593289585514,0.276562409344123,0.193772186545155,0.241326018368678,0.319259799482339,0.103582933061561,0.185461524619498,0.224974648221387,0.291918997886366,0.194293774950444,0.110112861030982,0.133730252211272,0.258167947504521,0.297545882562604,0.147640734946262,0.256097355876121,0.211873075232884,0.241620016094183,0.0868513770340475,0.20205664000433,0.122526113518754,0.0789748240190977,0.186309888089943,0.22439992951258,0.336174437818308,0.204808455827364,0.239532739606203,0.171823863176726,0.190788631482258,0.223288556111141,0.168646970708341,0.215411150414577,0.307211673440207,0.289856720072113,0.238814695718485,0.197399292568938,0.205800364632596,0.257740247251568,0.217609460887838,0.225726071277162,0.229436723717961,0.310765701729952,0.239395246074524,0.189504870031467,0.18609509764233,0.159965853365042,0.169977639682204,0.306734908060931,0.164293789201906,0.131078154418603,0.161333624539715,0.223766321669833,0.275070017218255,0.198157972631583,0.155155284448325,0.279767216224782,0.146109981221517,0.166096371509749,0.229652270727966,0.289892627808573,0.134535949658014,0.175864579528072,0.289039027303304,0.125029768137891,0.118248282320396,0.251311496670896,0.155188486995516,0.119786036564926,0.168112299152592,0.256970686624587
"cinnamomea",0.185109613774284,0.212032861221136,0.138052645436468,0.168210068527639,0.180855953822444,0.138282624460811,0.155134277064282,0.199695400961379,0.185323617686328,0.163053956513959,0.157715341375887,0.0518262904256461,0.165461948661672,0.163690257223545,0.249896687381036,0.125814415948612,0.167581539682487,0.231910139627451,1,0.207163147044205,0.157633064777584,0.190462073216809,0.367601730929831,0.200399588278552,0.146260806722268,0.13438194979861,0.151505351558737,0.193608094595743,0.161472500890688,0.171080070170775,0.138483845985875,0.154544985288323,0.211383032848262,0.190233768487456,0.189618010680545,0.152593027366027,0.251743871072242,0.132875417706317,0.0771870139509956,0.136409960194829,0.14530068188855,0.214281867296872,0.126220327996128,0.184471077984744,0.197937319317674,0.295764289476738,0.0696622337298526,0.137508809629971,0.105684186977779,0.317150075706782,0.165389157056689,0.163534182882421,0.187243312014212,0.224980663436213,0.143185471991108,0.140577460662872,0.153789698474036,0.205690990735498,0.137669328277367,0.179903586695276,0.225543203373855,0.175876841789665,0.141510043886597,0.152195963774004,0.216921641622717,0.325075893102367,0.143141531781894,0.332696701133136,0.189872565021479,0.235067702467427,0.191583001941418,0.164191838134144,0.190671767596366,0.127429119356294,0.153494469104864,0.207485712004671,0.125400574308322,0.226018055878445,0.161213290297249,0.174353349787748,0.180678743808896,0.158946388578351,0.128200030446377,0.206401471567384,0.116175963991878,0.161740930622761,0.166052781198884,0.176670586978736,0.0949574784485485,0.166417919350601,0.257615108432249,0.101705072347186,0.130225073336003,0.188307452573795,0.118192949464194,0.129943533188181,0.164112331788412,0.156133277724897
"cocleensis",0.0675395409846768,0.0971188992687136,0.0593296723872714,0.0878863410618818,0.0814570663467048,0.150762077453544,0.0684165243238,0.0930832018522189,0.0617490060161032,0.0717231074347928,0.0538857603738033,0.0274987743907511,0.167422095346883,0.061990997173911,0.10119122237041,0.0534634975823336,0.0843107884271571,0.106912301089768,0.207163147044205,1,0.0754055857431212,0.0881770348466362,0.186884430921113,0.111187863809153,0.0638924051762093,0.0692155348806964,0.0674607231550067,0.105754443066531,0.0857493866456172,0.0836200731789557,0.0726306284605504,0.0534654454276166,0.0951176990430293,0.215075015481575,0.09807684265897,0.072090427150237,0.139259580498692,0.0582404092064784,0.045280969975196,0.0642934327537225,0.0546802189600238,0.121451563568858,0.0701627982825415,0.0950190406172431,0.0810770661738887,0.120784501905079,0.0420277799781191,0.0634499679863257,0.0474680289435018,0.285225293688545,0.0513878809191086,0.0767806855137272,0.0864645105141299,0.0804952768984156,0.0483656191593753,0.0666725588072862,0.0590924952465282,0.0810515705021995,0.0587068717937549,0.0629586341622838,0.0949533980536436,0.0868283681426243,0.06235184160472,0.0694343110097171,0.0744530096248902,0.326458807392282,0.0620752105286206,0.191463801490616,0.0872980942192304,0.123783013061019,0.0851750624550153,0.0820290048751794,0.116607833032836,0.0503143306532498,0.0653626696234276,0.0995016382644187,0.0400444594329016,0.209414261573712,0.0708959676624165,0.059357281409259,0.0702675512230925,0.0749781941619324,0.0577773386386379,0.0736279823632309,0.063134852430994,0.0780757946159585,0.0820425708285233,0.0525333346923003,0.0368583132881809,0.0833255835533402,0.108968549654283,0.0484158362772458,0.0828970428912861,0.0906756486761368,0.060298025875808,0.082433389527959,0.0753254505337835,0.0738937374663654
"cordatoalata",0.161955443444559,0.191641674770339,0.152222097557399,0.190150254489112,0.205866726055892,0.0863614377085278,0.185264827675865,0.183545595259117,0.173430161976457,0.151188442506652,0.165789509626123,0.0775487836436914,0.0838398040046585,0.189180213933657,0.209241219724534,0.139258912319118,0.167202186314815,0.187483319437171,0.157633064777584,0.0754055857431212,1,0.1639233932373,0.169304065306885,0.24157900195365,0.16330038294864,0.158837891150113,0.141227881976341,0.142725077498815,0.204037496224512,0.178218124098619,0.187555388283978,0.116054016155852,0.183300467757856,0.0602082390191601,0.192644955115076,0.165123185280257,0.140070362293194,0.14033883518492,0.119840256575506,0.116554373003671,0.140319364523587,0.201880866467592,0.120058407514254,0.164672045719936,0.181735282228681,0.153091163941431,0.0922660946772447,0.154695954516219,0.110462855269566,0.0506646423288855,0.13053848028965,0.171282937337468,0.166098413043857,0.175636171142512,0.144808844660083,0.18079807765534,0.137071155058763,0.168159194313947,0.164511524160954,0.159647331011274,0.194386303741367,0.17247699852217,0.154683162630265,0.184505046208975,0.214301261191663,0.17069091702014,0.140059153974161,0.161123598549266,0.190084908098703,0.19674013494295,0.161433532517777,0.162511020774847,0.157036894561908,0.126635201849321,0.207903736072757,0.215168190898235,0.136712064534064,0.0906939831786547,0.132216684881172,0.186027933726335,0.17342019954865,0.171757642389493,0.137294498419652,0.194066041886544,0.117829225126438,0.187149147273162,0.229225010208131,0.142626386873759,0.135754220360751,0.174032751992568,0.150329823173239,0.120254452939785,0.103220108083566,0.153654722538259,0.123285785001562,0.109038897336277,0.172376205459078,0.173522443043175
