"","acreana","acrocephala","acuminata","alata","alba","aria","auristellae","bourgonii","brachyrhachis.aff","brachystachys","brachystachys.aff","brevialata","brevipes","capitata12","capitata33","capitata35","cayennensis","chartacea","cinnamomea","cocleensis","cordatoalata","coruscans","cylindrica","edulis","fastuosa","flagelliformis","fosteriana","glomeriflora","goldmanii","gracilifolia","grandiflora","heterophylla","huberi","ingoides","jenmanii","kursarii","LA17","LA41","LA48","lateriflora","laurina","leiocalycina","leiocalycina.aff","lomatophylla","longiflora","longipedunculata","loubryana","M18","M25","M27","M30","M71","marginata","melinonis","microcoma","multinervis","nobilis","nouragensis","obidensis","oerstediana","paraensis","pezizifera","pezizifera.aff","pitmanii","poeppigiana","punctata","retinocarpa","rubiginosa","ruiziana","sapindoides","sertulifera","setosa","spectabilis","splendens","stipularis","striata","suaveolens","subcapitata","T18","T21","T29","T50","T51","T82","T85","tenuistipula","thibaudiana","tomentosa","ulei","umbellifera","umbellifera.aff","umbratica","velutina","venusta","vera","virgultosa","vismiifolia","Zygia.mediana"
"acreana",1,0.11847282044117,0.105207411664907,0.160363049398924,0.171249887249028,0.131499526528339,0.204093446606131,0.146141683743284,0.227950080789855,0.180700080387956,0.139345807055754,0.121693184956394,0.164812638013497,0.156044403946182,0.19597970493928,0.229446795475959,0.207925070129376,0.184334978888701,0.137348647042559,0.161259547366003,0.150153139410781,0.190830974032188,0.172545126762965,0.173048496585434,0.201441022576843,0.326754452839056,0.109924981396528,0.218111808469064,0.266315044321608,0.147007500110474,0.255432152598676,0.152188865394351,0.258004221408312,0.203890810678128,0.151427346115639,0.102833694771318,0.182044595541355,0.166671778363952,0.152924424780333,0.13931150128729,0.148613739059677,0.190712638658006,0.261674534383957,0.181246170605731,0.321842831003697,0.137416355692024,0.0854936941246485,0.186727665422287,0.117245019154658,0.127100326443144,0.156457815567868,0.106217771505829,0.174399534902034,0.105627794881519,0.193864172273312,0.185010321103126,0.217210951994163,0.164025085419461,0.186259073550445,0.182134451063198,0.181697697273097,0.198512126658546,0.199064341730425,0.185571244671173,0.231084158734363,0.212051809636235,0.124814001850246,0.181248892120743,0.137481224633429,0.227502295577671,0.104493046201397,0.235882287143637,0.190469214100861,0.243284071129133,0.146325942005242,0.195166747638093,0.187771206041206,0.0579296178995965,0.197337057637347,0.18213611017676,0.204127558305679,0.177605528862538,0.190341699739684,0.243509637861791,0.0924751072526,0.16339163381299,0.171593674914755,0.156492316353548,0.100135390237401,0.201235157633519,0.101371043302326,0.109824500412308,0.162608918910266,0.233790188079663,0.186091923870497,0.0807089911971318,0.189657033307578,0.148355420353677
"acrocephala",0.11847282044117,1,0.156813508001907,0.221798698585021,0.285946347841911,0.135222070274187,0.298883208494785,0.125515273710781,0.228552667113317,0.142621350811219,0.180197926605117,0.102465708266555,0.15013313103616,0.196067571730571,0.168592528867012,0.138768059387261,0.131377795678332,0.375595169173075,0.121190077269788,0.122240608499118,0.184928672276145,0.152085352487711,0.247084014180719,0.21431792861842,0.152906921054143,0.0828929004493733,0.120102534608929,0.154753641768446,0.179863155434337,0.213691035975047,0.208821699461443,0.100273966005046,0.186098758354227,0.127021477577021,0.149462525372928,0.162408244650391,0.0837424553918898,0.122522662930225,0.117764417697279,0.104896739247361,0.150844113212651,0.15275821180903,0.163839001706966,0.187671428593749,0.119129210785013,0.142131585821685,0.0887641737474715,0.242562110599414,0.127407529237915,0.114128723066614,0.134907691773413,0.159976493903458,0.167381285740402,0.249463020284694,0.158274623503425,0.258094325782109,0.189152423453738,0.141088685596686,0.120756172038584,0.127962208834199,0.181023090702901,0.184029959317705,0.204321800834987,0.175899601217658,0.191101507862595,0.175244480457865,0.10842948683823,0.224031385192777,0.299314494598619,0.255476978502775,0.158015480881879,0.105788890407996,0.153362972011534,0.13178764644561,0.182512919079167,0.24458566837487,0.130147449827415,0.117744928581263,0.150008691114417,0.132257214339935,0.187971107388848,0.204193424405386,0.153696921341023,0.169245507825215,0.12115939536711,0.127303827059912,0.17458715900564,0.137958564481863,0.136333450551445,0.159011499788371,0.142788847671627,0.14074510342881,0.133104290677534,0.120552926005388,0.16234807139564,0.0665174744281729,0.12324441719289,0.193388449550837
"acuminata",0.105207411664907,0.156813508001907,1,0.167469969595012,0.127573820149887,0.193921431489867,0.294782808570607,0.125832099964225,0.167228240983937,0.0935193545583757,0.131374405799251,0.0937869051813904,0.0805696606956043,0.273503997204033,0.108569863265582,0.0967941500986896,0.0942279094104265,0.107393318761135,0.0991075366984903,0.0747221807568371,0.166249112020282,0.0900662555424246,0.0882669974388685,0.140910789547946,0.094767580706539,0.0922064157155994,0.0752292726202651,0.091441308858008,0.0964885736199221,0.194272059548474,0.108073505457011,0.104316646030735,0.121289392105264,0.099190287114693,0.112858079375943,0.227857049409893,0.0706193459065604,0.0950943110415856,0.0926303010036645,0.0702131612803929,0.121504063128444,0.147466264370476,0.0985171150004955,0.0992224849011211,0.10551381454075,0.1004355289678,0.124990248055599,0.151298072380661,0.0916890117220662,0.0811743276797275,0.137258809262863,0.283712226575424,0.117833419299504,0.0534547913016909,0.096967779823896,0.11787665602838,0.110143265848789,0.095634350695633,0.0948929915277029,0.0916304052755226,0.152741547715505,0.103833574107262,0.172311117658717,0.112600057759527,0.121551390965876,0.0987808008850087,0.0832726979880821,0.114197007456993,0.132326048887382,0.112862528702983,0.128715826590615,0.0869705559791374,0.105522680993219,0.111343707578231,0.35574833378558,0.104256792099534,0.0949909187676067,0.577942636704414,0.0945912641012859,0.0968715272758925,0.0999813375013164,0.137956954857269,0.0864053672412065,0.106212123719903,0.0997748779193376,0.0832724914840186,0.0917513974065376,0.102831913270919,0.050779285516661,0.111421718461233,0.110879085248014,0.105757540568261,0.125901507546439,0.081313604047863,0.0967285655723154,0.0861511945813233,0.0994083132393563,0.123858568466327
"alata",0.160363049398924,0.221798698585021,0.167469969595012,1,0.227540381503962,0.202830514254455,0.375784935057401,0.168311124846046,0.241589233978562,0.17178422223332,0.159356890539386,0.147866267236897,0.155325495704886,0.227859088420887,0.214438433251874,0.147581962016763,0.14696253373571,0.174034246339646,0.149295451270528,0.16358971954047,0.279697120477786,0.154179506186416,0.170709701853555,0.27810041432241,0.153340768564795,0.113208785635594,0.131693356985946,0.190943698735726,0.158225454298921,0.227580797428854,0.179137814563121,0.121182789390833,0.193616770697794,0.170882222654814,0.192195998777588,0.172911810917686,0.115782327574411,0.153011661141664,0.13462700419234,0.127215132871295,0.186834211905672,0.20830008146527,0.145992845616423,0.157423220107309,0.159343927259908,0.141946560588287,0.118045897605296,0.201869561356909,0.141258825327356,0.149685360776296,0.123833273603194,0.2332647841136,0.2339867856698,0.0901650117393875,0.176664545673541,0.154889026537649,0.175100745772849,0.149573051697236,0.195817015841853,0.142038028138803,0.208017554279596,0.258264612130425,0.309498913240566,0.198430223962233,0.209543267563286,0.231313224737986,0.163880004091429,0.261049072624898,0.299437213747292,0.213889328961689,0.17925583395123,0.179328825162422,0.214135173269018,0.192369611459078,0.211887823388696,0.169540600142258,0.159694442847883,0.139982646942608,0.162740686462321,0.166595133012606,0.170628962769915,0.232319922585789,0.139450860247584,0.211151819934317,0.105287799980985,0.146133656822704,0.167268300970195,0.209371953659896,0.0929944935693342,0.206062772880818,0.182886219551271,0.145165731435806,0.146434744368727,0.175078140154611,0.167326835971455,0.0831248290852375,0.161585008778756,0.260767393037501
"alba",0.171249887249028,0.285946347841911,0.127573820149887,0.227540381503962,1,0.128130910692284,0.21047943560807,0.11811953953922,0.249572259197247,0.353656908829768,0.267701075632857,0.250144019594086,0.275085406920353,0.165559183076243,0.234002728668973,0.170031063166712,0.154154172472861,0.212074381136889,0.135553090059386,0.172003528964716,0.177949812123404,0.246247841463152,0.158438516331025,0.209569057021802,0.209285724800703,0.267640223428316,0.11167644489859,0.188825540074184,0.148692730960109,0.19572017652654,0.256739972133538,0.215107248934127,0.271156676421988,0.171083179978682,0.28986803101548,0.114579386549796,0.111725557790958,0.14432047374983,0.14101245842306,0.137916928239872,0.266992680749072,0.191429299657054,0.184989258747324,0.229162169382285,0.142690486856125,0.144816429819079,0.202490118467377,0.260345611928456,0.273679918176755,0.228460192786869,0.123526114678825,0.136529182967988,0.254234438887636,0.176121251126184,0.228090667329021,0.200265934780735,0.158737910097344,0.213961568319615,0.284386173198694,0.138124227882958,0.180315751978247,0.211418300384251,0.209823130349452,0.193604598435758,0.229828444271586,0.210111377322139,0.144249746939471,0.229010747100604,0.311837913906176,0.265656721581542,0.251843520492083,0.158120416026216,0.204709790044178,0.17960900087603,0.168568994494793,0.185519598496533,0.175078799474704,0.07857447685719,0.162179946299767,0.181779503743964,0.227577124733917,0.27459651703318,0.251135314316167,0.168529856284297,0.110741796063859,0.163752373208093,0.201766784669789,0.156112802162935,0.101571688798521,0.321608935679564,0.14034706526125,0.227785567648749,0.185274042473503,0.133343587434529,0.219208793830374,0.168709986771074,0.163216165756992,0.247256464867143
"aria",0.131499526528339,0.135222070274187,0.193921431489867,0.202830514254455,0.128130910692284,1,0.277260055934481,0.157570841310197,0.179583936115086,0.136373140947356,0.169609840404229,0.113872184764973,0.101732517632539,0.213026653803135,0.130926595130876,0.0985332876877442,0.140747325995306,0.112888083913116,0.116877882667356,0.170540196372299,0.295808792102224,0.127859133162582,0.104466087182916,0.152099016222949,0.212506508879067,0.115614173759626,0.0913952359422332,0.125311581299696,0.108239787304364,0.306164882713833,0.114006893543232,0.0819497574801288,0.13888547734617,0.116871246522113,0.131624350739574,0.287617474963804,0.0978113706597895,0.187595179468797,0.0985241156239732,0.078658603494972,0.179967283352952,0.316809375132409,0.136374648575192,0.103936676726339,0.241176234559138,0.0915419582570932,0.131350941911852,0.177768080402257,0.0940038292351782,0.0978311021643335,0.224019738553532,0.211482635095248,0.204433556943032,0.06424748437033,0.142877658850002,0.199833125062697,0.121649936554114,0.100808051252005,0.130329679437133,0.0927034026680419,0.16806709298036,0.138705288771886,0.251423564617058,0.136662467805366,0.137747460179701,0.12884564008926,0.101543061638419,0.156905796093704,0.136337570927383,0.130508218925152,0.12003184589877,0.114261121106532,0.124563414169272,0.158246172859366,0.212611447003325,0.112833114494258,0.119149028568929,0.161715333013099,0.105917628824293,0.123683050514773,0.142390287848104,0.199099476515714,0.1204683742092,0.153269834919306,0.174825524768691,0.103206702539301,0.171109961641274,0.136749572449226,0.0608171668055221,0.158626764648985,0.125195476051591,0.153278764057204,0.176871905457231,0.103411501413057,0.112851533485528,0.0914926901583404,0.126827098623251,0.13630138287902
"auristellae",0.204093446606131,0.298883208494785,0.294782808570607,0.375784935057401,0.21047943560807,0.277260055934481,1,0.170229049919752,0.267932583165176,0.16031486862782,0.208108098176144,0.184938073486872,0.146951440774963,0.279430008993632,0.196451624286956,0.163213664271886,0.135740429007429,0.17284179557018,0.191807754957478,0.134963863391089,0.291232435908452,0.182715726638052,0.181398321015536,0.237410719781058,0.168288203751111,0.148457393300097,0.120389281895211,0.172149546952452,0.179358040177001,0.319903588386746,0.218233669341337,0.138613009184017,0.230750480283731,0.165640573372348,0.195869451437004,0.297523184845636,0.142661529250501,0.149554945967669,0.140763008112724,0.10884441171831,0.228945538799953,0.239147097872429,0.175765935676796,0.169033721677746,0.174646608349751,0.14573247366832,0.138493240488101,0.223658975025601,0.166838562337573,0.12697999374137,0.121972898747138,0.318957002149022,0.22286008435474,0.08472847652402,0.150697470234285,0.169852710240964,0.178720619154042,0.137041401609009,0.171405239116663,0.131246696794271,0.223828851155917,0.232240691981976,0.332469946258553,0.190496813113092,0.243767599650332,0.234676782120546,0.118476108882456,0.197263631999388,0.254265342185505,0.218750316007544,0.18930259523226,0.160181900604806,0.209721609874535,0.177279222376814,0.326494295339569,0.167921501234612,0.174568157124876,0.23660180158797,0.156536030924573,0.160328271261623,0.219967130551676,0.253527991905721,0.146147731383198,0.248333683833921,0.135659644095462,0.145840650753032,0.228874903597326,0.204392359071585,0.0884454339169686,0.193047774020821,0.154095919300012,0.144283540536906,0.15265006387293,0.189622017681825,0.168636536819954,0.114522796205331,0.192156134699985,0.219595171894174
"bourgonii",0.146141683743284,0.125515273710781,0.125832099964225,0.168311124846046,0.11811953953922,0.157570841310197,0.170229049919752,1,0.150052113339519,0.104304251031473,0.0952382897077827,0.0942118658858391,0.0751125846664921,0.160674941194278,0.14301652618327,0.163917174773514,0.122617971061715,0.124575275048401,0.0910151877382064,0.0843241684835968,0.165860627855308,0.104804452534758,0.18763884239702,0.128952944428011,0.17367348018369,0.129486200733058,0.0935463802572647,0.103396213994076,0.131168850329167,0.145139395849259,0.126934736680465,0.113359149745217,0.132158591679899,0.117337659040162,0.105733311417828,0.165566320674001,0.0962653319733286,0.117933414832115,0.0936345574825927,0.113259655379189,0.127295401890123,0.190735555490688,0.119510974286967,0.107747874636771,0.16933170969475,0.106404258852054,0.0787460682848755,0.122259061424878,0.0850719527211121,0.1020473913045,0.10024944148269,0.121035358905216,0.255022913274307,0.0761085254463502,0.115245487002369,0.137359190086513,0.153579049025397,0.0948874428887309,0.170595640132804,0.0874586176958682,0.202098679152898,0.135194677273698,0.162383014928405,0.127807390834388,0.131931774163202,0.152058608228307,0.107322283401886,0.194397444502473,0.114890899248369,0.109632032203078,0.09767209704884,0.117470125495471,0.105447296903757,0.146913153687485,0.130427740927136,0.125337486467265,0.100339033769348,0.090383608224704,0.0969001743637855,0.143079815824549,0.113607039736269,0.148775689541935,0.0855606645493868,0.128140902270852,0.108964519743229,0.0879162610672711,0.106329251458406,0.124654834982115,0.0642866812355599,0.129973455284533,0.123443126535612,0.116637652023419,0.112379016204661,0.117010642047286,0.105488854517019,0.0720272970309275,0.174786195340948,0.149899213009295
"brachyrhachis.aff",0.227950080789855,0.228552667113317,0.167228240983937,0.241589233978562,0.249572259197247,0.179583936115086,0.267932583165176,0.150052113339519,1,0.263622681295611,0.217966769768986,0.164165384446565,0.244508904840706,0.231921264833991,0.508893059157636,0.244460405450314,0.22355746775516,0.241534255935333,0.186011318349385,0.211226872736639,0.219565428169172,0.257322208841315,0.217889947364893,0.286253999057822,0.242453125312578,0.177605419747361,0.137066509104328,0.294025990885484,0.213509125441007,0.255876747536466,0.211922862502382,0.148026783659391,0.288568542433694,0.176936299886319,0.21220149334765,0.149544849484833,0.136687898264069,0.189226897914446,0.174781550788099,0.18095383146797,0.222937385960809,0.223857185329247,0.231340596305693,0.244213056378172,0.200808993683212,0.234354778531471,0.145230142219132,0.296413922284418,0.18794400340032,0.13619383071349,0.136652916132939,0.12641898026467,0.20157719708195,0.116801658676215,0.268057312645768,0.20646146323284,0.248909587161266,0.23937037633549,0.229369589191647,0.193336425708413,0.231087907137939,0.270722808728692,0.30449672730063,0.257943273622921,0.295883243769873,0.262448920094757,0.176242848448727,0.275543025891526,0.223531621637923,0.294590274900815,0.189591897166849,0.20723648799025,0.226642936587223,0.219453425951793,0.250693422308655,0.26580898369636,0.221827837801738,0.118365584268278,0.178622346538869,0.279660772422652,0.276609631864455,0.339743902532213,0.249199185501532,0.229488293549572,0.137050726398524,0.278456643642195,0.229617055408471,0.180932647110891,0.114965770696804,0.276073936485007,0.155638192883789,0.198572672777126,0.202685799362776,0.162472248998461,0.241875934105855,0.0883613794812401,0.268133364659778,0.220324789097374
"brachystachys",0.180700080387956,0.142621350811219,0.0935193545583757,0.17178422223332,0.353656908829768,0.136373140947356,0.16031486862782,0.104304251031473,0.263622681295611,1,0.397196620186508,0.325501102932717,0.323417857713729,0.138924483398569,0.22832889304701,0.165626874761998,0.145016309644011,0.138582359390038,0.158379164015078,0.160699130344008,0.145570503908326,0.323772355985849,0.113385018413694,0.244589004683815,0.209276159898987,0.304544514933713,0.110167180605866,0.214527043205083,0.202246905172887,0.204840883406875,0.203600130105116,0.336870129260489,0.259964847658038,0.147218834152502,0.357232152404563,0.102801862174084,0.108741923548349,0.137372327070706,0.14973211824249,0.156312013319759,0.399027652583669,0.168256343415085,0.202862314860907,0.201936233726533,0.164674669963407,0.116706246337137,0.313150904098173,0.338903991260156,0.288585410368401,0.248894610834698,0.0934566648874796,0.0849615543551188,0.123648748146011,0.100860110099642,0.357246024627231,0.156108577457066,0.145002321806039,0.217207475792072,0.362671293635459,0.142585898592165,0.163779823718907,0.189047125020474,0.184722551374986,0.14270411381162,0.200604850499074,0.196475981447652,0.143515626119384,0.170167730433019,0.132249519710433,0.240525642975118,0.308037893718294,0.168517545385901,0.181492217279399,0.156809241558003,0.175770024643696,0.14139591964655,0.154673215082378,0.0571348307492082,0.150821641251165,0.159702965368437,0.304544875995483,0.247017677395925,0.40805977473027,0.16636709584756,0.10369578925635,0.17272270517438,0.142298545347887,0.132752369139719,0.0894804662789322,0.334493472194634,0.127757038058029,0.334122859426497,0.149969819122684,0.122420839992809,0.220013285936103,0.307136100857507,0.172066692028544,0.12955989649989
"brachystachys.aff",0.139345807055754,0.180197926605117,0.131374405799251,0.159356890539386,0.267701075632857,0.169609840404229,0.208108098176144,0.0952382897077827,0.217966769768986,0.397196620186508,1,0.474443557131138,0.323691729185438,0.211933960379204,0.273248346888026,0.209106367612326,0.145780299279579,0.129800314957933,0.255225727475936,0.149797636900066,0.168852282913026,0.306473563458757,0.129072209496118,0.197261866965897,0.172304463466059,0.279179810466253,0.0910037348287772,0.163125389765413,0.155295293382044,0.199029785943479,0.183518000202938,0.294733617367581,0.252998529146494,0.141290952184403,0.387724197009364,0.116291327946058,0.0942736936327418,0.133096633088296,0.134997258942598,0.0966606610303055,0.363796450461848,0.177407622988285,0.19485937955452,0.154526766685386,0.151204196689346,0.138239232451658,0.338632934304704,0.222521650972501,0.356825961636137,0.258313368976432,0.111052675955182,0.104059346108778,0.133386367696968,0.0688898935831206,0.206639205289464,0.147711646232851,0.176295209877023,0.136013519754125,0.266368722758014,0.122771064337793,0.161786711819909,0.233739592040058,0.221596372937575,0.133988759780434,0.243184712477069,0.200981071191029,0.102134160663248,0.195735587671493,0.202494819451278,0.25210738027949,0.392774736547354,0.125210533719686,0.236420063716045,0.141470132191997,0.246441204045023,0.121121667604421,0.244465122617883,0.085203503110657,0.130533294482803,0.240238905413934,0.180516505644786,0.252619350427485,0.194396057772853,0.233332373202923,0.103681807326848,0.163007430833837,0.16652476010121,0.126716932370808,0.143140526715884,0.341611643562986,0.104364175547675,0.423481653453834,0.176591172834716,0.104272423926569,0.182381874707325,0.266800453188759,0.221162331339824,0.150409762690934
"brevialata",0.121693184956394,0.102465708266555,0.0937869051813904,0.147866267236897,0.250144019594086,0.113872184764973,0.184938073486872,0.0942118658858391,0.164165384446565,0.325501102932717,0.474443557131138,1,0.259790679103366,0.134663268096689,0.167862424145032,0.142710789205194,0.0989704128094368,0.110894972212691,0.20732535017919,0.128140174819919,0.130578748782798,0.160633711302791,0.102157191262936,0.163106930178868,0.142608944219798,0.259685685329673,0.0952445813096812,0.136518942340905,0.132751302969538,0.138171495939879,0.173565869930139,0.22670422685932,0.201354778260893,0.134131361726691,0.296568704887966,0.0770631744996091,0.0841704900854069,0.120313373797687,0.117097705532375,0.0898988863560034,0.279802688275974,0.134407877943741,0.149028062997251,0.13680417254026,0.119191067770512,0.10043249382013,0.257621600791523,0.194958107538737,0.354315970452421,0.247672243796011,0.123332177594571,0.0819943559052379,0.12116990304758,0.063668373195603,0.186763844010198,0.115183419720716,0.109275939830564,0.136619998616309,0.244109052986726,0.105575253091687,0.135224295030833,0.189364200054444,0.151734121662181,0.121447538838665,0.245688510133824,0.159355839397168,0.102863069716298,0.132349437741212,0.134327835938997,0.179758133502619,0.267950740050807,0.121485911624152,0.269710354306521,0.152791381201368,0.144413601323068,0.132895372169452,0.159095413972539,0.0601358508050778,0.108475964221164,0.146880629286124,0.157725810318772,0.191616149718123,0.164147729442581,0.197975210909633,0.0782419184342574,0.125124757784362,0.118008481064119,0.112799350287786,0.113325128968538,0.284018950223451,0.0869937208589702,0.270129845438561,0.178103634346599,0.0960174839334506,0.142216305670178,0.216421661071749,0.215529637600022,0.121208871997815
"brevipes",0.164812638013497,0.15013313103616,0.0805696606956043,0.155325495704886,0.275085406920353,0.101732517632539,0.146951440774963,0.0751125846664921,0.244508904840706,0.323417857713729,0.323691729185438,0.259790679103366,1,0.152341378535866,0.267665297801141,0.236970188151947,0.140567725107901,0.135048314243816,0.161189500629269,0.22286931719762,0.109002695543323,0.265319613251502,0.162008841116528,0.231374222186162,0.185053085799675,0.25929285834034,0.101378857339647,0.255799476822394,0.205350116382915,0.201258285624275,0.19093685958073,0.191140495650375,0.285045490926232,0.150592824322451,0.274969773860776,0.0701593111866391,0.109065813569959,0.211700299015306,0.128572052504067,0.11980479696272,0.267936775341976,0.155790803218665,0.306378369575694,0.216304137152481,0.160920659673364,0.151215921568791,0.162722509846078,0.253263827788315,0.264974597775889,0.19531694634831,0.116329219525321,0.0746063482650605,0.120902940218748,0.0831332153205909,0.280615031981926,0.157109961150898,0.154564417147021,0.223585735511978,0.282352662002875,0.239301347715039,0.204317443497818,0.244615136225488,0.208184704168154,0.16537492752307,0.2233760495688,0.265941608789227,0.136605274290031,0.176075993931344,0.169960435843199,0.33333334326519,0.250925746582088,0.194132071339351,0.199715310063788,0.182013653923976,0.225524991368119,0.139430645413438,0.257548702179315,0.0366359865359917,0.159608512142428,0.29146990785388,0.22820826808552,0.251597067932043,0.305564486152938,0.187920000714521,0.0708733361462362,0.240921388315089,0.206640904018693,0.152663510642893,0.108779863657757,0.280908629666449,0.096003027384938,0.215363823798864,0.129022199369212,0.131247242892575,0.2386344514119,0.146094538150514,0.236700916116354,0.136422438720023
"capitata12",0.156044403946182,0.196067571730571,0.273503997204033,0.227859088420887,0.165559183076243,0.213026653803135,0.279430008993632,0.160674941194278,0.231921264833991,0.138924483398569,0.211933960379204,0.134663268096689,0.152341378535866,1,0.236487867993545,0.314991296153085,0.12000219103402,0.153824067954755,0.233302093453752,0.109193222417712,0.226536569282271,0.192454516311541,0.137024705175762,0.201391848348599,0.136039942905918,0.112099501120386,0.0994758721202436,0.135353859332183,0.136805120625581,0.24528332424125,0.146847727583221,0.113495893059971,0.181492193323557,0.144468102296909,0.185612034929877,0.222594797179947,0.0897163372104833,0.128203958946632,0.103846788456141,0.0912452389805495,0.165830523704235,0.172031419407091,0.154097332151226,0.159913632915818,0.122706875386605,0.112461574159016,0.120169702800835,0.174934075305588,0.128949913545863,0.103680619687512,0.117727107154761,0.249864944714443,0.200125247188296,0.0718590750212203,0.142395790076531,0.146781176739162,0.132782286787694,0.127654268737864,0.143481850598544,0.132220815578206,0.190810696415568,0.173927200990578,0.220912732481271,0.162998117676158,0.20306256228144,0.189239400262404,0.0982966924359708,0.168396883404568,0.224436096554172,0.203500282649583,0.207304647405358,0.161996872311997,0.161022276998543,0.150908208455375,0.304825861145225,0.144086481621929,0.180817560639478,0.2125125118931,0.137690642443025,0.192634722256758,0.144980295495682,0.21395950601181,0.121912835743562,0.212912521047757,0.119769048001133,0.133402962168604,0.128658505075637,0.152733913170081,0.0751583649773453,0.160664442226531,0.136229248070672,0.117993844387979,0.13801984668443,0.120653325702093,0.140661701236945,0.0891850624305644,0.192439965701257,0.182739159606226
"capitata33",0.19597970493928,0.168592528867012,0.108569863265582,0.214438433251874,0.234002728668973,0.130926595130876,0.196451624286956,0.14301652618327,0.508893059157636,0.22832889304701,0.273248346888026,0.167862424145032,0.267665297801141,0.236487867993545,1,0.35775607741781,0.145387845254481,0.194297470972412,0.211819987738084,0.186413303309383,0.178712868063458,0.420141947016348,0.230636599814463,0.231077422759517,0.249768794804632,0.129281404108786,0.124380126171508,0.25049387569245,0.215611876833085,0.202907428633196,0.203514867656046,0.119703304133041,0.321941907045751,0.183496368106419,0.247349451465902,0.106148850155182,0.138842928901427,0.144722040700018,0.153253483172339,0.148866247683085,0.184137612528664,0.188113540459606,0.238783786478035,0.242667560283889,0.171891479078845,0.199669909383654,0.120285103793721,0.25544117487694,0.176411399630398,0.148564599241507,0.137773300019178,0.0935172920079498,0.167644585391559,0.100351642991868,0.278531767351471,0.205732064988808,0.237432470411737,0.2216946583829,0.189125778945015,0.174275164330905,0.186195371609187,0.303760739265588,0.235294890557592,0.221637239563664,0.271764964411589,0.324516019344859,0.158934516997045,0.252216904209111,0.254356018752358,0.340321981795909,0.224004466370529,0.227405372652294,0.247896320621285,0.23943231792498,0.219887061610247,0.224116363450646,0.300609997721267,0.0650103905775513,0.195605096975093,0.3970287807628,0.272188817877806,0.296297880244095,0.250304406167622,0.252729137929813,0.101374713410092,0.214812589812075,0.184520732403405,0.151163033065615,0.115825634238787,0.266044459252106,0.119036170939612,0.170249029313873,0.186558264470357,0.159344148194408,0.259683641010885,0.0915743204429701,0.283436296138141,0.214876084787393
"capitata35",0.229446795475959,0.138768059387261,0.0967941500986896,0.147581962016763,0.170031063166712,0.0985332876877442,0.163213664271886,0.163917174773514,0.244460405450314,0.165626874761998,0.209106367612326,0.142710789205194,0.236970188151947,0.314991296153085,0.35775607741781,1,0.123100985780271,0.155331062915977,0.231395840927524,0.192684776025728,0.127260172153674,0.311820839252956,0.197795812261904,0.170178346807753,0.18371934726015,0.149524544053598,0.119818829847128,0.183926291007129,0.232054031454038,0.148648825214013,0.227496848533489,0.126981828093873,0.272898758414778,0.179301153092113,0.189631828517213,0.0947930561422137,0.149201278444197,0.146580914355706,0.119049201047251,0.130269629691695,0.125650998868507,0.182732781296084,0.265808969389067,0.244022609955729,0.179342208867236,0.154928939880157,0.0947610428868741,0.172885709860488,0.153181823392358,0.109382658399612,0.143226721822528,0.0744521152199328,0.160546241606135,0.100107406446693,0.19352371383863,0.187738920760918,0.19285727247407,0.174664230710442,0.155274228761551,0.160016438018037,0.177898281225187,0.238276252538348,0.176367299791402,0.173597515614203,0.238971303724584,0.288421418282915,0.153092766623186,0.195557116522544,0.212646220456715,0.282034148470149,0.184633774586739,0.251378308908381,0.198247128690252,0.195659390442883,0.181351017786641,0.16108042760828,0.319887622858185,0.0419388692865506,0.182611753214357,0.305822937276121,0.179021969911831,0.216765009658202,0.177477473456154,0.306382392472841,0.0975388503193846,0.205185359702377,0.155834745722447,0.127836159055573,0.113190268719075,0.189176238047714,0.101305647613153,0.117811265655746,0.126190276485809,0.168258925012355,0.20579211592071,0.0677700359941541,0.303308794739241,0.169847035142843
"cayennensis",0.207925070129376,0.131377795678332,0.0942279094104265,0.14696253373571,0.154154172472861,0.140747325995306,0.135740429007429,0.122617971061715,0.22355746775516,0.145016309644011,0.145780299279579,0.0989704128094368,0.140567725107901,0.12000219103402,0.145387845254481,0.123100985780271,1,0.149324678788458,0.0900029700969854,0.13044050739589,0.134862596901409,0.134472186235973,0.116514922903232,0.14560162499197,0.15015083734311,0.151481716067781,0.10516073186511,0.151914654848583,0.135819421450681,0.129351575608365,0.134729157767705,0.0967021195341117,0.156995557657658,0.136043470669752,0.168095751348205,0.10720683918447,0.168698000954604,0.143383259922812,0.112018528966928,0.195650467054985,0.124758283843548,0.141223377241187,0.134979722702493,0.137686165827489,0.140151600068425,0.132590528373416,0.0967402714104947,0.159231545842229,0.115022015723247,0.108186376985555,0.104100673857432,0.0889315864202249,0.149140370197133,0.100414610082969,0.138025454579595,0.141197880088675,0.154082319956958,0.137183928401252,0.153512574442853,0.144788226270096,0.147632029091867,0.150205902075898,0.154536372272561,0.180030441340648,0.17716910652496,0.128243562492503,0.112161559785436,0.170298938681463,0.149300426422559,0.14655879762102,0.101512660862158,0.135419926040107,0.141168179050157,0.153361561619801,0.159354247739601,0.189216084804275,0.120337717742533,0.0648799881481937,0.122162209631375,0.139569960977761,0.170078959487747,0.164156265357705,0.131702973208627,0.141180630213138,0.126636608943318,0.126991920064704,0.154003787197933,0.123032721728767,0.0809887489035802,0.15184824448602,0.116773411025106,0.111857223806326,0.155058098307163,0.119653856858055,0.142928904097078,0.0781245262398421,0.143632023902649,0.134004610777159
"chartacea",0.184334978888701,0.375595169173075,0.107393318761135,0.174034246339646,0.212074381136889,0.112888083913116,0.17284179557018,0.124575275048401,0.241534255935333,0.138582359390038,0.129800314957933,0.110894972212691,0.135048314243816,0.153824067954755,0.194297470972412,0.155331062915977,0.149324678788458,1,0.138987896434044,0.137831679368247,0.163300602817495,0.148638767609672,0.241260053234643,0.234379058283541,0.148349783585366,0.114635995946422,0.124429457316255,0.165558324425707,0.209287007814911,0.144187473162247,0.17961721925705,0.108877137260832,0.178863638647121,0.169309479805282,0.161567824178448,0.12984224961193,0.115118726540538,0.134706718178753,0.167328903787909,0.133091611064219,0.144253007353356,0.157652319906457,0.145409918456453,0.16938525410647,0.14597375504137,0.127592604653764,0.097945633079938,0.168579294427919,0.126430529017449,0.118910390542999,0.131447413210765,0.109269429391059,0.193112332024348,0.21539767934228,0.145534187655565,0.269378030324267,0.284255213123719,0.161167051719385,0.164125654481677,0.162616821731379,0.18086555735679,0.196246250504065,0.211884184853071,0.223202504667911,0.185182586389212,0.170612208675464,0.131481707216361,0.221229500675934,0.18289193410394,0.247289581310156,0.135813385204626,0.14317888944618,0.170171859622072,0.171747194843994,0.124281461709803,0.265743189425191,0.136206348376388,0.0595995661721097,0.23106250302031,0.181649392475894,0.170193351855243,0.198502822517286,0.131514891966912,0.185805138012049,0.105635887791164,0.145043636963495,0.172369262840464,0.133167150502214,0.0923811863304739,0.194278998341387,0.124212724628612,0.107785155048409,0.148405217375684,0.161014450840703,0.161443985332637,0.0759270920521166,0.128491917275843,0.192870179633437
"cinnamomea",0.137348647042559,0.121190077269788,0.0991075366984903,0.149295451270528,0.135553090059386,0.116877882667356,0.191807754957478,0.0910151877382064,0.186011318349385,0.158379164015078,0.255225727475936,0.20732535017919,0.161189500629269,0.233302093453752,0.211819987738084,0.231395840927524,0.0900029700969854,0.138987896434044,1,0.117794284764344,0.149813147345587,0.208949914319544,0.109207397620015,0.206303169874942,0.150529494652096,0.218738243702568,0.0916997008798806,0.151409414000005,0.169934279817666,0.195005316502537,0.170353675645244,0.119075829283879,0.212016094156965,0.160766442616623,0.197683320259864,0.120127107399813,0.0973184409022633,0.105709574739212,0.147748402063371,0.107733210620963,0.130401749221864,0.153705722009082,0.163721930892611,0.155040931508193,0.130691264463254,0.137398630243944,0.0992477462513888,0.205850817226875,0.210147655794116,0.0835218589948403,0.0849234642362929,0.100923425284244,0.12277568427564,0.0682875512887093,0.154483357300583,0.120083227936662,0.128558508598271,0.132687478930999,0.12743375455414,0.110723505271118,0.161181227473267,0.205265341491335,0.17002081559373,0.168021308763809,0.236577641814858,0.176460664345746,0.103412056630996,0.165235724819646,0.182305762639031,0.199079733837169,0.195129298711779,0.136817935728037,0.20453663365441,0.180198341643002,0.209568048273699,0.129856742672908,0.1906578563474,0.062981077676525,0.145915376658848,0.194107602399658,0.151282942403122,0.207568136711865,0.132038396842901,0.233598788419132,0.0933120032558293,0.150612699178883,0.0995231087639214,0.110316645850808,0.0945151004349841,0.176204543949123,0.135096991586774,0.125635320598101,0.144030280022707,0.102814962458945,0.136553786642892,0.0759431410032936,0.231615161160044,0.165581944965594
"cocleensis",0.161259547366003,0.122240608499118,0.0747221807568371,0.16358971954047,0.172003528964716,0.170540196372299,0.134963863391089,0.0843241684835968,0.211226872736639,0.160699130344008,0.149797636900066,0.128140174819919,0.22286931719762,0.109193222417712,0.186413303309383,0.192684776025728,0.13044050739589,0.137831679368247,0.117794284764344,1,0.109803370899921,0.189334429073691,0.152818251689687,0.185672151729603,0.17169818389264,0.121154103705535,0.097005787893277,0.196025388071777,0.186382335965498,0.127835112585799,0.162258601049618,0.0857094307892109,0.236722317059338,0.182988488719041,0.149574034087962,0.0810113977199843,0.123908297506847,0.1456415070135,0.121254917076538,0.159897077074905,0.128840876415017,0.144304214479464,0.198600544437439,0.183412130468803,0.158636772445932,0.154669816220875,0.0685750303570229,0.186608375739301,0.156831458817171,0.0769220083600482,0.200683676172235,0.0584679334949549,0.174607515883963,0.10380219397121,0.189007976861782,0.14647645109248,0.133182071250819,0.193598408673151,0.168197974009234,0.191574126216144,0.154963849413569,0.20926441148142,0.198216181957698,0.169266242248624,0.213300556060875,0.237852172097263,0.127631687389233,0.178807754491045,0.153562580480965,0.266649230481121,0.14561012990218,0.180071140762738,0.178617845914425,0.171117581269682,0.129739948777005,0.128544828673453,0.225249534706393,0.034264825854081,0.176375635887946,0.197981810615297,0.212935998455484,0.186626954087554,0.192056765103631,0.18935405184817,0.0702642666870761,0.182852934975913,0.234512198779195,0.133906923229605,0.101849517425464,0.168725025479481,0.107422950339516,0.102639975905378,0.137721988600317,0.130578853921738,0.193882435827009,0.0577283943420667,0.160350496386158,0.150031781697109
"cordatoalata",0.150153139410781,0.184928672276145,0.166249112020282,0.279697120477786,0.177949812123404,0.295808792102224,0.291232435908452,0.165860627855308,0.219565428169172,0.145570503908326,0.168852282913026,0.130578748782798,0.109002695543323,0.226536569282271,0.178712868063458,0.127260172153674,0.134862596901409,0.163300602817495,0.149813147345587,0.109803370899921,1,0.145335702765265,0.15765053417248,0.177523081297969,0.173282753759816,0.111770459117425,0.106456252888382,0.123736918099846,0.135622053661673,0.272907257824135,0.131868341812082,0.10768329650566,0.18299516372381,0.172147264480465,0.177925619515132,0.21682951368302,0.100061198959755,0.148014509586702,0.126267887257315,0.099811290572721,0.147525031666713,0.207475916652311,0.145701518553889,0.15039040243767,0.172616703302615,0.127516340441062,0.112435447971657,0.229352120228597,0.136299503531176,0.146635799484279,0.13778391975965,0.159781966210861,0.224021155624855,0.0725255226233893,0.170628996321257,0.193596097595207,0.143536778883499,0.127969638926439,0.197044419838531,0.102822830285033,0.190981547074639,0.198455623130995,0.238528707356074,0.19964485546648,0.188812091300056,0.15171862501212,0.107865611798568,0.211148393814892,0.174852972808058,0.173393938125012,0.151754604173005,0.130058541783665,0.198772714574233,0.236381974129348,0.188384706802275,0.175553534271873,0.122169474837059,0.125775478511676,0.142136256747114,0.129854655869627,0.150884167860137,0.274728073729573,0.12353504791951,0.186038752847342,0.15267419190537,0.107751031781717,0.203638871317091,0.146369844971318,0.0948656074830063,0.186945771767415,0.141352636144154,0.132004277676892,0.169525459566971,0.117906656648101,0.140789809253874,0.089371421485672,0.121562940810848,0.185576882570392
"coruscans",0.190830974032188,0.152085352487711,0.0900662555424246,0.154179506186416,0.246247841463152,0.127859133162582,0.182715726638052,0.104804452534758,0.257322208841315,0.323772355985849,0.306473563458757,0.160633711302791,0.265319613251502,0.192454516311541,0.420141947016348,0.311820839252956,0.134472186235973,0.148638767609672,0.208949914319544,0.189334429073691,0.145335702765265,1,0.240429958028582,0.215856773396375,0.26127051850445,0.125027252332142,0.10416679991529,0.28011929158558,0.234819114173374,0.198216642415324,0.201554835739876,0.101026267529974,0.382525514785643,0.182656961427239,0.203807530687859,0.0821386000475704,0.140269651150186,0.14512032482126,0.161669299772253,0.141061794213935,0.181957923979931,0.19450724320334,0.260060659786091,0.279891929588455,0.18105794859335,0.157928343811652,0.0898642450605719,0.354923505147201,0.167817800333463,0.0924844699522571,0.104324569855048,0.0829657409915831,0.140488848545626,0.105643148349181,0.422054383670017,0.177196819132133,0.206526207359479,0.265225773184205,0.178400148358835,0.179531212025318,0.177638930215018,0.240173320862117,0.206991077263967,0.171592359156259,0.2647000026163,0.288756834181334,0.13093695109604,0.206540498074349,0.256271336497527,0.314624310731578,0.185327039274577,0.191910473279347,0.220065781785929,0.176309605919878,0.222664922801072,0.147339897759149,0.299763349875916,0.0478058162104901,0.194128747399584,0.339239795153887,0.367960830168282,0.250643347723808,0.44006882222392,0.252539907994175,0.0834319233481143,0.199216091798401,0.172616142831893,0.152658722816423,0.10391214803848,0.230477070165815,0.10726048658853,0.133724947839402,0.159170393492626,0.148797694195894,0.294067262689974,0.0701872377367999,0.253345551061183,0.152107657362749
