"","acreana","acrocephala","acuminata","alata","alba","aria","auristellae","bourgonii","brachyrhachis.aff","brachystachys","brachystachys.aff","brevialata","brevipes","capitata12","capitata33","capitata35","cayennensis","chartacea","cinnamomea","cocleensis","cordatoalata","coruscans","cylindrica","edulis","fastuosa","flagelliformis","fosteriana","glomeriflora","goldmanii","gracilifolia","grandiflora","heterophylla","huberi","ingoides","jenmanii","kursarii","LA17","LA41","LA48","lateriflora","laurina","leiocalycina","leiocalycina.aff","lomatophylla","longiflora","longipedunculata","loubryana","M18","M25","M27b","M30","M71","marginata","melinonis","microcoma","multinervis","nobilis","nouragensis","obidensis","oerstediana","paraensis","pezizifera","pezizifera.aff","pitmanii","poeppigiana","punctata","retinocarpa","rubiginosa","ruiziana","sapindoides","sertulifera","setosa","spectabilis","splendens","stipularis","striata","suaveolens","subcapitata","T18","T21","T29","T50","T51","T82","T85","tenuistipula","thibaudiana","tomentosa","ulei","umbellifera","umbellifera.aff","umbratica","velutina","venusta","vera","virgultosa","vismiifolia","Zygia mediana"
"acreana",1,0.129578445694434,0.119107912069287,0.227685540852005,0.146345072430027,0.0871690481932352,0.155918130493635,0.133877254416618,0.186910350356785,0.102807403446648,0.178736661924431,0.208221697585832,0.0986390477091579,0.205045867583319,0.181336467669046,0.158194373418457,0.133720371623212,0.337392155687814,0.181755014066579,0.127274861744183,0.169257249049693,0.223018986931431,0.142538236539852,0.199708270603036,0.119432018152194,0.113184478567213,0.142964518123771,0.07605460959493,0.133105476722006,0.177132622151769,0.150922180285201,0.129477750295511,0.168478778961043,0.133246441927698,0.147095436162,0.125634714433986,0.182882217475879,0.19485331232378,0.126373548553362,0.153399568438034,0.209717239055481,0.286458857618513,0.123378067649325,0.123371158727392,0.180149508051067,0.149013470402642,0.109140090827686,0.421405187298344,0.103410410988104,0.119989856504839,0.186041125462529,0.177231494437383,0.195711447874749,0.105986739225366,0.148056246196742,0.171255032090152,0.254127272219607,0.127635201915847,0.139807540789214,0.112032568800757,0.153370303758047,0.233205179096685,0.128562837919354,0.142854102602572,0.187415455505702,0.163892600317177,0.137655783304414,0.248661678335356,0.198964113911841,0.206428232548846,0.18291167513718,0.212921377534659,0.170208112577068,0.24110269046658,0.198079297460746,0.267485964304361,0.205639846167297,0.0696557349106458,0.194774355281276,0.205886598657138,0.198253748525251,0.151212533332696,0.155004266012027,0.147788063962119,0.0621404893841901,0.249338933745081,0.146504453641105,0.161747040384614,0.149207485488277,0.180648785436474,0.0783579957377881,0.160460956420241,0.170504345795038,0.169385039453764,0.324209036609695,0.126617094603807,0.211030293188988,0.18041279779979
"acrocephala",0.129578445694434,1,0.187239012979322,0.219176248432493,0.167477017043697,0.110562781353888,0.274907236712791,0.210577481767881,0.196582258347849,0.109569879492962,0.175397533319061,0.106624109961823,0.121548690771443,0.19754929030929,0.20978951554568,0.345431573134136,0.197193451597413,0.207921632227641,0.247345160541461,0.168180917776276,0.228004394870657,0.180567235434488,0.224890550126393,0.210510930751509,0.180258304075248,0.186509612102949,0.197477479821269,0.147828252790276,0.166413058643798,0.200749220249759,0.157615283877201,0.179585280752744,0.215061749342512,0.309188660940009,0.184915328869112,0.19815575356514,0.185049636912378,0.168167607599871,0.199578677505067,0.104808350434174,0.17115155265203,0.206028264380997,0.146943758178081,0.205904864901186,0.306814848054925,0.174521874511749,0.113032628508372,0.126365285835012,0.185461107394824,0.136251665289588,0.214723233039591,0.170218522636335,0.242914522918479,0.187528171094144,0.169941359400433,0.22429577356227,0.235264406549284,0.212721342367127,0.208105732142169,0.318967070279341,0.194692385098524,0.251097039501998,0.163142181257847,0.229455294434144,0.174068208682262,0.224264345537687,0.261323662690992,0.240081429638485,0.271401347112892,0.226168331615315,0.0765757525894689,0.222778353816869,0.24796775473332,0.216517634519309,0.213671421201276,0.256306757502149,0.0784112095619863,0.119213431840282,0.174952926924959,0.17294395037452,0.241625790302451,0.380656646414977,0.158477348104166,0.211879245436699,0.0470314657837877,0.161514919240483,0.25889153592455,0.219171785254795,0.141581515631409,0.227076146239701,0.243124361832674,0.171754519838611,0.158592102960537,0.206279561455561,0.135550083139023,0.149297732844129,0.212342788602971,0.270803374398951
"acuminata",0.119107912069287,0.187239012979322,1,0.194401219218619,0.147531483532546,0.104121872831409,0.206646481983592,0.181155573937244,0.16027304639199,0.0896651504500357,0.160688006880381,0.0999605019436754,0.093099150108548,0.19287000619848,0.175079758466556,0.183035510194219,0.187888257760327,0.175161446716706,0.233943764594283,0.166165558921989,0.23324107476635,0.149187846010238,0.191752433234706,0.137424485959832,0.168527642409354,0.144642984085557,0.241087668683093,0.114560469036977,0.173248178536232,0.222186951225042,0.181342598819407,0.126123585246426,0.206093847240906,0.119212759564223,0.132613854711465,0.184893800979622,0.222788378821151,0.151122812415725,0.179811098115363,0.124115762936427,0.171324994314615,0.182327450101186,0.154999338199002,0.151403483201924,0.227843197001163,0.202019635305474,0.109160543715506,0.136992432404611,0.135237849735616,0.143842570919755,0.219686836956939,0.180054540249675,0.217053637010061,0.164760336367466,0.150272448517403,0.190997157481936,0.215083324362008,0.163500752028181,0.184865078963202,0.153647813329841,0.201682457888295,0.233773248163103,0.163702816619266,0.19284506992369,0.153893601476853,0.216020798246016,0.192183160634651,0.199626060120894,0.187216996016329,0.208224804578387,0.0666615476654761,0.215106727142024,0.194899220798138,0.212930190817004,0.198133211979339,0.235519164894315,0.0670751155554848,0.126984299118284,0.18711754102586,0.133153588353879,0.237736507664396,0.174419084932055,0.154480017545587,0.185277823874391,0.0317823867492807,0.158427979120585,0.190157523333493,0.165661576429025,0.171513447370701,0.202725532654422,0.198091607889948,0.155245403440472,0.134321633791328,0.161890158972484,0.138074470823246,0.113917371417307,0.236763952771528,0.217072467848332
"alata",0.227685540852005,0.219176248432493,0.194401219218619,1,0.247064145024639,0.134585811639543,0.312688197476661,0.185739324182976,0.270719234546128,0.119344654337118,0.232005276474188,0.176343454409357,0.14660013278435,0.238494631295909,0.262892522377587,0.235650833001507,0.197818835356405,0.298239636343442,0.249685469960811,0.210262172994865,0.280345565213806,0.248805951900933,0.260222522599226,0.325561140361749,0.178027259067627,0.192918523186759,0.20379729279665,0.111138482907406,0.181656012919541,0.221576315456462,0.237318691868194,0.250377149722449,0.268008200926012,0.15265699646997,0.187821969574269,0.194295787862005,0.221384006686933,0.173775817514432,0.216312737618899,0.17098664240719,0.253955528585896,0.324222832802436,0.188619204085086,0.186102942162666,0.268158548723464,0.208465678292247,0.13055509171067,0.176987454619407,0.164266631476852,0.172269292024924,0.203646856821503,0.159559417487301,0.316097797121677,0.183898748093614,0.228366177989852,0.226913133401342,0.345695206025227,0.217322381064053,0.202107977081188,0.173833509696581,0.292663197402141,0.273624815294384,0.202304916381971,0.218388631332812,0.265865936934641,0.265865778726983,0.227471502193761,0.307377880860134,0.220976957730332,0.331566240924372,0.153404065286337,0.206606461529248,0.217955988098924,0.202597875639606,0.203503523342193,0.277432473984651,0.178066584279089,0.105557042796777,0.1838879429627,0.309731537207747,0.255584325256902,0.24902648871839,0.158594257703648,0.210417906477802,0.0525011315543813,0.275065510015047,0.239271132544626,0.226581862534501,0.149749552851946,0.304306387795294,0.134039220938558,0.212484478049499,0.295838159509776,0.311883797799317,0.210297858240912,0.162774908774923,0.21426207218445,0.291427979578544
"alba",0.146345072430027,0.167477017043697,0.147531483532546,0.247064145024639,1,0.103821233960959,0.251866059394644,0.142463412128824,0.248851473679186,0.209139094984676,0.344555439078356,0.252034399372269,0.239928158182773,0.223580158705771,0.18698517967923,0.179628140967976,0.168052003605735,0.25141647059567,0.228928535336023,0.227040118110166,0.169383092929475,0.163014556215101,0.149838675241657,0.182349462086113,0.133895499569927,0.277549182164772,0.168050929260044,0.114682545096207,0.161825824441315,0.189742790431735,0.199726606568279,0.318900622724614,0.222793607571417,0.144239471146645,0.280198770272878,0.173287309284841,0.161372802817851,0.163019888896239,0.201957890274127,0.138085776946781,0.314892688948559,0.188669097164598,0.17930131650322,0.168694337373376,0.178300138468303,0.175432537917508,0.250812134460735,0.157872206199025,0.221450941945355,0.284197685469354,0.155917055839909,0.166824396632184,0.241170082411049,0.155139069299465,0.163103207611047,0.17705352856988,0.266150749576672,0.174595889693628,0.282564877478749,0.129024887864132,0.218198652771063,0.196972230272178,0.214994548182889,0.185263475143042,0.204383445438186,0.219498301307866,0.181178579723035,0.256331259354527,0.221886473951432,0.233825639248805,0.210387859820842,0.197658975207871,0.182582758869587,0.179373385375263,0.175402968200746,0.201088557927588,0.0951111562328444,0.0983075559009462,0.206113722686729,0.234918260124564,0.213160951798598,0.22339913313114,0.151711617264512,0.17364192613255,0.0640038075916768,0.177566075932246,0.197799768389384,0.191222533569665,0.206155929246079,0.347535852592937,0.105457999742325,0.276749110572104,0.185136480056713,0.210210501954932,0.13713236231397,0.250118935766851,0.184094059179597,0.24501614825311
"aria",0.0871690481932352,0.110562781353888,0.104121872831409,0.134585811639543,0.103821233960959,1,0.127007319663177,0.123586579745516,0.11154880159637,0.0560176853962852,0.0910541760962511,0.075420350307787,0.0719497401554445,0.10812123588456,0.093677812864075,0.111215133321242,0.123026209895948,0.1113681087559,0.128178082099389,0.085343490401567,0.116343258537468,0.102780853819369,0.0901790323545912,0.128674730370092,0.102727499005656,0.103564848101947,0.132782091055839,0.112294329060679,0.107791892161918,0.0887609726161758,0.129825903211492,0.0929984021166747,0.11989810359372,0.0742932664999834,0.0882121755314636,0.127102672539152,0.0959496317162792,0.0972353334089405,0.11944174722548,0.0906479985999807,0.0876903944001002,0.120241491429395,0.0995604756253924,0.10747759929764,0.126852506213103,0.134574650134247,0.0836979218538527,0.105854544432268,0.114087701722826,0.118004078523846,0.10646960743664,0.112759355285444,0.122397760466733,0.121025945668629,0.0905461377803293,0.122163960658688,0.120707292919249,0.146880400263677,0.0943475603440095,0.0954546602148961,0.136957815862825,0.116024886770982,0.118695874213381,0.115841909816616,0.106861542432027,0.166007853635523,0.13983582055671,0.138320811869853,0.121824098583781,0.134820815619587,0.0696465920232106,0.109717559656078,0.12801808198435,0.0951519108635828,0.102285527563184,0.121862496935045,0.0832897057509668,0.0776751415655083,0.106214329792004,0.119373223087412,0.135544872912591,0.151262824130915,0.107338299307252,0.108975208380552,0.0439794075762139,0.107843661671058,0.128127307678428,0.115438686922402,0.0874589346931143,0.110442845933713,0.0910547298887649,0.0952085227998022,0.105212969798292,0.12629798596372,0.0870198845996557,0.0864186988326731,0.103409173398005,0.12641276223501
"auristellae",0.155918130493635,0.274907236712791,0.206646481983592,0.312688197476661,0.251866059394644,0.127007319663177,1,0.184616778441192,0.240149565098303,0.128816788714846,0.19462389767324,0.14510435255033,0.133442323050637,0.27147504105395,0.227077279886263,0.231378297809372,0.177193563772522,0.2271838294122,0.252550058259911,0.182952954042876,0.25550150018782,0.220652130511593,0.243319696201608,0.222366178437787,0.164137954233435,0.167241124762024,0.198919269338632,0.158927649144467,0.186082222360109,0.217756121817877,0.186734951679262,0.210622620854629,0.288885796004262,0.215171910584815,0.205152691811352,0.201218787056537,0.21821273737525,0.184000423487549,0.185641125554305,0.145133272026115,0.192811023662029,0.234217073600873,0.188650556017999,0.206181668264368,0.273615178406946,0.231762577045217,0.136537008587561,0.161767035339934,0.144454123984251,0.179457207978721,0.189793875972499,0.175870159937282,0.23585063963958,0.185306296183303,0.245372609498729,0.205346978553687,0.243610440430397,0.193639229449045,0.200520162036448,0.196604458905898,0.211165249571035,0.229218320117375,0.208666718920196,0.223665575738237,0.208802733041863,0.229573022739343,0.249726675598496,0.299320831793881,0.24828791253569,0.265043527699462,0.104536882403858,0.209670443381879,0.225657625486043,0.194338952618331,0.219132199162201,0.238999209910335,0.110506560901442,0.141911080093149,0.220410809741612,0.21759436793816,0.237474985004583,0.24556111533466,0.177468889062367,0.201207735732747,0.0509073139729245,0.196611772383554,0.243737245971234,0.223154016774954,0.182873087554559,0.261320992858888,0.170415364314922,0.187517337432685,0.186503287434937,0.182800852305347,0.155810134911416,0.176428538712977,0.213071526774562,0.246744883358367
"bourgonii",0.133877254416618,0.210577481767881,0.181155573937244,0.185739324182976,0.142463412128824,0.123586579745516,0.184616778441192,1,0.192352783328694,0.107757602319397,0.216867621031829,0.101000233948999,0.0996531453309642,0.192504211019491,0.136658729641027,0.270357011488449,0.211383141002063,0.195202991448609,0.299766276688838,0.16114586829144,0.306584504186444,0.215248672017118,0.184854005442094,0.151945049750909,0.319719946379582,0.173568469503186,0.231196144602703,0.119228985190419,0.341201089839675,0.205049491792261,0.181264146068005,0.166806872020605,0.237616750533326,0.148105334298605,0.253594028357809,0.246521599787946,0.244140418038446,0.303859047729584,0.20723675933862,0.096065924431549,0.186612511676135,0.251210788274111,0.180367922794294,0.169109762529363,0.232826630584167,0.200176149934826,0.110934460402743,0.148795346217653,0.168221364204611,0.167376912091273,0.305768222523491,0.209365214962817,0.297556208085266,0.179108728146017,0.166495369727827,0.218058584252697,0.254142838440507,0.238248390069889,0.202949132912952,0.306565483909207,0.220791265830025,0.294610985020889,0.152934685625594,0.218834353611139,0.146662641153837,0.232541116916371,0.211164525715941,0.212232389032986,0.251245871025993,0.197412786697998,0.0822331635996176,0.331370927482159,0.251240699009487,0.319462091097836,0.242692408883492,0.30939292165345,0.0910453260681054,0.0959504212038148,0.185059700716049,0.139071845669793,0.318872818743939,0.221416100001325,0.199121072665169,0.194584425509577,0.0337010500634068,0.149091090620991,0.344126943989854,0.210610954326459,0.145738538656379,0.261954621079378,0.128567367780214,0.176983999083727,0.153138467983224,0.279584429169233,0.162954063710857,0.154434255988299,0.314378990156534,0.244790881817241
"brachyrhachis.aff",0.186910350356785,0.196582258347849,0.16027304639199,0.270719234546128,0.248851473679186,0.11154880159637,0.240149565098303,0.192352783328694,1,0.19508791021945,0.254435382606801,0.169532857220457,0.159385594474017,0.2215896271771,0.21005728533536,0.231752798132978,0.203432260179273,0.28502658722731,0.246118573773974,0.192031767645823,0.217492939311316,0.232231203560782,0.171497147588001,0.242091108133016,0.155454904496357,0.200270524670594,0.173386361750105,0.113120782790872,0.20561302031222,0.203661347844839,0.211241680775217,0.198643421988149,0.307302742869383,0.160300885635039,0.210107110411676,0.205166199701522,0.182206756262521,0.214086755500771,0.184972327039855,0.148403494179491,0.218366511292852,0.247655773129744,0.152492543245272,0.151028577965672,0.221058561362198,0.206391756788278,0.13978402806853,0.175785153394728,0.159875646865416,0.161717614587771,0.220006339719988,0.182924388846306,0.268071593067668,0.14892081625897,0.252858669844895,0.2212545969896,0.263867442387224,0.219644313921962,0.199494958389364,0.199686506103482,0.215218892548197,0.237846655194568,0.173779295364815,0.20106115462973,0.202426475248343,0.322620373037188,0.1865209078642,0.25128371936101,0.268242118812819,0.275007661516926,0.110450603418032,0.251220382159304,0.183758021014294,0.238652755484508,0.257110817100422,0.229141270539943,0.0980452865469376,0.0982986254457312,0.219582736551079,0.2427728060172,0.242738076688573,0.21132849711889,0.240699293322506,0.187250451381386,0.127302378808531,0.189200237290548,0.246614822632097,0.205422024731864,0.150868790639629,0.301681731305873,0.106923889137543,0.218321714881811,0.174369402872946,0.233903562471334,0.156778803815176,0.171667294373113,0.223069848015106,0.278282516521227
"brachystachys",0.102807403446648,0.109569879492962,0.0896651504500357,0.119344654337118,0.209139094984676,0.0560176853962852,0.128816788714846,0.107757602319397,0.19508791021945,1,0.312351829007747,0.253749804100578,0.205917513168453,0.126965903665312,0.115144483233827,0.0863333877588787,0.0984953959604635,0.125196364398832,0.157362172454879,0.0775118438714048,0.10919117658589,0.133177433630612,0.0959656288033169,0.0767241176314648,0.0873948568092122,0.275662591384359,0.0888523040411243,0.0655230259648133,0.10058378342405,0.101230457843225,0.137390098649904,0.32489675806107,0.179510263454452,0.0669066439515604,0.297161281702854,0.118744498302612,0.0955400988838736,0.082267382126808,0.089956088438554,0.0713571684945006,0.324453633505018,0.144217370559233,0.0866601543306028,0.0836937535724807,0.115887118240678,0.10781733492914,0.325181913356571,0.134127322973282,0.232974790065638,0.247228543258361,0.124862225383216,0.0885601871359187,0.125556178354313,0.100102361827563,0.0685117311625042,0.0970935704489066,0.124298679368326,0.112485978551968,0.269026887932862,0.0842939491930117,0.10923114169481,0.12522245736093,0.0915164749946407,0.135661161224477,0.105919412471332,0.236966209677627,0.0984603008738374,0.118641845411862,0.107589137329605,0.1170038410047,0.272052187793845,0.120479503074616,0.113434462011965,0.114849794547378,0.102941423128031,0.109871035967925,0.0713870514190443,0.0649243198789516,0.128861511826915,0.11093109964085,0.127785117081857,0.124327643769947,0.115893355713457,0.126128660836016,0.204468699249372,0.110224623666648,0.116177379672142,0.122702924227775,0.0799286360056571,0.238175602975112,0.0672231538916776,0.289180989683693,0.0824252395241197,0.0941285388657055,0.0993732390413391,0.366011517793669,0.13387122868657,0.12938197480684
"brachystachys.aff",0.178736661924431,0.175397533319061,0.160688006880381,0.232005276474188,0.344555439078356,0.0910541760962511,0.19462389767324,0.216867621031829,0.254435382606801,0.312351829007747,1,0.283140948338854,0.231226553313655,0.244006967367103,0.164949375591726,0.223264253496528,0.198281678755019,0.293052665269712,0.298049040345152,0.251814931600934,0.242522103669061,0.201134538703647,0.216069129807972,0.155890331406785,0.176335016673063,0.367577097295378,0.186726376868619,0.0990184689059439,0.197887586676456,0.203958285304765,0.203597389685585,0.396438416282655,0.221510199403792,0.150970438798614,0.401689057116795,0.187021432540032,0.198079469491277,0.232260221793621,0.182540635467549,0.111236690048904,0.532005544139782,0.282697704645467,0.156806334533266,0.160031815427976,0.224765062219277,0.176078776028121,0.341432717829383,0.163349616473832,0.287288454662689,0.311977312900083,0.257232622179994,0.179379878400211,0.348305853513817,0.145485215664476,0.184690875616049,0.228452200912609,0.348740163349354,0.198871194397714,0.317780518983337,0.17177763940432,0.249877001190344,0.311031177756489,0.155392353221217,0.178832836961851,0.155520422389503,0.233245543166729,0.174348588838303,0.284643165303764,0.238527869382774,0.212126773031448,0.257375296347822,0.298135035718784,0.268298754762719,0.278044125073606,0.216113147041477,0.338667555939021,0.0727477210086635,0.0793608868058701,0.202151790069902,0.17785387021792,0.295605882133296,0.252517296708322,0.201122863707679,0.199001451876333,0.0329561336840888,0.191621885204645,0.234025437911811,0.224770328178178,0.152439955549179,0.475907287495485,0.111750219214555,0.380758688848117,0.208548198195603,0.240817504012456,0.195655797746155,0.376599879484907,0.290010575832861,0.329312699486984
"brevialata",0.208221697585832,0.106624109961823,0.0999605019436754,0.176343454409357,0.252034399372269,0.075420350307787,0.14510435255033,0.101000233948999,0.169532857220457,0.253749804100578,0.283140948338854,1,0.239417621144677,0.151607585913163,0.215795286465159,0.129909221084196,0.12232805765289,0.164654608900004,0.155575103271801,0.110497966372424,0.11658701660006,0.214766589586287,0.144341914016986,0.16254581368933,0.0965013265150765,0.268552832541471,0.122951641413009,0.0595172984632551,0.119198939863179,0.127644228565188,0.121886518953377,0.280609605149472,0.158155617432745,0.102415130605176,0.262561215414013,0.088003162602309,0.117315237928438,0.119308460912951,0.115011513257487,0.210726792972689,0.272674678155302,0.285387845586356,0.134612212396508,0.100285227819619,0.136951367507739,0.119896242662581,0.245082187750481,0.175797536556145,0.215224120794027,0.260192751258679,0.112906268765943,0.124881962692628,0.143544975923916,0.0969493680161637,0.0960488192774457,0.111583212831147,0.17473862161021,0.118007703229585,0.239795643778822,0.101587293923953,0.122273665773688,0.168373189971182,0.102415232764972,0.105360425186203,0.227259115380765,0.141543121680438,0.113907201634974,0.196248977969107,0.143388174826059,0.2147859017937,0.361143217080177,0.137221495900427,0.114060218359093,0.13619290472637,0.122325449099747,0.143105135867252,0.345107016038516,0.0635541927548884,0.137836696941359,0.343410252960252,0.156874732203229,0.199280475571946,0.104752506832834,0.117728037923557,0.045769193211926,0.410679276969135,0.119356082846796,0.238869536814902,0.118069112277716,0.280604981239061,0.0669836919927496,0.275672225290479,0.159314693026916,0.141649465062617,0.24165714346794,0.25694632807011,0.145191373698215,0.130222810156859
"brevipes",0.0986390477091579,0.121548690771443,0.093099150108548,0.14660013278435,0.239928158182773,0.0719497401554445,0.133442323050637,0.0996531453309642,0.159385594474017,0.205917513168453,0.231226553313655,0.239417621144677,1,0.120406479294507,0.107757784965948,0.102673406089611,0.101109641000299,0.14979826902721,0.157581800682367,0.0901469260040777,0.120109368832199,0.158552296441336,0.106188506465225,0.104600342399532,0.0906728240750064,0.217633725483436,0.104842113026707,0.0937186937269386,0.117068184659384,0.0848318236736729,0.13653381306923,0.19226547378259,0.138848005051505,0.0682506184002428,0.23209745740154,0.0882781364986158,0.102808160010539,0.0884735573643809,0.104186797058818,0.0919865376877099,0.222866715157848,0.146701092092033,0.0946370746709393,0.0876138072211872,0.121381085614162,0.105433743828379,0.199769829004039,0.110058752459681,0.201801481020298,0.20560288094443,0.126197613429716,0.0733306084837345,0.135783227194496,0.09546579236413,0.0800345001921089,0.104911755631469,0.143398302457401,0.145668492111656,0.253560049828361,0.101956661429992,0.103615010567732,0.126246231648855,0.100666221391684,0.124961408111031,0.132368711871707,0.130625881252776,0.0963016863275923,0.138566970497766,0.112160153588924,0.151083682102811,0.173378172717713,0.111493910110819,0.116573692000183,0.120719996331669,0.118485626131355,0.138544025847747,0.0833750788539409,0.0569173512713716,0.104944238539822,0.139467818971811,0.143716334123649,0.12334980094043,0.0931923671102054,0.147280053758096,0.0379122569344618,0.135054852447493,0.121285628546028,0.134406712043687,0.0960689835952696,0.215629388362134,0.0689259085782211,0.20143708837156,0.0882009253409718,0.113071294171856,0.119035076487724,0.215455742313062,0.116894696995556,0.114871710298568
"capitata12",0.205045867583319,0.19754929030929,0.19287000619848,0.238494631295909,0.223580158705771,0.10812123588456,0.27147504105395,0.192504211019491,0.2215896271771,0.126965903665312,0.244006967367103,0.151607585913163,0.120406479294507,1,0.212609691416685,0.231225910886633,0.201994324935195,0.224309014639639,0.302781333798969,0.202303476077929,0.250643732548158,0.186771574361298,0.266358992981946,0.196528786653742,0.183664919939405,0.184411358206388,0.242868131310276,0.160918292747887,0.203449144742721,0.298252322609227,0.192196695405445,0.196718034179669,0.25600517872529,0.263560418831968,0.174056863597057,0.18527248440912,0.246975494605787,0.232519085407631,0.187229139993424,0.114425191187311,0.232266493895321,0.258237895479023,0.166312503755325,0.17623605000127,0.31309132610004,0.192690681563728,0.130640953322418,0.143803104173865,0.14480887226094,0.162952993651454,0.243563296034037,0.24630678468645,0.286713230786893,0.19914109992674,0.236688707813341,0.272410248261818,0.285354057155965,0.172945876819088,0.194347978155496,0.195261135750483,0.218283448130343,0.293863656509699,0.2283161057502,0.226877540624616,0.194679065219359,0.245335226195976,0.203731171474034,0.28247382206068,0.272775423608659,0.267050886316635,0.100266010920674,0.292244949637785,0.256291582886042,0.278447532906328,0.280406571121658,0.282013966879988,0.103106216815243,0.106676579473739,0.274403569786536,0.180280776809356,0.273833145338646,0.217043103357579,0.231673163456834,0.260464661869807,0.0407998978714811,0.203614431911651,0.250400015434238,0.225641194187139,0.247525887162808,0.289036260290447,0.130386325158335,0.204766749105016,0.183204547299681,0.216450910921846,0.194632961419635,0.131675224656107,0.251081254992943,0.278206562721616
"capitata33",0.181336467669046,0.20978951554568,0.175079758466556,0.262892522377587,0.18698517967923,0.093677812864075,0.227077279886263,0.136658729641027,0.21005728533536,0.115144483233827,0.164949375591726,0.215795286465159,0.107757784965948,0.212609691416685,1,0.190265252059428,0.157718391370858,0.243728477109493,0.199751826678162,0.144257026268914,0.157788294754332,0.235380864010695,0.152520241846892,0.242111136964381,0.121585419966269,0.164386536883771,0.200722903941699,0.115695061524164,0.155249872379963,0.180715619465345,0.170145250613155,0.147522735376123,0.200578970184076,0.135753939239209,0.169538868337112,0.162707997134302,0.162558267177756,0.137248302762502,0.14904644950008,0.182785079785604,0.183485352401809,0.268250804474077,0.169374548247369,0.151300488986802,0.208237583673801,0.17057666342409,0.106200227194801,0.178830175337343,0.125864133626037,0.146577751669249,0.155686283611415,0.125823572616759,0.187612153742985,0.177920333420578,0.148449546991705,0.215213582126245,0.209488073812925,0.147921505353529,0.176634272211374,0.121915460915608,0.163301005981594,0.219276697604692,0.181475537740293,0.155378490565933,0.38288143438251,0.20979605180334,0.16678790081637,0.255271611396566,0.203244160877515,0.2779246592022,0.171348471530527,0.145711889574381,0.177671549770017,0.144659399638066,0.165246720964776,0.186479612249989,0.196194902439331,0.106296073547601,0.185411186259675,0.296646942304425,0.195978088777133,0.206099640266317,0.148430753388824,0.190252288162911,0.0608688626185031,0.326396949589043,0.181718134465435,0.189528239415894,0.135809054498257,0.218527524708381,0.126350202365148,0.170730607497411,0.199928844719253,0.174381803224597,0.246258141797789,0.149000385623232,0.190551497630116,0.188127353048296
"capitata35",0.158194373418457,0.345431573134136,0.183035510194219,0.235650833001507,0.179628140967976,0.111215133321242,0.231378297809372,0.270357011488449,0.231752798132978,0.0863333877588787,0.223264253496528,0.129909221084196,0.102673406089611,0.231225910886633,0.190265252059428,1,0.213800093223852,0.227481234781636,0.304223790011875,0.184033639363996,0.331800117870811,0.176733348086512,0.196653790649884,0.225311871784857,0.297824378903655,0.15863260368162,0.223288669495489,0.115549314077413,0.238440637794975,0.257201938911345,0.181356321648953,0.187818283048317,0.234678231648739,0.319628617726808,0.175483610977758,0.234862849047382,0.240450716675366,0.265340230243349,0.203131880452982,0.1230902638856,0.180893602693128,0.258020895950455,0.152118280004947,0.219273475754382,0.325079519364532,0.183297448964075,0.134772265783113,0.154162850213782,0.148410072816216,0.13653633407628,0.248140558510361,0.233142854593637,0.277446355466087,0.178318340017492,0.225292487746185,0.237418701607857,0.296336948121877,0.211681729465403,0.161379301314594,0.375609180195416,0.266165230607098,0.328847281980871,0.173246229196267,0.202064341272006,0.164488913792631,0.225098743833822,0.284404063416839,0.235067898033969,0.264453289354554,0.2444917659869,0.0869542766565506,0.303862100660238,0.25185964211339,0.307059253104532,0.254185475216638,0.294865622479665,0.0791623173168965,0.116542704122147,0.209295122475169,0.173560327889774,0.295725442645674,0.38801532496925,0.211214098468535,0.166668625675403,0.0359850464550488,0.174584523524182,0.308908795335967,0.205253317989002,0.169959418732848,0.256907629486618,0.242508466166985,0.211185260403737,0.199618491574125,0.328866480195259,0.151254688118523,0.118408567045522,0.321136143618988,0.268435423204352
"cayennensis",0.133720371623212,0.197193451597413,0.187888257760327,0.197818835356405,0.168052003605735,0.123026209895948,0.177193563772522,0.211383141002063,0.203432260179273,0.0984953959604635,0.198281678755019,0.12232805765289,0.101109641000299,0.201994324935195,0.157718391370858,0.213800093223852,1,0.241135782878957,0.247504380691745,0.194140767605708,0.234331934728196,0.162350190122962,0.168771108603407,0.170567644988716,0.174208695602964,0.202802564227454,0.206746638048072,0.115527280019701,0.194198929697891,0.220538022871464,0.187988144769565,0.145545776465634,0.197400040891291,0.156324679109716,0.157770076600214,0.221190396349536,0.218521996584268,0.232627907214483,0.24417048702041,0.126858883738861,0.16978894214606,0.196120684774144,0.159056528992904,0.265448377792092,0.237598020797945,0.1878843958183,0.197259830445234,0.135051603752432,0.167231682776839,0.145647425138111,0.217674467164249,0.207191748680058,0.232713981361376,0.179893970908522,0.154734596793485,0.211412507795983,0.232373368181972,0.221729831748041,0.168462530834375,0.177226696107203,0.238186011554991,0.252316995022115,0.191719605912135,0.210776040140867,0.173364167052468,0.229473713564951,0.217497829096456,0.242026495826429,0.260232100179474,0.213503779902086,0.0797967039355805,0.249310490572634,0.22090774924914,0.245900445114261,0.243158465707935,0.232126646629111,0.0861084542288805,0.134931949008855,0.190124217942691,0.150137443428171,0.242834540152923,0.204274218043971,0.171575232985104,0.187702296480033,0.0366803650104932,0.165502110242529,0.241037160228847,0.194967367846487,0.167966711612433,0.20711208605022,0.127284095844788,0.176432694014989,0.195211443928688,0.209547191976525,0.142303542758193,0.129239912453908,0.227416841643742,0.261578885554616
"chartacea",0.337392155687814,0.207921632227641,0.175161446716706,0.298239636343442,0.25141647059567,0.1113681087559,0.2271838294122,0.195202991448609,0.28502658722731,0.125196364398832,0.293052665269712,0.164654608900004,0.14979826902721,0.224309014639639,0.243728477109493,0.227481234781636,0.241135782878957,1,0.274330078173147,0.281764306102176,0.231566469656099,0.253221854836792,0.188134504908687,0.222766469840355,0.164740680707053,0.202868405647394,0.1812250826105,0.106458846796175,0.205316334584958,0.222102987969985,0.255777176187008,0.225298959600101,0.234778206660738,0.152571127540833,0.248287939246436,0.191871709684659,0.203452005889672,0.222352622189646,0.182559248918115,0.170050471001464,0.261168581336428,0.288110948310459,0.191962931149361,0.177191976377988,0.226580498173939,0.186247799310689,0.163364630264201,0.347642118368274,0.161022425822411,0.162956275589861,0.225581137808379,0.186168530893527,0.347940870824631,0.15815649666313,0.184442427208018,0.205528373813853,0.350333311900001,0.225388218935595,0.210896191191335,0.185470867014896,0.277429729115697,0.270499790100362,0.196640221790277,0.207635643466936,0.253846293268146,0.277466879156777,0.179728756992248,0.291437096140283,0.243455311118384,0.290080311429434,0.141128336470345,0.246915359438067,0.20675637740707,0.262018541050684,0.247995374972743,0.266255362214607,0.111538422375724,0.104683431947628,0.214976220298754,0.220752375422405,0.28314344153294,0.231141276693042,0.194898800439771,0.242764539624177,0.040775191588597,0.232035452940038,0.224367950353019,0.221320884321436,0.158113422853779,0.343423984571033,0.113626462287906,0.213509634760041,0.265487954679317,0.279725008897794,0.206842759964433,0.173397939486183,0.258632229121306,0.350700075340414
"cinnamomea",0.181755014066579,0.247345160541461,0.233943764594283,0.249685469960811,0.228928535336023,0.128178082099389,0.252550058259911,0.299766276688838,0.246118573773974,0.157362172454879,0.298049040345152,0.155575103271801,0.157581800682367,0.302781333798969,0.199751826678162,0.304223790011875,0.247504380691745,0.274330078173147,1,0.225228463674653,0.325939616522654,0.2258374258192,0.253297857419852,0.182800421753721,0.251481113339626,0.23331734053226,0.261797832244486,0.146622945968807,0.272066721878967,0.237973777482663,0.233975947033484,0.230798389765841,0.255679700374352,0.172498186559464,0.218124111732516,0.256625966225285,0.285122425367934,0.256299815307176,0.241385483672868,0.135303330505624,0.248256947467833,0.326350671602707,0.231227680499851,0.191431655242981,0.318191184112542,0.24121934358178,0.142361495995396,0.192944813845756,0.189981431606084,0.203036522460868,0.355020415566027,0.217945179581784,0.356321344894426,0.209399667258311,0.237416395435935,0.267636203696229,0.395597192850296,0.260533697223912,0.256133631382824,0.260957775533843,0.279496310072308,0.36836628344178,0.184412286424711,0.307774716920756,0.184135837344744,0.312169412965337,0.251055950540941,0.312941635692009,0.279661057142999,0.273843137210734,0.108576969196132,0.363248243180985,0.30360852024481,0.34583486383554,0.273818749158605,0.312865836790348,0.0985238222504384,0.109317349177551,0.244705074966129,0.209191668802885,0.411615873519696,0.256761961008295,0.259566172588304,0.236336322541218,0.0411182879144819,0.204506965404419,0.339396368887114,0.282145344695046,0.220810975262312,0.322777320130684,0.137893833074128,0.23700669183243,0.198607546712595,0.295714048324833,0.203205592487533,0.20170407731761,0.389395266843253,0.323745899026806
"cocleensis",0.127274861744183,0.168180917776276,0.166165558921989,0.210262172994865,0.227040118110166,0.085343490401567,0.182952954042876,0.16114586829144,0.192031767645823,0.0775118438714048,0.251814931600934,0.110497966372424,0.0901469260040777,0.202303476077929,0.144257026268914,0.184033639363996,0.194140767605708,0.281764306102176,0.225228463674653,1,0.173549371305311,0.141321813277811,0.176355033749798,0.130249094294865,0.138138511718484,0.158616663960978,0.188256148382207,0.0827642988024071,0.148378998274889,0.206750207655562,0.181734579519531,0.209853363896318,0.186645818639281,0.159020560052958,0.146751679073097,0.183916924819881,0.163352951814698,0.232456562109101,0.192679303955105,0.0996130239434574,0.217071130529598,0.183539017795873,0.146987745587671,0.177606977453375,0.220177958346625,0.163041100855156,0.128237090224357,0.119761187210192,0.112069821169905,0.13425287352795,0.178108228005554,0.216748429158231,0.316223446688431,0.141667476880348,0.188610752892275,0.238106586760048,0.280666765646458,0.159507967309845,0.164034514912491,0.139157549742467,0.286434337372775,0.221010383256757,0.134011937819949,0.169081642413637,0.169952090385245,0.175809167346792,0.17959444515011,0.210643686042405,0.225083720674244,0.204440421688738,0.0583588185881651,0.22196068850464,0.208498040484004,0.211637963127776,0.215962294136635,0.217184262802829,0.0604752529479495,0.0915856036718175,0.213987655405212,0.151618861225902,0.217900656363682,0.182401177827574,0.207112161797766,0.130371149866432,0.0340162359117719,0.15855103372656,0.19719363353213,0.173554683093101,0.162270034811463,0.303568672242647,0.10320822611138,0.174525356505737,0.335799803111618,0.227651856751348,0.130929569215439,0.113168881362193,0.217995008377929,0.347879452772334
"cordatoalata",0.169257249049693,0.228004394870657,0.23324107476635,0.280345565213806,0.169383092929475,0.116343258537468,0.25550150018782,0.306584504186444,0.217492939311316,0.10919117658589,0.242522103669061,0.11658701660006,0.120109368832199,0.250643732548158,0.157788294754332,0.331800117870811,0.234331934728196,0.231566469656099,0.325939616522654,0.173549371305311,1,0.211233196020854,0.311020447358456,0.184121522885266,0.38500993590206,0.194963533798729,0.223588883753501,0.128714495020074,0.246894685703732,0.275990006229026,0.188800565915544,0.156453982592488,0.243830129361822,0.189447571400005,0.206257380316756,0.258194451640014,0.273270659428529,0.25194285051719,0.187284885480181,0.0958803319310246,0.235919358480744,0.309215163092133,0.180151487778935,0.198361598729241,0.282086598974474,0.201631706047545,0.127609353666177,0.156095278804858,0.163898702252406,0.153341523263901,0.356906563868441,0.225798600581573,0.330226199883262,0.201854528346336,0.24266591056437,0.300942832656394,0.322869990125462,0.232766828092894,0.217465592357995,0.255841689354438,0.26302637447558,0.401338373242409,0.189673492542878,0.263377126539007,0.199835181174021,0.277020495701948,0.214732443514584,0.269805100310239,0.28437788828934,0.231755408489729,0.0744813777852691,0.337774516086373,0.282329332378341,0.37527412079701,0.293545227779278,0.358023026894747,0.073950420002039,0.0961489447969093,0.195016650891203,0.151471168900478,0.349819774294351,0.193367860449986,0.183762345087287,0.231857661302195,0.0363304650199698,0.190154703565238,0.307969654185571,0.237866352424843,0.194091579688257,0.284424584378117,0.147554616549047,0.195465642325272,0.160748604110876,0.32873344538089,0.202669729151777,0.170046663213113,0.349013654895687,0.294650531858808
"coruscans",0.223018986931431,0.180567235434488,0.149187846010238,0.248805951900933,0.163014556215101,0.102780853819369,0.220652130511593,0.215248672017118,0.232231203560782,0.133177433630612,0.201134538703647,0.214766589586287,0.158552296441336,0.186771574361298,0.235380864010695,0.176733348086512,0.162350190122962,0.253221854836792,0.2258374258192,0.141321813277811,0.211233196020854,1,0.15824392381871,0.222699408506068,0.15397587162389,0.172859877462024,0.191378060508136,0.122855902681841,0.210028165278286,0.171117921735018,0.172888297241001,0.184285943117987,0.221180065322551,0.114254190458636,0.261879429295232,0.162697027592937,0.19861920253377,0.181744322183984,0.164771312991944,0.186276428040142,0.191193849030643,0.406806998462848,0.132063853994501,0.140707572095783,0.22063047664144,0.169895643879202,0.121043882997336,0.205690229485784,0.157938098757745,0.155558772656529,0.237496611915753,0.143545619338007,0.250815162143392,0.150363886009912,0.145747045025208,0.188506192331598,0.297855022019194,0.212525495906357,0.228742876924124,0.182002930018814,0.161749058146059,0.279871493758918,0.142341603949953,0.19489685272663,0.260238978679508,0.220668859160983,0.18856655113111,0.272936826992071,0.199189131482229,0.305872100101916,0.198191266169385,0.229324020734778,0.185398249928701,0.235396834294591,0.206305365070135,0.255928128876161,0.296181771974502,0.084173820285263,0.155526771389974,0.361370537028353,0.281003955105032,0.20721788890586,0.152866623647455,0.242348717469879,0.0587886133444461,0.368871706171726,0.214339515610743,0.21721559865216,0.142670410501452,0.247363986061454,0.126720112130576,0.184624130593074,0.207380693506978,0.237276465386612,0.282554189533524,0.169870148252406,0.240826957725502,0.188933725354721
