"","acreana","acrocephala","acuminata","alata","alba","aria","auristellae","bourgonii","brachyrhachis.aff","brachystachys","brachystachys.aff","brevialata","brevipes","capitata12","capitata33","capitata35","cayennensis","chartacea","cinnamomea","cocleensis","cordatoalata","coruscans","cylindrica","edulis","fastuosa","flagelliformis","fosteriana","glomeriflora","goldmanii","gracilifolia","grandiflora","heterophylla","huberi","ingoides","jenmanii","kursarii","LA17","LA41","LA48","lateriflora","laurina","leiocalycina","leiocalycina.aff","lomatophylla","longiflora","longipedunculata","loubryana","M18","M25","M27","M30","M71","marginata","melinonis","microcoma","multinervis","nobilis","nouragensis","obidensis","oerstediana","paraensis","pezizifera","pezizifera.aff","pitmanii","poeppigiana","punctata","retinocarpa","rubiginosa","ruiziana","sapindoides","sertulifera","setosa","spectabilis","splendens","stipularis","striata","suaveolens","subcapitata","T18","T21","T29","T50","T51","T82","T85","tenuistipula","thibaudiana","tomentosa","ulei","umbellifera","umbellifera.aff","umbratica","velutina","venusta","vera","virgultosa","vismiifolia","Zygia.mediana"
"acreana",1,0.207130928027601,0.142713799981238,0.255998279784073,0.253760378676184,0.127812950290042,0.253957869393768,0.194245183307567,0.191851248897047,0.151098281014451,0.169492881254537,0.126899813885207,0.111457101784893,0.219744974962226,0.246888220044595,0.218216641124376,0.173262273084056,0.249292983592166,0.169414430300903,0.168093199507882,0.157946014754159,0.179625412985488,0.12553381681192,0.316990466392544,0.207364835371981,0.167186368856066,0.151361156028722,0.185259292011614,0.155551300605857,0.180153390131595,0.187182280675274,0.143146434483973,0.23845603460492,0.196890910626943,0.129812599352224,0.141093163789825,0.121388779481841,0.110746331513932,0.128512292577831,0.195348547295651,0.162681080104908,0.137282676233687,0.14757386649853,0.244482134609664,0.235979116644825,0.169360027430363,0.122624423321181,0.203319836463621,0.17506453644845,0.157607453626065,0.13518103018998,0.205834513262402,0.177821364984081,0.162458364900886,0.114773174598127,0.215794223292005,0.308928920796268,0.177872905940109,0.166728085939459,0.131473948449194,0.161516828122838,0.149858272788209,0.284720786642592,0.171009638683525,0.254256176076993,0.229959506187936,0.153211522779422,0.241849720087215,0.170828416186374,0.239384698422565,0.128968791743506,0.272962200163013,0.282511101614238,0.210670507278632,0.192262095273881,0.230664110943753,0.175632201689006,0.126407709749911,0.156462674686327,0.208808732787439,0.162118993586074,0.170142659409729,0.204462235534914,0.179130465046192,0.126742127242455,0.149256928318853,0.203803500336193,0.177045914375809,0.210496761450654,0.200054565815899,0.21701041726104,0.258083601978934,0.104217112876334,0.165672060669519,0.159937284829011,0.0989137952986315,0.204749878156611,0.342277179728213
"acrocephala",0.207130928027601,1,0.12334808599149,0.234285644232479,0.177411766383228,0.136890593368155,0.231102131724359,0.227449508975753,0.29001636668852,0.129016861630678,0.159625668384943,0.183137187581031,0.119906121278894,0.199282148029746,0.33451687055189,0.188762173836333,0.16177201008364,0.252592335919272,0.18060900184255,0.206394993620173,0.147812340586392,0.136646465023286,0.122204427574384,0.259400811974015,0.228607554906772,0.173224984953705,0.109529503612599,0.176856949308193,0.161905063211155,0.17458309264064,0.199402988850193,0.155030275950593,0.279533263836103,0.199722487619282,0.150582559178826,0.133387211133044,0.137856927950862,0.136336843115992,0.120650315268156,0.188092295155255,0.120866381789897,0.160830155690243,0.174775170259151,0.249248718993693,0.210826750935056,0.186333868846076,0.16092059133404,0.154692384044264,0.161493997906934,0.162976204774236,0.116353855527618,0.186393873497718,0.18864505883229,0.217415349864069,0.129543640708338,0.278493001817074,0.18563034880468,0.17168620574742,0.162235824108917,0.155410079152782,0.168320904907222,0.136968894005014,0.179645344209224,0.202548030410061,0.260603983851333,0.193752369104898,0.13628303848281,0.216930839171348,0.1910110983052,0.18965405100015,0.117419506035674,0.164557124985179,0.220803608223103,0.217002767906387,0.19352757764249,0.231125048461537,0.148179121142245,0.120657119420511,0.153938279229143,0.245552136098524,0.166155975291056,0.200167987519537,0.203554204965561,0.318392522229403,0.281137998058627,0.125631899543662,0.186264149022311,0.16957189159797,0.169823010534565,0.202627786894145,0.188414738532523,0.187727845819848,0.103196960219754,0.146595937059562,0.154994409858378,0.0773515834378458,0.17248809608695,0.220970606030132
"acuminata",0.142713799981238,0.12334808599149,1,0.152449420348484,0.0990791333049861,0.196103509580543,0.133647510357207,0.148476028741095,0.119046252832617,0.103174045210455,0.0938694947197276,0.10382212937655,0.083331324430767,0.12065239260797,0.164763095193685,0.139155975723512,0.189773076955066,0.0954662439905015,0.178107524413025,0.137380368720719,0.0870264335480686,0.112170413209606,0.0714550420346083,0.151542550776052,0.126652079996619,0.112529880954658,0.0715151319791701,0.116142535583858,0.122847699067279,0.117441881661497,0.196095659727165,0.0971569993319245,0.170102043139779,0.151707434951676,0.0868620044862494,0.0919701554818101,0.0957492229989669,0.0975299211148927,0.0917144581820213,0.13229540208796,0.0798423152352901,0.0907846291395537,0.125474490507817,0.150717877208852,0.161994245664238,0.140020429910182,0.0778723257354072,0.219682700109363,0.111425348106842,0.0935899045304793,0.0997498344079169,0.157120404599628,0.0938722094904847,0.139284139696371,0.0942373859812492,0.178602002730158,0.155939941356841,0.100426886618601,0.121008992084614,0.0848141742767066,0.0902484988341216,0.104701737204861,0.110865652014836,0.115321502172647,0.145169721521317,0.217936345836357,0.112053526060301,0.170850560850441,0.125252227834512,0.105114574075431,0.080201516237657,0.101028631646239,0.122977693208997,0.151738040606045,0.137308959739421,0.269139461826234,0.148601739179622,0.103123997411278,0.112279266608703,0.121632056094854,0.0825134078346825,0.10340834356061,0.0982673712169492,0.117130929822829,0.120085288832603,0.0725884284008771,0.14226935874391,0.119531255942873,0.117681014731521,0.10067986237914,0.170107242484263,0.117023230399362,0.0970457757267408,0.133413114526713,0.0976934599915063,0.0480816675378765,0.152369104621216,0.161515006232071
"alata",0.255998279784073,0.234285644232479,0.152449420348484,1,0.178124890996115,0.121628124403001,0.290055890321211,0.227100251303242,0.199152257773204,0.129884744832441,0.200051312505297,0.164724652585209,0.131748316902414,0.228680399352262,0.30761361975171,0.206672272462876,0.181077907351682,0.1678960786467,0.233612655145393,0.193330418157131,0.152933512767274,0.238252204048857,0.155473593523305,0.302773064380653,0.190886988488063,0.198697702571712,0.111537870372682,0.235769473801912,0.147404765368543,0.158257665465805,0.240597363993807,0.184212251495979,0.343057358193627,0.240708237492515,0.162194765403148,0.171045738784272,0.136376982380095,0.133692040803222,0.195946789345509,0.184725751065016,0.121995843824262,0.130300711937399,0.169668337030942,0.310695436077633,0.267609445556813,0.193236407292632,0.159609190904334,0.228977471099049,0.186504485530271,0.147426068265183,0.139074606612009,0.223743426506533,0.171596754261104,0.166415655758985,0.153430524697473,0.293770487279617,0.328937959955002,0.185796786235172,0.196174713256393,0.137168530073756,0.152759384083086,0.1800929989374,0.282471014876349,0.206004260213851,0.254921362374778,0.239524663083437,0.155652914984386,0.309761119875709,0.211280743911889,0.220579956287691,0.108088514373567,0.220780626315204,0.196933155495475,0.235310032918629,0.194573011612937,0.316206243282056,0.169711665633623,0.128462603410777,0.157424069970311,0.25850044365105,0.176961017446578,0.20716456018863,0.191540866981814,0.205359879292574,0.173704981105652,0.134117741622574,0.235697085578874,0.181827034838114,0.161465931547252,0.225620053638221,0.25389625713159,0.200485688414317,0.121117791555108,0.188782755726411,0.149691477978,0.0755573363124821,0.234039224551809,0.260647506983694
"alba",0.253760378676184,0.177411766383228,0.0990791333049861,0.178124890996115,1,0.100009317042173,0.219553284882891,0.146019528249214,0.170887794819241,0.232405922464444,0.268678159286877,0.217177723990282,0.205275715055527,0.170224031808836,0.160568395475099,0.23490617801647,0.215296180095381,0.212079330421351,0.129839515606521,0.138409995880864,0.143538625298276,0.258565860235218,0.14031416440781,0.185871815260118,0.182560587012485,0.278568793156376,0.17258613570613,0.132361735741611,0.252746902245083,0.159012985776168,0.128365939567272,0.222917564088415,0.2356051653987,0.148662004218251,0.28498519516506,0.106706091653831,0.122191752013862,0.107301738808987,0.0929991506461439,0.202502581706135,0.248807451547164,0.14976110244513,0.115102036284782,0.183043593836277,0.152440990770165,0.127092088290085,0.233117461719085,0.146987214196822,0.244097688941409,0.244353702141829,0.107134050933779,0.205461770795745,0.270628547600811,0.137541310149225,0.102457301959252,0.160304014334888,0.162674285841309,0.132792883748404,0.238042145652171,0.127773686424172,0.144251871271807,0.145610218955842,0.222873721941648,0.143162766800334,0.188063223919537,0.265197632272453,0.239414654327968,0.211274375230914,0.145399949620389,0.252322044287396,0.21396313044651,0.155279026994871,0.176870579755048,0.143196615393924,0.137755380260161,0.186996978760428,0.121315009671365,0.112450887106793,0.14366700050514,0.183650028741098,0.110372439703952,0.19053694540715,0.162086090235128,0.148432126807071,0.0988998462022209,0.134367469307875,0.198275445210533,0.15460367443613,0.123067808355961,0.305144610563289,0.141451189415461,0.319696868173448,0.084602895598345,0.150019026453119,0.141790025454384,0.185812578517932,0.136192926229337,0.189686121883758
"aria",0.127812950290042,0.136890593368155,0.196103509580543,0.121628124403001,0.100009317042173,1,0.122805059158968,0.147267392679344,0.10953210852454,0.0942695771922085,0.0979351102667166,0.0920673069969963,0.0720495469434529,0.127017539643397,0.138968175382725,0.129584822108727,0.192988346239814,0.1084003629306,0.10586382203955,0.114489921997252,0.0917056198194781,0.0947507334259525,0.0750423415810667,0.124091349692022,0.104017900077686,0.103444131094388,0.0781220600598167,0.1037663243235,0.0859480895890475,0.11042182506362,0.161168109006657,0.0806355002473857,0.131770218560639,0.107150943151142,0.11253208539141,0.119014304149639,0.0791468299279068,0.0910273237579425,0.139011208937496,0.114926659194831,0.0814954471127791,0.0874956459917768,0.0876169401362613,0.115596761282221,0.301910845863656,0.120112139766851,0.0859918957596334,0.175405899704557,0.100599894253206,0.101998915404655,0.0836569043618357,0.135942764630384,0.0964861661003075,0.115997413459654,0.0963638082698305,0.133676061097333,0.114595619608674,0.0961142729846107,0.111992600839436,0.0659475990051697,0.095071647135627,0.0983056635256509,0.118836527416144,0.102269644760365,0.122715877830513,0.185320320836925,0.0882470373438829,0.155704190694338,0.106322459566425,0.111657253202145,0.184838986288133,0.106046415669185,0.118682594544427,0.107527814726006,0.110312275240812,0.144033280876501,0.140920560379053,0.0766933821787159,0.111024396787707,0.252995561987574,0.104087919499666,0.088335882620526,0.114085882413022,0.110699554560098,0.0849523056466929,0.0884669050663726,0.239241557068643,0.10148115518441,0.149915229300547,0.105224326481258,0.139613707252802,0.0896505841462953,0.373104703974655,0.0793030373553206,0.123079378433979,0.0419669053721392,0.13004826776482,0.128932628708063
"auristellae",0.253957869393768,0.231102131724359,0.133647510357207,0.290055890321211,0.219553284882891,0.122805059158968,1,0.269949249441641,0.365753436092051,0.175746976002495,0.281946978459108,0.198187683128841,0.171420204074234,0.289754793050654,0.313971470982549,0.289280929334243,0.188842314195088,0.292403079852689,0.208251311515665,0.212529077753434,0.206533000048326,0.15992765536121,0.182643408925812,0.297701663238359,0.216676334551008,0.248789154961972,0.136994148482645,0.249432472431689,0.134307016436443,0.198140273109538,0.180344557828573,0.222440713311221,0.342234785020957,0.296869830034457,0.250360884822732,0.175897366251217,0.19217442791055,0.143757343750778,0.119380791980554,0.257636678288349,0.203456298550298,0.203505342950873,0.166136254312874,0.310578504935782,0.292231671344469,0.192976118785735,0.199057604004185,0.20290152196282,0.235486725894485,0.149380278144064,0.118031147454017,0.267359214467405,0.313883647094709,0.162953518466139,0.156101842798017,0.320710614801281,0.28245331255608,0.189521269232043,0.206933344484085,0.165332718905011,0.191792270829429,0.190267815711396,0.204323908473671,0.297071225182884,0.269908850781431,0.212233372359552,0.139405577490926,0.292333684351746,0.257090022331648,0.262594140714218,0.115493442855146,0.207554301139868,0.268549075397389,0.270224679848619,0.173226294842694,0.276684437588495,0.18329178669364,0.168527104321212,0.157812194627566,0.275108802059503,0.145946860945634,0.213634222475657,0.260071512857491,0.248041010848069,0.193916740510695,0.18711514649562,0.206302502423947,0.187552675191855,0.182426975271483,0.279251205278372,0.223211549029503,0.222349138990039,0.117362707813509,0.222734418496529,0.150851388201669,0.0708489832281825,0.245066246020421,0.285378333865776
"bourgonii",0.194245183307567,0.227449508975753,0.148476028741095,0.227100251303242,0.146019528249214,0.147267392679344,0.269949249441641,1,0.185525145063419,0.102530128170294,0.21209120929449,0.215591524695718,0.143909226265554,0.209166947799585,0.310368811549766,0.199946810154071,0.147424734936197,0.167812483963408,0.179593041277713,0.202490764187741,0.165984192923776,0.173833703772229,0.104938886308608,0.296694252694843,0.159315209518645,0.164394094468977,0.0999722240130747,0.190459742512441,0.178231574683828,0.17357929192688,0.194010589506967,0.169039106871336,0.261093939270051,0.241319956460783,0.161955173107734,0.138016008491125,0.0910591771136929,0.134860945933688,0.242787196999636,0.142145248996145,0.0961369803905323,0.126071535453318,0.231784526317306,0.285870350710769,0.322472765420334,0.230709706964912,0.163478770246399,0.212599698454584,0.14494906764471,0.139346555120514,0.123218686625554,0.161283413334948,0.167598784138959,0.144973022269433,0.18662734920953,0.302182952829645,0.267798293595258,0.15647594253432,0.153675320126096,0.108170748841796,0.166782395621015,0.143467814728508,0.161551845854617,0.229694568996275,0.203302037783644,0.207796395279971,0.150893793162645,0.238584298914983,0.303902602079854,0.153328906626881,0.16087567003047,0.130958093757268,0.184340457804617,0.297170047857602,0.16881992468878,0.237529464967542,0.192353594444103,0.155109720700386,0.14785236377832,0.287146770169029,0.12498732575823,0.244290755867395,0.218893193070742,0.214945946149392,0.221461832874692,0.11374972738927,0.220385544596404,0.197030155896269,0.19204216209475,0.207257948905264,0.200165662266908,0.203634340272545,0.154183218945726,0.118991812206097,0.137888795169868,0.0541615539308275,0.255709851806941,0.302017930515371
"brachyrhachis.aff",0.191851248897047,0.29001636668852,0.119046252832617,0.199152257773204,0.170887794819241,0.10953210852454,0.365753436092051,0.185525145063419,1,0.200866867803257,0.176753570916204,0.178662386212183,0.168708950765909,0.20029941938619,0.442668757156412,0.337046957769029,0.183355827289696,0.320550045157403,0.182511977012224,0.171160843187919,0.21546559217679,0.122187387583542,0.213516486325905,0.219462613916931,0.2288210406061,0.202720052568956,0.137561261204624,0.150112991151077,0.121386972145004,0.154256629180308,0.200445227937304,0.166189426228508,0.229033914315611,0.164636131294253,0.228905114266309,0.112624457549434,0.221019435863358,0.145324247158133,0.119289565375197,0.238846482352398,0.228802049626382,0.242852869974341,0.141855597089748,0.201552248222098,0.176939141790195,0.141458971984629,0.159508694984742,0.198056271266889,0.20189619883172,0.135195756478276,0.119897186982218,0.249459939419398,0.402796776098315,0.158017997836,0.0951034520891618,0.253232440109849,0.190115533756788,0.131545562310762,0.163292223678722,0.172563411309759,0.150800070004148,0.190377857927989,0.156770475309178,0.186790674416427,0.185012974135876,0.17511946399683,0.120477902098606,0.219526500120782,0.219646832686662,0.239735660363719,0.121465123764081,0.223921648723691,0.228028216538544,0.232289717711178,0.148799271220727,0.237597917771363,0.1853736898348,0.128105828209075,0.180719362323679,0.199021005304095,0.113023448363802,0.165613713210988,0.211001958864547,0.328618242232806,0.265717104317661,0.171484327641411,0.158816799946885,0.148611666836089,0.160418570801831,0.203425057309632,0.168528183061878,0.160349537272507,0.109241248881406,0.196865751197062,0.145462167163456,0.0658203201396267,0.194224183337125,0.222061623872335
"brachystachys",0.151098281014451,0.129016861630678,0.103174045210455,0.129884744832441,0.232405922464444,0.0942695771922085,0.175746976002495,0.102530128170294,0.200866867803257,1,0.337186136952418,0.248659805913344,0.217160041895456,0.10898209180924,0.171803278450783,0.218837635054841,0.110481529196539,0.159078532414464,0.133238731354224,0.0952869629374432,0.128896931371034,0.110555039582614,0.155509052242299,0.138922828392258,0.182201276302456,0.313994406672889,0.0971828546051289,0.116223755419834,0.0847176639479733,0.0922309740618191,0.200976111351028,0.348652268300368,0.17067994927387,0.117881752323014,0.328683284671813,0.0829157700644146,0.137853421034829,0.0970286551679222,0.0706203424655618,0.178461618759482,0.328612650517714,0.152342882430248,0.0864900253323043,0.147586444971489,0.153392544250026,0.107769574178378,0.335387015099672,0.210920524376839,0.314999851968683,0.248348821508118,0.0917383059432512,0.153771560177394,0.149447215643322,0.146169807542808,0.0962252074592466,0.156456901356278,0.119817053657866,0.107023039496707,0.349079473952568,0.114545700496127,0.129338944796185,0.125719515200818,0.117222217624068,0.120531499032152,0.158863046619342,0.106364393855742,0.0887966135942179,0.206766380291326,0.142288608736917,0.162543131485991,0.28425680462672,0.179078747350622,0.221079162929434,0.179791318675861,0.135534052430623,0.152475667078234,0.18677184609874,0.10246916779191,0.0862324184422242,0.12856087467704,0.07497574865665,0.11195214729954,0.121774358556827,0.14311958731048,0.0880359243185025,0.17661134608388,0.11835684330121,0.178723702540597,0.150864937263668,0.28255365595438,0.124153748916947,0.284436657688957,0.0860590794436272,0.135069180407712,0.116312168293798,0.315250662249442,0.108970563097572,0.163672061894358
"brachystachys.aff",0.169492881254537,0.159625668384943,0.0938694947197276,0.200051312505297,0.268678159286877,0.0979351102667166,0.281946978459108,0.21209120929449,0.176753570916204,0.337186136952418,1,0.356160502409525,0.230466609673807,0.209332751420114,0.236641896814884,0.177220111855016,0.138687640490967,0.132913039834281,0.142222069502775,0.184200468272472,0.125335536164077,0.139065805177059,0.10370166241849,0.230865433873008,0.163081943558743,0.330682182226012,0.10691045378592,0.17188649970443,0.102234209015361,0.172500972119193,0.135626359543386,0.384413922129966,0.232243001308838,0.232836367918872,0.349866099358793,0.150681258593017,0.119607040342186,0.108446373492973,0.111299643162797,0.144773106795386,0.30836646045341,0.135463757646675,0.155591869609062,0.298557594498794,0.210433772653782,0.159524150050971,0.393263192833803,0.17640866182808,0.298893125372256,0.281220358613928,0.0886062942683881,0.170274502295598,0.15228796854537,0.124997338385706,0.127040102564702,0.22457328809485,0.20693124153378,0.162207097291377,0.311756230537761,0.107955103874436,0.134430461231192,0.130466954744774,0.163922219504179,0.22806563141698,0.193559098295544,0.168333999316831,0.110481894345114,0.219477468823211,0.189749666773901,0.158869710388654,0.286912308012818,0.139939448837052,0.167997358506928,0.202147739992338,0.132179916943746,0.223343474689136,0.131300954633392,0.151294552490211,0.13194571840444,0.204392948590479,0.121527795450654,0.199010174379706,0.237506095799153,0.178668277916767,0.150139071544682,0.113929495994842,0.178159260714683,0.152554839859406,0.145197686255957,0.378475102566561,0.230568904420255,0.457576979344031,0.0864160986871788,0.147567674047774,0.143833743292502,0.286279468338123,0.182498262019331,0.206550565931539
"brevialata",0.126899813885207,0.183137187581031,0.10382212937655,0.164724652585209,0.217177723990282,0.0920673069969963,0.198187683128841,0.215591524695718,0.178662386212183,0.248659805913344,0.356160502409525,1,0.215202406082827,0.1511893896229,0.192901794502329,0.142446029153799,0.139823966921418,0.114980162465359,0.171502166918002,0.167904729702703,0.110510661787862,0.0976563217072089,0.105542547764481,0.198624545114875,0.130344528500506,0.328379526802126,0.0971761947270605,0.238133551406025,0.0948189933853122,0.164948539074319,0.114133101504501,0.270022667394715,0.168952254607603,0.176400481935399,0.265786756529606,0.13698097326501,0.0926112948653276,0.0975190849906876,0.0844725323056386,0.121728788970007,0.240486249062182,0.120712063859336,0.125496528051264,0.178995377524951,0.170403549464329,0.157789906056106,0.30650950016164,0.126087381558872,0.30419835899196,0.247820610769776,0.154842246052291,0.132923760392582,0.117640583319025,0.0979710995882138,0.126610492370692,0.206697744440288,0.134720165329875,0.147843172696662,0.266255081900473,0.0994380045495115,0.123600679959079,0.146712680587023,0.125613687113229,0.199649862102304,0.149333822182362,0.135949641368394,0.0852753417402982,0.142201686418599,0.201200033153072,0.142932106135449,0.228973143967266,0.0917674944803573,0.126672081847683,0.195614957543952,0.150807589146064,0.183482419297789,0.120740196354937,0.111129261896943,0.140601934300942,0.170903257001979,0.103255251466428,0.215912152767729,0.197789680391667,0.17707694871668,0.155640080636693,0.125533758821663,0.1406946202756,0.11974861374346,0.124200021838065,0.29916088832123,0.134645837498373,0.295063076231667,0.0691687433554236,0.117710557423642,0.094628600774746,0.202669245647784,0.160444390538161,0.17651675895067
"brevipes",0.111457101784893,0.119906121278894,0.083331324430767,0.131748316902414,0.205275715055527,0.0720495469434529,0.171420204074234,0.143909226265554,0.168708950765909,0.217160041895456,0.230466609673807,0.215202406082827,1,0.104606338914503,0.142177675944291,0.138459986310191,0.120490695940497,0.131144811276972,0.0987992135344263,0.107471023209271,0.152827721365556,0.0918945735973525,0.118382275543399,0.128280250285186,0.148785131150046,0.256888696314382,0.119917711275411,0.101671574171269,0.104223017334394,0.114848816107458,0.103140101209928,0.231960066217933,0.148095217378596,0.141180911264355,0.234184812576435,0.0864937508629772,0.137117582948662,0.121684185817781,0.0670975827318699,0.167337166213769,0.224507945241569,0.148915322675605,0.106296994309935,0.119879951507608,0.142378253324486,0.0915531227529829,0.194195656401916,0.118954933714442,0.289133999281944,0.186310494747313,0.0822229194129709,0.121502691542493,0.174065561748253,0.146396034178507,0.115916957312895,0.216112197805196,0.104894250483582,0.0982418814073121,0.206092980987877,0.119029279749055,0.114258579580807,0.154738135693519,0.100599250419223,0.108166899896572,0.113507396526099,0.11795849944381,0.0839412733100777,0.152768293028887,0.134638395989328,0.186231927116571,0.170907258897344,0.143206821836273,0.153233667998585,0.185615206630651,0.105598498470744,0.151969620457605,0.0802208397720351,0.17395554913076,0.14930915988091,0.128588210697768,0.0780848129868947,0.124675902178654,0.119798794733171,0.235383268381157,0.0966603600685955,0.121416464885287,0.0981261817668569,0.132486411822733,0.0987025622221004,0.23414096696968,0.210555573531035,0.183389638184878,0.0624318277508066,0.113060378264133,0.0950837497928903,0.164206992369613,0.121072086713849,0.128986225969151
"capitata12",0.219744974962226,0.199282148029746,0.12065239260797,0.228680399352262,0.170224031808836,0.127017539643397,0.289754793050654,0.209166947799585,0.20029941938619,0.10898209180924,0.209332751420114,0.1511893896229,0.104606338914503,1,0.26238503107364,0.269563043367274,0.145265059848546,0.151709111551583,0.139852194261981,0.197921173312427,0.210737264149204,0.131392038823486,0.118999599007433,0.263617521594623,0.17165119958057,0.175065400231306,0.126734133255268,0.181594665187177,0.115260378104274,0.173246687810559,0.136282896944619,0.167194894955751,0.276480780596582,0.222894975072111,0.147978519885103,0.1458191276134,0.105128783238624,0.111058848172961,0.0901944456404888,0.158532397447478,0.214999211365892,0.131948140795712,0.149055945541939,0.248301857651142,0.23152206317255,0.170873951333924,0.159072428960513,0.163092085477503,0.151585809353752,0.130442286545313,0.127900660629079,0.169934853996065,0.157166651951052,0.155329391543963,0.136997414044294,0.234051980396217,0.209919532581851,0.189799649705707,0.147062542249329,0.129635054761396,0.16037870703034,0.150062295381864,0.198057008950773,0.2076663749431,0.248236617868487,0.188319299323756,0.105722690254658,0.250474248041011,0.189907778713289,0.190756000251808,0.121183636800199,0.150484692756285,0.198229309301413,0.200003765039419,0.155847426075408,0.247371208676388,0.120132580723716,0.117429190418019,0.143773566551148,0.240736753240269,0.149083176961552,0.197898233766454,0.205211029436646,0.181142564125213,0.117123258963322,0.121881027191705,0.189015786214526,0.152689459714029,0.153848756435671,0.21418994665548,0.187916321495174,0.179652056929359,0.0836955967374078,0.165018737301301,0.157599687900338,0.0614249029807899,0.208726612437458,0.226538104954559
"capitata33",0.246888220044595,0.33451687055189,0.164763095193685,0.30761361975171,0.160568395475099,0.138968175382725,0.313971470982549,0.310368811549766,0.442668757156412,0.171803278450783,0.236641896814884,0.192901794502329,0.142177675944291,0.26238503107364,1,0.273819894653448,0.173647912876336,0.158232400637823,0.247238645671765,0.241077583006085,0.14767451099075,0.171851227905011,0.107987175351811,0.335136357942122,0.202930441001446,0.182302616536676,0.119323032489516,0.217064155913527,0.13278857691568,0.184773428779363,0.275415491721282,0.184217668277394,0.289028932842231,0.271461339009707,0.14829609906214,0.189539363819642,0.109947361237226,0.124403791764785,0.14830026448088,0.17786251310533,0.10458709157917,0.136086099430842,0.234027533125495,0.339284255086793,0.279459048167402,0.239363073896385,0.198519497769675,0.272822529072824,0.170540212338758,0.14725923154941,0.136794715890845,0.185979596645148,0.17127939533041,0.208365075640227,0.152585027726502,0.344271586929969,0.299261054364924,0.158037057879128,0.203540379428034,0.14475477919122,0.158607992657177,0.193847697877949,0.225161379035397,0.268913337469126,0.222695319809975,0.223002885499589,0.17419690787558,0.338914431699325,0.269026172270606,0.181928364130786,0.115189076723778,0.206137850451874,0.235520102280672,0.298551742554504,0.212293378685034,0.297509790868454,0.307080506212459,0.154848228658463,0.17124648326772,0.272986985231981,0.147897788132706,0.225155975803197,0.218456021357071,0.428861276775153,0.420018484790424,0.107813924783807,0.224747517447405,0.200204798500967,0.217651876510374,0.224391908544234,0.248628193640342,0.213297058560889,0.12295967691506,0.162951887538594,0.158959463019991,0.0610898039822937,0.294616654485231,0.282752933057773
"capitata35",0.218216641124376,0.188762173836333,0.139155975723512,0.206672272462876,0.23490617801647,0.129584822108727,0.289280929334243,0.199946810154071,0.337046957769029,0.218837635054841,0.177220111855016,0.142446029153799,0.138459986310191,0.269563043367274,0.273819894653448,1,0.160569098664473,0.209492729008336,0.211728039530741,0.174555022264584,0.19183890519999,0.134399570847674,0.182400672423881,0.224819487524567,0.20798126489945,0.197225706780448,0.115952521675398,0.143751308553156,0.111203017785999,0.182847151456704,0.253802196674344,0.155167771555147,0.223454221559722,0.191464260154829,0.278476659967923,0.132903561553427,0.189588007987418,0.18236432607967,0.146313861335274,0.245657323482674,0.187543304160649,0.188985283211528,0.171242119512627,0.224864632677887,0.203632226759383,0.157761670273608,0.128713590238368,0.275771457708895,0.179052256979603,0.146183806942549,0.116385064739396,0.285217423987292,0.25019176728896,0.171869550229938,0.113085312198657,0.262234733808166,0.210876209711518,0.145789275602601,0.185295101549442,0.127289769214112,0.134594284459332,0.163117387029866,0.208858303512596,0.163320652115858,0.189999530287334,0.167688056283716,0.125282047063503,0.276415293665339,0.228801846283246,0.226184899110063,0.149005733010513,0.249270085844514,0.259594064757649,0.216918391063828,0.20018761221214,0.226256509009556,0.250572878099549,0.122607046352111,0.130454292155174,0.221329569154594,0.12417606517071,0.165942277716017,0.198201168289818,0.249507175281328,0.149257096014968,0.179092065773157,0.194977180006276,0.188736823021645,0.190707091272931,0.18429209448404,0.179585978461688,0.19356745597671,0.135557327905651,0.184598273247499,0.194243559908005,0.0611131076433234,0.179918530725301,0.204555873133454
"cayennensis",0.173262273084056,0.16177201008364,0.189773076955066,0.181077907351682,0.215296180095381,0.192988346239814,0.188842314195088,0.147424734936197,0.183355827289696,0.110481529196539,0.138687640490967,0.139823966921418,0.120490695940497,0.145265059848546,0.173647912876336,0.160569098664473,1,0.172140228596142,0.145844523010256,0.149736781734712,0.162529372093957,0.172614524717457,0.150380359866337,0.17171095632007,0.170321780625593,0.214488317647136,0.199769051777447,0.154185569685964,0.182338013479112,0.177288574721604,0.131052826984161,0.129337191986035,0.181614341279267,0.149989095097508,0.130590283327099,0.130491932925253,0.140421163024956,0.119673964730334,0.0849836726756596,0.147128660873101,0.147934014517979,0.137814292720219,0.092872428669287,0.160661195319157,0.179818996093998,0.154758255314284,0.138571262572431,0.167165578040914,0.1615164058176,0.132988356101559,0.11652406511144,0.181780404899361,0.236429234216161,0.168572304391375,0.137268206559524,0.160349806035837,0.140463249285396,0.1497967593733,0.146297712074538,0.143437390323659,0.153601330467281,0.189486986813449,0.128805335034174,0.16316868719545,0.18530197187897,0.258329599449319,0.172252816470795,0.199953140594016,0.180173309545324,0.2356829526096,0.115918114287248,0.149481697235645,0.153625510720621,0.160691649922491,0.134848988189364,0.183545777769143,0.119898457854909,0.171770913197066,0.172649657462833,0.181560179151185,0.122680557986158,0.141488703708462,0.163153246414284,0.159632230016025,0.104616392581812,0.13918085124747,0.174975917403784,0.142443882238648,0.144997814307973,0.172830715757901,0.154590222353894,0.130080467634756,0.0683072481795519,0.134408608179599,0.148694854345421,0.0690314104942882,0.165989985592274,0.186237549985631
"chartacea",0.249292983592166,0.252592335919272,0.0954662439905015,0.1678960786467,0.212079330421351,0.1084003629306,0.292403079852689,0.167812483963408,0.320550045157403,0.159078532414464,0.132913039834281,0.114980162465359,0.131144811276972,0.151709111551583,0.158232400637823,0.209492729008336,0.172140228596142,1,0.128597684717274,0.122655265402185,0.215957559615794,0.10328136241695,0.215202396955518,0.169295372619722,0.171916932944528,0.17575189107603,0.12376466548475,0.141434537752821,0.0988539047533666,0.135583267947308,0.118279697091649,0.109066116733072,0.216560056752135,0.120573634272445,0.212096535480371,0.0973168916335262,0.196814998703713,0.118317331413848,0.101884034996736,0.205314334291332,0.187881105511174,0.21679597626298,0.105567688764292,0.147399536598071,0.155306046136312,0.133364116135737,0.107072751567094,0.142555944805255,0.176210866655487,0.120547390524432,0.098438424356968,0.224860137803822,0.302935919861257,0.148956269008055,0.11553210871345,0.159116905271012,0.155928431028237,0.120738289294684,0.125643098672081,0.170847634392228,0.190100181200143,0.176904778032498,0.213394607532178,0.144575633331447,0.1641282040383,0.135603668180069,0.100400083103867,0.169021499586309,0.144344115529866,0.280544943843965,0.123969166464988,0.180364130341439,0.19715151235112,0.150347538706679,0.123270590261636,0.167082898031614,0.105084175811865,0.11659936169923,0.140024796164079,0.179160427969869,0.109782970488976,0.12801754834401,0.155629362983176,0.131883744552501,0.084989139414227,0.164578255221765,0.175853688512478,0.133639782935309,0.113520443394569,0.18883897922033,0.126106523466434,0.172116981662674,0.104956719217423,0.19648939153473,0.128213032116245,0.0811081382861916,0.130406428116891,0.205043512060876
"cinnamomea",0.169414430300903,0.18060900184255,0.178107524413025,0.233612655145393,0.129839515606521,0.10586382203955,0.208251311515665,0.179593041277713,0.182511977012224,0.133238731354224,0.142222069502775,0.171502166918002,0.0987992135344263,0.139852194261981,0.247238645671765,0.211728039530741,0.145844523010256,0.128597684717274,1,0.15583136422617,0.114893740072395,0.125433633717443,0.0856107778328692,0.188709197102201,0.169957086469386,0.151294757040654,0.0791914071986042,0.150707508069798,0.116090584696104,0.123887879113864,0.231708235702878,0.128093718419114,0.195911599195671,0.188530554722859,0.104314775012806,0.153226614499635,0.117530303512009,0.105434245461776,0.139525366356234,0.149618670785362,0.0896644590226659,0.10813782118194,0.148983651768111,0.197337322923287,0.204085955746986,0.139771468153073,0.12726772597416,0.223451918073024,0.148637831609044,0.123125882568245,0.133455835479878,0.197293866959534,0.11835300822806,0.141947867804975,0.133988096328846,0.257480692370089,0.196849742436731,0.113758520663098,0.191414563963528,0.111383558438064,0.121362061496008,0.128949249359597,0.175211427386596,0.151508134170741,0.226052726397159,0.158506866431521,0.121260915134112,0.260617700086779,0.177066025130399,0.138900218374607,0.0921719349165113,0.143105955019036,0.155643263049481,0.218755538044984,0.202381407498632,0.26738193711378,0.186161497135121,0.102849006258688,0.120075342826408,0.18053900025584,0.146009711338831,0.141506739686514,0.147361506814936,0.185392011219538,0.148765217552995,0.0873802241443133,0.153628744926948,0.174990687431089,0.163166167935271,0.152959137012491,0.214530679098017,0.169894086426751,0.0974249256458123,0.109836880423576,0.112844081357918,0.0485064301412639,0.224561232059178,0.258304662351471
"cocleensis",0.168093199507882,0.206394993620173,0.137380368720719,0.193330418157131,0.138409995880864,0.114489921997252,0.212529077753434,0.202490764187741,0.171160843187919,0.0952869629374432,0.184200468272472,0.167904729702703,0.107471023209271,0.197921173312427,0.241077583006085,0.174555022264584,0.149736781734712,0.122655265402185,0.15583136422617,1,0.13520387962034,0.117414925701881,0.0952253862455357,0.210415581614321,0.19001735025488,0.162633353111566,0.115181603125626,0.189438326129173,0.130369424255222,0.163395420806026,0.127176598159333,0.166740379433399,0.19835413913927,0.181857904912558,0.111759798344148,0.166121021433156,0.102408972274123,0.13688487361298,0.108531754489163,0.143573915345521,0.0931707842320853,0.107713702414892,0.130564556157334,0.220134916710103,0.19699478082045,0.174893445945024,0.140848096944643,0.167441079451657,0.141607312004928,0.127180948732828,0.11518083943303,0.147952427320524,0.137805382293239,0.13526963756287,0.136119397263265,0.211967211471543,0.187782234837785,0.195318422558304,0.187209775024989,0.132423096697184,0.121456983904153,0.130823871223291,0.154540057806539,0.195016543518846,0.201592952756739,0.182464699032772,0.108313943805529,0.202159153838374,0.199014447153732,0.168427936126224,0.0877906043187194,0.132072879539514,0.182274022888666,0.187494647976155,0.148250405316503,0.200111971003962,0.136956219468925,0.114409494381698,0.147383342783418,0.206751916190636,0.122282604025177,0.210703725562313,0.169007181336228,0.192428039590132,0.166968854752526,0.118199639073453,0.190930343978763,0.154605118812594,0.153956020316254,0.155128165344801,0.161827809994572,0.148069254908832,0.083286298998074,0.134762195009987,0.139086193402414,0.0862992925618534,0.189202163889974,0.206318313117223
"cordatoalata",0.157946014754159,0.147812340586392,0.0870264335480686,0.152933512767274,0.143538625298276,0.0917056198194781,0.206533000048326,0.165984192923776,0.21546559217679,0.128896931371034,0.125335536164077,0.110510661787862,0.152827721365556,0.210737264149204,0.14767451099075,0.19183890519999,0.162529372093957,0.215957559615794,0.114893740072395,0.13520387962034,1,0.103291075765045,0.176827994832905,0.153702617119445,0.165957802466886,0.173479653590086,0.138759604343818,0.121013931605196,0.111716823466457,0.1694531331924,0.106846758328697,0.116840517518136,0.195606008529633,0.110956897524649,0.159022123111659,0.0958253969739613,0.14779455690757,0.121267041547795,0.105019942957129,0.152965597413771,0.184026413455619,0.182677684494792,0.0942387893882467,0.16149080721991,0.135101304857131,0.131296419967061,0.100676327157467,0.182809781830266,0.249944596927348,0.135291631697537,0.100342260149795,0.161545155314095,0.219394720031437,0.11713114182377,0.0927313172805025,0.133282512346958,0.13609147276156,0.132317173396527,0.118222503419235,0.147343166111984,0.207312689020315,0.182339545253116,0.146689851778669,0.114779563714527,0.186015522922803,0.137959334477979,0.101536023199709,0.157009142178369,0.15720812392252,0.204822689895334,0.15654604793522,0.14777780011369,0.180849235017423,0.158791360467299,0.127851170877441,0.172644634780833,0.0859811381637776,0.101224819159903,0.137282419065381,0.141916988101575,0.100653868039168,0.133848266199448,0.163644260358071,0.149235330341271,0.0809630967006606,0.154575489623523,0.170241087144847,0.131912144273416,0.104497444880227,0.243402554043274,0.127159962239309,0.101084139059534,0.0652184971023917,0.200508578775845,0.170201022822392,0.070575822818473,0.114791398851361,0.186055438314231
"coruscans",0.179625412985488,0.136646465023286,0.112170413209606,0.238252204048857,0.258565860235218,0.0947507334259525,0.15992765536121,0.173833703772229,0.122187387583542,0.110555039582614,0.139065805177059,0.0976563217072089,0.0918945735973525,0.131392038823486,0.171851227905011,0.134399570847674,0.172614524717457,0.10328136241695,0.125433633717443,0.117414925701881,0.103291075765045,1,0.165583968663964,0.169044451146585,0.140703822157622,0.13378938557626,0.141014332225842,0.122533342994776,0.433420595741172,0.117948978095035,0.170105205251839,0.12011823225164,0.205762153726238,0.165865351467236,0.086012884534042,0.0908611125069838,0.0737131324838546,0.0921097569699525,0.12610696720834,0.133255354747427,0.0873765554923805,0.105281382685971,0.128776235551254,0.180920836361094,0.173367158182811,0.130464614919103,0.116825672862126,0.170903191888638,0.107251684813746,0.113705673099047,0.107483984702655,0.124409409029988,0.315636899454915,0.111504006405695,0.114172650018243,0.145319308586981,0.174178891462735,0.114958628402768,0.122083516579149,0.0937999673101225,0.129041368029213,0.0967994351160386,0.132095423792169,0.114759544992119,0.149249558542508,0.312444332614883,0.483718650574435,0.175076268081065,0.130751329664158,0.13229370398775,0.0867103083656608,0.122268808432189,0.145753439159067,0.16421788144143,0.114816167058106,0.174041062949883,0.133311565305505,0.104845582362787,0.101791723620371,0.151275459181849,0.110728691253664,0.112164532216322,0.113111149343532,0.168684899850355,0.133453745948546,0.10611437406696,0.203577989648433,0.14770597931991,0.122620778974779,0.154680842095586,0.150681559417991,0.125213980105646,0.103615389883046,0.141273772094703,0.110936187474973,0.0682031254935393,0.165802804742224,0.161912961679763
