"","acreana","acrocephala","acuminata","alata","alba","aria","auristellae","bourgonii","brachyrhachis.aff","brachystachys","brachystachys.aff","brevialata","brevipes","capitata12","capitata33","capitata35","cayennensis","chartacea","cinnamomea","cocleensis","cordatoalata","coruscans","cylindrica","edulis","fastuosa","flagelliformis","fosteriana","glomeriflora","goldmanii","gracilifolia","grandiflora","heterophylla","huberi","ingoides","jenmanii","kursarii","LA17","LA41","LA48","lateriflora","laurina","leiocalycina","leiocalycina.aff","lomatophylla","longiflora","longipedunculata","loubryana","M18","M25","M27b","M30","M71","marginata","melinonis","microcoma","multinervis","nobilis","nouragensis","obidensis","oerstediana","paraensis","pezizifera","pezizifera.aff","pitmanii","poeppigiana","punctata","retinocarpa","rubiginosa","ruiziana","sapindoides","sertulifera","setosa","spectabilis","splendens","stipularis","striata","suaveolens","subcapitata","T18","T21","T29","T50","T51","T82","T85","tenuistipula","thibaudiana","tomentosa","ulei","umbellifera","umbellifera.aff","umbratica","velutina","venusta","vera","virgultosa","vismiifolia","Zygia mediana"
"acreana",1,0.191585490314906,0.161941118749624,0.27224042504972,0.232657301058902,0.197432841210995,0.245480551789482,0.227973270970212,0.229127819190428,0.123186637563728,0.179875740548118,0.196407428194536,0.167209983662266,0.187171516755882,0.250655827911527,0.174886687365501,0.198185876716832,0.201221328531176,0.155014165022003,0.188785353561826,0.191640750463854,0.246097052988375,0.246921164617067,0.224495208163619,0.201414673166389,0.134402261317549,0.17074095320742,0.184838077701455,0.212569442337566,0.232470744956301,0.185167537888585,0.185651218400142,0.186034208948102,0.182888199811337,0.20387639607357,0.156087379635258,0.182806212854994,0.175579921829307,0.0786659809847202,0.162760968244005,0.165553199273722,0.215571497899002,0.265380588618348,0.23115573122139,0.211538314916219,0.184766758541239,0.181010729294675,0.181703892465726,0.195423577357705,0.167961801059987,0.189876752007271,0.177192116432092,0.2277915495142,0.186316154493296,0.244258641346204,0.208326484579016,0.151141665054819,0.140633517901289,0.204469516156566,0.210805638015642,0.204029695707526,0.249667231043165,0.215232584704138,0.266632761043223,0.217763538666763,0.266859682463442,0.199637809226098,0.262477988937662,0.192372879568388,0.213453586791153,0.17467478052096,0.168816758816498,0.272902993020584,0.208790677117359,0.171780894112646,0.237187889187681,0.213590195833449,0.15738964263998,0.235990688343196,0.229184535623102,0.199581291414435,0.217446881292245,0.121444784269865,0.183855889570425,0.105123417407855,0.113582566680113,0.154417989260621,0.156808709680145,0.186595395573809,0.201576965215025,0.199246049363188,0.160975933088142,0.0872400340906643,0.234618875930851,0.145730515960665,0.101551922643625,0.184437264137439,0.209248447626242
"acrocephala",0.191585490314906,1,0.158646822011072,0.321400789488061,0.232251125952925,0.188176394290668,0.226874740233091,0.22795707255768,0.269408275645862,0.158251941478835,0.25543782692432,0.239574201972537,0.172540471511575,0.188782641349594,0.165574790746221,0.313034882585764,0.200480163817183,0.254420953952805,0.169226539947972,0.208212847786626,0.259305163166165,0.309330909846988,0.232533194819695,0.253296539023193,0.149257128037093,0.179344109473261,0.169539941373333,0.234681048687613,0.234835554034128,0.222089415340214,0.190181453155565,0.1705223164082,0.199202857015286,0.259541787493102,0.284909589696381,0.126372314272235,0.279875348716609,0.168901008610092,0.0685540116917293,0.215246139684724,0.163753117915058,0.363659646093056,0.23266417277243,0.265605532828926,0.219597010708463,0.205362321107702,0.153742883661193,0.236660113779117,0.150029742222554,0.238616619348515,0.250895735204692,0.207078647245141,0.281312680680215,0.295560625063965,0.177919574344801,0.262279054075714,0.138882162037018,0.156471988045781,0.20890502425766,0.200309392490496,0.223938371306726,0.230467151910188,0.185514836937563,0.168438984282133,0.222897863986638,0.251169284692373,0.192554656416888,0.235653334224545,0.165322331104178,0.181444662798317,0.177093240358277,0.157278245350473,0.182033504849984,0.172693141871735,0.196910152763052,0.224937592181948,0.169375573473619,0.210945560664596,0.232405106787022,0.270413341738253,0.141824101711909,0.399427140483698,0.0886738035791524,0.40298152258403,0.0770741510874882,0.101680266494121,0.131844723722014,0.131825052591424,0.146035606622374,0.220784003275278,0.215766733050615,0.248952483049576,0.0936291827297632,0.233542424218803,0.163868906298002,0.116171359577438,0.284270173605099,0.158015282048207
"acuminata",0.161941118749624,0.158646822011072,1,0.200997250212092,0.169861938326836,0.164201537794921,0.172729889340619,0.170767012913518,0.132174193801749,0.0941843544756338,0.148911464699754,0.151546820596452,0.130291372248671,0.131997587450493,0.143513542957744,0.183963240682377,0.132036644632204,0.179125571001439,0.130399305011059,0.184432912335202,0.185948614841229,0.218188071902753,0.215535032779026,0.150366991348329,0.143076725186168,0.0975949195757232,0.130642066204134,0.160270193440576,0.145420947946356,0.186792928019205,0.148163117596294,0.126685419852748,0.118080803008185,0.128541155647588,0.163707269866637,0.118348495582608,0.19802510513584,0.170837418962965,0.0494365380180572,0.129511633653724,0.119099299328328,0.208276535824762,0.159487488537076,0.185720901218633,0.16293387429813,0.125677564479683,0.112933393725635,0.149689428847347,0.113158106797443,0.153164606735362,0.181117170171938,0.160036031921674,0.163719941186389,0.147138244564885,0.213109754080552,0.162755830304782,0.304319378512433,0.122007306897882,0.13417022706739,0.130836319640861,0.231861820680713,0.180694790112331,0.131637552887762,0.143609441425275,0.144835307213332,0.206970899197198,0.186827656140444,0.165296195759648,0.156762017495271,0.154779012478635,0.121094135568557,0.130308055872234,0.155154027191622,0.184515403849678,0.162624113385391,0.185205147843407,0.151366922906019,0.154381012588354,0.181164937984127,0.149679183953384,0.136658284318551,0.182709052123248,0.103477476060682,0.184021121726131,0.0682343168751774,0.126944222350734,0.10736387951445,0.104409897134752,0.13810743922129,0.171659925668696,0.145965442218018,0.136522355695153,0.0617105981683531,0.147721124005921,0.152633576326096,0.0920644991171465,0.159021010962653,0.126632279554263
"alata",0.27224042504972,0.321400789488061,0.200997250212092,1,0.293243367493546,0.291342564339274,0.318893845117692,0.291687233092744,0.283406898232898,0.192801518406412,0.253727088235098,0.252600179397338,0.219384152976984,0.209765695257965,0.227461563144938,0.268436968128921,0.25646690588612,0.295239228720022,0.173708799081037,0.25532551469491,0.272510691289108,0.347234185192787,0.317519199539767,0.306832602078845,0.206837806553929,0.166525627503622,0.245349987636444,0.258092708057648,0.22692151319826,0.288486380358049,0.219624967870095,0.215347975996391,0.239158558128397,0.229719532714283,0.317639419785007,0.184938210203622,0.337344055252549,0.202319295710773,0.0827505746353177,0.209674951932035,0.186085060062483,0.32425574258155,0.265374143613167,0.276861848521649,0.231518657930087,0.229959968911629,0.19390149652154,0.250779646561429,0.223740480942049,0.235154749061746,0.269279415900842,0.240876477042361,0.354609024364961,0.262154935655449,0.220592623547176,0.362115452377194,0.179660301487402,0.188259197136265,0.238747204461858,0.216334606181968,0.234233377167977,0.349713449170027,0.221933946266868,0.235141133754606,0.256403245789445,0.302404698815448,0.243542845609046,0.315363994213959,0.267435499326496,0.263452914902235,0.209749666352239,0.195572739785569,0.297771043595777,0.222477913178306,0.192381682333429,0.313239020509394,0.249312232036197,0.198659690318335,0.270887603774818,0.31573931648344,0.191431033644391,0.383702996377289,0.132393580917496,0.37012828753135,0.122336083505539,0.141265972487673,0.176821103404622,0.166572815091509,0.171751516945785,0.270807145522146,0.281345865685029,0.225408930649716,0.0959369600249768,0.323462161722617,0.174666690324657,0.136556067441431,0.345600356687308,0.221955015537178
"alba",0.232657301058902,0.232251125952925,0.169861938326836,0.293243367493546,1,0.235661052339699,0.277118814947859,0.21951682145416,0.214311800225374,0.261787885285059,0.303848185423179,0.321645133194011,0.289959664237742,0.198061593140142,0.19777844442978,0.202545869646357,0.242605901516352,0.262964319862375,0.151362432528021,0.227055949338852,0.252502121389159,0.300114924925248,0.244739988887687,0.245398472353205,0.188672892332726,0.272465017752139,0.182509189735731,0.187797727401726,0.226989097021064,0.232806289738066,0.262414913495677,0.302978122580437,0.231620961431829,0.225477685591021,0.336446310023975,0.151706403606813,0.211269578842497,0.191390022697597,0.0745628321327464,0.154878971228638,0.292033019402346,0.242242590916776,0.214303732624653,0.231191587053911,0.219126116852439,0.189869385084681,0.276051263946789,0.231234223445001,0.263689832055075,0.337795168368964,0.284276126689507,0.214422171164825,0.256296066408116,0.226039160253311,0.20011113668732,0.277300122414758,0.181125050097485,0.155085059113794,0.314452593135181,0.167191693928425,0.208927906851696,0.286507171290287,0.203730031937646,0.187992240534977,0.265898690505951,0.279255503768533,0.221096021728757,0.309219705062164,0.201023339579553,0.232032983178158,0.295420617737538,0.203845987170567,0.244772719561639,0.198397831506768,0.209092415537854,0.279959157459755,0.195892432769322,0.176371908607624,0.191579152573794,0.229079295658644,0.168784602899012,0.294560117943961,0.106613610248984,0.241592251847351,0.0921907407742854,0.113800852201557,0.170606141631895,0.13375521998726,0.149266886740684,0.362006292369617,0.209779156222612,0.294854996936846,0.113768378757687,0.258468730833089,0.148070822432311,0.212725905100786,0.261535221536991,0.212167608187443
"aria",0.197432841210995,0.188176394290668,0.164201537794921,0.291342564339274,0.235661052339699,1,0.299084095097404,0.245452782008729,0.187083396198147,0.101729159133605,0.243565923605138,0.25619896709137,0.181586806501146,0.173837010034345,0.170252000724476,0.188986169976944,0.261927645564139,0.25163214584903,0.143070177031886,0.215933640063523,0.178204631442276,0.297086881052666,0.248809914292404,0.24480558929184,0.17384995974632,0.213798152469643,0.226909196990874,0.157259154359212,0.224235294920634,0.277668396025878,0.227559942098884,0.160977342950231,0.183934113492147,0.213684074769991,0.215007278770999,0.153433460642486,0.193288932347318,0.171203257337251,0.0704272912941851,0.157831379618681,0.138391051513095,0.257850384682931,0.291159046342556,0.242064361108579,0.187572173235346,0.169164736883645,0.152688278380337,0.202389495896001,0.190507710587384,0.230023008017068,0.241372352412465,0.222304622119551,0.218825724688308,0.267384789722622,0.17704654586707,0.232128973305172,0.148569706134266,0.167033642403647,0.229666379539671,0.203936827432696,0.209692766316459,0.316716899020082,0.168153615263581,0.170309962444055,0.235728185105436,0.255714313233167,0.28077047983367,0.261341478136311,0.220828837371947,0.220403202432103,0.213141366000608,0.187530353324564,0.223063103651654,0.184765361554891,0.186511851679583,0.295049334797725,0.208966666447184,0.151723926579632,0.277261714752309,0.212043310034591,0.171992430590133,0.223433584694414,0.128739213345979,0.220451319723557,0.107097427997718,0.100758266793699,0.160430288192948,0.151397745009464,0.164954045138038,0.213811425019441,0.373911762906502,0.188131419709211,0.100732049477775,0.235320494554323,0.180420986209447,0.13691215527777,0.244910349344408,0.195504206884509
"auristellae",0.245480551789482,0.226874740233091,0.172729889340619,0.318893845117692,0.277118814947859,0.299084095097404,1,0.233349356655178,0.288512450778915,0.142030461588746,0.257259519100885,0.258136327244076,0.172880312492965,0.225176902355488,0.284011553411706,0.232290307207634,0.30844622116058,0.294487535723796,0.158075168612621,0.259062279603223,0.221253427492163,0.302702313730026,0.31893990533737,0.313918573376773,0.199851315203547,0.196371353778689,0.214596619773776,0.267603673458278,0.259569116088492,0.28101330067549,0.241491824430845,0.202344860719594,0.25328188979197,0.230402723288166,0.270936530225367,0.205960854363348,0.185677850030658,0.19722188416573,0.108672291696133,0.187739925792178,0.198376747990859,0.278033156071043,0.257519490173858,0.269369853781074,0.217678081652208,0.172386128189737,0.182135378089955,0.27863185175434,0.294604129285188,0.227601636987896,0.252079196545096,0.214325668349696,0.283666551915041,0.246822881914922,0.204943993584136,0.317402787636521,0.174245953133617,0.201659723056813,0.255303665197718,0.231206127584439,0.222061260233817,0.337378728654238,0.174630416668299,0.252541930320413,0.292887531478466,0.318832917372883,0.250688408711977,0.338501683971034,0.271181124072635,0.382070451934008,0.22553637624133,0.225848076204715,0.228177704576997,0.198331603044214,0.174727367173185,0.330383772989195,0.230998238213428,0.182384238268921,0.241586545773747,0.252234987742332,0.225058039717552,0.241691561147727,0.203242808847287,0.229217414619733,0.185837622561088,0.157631033294388,0.214167318516924,0.157161796527075,0.202435347789284,0.254135518624861,0.263664965151201,0.238877353841535,0.11136711257847,0.280692439727861,0.19276504905446,0.128859548246064,0.2346413984066,0.248829383216546
"bourgonii",0.227973270970212,0.22795707255768,0.170767012913518,0.291687233092744,0.21951682145416,0.245452782008729,0.233349356655178,1,0.192465369234669,0.112389010965071,0.197928290166117,0.219842939789429,0.184228718564321,0.237309025279832,0.186537722146565,0.211954680318914,0.284707226397619,0.255304066374864,0.18056324806793,0.194414221959587,0.209527313964371,0.245770276221181,0.243240216282707,0.204969943667169,0.166246075703349,0.14658940628965,0.229750410339878,0.163327755389042,0.19721023788733,0.226915329111529,0.19566096333855,0.187992167938441,0.161279508073288,0.229642784402776,0.233947388772765,0.160673891965392,0.204434571500269,0.182649549022991,0.0524271421143649,0.148377341869986,0.147910590159219,0.311949958714195,0.232076622134209,0.270502912602226,0.193696130470293,0.174310588708994,0.161538186484931,0.199002377069984,0.183393400914869,0.176797926167443,0.218296582765506,0.234659351019024,0.229655358760496,0.224169709921285,0.198554333257625,0.188548043881429,0.118368535211513,0.180007503235513,0.244349450038928,0.185996372915651,0.290614933871255,0.329090895988381,0.215395566445339,0.170652018789551,0.199833233345664,0.283121812173506,0.243496534181567,0.256888825526937,0.200313895981243,0.209433323435435,0.177917894780064,0.164165624467123,0.288860607281572,0.280615503692587,0.214574805345293,0.238405593845602,0.230694872187504,0.195672862736055,0.262904335888105,0.304340333713133,0.159187822064065,0.212045179976306,0.0793905276002617,0.208068308863344,0.10303221501748,0.0963847122414392,0.145452027044973,0.141707413585715,0.135890018069156,0.200309189247449,0.283712469870497,0.189818854036196,0.0920279469283911,0.260869137815412,0.1268940737985,0.11344715742444,0.214627663164089,0.163775033640414
"brachyrhachis.aff",0.229127819190428,0.269408275645862,0.132174193801749,0.283406898232898,0.214311800225374,0.187083396198147,0.288512450778915,0.192465369234669,1,0.154813392798257,0.279705220165435,0.25814886282308,0.163913729358814,0.17588284467347,0.228121623745605,0.277903178665438,0.215794226497813,0.208544369324239,0.133481052362137,0.19185456329737,0.211628176091135,0.235287224469055,0.253207461760008,0.448788360896203,0.175834379813619,0.126035550582877,0.162330871062405,0.265678628855975,0.196254795169533,0.27155621904531,0.185588947026486,0.200547562826579,0.321971383098496,0.238007250102922,0.261338187274178,0.217701648229798,0.180275922227956,0.137587492387978,0.29548690857838,0.192040420569616,0.163011471768639,0.212934042207635,0.222569408041088,0.204091519789449,0.176186533782141,0.200463681158424,0.178490155701035,0.221438053949095,0.273200525348947,0.19649458776984,0.211194025868507,0.184640622802798,0.229944968603958,0.248292602897253,0.180473387514876,0.267984643347464,0.155455764469915,0.180582600410769,0.233297145023623,0.224675086692366,0.170835667192425,0.254879861497878,0.150985260007502,0.264422017168588,0.263909089815596,0.215218053941113,0.159662357701934,0.247524978670887,0.299447152238386,0.306886008020156,0.222893783438985,0.171904122053646,0.187151655376524,0.210474728894481,0.158582912931955,0.252286224594403,0.217695507410815,0.153773039657563,0.225752628105315,0.201963802536014,0.23386099362126,0.275940306510232,0.184041200879469,0.223112315443526,0.180624878043573,0.211722680752212,0.192581890719555,0.169929640101702,0.149780354498063,0.221057036490694,0.185379534714807,0.191512951216687,0.103023538888345,0.211734341999112,0.221760711431854,0.103326585217857,0.226618132739722,0.360557700449321
"brachystachys",0.123186637563728,0.158251941478835,0.0941843544756338,0.192801518406412,0.261787885285059,0.101729159133605,0.142030461588746,0.112389010965071,0.154813392798257,1,0.317661184011085,0.295695495222418,0.200724733821536,0.11338232059949,0.125039369036659,0.119471201819993,0.119851268132812,0.137233423276607,0.102653478928402,0.143744263256503,0.125208970309782,0.119455359711112,0.127178277848783,0.155985198904853,0.114423266684943,0.243515261829726,0.0974690240285108,0.165954515771502,0.154906395837948,0.120090111269185,0.133792706374031,0.378237614069132,0.132872775740057,0.115892537086677,0.490417449055374,0.093248364676535,0.170596211176462,0.098523735303897,0.0519764322669383,0.126065787733865,0.405240573199469,0.128186281628807,0.101089386756413,0.127462677226698,0.111832971770216,0.105719336223457,0.341799126702878,0.109114680058589,0.235290664973425,0.292191045001386,0.159703097382673,0.0948262526769132,0.170680111149425,0.117191377492697,0.104772254532306,0.194653187868151,0.107427871083276,0.106143799794788,0.245702741654563,0.120007302008563,0.107633802218952,0.128730093840096,0.11624112926312,0.109739081974487,0.142659120729115,0.124285730489705,0.117845594555581,0.155305023078887,0.121502180502254,0.141885785686302,0.313346420546446,0.098654443791067,0.111198398249271,0.116583621299646,0.0968078074961096,0.138034243483233,0.110492905537778,0.345363768627025,0.0971334098851409,0.152070733647586,0.132891697831748,0.199191314525288,0.0773813211060178,0.172083333448686,0.0722186876570504,0.0845452994512758,0.0994090154821967,0.105358160247627,0.105322745222618,0.260599220070326,0.091053064121266,0.265577232626636,0.0881198582708551,0.141247802952424,0.110914796334164,0.314910369173717,0.205794128034501,0.120668026692535
"brachystachys.aff",0.179875740548118,0.25543782692432,0.148911464699754,0.253727088235098,0.303848185423179,0.243565923605138,0.257259519100885,0.197928290166117,0.279705220165435,0.317661184011085,1,0.414862729239622,0.272923949412991,0.137037517054632,0.171121094431194,0.257382064378186,0.245216509683688,0.20853411584633,0.139898536051731,0.193210367180955,0.200556229889274,0.277898472867664,0.238431393466857,0.296064697480155,0.150963916372159,0.286305302675602,0.211139888310629,0.232606851660477,0.195963518769881,0.372203369552951,0.190318843170344,0.383912336277271,0.215957676044933,0.217930408011594,0.459412737652688,0.212943570613471,0.197266741605889,0.167796903583783,0.106400795107932,0.171223217307744,0.354625841012835,0.235182799853928,0.278882354640565,0.213452894034935,0.176069835872927,0.200380482802347,0.404522588456693,0.237952912405036,0.372561893633021,0.311197364016442,0.202537013394599,0.221003267010097,0.209955500001788,0.216167179556617,0.167691806279875,0.232312111975812,0.159533426971303,0.16886592172911,0.302427744140069,0.177196138716828,0.177402315589002,0.271055153846159,0.142075240041763,0.229712364506857,0.302104251598909,0.247584383513336,0.19735258801154,0.224828519003429,0.247714721662212,0.22302884200119,0.419822550284243,0.161723480857013,0.209907573960013,0.1609648040357,0.158323541789731,0.2617644155229,0.212726495236331,0.170394139148904,0.24121349219328,0.149984876166316,0.183127250075321,0.286897522960905,0.1310187317571,0.228208443837769,0.14095936954321,0.143661519044867,0.168767694133332,0.140897674960366,0.128388644705795,0.35155334639511,0.240673723998213,0.426213923905874,0.118344682295952,0.19720279312717,0.155950287491206,0.32449656155041,0.242207225735885,0.224703002321026
"brevialata",0.196407428194536,0.239574201972537,0.151546820596452,0.252600179397338,0.321645133194011,0.25619896709137,0.258136327244076,0.219842939789429,0.25814886282308,0.295695495222418,0.414862729239622,1,0.287329066505413,0.16493820801991,0.157275432757183,0.261629667173313,0.240098722211243,0.245321622292188,0.124683360437059,0.211586755974813,0.197170697773413,0.254053182136829,0.23780662145874,0.279252208908625,0.156646725202697,0.293187971413819,0.259246768123889,0.164145385646804,0.192287902732567,0.285609250252316,0.200746655403654,0.337471877325398,0.158121076951334,0.352721677357513,0.434776158304435,0.162788246825706,0.219485109890271,0.166558843302063,0.0575138506916722,0.127795464487755,0.293120822570569,0.240901395901924,0.366296680102176,0.214501025177258,0.194050923898081,0.168333503791507,0.312296145920235,0.212742390465384,0.333969446006314,0.307334372859424,0.212946004912529,0.236347352517344,0.203066046295142,0.411375949665132,0.172530359444683,0.232289733522143,0.121535158181726,0.137671684282525,0.35912684232961,0.196107917204051,0.181948728018042,0.274345451950348,0.132752068568633,0.179740881774499,0.225474601521275,0.215226113259525,0.201253215224505,0.242745346638703,0.210022066096991,0.204648354508221,0.434287037375414,0.17044546797591,0.202228193793251,0.146712140558468,0.179568059716821,0.259508543898553,0.208350933853095,0.149804363410267,0.337062147506269,0.18031674299356,0.143316441308978,0.282510631593536,0.102405634531314,0.294416521504008,0.0987308749190415,0.102845887932451,0.147811527407759,0.157162644631256,0.128309757760523,0.350117871001445,0.289091085731391,0.312445074431482,0.0893093854178655,0.20372794232195,0.112892650850071,0.265716622916337,0.253904899566078,0.167884506058364
"brevipes",0.167209983662266,0.172540471511575,0.130291372248671,0.219384152976984,0.289959664237742,0.181586806501146,0.172880312492965,0.184228718564321,0.163913729358814,0.200724733821536,0.272923949412991,0.287329066505413,1,0.153944251924244,0.161607640604283,0.201273387374993,0.190996527223609,0.182986613184132,0.12152368480045,0.185553406359335,0.174120382172199,0.199189642915327,0.182946856249426,0.172202214332201,0.174786090402262,0.193106927838499,0.174797538175736,0.172542126648144,0.153978558002706,0.170382429336223,0.137120329741711,0.27065336152572,0.11417105137869,0.228067466359158,0.268615085674183,0.11146413674603,0.174638314028489,0.171385395620799,0.0587830680026868,0.170137699159899,0.228340891591384,0.167440606163852,0.210310376681674,0.199167439461741,0.177177996446443,0.16347089460142,0.247089563445347,0.226787546352823,0.22527370728801,0.284545904573437,0.14892494379348,0.18523675891936,0.206924871798858,0.189265287956758,0.170144079859635,0.186544675330215,0.148891040106394,0.141002281397108,0.259388822748229,0.138651268899159,0.165614308108906,0.217326128932734,0.153984615873105,0.139446256232991,0.159280782540426,0.2310900634891,0.155986943673289,0.20478282549472,0.13481935895428,0.142955541104727,0.255383583211887,0.140299354486435,0.185004143997273,0.155039772800688,0.216213485470204,0.193736620300936,0.173068773912865,0.132742287608187,0.188290007566999,0.155781285987412,0.130846738845832,0.240038793847989,0.0744561411368322,0.191571056933426,0.0624738957814108,0.0909903004183934,0.122386135926533,0.150007801091108,0.142551484520965,0.259375376969065,0.191991144453269,0.239977731672485,0.102254836643906,0.192353115321968,0.121879267379939,0.167825118042292,0.197850520687725,0.139873271767767
"capitata12",0.187171516755882,0.188782641349594,0.131997587450493,0.209765695257965,0.198061593140142,0.173837010034345,0.225176902355488,0.237309025279832,0.17588284467347,0.11338232059949,0.137037517054632,0.16493820801991,0.153944251924244,1,0.20065672426746,0.19985361245687,0.194715812500632,0.264108815355518,0.161430031428002,0.190862229676203,0.212427583041734,0.177034888867724,0.199494633816102,0.181128032184496,0.167427530665392,0.111774105811563,0.145475147642738,0.13861914986025,0.174437494027238,0.153219842573762,0.229852337959694,0.171151498226601,0.146095610651868,0.170476796113095,0.152631955404365,0.111151447841121,0.199943212651217,0.158425310078011,0.0555529540737388,0.145158414303185,0.157273176536535,0.198334731603857,0.166546498043563,0.188289042840353,0.220214681908832,0.185925163494608,0.117961289754574,0.168988592237835,0.134310325083266,0.185288766368137,0.20398798300694,0.165149327972765,0.207995505164483,0.197942609918678,0.16836797801371,0.179843055368209,0.140139075630106,0.164510246531944,0.209177000601219,0.208479855738117,0.185587429400283,0.184508140983848,0.15887841901253,0.151527890552399,0.195246960809815,0.246237873671387,0.167520333453214,0.197166774818562,0.180011682990226,0.187832705807554,0.147850724374483,0.155419374737794,0.187779020600267,0.17881807011412,0.178957779305359,0.192228743662971,0.141362164078933,0.165586262447195,0.179441003654526,0.209346572696387,0.154957670067291,0.202049630485063,0.0999694513232465,0.179648372699978,0.0827399439853661,0.0859396299811296,0.140973823769132,0.122076561904836,0.161947025903269,0.178174268747072,0.150701216124174,0.146344950153197,0.0912638656652446,0.192090294811083,0.129903482528886,0.0937639486082235,0.165222037737667,0.137261741378318
"capitata33",0.250655827911527,0.165574790746221,0.143513542957744,0.227461563144938,0.19777844442978,0.170252000724476,0.284011553411706,0.186537722146565,0.228121623745605,0.125039369036659,0.171121094431194,0.157275432757183,0.161607640604283,0.20065672426746,1,0.179266654600633,0.195364744175048,0.196338215346226,0.137869342215444,0.174986023755891,0.171495279780045,0.199754335610111,0.282286116886031,0.231592218114331,0.180578333924594,0.135580352402183,0.149695630471669,0.266848596027521,0.225483873702737,0.21507444513958,0.169295391701579,0.152512253330682,0.208500215540136,0.155537363168375,0.176014732336733,0.174415116738535,0.143041700702231,0.155612641612781,0.118941776207656,0.1565642469617,0.166389230991024,0.164836374707609,0.173908559410294,0.192276848973643,0.192851734910501,0.194676926273863,0.159578573111769,0.15990613688866,0.264014294678747,0.177003397568311,0.159077494938267,0.147838585821625,0.223544895940234,0.184662945191028,0.233257531296999,0.304656248449357,0.191603229074174,0.1413546352612,0.201643652855557,0.216448601345797,0.199309182785194,0.237099368472638,0.190531024810527,0.214569231013355,0.231975231081164,0.252154225675543,0.150166656294602,0.223551118393627,0.220444450450476,0.314228322199236,0.172769096860809,0.149932353383809,0.206754545652065,0.1594155351597,0.159508707376834,0.207153444056087,0.196527949969705,0.14679678326784,0.180427055044889,0.185516039440268,0.208297121605681,0.197762707774687,0.252161671979498,0.160365758151607,0.214380315100987,0.15093482430562,0.157674782552933,0.149859155789013,0.187147313180884,0.189898015980185,0.167767499138622,0.143903724453352,0.090454130088071,0.197206419849397,0.186277041398887,0.114164060134406,0.168326024601624,0.221203099850532
"capitata35",0.174886687365501,0.313034882585764,0.183963240682377,0.268436968128921,0.202545869646357,0.188986169976944,0.232290307207634,0.211954680318914,0.277903178665438,0.119471201819993,0.257382064378186,0.261629667173313,0.201273387374993,0.19985361245687,0.179266654600633,1,0.214651954804112,0.249533391537447,0.207203464334359,0.300331492245923,0.262121682272719,0.280467280836136,0.299523878790052,0.246187327979873,0.1734862242913,0.129246630719496,0.178147228249656,0.213974892526542,0.169721976402589,0.237808229644936,0.187586019174584,0.233745995399643,0.162330110770718,0.301555415636818,0.22005683355501,0.118993088620101,0.244699114938521,0.148265457988935,0.0597755296820812,0.182870414288656,0.207691160776128,0.254596665211874,0.223904693515044,0.234928144901247,0.221718006228036,0.24429754927448,0.156180659722001,0.208780524309272,0.147968724825553,0.180436917101677,0.250800793451497,0.263975622163791,0.20787465296868,0.284879117710092,0.244364122708195,0.222115878688904,0.178648051766277,0.154309051669072,0.244545965102703,0.168486030557188,0.196066623914713,0.221942199339902,0.164769872788089,0.162980615152632,0.219155111166503,0.273401009576052,0.183648558883144,0.230264826390824,0.215582521273001,0.177363744423923,0.192031451156647,0.170590035906829,0.177585274236881,0.20435560314842,0.215838245089299,0.261583771505489,0.150906497149778,0.215588065122699,0.272764993567671,0.198882387310129,0.141124933884354,0.3260749849941,0.0918862459535954,0.291438262027478,0.0761293916214932,0.121625653462889,0.134507804560403,0.128430330745365,0.152602921244891,0.250567992016137,0.244612319339326,0.232055954167368,0.0861952997049948,0.206832340636459,0.146581603364111,0.081509345276089,0.266393920162919,0.16716708266349
"cayennensis",0.198185876716832,0.200480163817183,0.132036644632204,0.25646690588612,0.242605901516352,0.261927645564139,0.30844622116058,0.284707226397619,0.215794226497813,0.119851268132812,0.245216509683688,0.240098722211243,0.190996527223609,0.194715812500632,0.195364744175048,0.214651954804112,1,0.258341808417951,0.134119724763536,0.180285604082472,0.180328201281324,0.268931609769698,0.267725658117561,0.25517617121171,0.183922339861824,0.186141600216982,0.172542908394623,0.236877674174264,0.28439658443698,0.272407502471853,0.223340545053256,0.195954588274238,0.189264132873398,0.214503328021856,0.233554114247187,0.167588508380989,0.172636362897897,0.200657708949047,0.0897180693978255,0.185899723178701,0.13389760809433,0.223152156753997,0.291918379090003,0.23657618646657,0.174672960750169,0.171220857585718,0.165523996332906,0.208111408778369,0.179634539755726,0.219016785474883,0.231781323524303,0.253352907326262,0.280876398739714,0.230871809410965,0.178995218434305,0.227593721235083,0.146307678951318,0.239413525493757,0.243247076325766,0.222625323356002,0.21715985148511,0.324488174593897,0.144440736803394,0.221141219635374,0.233443559282324,0.25628281450151,0.251346313258824,0.280813861921792,0.225721335013247,0.234880337190041,0.213898222122582,0.200756442030008,0.221516507755471,0.157887684451748,0.181154152124191,0.25365155322951,0.217265070382526,0.186328058880879,0.233567974219844,0.176315298043366,0.208084769933935,0.240181657956411,0.119985121451438,0.186596256651933,0.116658944487747,0.120491920863712,0.17130527718525,0.148140923047364,0.226172790209962,0.224236681325106,0.197854803344828,0.15898282747956,0.113718270160114,0.243096548721787,0.160900892882853,0.136414210745528,0.228408117229493,0.208827557809768
"chartacea",0.201221328531176,0.254420953952805,0.179125571001439,0.295239228720022,0.262964319862375,0.25163214584903,0.294487535723796,0.255304066374864,0.208544369324239,0.137233423276607,0.20853411584633,0.245321622292188,0.182986613184132,0.264108815355518,0.196338215346226,0.249533391537447,0.258341808417951,1,0.185729079014443,0.247638055900426,0.251062904067837,0.256262746027456,0.273041806615557,0.256372345350046,0.180127655130128,0.130649750853508,0.204054066838544,0.194878741360813,0.236533986349451,0.200348834588853,0.207157378186779,0.192323718135796,0.194641977980464,0.225851277047751,0.232523384351557,0.149380186043031,0.246440189761738,0.195742779094331,0.063938814076665,0.165313765989155,0.19119227501384,0.300786281646783,0.225614362615562,0.26920268898655,0.222051585600202,0.216144372259218,0.158568839114658,0.226756648756142,0.15942035507407,0.202380395968394,0.282452875832839,0.383923199819698,0.292095586696686,0.253623809668374,0.19507574959514,0.237041980823589,0.151259234786798,0.193184476668809,0.290977833852899,0.237264877137295,0.2672424950697,0.242361429675638,0.196124745382984,0.199224111129308,0.275144320990957,0.313762728753738,0.214502405784228,0.274458762108178,0.195010722008318,0.262020116918644,0.179498279714364,0.179249447747203,0.231467442881358,0.205275627044127,0.217711263022864,0.248311084077434,0.192212578620855,0.209733433050449,0.239017622411792,0.255700707657302,0.167716610427348,0.26998102384438,0.103462689830176,0.275772660667278,0.0924225852275417,0.0970628643484253,0.160211571565301,0.134305161922932,0.179417543493938,0.229835276489653,0.242704713354229,0.205081981336997,0.0876307184870697,0.26052847786706,0.123593348402846,0.11296847414109,0.24322343178814,0.189220048687384
"cinnamomea",0.155014165022003,0.169226539947972,0.130399305011059,0.173708799081037,0.151362432528021,0.143070177031886,0.158075168612621,0.18056324806793,0.133481052362137,0.102653478928402,0.139898536051731,0.124683360437059,0.12152368480045,0.161430031428002,0.137869342215444,0.207203464334359,0.134119724763536,0.185729079014443,1,0.154101509893186,0.186833329724751,0.167710893981531,0.165569564543302,0.151312831719799,0.163242438264517,0.104442090636765,0.142223920650181,0.162845853942905,0.177254078014917,0.11253591792975,0.140240134506746,0.127111305727999,0.139025357336332,0.158882929848395,0.141279416439677,0.0999251241616365,0.162946660588958,0.149203701677261,0.0436505345484111,0.165550010272667,0.177151597322041,0.17960651629259,0.115029653822614,0.217906978424879,0.159228455314383,0.206174400354904,0.122953304589328,0.15396946756527,0.0944351475357903,0.125662061379314,0.255060434077824,0.152061907108746,0.193197630182234,0.137552646665425,0.154811039928217,0.159792736773603,0.161645847087133,0.120463160794269,0.17133542815851,0.160463993813122,0.14966714793993,0.149647972741232,0.168433582876308,0.132192067665234,0.192967682601501,0.2303639484606,0.197234725866612,0.178290671498685,0.117712788145231,0.147971663448312,0.125078108677234,0.121350855998555,0.169652865301425,0.152442613259074,0.161752558244086,0.145046825702321,0.145500129111776,0.217145004880158,0.13329743662757,0.162691221582922,0.137200249655017,0.212829266049938,0.0878104611169927,0.154267109284819,0.0716000120976669,0.0764353243515567,0.113880885084404,0.125597832523156,0.160270518851177,0.152617536858325,0.173885340829489,0.159758292543111,0.0708466864131196,0.149898876504992,0.111772678192216,0.0700971075541652,0.143907514941053,0.114830325813549
"cocleensis",0.188785353561826,0.208212847786626,0.184432912335202,0.25532551469491,0.227055949338852,0.215933640063523,0.259062279603223,0.194414221959587,0.19185456329737,0.143744263256503,0.193210367180955,0.211586755974813,0.185553406359335,0.190862229676203,0.174986023755891,0.300331492245923,0.180285604082472,0.247638055900426,0.154101509893186,1,0.218071346882901,0.260015966522914,0.316164855312215,0.212630591843542,0.190020535673481,0.130181175627831,0.184420761341156,0.19907306615357,0.188973448786036,0.230612954129983,0.173380927270499,0.175955671869935,0.147870882320563,0.197921116598715,0.186806790870298,0.148093596901586,0.227192765865972,0.231574074638288,0.0683824585347262,0.162660022195528,0.180544217392095,0.23028066882932,0.204823614105404,0.232441653332461,0.21488394997532,0.189503638018813,0.145193215937649,0.201178474345763,0.15366320490978,0.172203558792038,0.210776302880528,0.169823725186351,0.240734098177313,0.182398193435235,0.254573281532198,0.230894331735279,0.176206550351831,0.147647956188693,0.191253699751858,0.139852254822691,0.230892880109508,0.243047567963745,0.182228784317956,0.147378664959566,0.205095096177697,0.244188451466555,0.239381532684939,0.21481618718991,0.275443708082162,0.20481936115662,0.154749729706083,0.157092386875895,0.175000845981035,0.231513767858616,0.183969386567449,0.231694483382449,0.188387072474965,0.168162113589966,0.224866536338413,0.260604629484994,0.144312292260317,0.247050962111909,0.127974335631174,0.249584802861452,0.0753762307089074,0.141231752266349,0.170818635296758,0.17581240002809,0.146078597653864,0.253167120629299,0.240945446569455,0.228173282807109,0.0800288535418498,0.226691715562141,0.16296579199794,0.11426700491474,0.265689671561404,0.161082026942517
"cordatoalata",0.191640750463854,0.259305163166165,0.185948614841229,0.272510691289108,0.252502121389159,0.178204631442276,0.221253427492163,0.209527313964371,0.211628176091135,0.125208970309782,0.200556229889274,0.197170697773413,0.174120382172199,0.212427583041734,0.171495279780045,0.262121682272719,0.180328201281324,0.251062904067837,0.186833329724751,0.218071346882901,1,0.238048550216806,0.22755107038679,0.211153476686124,0.174992316495795,0.121770789231315,0.162475820464013,0.190417343744273,0.2021661195441,0.163808073868039,0.193457260174912,0.206580471217274,0.192081361808476,0.233758046809561,0.197316932381874,0.12857274478629,0.233398666717774,0.157116966127761,0.0564953817836137,0.188761918290826,0.15074356522624,0.25615407356202,0.185452595686808,0.229729865585785,0.238725431970292,0.235182327674101,0.154005071168821,0.217553543677141,0.136768890995414,0.185635980822095,0.222898068457179,0.195506455638828,0.249670207384149,0.209750300478616,0.207360282690592,0.227606267586259,0.166695882495228,0.16450486299657,0.211233229882697,0.183770057656432,0.18162883333828,0.199119109941491,0.190623477073472,0.187230612664093,0.199070165791088,0.270371723780076,0.200124368888871,0.228965813841576,0.164351949100258,0.157055538392556,0.158241293113714,0.138346942879863,0.202388423814626,0.219536702620129,0.23271196386384,0.221521325188736,0.159988943697052,0.216577102867346,0.186451242892001,0.232116415754137,0.146317841676692,0.294250372714909,0.0901813180151055,0.225065258086615,0.068975033606446,0.13010395544512,0.140693055964129,0.132379813069994,0.161066416187591,0.217289422030877,0.199215309713455,0.199617954533477,0.0842789010254697,0.249668807412062,0.136818010462089,0.077851097127939,0.237890859862587,0.143049870827915
"coruscans",0.246097052988375,0.309330909846988,0.218188071902753,0.347234185192787,0.300114924925248,0.297086881052666,0.302702313730026,0.245770276221181,0.235287224469055,0.119455359711112,0.277898472867664,0.254053182136829,0.199189642915327,0.177034888867724,0.199754335610111,0.280467280836136,0.268931609769698,0.256262746027456,0.167710893981531,0.260015966522914,0.238048550216806,1,0.308587304800523,0.28112351953289,0.19401000487416,0.225355804649119,0.212659877299174,0.19663849484299,0.208828347521816,0.366773987266627,0.251822016913926,0.17657413094457,0.193845794258746,0.226090313764364,0.271147587265392,0.182884788781058,0.223123829530576,0.203262993360218,0.0688822355639186,0.17964597180428,0.201115131673429,0.315602394170652,0.292049647906767,0.329058422344065,0.218843098792174,0.218422854058517,0.172665534157621,0.237721977812573,0.187993254380516,0.222673182190729,0.266398667432884,0.254720916418094,0.253031886398692,0.267675559297317,0.266612489230754,0.254608291030581,0.226140634708627,0.156574568717027,0.225464131479864,0.177757625320816,0.299888505153874,0.302630973733578,0.218382106108642,0.212167565594264,0.270451241543109,0.29336624194834,0.256611936380976,0.314455849981083,0.262112102175001,0.228620070626985,0.21585246366491,0.202866538268132,0.284748473750753,0.204966226082444,0.183766749142678,0.363334312674465,0.230754836106321,0.208777272039865,0.279595002359618,0.218214129847072,0.186299146786891,0.260190689645463,0.113743199545799,0.260497368216514,0.102899217772512,0.165064542058987,0.161576802029898,0.164160395991595,0.176435958787816,0.287562584836339,0.28092010866912,0.211610984989728,0.0940904924758558,0.263190358396965,0.192348839743777,0.125930408861447,0.275286605653804,0.225246341831795
