"","acreana","acrocephala","acuminata","alata","alba","aria","auristellae","bourgonii","brachyrhachis.aff","brachystachys","brachystachys.aff","brevialata","brevipes","capitata12","capitata33","capitata35","cayennensis","chartacea","cinnamomea","cocleensis","cordatoalata","coruscans","cylindrica","edulis","fastuosa","flagelliformis","fosteriana","glomeriflora","goldmanii","gracilifolia","grandiflora","heterophylla","huberi","ingoides","jenmanii","kursarii","LA17","LA41","LA48","lateriflora","laurina","leiocalycina","leiocalycina.aff","lomatophylla","longiflora","longipedunculata","loubryana","M18","M25","M27b","M30","M71","marginata","melinonis","microcoma","multinervis","nobilis","nouragensis","obidensis","oerstediana","paraensis","pezizifera","pezizifera.aff","pitmanii","poeppigiana","punctata","retinocarpa","rubiginosa","ruiziana","sapindoides","sertulifera","setosa","spectabilis","splendens","stipularis","striata","suaveolens","subcapitata","T18","T21","T29","T50","T51","T82","T85","tenuistipula","thibaudiana","tomentosa","ulei","umbellifera","umbellifera.aff","umbratica","velutina","venusta","vera","virgultosa","vismiifolia","Zygia mediana"
"acreana",1,0.157090095602613,0.196017915233417,0.223026696986827,0.220081321162135,0.131321817620941,0.257818898798205,0.153577334545554,0.23333889776555,0.172893232097235,0.143644196412751,0.138362648464346,0.242298505403793,0.189380062362434,0.256019670809452,0.273623019253681,0.25055411778626,0.43769101204785,0.14388527114841,0.148395542316107,0.205230867186358,0.187343481797895,0.174571936014355,0.242291161856625,0.192085696499115,0.0991451359638138,0.162180552767346,0.195750395511843,0.243448571941592,0.160672213481832,0.274618228069035,0.164137189472641,0.43874583649581,0.174417795863432,0.249041924894344,0.16319139747302,0.199313230701356,0.24899183726871,0.118706870616824,0.263126350294265,0.17364384954037,0.157823332710543,0.153851282484828,0.161922908521518,0.196440264781698,0.179156540589433,0.188844756212906,0.28226643712182,0.187426981083841,0.175876990812829,0.317062438093994,0.192230048391672,0.223410854252579,0.289635201541868,0.207740182124726,0.161385028417537,0.153748542579912,0.155409400296081,0.227851384575684,0.196992953940966,0.20580806755003,0.238748032202064,0.161164070488112,0.191951345904009,0.213344263107972,0.194987598253903,0.191187229956027,0.197633279488212,0.145321994455222,0.232230981491743,0.167262659642701,0.164116014895708,0.168875040650115,0.143897985362851,0.178290495778956,0.215947371396488,0.141481731298485,0.0945377842748334,0.141747045777862,0.34522270135783,0.225725701800661,0.199650973807458,0.197588951877502,0.101924493519364,0.171209330487025,0.160101267140016,0.275503901684461,0.193486150109104,0.138364025218128,0.300792933874682,0.1741137219154,0.114796287544028,0.135877492943827,0.171278191457242,0.190425830464004,0.145170469868143,0.176443856085849,0.211279613279464
"acrocephala",0.157090095602613,1,0.147570811628777,0.201931296692179,0.167470128838094,0.172790524852872,0.219534505111467,0.160805010066145,0.187114226252554,0.176443739692516,0.135262790885633,0.129320435592451,0.0974217766673077,0.190200110195426,0.173977420841226,0.164309966852686,0.170762269977276,0.133022889647263,0.101305122402381,0.197955913583672,0.150683443266529,0.17158157855514,0.189856656358814,0.172686062583499,0.146402639411012,0.149447224267693,0.15931149049914,0.176145664683055,0.157270833817977,0.112317209846561,0.177457889524288,0.0934148010123189,0.183252458900259,0.144519107906119,0.125431227464564,0.143542781062501,0.145667708970688,0.0483421837241718,0.0525572460330581,0.180429334082394,0.143890799733117,0.232095907991153,0.174764604797734,0.191141688551974,0.178286313113564,0.134982739027831,0.120645474210975,0.183621370939724,0.136469801702251,0.171999701136277,0.121250081737258,0.156754218146526,0.212816613471653,0.15871560285058,0.175510624343888,0.193100325597647,0.158093841169287,0.170649251653747,0.143099986159197,0.194063311069115,0.197144589383125,0.164690451377906,0.176496691616495,0.212592419703606,0.187664515200328,0.211647205886697,0.164390075606172,0.234612666909595,0.156863906323447,0.173353288009506,0.126716792470055,0.184581827952759,0.199473326918257,0.201784117273202,0.0990970250613443,0.199690198506583,0.15473372244097,0.115902597967755,0.163004110794933,0.116074249557893,0.187569333196633,0.14719938835603,0.127255802315335,0.12000732016317,0.108914018022505,0.133021123289573,0.163612441516644,0.156628954116396,0.14809717194087,0.165531490855997,0.124584181404138,0.0755679154885326,0.120288127883453,0.167531926952083,0.175731772249901,0.114862661366568,0.164667043248909,0.173740597730628
"acuminata",0.196017915233417,0.147570811628777,1,0.280214802952142,0.159240247826179,0.137165342492278,0.19479529614949,0.152106928060042,0.229085728102921,0.169852251141065,0.170710145486591,0.171029408373552,0.112187028582928,0.186278313925088,0.226045558774341,0.211936158404124,0.242503712373698,0.176679379091298,0.115150463754199,0.183397258457321,0.164537914097513,0.164739128892638,0.189903687962555,0.189060567093915,0.279193070888009,0.10159279804902,0.177678932580592,0.185413615814569,0.205127414884337,0.110434277137054,0.189223375354031,0.106561959377649,0.192997723849489,0.158554962284728,0.143393308426611,0.161677104933378,0.215619477301045,0.0633385916217384,0.0675252266454741,0.18429011036941,0.187974189728416,0.179758136834885,0.160331263702295,0.164218205675568,0.221737176841676,0.20268863232207,0.135060004637931,0.218884405747705,0.179468929995475,0.178482631558811,0.169296644301304,0.169365358441816,0.179822392275639,0.220353244340341,0.185734460780107,0.156445754794847,0.166555241314898,0.133250094615444,0.164089357849503,0.177048981105886,0.227095927002559,0.204635804610135,0.172938511321084,0.194248137388448,0.199994766276162,0.187226526762529,0.188987973338513,0.199172056003593,0.151840532939509,0.179818556488208,0.158461396687351,0.190979266082079,0.167950153325675,0.155457113455957,0.131467992183803,0.214493275742863,0.170200007593406,0.141919236912561,0.154779918546291,0.136468805564286,0.253419598898937,0.176115063085587,0.157438157596387,0.127895140901247,0.1435537542572,0.148794249302841,0.202963641497141,0.174830522247697,0.146073773961282,0.198652081238794,0.177916490384049,0.0919705155311794,0.124402675746871,0.155293983404948,0.181585960659521,0.113653309069202,0.178155631823198,0.185569388783931
"alata",0.223026696986827,0.201931296692179,0.280214802952142,1,0.247509671538305,0.210116954009484,0.292376437713274,0.186065088774398,0.293571137610052,0.193134746228715,0.207301353888088,0.17587507593419,0.124085028192182,0.322166635332361,0.28154568608471,0.319107416470791,0.320278005388977,0.258964759860467,0.109794083444405,0.210919027050413,0.250312090496778,0.277690208092583,0.275112136377558,0.233125399661733,0.222761031596328,0.115513691131815,0.185119176615442,0.328772840984428,0.307883018101979,0.142472953739799,0.319983271141314,0.136968713987671,0.29066339328655,0.207092781117419,0.214976656631097,0.217595002175783,0.248170913740051,0.05644019195595,0.122723072620212,0.267247421040394,0.223916848840822,0.227920777843955,0.205142273422301,0.289843648319483,0.245637228033278,0.246105234744086,0.185983732196192,0.288140963393979,0.193576293427965,0.205329102467211,0.191107788694018,0.189739878677794,0.320148835172366,0.271947156551971,0.258923074525558,0.217265393845534,0.201860698606169,0.204868052000212,0.2894441849014,0.313795872097927,0.276970294639002,0.340430835956486,0.221547446930058,0.215177374711027,0.295203203848407,0.262861807521348,0.235167775634995,0.276422431413702,0.286311831137028,0.31501278624895,0.178497199528459,0.211488714077558,0.244639845028564,0.184989941011265,0.173335021958155,0.390082480981074,0.20664411854719,0.146942353285836,0.248337482389755,0.158054127787002,0.309784938436417,0.248518231052684,0.267444364949253,0.126821406174204,0.242512307860763,0.177786402501614,0.281543983304139,0.299195863899035,0.170023217019781,0.236073901356168,0.30589454230636,0.105322646012343,0.187810539922825,0.152269166053195,0.304735904986316,0.163400985327823,0.288871246845529,0.332221228150018
"alba",0.220081321162135,0.167470128838094,0.159240247826179,0.247509671538305,1,0.135547832765189,0.186259853359406,0.13041940185257,0.246994075404415,0.263883872345986,0.23747549905281,0.242754168298753,0.280057160707953,0.175175623882959,0.263028917794248,0.194285911008094,0.21896170343966,0.250098341217919,0.212431400875826,0.137480388627547,0.207258521588364,0.176920530603514,0.160341900754248,0.256129469833883,0.231432902993408,0.207975203033048,0.136347163936929,0.22610750873389,0.205802638985195,0.316663023575,0.38192866088333,0.34115910035936,0.253922398821526,0.171733279334767,0.41483012957784,0.195784032298777,0.193066709030324,0.0986240048340251,0.312409389973528,0.16032724208772,0.296158711894227,0.141761963755557,0.138933398404562,0.211124980688743,0.167022725201942,0.189464179685174,0.289659347555659,0.30420639001021,0.265974787682986,0.250046885342502,0.114057386514133,0.193342410742978,0.227012226079508,0.182031388105711,0.225306707226632,0.144552249242244,0.131655714773209,0.162149281415335,0.265028636125682,0.216842708352754,0.201908019991142,0.41143311239358,0.15888284355916,0.206600984812899,0.196318975453248,0.193599609335479,0.146366053437176,0.244572538377932,0.150885253852355,0.261126148930156,0.258773040418234,0.129984877956248,0.184211277202006,0.131537789998896,0.267993033021325,0.260689428791016,0.130890428925674,0.0904352718667405,0.155404305248864,0.190282491766072,0.209411314875762,0.227047238231484,0.179244350987635,0.0948257944958221,0.121119095590556,0.20543797082675,0.256007511426551,0.160552363338454,0.105656858803382,0.26834483019395,0.178440196245484,0.390130965621087,0.128744466909973,0.148694585876108,0.180548351633577,0.210995963787817,0.170628094511686,0.220068818918369
"aria",0.131321817620941,0.172790524852872,0.137165342492278,0.210116954009484,0.135547832765189,1,0.164303808923049,0.37076711346685,0.155736358381924,0.146482130102855,0.128260056663296,0.113930558012917,0.155040980828986,0.213105899136888,0.154561099332429,0.211622837161792,0.210739216071537,0.168808764728029,0.0609135879007582,0.126014432073191,0.167300951796041,0.220956462139988,0.202036960973469,0.133745106823486,0.145529951693725,0.0956379736565674,0.138595738042703,0.199899685488909,0.21440880098869,0.0770893161355548,0.182386845441962,0.0842224820364994,0.148095530076,0.139921034715291,0.120648716988409,0.164295544817607,0.137531867267167,0.0315508471712098,0.0870160969753601,0.173191533495332,0.153892823422771,0.182911075796284,0.144449815704706,0.218362729617923,0.144829998031409,0.137830344308874,0.119196237158749,0.178564977622094,0.124419809340687,0.215010532824874,0.149661283048271,0.124178772689584,0.173214553837799,0.184662524602515,0.191759091792726,0.278652353610878,0.162408070988205,0.179745295555676,0.221917323118667,0.182674486365864,0.18707428213051,0.178360749379998,0.153477549992957,0.154194944808812,0.208875965145167,0.185625025555617,0.16996562035741,0.13750389601735,0.181423368297173,0.168579587691979,0.142637872081609,0.153073787798224,0.244215693357951,0.116941882164468,0.103260348753867,0.197366970711036,0.219197026042034,0.126137517281577,0.19507943177354,0.10253092304763,0.210013009215426,0.17402522694239,0.22171835727475,0.0715881769120038,0.192801816480518,0.108236173635938,0.172016090686691,0.21671301922801,0.147879952647191,0.144103890742996,0.218639231406397,0.0598765961502205,0.201868459367848,0.162336626322564,0.183592314913895,0.115427405774298,0.17622212488573,0.188365742326317
"auristellae",0.257818898798205,0.219534505111467,0.19479529614949,0.292376437713274,0.186259853359406,0.164303808923049,1,0.169961490383379,0.22545155418065,0.164165862573514,0.148930270352874,0.122566034982329,0.109762878716895,0.229571649398101,0.229610574677887,0.30397687848777,0.233227259156796,0.247620098762306,0.0997306443954342,0.261481852863373,0.208976116289622,0.264494946960862,0.22620779306604,0.200062422063303,0.175029640644008,0.0901654270917092,0.175708123116863,0.222593500955464,0.239717036239324,0.137345716276899,0.256286924233785,0.119092630262699,0.226348333330409,0.163713781238118,0.153473348970079,0.185884579801478,0.194793189163118,0.055013652132105,0.0879744673486106,0.221186909261475,0.185599318627506,0.202080335545689,0.175902945714409,0.261333774259063,0.213145803142866,0.167849710923779,0.150080622509799,0.244746612439519,0.167647217132897,0.179418258748403,0.236306077409734,0.157842116377304,0.257106573812246,0.280523773650039,0.197073477026762,0.207944562873663,0.184215874038119,0.158348539317311,0.307835001230092,0.255866076001397,0.215407419276442,0.232322956786726,0.197287246908298,0.178744553428325,0.233481742233236,0.240644093069766,0.196970899010754,0.20854595347544,0.197251754793989,0.29019180241716,0.157683744352528,0.184406058245944,0.190662388726358,0.157655154580341,0.131078811144656,0.264110239735517,0.176583134153853,0.107664033240192,0.212488821964384,0.152882992202589,0.214682428818354,0.195162970879808,0.209892282967444,0.113342662317844,0.206670544131834,0.154447001514593,0.189539397611515,0.296062677775173,0.175146541343906,0.317224045150634,0.236430293481699,0.0727665371665742,0.197347917414165,0.185755167560411,0.271935372406625,0.138078122845335,0.257104198080482,0.274587701372606
"bourgonii",0.153577334545554,0.160805010066145,0.152106928060042,0.186065088774398,0.13041940185257,0.37076711346685,0.169961490383379,1,0.187811867265537,0.151921081975244,0.144293981671297,0.110566838056242,0.166493783252331,0.175528848788625,0.191748719883777,0.206412985961523,0.237012156962062,0.155262349722264,0.112229142367165,0.133000211265677,0.1540531673299,0.192363089755925,0.218195750651338,0.166025098874736,0.147467014818543,0.128255949762103,0.15057932948941,0.183102297832027,0.17978227120751,0.0909933054701371,0.165648604675285,0.11095535147455,0.156284351708189,0.152081878258986,0.125985872160647,0.164869499537489,0.157157427728839,0.0385544957783726,0.0920633983918108,0.174126844107683,0.172350581846312,0.172781608624423,0.166162095377695,0.174647588287657,0.176947531962732,0.176333733038555,0.106030344001943,0.164316985987017,0.157742268992809,0.213100041935803,0.146470117267774,0.149725448894172,0.220541738468503,0.182786277211902,0.213984236559581,0.234247872569324,0.151136456873934,0.184992466324752,0.169940458066958,0.182048805066167,0.201562822118892,0.167527178314768,0.155899073061093,0.181282692058972,0.185219527516456,0.183316678447737,0.166876896881562,0.219473617034663,0.152774429162896,0.175422933308427,0.153795672332719,0.157537463112256,0.250709715190781,0.147867948513678,0.0921734772498897,0.189638168879666,0.208401981337023,0.109830619609026,0.200814495356917,0.106372960068887,0.203485661720819,0.169056789322178,0.191334086977553,0.122087908302183,0.156844838445949,0.154494995551179,0.166528617966774,0.180439930453755,0.135940998178295,0.155659147205405,0.171104792989394,0.0828759661859583,0.174353612835671,0.174256934788181,0.177424975775062,0.106947045599389,0.193387321125601,0.185454317730057
"brachyrhachis.aff",0.23333889776555,0.187114226252554,0.229085728102921,0.293571137610052,0.246994075404415,0.155736358381924,0.22545155418065,0.187811867265537,1,0.182122506318891,0.177806374949611,0.194908362919961,0.166919316333532,0.250754390409387,0.274759366666715,0.280213052270146,0.298076683669266,0.225167717548125,0.118684774081776,0.203478240166518,0.246293723077241,0.200838683831168,0.219716795127669,0.241377048153284,0.230008913696277,0.112340616274978,0.169452341279376,0.306280258184952,0.302156495636483,0.154257536717141,0.333612655713652,0.148597990944403,0.268004051425578,0.197532765916813,0.229290847885289,0.214923901882543,0.277344341712051,0.0800121212526099,0.111991085726932,0.213231312658562,0.20771593611644,0.190239669672381,0.168758657727911,0.20878493641484,0.27179133804137,0.253385029125616,0.169567241629047,0.251234262099013,0.196654164129779,0.213298797251705,0.145044554186902,0.193716855671529,0.2901042688525,0.206814764256765,0.230870034310182,0.210513244145257,0.184098459613675,0.184453999210192,0.198536886824431,0.234829717724327,0.277323468032766,0.268725064786888,0.21030893951447,0.222840347207671,0.270338144421061,0.263282873624949,0.198957078671154,0.246329761193423,0.215140905460829,0.265687083614785,0.184451256052727,0.211197766303306,0.224887362959313,0.161924849080426,0.167126466210153,0.286306938033346,0.182007000460359,0.12445146330548,0.204991462026633,0.188079952999493,0.27090980499405,0.222120757311442,0.264055495978156,0.139261056545906,0.145015909914905,0.194741390192828,0.267505131693874,0.22009841246968,0.144550356497911,0.214080600309319,0.222047084482489,0.103462541320557,0.164960971257332,0.178185483246148,0.22268747029026,0.13858294359815,0.204554998174623,0.26450546615129
"brachystachys",0.172893232097235,0.176443739692516,0.169852251141065,0.193134746228715,0.263883872345986,0.146482130102855,0.164165862573514,0.151921081975244,0.182122506318891,1,0.359661237662983,0.264928736534796,0.229829732303945,0.155154877631543,0.17854401696279,0.158515159966815,0.205076550466497,0.158867265220275,0.0739549782765324,0.142830027128476,0.166783351902563,0.174102047053452,0.156809454099284,0.178288148578654,0.17079673764832,0.243163338172672,0.128295718029702,0.151662123695581,0.163348601398366,0.11536443588916,0.207113724512563,0.344894579536059,0.19339104537949,0.137912224704065,0.3161407981673,0.135602221624067,0.134996622028068,0.0462533940999829,0.0712051058505298,0.161124293994381,0.351810194515563,0.125840597826585,0.147664105737939,0.150947039238976,0.139636614324948,0.143182378226791,0.368024614738609,0.158277150540762,0.272834397033842,0.293800095991774,0.108608053667148,0.142068780687141,0.172018613683836,0.152889335380861,0.184335431555712,0.137573765194585,0.140291604482286,0.143114357251147,0.285090102703808,0.145403025871556,0.189522739394512,0.169726572267487,0.147609300806988,0.16071249416776,0.166361907416182,0.163414788447254,0.139207521809776,0.166612662837599,0.135230263459887,0.179648553513611,0.314499658322561,0.141082270734833,0.146943101691792,0.105191041264798,0.110443124792754,0.172366922629658,0.160453066073386,0.0910320539376572,0.158238954893611,0.118124362427124,0.178419754891324,0.198750752543428,0.138795380714079,0.0804618730984931,0.11956250290255,0.123457441897629,0.175152787782314,0.162476555754614,0.111608971385811,0.271306585406709,0.149481052315145,0.242680753244349,0.19399609671852,0.133020340765421,0.189869560730542,0.36845166970035,0.14012375458412,0.163509027462212
"brachystachys.aff",0.143644196412751,0.135262790885633,0.170710145486591,0.207301353888088,0.23747549905281,0.128260056663296,0.148930270352874,0.144293981671297,0.177806374949611,0.359661237662983,1,0.282413199330164,0.21167204861405,0.146297052596107,0.14777537947044,0.140906635420593,0.169021439952844,0.138284571251506,0.0892103543446125,0.172276777718341,0.15607089610532,0.146159297043558,0.15922358930497,0.179888705317794,0.132997625586422,0.265374341195842,0.123699948319832,0.168830274773548,0.15071853281004,0.120972075986295,0.143955089697669,0.31302686601334,0.181459516190275,0.125674869783153,0.310778635948073,0.123018040772708,0.139498040180342,0.0506613391571215,0.0612813177117967,0.135097590562719,0.335736046178674,0.132756309465555,0.109870612754034,0.128971408753789,0.148063580396721,0.122394212165504,0.31652275242165,0.159916007677123,0.29023428939511,0.319296903873109,0.0897912873498705,0.138573195360881,0.150729836889121,0.142317706368035,0.142363812268932,0.123446028111473,0.136109007845841,0.117512630293439,0.25732328357133,0.134205894215966,0.191831506879313,0.148847708487903,0.157196996822825,0.145510389100504,0.154550430242862,0.146937220070292,0.133831478826592,0.170552566768182,0.148306323288622,0.172926954094686,0.333749032560479,0.152886461755387,0.137449687170471,0.12439302694434,0.163007348010658,0.164026287751845,0.138503238849546,0.134492283509627,0.135286803589604,0.110676586588014,0.194142060736617,0.165935704862229,0.128245959897703,0.0982898116200501,0.107220331903631,0.113358433766619,0.154124580077824,0.160012180103946,0.105757671474839,0.264050683662517,0.123184013421109,0.235797875790463,0.10438944348165,0.120562890703308,0.137943146177304,0.336268482952095,0.159760376067253,0.153135415031512
"brevialata",0.138362648464346,0.129320435592451,0.171029408373552,0.17587507593419,0.242754168298753,0.113930558012917,0.122566034982329,0.110566838056242,0.194908362919961,0.264928736534796,0.282413199330164,1,0.201662217190231,0.117571402544658,0.166888009198456,0.149562143850933,0.149438153159646,0.153903432298726,0.0977600152987232,0.132592160970822,0.124156311169283,0.139566894889577,0.146507100089585,0.146150560333874,0.159153223042392,0.258064110369543,0.109360012574898,0.130712068388851,0.149845328898594,0.104773445517835,0.180641636136007,0.24954737137205,0.161585289079458,0.128128441205293,0.2885031576354,0.132822640969616,0.181859381596899,0.109106860003209,0.0683584098743323,0.121447176519223,0.28294042838124,0.123313015816929,0.109651721268839,0.104194767738416,0.124480406563886,0.147055506942108,0.26138401517093,0.136592621646416,0.285790743505031,0.272906675745713,0.093022782224059,0.126812097391694,0.145915438570975,0.119570279195132,0.165164747052706,0.118352054237812,0.111474433782716,0.121130168140734,0.218066935361773,0.122615181303856,0.158795756614981,0.163925292986275,0.116632932083151,0.157850848455581,0.134032312806804,0.166070897543216,0.123417433784061,0.159261106954189,0.116628849561598,0.159286687389471,0.277689956269209,0.10937267224486,0.109899576128185,0.126999932424232,0.112617498217276,0.171159613867627,0.113311289279637,0.0800086654124017,0.127037199038707,0.120585839976005,0.158597720415642,0.192393041886996,0.117778765637462,0.0903527736338121,0.0809677116168008,0.156121305294716,0.159837278782743,0.10480955255322,0.147623226793509,0.268985476703643,0.120279561525683,0.229891214650072,0.0861791794682286,0.121780999478145,0.186152744965965,0.260158804916676,0.120968415531896,0.13832525368455
"brevipes",0.242298505403793,0.0974217766673077,0.112187028582928,0.124085028192182,0.280057160707953,0.155040980828986,0.109762878716895,0.166493783252331,0.166919316333532,0.229829732303945,0.21167204861405,0.201662217190231,1,0.108797853836084,0.142271183948637,0.160487291684999,0.175462741943348,0.258957942488163,0.150481736211029,0.099583314349816,0.139798293552812,0.134590471978292,0.124265411949034,0.157050143798693,0.164651599116248,0.184489597927516,0.11263384728761,0.127356768392557,0.175898259499695,0.150901785250822,0.199587342648197,0.24026600269612,0.242654503275229,0.12593463422721,0.352429774388292,0.114065021199123,0.130312518705561,0.185717460412977,0.146663242112024,0.134230488007825,0.217285521492127,0.111948359010963,0.129070790993213,0.148833926898134,0.134740763683178,0.129042419396675,0.202902850435984,0.175505960731714,0.255011144670048,0.221251083062091,0.103396982825339,0.133480054018152,0.129390051132332,0.159672933611054,0.166271740638554,0.136877479333493,0.104176819177501,0.143293174234519,0.209218194391317,0.127884831096384,0.154897086208589,0.166818587315809,0.10983139128829,0.16405484325203,0.124719778016013,0.132675435844054,0.107093775482506,0.13859497086376,0.102722706750084,0.14965486197088,0.230768653781647,0.118169722876777,0.135572902093731,0.109310585005809,0.152184463618053,0.138390066709827,0.127982685875786,0.0769197458144283,0.131975384043265,0.238683241966777,0.171863047492456,0.167074178370937,0.18374806981482,0.0967379504377213,0.109244539061713,0.136035443959426,0.161811157689506,0.103167102200666,0.095955744389587,0.233817604088378,0.112335626840917,0.223494019445266,0.114850700699642,0.157239098112811,0.121069431062543,0.188755381179462,0.102535280688681,0.143440964718541
"capitata12",0.189380062362434,0.190200110195426,0.186278313925088,0.322166635332361,0.175175623882959,0.213105899136888,0.229571649398101,0.175528848788625,0.250754390409387,0.155154877631543,0.146297052596107,0.117571402544658,0.108797853836084,1,0.242620431733824,0.268432580709775,0.265906512006649,0.183110534067072,0.0873641640148361,0.197054311845284,0.231501911152012,0.244319124532779,0.335393444109811,0.26630515456842,0.175467680503147,0.0970858232702233,0.245800017532068,0.280035690541096,0.227044488467418,0.119445769410034,0.240724394939012,0.124328268707807,0.21329961779173,0.198634801431118,0.177920461988621,0.17217590862658,0.207170104616741,0.0493381183162336,0.0779176836956176,0.286417085192226,0.174155124041966,0.212366465893036,0.180807046714151,0.24803817508841,0.217511794317459,0.156043884462324,0.150643413892158,0.358907669675441,0.177902290723974,0.192154536922629,0.169660975106066,0.221049633755165,0.263819508430044,0.223457852500062,0.205042354165363,0.215534368580607,0.263235520032482,0.157403125868257,0.244927655569933,0.249743903877145,0.309532503449806,0.224836737764274,0.287292321205348,0.216677234252629,0.263224614594014,0.301488784913536,0.207530419713713,0.288831307012249,0.219212486641807,0.236745280936087,0.181109094047265,0.264874323981883,0.199937634906073,0.288760869436277,0.223208965755639,0.315444725664644,0.181415700050945,0.131552386829355,0.187626439051028,0.210500909373059,0.24566624940893,0.227028135130138,0.222511288140977,0.0959959194955286,0.23632332495478,0.170869450046543,0.201813509162787,0.264059402425728,0.148052824089401,0.180335987714684,0.267390418328748,0.071331271533321,0.310961708392808,0.118663688959446,0.227003977139075,0.264143599981551,0.284571259311073,0.233301662339413
"capitata33",0.256019670809452,0.173977420841226,0.226045558774341,0.28154568608471,0.263028917794248,0.154561099332429,0.229610574677887,0.191748719883777,0.274759366666715,0.17854401696279,0.14777537947044,0.166888009198456,0.142271183948637,0.242620431733824,1,0.281695400152263,0.297319719710902,0.21270244542589,0.143991878057865,0.191334839929256,0.204585413763931,0.210216408451272,0.2148625948855,0.226444821649178,0.221000373467259,0.0977283434241317,0.210121379514813,0.241289327809836,0.237534666336602,0.201436870965063,0.268548404129976,0.160581238470676,0.217771105932886,0.210133970107318,0.214061415474484,0.201466300069021,0.304289333947547,0.0777892605421283,0.157331752176154,0.222148545980978,0.197150315655114,0.197520748745849,0.189035679876088,0.203095221181941,0.211877485987155,0.214700523083353,0.172797738174533,0.293515711519395,0.193803449115704,0.200502295258769,0.173324629896515,0.188849647043769,0.261809504363184,0.268516007298108,0.282381350417494,0.187046740313524,0.169288333707783,0.195112128643573,0.186886200614785,0.252248629547544,0.257633653001234,0.331734811508574,0.182436696821435,0.212084831469384,0.247452876433161,0.249949435419553,0.19721442480234,0.245328499048568,0.176276698233908,0.226645560490181,0.195849994738715,0.197182058826008,0.206233248985416,0.169567620922693,0.178470828483739,0.229998173952984,0.181444836289491,0.11125896596715,0.181801187491035,0.14336792806078,0.248221370378505,0.213236949089004,0.215813358110371,0.135703483594077,0.184113867426387,0.203209656503449,0.244923940860358,0.203262344826209,0.167770322160804,0.271355358304149,0.196073746811183,0.132400713899145,0.165018503826165,0.167764893133482,0.25513816544535,0.14922749919027,0.194076241499148,0.317506697382458
"capitata35",0.273623019253681,0.164309966852686,0.211936158404124,0.319107416470791,0.194285911008094,0.211622837161792,0.30397687848777,0.206412985961523,0.280213052270146,0.158515159966815,0.140906635420593,0.149562143850933,0.160487291684999,0.268432580709775,0.281695400152263,1,0.275104457843479,0.291287763677934,0.126683906673536,0.179179726808299,0.203793154436027,0.2928873973203,0.239494108054801,0.226671113380091,0.219174778273213,0.0940284371262685,0.183195657429814,0.316696114160237,0.332996865726428,0.139749486509027,0.320996131228253,0.138179594104993,0.230739403629691,0.230186144329522,0.186956476449438,0.204776469914737,0.244208054137242,0.0652322864779917,0.116500498017206,0.255129501651022,0.193456902079607,0.203841025125243,0.170256583910839,0.308696762442888,0.238414370915323,0.207782386878112,0.157028591410291,0.352361396812919,0.172743659586957,0.202563567091795,0.260450858425648,0.221867876024068,0.266884333123047,0.305449112142725,0.236475567883174,0.199869767160272,0.182345622200748,0.181037693673682,0.275999884116462,0.256073744265112,0.273454358779286,0.298276343906016,0.188519413602249,0.216661518752334,0.237860413085741,0.241901989184146,0.25644145885191,0.230529440209082,0.193810721373698,0.282557991381266,0.211246659312986,0.221943415524333,0.203084941387558,0.195451288357071,0.150224400694139,0.326358360423645,0.202252115976602,0.114357800712155,0.204462569041316,0.158925351920733,0.225811288608215,0.237824963379548,0.31239134681328,0.112144646964836,0.277043368031215,0.183779445678076,0.229059761120282,0.255305101550783,0.160670373555925,0.283437669944586,0.279333892867257,0.0977847150239893,0.183346624079639,0.156808127215051,0.287101015081909,0.167567432976018,0.277882961857403,0.318728098722259
"cayennensis",0.25055411778626,0.170762269977276,0.242503712373698,0.320278005388977,0.21896170343966,0.210739216071537,0.233227259156796,0.237012156962062,0.298076683669266,0.205076550466497,0.169021439952844,0.149438153159646,0.175462741943348,0.265906512006649,0.297319719710902,0.275104457843479,1,0.266133205856487,0.108274900185794,0.174276370234385,0.257690655745995,0.276556474039031,0.21446456222606,0.220697945948425,0.233293617884711,0.111718597882619,0.174569693855145,0.283997433550466,0.332153024053775,0.130552742538015,0.309808439126753,0.137193575034442,0.264332415154134,0.192112557100293,0.241999732905728,0.246660853233943,0.244317872712587,0.0711428161116897,0.120810348353522,0.201934690753729,0.196819907295799,0.20629235906237,0.198993080524503,0.238921847782145,0.234696502200109,0.236174302780139,0.194421667336582,0.289397289640064,0.234693843792967,0.245806755605697,0.17123503438967,0.20600414279924,0.259181340740153,0.223320569874923,0.28191109275712,0.226899841304542,0.185951180525316,0.188264411946062,0.277157831247331,0.231754923300244,0.263390634098901,0.297677930893562,0.182940006047971,0.231101089361358,0.261918551944363,0.239439997473389,0.201072183948806,0.22816698290652,0.181974386950424,0.298064610604096,0.195274929282936,0.194334475630248,0.228030061223757,0.169413389858247,0.142398843137318,0.308478462430226,0.202850767690442,0.119822824986926,0.259071272285638,0.169389691725815,0.313369348679853,0.259492292925959,0.254760138652125,0.129902719252446,0.214267102392369,0.179862875730071,0.281853746201418,0.270457954806103,0.156998696920478,0.206215697213114,0.273642504917895,0.100226234624968,0.173682221924454,0.176196556285769,0.239459496354002,0.140528149439458,0.271431809365755,0.302644467307061
"chartacea",0.43769101204785,0.133022889647263,0.176679379091298,0.258964759860467,0.250098341217919,0.168808764728029,0.247620098762306,0.155262349722264,0.225167717548125,0.158867265220275,0.138284571251506,0.153903432298726,0.258957942488163,0.183110534067072,0.21270244542589,0.291287763677934,0.266133205856487,1,0.13690764572132,0.150126737695711,0.220369647789665,0.267579889563225,0.166701232232649,0.21104592442755,0.203027209535431,0.0976168664618543,0.144870136017691,0.210031366523002,0.283523743448725,0.150719046491741,0.355162532684897,0.158572459594937,0.392793368748805,0.14635495227428,0.249184238870691,0.18463783673203,0.162643349809174,0.28633820230296,0.163768202734345,0.162004320264257,0.193385218877087,0.160477885513516,0.153065741661348,0.212040120238729,0.17855366561808,0.172310969682479,0.159981399642499,0.270530080382875,0.165237030008499,0.166133847609688,0.167200368345838,0.171460506613101,0.21383726607639,0.213903995871431,0.212453143799676,0.170086547382919,0.152478079078274,0.147566544509471,0.282527915592325,0.204490244929705,0.192034848324875,0.290511559570418,0.155965210121191,0.157431851382165,0.207529782688641,0.246461734233566,0.157694132616513,0.201042091596169,0.156362744398167,0.281728228563956,0.154672280300312,0.1344798971052,0.190221089940302,0.117068220598887,0.192042656030043,0.272326141881691,0.169340459821002,0.0862455559123137,0.181160701459667,0.410954082727786,0.203664940196035,0.227003307815634,0.275405183606025,0.104742746022961,0.230894208312752,0.163151281531571,0.28225875991428,0.218874242574544,0.116969581915873,0.224244785512863,0.272944330414674,0.11510001434465,0.141171423409558,0.136931864689938,0.221233192720532,0.141658959831861,0.235352896333245,0.272424773592978
"cinnamomea",0.14388527114841,0.101305122402381,0.115150463754199,0.109794083444405,0.212431400875826,0.0609135879007582,0.0997306443954342,0.112229142367165,0.118684774081776,0.0739549782765324,0.0892103543446125,0.0977600152987232,0.150481736211029,0.0873641640148361,0.143991878057865,0.126683906673536,0.108274900185794,0.13690764572132,1,0.107810984861543,0.0958956511283243,0.0811946619909154,0.0994344851896029,0.147052635620026,0.139219110052079,0.0714348431597269,0.102509682040893,0.0807047957172617,0.0936443365477674,0.256521487880065,0.157162540188855,0.338233535841114,0.152890594452292,0.11855680863712,0.187497038329963,0.118303524391945,0.116368221077449,0.124871433827078,0.240767711304743,0.0985498779101918,0.113623194382181,0.118656130011594,0.0994346431378809,0.0833754164808624,0.113781159720951,0.111150694093887,0.133346831884573,0.169883254867592,0.102463968458325,0.0908385959880623,0.0684059317405053,0.113707243691845,0.114924207132796,0.121164811890621,0.120968469213349,0.0823180252933479,0.0726189583514608,0.0982692839560919,0.0602586752450376,0.096222597923107,0.138770552623484,0.204174375501949,0.0932760111948829,0.106924828627456,0.104376779597026,0.106581552408187,0.0902523151137347,0.161724463622522,0.11168964170076,0.132415232438345,0.0859360379075242,0.104258394890094,0.0759452400710905,0.117993556968042,0.429369810483124,0.144480599667932,0.0786720052765449,0.0537634180948664,0.0889996608922849,0.153652042951255,0.100447553652767,0.0929141002491015,0.0895191499295218,0.0790555792303584,0.0461242386140284,0.159585646896692,0.153949271475095,0.0721110075952657,0.0697708652241679,0.093522116561068,0.0949700424037632,0.245775853785513,0.0563252725747515,0.0861688659331501,0.107064497028933,0.0702915945493841,0.0873328955783588,0.105152159928731
"cocleensis",0.148395542316107,0.197955913583672,0.183397258457321,0.210919027050413,0.137480388627547,0.126014432073191,0.261481852863373,0.133000211265677,0.203478240166518,0.142830027128476,0.172276777718341,0.132592160970822,0.099583314349816,0.197054311845284,0.191334839929256,0.179179726808299,0.174276370234385,0.150126737695711,0.107810984861543,1,0.152437665730174,0.207000480305485,0.174566839619823,0.187525680374961,0.137990422331639,0.0815314701328902,0.183389007522072,0.202701288861979,0.160284100066884,0.204130394674224,0.181634016108186,0.117663663623424,0.201137091807898,0.147923262459496,0.150976181614537,0.129924739410161,0.206685384704783,0.0519514023944455,0.0708988602887782,0.173345847938076,0.14347202001939,0.161745293534753,0.13841648333114,0.16864332663624,0.169287785401757,0.143759443482184,0.124663949719036,0.203846310036851,0.158743921153126,0.157994397202924,0.115439688944783,0.145600578986369,0.168283470007698,0.182979314051771,0.164390440534688,0.165094300535927,0.151196022792176,0.164654706621276,0.200917504572527,0.161644904537656,0.229514230101393,0.165957592603493,0.211192632700033,0.175278568646657,0.162295019420387,0.227674457348971,0.146802698659101,0.190487712285575,0.152577582299553,0.170275056458428,0.146625390051826,0.179436647263532,0.18389793556511,0.158605371414947,0.140912613030042,0.191700409244003,0.16939060942892,0.107452398704231,0.158439850951576,0.125995114913012,0.165850888253947,0.153282867547192,0.144918550647314,0.122860700083719,0.119440011996818,0.15675151864936,0.165183509589704,0.288066663467614,0.14053979790161,0.150455155707454,0.171643580498676,0.0772356461644317,0.130552604340816,0.131953361552313,0.185974215195717,0.138653439535995,0.141134684181364,0.166902718333861
"cordatoalata",0.205230867186358,0.150683443266529,0.164537914097513,0.250312090496778,0.207258521588364,0.167300951796041,0.208976116289622,0.1540531673299,0.246293723077241,0.166783351902563,0.15607089610532,0.124156311169283,0.139798293552812,0.231501911152012,0.204585413763931,0.203793154436027,0.257690655745995,0.220369647789665,0.0958956511283243,0.152437665730174,1,0.202736061224074,0.202081347883528,0.272936705740054,0.214872080431048,0.099846383281546,0.159534004768395,0.256029644835856,0.239113662279735,0.109312418854532,0.261438392059824,0.120436732332753,0.233924084003883,0.151265473794178,0.171953277983287,0.173669586548864,0.168143902907176,0.0769903715467539,0.09692294785097,0.20888399408814,0.197617807538423,0.144301635873074,0.169893169264627,0.232732765212193,0.167231299461237,0.152549271448785,0.141748075864361,0.19556834887826,0.159358544024124,0.200452954773725,0.122775304312346,0.179064285352374,0.220394557643909,0.177451548838856,0.185486445203472,0.150943211864604,0.148551181959798,0.155078028095389,0.195662959651617,0.208376688912885,0.25589784233111,0.257446825727341,0.165435547439986,0.19090815520676,0.222367767183376,0.222465626498973,0.156670472874587,0.208293864463383,0.169217914952223,0.323158710054039,0.14080917726269,0.162767411670036,0.181780962465933,0.135412254304836,0.12720505442998,0.266201169628428,0.171685754846272,0.140696717272615,0.292209409755169,0.154791929094153,0.22764720538841,0.384103711653644,0.194534039441349,0.097437084714631,0.175595738264761,0.141054477574504,0.255839036230534,0.195186257321515,0.133180400811965,0.169108066763732,0.228461144377217,0.0790864259909173,0.159053734487616,0.250017857754094,0.210523882144077,0.148394823475924,0.210073268088886,0.322535383445414
"coruscans",0.187343481797895,0.17158157855514,0.164739128892638,0.277690208092583,0.176920530603514,0.220956462139988,0.264494946960862,0.192363089755925,0.200838683831168,0.174102047053452,0.146159297043558,0.139566894889577,0.134590471978292,0.244319124532779,0.210216408451272,0.2928873973203,0.276556474039031,0.267579889563225,0.0811946619909154,0.207000480305485,0.202736061224074,1,0.220921893532754,0.164265664130288,0.184259642364691,0.0994483544381817,0.157802303673276,0.312219417033809,0.251760752245826,0.106182804891262,0.296243726295085,0.135110301212817,0.231486351058731,0.152495207199103,0.157337200303834,0.238009860227076,0.207643464888327,0.0607521226586689,0.106501899774736,0.205168259358564,0.191559681955932,0.163906964482194,0.163651172131131,0.32791709327163,0.21305874529128,0.210781687886196,0.138514942946448,0.223680397811646,0.173635290525933,0.178621763111112,0.17631195067042,0.159820489716614,0.233132539606667,0.220141137477508,0.190440018000336,0.220225661207952,0.20395695524042,0.177108666905343,0.289912247862268,0.240837826313917,0.247126390252346,0.280667275425599,0.202888828650603,0.16514816206211,0.226922559816489,0.215825440366996,0.19374257908746,0.187915908468252,0.190551197872425,0.304833922883301,0.185964071161941,0.188792172909523,0.206957434730314,0.126241500550631,0.114068230572831,0.321686074249342,0.24093950902844,0.126611023881072,0.213656527208478,0.138653353084012,0.231359991829589,0.222808458456306,0.278781678167759,0.111382922351289,0.241456345619935,0.136736249411184,0.198656792778387,0.275251748776855,0.163297373942063,0.192909906955322,0.356758068198832,0.0691605663544905,0.17192572191878,0.172002002964634,0.284509188008085,0.134245222378761,0.334019421053308,0.292764474455987
