"","acreana","acrocephala","acuminata","alata","alba","aria","auristellae","bourgonii","brachyrhachis.aff","brachystachys","brachystachys.aff","brevialata","brevipes","capitata12","capitata33","capitata35","cayennensis","chartacea","cinnamomea","cocleensis","cordatoalata","coruscans","cylindrica","edulis","fastuosa","flagelliformis","fosteriana","glomeriflora","goldmanii","gracilifolia","grandiflora","heterophylla","huberi","ingoides","jenmanii","kursarii","LA17","LA41","LA48","lateriflora","laurina","leiocalycina","leiocalycina.aff","lomatophylla","longiflora","longipedunculata","loubryana","M18","M25","M27","M30","M71","marginata","melinonis","microcoma","multinervis","nobilis","nouragensis","obidensis","oerstediana","paraensis","pezizifera","pezizifera.aff","pitmanii","poeppigiana","punctata","retinocarpa","rubiginosa","ruiziana","sapindoides","sertulifera","setosa","spectabilis","splendens","stipularis","striata","suaveolens","subcapitata","T18","T21","T29","T50","T51","T82","T85","tenuistipula","thibaudiana","tomentosa","ulei","umbellifera","umbellifera.aff","umbratica","velutina","venusta","vera","virgultosa","vismiifolia","Zygia.mediana"
"acreana",1,0.126053853236295,0.0693260548658712,0.151669055185208,0.132615177581447,0.106487934284547,0.192862836401186,0.106237159946004,0.113266605578069,0.0922587066492718,0.106231954668437,0.0688808649260616,0.0623705465356706,0.153313362219758,0.122620955184927,0.114198144754787,0.109295884588379,0.136700470979312,0.0776257561226625,0.0971030606267807,0.135174851546498,0.101362020411973,0.133607379380021,0.154054789766241,0.0899351629510183,0.0840688805269603,0.11257451905839,0.118765422382251,0.133516761248145,0.12712376662528,0.105784500457929,0.131471529068728,0.312471251996348,0.100981297581853,0.11852368598591,0.0946484503542197,0.112508777700985,0.0923235321929231,0.121648765521074,0.126693693253279,0.105884860942123,0.119465072215555,0.062444576885605,0.464108020292759,0.119732105067776,0.0852628611387051,0.11404418856552,0.217538039909202,0.126207836294633,0.107162532244587,0.12246295771227,0.0829764905677587,0.176334679813434,0.176269200488207,0.122364889538824,0.119386448670092,0.135162827924849,0.139351844935631,0.119434269761823,0.111049328736296,0.197834809186655,0.12545449703784,0.12759414208873,0.120605517450694,0.124494729715344,0.166546273341635,0.10524196114632,0.18526573194913,0.100582946764441,0.154686602485149,0.0978430182995049,0.103245451111853,0.151499428146314,0.118500312965194,0.187621329742646,0.147158470482791,0.0832135501126487,0.11392011333905,0.0904031821580975,0.13711802908287,0.0750890026941812,0.161826453200712,0.089091134272964,0.113595676060725,0.0809582409419588,0.107547281900179,0.105973614877964,0.0716231465276623,0.096039332803118,0.156834937032015,0.101053701567252,0.0975301015665888,0.0795041288477649,0.125519367546886,0.135556199281639,0.103303875886854,0.10137242273015,0.216803407394547
"acrocephala",0.126053853236295,1,0.136821824823708,0.2773842260912,0.239769065466626,0.208470057915967,0.206327619201745,0.173105064646088,0.179116129259109,0.119962766357977,0.14346478734308,0.10680179543483,0.0737252988506538,0.229922496964458,0.169200247172254,0.171678268616956,0.283835282934315,0.475587363734925,0.151142071754263,0.217753470058929,0.251857609876203,0.150393731105337,0.187618601806076,0.249972380360834,0.163689598704532,0.139034964134197,0.100791340947055,0.258656219393912,0.153786240527408,0.265831259182545,0.118571087610121,0.147751912462847,0.26112193386437,0.142423649713917,0.237011751182328,0.11699937714344,0.256612199527674,0.189006195605493,0.253428831249985,0.130067873498255,0.113456135233173,0.207699038089861,0.111239229500517,0.174724383177572,0.255478739188764,0.163758763642439,0.120855204402613,0.221093525684654,0.127011958998724,0.247995853423798,0.271308424559878,0.117622104858713,0.219729140363051,0.233949341591948,0.248535108649298,0.209584609175183,0.193077869839158,0.209206431265494,0.165715596987224,0.143316443524937,0.133919507063872,0.314617755573413,0.17138763476894,0.121364388388631,0.239551373217126,0.319808323335027,0.13628539691532,0.159868086518507,0.154866624003984,0.197891338243506,0.216185898132312,0.170468582190384,0.213832318918659,0.18029128359568,0.0897881462391052,0.219330435283285,0.103270506606592,0.133888864655315,0.112061825945381,0.284275094284529,0.14524466648322,0.241983187401916,0.170601854822873,0.297598248495568,0.177645603254864,0.144291941930495,0.181824169793853,0.164938826129234,0.178993124405543,0.189866047137205,0.0920598630070985,0.23053383097188,0.103359363171228,0.195153283396941,0.184413145840046,0.136456132647213,0.107956456633367,0.16093652815542
"acuminata",0.0693260548658712,0.136821824823708,1,0.140592782818588,0.18403920310026,0.221762113524008,0.126661905416843,0.222152523244742,0.127646151589799,0.0924237221175641,0.112022275659323,0.0997526196706956,0.0434458156908256,0.208022006803311,0.189836449917914,0.150403538399324,0.0972612644324719,0.183128093421378,0.0933437648700826,0.186806847735252,0.384967108418162,0.0824361782501298,0.420649106716527,0.124942040117032,0.125719496343201,0.165497793350187,0.0690828091420683,0.163119218780078,0.127568775045003,0.155965249692694,0.0913222708266003,0.165213276743529,0.128247738442267,0.102988073591271,0.170592827654071,0.130677519670984,0.269175541839137,0.120300333547785,0.137206672017975,0.122970670449519,0.081114611817343,0.152266272693061,0.165363061114823,0.083120563093455,0.143228997154887,0.111153702660146,0.0852948599797079,0.124404001099743,0.103930850388216,0.170295791355307,0.195774183373862,0.106357806787445,0.123033912303322,0.112003530043125,0.175099722023823,0.10999873716804,0.136456805165798,0.138741180380542,0.154616301287171,0.117327376485114,0.0894378864292964,0.147705971374603,0.118039408338591,0.128071079272863,0.316267027459063,0.145120685677095,0.152199741230228,0.13007610322091,0.117820922983687,0.190117052018542,0.199475345374733,0.158743190281155,0.105637045569915,0.165647660180322,0.0695093998433029,0.23290945357619,0.0972131906131277,0.136169548081597,0.102662515055531,0.193297912627441,0.477548021342744,0.106962960619027,0.136111611518793,0.204349944208445,0.173511951367227,0.0898696780856992,0.131738901594659,0.187122179258761,0.416011661340437,0.106328439825808,0.0781353271362405,0.115128890997326,0.130941909389042,0.250818087540415,0.172892709151234,0.111292692440726,0.077421898082126,0.103661742264259
"alata",0.151669055185208,0.2773842260912,0.140592782818588,1,0.235843301040224,0.237381891370762,0.19731785458636,0.26627528805208,0.238954287091822,0.152518397461621,0.161495344943571,0.108406999622082,0.0886595689889828,0.256591985669739,0.237220304642078,0.191082178387416,0.174627414701997,0.281329566539737,0.106970923275769,0.217341154643001,0.250895036229351,0.160795577597547,0.230540270199787,0.280387575153254,0.17991831246655,0.159821036509667,0.12614604763304,0.24772430421228,0.194771265488152,0.29600937400597,0.178769097745993,0.185934756515591,0.276767011429078,0.15207983072267,0.267936878323286,0.170237426439905,0.251385022260579,0.169395465014707,0.284203532426899,0.192798425894298,0.159676043197084,0.199393996529169,0.113729493234231,0.186345504884361,0.281523518091497,0.171415558726915,0.191039197920691,0.229227878967583,0.146405992226832,0.26914995624674,0.265351964428671,0.136469761400498,0.243299584676781,0.214022828360818,0.257996061836779,0.243985316661495,0.270307566883915,0.261042797578446,0.20102702373483,0.196144918983635,0.186832693072844,0.257980390128825,0.307577466453951,0.134849447297069,0.250096158222414,0.313012219790499,0.164581293248777,0.251281403528058,0.168845350923379,0.249764612084559,0.23592862839535,0.163082976688534,0.216237058408025,0.185257831744441,0.120007926518163,0.263274761426565,0.152726387445659,0.175821487674942,0.138528255440904,0.311678787891745,0.229193793912946,0.261337887480883,0.194241527949043,0.271612144815344,0.214984442205261,0.183181959617895,0.19028993558759,0.12902037460871,0.189145495961969,0.245329059397554,0.139975678190805,0.235278766264184,0.127012604059882,0.22701742222257,0.221740160837452,0.180621526059977,0.140672269996643,0.218470287652037
"alba",0.132615177581447,0.239769065466626,0.18403920310026,0.235843301040224,1,0.179573565964887,0.292175918938525,0.262822433139606,0.227371656770142,0.245775520775758,0.274136985786541,0.243753309008913,0.178102386833981,0.257359645465745,0.24448723435189,0.167923893295571,0.150450630172448,0.28244518642343,0.101193029636178,0.195306413180654,0.255835097941689,0.132280409597299,0.273169988837821,0.266362516445448,0.148731679756077,0.297513351884083,0.13727982164313,0.173417869899791,0.184975030377132,0.202043595885849,0.157907153675354,0.356839161827318,0.19573180094728,0.160424134557575,0.315550087544431,0.171500320674064,0.21874293344805,0.215471177751865,0.16125250479205,0.193877313567147,0.261373941944544,0.193596685162138,0.190357043461653,0.133250105222397,0.213976042130445,0.11989937729798,0.255850683635445,0.185940841908446,0.286151145662069,0.301043821820203,0.188980242562917,0.118363975034762,0.213881151307092,0.160333965041285,0.183885338959304,0.168950359007496,0.197220737382081,0.162337226060651,0.344637551543101,0.188046704320529,0.148649754668678,0.255044661393823,0.160676304091516,0.138692241735875,0.29294050508028,0.232875243670271,0.20044022832318,0.257919875824496,0.150246831009982,0.284782399958227,0.319444876556124,0.147288157243322,0.184145952914127,0.190679232717822,0.118622227433819,0.343483649040903,0.157868695189656,0.185820397366259,0.134257449563594,0.225753625371554,0.183677454218045,0.205507782035011,0.188334517899467,0.211789576644198,0.169818833996895,0.148380124489293,0.218980448631452,0.145449918798796,0.199880525725211,0.288345373191556,0.118293126386816,0.244580947320525,0.15141264506049,0.20804149280227,0.197397113630393,0.263968941013823,0.133732469162722,0.228817207930874
"aria",0.106487934284547,0.208470057915967,0.221762113524008,0.237381891370762,0.179573565964887,1,0.129084721420734,0.191651346191602,0.198983375364101,0.11681540665078,0.144518558585118,0.0868832626787747,0.0491578069254961,0.256781070836633,0.143266720897584,0.187035420904231,0.14291057292151,0.245059259748447,0.0826832839539995,0.255474436325524,0.290756000836502,0.119071885647227,0.241870583894721,0.202797230320623,0.23587523422126,0.162435533741371,0.0810878617596275,0.200808814499947,0.148631866390011,0.280135942347827,0.113171432533448,0.163558749192334,0.166590179480552,0.120200696499241,0.260523460494415,0.150250242303761,0.314349184659899,0.12069993800684,0.2405290036604,0.181807957446887,0.104793101247909,0.154912901020975,0.132582347526294,0.143191515671006,0.241375217970579,0.134154090460928,0.103054891252366,0.196887151943548,0.116396827848436,0.245610816879687,0.273628686491925,0.100531067058979,0.21600755332281,0.183544026134291,0.329317228630022,0.212028587544356,0.179352344825925,0.212637716910992,0.162835113866388,0.139353858569601,0.129013076539344,0.176713010261422,0.168507984101168,0.104154454549797,0.25023474310936,0.238466370905091,0.145970956480585,0.147217550850936,0.140274502386265,0.200182902761663,0.265144551911271,0.165180556749797,0.148326979405302,0.183592330625788,0.0958280500422997,0.229737132336475,0.118704767455742,0.133833375111111,0.0882865829624998,0.258794232707598,0.197506317076538,0.172294386992311,0.283949791902787,0.293466865196766,0.239801222248195,0.136677170748807,0.154865992196325,0.145752652767015,0.241707101246207,0.157934562798731,0.0928272406775925,0.235065534315717,0.126529823068395,0.19967528888735,0.213617095659393,0.166194411378105,0.109941865023031,0.162610531075239
"auristellae",0.192862836401186,0.206327619201745,0.126661905416843,0.19731785458636,0.292175918938525,0.129084721420734,1,0.183589632096927,0.211896945509024,0.125258622709427,0.148983127146552,0.110186878958501,0.0838085327642481,0.21590832077561,0.211285796933381,0.14887475903737,0.12837005613758,0.229191268669408,0.110542585588418,0.153857245177348,0.18743419831553,0.11992685267363,0.197737687721854,0.214649718907025,0.136224502466374,0.149748200931557,0.14307148169779,0.162329897701316,0.186593739565005,0.153970032792747,0.13800202350179,0.201822534597402,0.225368164275533,0.137319391319919,0.145540520047736,0.138460693175033,0.155257061478315,0.244736797130871,0.135288584756398,0.157801523861442,0.131259161882574,0.182375973223738,0.162532343989358,0.154612853115134,0.179188300251404,0.11823827572507,0.121406087566911,0.229823466958175,0.17462026999907,0.151506303193614,0.146572392557029,0.144371105577732,0.217837735109412,0.158835771541648,0.13265247175717,0.136537795069344,0.177104152367527,0.164502848235464,0.17914615496014,0.185933720861546,0.154279802695535,0.184885933760465,0.171265443471602,0.147594138839801,0.233649405075385,0.215469415784622,0.165290306155718,0.238369898510409,0.157744023723446,0.230558119327142,0.144396036337372,0.139500780400949,0.168659363170694,0.177593687813055,0.138489009663494,0.257109645575334,0.155809433935433,0.158061365379744,0.176325086841575,0.203100977962826,0.136931301394276,0.203069552008205,0.134562440417696,0.166699412762547,0.133556651658128,0.138770708546318,0.179154722933468,0.106844427987763,0.126243442081905,0.19411207013182,0.177839134652101,0.140707160257264,0.111824148922237,0.190823616995937,0.188911448924596,0.12837203911064,0.126064081082525,0.260179814720595
"bourgonii",0.106237159946004,0.173105064646088,0.222152523244742,0.26627528805208,0.262822433139606,0.191651346191602,0.183589632096927,1,0.177172052773056,0.12244535358558,0.136145651246821,0.107323532828558,0.0821650376115529,0.240746949005438,0.18088984294439,0.176832428745454,0.138642909886018,0.232202016002766,0.122487672278138,0.172327958330631,0.248941774218411,0.119657222261094,0.312541097722216,0.214588618572898,0.143285058940631,0.144294150458421,0.121932691645711,0.189171098952148,0.17896697845307,0.188133456827906,0.160481985111084,0.196916998092071,0.153716606151459,0.169775820960686,0.200455709955096,0.186259437430022,0.196164195637214,0.1543669138727,0.191160511353056,0.146888126292387,0.0964237593602041,0.195587390791574,0.149883011197575,0.113722630955572,0.257617972893319,0.137612306509861,0.177553380361081,0.157204434657815,0.16401236951884,0.184793565885202,0.232496119641505,0.108524027305607,0.195362325659361,0.138376151294854,0.185782353736975,0.135445620722445,0.187920037654973,0.15891138169243,0.278766472639975,0.18057428677977,0.123977878816126,0.15384047677704,0.171651215072548,0.108907685486321,0.25940685911585,0.207149147109034,0.157291812422297,0.196335957947578,0.137431830847391,0.256501284596463,0.200268669923419,0.167543488076765,0.161794935120586,0.197863430095546,0.107009097189813,0.278529911898918,0.181656193107525,0.138619182762536,0.127259237854739,0.238861747130286,0.367071616700563,0.155815865232279,0.182833649358618,0.291678111637164,0.199181538137076,0.139536509535672,0.172028296694026,0.156405292274847,0.221572524949017,0.153468288879799,0.11028594853596,0.134365263916513,0.143360512934407,0.184103226250783,0.153952382185735,0.146515780664799,0.115700794957965,0.167590612328646
"brachyrhachis.aff",0.113266605578069,0.179116129259109,0.127646151589799,0.238954287091822,0.227371656770142,0.198983375364101,0.211896945509024,0.177172052773056,1,0.14460891679882,0.170695572934711,0.10291737882349,0.0603403122487472,0.218419222083713,0.362252827403455,0.174021017355164,0.170351872384844,0.217437292027854,0.0944879075151139,0.206917897419399,0.211483290066834,0.106578368253471,0.204521364966515,0.243692410889119,0.154666870794618,0.161056317948749,0.0911221111199283,0.189866781642515,0.171686622127707,0.253044461154847,0.12653799840035,0.184272770863338,0.185068087106938,0.143085997674466,0.282481570328715,0.166455661350186,0.275680009198406,0.129019598638787,0.179613976817166,0.183318679608515,0.111742957861346,0.150847557951301,0.112196081067372,0.140313543730672,0.225823510811531,0.128448076276398,0.123907783920928,0.17670032914686,0.151977733850621,0.238404219035768,0.245819439656562,0.113003387812967,0.18127810153635,0.191032727750661,0.206439839078732,0.149911356841093,0.171518288876347,0.179654934731273,0.207705314366799,0.169667201585522,0.148317094868461,0.165737299575465,0.209831808819823,0.11958235029112,0.251956515040113,0.235551030514751,0.162791676285622,0.181733133204586,0.1393812877215,0.272278788372433,0.271130930013776,0.125572850097504,0.170694620745924,0.161874808302341,0.111986449201184,0.252464558720053,0.149759327646977,0.137723090793835,0.120864029229184,0.248145574595213,0.129377107371576,0.167709433930341,0.16438600828283,0.266569072186678,0.203048715354626,0.12787915842766,0.154938117970595,0.112473526583592,0.163831423478726,0.175607213792156,0.194303900139345,0.163862287752794,0.10357832464181,0.182302507562765,0.161693903958843,0.158843642642502,0.112212881251457,0.177545735798126
"brachystachys",0.0922587066492718,0.119962766357977,0.0924237221175641,0.152518397461621,0.245775520775758,0.11681540665078,0.125258622709427,0.12244535358558,0.14460891679882,1,0.328014786993839,0.233442566441333,0.146064655080601,0.190612162848637,0.157582403689746,0.107152604488597,0.112036443028677,0.164893401162478,0.0670596344121741,0.113980799242931,0.143804453511655,0.0617910457937411,0.141450638441784,0.149952546838186,0.101612156577593,0.304133825813291,0.0791427409373229,0.128618430460782,0.124384958415436,0.134001193499674,0.0960636893721163,0.41263608266028,0.14678244063892,0.104942661434168,0.310294250505216,0.11469094662182,0.146180486313285,0.100202273002622,0.124553923915248,0.112794598077734,0.340769880963466,0.135051571498568,0.0808190282734667,0.139874168410164,0.133893711566903,0.129862856904517,0.343955217300741,0.13708028724326,0.258833887980482,0.306114990796735,0.155069567505903,0.102464824253868,0.143609467168131,0.12509210044174,0.140336917545464,0.101613958232044,0.130810584756649,0.118400843863612,0.280826481285664,0.132615448880752,0.155605544961458,0.135912183399355,0.123621511964461,0.081420700798387,0.162109625699945,0.125912921202573,0.161471661048472,0.144756422550409,0.108040883905756,0.135005319201793,0.302193589987542,0.0842643587773204,0.107730114866163,0.107903368249388,0.0981518903509225,0.147989852091458,0.118067680134213,0.138010201123169,0.0799788419584914,0.146230535701859,0.110306331520639,0.148590460791287,0.147238648844503,0.158744373074221,0.127611713845457,0.106759450768614,0.120998900852622,0.0736505739534766,0.103053985107058,0.267417267133371,0.0942795898933769,0.261324618117528,0.0863803152426826,0.166125579409948,0.106857142130288,0.358090064204396,0.0968737994045372,0.14570649604957
"brachystachys.aff",0.106231954668437,0.14346478734308,0.112022275659323,0.161495344943571,0.274136985786541,0.144518558585118,0.148983127146552,0.136145651246821,0.170695572934711,0.328014786993839,1,0.383051872301748,0.155808920590668,0.173858439399572,0.161706666199368,0.145189236358423,0.101311353429328,0.172698227615409,0.0924415479311708,0.128117135868765,0.169153744330367,0.112394489041892,0.159549900626662,0.165212375781275,0.123141688283928,0.294300668433345,0.123428501091339,0.138797582333024,0.121972835076647,0.143520283985949,0.118542167542385,0.357947810431035,0.135575348699107,0.106416978500091,0.335845104672802,0.117039035956658,0.156665041695346,0.133751844021039,0.134457525291978,0.123253048737307,0.309854604440594,0.130808057279416,0.0902967146367765,0.121953453449978,0.160715535133183,0.1047613451178,0.318056185641704,0.134543597304544,0.288480297980396,0.295424702299012,0.140860344857646,0.0891351690336771,0.157750828447219,0.11813661298894,0.14635003377735,0.145891913298117,0.191480031895422,0.139292021229587,0.268805093500348,0.146411312768395,0.117475519813418,0.142160060592402,0.132976138074417,0.116281399334054,0.178751225435408,0.16397514198109,0.128227545811425,0.165686543301469,0.132569334413515,0.164686316608298,0.317956095149636,0.10879450510629,0.128378380054173,0.135948185118947,0.0940104892719961,0.190194237012092,0.120401386762494,0.106352233252682,0.0790977422179413,0.158999539635287,0.114852591621375,0.198377620182516,0.160330031569888,0.151777524977261,0.167141833094031,0.139427561237395,0.152531401632545,0.109903923017318,0.156770130594826,0.289421314354718,0.100308876463976,0.389111295685003,0.100963940063261,0.157913204413508,0.157039197601226,0.342614700795664,0.105898866257601,0.172135433998591
"brevialata",0.0688808649260616,0.10680179543483,0.0997526196706956,0.108406999622082,0.243753309008913,0.0868832626787747,0.110186878958501,0.107323532828558,0.10291737882349,0.233442566441333,0.383051872301748,1,0.170112226759569,0.101857084986889,0.121588791401988,0.0738799074264271,0.0909816636494203,0.115034354153834,0.0864817815263633,0.0865845438894066,0.0932286780487266,0.0986595492767647,0.11905217808734,0.117221051084017,0.0877666479832853,0.238168351222048,0.0884948666071959,0.0992704925030225,0.0877432996486508,0.0965451485070477,0.0886141828594115,0.25504208282019,0.0928687985681751,0.0701773988874819,0.246604948831423,0.0794241040049959,0.0984053346407889,0.0982617077984234,0.118467171034742,0.0797456083766357,0.239206940616494,0.107309499966097,0.0853551497412531,0.0729209537728758,0.0807755681598286,0.0825955110154276,0.239937816896058,0.0824324625905235,0.235463157122793,0.239332185090806,0.0844695682211844,0.102146301252144,0.107358164473295,0.0744682145410938,0.0702967610673358,0.0983529193069888,0.129740532213625,0.0886509383600228,0.198705144006912,0.100798833361276,0.0746445237701652,0.113608190206976,0.0874410789505913,0.0940234928188337,0.125559853792859,0.104099268151811,0.115924850619304,0.128428499464185,0.101696089699185,0.115204279185695,0.225968219407065,0.0889834946216501,0.0838470379652855,0.118242485452743,0.0701951705234712,0.138820334338784,0.109799596383097,0.0967609533721737,0.0773758916744239,0.0922742254063997,0.0949291023963364,0.154219591949417,0.0868362283776796,0.0835536587536692,0.109949715866806,0.104966915040859,0.103493023077878,0.0809261294979251,0.0856402210059743,0.229784055179221,0.092384148972493,0.277691850653861,0.0969461501368721,0.0996815273159998,0.0976992990593621,0.221385793530034,0.083025546870852,0.0962971162902322
"brevipes",0.0623705465356706,0.0737252988506538,0.0434458156908256,0.0886595689889828,0.178102386833981,0.0491578069254961,0.0838085327642481,0.0821650376115529,0.0603403122487472,0.146064655080601,0.155808920590668,0.170112226759569,1,0.0761771985025166,0.0846542960315551,0.0413950232586426,0.10465522470961,0.0630150446692511,0.066899910945904,0.0731934028638317,0.0594822370606166,0.0738316960138502,0.0837495689903837,0.0907471817716179,0.0683289712515657,0.173662281790003,0.0547729711986601,0.0676579437599649,0.0808662029409428,0.070182454348295,0.0738176241498454,0.157891312660003,0.0726606273021095,0.0541150232245968,0.150175887091782,0.071363817134461,0.0522194622411653,0.0897878008912976,0.0733185812448601,0.0619449581387798,0.160656967684753,0.0755711370513597,0.0345999435065037,0.0564139744128579,0.0607202178766101,0.0489560861298629,0.166659497068091,0.0698292169856148,0.206048394489175,0.168131992207641,0.104591910013101,0.146840238222687,0.0712950120666178,0.0646266964136024,0.0633762922180708,0.0964850466254476,0.109638476088423,0.0661388476605724,0.181202631970717,0.0777806129575133,0.0518966797844471,0.0819440256576631,0.0761626737011708,0.0575251868361983,0.070254944095851,0.0869313722679386,0.0674960611472174,0.0812353743877025,0.0801631295390605,0.0744291319231717,0.143593348337536,0.0665863822648369,0.0938050345476636,0.0762063132770256,0.0522629746004337,0.0811107722644208,0.0687051268259048,0.0563254391616195,0.0675787377073396,0.0758108472399572,0.057430676591299,0.146675825507297,0.0571792657948075,0.0676595839667839,0.0429793621794909,0.0920024932023699,0.0753443306594811,0.0476083252820849,0.0446559356753035,0.175271855999296,0.0687965356354108,0.151885620749801,0.0598872110192992,0.0619403986583515,0.0648102584034049,0.144412675263822,0.169549614819443,0.0694875863107697
"capitata12",0.153313362219758,0.229922496964458,0.208022006803311,0.256591985669739,0.257359645465745,0.256781070836633,0.21590832077561,0.240746949005438,0.218419222083713,0.190612162848637,0.173858439399572,0.101857084986889,0.0761771985025166,1,0.344566277174929,0.474828005393381,0.145924033179736,0.29706931263891,0.130543462046982,0.228759362129015,0.300458013495627,0.155191594281838,0.247196425756875,0.256017303704055,0.167003053740177,0.253421563659705,0.149923561669346,0.2870285582156,0.221599622642609,0.235641928546185,0.144674699558081,0.240387805842677,0.200688610360474,0.195653839069869,0.19503983885107,0.177725248317771,0.253079088687178,0.169294861520106,0.223846157473323,0.180737416510173,0.15721998552365,0.199059145072868,0.192160298427127,0.132919965584799,0.267629288362568,0.149935527925008,0.133673219297759,0.188265340105383,0.148935515294345,0.207992550714686,0.255176570716982,0.158765627512966,0.200677312597344,0.149885635042255,0.259499164910776,0.186002190622358,0.298920703417657,0.189720721680018,0.199527639531354,0.203463657027887,0.174932049215141,0.260197507210359,0.230952831834205,0.124771776181783,0.281127176426204,0.254383065426417,0.250459162123914,0.199254509997334,0.171579624024357,0.272586155534319,0.176052106935456,0.236448061063136,0.168344738267826,0.227921971112302,0.122109959801921,0.258823283559648,0.126466743271019,0.178690849668551,0.138443577391952,0.307339533776465,0.215979295269509,0.177657770520077,0.225252369381088,0.257573418089723,0.266417145971109,0.170308127814163,0.181921739648258,0.144651175795594,0.227256364443643,0.174808897662055,0.151077791891686,0.187642594441141,0.158344178029932,0.201271450907591,0.250116676884803,0.170692707638437,0.129253941479931,0.195193160658018
"capitata33",0.122620955184927,0.169200247172254,0.189836449917914,0.237220304642078,0.24448723435189,0.143266720897584,0.211285796933381,0.18088984294439,0.362252827403455,0.157582403689746,0.161706666199368,0.121588791401988,0.0846542960315551,0.344566277174929,1,0.185331975638288,0.126908820428801,0.233384936068803,0.105154805343418,0.157675279798736,0.218466182204329,0.13424177952565,0.22505159837251,0.21665566177769,0.140157676348835,0.244509989742934,0.148496440510882,0.159716759671044,0.167471498594729,0.169005921802836,0.153442054343738,0.199076468913743,0.184545319026926,0.15454609063549,0.175769968983026,0.165810503309974,0.178439408511508,0.139033285485571,0.129432053234866,0.139748882314649,0.14921357029377,0.171959119770104,0.105550995315211,0.113703832510259,0.169927891599697,0.113275795036215,0.151760426116041,0.146990608360279,0.153129902946617,0.152873375024658,0.156128134350502,0.129817830066551,0.212494642206817,0.153830021476665,0.163995660602198,0.156392378398815,0.195912806348886,0.144147036288101,0.188862823869185,0.183320206538951,0.144692156288836,0.243408366869606,0.195975655623302,0.141244538774026,0.216768635160106,0.19009749925384,0.245940394582503,0.215277416796545,0.131884241744497,0.231339882917275,0.152014052194874,0.152456788820092,0.154987706293611,0.187926724079923,0.12059318684621,0.220088259081052,0.129233553200116,0.195654029005804,0.154032684918951,0.19757725310291,0.158269112803822,0.165283248428125,0.147876046732941,0.176816013748195,0.149195424718584,0.145485774143866,0.211993397346926,0.121040421586279,0.149595144721072,0.196254614038145,0.137303760344079,0.130995817571696,0.139137703342408,0.201919161002796,0.176349171417762,0.12267411716882,0.118323868864108,0.175533326904639
"capitata35",0.114198144754787,0.171678268616956,0.150403538399324,0.191082178387416,0.167923893295571,0.187035420904231,0.14887475903737,0.176832428745454,0.174021017355164,0.107152604488597,0.145189236358423,0.0738799074264271,0.0413950232586426,0.474828005393381,0.185331975638288,1,0.100070842310752,0.190695714899208,0.0903824197392748,0.142509906223945,0.233634586031471,0.112641530933195,0.181829266648491,0.20045077083673,0.113434987542514,0.138145184535528,0.0924457783683384,0.238583326979399,0.187341537463496,0.16911782542251,0.112362956334697,0.172463791528088,0.137855327757507,0.145094791302917,0.150950564167198,0.132767866377585,0.192978051870751,0.125145428081678,0.186325896716495,0.116447665655676,0.0911716104799856,0.148159054353788,0.364501268774936,0.110428287932386,0.212260690005429,0.122202174711633,0.105247904182621,0.114418116213327,0.10028005528647,0.160842873733447,0.1806831712674,0.215128517398177,0.151216387927501,0.112855935196676,0.152134312997152,0.116942189467117,0.228102473954971,0.148006633003773,0.151842748820491,0.154864760987521,0.119169003273411,0.16479206616696,0.171526227823408,0.0935970009042954,0.214000598704018,0.173755554643381,0.118790211628829,0.165467534275835,0.124424923967049,0.329142954458475,0.146056165827578,0.412174318444861,0.113869460558225,0.17065898319484,0.107976662082871,0.195868440098881,0.0859043361512061,0.12124561788539,0.0935125060772886,0.232984888729902,0.163723812035959,0.138540519689502,0.154398207091591,0.173090213657565,0.230003416477123,0.12269210158451,0.131806706068544,0.12862707841965,0.195381948006952,0.119814148653694,0.0983378557412703,0.161728366567061,0.118393315667508,0.13443484782973,0.194458392433918,0.132052187433034,0.0783778966420212,0.136820057409471
"cayennensis",0.109295884588379,0.283835282934315,0.0972612644324719,0.174627414701997,0.150450630172448,0.14291057292151,0.12837005613758,0.138642909886018,0.170351872384844,0.112036443028677,0.101311353429328,0.0909816636494203,0.10465522470961,0.145924033179736,0.126908820428801,0.100070842310752,1,0.245962551979363,0.089453445229946,0.208155473109304,0.168880001397928,0.136914315767488,0.167416525975119,0.184667921285353,0.138898092879738,0.115513161930968,0.0814710737342565,0.144450676689242,0.155619689444807,0.227890121164706,0.147732609450885,0.143525001263324,0.227744623107636,0.124639021350084,0.161844879787687,0.136646480570635,0.209434781002151,0.128591898169523,0.225749874251435,0.127597284918604,0.103817594714506,0.154473651629997,0.0731967613694419,0.14360666914748,0.138097739030682,0.125550620824662,0.107790445624973,0.125681174837253,0.138330498439052,0.192334126719636,0.195918308003585,0.0997578972070925,0.178280741870857,0.170750404463718,0.210207349877749,0.1709921026617,0.170035267632187,0.162257440101144,0.150603102660102,0.11915309202772,0.160313381822759,0.250172308330603,0.163046371053586,0.106112497234287,0.225090662065376,0.204541852693039,0.114711803036845,0.154573099397717,0.121693718296527,0.207925031826216,0.150374724642359,0.123690990212383,0.207600553569663,0.138060962340486,0.122046511574691,0.189612363558738,0.106761549828013,0.101556379167229,0.100952909049452,0.200496491056255,0.107160039119412,0.153704278685557,0.14554573474665,0.185620795573331,0.137733854848038,0.145721600818584,0.175528668130753,0.0948996939378897,0.100733462475799,0.133729985588276,0.133411381040766,0.11452907295369,0.113683830308859,0.14986032956505,0.177739474447776,0.111955114055522,0.116313930716458,0.151580694160443
"chartacea",0.136700470979312,0.475587363734925,0.183128093421378,0.281329566539737,0.28244518642343,0.245059259748447,0.229191268669408,0.232202016002766,0.217437292027854,0.164893401162478,0.172698227615409,0.115034354153834,0.0630150446692511,0.29706931263891,0.233384936068803,0.190695714899208,0.245962551979363,1,0.158748271119844,0.209957474341978,0.299248017008689,0.134023714297319,0.247667899128966,0.268533922103171,0.183749164121358,0.200670859820527,0.108573399394073,0.232807715194227,0.174960992794745,0.281856179297535,0.141578587882361,0.203816601170115,0.292179144647551,0.170054994776878,0.29806623928404,0.157398015180175,0.286800418309446,0.19527638312455,0.23399621543795,0.150935008648251,0.13935767705446,0.232165517841442,0.164068459027107,0.164172333688703,0.249269020375693,0.160443900441893,0.134450637320596,0.212717662383007,0.180764150498116,0.236083448757615,0.27497474824746,0.126446666235652,0.226296172894073,0.192236789063815,0.268491661801351,0.213101654605534,0.238913236827455,0.216574252678069,0.187213612379651,0.173763270039664,0.162046234869363,0.359793457042145,0.195016120539418,0.136044770263257,0.29588720222672,0.329775248884543,0.200273847323902,0.255946160333975,0.162178366453159,0.270441796198711,0.241288234354177,0.195339285859431,0.190261445046848,0.231875587084522,0.113349972537162,0.282612166567418,0.125723900858912,0.144688096397842,0.121832673259734,0.27504713217406,0.189161354271678,0.230132556114663,0.213243807452481,0.313195385874549,0.21968809228579,0.162855837075209,0.246024910994861,0.140575129165788,0.221476655789716,0.217741918819116,0.121185523150709,0.219952522787114,0.123682538738913,0.224345742082895,0.2400345766365,0.162105722553257,0.124123091067362,0.186840664818248
"cinnamomea",0.0776257561226625,0.151142071754263,0.0933437648700826,0.106970923275769,0.101193029636178,0.0826832839539995,0.110542585588418,0.122487672278138,0.0944879075151139,0.0670596344121741,0.0924415479311708,0.0864817815263633,0.066899910945904,0.130543462046982,0.105154805343418,0.0903824197392748,0.089453445229946,0.158748271119844,1,0.110363669475724,0.115280179402305,0.103066704933937,0.117546520464707,0.105604711148939,0.0951657253192605,0.0918198245267429,0.0680129770195123,0.140675915026909,0.121855933606628,0.114687850722077,0.1149015875788,0.0846933973079917,0.0905827228667422,0.0953283667131727,0.083992343952149,0.0956117510652018,0.11095374455283,0.0841225304093097,0.117039748085162,0.0839913344029236,0.0892264786105491,0.176095149090254,0.0814037528607369,0.071035173107383,0.092447938024918,0.106585573231493,0.0960683575034228,0.108044732689919,0.0937871915962207,0.0813560604498152,0.0954553593468908,0.0864805635779362,0.131488495987444,0.102212860824161,0.127632760451514,0.118665819828305,0.123268676380145,0.0919122510673564,0.110304570705049,0.130514385046981,0.0732190459447975,0.115998047688647,0.0885897828537911,0.0944745123180412,0.128716547970469,0.198588604714551,0.0930689128302476,0.104457198525708,0.102393314137287,0.120283535246621,0.0766796459988674,0.129091286717026,0.132282077670462,0.142618962785067,0.0595428053164554,0.113351010606863,0.0819285271183847,0.0892160573608601,0.0701650282561488,0.127208369425162,0.109822118104111,0.101496411993903,0.0975035760637843,0.106906450776774,0.0863910657736552,0.0999395716038113,0.172637852761433,0.0790197862228783,0.106127114145866,0.10498272191598,0.0961647809610318,0.0838537655735177,0.0844956526959633,0.0966012632093937,0.102256363709709,0.0869857849515955,0.0700681592112908,0.0937314889726807
"cocleensis",0.0971030606267807,0.217753470058929,0.186806847735252,0.217341154643001,0.195306413180654,0.255474436325524,0.153857245177348,0.172327958330631,0.206917897419399,0.113980799242931,0.128117135868765,0.0865845438894066,0.0731934028638317,0.228759362129015,0.157675279798736,0.142509906223945,0.208155473109304,0.209957474341978,0.110363669475724,1,0.258518656192443,0.113515449810582,0.231753247185306,0.220288676722241,0.161997986520911,0.16664766131751,0.117356310460186,0.203627170129471,0.242238483684081,0.314812532208609,0.113809211262825,0.145431112994136,0.199665530789764,0.154543687823281,0.290076064138277,0.137367114718999,0.333337076105573,0.174279729883226,0.257923861496022,0.172277366524805,0.112920771559253,0.174074959486799,0.117660764864342,0.162011467056446,0.225489999156977,0.119222271033968,0.0946329656633584,0.189845599537994,0.121717662225036,0.287664444795494,0.324215217750021,0.11954880198756,0.143101646503791,0.224201761954676,0.341378464508307,0.169178667631437,0.167052238580004,0.18357934342284,0.215136020795538,0.140879577808855,0.140825251323986,0.153613186768755,0.170429793022931,0.102124108709179,0.249826286811904,0.237848354929423,0.144713684103234,0.145030437532079,0.135310160190641,0.209578099012033,0.282623380489258,0.16176197600077,0.178592138613428,0.174706143788731,0.0840971340275568,0.216488361840164,0.120492363951501,0.144050585057059,0.150508574809433,0.245361517872472,0.162806179920603,0.151749455034531,0.19399798010141,0.286348156205394,0.207699615447486,0.117584210207088,0.140596999955586,0.111230759579496,0.166308992828407,0.137907166681328,0.087666686853687,0.158621053418977,0.147713601267187,0.191292989001602,0.188991210826671,0.161170450185235,0.118798844069566,0.154798974260903
"cordatoalata",0.135174851546498,0.251857609876203,0.384967108418162,0.250895036229351,0.255835097941689,0.290756000836502,0.18743419831553,0.248941774218411,0.211483290066834,0.143804453511655,0.169153744330367,0.0932286780487266,0.0594822370606166,0.300458013495627,0.218466182204329,0.233634586031471,0.168880001397928,0.299248017008689,0.115280179402305,0.258518656192443,1,0.137559635662836,0.449869874848121,0.279897532505743,0.17715149234748,0.206506492850597,0.119122536630307,0.232688816370179,0.203767150077982,0.286325861983371,0.142635961949411,0.224367183222895,0.20070605289162,0.188218987129014,0.259636893955146,0.174594621825604,0.351904611985625,0.164130830624038,0.254427615756326,0.170412576897847,0.118992421654898,0.205156553550741,0.160301438880718,0.158774390657942,0.273916889408685,0.15847493938932,0.145475237807094,0.20912017933736,0.195505302861131,0.263083249554279,0.278826395973021,0.129443073575663,0.211980099197141,0.1897532604939,0.282061167658774,0.183216497180952,0.231647982557708,0.219888684960502,0.210186254734066,0.205319740500946,0.160704159798116,0.222682763708913,0.182653480872017,0.143300433141504,0.367750059307845,0.29174133358399,0.189033707407233,0.191249326445569,0.175244617159407,0.298742700914542,0.26024344221557,0.193701377226344,0.189926910467475,0.206211200345313,0.114394258293027,0.360908612186232,0.121925822938057,0.144878292626917,0.11823271118334,0.335254914423548,0.396867240598756,0.182388268921729,0.204754066612206,0.29530808678329,0.218186267460461,0.146876782366681,0.188221999253928,0.204551739924818,0.416866308291889,0.197311273667601,0.096465462346542,0.198088976716333,0.183525655107228,0.336209616541075,0.287179163524574,0.175907758652991,0.12939076806725,0.192288260217838
"coruscans",0.101362020411973,0.150393731105337,0.0824361782501298,0.160795577597547,0.132280409597299,0.119071885647227,0.11992685267363,0.119657222261094,0.106578368253471,0.0617910457937411,0.112394489041892,0.0986595492767647,0.0738316960138502,0.155191594281838,0.13424177952565,0.112641530933195,0.136914315767488,0.134023714297319,0.103066704933937,0.113515449810582,0.137559635662836,1,0.233587446946039,0.162930448392381,0.108038585903239,0.111377072259136,0.103220237590781,0.13781555191059,0.155499551641044,0.124881611885601,0.112446185646508,0.0901637409276324,0.11779289040348,0.0905460166677072,0.100812867343599,0.0922125259675143,0.126347497349871,0.103407723563736,0.114901621034562,0.0972132704438655,0.141398123028051,0.160501304371987,0.0761909270368975,0.115721348505439,0.137685639263335,0.10456447217787,0.0827556674978586,0.10817149299263,0.109252685331557,0.120271533055298,0.103599617550197,0.104687924001536,0.163177855424956,0.137184478560343,0.10812352919438,0.118698964731125,0.164312279011301,0.134497256531383,0.122376002858171,0.0990916664344245,0.117031916465269,0.154787527551844,0.107303871661991,0.109521931508057,0.117400580375027,0.152878852929134,0.103053396844632,0.130932827003928,0.152418839268596,0.172041883041158,0.0883899390220167,0.112440113860731,0.138639745059138,0.112316872559915,0.0991831762877012,0.135042327918617,0.102549105732297,0.131399440445519,0.130669461195385,0.143005746504687,0.11128175641084,0.146659584082004,0.111235874604506,0.104813679581267,0.0804421538580624,0.162582260572123,0.108393456236045,0.0927978133908944,0.105459743633772,0.108253903980422,0.0829426500580276,0.10391442080695,0.091753847498418,0.121387892166406,0.170339760530808,0.0954672093702603,0.0926463085892773,0.129486322427642
