"","acreana","acrocephala","acuminata","alata","alba","aria","auristellae","bourgonii","brachyrhachis.aff","brachystachys","brachystachys.aff","brevialata","brevipes","capitata12","capitata33","capitata35","cayennensis","chartacea","cinnamomea","cocleensis","cordatoalata","coruscans","cylindrica","edulis","fastuosa","flagelliformis","fosteriana","glomeriflora","goldmanii","gracilifolia","grandiflora","heterophylla","huberi","ingoides","jenmanii","kursarii","LA17","LA41","LA48","lateriflora","laurina","leiocalycina","leiocalycina.aff","lomatophylla","longiflora","longipedunculata","loubryana","M18","M25","M27b","M30","M71","marginata","melinonis","microcoma","multinervis","nobilis","nouragensis","obidensis","oerstediana","paraensis","pezizifera","pezizifera.aff","pitmanii","poeppigiana","punctata","retinocarpa","rubiginosa","ruiziana","sapindoides","sertulifera","setosa","spectabilis","splendens","stipularis","striata","suaveolens","subcapitata","T18","T21","T29","T50","T51","T82","T85","tenuistipula","thibaudiana","tomentosa","ulei","umbellifera","umbellifera.aff","umbratica","velutina","venusta","vera","virgultosa","vismiifolia","Zygia mediana"
"acreana",1,0.219700946767734,0.1416697837192,0.211085676021273,0.191940783693694,0.159143649800926,0.221562192049715,0.162923373018829,0.239540391689605,0.127536944519636,0.114424749725624,0.142314240896506,0.154731148806341,0.186338061157469,0.259187734126822,0.183253607738248,0.141842127879317,0.227193402372143,0.215822596692604,0.206959003060223,0.244029952468981,0.19152995421325,0.229134039716764,0.220111711898436,0.253390366945412,0.183291473181767,0.231963190041392,0.127892419780285,0.182627256808071,0.179124868408408,0.246447435302773,0.171927796070773,0.235115253570006,0.18085441919381,0.164423192760607,0.189963820689845,0.0877638415695002,0.174011517588564,0.210224448778357,0.189107285119284,0.145172117040701,0.203232968662289,0.154790699627925,0.166141373243783,0.186187624406994,0.232780413445981,0.146601855527912,0.183722144007573,0.162895177187374,0.200185875183109,0.15950910293733,0.205052796841745,0.189741787678408,0.211281044132365,0.202462400002788,0.217652758674285,0.212943059455035,0.168798943644241,0.215600959139953,0.17970831259766,0.204234840270363,0.259425242249098,0.231032987046731,0.215493026698112,0.149883958677607,0.257813022791785,0.223504876947498,0.255227510862788,0.223353765526032,0.237618679555141,0.181785769781728,0.213344035132292,0.229696766822787,0.145172028593056,0.189335611947441,0.183942932505066,0.1521648223584,0.157133846437372,0.169515293503766,0.220772889304798,0.210214331416082,0.229673555709362,0.169171922726199,0.200219579574014,0.131581077450247,0.193093530044236,0.204445731965176,0.142681295757055,0.166154958604927,0.176287673438648,0.123511730303707,0.168438085783082,0.146046488263561,0.237664573975109,0.238773004889379,0.137090134134823,0.125087283515081,0.19104503723285
"acrocephala",0.219700946767734,1,0.181886586787447,0.280270010208297,0.332160376547815,0.269565883047408,0.295194559746859,0.177190641542031,0.191415495140379,0.149808615519765,0.174230626737612,0.254313609808448,0.166993082174489,0.21617063348669,0.210538796045127,0.334161348870054,0.189380509749269,0.255520460148147,0.201064850491339,0.240114518024128,0.295097638030993,0.154120187654322,0.315340169345964,0.350990042275667,0.170371427518332,0.246647785406198,0.213796047397009,0.167913896699193,0.290525768009281,0.299401205402597,0.288135441231287,0.170810082696749,0.338831973242952,0.200860763573198,0.165257887720772,0.199791787710593,0.118688578840857,0.192707618706459,0.391371129396252,0.216022631293396,0.290578995291488,0.206981039326368,0.122032391596588,0.223888283740241,0.194389228655352,0.308587831984361,0.200450978347796,0.343446288411947,0.202720160290432,0.237690046992409,0.188664535769697,0.324998468486351,0.184756199788179,0.260390493497062,0.258306937197442,0.32901378614445,0.299165972485897,0.164130535868037,0.297825519001297,0.164187111038336,0.199406528951955,0.322916493933229,0.204542265557773,0.303698012934282,0.199097317893705,0.339134810764215,0.180239537757524,0.280462032875723,0.246173023704026,0.286114689558743,0.149500975183785,0.238569557768926,0.212178926473273,0.162734455005763,0.180882942869506,0.294456862638797,0.272268910867962,0.30248411800409,0.219363487283188,0.192566002023554,0.365379797920829,0.275026379789609,0.181240484750245,0.28884486186117,0.126468641040151,0.235866748487077,0.254538735533845,0.199686268106142,0.187452590738109,0.288604568316345,0.117711080670498,0.321917318888008,0.217665784966986,0.272413287982161,0.207278998395028,0.152776864293763,0.195469106601369,0.28173462560404
"acuminata",0.1416697837192,0.181886586787447,1,0.1841937305365,0.157065917165091,0.15443111416853,0.160629552327203,0.119801118655554,0.120115084946514,0.108162918147431,0.0973848393288313,0.126400273473463,0.0991161051978285,0.121744844951022,0.159188766637516,0.117617692205935,0.104009599390146,0.150915738853999,0.109817728329719,0.13147401329657,0.166005896780039,0.114348135764217,0.153177758151311,0.162794796723642,0.110776595650835,0.117025557162477,0.154863033941554,0.0993449427903833,0.106518224800151,0.112636382740173,0.144495498596317,0.123275564528772,0.153712355958127,0.10266479295476,0.150812213282527,0.118014594948923,0.0677516843368346,0.103868499025242,0.150170505383478,0.158427505571628,0.12308728336848,0.143314575328547,0.112670871590186,0.125997401838741,0.124429561310286,0.143153396253232,0.12240565189489,0.192197334276081,0.11513046182856,0.134781299356917,0.120374104678128,0.114193355717267,0.113499153626681,0.132062970224723,0.138246190541394,0.127885391723169,0.113750973748004,0.113821625140109,0.120587193798433,0.132431981662589,0.136234240939575,0.159765025702777,0.13611049993263,0.122042993628185,0.147245816094088,0.156420253836733,0.105809378268015,0.167119728240819,0.124813309565643,0.152077690461049,0.124418502469962,0.141455729492077,0.145550441090211,0.0949824808964455,0.154108685602708,0.16250524375374,0.10425057492274,0.093610912947213,0.136945629617185,0.120404800586232,0.174000499052909,0.135943601101835,0.0868986178023483,0.152261362976346,0.087988322395602,0.125893655205029,0.151254538887723,0.116064004416643,0.14775563873896,0.143086503472505,0.0970543456465424,0.115090379951972,0.106907101899373,0.121417269693033,0.101215454996182,0.0975376213542439,0.137764351333363,0.155189493065233
"alata",0.211085676021273,0.280270010208297,0.1841937305365,1,0.301826095843398,0.137885843878808,0.366179599785641,0.148640178945764,0.180680244928388,0.14881826992895,0.187812773240808,0.184509709953959,0.163977573225902,0.162330496758919,0.216151527699887,0.174300101066356,0.246015055214492,0.222166494700263,0.15889753033212,0.197549093534671,0.289604906614639,0.180013161386495,0.220564253985675,0.243542468553754,0.15967463546943,0.14948509898923,0.193122060057343,0.171256835061868,0.153127743123252,0.145957925247978,0.209962801659761,0.16884250591697,0.216108526419681,0.149911898445937,0.167203910096027,0.175463741480266,0.121069012977733,0.152879373569035,0.187654660465349,0.172176438805125,0.195789715548258,0.198214599172911,0.14178846166129,0.147453442974726,0.228846014182424,0.197195936268389,0.141777724433139,0.267293018132093,0.160351370082782,0.178992706775981,0.212514432131002,0.156295111779292,0.159800558608187,0.181129976043999,0.185563728023835,0.208846260454796,0.157957167345327,0.170393273854454,0.249055374611539,0.15471960773381,0.206826141978956,0.238701934564026,0.193333071569113,0.187231504452218,0.204051051376832,0.251382469559498,0.169326455139713,0.249735294741139,0.173715242618907,0.194207703384428,0.167641771738088,0.145780796218358,0.205471470827118,0.150697529050583,0.154478720241911,0.319174056934596,0.186083148917271,0.119278138635251,0.205495788100229,0.154590986558042,0.256191227341392,0.219068626634951,0.143407081901429,0.20559689729018,0.118562387195604,0.199611933021208,0.219427659335002,0.149907167360528,0.173148766433024,0.297767693181341,0.129666383319093,0.247256128868945,0.145264492301332,0.172595842441185,0.142457879314232,0.13030793554257,0.140117111662967,0.314474155077896
"alba",0.191940783693694,0.332160376547815,0.157065917165091,0.301826095843398,1,0.157083456951224,0.30499240564272,0.133887362900149,0.181417226661501,0.236906761676957,0.257467108508461,0.326446981342852,0.2592349436139,0.169880520995306,0.187616472700969,0.185474299944669,0.235226266771573,0.228241185921338,0.154793769008803,0.302913146953126,0.252910974245134,0.146154649966522,0.374125581267633,0.22318797123286,0.141028819868004,0.256921027786336,0.165569737756296,0.182016019354531,0.151350585940118,0.167017781603171,0.213211076191431,0.285839288507457,0.261767577659442,0.161631167305124,0.267396754240455,0.144407710939901,0.12316309824781,0.131114554890799,0.249903699211479,0.169003760835175,0.329132284994349,0.159854131845132,0.135092245949809,0.156515024465794,0.330797241886148,0.211311867325253,0.251708684787162,0.259460388660797,0.330376678421733,0.281260937888165,0.172124776036519,0.186309612624638,0.13343866276556,0.169438880670455,0.196421700279807,0.228674074924985,0.15727695761007,0.144512395902299,0.295276518561988,0.125962112826373,0.159123698559605,0.273580186925758,0.153825444757293,0.189529159206465,0.300708937316597,0.223662463400471,0.137262796511089,0.201606294758585,0.172716236436798,0.224774573226947,0.238045585554992,0.162034442671932,0.171568984834151,0.120085503581316,0.140918616798746,0.259416230100046,0.132867867972683,0.198063878012984,0.180995384650254,0.149393861387401,0.256099399130916,0.253218597035375,0.131871707067492,0.189609335534375,0.097438706470867,0.163524498589281,0.18824933869355,0.134556245411191,0.160707769168505,0.39657487553529,0.114862984021348,0.404070397695291,0.131674770520536,0.194654241346338,0.169205113147975,0.224285880920807,0.159174392205629,0.297110779873671
"aria",0.159143649800926,0.269565883047408,0.15443111416853,0.137885843878808,0.157083456951224,1,0.118911870521844,0.130192054406793,0.143751447049212,0.144764651680603,0.0739507149422294,0.171720430404133,0.0775145430661596,0.249209261086539,0.228700316587479,0.346865392052062,0.081959749976027,0.253905575106419,0.176508784625865,0.151340390409552,0.161616302117548,0.123179487867272,0.229434745676705,0.190327062491081,0.14255684492461,0.273987190725712,0.169307784871143,0.0821359410140074,0.370203884618169,0.208424117799108,0.239633584682246,0.118529007036803,0.290121141632563,0.157284519086419,0.105281138119973,0.174096338437953,0.0356517528955085,0.195869421017759,0.288050450993808,0.176089372931217,0.105095338647723,0.171512371966713,0.0782903517484016,0.260223558370367,0.158220353217428,0.307391036455381,0.197320681696548,0.174112875716432,0.201434829782497,0.175270799218839,0.133021117551579,0.262028451476131,0.165536273886392,0.314297303825897,0.239046906525759,0.289386660176564,0.293960659954621,0.130060820717213,0.208684402840133,0.155116992252928,0.161005808307343,0.202967252285169,0.185460112459011,0.318872901124114,0.174491542640929,0.29524600558218,0.162778238425474,0.257896382812728,0.213536492120316,0.270464283740232,0.0877175046922241,0.26459473733866,0.15131041739565,0.138023863854908,0.142951732305487,0.141375435164837,0.307222494554464,0.319216160119781,0.200853737891055,0.166858546111761,0.260785416704884,0.275525246093701,0.173637180599151,0.267006413124091,0.160747306103047,0.209725284316088,0.205821200228419,0.15813510690063,0.126677034027187,0.187719243432547,0.0861046600618636,0.109400588274396,0.245491187623656,0.300234273976327,0.193777817293722,0.0906234320014703,0.16896483327818,0.147376820091813
"auristellae",0.221562192049715,0.295194559746859,0.160629552327203,0.366179599785641,0.30499240564272,0.118911870521844,1,0.157552394122516,0.180384029725423,0.144970065646619,0.219594182556844,0.202704026773995,0.289715713460002,0.177240445924901,0.192046624571127,0.153366719155593,0.285599914502247,0.21822214634932,0.168411286591842,0.278261303954513,0.367285550926983,0.158516673407957,0.202036199356719,0.26266887631183,0.151816507988179,0.136809225137791,0.195412216017672,0.211855059057728,0.130099195407407,0.197624958635482,0.189405932904073,0.169784544810592,0.21521150741596,0.161536713658609,0.168059867416223,0.157939041820954,0.168058963763871,0.142890859013229,0.174546462034674,0.149790144301918,0.295771678491704,0.165431141559078,0.179144914489011,0.143784200467237,0.204252104994661,0.17222757816652,0.117204568192621,0.354767430089979,0.133443386131493,0.182154548907232,0.191868439485353,0.170058249598564,0.143996013507978,0.191160670758467,0.178668483879994,0.29752965187399,0.123392704997096,0.152864636143698,0.234361143866629,0.15341090450765,0.21440254682714,0.267792870990495,0.157457187269177,0.167605731878204,0.202543971062026,0.230197680705169,0.169092709656608,0.221695530870668,0.227852525607211,0.204126643843142,0.173953394503479,0.129878927814543,0.176511024463573,0.122166332649041,0.181209408331284,0.303696028456994,0.116786693692814,0.103295110405276,0.19656142726448,0.170706688768852,0.237221990599858,0.196026074080731,0.130300755227137,0.193812184878335,0.108154995889926,0.169327865031898,0.201892387482878,0.131536783912479,0.158537995347563,0.305830147062541,0.126721948082927,0.294920003530603,0.127548112952905,0.180153351996689,0.149093080206696,0.155405523325317,0.150176027908861,0.374990722286187
"bourgonii",0.162923373018829,0.177190641542031,0.119801118655554,0.148640178945764,0.133887362900149,0.130192054406793,0.157552394122516,1,0.140481411386323,0.103732842529558,0.0826237425921446,0.0932316682473575,0.0850152771229869,0.221693311693291,0.154929942998847,0.11488074702517,0.0886971296249638,0.185782699878191,0.146489306263371,0.123694669977317,0.159533106005558,0.129309520515693,0.161794754472092,0.181818132017163,0.15153309458845,0.133460067288801,0.209774022384109,0.0949664586134483,0.13553738926529,0.139919701483809,0.166469276402157,0.108419912795965,0.209690213190867,0.177590621484813,0.116643583517954,0.155747508324853,0.055902569073409,0.164565165912101,0.195606970800345,0.178292173960678,0.0904087420087122,0.223974662065138,0.117080336942011,0.14511012515786,0.114304192553099,0.143474068326278,0.106575537546204,0.120221756977873,0.10730699415503,0.135004078273431,0.118423305240911,0.130513595859926,0.198064294833985,0.170037699450995,0.121536015569117,0.154001779068069,0.121044368027231,0.128991567624242,0.106151021788413,0.122151870940599,0.19306462355738,0.182605511172628,0.157000401058136,0.2159584021137,0.114127056602688,0.17703988383611,0.154166727746674,0.179328488406792,0.13809547491334,0.211963551741659,0.109947114400577,0.12276008752851,0.170614552322626,0.120501988238476,0.139361913514257,0.140320978324085,0.100174970794914,0.138657099220445,0.13049631366796,0.190423673307363,0.129937661369784,0.146124801396053,0.108938884286533,0.149800697348473,0.0979371299710255,0.137806186196884,0.204276234311844,0.102104792255981,0.11588635336608,0.103164425292901,0.104168718549024,0.108816537325211,0.124879878991534,0.153967954504527,0.135729472054739,0.132872101174218,0.102779885139268,0.158360075147681
"brachyrhachis.aff",0.239540391689605,0.191415495140379,0.120115084946514,0.180680244928388,0.181417226661501,0.143751447049212,0.180384029725423,0.140481411386323,1,0.150843144425853,0.0917650220324511,0.128268624645027,0.13562191855652,0.233451347300509,0.226190241977336,0.130959274771157,0.100609724257042,0.177004638099728,0.161284605203351,0.184541205856577,0.209218781477179,0.142693631660363,0.173078348223228,0.171328675025867,0.151037485842429,0.129520378799126,0.191085390548274,0.114376847735984,0.14011957451857,0.174985994351907,0.235107066365183,0.14762961600644,0.184776948656873,0.157611459646794,0.164947652759432,0.152276954083454,0.0728639476445871,0.151255315673029,0.15598680287519,0.142220032868512,0.125811012400281,0.174722079158894,0.144543656584991,0.146279180585931,0.207865859413683,0.164286167959498,0.129934500000754,0.153877549968874,0.156454189382044,0.149600394714734,0.180839391989228,0.175769339411062,0.167887217373202,0.187355682906096,0.145890812336235,0.196494607805016,0.147199680375354,0.159468774976358,0.147054105802015,0.122911360080607,0.165219124119676,0.224219824726633,0.192279336285923,0.177178123944265,0.130244908076478,0.232312962051222,0.208121302555279,0.207826982323998,0.197498278698364,0.215244674652967,0.136593662273708,0.147865235040347,0.185512089536505,0.126564981070611,0.176492514339535,0.176429663506072,0.124544343872452,0.125975185223874,0.199393229686917,0.181143131686056,0.209303067916932,0.184025048787358,0.143031786618399,0.193658537965651,0.111577010088976,0.159011187310899,0.25575035649677,0.119784673462959,0.164403189669635,0.156182789641807,0.116921356630796,0.12584353488418,0.135167838200608,0.184720822548535,0.179411098679439,0.109954165481681,0.115443849346095,0.176788768003951
"brachystachys",0.127536944519636,0.149808615519765,0.108162918147431,0.14881826992895,0.236906761676957,0.144764651680603,0.144970065646619,0.103732842529558,0.150843144425853,1,0.289200595175671,0.266317287299965,0.180441474506573,0.133269514430799,0.183102768881071,0.152516282684991,0.0814526884153519,0.166510392651901,0.124616397138969,0.132097495207329,0.137306128563841,0.108391943307484,0.159233382576462,0.119848860603963,0.0992699683906346,0.292431490575388,0.159158377738011,0.102519252817003,0.125165739798128,0.147776589185155,0.158480929764204,0.361164364892632,0.154551896334604,0.132052688607576,0.310083344726613,0.181686261661482,0.0504299737612698,0.144866729717585,0.116149252031447,0.142609196923859,0.342586548761733,0.135128747666456,0.0919132940727549,0.17537920621105,0.126767929017342,0.164094891897869,0.375358296756874,0.16257583302942,0.285363130052041,0.277184663900636,0.133605490439535,0.13567387219011,0.129574818914984,0.15506575480867,0.157613059121754,0.142662983050416,0.130636139831871,0.109219816359173,0.230327638267123,0.111953797958776,0.146844012828573,0.188546573873297,0.140035646078755,0.135963380162353,0.150169145700783,0.214949732751378,0.171621835707352,0.150912800135362,0.148693847066775,0.163895715809059,0.309787245730062,0.154748323422245,0.185661635986522,0.110377960571652,0.146957371336728,0.123571627835104,0.106679827040344,0.121890177111394,0.192519694475961,0.142626955835103,0.135206061409352,0.200959109339055,0.194181029959638,0.173966587373466,0.145387014707525,0.138730287781079,0.147351957896623,0.134755643504416,0.108091447326679,0.270275200781359,0.0898636671600161,0.257571101820241,0.182065074190173,0.16238840989616,0.120927959125458,0.356803487017619,0.101205763749477,0.137299280059128
"brachystachys.aff",0.114424749725624,0.174230626737612,0.0973848393288313,0.187812773240808,0.257467108508461,0.0739507149422294,0.219594182556844,0.0826237425921446,0.0917650220324511,0.289200595175671,1,0.321406932837949,0.268618766610127,0.0815027090933102,0.0894575589571838,0.109928824299334,0.218486424962312,0.117517586394013,0.0814292315363628,0.12904168764782,0.179708662665177,0.071549379421191,0.120015836594127,0.139809668937773,0.0839719386080421,0.22994079601765,0.0991788435241108,0.16659515283144,0.10262673664993,0.0847058911945676,0.123821395261588,0.291607575058558,0.110583152055955,0.0748048378351721,0.292901723045029,0.0924224191442346,0.234757886338213,0.0932681759426774,0.12505931603583,0.0762477109164393,0.426823047945656,0.0895843255260209,0.114016151444072,0.0737572142261197,0.133088061698948,0.138258955484429,0.28355793216408,0.283431998427547,0.220820232754065,0.255194574118687,0.163269944046548,0.085365285697268,0.0742493694429464,0.132219317181778,0.117763615698838,0.144430505719275,0.0791155445766175,0.102042492049525,0.242368816597311,0.0761531375171403,0.16644213150381,0.190631993083455,0.102394331852582,0.0865664531223861,0.154534674864749,0.136361513417561,0.0872669731868789,0.107372284581376,0.0932589933717707,0.0923490702809321,0.277402493568436,0.0760884503515734,0.101997704944034,0.0745786953004493,0.0941080593819817,0.209200630668862,0.0831809188075512,0.0685095131391793,0.234794020278859,0.0728328704364947,0.166158597890237,0.155010754625465,0.0761410966358422,0.112688742397114,0.0544419981534265,0.13730220738051,0.0981383785432694,0.0851415642860793,0.0980592465351328,0.301877135471099,0.106949584795624,0.361531367596873,0.0868465766362449,0.0796371943376828,0.0814114542686272,0.29374877932355,0.207378927269764,0.195874363763606
"brevialata",0.142314240896506,0.254313609808448,0.126400273473463,0.184509709953959,0.326446981342852,0.171720430404133,0.202704026773995,0.0932316682473575,0.128268624645027,0.266317287299965,0.321406932837949,1,0.304245477758474,0.123106094023203,0.141965171686537,0.231580211342226,0.241283366133117,0.145510853237101,0.11603499610524,0.177135523905307,0.213652570782449,0.106370277721133,0.219414915038848,0.151907878089867,0.111291196946368,0.321077882677979,0.137909399567961,0.458853147314219,0.164465400536893,0.128286644152651,0.18248259424417,0.284783099417816,0.161969414757393,0.110498468843229,0.285156765011947,0.126384887420202,0.316701635665665,0.118874915091198,0.164484187257765,0.123112616145676,0.41185885819875,0.117176736975318,0.111923919924881,0.154339699158538,0.164882135075884,0.217839761215067,0.308562835677691,0.276632216487108,0.306220530620389,0.274633068121024,0.139385158019787,0.185909017372894,0.103982745151979,0.159417141531822,0.236788226020056,0.246213509523515,0.230153339425013,0.101670405851229,0.31431882116977,0.0910073709096973,0.100995294756605,0.179028111687816,0.112362825869034,0.157152242352188,0.197799018445755,0.200668920684029,0.111181922166854,0.171332687015991,0.137078649271291,0.153713408532484,0.264563789281604,0.16702100181817,0.124618670556827,0.0846358908079939,0.104549451669164,0.356170028976632,0.173129640777899,0.139915176332334,0.158824928527569,0.111675141545809,0.219711480723524,0.234250410815572,0.104466907651286,0.199567914269378,0.0861540300175676,0.161954975785009,0.141669746127599,0.111906008901619,0.119837938673304,0.36745904049537,0.080454726694916,0.412406887409109,0.15457920958975,0.184989419243516,0.121459575911786,0.256400659504402,0.160176092858367,0.261300575264241
"brevipes",0.154731148806341,0.166993082174489,0.0991161051978285,0.163977573225902,0.2592349436139,0.0775145430661596,0.289715713460002,0.0850152771229869,0.13562191855652,0.180441474506573,0.268618766610127,0.304245477758474,1,0.114209647482622,0.0988501550367454,0.0955977057842739,0.243659145784479,0.098582760679973,0.0883412958323083,0.228790402590339,0.177977389408262,0.0923780604002564,0.111570652132117,0.118581767298328,0.111402227395327,0.171490157447728,0.105693521531226,0.238855697339937,0.0838032150325351,0.0804216040295335,0.120167591011994,0.251838215670668,0.110595513369424,0.0768814230151862,0.224161643781926,0.114477344630499,0.17974842195878,0.11751389133544,0.107910143809497,0.0890915543466579,0.31261007970499,0.111332386131789,0.167702719224923,0.0771053789622295,0.143158405885517,0.0987399617555752,0.176560841023119,0.196891802729008,0.171431150465941,0.217764558029226,0.138564630660373,0.113330312286755,0.0861903722858632,0.106049251064118,0.140335473708794,0.178787257604215,0.0655682230858633,0.101404533875097,0.290317669416348,0.0791306250269146,0.0861134450762312,0.161954505128019,0.103153979126214,0.0966127762188722,0.125612164590791,0.145569866531928,0.140050548305071,0.100107458142905,0.0967767634696471,0.0948007678523335,0.209151272071674,0.0741374706963892,0.12569941998841,0.0683291146136608,0.0958722703003093,0.189851339457106,0.0717167799053856,0.0540502392645974,0.131861876850676,0.0898431721792033,0.137421244450048,0.141793302109701,0.0756495661908122,0.1146911576767,0.0598054181701388,0.106817486841662,0.129325482628106,0.0683882235355118,0.117935976728982,0.288013629267692,0.117493282234965,0.393517213804843,0.0688905783788656,0.0858320909789053,0.0866646907358837,0.185856311925667,0.123768599610555,0.251664344538017
"capitata12",0.186338061157469,0.21617063348669,0.121744844951022,0.162330496758919,0.169880520995306,0.249209261086539,0.177240445924901,0.221693311693291,0.233451347300509,0.133269514430799,0.0815027090933102,0.123106094023203,0.114209647482622,1,0.204675380650768,0.198302326066593,0.0983308795569996,0.244343386037112,0.225896584661982,0.158732849090236,0.212786425867483,0.14455272835623,0.196358378495574,0.21887927706779,0.195964060519416,0.202846468899884,0.192531923134025,0.106681212368846,0.226376438437604,0.215487979035256,0.23562979894486,0.141633218746462,0.232559385989138,0.187095087402746,0.141310894055453,0.217936875865881,0.0615856365838672,0.212214640100854,0.235089138811881,0.197661765644092,0.105493522710289,0.189530736331104,0.10843140606016,0.212485756916152,0.198366001236375,0.225231864133645,0.135799597845892,0.169776727073746,0.17443662631578,0.178460845738647,0.161302270919188,0.225298646443997,0.341318209411098,0.236591640807893,0.164874556424109,0.197406033736787,0.194654663566936,0.135822328728475,0.138462752762046,0.191628155077116,0.198657099369583,0.199177758363731,0.185596385341266,0.231824250812366,0.141301331366512,0.240427629176567,0.267682382347756,0.237325972592216,0.222591565277851,0.269865199251635,0.130975447538117,0.20418782052739,0.177209506397239,0.138689932221067,0.170430904779519,0.143910233368936,0.165932961620536,0.189263064276922,0.230555490514982,0.212106000944332,0.18788134627103,0.213364526686115,0.178276063386094,0.190367880190016,0.128335628033141,0.18105961936888,0.374976580569568,0.133224668889242,0.144370771484176,0.144394634278195,0.106309851573225,0.124163109544549,0.198400696652653,0.212320848241578,0.209558972881966,0.169853730169904,0.135326607317751,0.139637532857701
"capitata33",0.259187734126822,0.210538796045127,0.159188766637516,0.216151527699887,0.187616472700969,0.228700316587479,0.192046624571127,0.154929942998847,0.226190241977336,0.183102768881071,0.0894575589571838,0.141965171686537,0.0988501550367454,0.204675380650768,1,0.220743690064848,0.0969012387750837,0.303019039344159,0.231137349266775,0.168437922128138,0.214919387760742,0.162153769289883,0.29044139646476,0.241436554136466,0.170986596931345,0.220390647656103,0.222271948905268,0.121145566830055,0.209388985112165,0.203685188243447,0.300563408835008,0.133253961600272,0.26655199072259,0.166662190491493,0.1437197190267,0.187518953068789,0.059865779409545,0.196748804509303,0.178400971087936,0.196201276982125,0.132431148399185,0.199684815988797,0.14828772213655,0.249989653473661,0.190961062896528,0.277265754024461,0.176700477463084,0.197593028126237,0.204308798507295,0.168631454240757,0.189614486510771,0.193900647279229,0.196522305471389,0.24396354882285,0.239270361668791,0.214725391061334,0.296576118756493,0.149121301434212,0.142918269443039,0.172225341125492,0.262788146534188,0.225683515409111,0.231741237200354,0.228761045832767,0.148621048424222,0.270501022660749,0.187104556879756,0.331258689096031,0.215180504711252,0.281490592407264,0.127075227934624,0.313556546638951,0.214318451544512,0.137181092373717,0.180310825686577,0.154544697997642,0.165857191050352,0.18437586742649,0.20398148732742,0.20833293208094,0.196418915257854,0.296465663969636,0.168797833726332,0.247632045193522,0.151934840260946,0.178340328075648,0.222391567674397,0.129919921699984,0.157685807233851,0.155680883034393,0.102949807448748,0.119688213423687,0.199074846663271,0.358624397800302,0.274841339756563,0.113594804521968,0.154202922741583,0.165852578918759
"capitata35",0.183253607738248,0.334161348870054,0.117617692205935,0.174300101066356,0.185474299944669,0.346865392052062,0.153366719155593,0.11488074702517,0.130959274771157,0.152516282684991,0.109928824299334,0.231580211342226,0.0955977057842739,0.198302326066593,0.220743690064848,1,0.107575614194718,0.242890395201353,0.224646328198078,0.186457372939541,0.220456577128694,0.135258426821301,0.246769246569904,0.218137673992821,0.156948968346624,0.353880996229007,0.177163288342057,0.0876099358617154,0.406752192009584,0.267737744444699,0.305922141895329,0.132238995454249,0.294560020647779,0.150414275322129,0.112488086311277,0.240603738509134,0.0508652202706053,0.201721301904638,0.310322300692088,0.192127801245092,0.123815492720854,0.19683740796065,0.0851238438374454,0.289780306499617,0.154764397613889,0.394186710394056,0.209983815013032,0.238686392978943,0.256757659966693,0.191399053285067,0.150364730296009,0.350590961860373,0.182986199071308,0.329735714607864,0.292426846409178,0.30207838303109,0.566191205724447,0.117647138159639,0.244642456577199,0.170514005340698,0.161160186741807,0.230629536939484,0.191230205696766,0.294631042666972,0.170255853008976,0.339114636260797,0.185581618649299,0.281853755707866,0.254690731110479,0.245981833073961,0.125209913632891,0.386826225970312,0.163960163323766,0.170610165298781,0.150062338386477,0.191780666743415,0.411029087537756,0.329869073262173,0.186329737722886,0.148560917118086,0.302166838913712,0.336176847736541,0.238753142709153,0.292820464353514,0.165596191438243,0.245027710336875,0.191977520260818,0.168121259474288,0.149958295930659,0.207645933369068,0.0885986294891705,0.130596576398377,0.32277682471966,0.320202913759762,0.227477066441106,0.106037564204458,0.190708738850245,0.176551982380446
"cayennensis",0.141842127879317,0.189380509749269,0.104009599390146,0.246015055214492,0.235226266771573,0.081959749976027,0.285599914502247,0.0886971296249638,0.100609724257042,0.0814526884153519,0.218486424962312,0.241283366133117,0.243659145784479,0.0983308795569996,0.0969012387750837,0.107575614194718,1,0.110924982138141,0.102256868740652,0.160378284551558,0.195880118463167,0.101731563552977,0.129773183010422,0.133226409764862,0.105601694846972,0.0900185970480653,0.112864563516913,0.306196144563793,0.0990312180562275,0.0896026946970895,0.120600359061396,0.128135858618317,0.126594495194054,0.084480250439656,0.121708208306507,0.0982981377308933,0.244690654585248,0.111363630988509,0.134196887922395,0.0963708265959266,0.248030858418368,0.1047144201347,0.126340197218983,0.0895079184832281,0.132294201146198,0.117301292177849,0.0903637487146393,0.222382333320683,0.0839736338135523,0.123820049648268,0.120405637473178,0.112170400372275,0.092779763400718,0.114061967064486,0.142583417060596,0.188490602085249,0.0751999351050407,0.105680900139318,0.150589946531634,0.080651689021132,0.093660980139147,0.143915492659723,0.111185800821638,0.107147409133206,0.159789394819475,0.157128295530675,0.105798978690205,0.116823349117803,0.105243427544553,0.109475528386016,0.110545545883273,0.0874876932400713,0.122453929320636,0.0852605946170057,0.105395501069096,0.212194307901596,0.0829297859475064,0.0772762462698557,0.134961535796712,0.0896094354436618,0.160998355874575,0.118968354797491,0.0778642616727317,0.122774655852808,0.0671418843757549,0.112463545963616,0.107928945328772,0.0913330003706411,0.113029749645055,0.318622360494977,0.0823493473709953,0.348500933938176,0.0733186031084964,0.0920915244687559,0.0890475309856133,0.106170672775735,0.11378758270697,0.353794183798053
"chartacea",0.227193402372143,0.255520460148147,0.150915738853999,0.222166494700263,0.228241185921338,0.253905575106419,0.21822214634932,0.185782699878191,0.177004638099728,0.166510392651901,0.117517586394013,0.145510853237101,0.098582760679973,0.244343386037112,0.303019039344159,0.242890395201353,0.110924982138141,1,0.178006737590897,0.180662250691016,0.230113393815121,0.172811355994981,0.267500854008033,0.251175955659684,0.184163388461461,0.240451636570843,0.231599342399053,0.126331470099993,0.252192018341887,0.244438845852432,0.299689488448675,0.147414175445236,0.315114059999159,0.18822166314275,0.160339144692424,0.193813272618702,0.0611415125285217,0.203466217688335,0.223602826974884,0.190826273877477,0.149335159759533,0.220045912003774,0.124573736361442,0.241978704054579,0.215871281881306,0.303744296859067,0.160820361434739,0.215333229530858,0.219359065850518,0.210825122290155,0.180053664462622,0.213570014126446,0.206407824436809,0.249383498785996,0.240341672764442,0.229356426752115,0.243824644390921,0.170589785937809,0.185060100900292,0.173059314793098,0.208161573525862,0.254010049273616,0.238983717092641,0.350725658706176,0.177664428389993,0.322429687452677,0.199381080058748,0.341714925157969,0.253910461760284,0.314870842095861,0.143883082349594,0.232364388435678,0.202561663215059,0.159986302219662,0.204305677011729,0.209782276155929,0.206447169923658,0.194636214839376,0.228476853901464,0.223297658467868,0.217543445341361,0.318635943026473,0.188979578553893,0.276516397152037,0.159888221302025,0.215479833310922,0.226030746080872,0.150244840471614,0.177897068972074,0.183537757980309,0.127465093752419,0.132838138982202,0.207049944018974,0.273887026283955,0.23973803770799,0.114825436380321,0.196687374200197,0.190813670308481
"cinnamomea",0.215822596692604,0.201064850491339,0.109817728329719,0.15889753033212,0.154793769008803,0.176508784625865,0.168411286591842,0.146489306263371,0.161284605203351,0.124616397138969,0.0814292315363628,0.11603499610524,0.0883412958323083,0.225896584661982,0.231137349266775,0.224646328198078,0.102256868740652,0.178006737590897,1,0.151427951116816,0.186213765092653,0.140670794090529,0.194390214783101,0.166022871061245,0.180164541586444,0.200627350032659,0.209340042386751,0.0934601070692723,0.212659765131214,0.208254372230966,0.232612092180134,0.137076870222347,0.226044421707085,0.167374209270465,0.120222190854084,0.218727536968527,0.0597934871241814,0.197379255469373,0.193076473697581,0.155922717165362,0.105387764468108,0.174127191557414,0.112361558739466,0.214527261921649,0.145524137396822,0.22280588546746,0.137734275897829,0.162494988365726,0.15109141348322,0.141878710925355,0.157337911613106,0.202879240269249,0.18526581170883,0.246867778887318,0.154409836974027,0.233679510859737,0.286310020263644,0.117098649510566,0.138569504097873,0.181032396646935,0.16359468662937,0.206962073844042,0.165589354089817,0.180446220095531,0.135340545932315,0.211556610794971,0.162223307712639,0.229934361095085,0.237517955866465,0.200843190662727,0.120338588049826,0.28922550375262,0.165249147442772,0.190424388973051,0.169135052451055,0.126793403758842,0.155949295613507,0.230083203711482,0.175337877260209,0.277474073840351,0.157290901561109,0.185356853562938,0.185265724469355,0.175589482129879,0.137630160437717,0.137958367405163,0.208412084955934,0.114366267725913,0.175288355464209,0.129213448192665,0.0966697342322807,0.143436288356805,0.201877550942316,0.326317199673451,0.369753760517121,0.13796342220998,0.0951085478301333,0.127364187108054
"cocleensis",0.206959003060223,0.240114518024128,0.13147401329657,0.197549093534671,0.302913146953126,0.151340390409552,0.278261303954513,0.123694669977317,0.184541205856577,0.132097495207329,0.12904168764782,0.177135523905307,0.228790402590339,0.158732849090236,0.168437922128138,0.186457372939541,0.160378284551558,0.180662250691016,0.151427951116816,1,0.228732769623812,0.128294810867118,0.19617040677439,0.165823109486967,0.151654302261631,0.161440443914803,0.192963216263916,0.161000132221384,0.146987537861138,0.176980678292152,0.195940489649434,0.145678540288247,0.190411355332459,0.122576643446844,0.151766569931552,0.186425757712402,0.139412690413527,0.185913760950282,0.164898166210443,0.123772412765255,0.173943347609678,0.15158043602227,0.149224380708728,0.149160213034411,0.173486620581731,0.18027031665172,0.122383773386904,0.250914632749956,0.331273884781506,0.143451019709963,0.164707760829586,0.157042778979581,0.136579517686696,0.237127848700775,0.212618985564069,0.216278078881754,0.169929087589322,0.143655322120643,0.223782374355061,0.179524572810365,0.127051794923096,0.253977339967601,0.151062017964591,0.164762910819691,0.148092892191006,0.228400085932021,0.159496789717331,0.17643037863031,0.185934790864049,0.191134634658243,0.128601023222375,0.16199657259022,0.178548573624246,0.107906427971749,0.128488371523021,0.227789708630486,0.11950985075397,0.125915519581075,0.212639199124183,0.198189576149769,0.195210567476457,0.195318962092563,0.115996934269714,0.182847132208467,0.100020988442908,0.160817498718694,0.181260624647123,0.177641307438717,0.180267730668963,0.205578843772594,0.0965128024141081,0.240101036707328,0.145794681599236,0.183470727852695,0.17495546585733,0.140266421597072,0.137084146340832,0.209930642555918
"cordatoalata",0.244029952468981,0.295097638030993,0.166005896780039,0.289604906614639,0.252910974245134,0.161616302117548,0.367285550926983,0.159533106005558,0.209218781477179,0.137306128563841,0.179708662665177,0.213652570782449,0.177977389408262,0.212786425867483,0.214919387760742,0.220456577128694,0.195880118463167,0.230113393815121,0.186213765092653,0.228732769623812,1,0.149942691656265,0.245991456314156,0.254092661871199,0.177600966144965,0.203136780662235,0.229028773515557,0.182799023767178,0.197413307202583,0.201018542227903,0.242341089002173,0.166269208703822,0.245864162090822,0.177094914495435,0.159222112563352,0.186216207412882,0.143458407063959,0.174774955445148,0.236189078013346,0.189363076383251,0.227764894650907,0.226401683910716,0.153933111534292,0.195482432087801,0.216052577068629,0.237402273231116,0.169148366604096,0.303243881873554,0.179516832037531,0.221462008881247,0.220972127460511,0.214883466016108,0.189388874554719,0.242466892859262,0.259841682911276,0.345187774854904,0.214079457125787,0.153276315654514,0.219448298863085,0.161900517123866,0.188179427700753,0.25677355645954,0.195577596401538,0.224771652962636,0.225415782647481,0.281399286920858,0.173545902878693,0.252011390128339,0.247239033241674,0.221883422000983,0.192353361684298,0.229652610678897,0.234136966288852,0.133543488384775,0.172090429273298,0.289717909463718,0.189170767861937,0.165076029050048,0.230701626303748,0.197915159054457,0.289532678684061,0.260829947121898,0.14307739315602,0.254290098195802,0.144919296753145,0.252949236758809,0.250434235621748,0.181604276928047,0.174979789994651,0.237503630018246,0.127158822914695,0.273044438802248,0.192924724680947,0.232616190715859,0.213442121422221,0.151545957906305,0.225838409541804,0.256319983414836
"coruscans",0.19152995421325,0.154120187654322,0.114348135764217,0.180013161386495,0.146154649966522,0.123179487867272,0.158516673407957,0.129309520515693,0.142693631660363,0.108391943307484,0.071549379421191,0.106370277721133,0.0923780604002564,0.14455272835623,0.162153769289883,0.135258426821301,0.101731563552977,0.172811355994981,0.140670794090529,0.128294810867118,0.149942691656265,1,0.139058042218449,0.15700381496317,0.163577685733188,0.136536952186233,0.158454476106107,0.10583254882124,0.118513658545025,0.14007426016071,0.150867991033449,0.128763021416052,0.174239595682186,0.147944249930678,0.133165568558654,0.136994082524545,0.0778121897238039,0.126492967671494,0.133799205660165,0.145803006671492,0.105715686120908,0.197273477150915,0.101575336999465,0.132816270039173,0.121270034214469,0.15410935755396,0.104545782474439,0.106466272543716,0.113245300957128,0.155695593038258,0.122780036100784,0.178010031537731,0.145493288510587,0.15526309382562,0.134424546930632,0.154172236243807,0.0985892805518322,0.123825755792659,0.135443690113296,0.111645839304477,0.164677932891572,0.15867341430783,0.165400194229933,0.137787063121917,0.101037411058891,0.163793106937356,0.190461725784809,0.163094201342662,0.117654173687204,0.175759109048654,0.134390644492332,0.108405672625561,0.129725244615036,0.111940082984158,0.160913024358929,0.146543193472901,0.107548579930915,0.106516999075134,0.120433836963047,0.153159866631387,0.14643758150378,0.164893647781572,0.113067273788315,0.144038408802911,0.090159515236382,0.137714878869813,0.15241903853006,0.0984421775782775,0.116029761799872,0.125754730170557,0.0950847291633809,0.101299160145208,0.0958113618365159,0.14098530498295,0.137157794618679,0.0909250912255211,0.0926883831576751,0.141132440978649
